1 43 1
1 60 1
1 92 1
1 186 1
1 252 1
2 167 1
3 49 1
3 187 1
3 191 1
3 212 1
3 223 1
3 233 1
4 234 1
5 137 1
5 159 1
5 184 1
5 220 1
5 228 1
6 216 1
7 16 1
7 40 1
7 51 1
7 106 1
7 130 1
7 173 1
8 172 1
9 14 1
9 98 1
9 156 1
9 167 1
9 250 1
10 138 1
11 28 1
11 112 1
11 187 1
11 210 1
11 245 1
11 249 1
12 148 1
13 4 1
13 20 1
13 151 1
13 230 1
13 247 1
14 171 1
15 73 1
15 152 1
15 160 1
15 165 1
15 221 1
15 238 1
16 159 1
17 50 1
17 129 1
17 136 1
17 179 1
17 180 1
18 25 1
19 30 1
19 73 1
19 154 1
19 232 1
19 244 1
19 251 1
20 78 1
21 143 1
21 146 1
21 170 1
21 217 1
21 246 1
22 250 1
23 8 1
23 60 1
23 86 1
23 183 1
23 184 1
23 246 1
24 160 1
25 37 1
25 133 1
25 178 1
26 110 1
27 20 1
27 62 1
27 197 1
27 214 1
28 181 1
29 15 1
29 19 1
29 33 1
29 170 1
29 204 1
29 206 1
30 144 1
31 104 1
31 128 1
31 152 1
31 242 1
32 127 1
33 24 1
34 150 1
34 210 1
34 237 1
35 102 1
36 81 1
37 24 1
37 226 1
38 163 1
39 144 1
40 229 1
41 2 1
41 58 1
41 59 1
41 64 1
41 79 1
41 103 1
41 130 1
41 146 1
41 155 1
41 164 1
41 193 1
41 195 1
41 222 1
41 223 1
42 192 1
42 241 1
43 151 1
44 1 1
44 199 1
44 208 1
45 235 1
46 239 1
47 13 1
47 155 1
47 224 1
48 84 1
49 161 1
50 26 1
50 54 1
51 83 1
52 103 1
53 161 1
54 22 1
54 46 1
54 138 1
54 145 1
54 227 1
55 54 1
55 131 1
56 97 1
57 63 1
57 181 1
57 204 1
58 50 1
59 100 1
60 17 1
60 52 1
60 240 1
61 111 1
62 66 1
63 192 1
63 226 1
64 74 1
65 239 1
66 165 1
67 3 1
67 172 1
67 193 1
67 221 1
67 239 1
68 109 1
68 147 1
69 30 1
70 34 1
70 162 1
70 168 1
71 208 1
72 251 1
73 29 1
73 171 1
73 180 1
73 220 1
74 114 1
75 123 1
76 149 1
77 149 1
77 232 1
77 247 1
78 27 1
78 157 1
78 216 1
79 115 1
80 68 1
81 170 1
82 6 1
82 70 1
83 10 1
84 188 1
84 219 1
85 173 1
85 174 1
86 93 1
87 236 1
88 158 1
89 57 1
89 231 1
90 176 1
91 37 1
91 175 1
92 177 1
92 235 1
93 128 1
94 6 1
95 197 1
96 122 1
96 252 1
97 174 1
98 139 1
98 186 1
99 158 1
99 195 1
100 245 1
101 143 1
102 200 1
103 18 1
103 89 1
104 214 1
105 121 1
105 191 1
106 234 1
106 236 1
107 10 1
108 87 1
109 4 1
110 77 1
110 162 1
111 213 1
112 218 1
113 65 1
114 249 1
115 125 1
116 16 1
117 166 1
118 202 1
119 12 1
120 175 1
121 240 1
122 22 1
123 136 1
124 56 1
125 67 1
126 199 1
127 177 1
128 32 1
129 94 1
130 190 1
131 53 1
132 179 1
133 18 1
134 96 1
135 215 1
136 75 1
137 237 1
138 168 1
139 39 1
140 38 1
141 218 1
142 5 1
143 191 1
144 35 1
145 150 1
146 96 1
147 188 1
148 55 1
149 206 1
150 31 1
151 42 1
152 166 1
153 135 1
154 91 1
155 108 1
156 120 1
157 241 1
158 221 1
159 235 1
160 173 1
161 69 1
162 176 1
163 2 1
164 85 1
165 67 1
166 219 1
167 163 1
168 14 1
169 21 1
169 77 1
169 89 1
169 117 1
169 238 1
170 36 1
170 147 1
170 169 1
170 185 1
170 242 1
171 95 1
172 23 1
172 71 1
172 189 1
172 213 1
173 34 1
174 244 1
175 170 1
176 110 1
177 215 1
178 61 1
179 171 1
180 248 1
181 11 1
182 101 1
183 88 1
184 213 1
185 166 1
186 9 1
187 148 1
188 26 1
189 212 1
190 168 1
191 222 1
192 219 1
193 82 1
194 185 1
195 200 1
196 179 1
197 230 1
198 233 1
199 217 1
200 183 1
201 48 1
202 248 1
203 8 1
204 157 1
205 107 1
206 178 1
207 227 1
208 224 1
209 231 1
210 225 1
211 190 1
212 114 1
213 228 1
214 99 1
214 122 1
214 145 1
215 153 1
216 47 1
217 44 1
217 154 1
217 202 1
218 225 1
219 63 1
220 119 1
220 164 1
220 218 1
221 200 1
222 185 1
222 243 1
223 32 1
224 12 1
225 105 1
226 216 1
227 28 1
228 72 1
229 237 1
230 47 1
231 171 1
232 120 1
233 76 1
234 215 1
235 167 1
236 173 1
237 182 1
238 153 1
239 113 1
241 224 1
242 81 1
243 80 1
244 112 1
245 141 1
245 229 1
246 7 1
246 182 1
247 169 1
247 234 1
248 45 1
248 243 1
249 212 1
250 90 1
251 189 1
252 156 1
