1 11 1
1 12 1
1 27 1
1 46 1
1 155 1
2 149 1
3 73 1
3 83 1
3 121 1
3 163 1
3 183 1
3 233 1
4 234 1
5 96 1
5 97 1
5 170 1
5 189 1
5 223 1
6 20 1
7 1 1
7 22 1
7 43 1
7 53 1
7 57 1
7 197 1
8 168 1
9 26 1
9 81 1
9 153 1
9 171 1
9 216 1
10 206 1
11 2 1
11 30 1
11 123 1
11 188 1
11 200 1
11 216 1
12 95 1
13 2 1
13 14 1
13 61 1
13 71 1
13 148 1
14 225 1
15 90 1
15 112 1
15 120 1
15 167 1
15 169 1
15 184 1
16 113 1
17 24 1
17 125 1
17 151 1
17 193 1
17 246 1
18 64 1
19 4 1
19 18 1
19 80 1
19 122 1
19 138 1
19 214 1
20 181 1
21 13 1
21 50 1
21 70 1
21 235 1
21 245 1
22 215 1
23 21 1
23 33 1
23 74 1
23 155 1
23 177 1
23 190 1
24 200 1
25 130 1
25 171 1
25 189 1
26 246 1
27 7 1
27 144 1
27 187 1
27 204 1
28 144 1
29 48 1
29 55 1
29 168 1
29 179 1
29 204 1
29 238 1
30 23 1
31 128 1
31 153 1
31 243 1
31 249 1
32 143 1
33 160 1
34 39 1
34 162 1
34 190 1
35 110 1
36 237 1
37 72 1
37 120 1
38 191 1
39 178 1
40 158 1
41 6 1
41 8 1
41 16 1
41 44 1
41 67 1
41 105 1
41 149 1
41 180 1
41 192 1
41 212 1
41 235 1
41 237 1
41 240 1
41 252 1
42 17 1
42 92 1
43 174 1
44 24 1
44 170 1
44 176 1
45 173 1
46 164 1
47 131 1
47 154 1
47 185 1
48 146 1
49 88 1
50 135 1
50 222 1
51 212 1
52 239 1
53 182 1
54 84 1
54 147 1
54 175 1
54 210 1
54 244 1
55 147 1
55 157 1
56 133 1
57 42 1
57 150 1
57 213 1
58 5 1
59 213 1
60 200 1
60 227 1
60 231 1
61 218 1
62 85 1
63 114 1
63 210 1
64 28 1
65 218 1
66 60 1
67 38 1
67 89 1
67 161 1
67 167 1
67 185 1
68 110 1
68 193 1
69 119 1
70 111 1
70 183 1
70 226 1
71 163 1
72 82 1
73 9 1
73 31 1
73 219 1
73 241 1
74 239 1
75 10 1
76 161 1
77 56 1
77 235 1
77 252 1
78 8 1
78 221 1
78 231 1
79 187 1
80 68 1
81 212 1
82 37 1
82 158 1
83 49 1
84 216 1
84 221 1
85 197 1
85 234 1
86 202 1
87 156 1
88 240 1
89 171 1
89 250 1
90 136 1
91 14 1
91 247 1
92 76 1
92 195 1
93 224 1
94 89 1
95 54 1
96 58 1
96 63 1
97 227 1
98 223 1
98 244 1
99 236 1
99 239 1
100 228 1
101 172 1
102 98 1
103 37 1
103 59 1
104 60 1
105 109 1
105 242 1
106 26 1
106 202 1
107 176 1
108 32 1
109 249 1
110 208 1
110 230 1
111 79 1
112 91 1
113 167 1
114 172 1
115 117 1
116 199 1
117 188 1
118 154 1
119 169 1
120 107 1
121 145 1
122 224 1
123 215 1
124 221 1
125 127 1
126 137 1
127 45 1
128 86 1
129 180 1
130 35 1
131 230 1
132 237 1
133 77 1
134 238 1
135 173 1
136 25 1
137 93 1
138 241 1
139 160 1
140 164 1
141 195 1
142 99 1
143 186 1
144 220 1
145 100 1
146 229 1
147 232 1
148 234 1
149 19 1
150 173 1
151 168 1
152 34 1
153 73 1
154 166 1
155 192 1
156 69 1
157 102 1
158 199 1
159 152 1
160 242 1
161 29 1
162 106 1
163 229 1
164 87 1
165 103 1
166 228 1
167 94 1
168 214 1
169 47 1
169 52 1
169 143 1
169 175 1
169 177 1
170 10 1
170 16 1
170 141 1
170 191 1
170 225 1
171 67 1
172 4 1
172 63 1
172 220 1
172 232 1
173 50 1
174 157 1
175 138 1
176 112 1
177 6 1
178 217 1
179 159 1
180 54 1
181 136 1
182 78 1
183 171 1
184 96 1
185 130 1
186 32 1
187 15 1
188 66 1
189 146 1
190 30 1
191 218 1
192 226 1
193 103 1
194 215 1
195 170 1
196 213 1
197 233 1
198 181 1
199 245 1
200 108 1
201 34 1
202 104 1
203 101 1
204 174 1
205 250 1
206 75 1
207 182 1
208 151 1
209 243 1
210 236 1
211 139 1
212 217 1
213 170 1
214 159 1
214 165 1
214 184 1
215 248 1
216 219 1
217 77 1
217 81 1
217 148 1
218 251 1
219 65 1
220 36 1
220 166 1
220 179 1
221 62 1
222 173 1
222 247 1
223 206 1
224 150 1
225 179 1
226 12 1
227 162 1
228 145 1
229 3 1
230 47 1
231 251 1
232 28 1
233 178 1
234 222 1
235 186 1
236 114 1
237 219 1
238 156 1
239 248 1
241 152 1
242 165 1
243 185 1
244 40 1
245 51 1
245 129 1
246 128 1
246 166 1
247 208 1
247 224 1
248 22 1
248 122 1
249 20 1
250 18 1
251 191 1
252 115 1
