1 7 1
1 26 1
1 178 1
1 197 1
1 208 1
2 169 1
3 96 1
3 158 1
3 166 1
3 235 1
3 243 1
3 250 1
4 70 1
5 81 1
5 153 1
5 163 1
5 183 1
5 219 1
6 136 1
7 63 1
7 114 1
7 128 1
7 144 1
7 156 1
7 200 1
8 145 1
9 2 1
9 17 1
9 38 1
9 88 1
9 237 1
10 213 1
11 20 1
11 28 1
11 67 1
11 173 1
11 223 1
11 227 1
12 226 1
13 161 1
13 190 1
13 216 1
13 220 1
13 246 1
14 188 1
15 58 1
15 154 1
15 167 1
15 183 1
15 223 1
15 245 1
16 104 1
17 171 1
17 181 1
17 188 1
17 239 1
17 248 1
18 214 1
19 6 1
19 29 1
19 109 1
19 162 1
19 170 1
19 227 1
20 171 1
21 13 1
21 94 1
21 148 1
21 158 1
21 251 1
22 229 1
23 45 1
23 103 1
23 139 1
23 191 1
23 206 1
23 234 1
24 248 1
25 135 1
25 238 1
25 250 1
26 231 1
27 44 1
27 155 1
27 189 1
27 190 1
28 114 1
29 32 1
29 61 1
29 164 1
29 167 1
29 184 1
29 192 1
30 120 1
31 57 1
31 74 1
31 91 1
31 246 1
32 171 1
33 214 1
34 9 1
34 30 1
34 170 1
35 24 1
36 218 1
37 34 1
37 230 1
38 81 1
39 112 1
40 242 1
41 12 1
41 14 1
41 43 1
41 48 1
41 51 1
41 77 1
41 110 1
41 138 1
41 146 1
41 167 1
41 186 1
41 197 1
41 217 1
41 219 1
42 100 1
42 111 1
43 212 1
44 78 1
44 204 1
44 218 1
45 120 1
46 242 1
47 155 1
47 165 1
47 202 1
48 62 1
49 166 1
50 157 1
50 244 1
51 67 1
52 60 1
53 150 1
54 32 1
54 168 1
54 195 1
54 238 1
54 241 1
55 20 1
55 54 1
56 34 1
57 50 1
57 149 1
57 234 1
58 117 1
59 174 1
60 131 1
60 151 1
60 164 1
61 149 1
62 108 1
63 56 1
63 180 1
64 60 1
65 79 1
66 47 1
67 76 1
67 99 1
67 229 1
67 251 1
67 252 1
68 73 1
68 175 1
69 6 1
70 22 1
70 103 1
70 210 1
71 187 1
72 208 1
73 18 1
73 55 1
73 145 1
73 215 1
74 185 1
75 133 1
76 173 1
77 82 1
77 151 1
77 153 1
78 27 1
78 35 1
78 136 1
79 49 1
80 193 1
81 148 1
82 123 1
82 159 1
83 243 1
84 221 1
84 228 1
85 39 1
85 92 1
86 239 1
87 187 1
88 3 1
89 50 1
89 225 1
90 173 1
91 128 1
91 225 1
92 221 1
92 232 1
93 152 1
94 169 1
95 36 1
96 80 1
96 195 1
97 189 1
98 23 1
98 178 1
99 1 1
99 105 1
100 166 1
101 28 1
102 14 1
103 11 1
103 180 1
104 206 1
105 212 1
105 215 1
106 168 1
106 193 1
107 33 1
108 191 1
109 235 1
110 113 1
110 119 1
111 233 1
112 85 1
113 161 1
114 199 1
115 146 1
116 26 1
117 216 1
118 24 1
119 252 1
120 42 1
121 222 1
122 226 1
123 143 1
124 150 1
125 244 1
126 213 1
127 40 1
128 162 1
129 228 1
130 8 1
131 216 1
132 69 1
133 160 1
134 46 1
135 185 1
136 141 1
137 5 1
138 107 1
139 147 1
140 115 1
141 233 1
142 86 1
143 65 1
144 4 1
145 53 1
146 4 1
147 63 1
148 220 1
149 31 1
150 177 1
151 184 1
152 234 1
153 19 1
154 179 1
155 73 1
156 84 1
157 112 1
158 87 1
159 18 1
160 174 1
161 110 1
162 210 1
163 168 1
164 200 1
165 66 1
166 240 1
167 16 1
168 245 1
169 22 1
169 30 1
169 179 1
169 222 1
169 249 1
170 37 1
170 71 1
170 122 1
170 182 1
170 239 1
171 54 1
172 90 1
172 97 1
172 144 1
172 249 1
173 8 1
174 156 1
175 232 1
176 202 1
177 95 1
178 165 1
179 192 1
180 101 1
181 177 1
182 247 1
183 191 1
184 237 1
185 10 1
186 199 1
187 236 1
188 185 1
189 172 1
190 130 1
191 15 1
192 236 1
193 143 1
194 171 1
195 93 1
196 129 1
197 213 1
198 106 1
199 130 1
200 170 1
201 37 1
202 152 1
203 72 1
204 176 1
205 96 1
206 16 1
207 170 1
208 121 1
209 172 1
210 125 1
211 77 1
212 25 1
213 217 1
214 75 1
214 138 1
214 159 1
215 2 1
216 98 1
217 10 1
217 137 1
217 224 1
218 83 1
219 59 1
220 21 1
220 127 1
220 154 1
221 219 1
222 89 1
222 186 1
223 175 1
224 235 1
225 181 1
226 204 1
227 102 1
228 173 1
229 47 1
230 221 1
231 224 1
232 247 1
233 160 1
234 215 1
235 231 1
236 179 1
237 176 1
238 212 1
239 52 1
241 240 1
242 157 1
243 218 1
244 89 1
245 147 1
245 163 1
246 68 1
246 122 1
247 200 1
247 241 1
248 182 1
248 230 1
249 12 1
250 224 1
251 64 1
252 237 1
