1 24 1
1 28 1
1 94 1
1 109 1
1 251 1
2 166 1
3 32 1
3 105 1
3 114 1
3 151 1
3 187 1
3 199 1
4 87 1
5 76 1
5 166 1
5 180 1
5 240 1
5 252 1
6 92 1
7 12 1
7 14 1
7 37 1
7 67 1
7 176 1
7 193 1
8 145 1
9 18 1
9 54 1
9 193 1
9 228 1
9 250 1
10 184 1
11 53 1
11 135 1
11 138 1
11 173 1
11 225 1
11 231 1
12 204 1
13 11 1
13 23 1
13 169 1
13 170 1
13 241 1
14 217 1
15 10 1
15 43 1
15 62 1
15 180 1
15 216 1
15 223 1
16 2 1
17 110 1
17 121 1
17 200 1
17 213 1
17 239 1
18 115 1
19 26 1
19 55 1
19 64 1
19 88 1
19 93 1
19 246 1
20 215 1
21 14 1
21 131 1
21 146 1
21 153 1
21 222 1
22 217 1
23 168 1
23 173 1
23 190 1
23 200 1
23 225 1
23 235 1
24 38 1
25 191 1
25 208 1
25 221 1
26 73 1
27 5 1
27 120 1
27 163 1
27 172 1
28 100 1
29 44 1
29 147 1
29 156 1
29 162 1
29 216 1
29 222 1
30 238 1
31 2 1
31 178 1
31 188 1
31 251 1
32 227 1
33 223 1
34 6 1
34 77 1
34 95 1
35 112 1
36 130 1
37 171 1
37 212 1
38 173 1
39 231 1
40 1 1
41 16 1
41 34 1
41 49 1
41 74 1
41 107 1
41 133 1
41 141 1
41 160 1
41 175 1
41 179 1
41 186 1
41 233 1
41 234 1
41 250 1
42 111 1
42 163 1
43 170 1
44 4 1
44 144 1
44 243 1
45 48 1
46 176 1
47 144 1
47 156 1
47 200 1
48 3 1
49 164 1
50 22 1
50 143 1
51 175 1
52 61 1
53 224 1
54 148 1
54 232 1
54 246 1
54 249 1
54 252 1
55 183 1
55 202 1
56 150 1
57 32 1
57 89 1
57 182 1
58 228 1
59 45 1
60 7 1
60 83 1
60 197 1
61 212 1
62 112 1
63 12 1
63 224 1
64 138 1
65 19 1
66 86 1
67 60 1
67 125 1
67 139 1
67 186 1
67 221 1
68 54 1
68 210 1
69 235 1
70 20 1
70 26 1
70 75 1
71 244 1
72 34 1
73 96 1
73 122 1
73 152 1
73 214 1
74 63 1
75 117 1
76 82 1
77 167 1
77 171 1
77 179 1
78 17 1
78 215 1
78 219 1
79 158 1
80 240 1
81 30 1
82 81 1
82 202 1
83 245 1
84 20 1
84 80 1
85 24 1
85 29 1
86 89 1
87 221 1
88 242 1
89 66 1
89 195 1
90 157 1
91 154 1
91 170 1
92 101 1
92 224 1
93 160 1
94 238 1
95 72 1
96 108 1
96 128 1
97 204 1
98 9 1
98 171 1
99 79 1
99 155 1
100 229 1
101 153 1
102 58 1
103 128 1
103 249 1
104 152 1
105 174 1
105 247 1
106 143 1
106 242 1
107 206 1
108 113 1
109 25 1
110 37 1
110 179 1
111 185 1
112 73 1
113 103 1
114 167 1
115 190 1
116 31 1
117 165 1
118 158 1
119 234 1
120 244 1
121 208 1
122 226 1
123 149 1
124 47 1
125 220 1
126 149 1
127 219 1
128 239 1
129 91 1
130 155 1
131 28 1
132 189 1
133 185 1
134 191 1
135 165 1
136 183 1
137 215 1
138 96 1
139 247 1
140 218 1
141 166 1
142 27 1
143 173 1
144 229 1
145 102 1
146 218 1
147 167 1
148 63 1
149 212 1
150 197 1
151 85 1
152 56 1
153 69 1
154 239 1
155 81 1
156 22 1
157 192 1
158 6 1
159 220 1
160 145 1
161 120 1
162 136 1
163 60 1
164 130 1
165 188 1
166 50 1
167 172 1
168 227 1
169 10 1
169 36 1
169 46 1
169 70 1
169 236 1
170 15 1
170 30 1
170 84 1
170 185 1
170 237 1
171 181 1
172 77 1
172 114 1
172 147 1
172 177 1
173 106 1
174 123 1
175 199 1
176 8 1
177 162 1
178 119 1
179 57 1
180 210 1
181 151 1
182 99 1
183 65 1
184 169 1
185 146 1
186 78 1
187 33 1
188 122 1
189 127 1
190 234 1
191 243 1
192 237 1
193 219 1
194 237 1
195 137 1
196 177 1
197 168 1
198 68 1
199 104 1
200 164 1
201 161 1
202 171 1
203 174 1
204 161 1
205 213 1
206 187 1
207 16 1
208 157 1
209 110 1
210 232 1
211 42 1
212 52 1
213 39 1
214 51 1
214 150 1
214 236 1
215 168 1
216 35 1
217 21 1
217 50 1
217 191 1
218 206 1
219 245 1
220 18 1
220 67 1
220 71 1
221 4 1
222 90 1
222 98 1
223 8 1
224 230 1
225 13 1
226 182 1
227 154 1
228 241 1
229 47 1
230 181 1
231 213 1
232 103 1
233 192 1
234 136 1
235 214 1
236 235 1
237 233 1
238 159 1
239 178 1
241 129 1
242 195 1
243 97 1
244 248 1
245 148 1
245 170 1
246 159 1
246 248 1
247 218 1
247 226 1
248 40 1
248 216 1
249 189 1
250 59 1
251 184 1
252 230 1
