1 58 1
1 103 1
1 129 1
1 179 1
1 210 1
2 186 1
3 106 1
3 130 1
3 164 1
3 183 1
3 228 1
3 241 1
4 224 1
5 1 1
5 120 1
5 174 1
5 181 1
5 252 1
6 195 1
7 62 1
7 127 1
7 143 1
7 165 1
7 192 1
7 206 1
8 197 1
9 36 1
9 81 1
9 147 1
9 170 1
9 210 1
10 3 1
11 10 1
11 14 1
11 67 1
11 77 1
11 190 1
11 248 1
12 170 1
13 49 1
13 111 1
13 114 1
13 219 1
13 235 1
14 119 1
15 10 1
15 40 1
15 96 1
15 145 1
15 152 1
15 237 1
16 249 1
17 4 1
17 96 1
17 168 1
17 170 1
17 234 1
18 110 1
19 125 1
19 128 1
19 171 1
19 173 1
19 225 1
19 243 1
20 6 1
21 34 1
21 120 1
21 146 1
21 166 1
21 240 1
22 175 1
23 44 1
23 73 1
23 82 1
23 149 1
23 171 1
23 222 1
24 80 1
25 84 1
25 128 1
25 157 1
26 7 1
27 171 1
27 233 1
27 235 1
27 241 1
28 233 1
29 28 1
29 89 1
29 157 1
29 161 1
29 214 1
29 237 1
30 168 1
31 12 1
31 83 1
31 146 1
31 163 1
32 11 1
33 30 1
34 152 1
34 161 1
34 179 1
35 15 1
36 155 1
37 139 1
37 147 1
38 218 1
39 245 1
40 16 1
41 67 1
41 89 1
41 114 1
41 136 1
41 176 1
41 178 1
41 213 1
41 215 1
41 217 1
41 218 1
41 223 1
41 227 1
41 246 1
41 248 1
42 195 1
42 249 1
43 231 1
44 100 1
44 219 1
44 239 1
45 237 1
46 22 1
47 13 1
47 179 1
47 221 1
48 191 1
49 137 1
50 8 1
50 175 1
51 216 1
52 208 1
53 169 1
54 61 1
54 87 1
54 135 1
54 188 1
54 231 1
55 81 1
55 238 1
56 236 1
57 9 1
57 133 1
57 178 1
58 232 1
59 159 1
60 85 1
60 191 1
60 236 1
61 155 1
62 144 1
63 145 1
63 173 1
64 22 1
65 202 1
66 88 1
67 8 1
67 20 1
67 163 1
67 168 1
67 222 1
68 74 1
68 185 1
69 172 1
70 148 1
70 159 1
70 247 1
71 191 1
72 213 1
73 94 1
73 158 1
73 181 1
73 200 1
74 73 1
75 239 1
76 212 1
77 63 1
77 107 1
77 153 1
78 86 1
78 138 1
78 153 1
79 97 1
80 188 1
81 234 1
82 93 1
82 246 1
83 47 1
84 115 1
84 250 1
85 79 1
85 180 1
86 34 1
87 69 1
88 177 1
89 54 1
89 224 1
90 143 1
91 184 1
91 187 1
92 5 1
92 122 1
93 160 1
94 176 1
95 204 1
96 35 1
96 221 1
97 90 1
98 68 1
98 72 1
99 12 1
99 183 1
100 108 1
101 251 1
102 229 1
103 144 1
103 193 1
104 52 1
105 33 1
105 212 1
106 199 1
106 216 1
107 95 1
108 243 1
109 150 1
110 165 1
110 230 1
111 21 1
112 54 1
113 30 1
114 47 1
115 117 1
116 2 1
117 164 1
118 160 1
119 186 1
120 199 1
121 173 1
122 169 1
123 200 1
124 53 1
125 16 1
126 77 1
127 91 1
128 213 1
129 174 1
130 25 1
131 242 1
132 189 1
133 234 1
134 212 1
135 218 1
136 220 1
137 56 1
138 136 1
139 204 1
140 42 1
141 43 1
142 239 1
143 4 1
144 172 1
145 150 1
146 32 1
147 32 1
148 224 1
149 158 1
150 228 1
151 166 1
152 215 1
153 208 1
154 197 1
155 103 1
156 19 1
157 242 1
158 23 1
159 156 1
160 31 1
161 244 1
162 171 1
163 229 1
164 20 1
165 122 1
166 185 1
167 45 1
168 48 1
169 76 1
169 110 1
169 130 1
169 177 1
169 252 1
170 6 1
170 14 1
170 113 1
170 167 1
170 221 1
171 182 1
172 64 1
172 123 1
172 235 1
172 240 1
173 232 1
174 92 1
175 46 1
176 18 1
177 60 1
178 226 1
179 101 1
180 138 1
181 244 1
182 162 1
183 173 1
184 166 1
185 98 1
186 26 1
187 245 1
188 24 1
189 60 1
190 57 1
191 105 1
192 29 1
193 225 1
194 170 1
195 250 1
196 217 1
197 215 1
198 220 1
199 104 1
200 51 1
201 2 1
202 238 1
203 50 1
204 37 1
205 216 1
206 26 1
207 200 1
208 102 1
209 112 1
210 167 1
211 151 1
212 189 1
213 28 1
214 59 1
214 70 1
214 149 1
215 154 1
216 38 1
217 78 1
217 193 1
217 247 1
218 187 1
219 227 1
220 50 1
220 182 1
220 202 1
221 27 1
222 55 1
222 162 1
223 131 1
224 17 1
225 18 1
226 39 1
227 148 1
228 109 1
229 151 1
230 184 1
231 112 1
232 121 1
233 192 1
234 206 1
235 99 1
236 154 1
237 167 1
238 24 1
239 65 1
241 180 1
242 141 1
243 156 1
244 37 1
245 190 1
245 226 1
246 66 1
246 185 1
247 75 1
247 214 1
248 63 1
248 71 1
249 219 1
250 251 1
251 230 1
252 223 1
