1 34 1
1 49 1
1 64 1
1 77 1
1 222 1
2 27 1
3 63 1
3 75 1
3 160 1
3 166 1
3 170 1
3 237 1
4 232 1
5 37 1
5 38 1
5 73 1
5 93 1
5 204 1
6 157 1
7 32 1
7 60 1
7 119 1
7 122 1
7 218 1
7 251 1
8 164 1
9 87 1
9 96 1
9 158 1
9 173 1
9 249 1
10 249 1
11 100 1
11 148 1
11 163 1
11 185 1
11 189 1
11 216 1
12 62 1
13 85 1
13 171 1
13 174 1
13 180 1
13 185 1
14 106 1
15 6 1
15 130 1
15 141 1
15 151 1
15 165 1
15 190 1
16 108 1
17 20 1
17 110 1
17 122 1
17 125 1
17 169 1
18 231 1
19 43 1
19 57 1
19 99 1
19 188 1
19 197 1
19 202 1
20 166 1
21 2 1
21 111 1
21 167 1
21 220 1
21 244 1
22 11 1
23 115 1
23 137 1
23 156 1
23 162 1
23 208 1
23 239 1
24 246 1
25 179 1
25 188 1
25 195 1
26 171 1
27 21 1
27 37 1
27 210 1
27 212 1
28 214 1
29 25 1
29 45 1
29 114 1
29 128 1
29 138 1
29 186 1
30 1 1
31 92 1
31 172 1
31 216 1
31 224 1
32 213 1
33 16 1
34 30 1
34 67 1
34 233 1
35 76 1
36 245 1
37 130 1
37 226 1
38 189 1
39 24 1
40 219 1
41 39 1
41 54 1
41 59 1
41 66 1
41 86 1
41 159 1
41 165 1
41 173 1
41 176 1
41 190 1
41 202 1
41 208 1
41 234 1
41 236 1
42 5 1
42 252 1
43 127 1
44 154 1
44 161 1
44 183 1
45 187 1
46 12 1
47 7 1
47 14 1
47 192 1
48 18 1
49 169 1
50 102 1
50 172 1
51 47 1
52 145 1
53 139 1
54 6 1
54 133 1
54 192 1
54 200 1
54 250 1
55 81 1
55 179 1
56 98 1
57 68 1
57 200 1
57 231 1
58 89 1
59 10 1
60 61 1
60 173 1
60 185 1
61 221 1
62 184 1
63 33 1
63 168 1
64 177 1
65 151 1
66 181 1
67 103 1
67 171 1
67 204 1
67 219 1
67 237 1
68 26 1
68 107 1
69 242 1
70 47 1
70 65 1
70 158 1
71 73 1
72 221 1
73 171 1
73 177 1
73 193 1
73 195 1
74 218 1
75 216 1
76 214 1
77 30 1
77 84 1
77 215 1
78 14 1
78 186 1
78 213 1
79 81 1
80 17 1
81 243 1
82 3 1
82 217 1
83 77 1
84 149 1
84 226 1
85 16 1
85 206 1
86 52 1
87 248 1
88 227 1
89 40 1
89 247 1
90 160 1
91 128 1
91 239 1
92 136 1
92 237 1
93 155 1
94 90 1
95 167 1
96 88 1
96 120 1
97 152 1
98 223 1
98 234 1
99 71 1
99 239 1
100 228 1
101 15 1
102 110 1
103 80 1
103 167 1
104 176 1
105 123 1
105 224 1
106 200 1
106 240 1
107 50 1
108 4 1
109 215 1
110 174 1
110 222 1
111 103 1
112 246 1
113 180 1
114 9 1
115 168 1
116 173 1
117 18 1
118 212 1
119 94 1
120 147 1
121 114 1
122 178 1
123 234 1
124 36 1
125 101 1
126 168 1
127 28 1
128 221 1
129 251 1
130 53 1
131 252 1
132 51 1
133 20 1
134 229 1
135 181 1
136 178 1
137 218 1
138 241 1
139 150 1
140 250 1
141 96 1
142 19 1
143 213 1
144 78 1
145 219 1
146 60 1
147 135 1
148 26 1
149 199 1
150 245 1
151 70 1
152 228 1
153 31 1
154 238 1
155 199 1
156 179 1
157 54 1
158 105 1
159 79 1
160 69 1
161 241 1
162 46 1
163 215 1
164 159 1
165 28 1
166 242 1
167 182 1
168 23 1
169 32 1
169 72 1
169 144 1
169 225 1
169 235 1
170 24 1
170 44 1
170 82 1
170 117 1
170 240 1
171 34 1
172 74 1
172 153 1
172 170 1
172 244 1
173 129 1
174 164 1
175 227 1
176 91 1
177 121 1
178 97 1
179 163 1
180 229 1
181 83 1
182 248 1
183 225 1
184 8 1
185 22 1
186 144 1
187 29 1
188 63 1
189 22 1
190 58 1
191 55 1
192 170 1
193 157 1
194 223 1
195 152 1
196 131 1
197 35 1
198 210 1
199 166 1
200 230 1
201 147 1
202 243 1
203 10 1
204 230 1
205 182 1
206 13 1
207 150 1
208 154 1
209 191 1
210 8 1
211 233 1
212 206 1
213 149 1
214 156 1
214 187 1
214 238 1
215 217 1
216 112 1
217 146 1
217 191 1
217 235 1
218 143 1
219 232 1
220 12 1
220 161 1
220 162 1
221 112 1
222 50 1
222 89 1
223 95 1
224 153 1
225 184 1
226 42 1
227 183 1
228 236 1
229 113 1
230 175 1
231 48 1
232 145 1
233 247 1
234 143 1
235 109 1
236 235 1
237 212 1
238 148 1
239 136 1
241 220 1
242 193 1
243 146 1
244 191 1
245 67 1
245 175 1
246 4 1
246 170 1
247 56 1
247 120 1
248 155 1
248 224 1
249 2 1
250 104 1
251 138 1
252 197 1
