1 76 1
1 95 1
1 159 1
1 178 1
1 206 1
2 159 1
3 6 1
3 67 1
3 122 1
3 153 1
3 162 1
3 173 1
4 89 1
5 30 1
5 45 1
5 55 1
5 81 1
5 227 1
6 172 1
7 10 1
7 121 1
7 145 1
7 153 1
7 163 1
7 233 1
8 77 1
9 71 1
9 172 1
9 219 1
9 220 1
9 234 1
10 3 1
11 23 1
11 25 1
11 44 1
11 64 1
11 147 1
11 174 1
12 226 1
13 123 1
13 173 1
13 185 1
13 191 1
13 222 1
14 9 1
15 29 1
15 104 1
15 157 1
15 173 1
15 200 1
15 246 1
16 154 1
17 144 1
17 166 1
17 191 1
17 226 1
17 251 1
18 96 1
19 70 1
19 143 1
19 184 1
19 190 1
19 200 1
19 212 1
20 177 1
21 24 1
21 111 1
21 135 1
21 173 1
21 184 1
22 79 1
23 108 1
23 136 1
23 168 1
23 179 1
23 183 1
23 200 1
24 197 1
25 206 1
25 215 1
25 248 1
26 175 1
27 7 1
27 28 1
27 59 1
27 202 1
28 4 1
29 1 1
29 18 1
29 115 1
29 158 1
29 164 1
29 170 1
30 120 1
31 154 1
31 185 1
31 192 1
31 208 1
32 2 1
33 86 1
34 39 1
34 186 1
34 213 1
35 38 1
36 167 1
37 144 1
37 176 1
38 242 1
39 60 1
40 136 1
41 18 1
41 30 1
41 52 1
41 99 1
41 103 1
41 128 1
41 166 1
41 214 1
41 217 1
41 224 1
41 233 1
41 234 1
41 237 1
41 239 1
42 83 1
42 141 1
43 92 1
44 68 1
44 89 1
44 93 1
45 149 1
46 119 1
47 58 1
47 179 1
47 251 1
48 242 1
49 8 1
50 215 1
50 219 1
51 250 1
52 169 1
53 180 1
54 12 1
54 113 1
54 156 1
54 217 1
54 245 1
55 220 1
55 239 1
56 240 1
57 12 1
57 109 1
57 234 1
58 60 1
59 228 1
60 66 1
60 162 1
60 188 1
61 148 1
62 110 1
63 103 1
63 250 1
64 243 1
65 218 1
66 85 1
67 145 1
67 171 1
67 182 1
67 187 1
67 208 1
68 14 1
68 56 1
69 204 1
70 127 1
70 197 1
70 230 1
71 214 1
72 94 1
73 20 1
73 33 1
73 150 1
73 224 1
74 171 1
75 238 1
76 165 1
77 50 1
77 148 1
77 225 1
78 48 1
78 81 1
78 239 1
79 8 1
80 236 1
81 67 1
82 133 1
82 178 1
83 24 1
84 27 1
84 189 1
85 20 1
85 146 1
86 180 1
87 37 1
88 114 1
89 28 1
89 248 1
90 106 1
91 169 1
91 221 1
92 195 1
92 244 1
93 128 1
94 170 1
95 232 1
96 16 1
96 54 1
97 101 1
98 6 1
98 82 1
99 32 1
99 187 1
100 189 1
101 34 1
102 155 1
103 43 1
103 114 1
104 227 1
105 195 1
105 216 1
106 73 1
106 143 1
107 88 1
108 37 1
109 204 1
110 78 1
110 237 1
111 163 1
112 164 1
113 34 1
114 249 1
115 65 1
116 171 1
117 13 1
118 241 1
119 77 1
120 249 1
121 35 1
122 221 1
123 63 1
124 130 1
125 146 1
126 152 1
127 210 1
128 2 1
129 181 1
130 4 1
131 161 1
132 231 1
133 110 1
134 229 1
135 236 1
136 130 1
137 62 1
138 117 1
139 193 1
140 5 1
141 182 1
142 157 1
143 215 1
144 87 1
145 61 1
146 224 1
147 166 1
148 107 1
149 91 1
150 36 1
151 47 1
152 167 1
153 229 1
154 96 1
155 245 1
156 16 1
157 219 1
158 235 1
159 75 1
160 54 1
161 228 1
162 192 1
163 137 1
164 31 1
165 73 1
166 218 1
167 174 1
168 230 1
169 10 1
169 100 1
169 105 1
169 149 1
169 191 1
170 15 1
170 72 1
170 177 1
170 185 1
170 213 1
171 51 1
172 46 1
172 98 1
172 112 1
172 223 1
173 247 1
174 243 1
175 120 1
176 188 1
177 49 1
178 193 1
179 151 1
180 222 1
181 210 1
182 42 1
183 74 1
184 225 1
185 247 1
186 138 1
187 47 1
188 235 1
189 171 1
190 112 1
191 212 1
192 155 1
193 179 1
194 175 1
195 186 1
196 218 1
197 183 1
198 69 1
199 213 1
200 170 1
201 168 1
202 190 1
203 252 1
204 221 1
205 26 1
206 235 1
207 167 1
208 241 1
209 252 1
210 216 1
211 138 1
212 156 1
213 102 1
214 80 1
214 90 1
214 158 1
215 170 1
216 223 1
217 17 1
217 160 1
217 240 1
218 238 1
219 40 1
220 32 1
220 151 1
220 212 1
221 246 1
222 53 1
222 84 1
223 50 1
224 125 1
225 165 1
226 57 1
227 147 1
228 97 1
229 237 1
230 19 1
231 232 1
232 22 1
233 152 1
234 199 1
235 176 1
236 199 1
237 131 1
238 231 1
239 22 1
241 160 1
242 202 1
243 11 1
244 63 1
245 161 1
245 244 1
246 122 1
246 150 1
247 21 1
247 26 1
248 14 1
248 216 1
249 181 1
250 129 1
251 139 1
252 168 1
