1 44 1
1 83 1
1 178 1
1 182 1
1 224 1
2 63 1
3 125 1
3 151 1
3 166 1
3 192 1
3 197 1
3 226 1
4 176 1
5 2 1
5 18 1
5 53 1
5 72 1
5 166 1
6 231 1
7 22 1
7 121 1
7 149 1
7 183 1
7 188 1
7 193 1
8 219 1
9 40 1
9 162 1
9 189 1
9 218 1
9 244 1
10 127 1
11 3 1
11 95 1
11 168 1
11 174 1
11 237 1
11 239 1
12 159 1
13 130 1
13 214 1
13 228 1
13 239 1
13 252 1
14 4 1
15 1 1
15 155 1
15 164 1
15 166 1
15 183 1
15 213 1
16 246 1
17 89 1
17 105 1
17 133 1
17 208 1
17 248 1
18 96 1
19 8 1
19 90 1
19 113 1
19 128 1
19 171 1
19 229 1
20 217 1
21 69 1
21 171 1
21 184 1
21 199 1
21 238 1
22 45 1
23 26 1
23 60 1
23 80 1
23 204 1
23 216 1
23 251 1
24 192 1
25 61 1
25 84 1
25 251 1
26 54 1
27 165 1
27 180 1
27 227 1
27 235 1
28 237 1
29 39 1
29 59 1
29 154 1
29 170 1
29 187 1
29 215 1
30 12 1
31 92 1
31 137 1
31 170 1
31 210 1
32 73 1
33 120 1
34 107 1
34 119 1
34 243 1
35 97 1
36 32 1
37 14 1
37 34 1
38 63 1
39 56 1
40 108 1
41 24 1
41 66 1
41 98 1
41 129 1
41 136 1
41 143 1
41 151 1
41 153 1
41 186 1
41 200 1
41 212 1
41 216 1
41 218 1
41 240 1
42 30 1
42 213 1
43 178 1
44 138 1
44 219 1
44 225 1
45 206 1
46 111 1
47 34 1
47 55 1
47 233 1
48 206 1
49 177 1
50 110 1
50 222 1
51 50 1
52 167 1
53 26 1
54 5 1
54 23 1
54 52 1
54 146 1
54 160 1
55 110 1
55 161 1
56 138 1
57 24 1
57 25 1
57 100 1
58 158 1
59 239 1
60 172 1
60 220 1
60 221 1
61 191 1
62 49 1
63 4 1
63 185 1
64 181 1
65 89 1
66 64 1
67 6 1
67 112 1
67 131 1
67 164 1
67 167 1
68 73 1
68 152 1
69 243 1
70 144 1
70 171 1
70 231 1
71 181 1
72 233 1
73 77 1
73 112 1
73 174 1
73 202 1
74 19 1
75 47 1
76 200 1
77 189 1
77 219 1
77 236 1
78 9 1
78 28 1
78 242 1
79 230 1
80 179 1
81 60 1
82 51 1
82 247 1
83 185 1
84 114 1
84 145 1
85 42 1
85 226 1
86 170 1
87 154 1
88 16 1
89 50 1
89 82 1
90 74 1
91 31 1
91 188 1
92 91 1
92 232 1
93 20 1
94 176 1
95 147 1
96 139 1
96 250 1
97 27 1
98 65 1
98 238 1
99 102 1
99 114 1
100 245 1
101 244 1
102 67 1
103 218 1
103 247 1
104 67 1
105 16 1
105 158 1
106 87 1
106 157 1
107 46 1
108 136 1
109 249 1
110 163 1
110 213 1
111 96 1
112 32 1
113 10 1
114 223 1
115 33 1
116 8 1
117 37 1
118 6 1
119 197 1
120 115 1
121 235 1
122 18 1
123 224 1
124 220 1
125 173 1
126 88 1
127 159 1
128 200 1
129 135 1
130 38 1
131 57 1
132 175 1
133 148 1
134 237 1
135 195 1
136 235 1
137 104 1
138 152 1
139 35 1
140 230 1
141 149 1
142 234 1
143 141 1
144 179 1
145 199 1
146 7 1
147 177 1
148 78 1
149 146 1
150 173 1
151 10 1
152 70 1
153 165 1
154 240 1
155 106 1
156 223 1
157 155 1
158 175 1
159 245 1
160 242 1
161 217 1
162 77 1
163 103 1
164 122 1
165 241 1
166 54 1
167 180 1
168 47 1
169 17 1
169 156 1
169 191 1
169 225 1
169 234 1
170 71 1
170 101 1
170 103 1
170 167 1
170 214 1
171 30 1
172 43 1
172 81 1
172 168 1
172 224 1
173 252 1
174 68 1
175 85 1
176 86 1
177 193 1
178 172 1
179 14 1
180 150 1
181 249 1
182 190 1
183 222 1
184 241 1
185 156 1
186 58 1
187 157 1
188 2 1
189 13 1
190 161 1
191 195 1
192 186 1
193 147 1
194 99 1
195 229 1
196 117 1
197 11 1
198 109 1
199 215 1
200 234 1
201 81 1
202 22 1
203 143 1
204 250 1
205 48 1
206 20 1
207 184 1
208 169 1
209 150 1
210 227 1
211 145 1
212 12 1
213 221 1
214 76 1
214 204 1
214 248 1
215 216 1
216 236 1
217 93 1
217 162 1
217 190 1
218 79 1
219 173 1
220 122 1
220 123 1
220 168 1
221 29 1
222 191 1
222 221 1
223 62 1
224 179 1
225 208 1
226 37 1
227 36 1
228 182 1
229 160 1
230 173 1
231 210 1
232 185 1
233 120 1
234 171 1
235 15 1
236 215 1
237 153 1
238 128 1
239 94 1
241 130 1
242 212 1
243 21 1
244 169 1
245 212 1
245 232 1
246 28 1
246 148 1
247 144 1
247 170 1
248 75 1
248 163 1
249 187 1
250 228 1
251 202 1
252 246 1
