1 63 1
1 122 1
1 129 1
1 177 1
1 216 1
2 3 1
3 89 1
3 120 1
3 130 1
3 176 1
3 190 1
3 200 1
4 26 1
5 47 1
5 151 1
5 218 1
5 239 1
5 250 1
6 170 1
7 51 1
7 74 1
7 163 1
7 206 1
7 212 1
7 238 1
8 125 1
9 2 1
9 70 1
9 185 1
9 212 1
9 243 1
10 59 1
11 24 1
11 62 1
11 148 1
11 173 1
11 189 1
11 223 1
12 246 1
13 20 1
13 83 1
13 162 1
13 195 1
13 227 1
14 210 1
15 66 1
15 69 1
15 75 1
15 90 1
15 103 1
15 139 1
16 34 1
17 15 1
17 26 1
17 100 1
17 149 1
17 204 1
18 65 1
19 50 1
19 108 1
19 128 1
19 166 1
19 168 1
19 249 1
20 159 1
21 79 1
21 84 1
21 89 1
21 192 1
21 226 1
22 127 1
23 18 1
23 29 1
23 67 1
23 172 1
23 230 1
23 234 1
24 113 1
25 147 1
25 176 1
25 218 1
26 110 1
27 166 1
27 186 1
27 225 1
27 226 1
28 179 1
29 77 1
29 81 1
29 97 1
29 156 1
29 213 1
29 235 1
30 94 1
31 73 1
31 143 1
31 170 1
31 171 1
32 251 1
33 98 1
34 152 1
34 235 1
34 248 1
35 224 1
36 214 1
37 210 1
37 218 1
38 144 1
39 245 1
40 215 1
41 1 1
41 34 1
41 46 1
41 136 1
41 141 1
41 173 1
41 181 1
41 193 1
41 195 1
41 219 1
41 232 1
41 236 1
41 237 1
41 247 1
42 31 1
42 235 1
43 238 1
44 78 1
44 215 1
44 240 1
45 157 1
46 188 1
47 106 1
47 225 1
47 231 1
48 104 1
49 245 1
50 13 1
50 237 1
51 234 1
52 109 1
53 63 1
54 119 1
54 166 1
54 170 1
54 223 1
54 252 1
55 7 1
55 112 1
56 55 1
57 71 1
57 167 1
57 233 1
58 184 1
59 202 1
60 25 1
60 117 1
60 217 1
61 136 1
62 182 1
63 237 1
63 239 1
64 131 1
65 153 1
66 17 1
67 52 1
67 143 1
67 150 1
67 151 1
67 221 1
68 4 1
68 148 1
69 8 1
70 68 1
70 91 1
70 112 1
71 93 1
72 147 1
73 122 1
73 239 1
73 240 1
73 244 1
74 199 1
75 96 1
76 37 1
77 23 1
77 27 1
77 171 1
78 178 1
78 185 1
78 242 1
79 224 1
80 232 1
81 154 1
82 77 1
82 208 1
83 159 1
84 30 1
84 80 1
85 135 1
85 191 1
86 183 1
87 179 1
88 21 1
89 167 1
89 187 1
90 53 1
91 9 1
91 19 1
92 163 1
92 222 1
93 191 1
94 150 1
95 18 1
96 138 1
96 177 1
97 182 1
98 6 1
98 102 1
99 32 1
99 49 1
100 234 1
101 92 1
102 110 1
103 5 1
103 190 1
104 101 1
105 96 1
105 187 1
106 121 1
106 168 1
107 178 1
108 213 1
109 67 1
110 37 1
110 250 1
111 57 1
112 241 1
113 229 1
114 241 1
115 88 1
116 204 1
117 230 1
118 105 1
119 179 1
120 99 1
121 228 1
122 206 1
123 14 1
124 22 1
125 28 1
126 227 1
127 181 1
128 6 1
129 145 1
130 165 1
131 199 1
132 183 1
133 186 1
134 133 1
135 169 1
136 212 1
137 114 1
138 231 1
139 197 1
140 120 1
141 208 1
142 44 1
143 28 1
144 228 1
145 221 1
146 180 1
147 164 1
148 87 1
149 167 1
150 174 1
151 111 1
152 128 1
153 156 1
154 202 1
155 36 1
156 20 1
157 200 1
158 170 1
159 95 1
160 220 1
161 172 1
162 38 1
163 60 1
164 43 1
165 180 1
166 160 1
167 40 1
168 184 1
169 54 1
169 158 1
169 216 1
169 217 1
169 221 1
170 10 1
170 42 1
170 160 1
170 169 1
170 192 1
171 82 1
172 12 1
172 16 1
172 145 1
172 158 1
173 103 1
174 115 1
175 12 1
176 2 1
177 146 1
178 191 1
179 54 1
180 247 1
181 171 1
182 244 1
183 123 1
184 248 1
185 137 1
186 246 1
187 200 1
188 107 1
189 146 1
190 215 1
191 86 1
192 50 1
193 39 1
194 188 1
195 152 1
196 56 1
197 130 1
198 155 1
199 219 1
200 45 1
201 222 1
202 197 1
203 173 1
204 220 1
205 35 1
206 189 1
207 154 1
208 76 1
209 185 1
210 175 1
211 153 1
212 61 1
213 236 1
214 72 1
214 81 1
214 155 1
215 14 1
216 10 1
217 16 1
217 64 1
217 114 1
218 249 1
219 4 1
220 11 1
220 73 1
220 85 1
221 8 1
222 48 1
222 161 1
223 171 1
224 213 1
225 174 1
226 60 1
227 149 1
228 251 1
229 24 1
230 157 1
231 243 1
232 47 1
233 173 1
234 164 1
235 32 1
236 33 1
237 162 1
238 193 1
239 224 1
241 219 1
242 233 1
243 138 1
244 30 1
245 22 1
245 161 1
246 175 1
246 229 1
247 165 1
247 252 1
248 58 1
248 168 1
249 242 1
250 216 1
251 144 1
252 214 1
