1 16 1
1 61 1
1 69 1
1 78 1
1 157 1
2 231 1
3 33 1
3 34 1
3 81 1
3 136 1
3 146 1
3 234 1
4 215 1
5 2 1
5 8 1
5 120 1
5 130 1
5 234 1
6 191 1
7 17 1
7 21 1
7 66 1
7 129 1
7 220 1
7 249 1
8 186 1
9 98 1
9 114 1
9 122 1
9 171 1
9 190 1
10 91 1
11 67 1
11 89 1
11 160 1
11 177 1
11 247 1
11 248 1
12 110 1
13 27 1
13 31 1
13 55 1
13 109 1
13 222 1
14 20 1
15 152 1
15 168 1
15 182 1
15 187 1
15 208 1
15 220 1
16 169 1
17 22 1
17 164 1
17 206 1
17 233 1
17 252 1
18 82 1
19 40 1
19 60 1
19 172 1
19 186 1
19 238 1
19 244 1
20 85 1
21 6 1
21 24 1
21 30 1
21 105 1
21 247 1
22 96 1
23 120 1
23 173 1
23 181 1
23 192 1
23 199 1
23 241 1
24 7 1
25 54 1
25 138 1
25 237 1
26 151 1
27 119 1
27 145 1
27 200 1
27 244 1
28 102 1
29 110 1
29 163 1
29 181 1
29 202 1
29 223 1
29 243 1
30 77 1
31 83 1
31 200 1
31 228 1
31 232 1
32 50 1
33 99 1
34 9 1
34 170 1
34 221 1
35 39 1
36 86 1
37 25 1
37 187 1
38 171 1
39 158 1
40 117 1
41 14 1
41 37 1
41 79 1
41 101 1
41 104 1
41 141 1
41 157 1
41 165 1
41 171 1
41 179 1
41 215 1
41 232 1
41 248 1
41 251 1
42 57 1
42 128 1
43 18 1
44 19 1
44 45 1
44 154 1
45 63 1
46 182 1
47 166 1
47 241 1
47 243 1
48 210 1
49 94 1
50 34 1
50 208 1
51 225 1
52 59 1
53 216 1
54 67 1
54 68 1
54 173 1
54 180 1
54 231 1
55 202 1
55 245 1
56 122 1
57 18 1
57 162 1
57 236 1
58 217 1
59 216 1
60 224 1
60 235 1
60 240 1
61 145 1
62 84 1
63 92 1
63 178 1
64 210 1
65 100 1
66 229 1
67 28 1
67 73 1
67 123 1
67 185 1
67 193 1
68 139 1
68 233 1
69 89 1
70 174 1
70 206 1
70 218 1
71 163 1
72 235 1
73 32 1
73 147 1
73 153 1
73 235 1
74 90 1
75 246 1
76 175 1
77 15 1
77 143 1
77 214 1
78 52 1
78 54 1
78 178 1
79 174 1
80 239 1
81 170 1
82 133 1
82 170 1
83 213 1
84 20 1
84 191 1
85 14 1
85 236 1
86 153 1
87 4 1
88 212 1
89 115 1
89 223 1
90 148 1
91 2 1
91 48 1
92 173 1
92 189 1
93 127 1
94 179 1
95 30 1
96 161 1
96 246 1
97 204 1
98 23 1
98 26 1
99 103 1
99 112 1
100 147 1
101 4 1
102 72 1
103 191 1
103 238 1
104 112 1
105 60 1
105 179 1
106 10 1
106 195 1
107 164 1
108 213 1
109 35 1
110 71 1
110 167 1
111 50 1
112 166 1
113 8 1
114 43 1
115 218 1
116 146 1
117 108 1
118 74 1
119 156 1
120 212 1
121 224 1
122 167 1
123 197 1
124 63 1
125 151 1
126 234 1
127 217 1
128 165 1
129 150 1
130 149 1
131 168 1
132 65 1
133 176 1
134 12 1
135 221 1
136 218 1
137 107 1
138 250 1
139 152 1
140 106 1
141 213 1
142 239 1
143 56 1
144 135 1
145 190 1
146 239 1
147 219 1
148 58 1
149 183 1
150 193 1
151 1 1
152 16 1
153 36 1
154 227 1
155 51 1
156 250 1
157 136 1
158 75 1
159 245 1
160 81 1
161 154 1
162 128 1
163 221 1
164 240 1
165 42 1
166 168 1
167 38 1
168 47 1
169 137 1
169 167 1
169 192 1
169 226 1
169 237 1
170 3 1
170 155 1
170 159 1
170 224 1
170 242 1
171 200 1
172 37 1
172 44 1
172 47 1
172 185 1
173 103 1
174 28 1
175 251 1
176 73 1
177 252 1
178 26 1
179 161 1
180 215 1
181 125 1
182 22 1
183 6 1
184 80 1
185 204 1
186 227 1
187 184 1
188 62 1
189 97 1
190 237 1
191 88 1
192 249 1
193 53 1
194 87 1
195 70 1
196 159 1
197 131 1
198 10 1
199 228 1
200 13 1
201 96 1
202 46 1
203 175 1
204 242 1
205 176 1
206 195 1
207 219 1
208 160 1
209 111 1
210 138 1
211 229 1
212 5 1
213 212 1
214 64 1
214 216 1
214 219 1
215 184 1
216 189 1
217 93 1
217 148 1
217 158 1
218 180 1
219 188 1
220 24 1
220 49 1
220 113 1
221 143 1
222 177 1
222 199 1
223 11 1
224 171 1
225 155 1
226 144 1
227 188 1
228 169 1
229 150 1
230 130 1
231 95 1
232 76 1
233 172 1
234 170 1
235 230 1
236 29 1
237 197 1
238 173 1
239 225 1
241 226 1
242 214 1
243 114 1
244 230 1
245 32 1
245 166 1
246 77 1
246 144 1
247 162 1
247 185 1
248 121 1
248 149 1
249 156 1
250 183 1
251 12 1
252 222 1
