1 16 1
1 149 1
1 178 1
1 179 1
1 233 1
2 103 1
3 6 1
3 45 1
3 47 1
3 78 1
3 121 1
3 136 1
4 202 1
5 98 1
5 143 1
5 181 1
5 214 1
5 239 1
6 90 1
7 3 1
7 63 1
7 150 1
7 206 1
7 210 1
7 219 1
8 89 1
9 58 1
9 62 1
9 145 1
9 153 1
9 162 1
10 27 1
11 20 1
11 37 1
11 83 1
11 153 1
11 156 1
11 235 1
12 187 1
13 34 1
13 107 1
13 168 1
13 228 1
13 248 1
14 227 1
15 46 1
15 50 1
15 61 1
15 76 1
15 85 1
15 185 1
16 215 1
17 42 1
17 48 1
17 106 1
17 191 1
17 195 1
18 244 1
19 30 1
19 72 1
19 125 1
19 216 1
19 218 1
19 224 1
20 162 1
21 22 1
21 26 1
21 110 1
21 175 1
21 186 1
22 5 1
23 145 1
23 195 1
23 213 1
23 237 1
23 244 1
23 245 1
24 160 1
25 113 1
25 204 1
25 243 1
26 102 1
27 1 1
27 131 1
27 208 1
27 239 1
28 168 1
29 9 1
29 20 1
29 97 1
29 111 1
29 149 1
29 182 1
30 222 1
31 154 1
31 167 1
31 179 1
31 221 1
32 242 1
33 224 1
34 50 1
34 172 1
34 247 1
35 232 1
36 173 1
37 231 1
37 249 1
38 232 1
39 164 1
40 230 1
41 28 1
41 40 1
41 52 1
41 144 1
41 148 1
41 157 1
41 159 1
41 161 1
41 169 1
41 183 1
41 206 1
41 208 1
41 223 1
41 237 1
42 184 1
42 241 1
43 175 1
44 10 1
44 67 1
44 250 1
45 128 1
46 225 1
47 14 1
47 103 1
47 217 1
48 179 1
49 176 1
50 120 1
50 147 1
51 138 1
52 143 1
53 137 1
54 77 1
54 96 1
54 157 1
54 166 1
54 212 1
55 94 1
55 117 1
56 25 1
57 170 1
57 173 1
57 235 1
58 215 1
59 202 1
60 141 1
60 173 1
60 219 1
61 100 1
62 158 1
63 114 1
63 188 1
64 251 1
65 92 1
66 192 1
67 4 1
67 12 1
67 138 1
67 148 1
67 234 1
68 73 1
68 178 1
69 245 1
70 26 1
70 151 1
70 236 1
71 180 1
72 80 1
73 60 1
73 159 1
73 185 1
73 230 1
74 234 1
75 91 1
76 53 1
77 8 1
77 174 1
77 193 1
78 7 1
78 101 1
78 225 1
79 188 1
80 167 1
81 54 1
82 147 1
82 184 1
83 23 1
84 56 1
84 235 1
85 219 1
85 246 1
86 161 1
87 104 1
88 24 1
89 133 1
89 156 1
90 240 1
91 215 1
91 218 1
92 89 1
92 99 1
93 84 1
94 18 1
95 177 1
96 152 1
96 223 1
97 252 1
98 60 1
98 128 1
99 38 1
99 65 1
100 127 1
101 150 1
102 185 1
103 158 1
103 167 1
104 36 1
105 120 1
105 155 1
106 108 1
106 171 1
107 193 1
108 17 1
109 224 1
110 70 1
110 165 1
111 130 1
112 28 1
113 66 1
114 243 1
115 123 1
116 221 1
117 170 1
118 182 1
119 115 1
120 34 1
121 33 1
122 217 1
123 247 1
124 82 1
125 67 1
126 135 1
127 54 1
128 59 1
129 242 1
130 238 1
131 170 1
132 231 1
133 95 1
134 229 1
135 109 1
136 71 1
137 11 1
138 24 1
139 51 1
140 170 1
141 249 1
142 13 1
143 154 1
144 110 1
145 216 1
146 241 1
147 176 1
148 226 1
149 43 1
150 220 1
151 197 1
152 227 1
153 204 1
154 88 1
155 73 1
156 112 1
157 165 1
158 47 1
159 146 1
160 75 1
161 155 1
162 29 1
163 81 1
164 74 1
165 21 1
166 228 1
167 2 1
168 39 1
169 6 1
169 87 1
169 146 1
169 213 1
169 221 1
170 187 1
170 200 1
170 237 1
170 239 1
170 240 1
171 129 1
172 14 1
172 152 1
172 189 1
172 199 1
173 86 1
174 114 1
175 171 1
176 130 1
177 197 1
178 220 1
179 2 1
180 136 1
181 171 1
182 251 1
183 122 1
184 169 1
185 139 1
186 35 1
187 144 1
188 181 1
189 31 1
190 163 1
191 190 1
192 105 1
193 183 1
194 213 1
195 218 1
196 15 1
197 112 1
198 44 1
199 216 1
200 16 1
201 93 1
202 222 1
203 212 1
204 200 1
205 37 1
206 164 1
207 69 1
208 199 1
209 4 1
210 246 1
211 233 1
212 81 1
213 8 1
214 22 1
214 96 1
214 177 1
215 200 1
216 229 1
217 64 1
217 168 1
217 226 1
218 160 1
219 248 1
220 122 1
220 180 1
220 234 1
221 18 1
222 32 1
222 190 1
223 214 1
224 189 1
225 30 1
226 68 1
227 172 1
228 174 1
229 19 1
230 191 1
231 12 1
232 186 1
233 10 1
234 163 1
235 79 1
236 166 1
237 57 1
238 250 1
239 210 1
241 151 1
242 166 1
243 63 1
244 173 1
245 49 1
245 77 1
246 212 1
246 236 1
247 55 1
247 119 1
248 192 1
248 238 1
249 171 1
250 252 1
251 32 1
252 191 1
