1 16 1
1 30 1
1 137 1
1 164 1
1 172 1
2 84 1
3 35 1
3 43 1
3 173 1
3 199 1
3 204 1
3 210 1
4 186 1
5 26 1
5 138 1
5 166 1
5 185 1
5 232 1
6 242 1
7 12 1
7 79 1
7 136 1
7 159 1
7 200 1
7 215 1
8 47 1
9 14 1
9 87 1
9 164 1
9 172 1
9 230 1
10 73 1
11 50 1
11 147 1
11 155 1
11 162 1
11 220 1
11 221 1
12 29 1
13 25 1
13 139 1
13 161 1
13 183 1
13 200 1
14 94 1
15 56 1
15 138 1
15 149 1
15 191 1
15 208 1
15 224 1
16 170 1
17 26 1
17 119 1
17 180 1
17 183 1
17 184 1
18 39 1
19 74 1
19 175 1
19 184 1
19 197 1
19 239 1
19 241 1
20 144 1
21 24 1
21 89 1
21 136 1
21 233 1
21 252 1
22 181 1
23 63 1
23 135 1
23 147 1
23 177 1
23 213 1
23 249 1
24 7 1
25 168 1
25 206 1
25 245 1
26 146 1
27 2 1
27 54 1
27 70 1
27 152 1
28 120 1
29 101 1
29 165 1
29 189 1
29 212 1
29 242 1
29 246 1
30 178 1
31 193 1
31 212 1
31 214 1
31 252 1
32 18 1
33 159 1
34 171 1
34 176 1
34 200 1
35 90 1
36 33 1
37 18 1
37 91 1
38 161 1
39 225 1
40 170 1
41 45 1
41 60 1
41 108 1
41 157 1
41 158 1
41 171 1
41 173 1
41 174 1
41 180 1
41 218 1
41 226 1
41 235 1
41 237 1
41 241 1
42 21 1
42 120 1
43 49 1
44 55 1
44 156 1
44 165 1
45 170 1
46 210 1
47 83 1
47 150 1
47 167 1
48 145 1
49 239 1
50 103 1
50 114 1
51 128 1
52 28 1
53 113 1
54 67 1
54 144 1
54 171 1
54 229 1
54 238 1
55 20 1
55 175 1
56 235 1
57 24 1
57 193 1
57 236 1
58 221 1
59 228 1
60 81 1
60 110 1
60 229 1
61 191 1
62 192 1
63 15 1
63 234 1
64 216 1
65 62 1
66 104 1
67 27 1
67 59 1
67 88 1
67 93 1
67 237 1
68 130 1
68 213 1
69 38 1
70 163 1
70 168 1
70 202 1
71 32 1
72 37 1
73 16 1
73 152 1
73 212 1
73 234 1
74 92 1
75 215 1
76 251 1
77 68 1
77 150 1
77 167 1
78 107 1
78 219 1
78 238 1
79 69 1
80 109 1
81 179 1
82 96 1
82 125 1
83 226 1
84 36 1
84 248 1
85 32 1
85 244 1
86 98 1
87 111 1
88 155 1
89 42 1
89 78 1
90 232 1
91 77 1
91 81 1
92 19 1
92 30 1
93 22 1
94 244 1
95 61 1
96 227 1
96 240 1
97 50 1
98 187 1
98 243 1
99 3 1
99 122 1
100 58 1
101 182 1
102 1 1
103 5 1
103 250 1
104 240 1
105 53 1
105 167 1
106 186 1
106 227 1
107 151 1
108 85 1
109 217 1
110 44 1
110 63 1
111 181 1
112 46 1
113 216 1
114 11 1
115 57 1
116 160 1
117 153 1
118 6 1
119 169 1
120 190 1
121 218 1
122 133 1
123 60 1
124 66 1
125 216 1
126 213 1
127 170 1
128 75 1
129 190 1
130 222 1
131 185 1
132 99 1
133 65 1
134 166 1
135 130 1
136 166 1
137 110 1
138 246 1
139 96 1
140 243 1
141 129 1
142 22 1
143 127 1
144 174 1
145 250 1
146 4 1
147 195 1
148 102 1
149 214 1
150 114 1
151 4 1
152 191 1
153 112 1
154 149 1
155 67 1
156 82 1
157 52 1
158 72 1
159 156 1
160 13 1
161 160 1
162 163 1
163 230 1
164 219 1
165 34 1
166 182 1
167 248 1
168 34 1
169 8 1
169 48 1
169 73 1
169 122 1
169 208 1
170 106 1
170 143 1
170 195 1
170 215 1
170 224 1
171 224 1
172 95 1
172 117 1
172 176 1
172 218 1
173 202 1
174 20 1
175 245 1
176 97 1
177 178 1
178 234 1
179 236 1
180 223 1
181 221 1
182 6 1
183 249 1
184 10 1
185 54 1
186 86 1
187 148 1
188 239 1
189 8 1
190 141 1
191 151 1
192 222 1
193 115 1
194 235 1
195 40 1
196 179 1
197 153 1
198 103 1
199 171 1
200 168 1
201 148 1
202 225 1
203 188 1
204 105 1
205 223 1
206 31 1
207 247 1
208 123 1
209 179 1
210 112 1
211 51 1
212 10 1
213 237 1
214 77 1
214 162 1
214 206 1
215 233 1
216 231 1
217 145 1
217 173 1
217 228 1
218 169 1
219 89 1
220 146 1
220 154 1
220 185 1
221 231 1
222 17 1
222 76 1
223 173 1
224 204 1
225 14 1
226 197 1
227 9 1
228 37 1
229 199 1
230 192 1
231 64 1
232 177 1
233 80 1
234 219 1
235 128 1
236 157 1
237 23 1
238 2 1
239 217 1
241 131 1
242 12 1
243 188 1
244 71 1
245 121 1
245 187 1
246 100 1
246 220 1
247 143 1
247 189 1
248 47 1
248 154 1
249 158 1
250 28 1
251 247 1
252 251 1
