1 14 1
1 22 1
1 178 1
1 206 1
1 231 1
2 63 1
3 85 1
3 128 1
3 159 1
3 171 1
3 219 1
3 249 1
4 110 1
5 98 1
5 190 1
5 200 1
5 210 1
5 237 1
6 50 1
7 13 1
7 103 1
7 145 1
7 213 1
7 217 1
7 218 1
8 88 1
9 4 1
9 50 1
9 69 1
9 213 1
9 230 1
10 238 1
11 48 1
11 115 1
11 155 1
11 169 1
11 173 1
11 182 1
12 165 1
13 56 1
13 133 1
13 151 1
13 182 1
13 219 1
14 225 1
15 2 1
15 57 1
15 90 1
15 113 1
15 167 1
15 168 1
16 252 1
17 12 1
17 141 1
17 151 1
17 197 1
17 218 1
18 171 1
19 24 1
19 65 1
19 66 1
19 110 1
19 191 1
19 232 1
20 6 1
21 67 1
21 147 1
21 154 1
21 214 1
21 236 1
22 39 1
23 112 1
23 122 1
23 174 1
23 199 1
23 213 1
23 234 1
24 200 1
25 12 1
25 33 1
25 76 1
26 40 1
27 8 1
27 19 1
27 226 1
27 242 1
28 167 1
29 42 1
29 77 1
29 148 1
29 157 1
29 206 1
29 216 1
30 43 1
31 10 1
31 122 1
31 156 1
31 170 1
32 183 1
33 74 1
34 10 1
34 186 1
34 222 1
35 130 1
36 166 1
37 177 1
37 234 1
38 221 1
39 195 1
40 176 1
41 16 1
41 20 1
41 96 1
41 100 1
41 102 1
41 106 1
41 107 1
41 109 1
41 129 1
41 136 1
41 168 1
41 176 1
41 220 1
41 230 1
42 6 1
42 104 1
43 212 1
44 144 1
44 160 1
44 165 1
45 51 1
46 2 1
47 15 1
47 197 1
47 208 1
48 159 1
49 179 1
50 130 1
50 177 1
51 143 1
52 181 1
53 233 1
54 67 1
54 91 1
54 93 1
54 242 1
54 250 1
55 97 1
55 248 1
56 221 1
57 47 1
57 183 1
57 243 1
58 180 1
59 228 1
60 170 1
60 204 1
60 215 1
61 32 1
62 103 1
63 86 1
63 227 1
64 60 1
65 215 1
66 38 1
67 89 1
67 114 1
67 143 1
67 170 1
67 190 1
68 62 1
68 136 1
69 171 1
70 4 1
70 192 1
70 223 1
71 227 1
72 18 1
73 24 1
73 35 1
73 229 1
73 248 1
74 25 1
75 135 1
76 147 1
77 84 1
77 217 1
77 239 1
78 53 1
78 173 1
78 244 1
79 228 1
80 223 1
81 191 1
82 58 1
82 235 1
83 210 1
84 175 1
84 220 1
85 123 1
85 187 1
86 160 1
87 200 1
88 174 1
89 21 1
89 138 1
90 195 1
91 153 1
91 234 1
92 28 1
92 162 1
93 94 1
94 1 1
95 49 1
96 81 1
96 150 1
97 199 1
98 37 1
98 45 1
99 127 1
99 239 1
100 240 1
101 154 1
102 47 1
103 68 1
103 119 1
104 179 1
105 3 1
105 218 1
106 54 1
106 185 1
107 114 1
108 99 1
109 251 1
110 70 1
110 221 1
111 224 1
112 247 1
113 149 1
114 208 1
115 232 1
116 101 1
117 152 1
118 34 1
119 78 1
120 162 1
121 54 1
122 73 1
123 111 1
124 164 1
125 117 1
126 139 1
127 146 1
128 185 1
129 240 1
130 214 1
131 189 1
132 171 1
133 167 1
134 219 1
135 166 1
136 59 1
137 235 1
138 31 1
139 235 1
140 178 1
141 137 1
142 166 1
143 161 1
144 30 1
145 8 1
146 193 1
147 202 1
148 179 1
149 181 1
150 252 1
151 164 1
152 80 1
153 79 1
154 225 1
155 55 1
156 138 1
157 239 1
158 186 1
159 231 1
160 238 1
161 5 1
162 26 1
163 44 1
164 189 1
165 156 1
166 157 1
167 188 1
168 27 1
169 20 1
169 36 1
169 125 1
169 236 1
169 247 1
170 92 1
170 112 1
170 161 1
170 172 1
170 224 1
171 75 1
172 60 1
172 144 1
172 212 1
172 237 1
173 241 1
174 172 1
175 188 1
176 251 1
177 148 1
178 241 1
179 29 1
180 26 1
181 145 1
182 7 1
183 249 1
184 14 1
185 22 1
186 131 1
187 87 1
188 222 1
189 212 1
190 152 1
191 244 1
192 77 1
193 229 1
194 16 1
195 243 1
196 73 1
197 246 1
198 184 1
199 81 1
200 108 1
201 233 1
202 149 1
203 61 1
204 64 1
205 96 1
206 184 1
207 72 1
208 28 1
209 63 1
210 32 1
211 150 1
212 23 1
213 34 1
214 52 1
214 89 1
214 204 1
215 158 1
216 11 1
217 120 1
217 180 1
217 193 1
218 169 1
219 105 1
220 83 1
220 146 1
220 163 1
221 216 1
222 30 1
222 175 1
223 46 1
224 37 1
225 82 1
226 168 1
227 185 1
228 153 1
229 215 1
230 226 1
231 128 1
232 71 1
233 120 1
234 224 1
235 187 1
236 237 1
237 245 1
238 191 1
239 192 1
241 170 1
242 121 1
243 173 1
244 163 1
245 95 1
245 250 1
246 17 1
246 173 1
247 18 1
247 245 1
248 155 1
248 202 1
249 216 1
250 246 1
251 9 1
252 158 1
