1 60 1
1 63 1
1 101 1
1 129 1
1 197 1
2 30 1
3 9 1
3 130 1
3 158 1
3 171 1
3 173 1
3 219 1
4 200 1
5 54 1
5 189 1
5 191 1
5 213 1
5 242 1
6 227 1
7 32 1
7 92 1
7 120 1
7 165 1
7 171 1
7 252 1
8 120 1
9 16 1
9 88 1
9 138 1
9 144 1
9 246 1
10 235 1
11 47 1
11 50 1
11 93 1
11 102 1
11 112 1
11 166 1
12 63 1
13 8 1
13 18 1
13 150 1
13 161 1
13 199 1
14 138 1
15 18 1
15 166 1
15 185 1
15 210 1
15 220 1
15 231 1
16 81 1
17 48 1
17 165 1
17 180 1
17 221 1
17 239 1
18 123 1
19 53 1
19 179 1
19 202 1
19 215 1
19 216 1
19 224 1
20 133 1
21 143 1
21 174 1
21 204 1
21 222 1
21 226 1
22 221 1
23 56 1
23 77 1
23 187 1
23 190 1
23 195 1
23 216 1
24 174 1
25 13 1
25 185 1
25 252 1
26 5 1
27 69 1
27 80 1
27 84 1
27 149 1
28 67 1
29 44 1
29 137 1
29 227 1
29 234 1
29 238 1
29 247 1
30 89 1
31 103 1
31 128 1
31 153 1
31 178 1
32 136 1
33 175 1
34 147 1
34 213 1
34 220 1
35 148 1
36 161 1
37 186 1
37 200 1
38 20 1
39 10 1
40 89 1
41 15 1
41 37 1
41 52 1
41 79 1
41 91 1
41 105 1
41 158 1
41 177 1
41 181 1
41 223 1
41 225 1
41 229 1
41 237 1
41 250 1
42 71 1
42 168 1
43 214 1
44 103 1
44 135 1
44 188 1
45 181 1
46 206 1
47 68 1
47 228 1
47 251 1
48 222 1
49 235 1
50 107 1
50 168 1
51 249 1
52 180 1
53 173 1
54 45 1
54 149 1
54 182 1
54 232 1
54 235 1
55 61 1
55 229 1
56 179 1
57 29 1
57 51 1
57 157 1
58 172 1
59 20 1
60 14 1
60 127 1
60 245 1
61 215 1
62 249 1
63 157 1
63 195 1
64 24 1
65 183 1
66 151 1
67 31 1
67 40 1
67 55 1
67 240 1
67 242 1
68 82 1
68 236 1
69 170 1
70 16 1
70 37 1
70 217 1
71 216 1
72 11 1
73 21 1
73 145 1
73 151 1
73 167 1
74 237 1
75 8 1
76 81 1
77 87 1
77 122 1
77 231 1
78 43 1
78 199 1
78 244 1
79 73 1
80 167 1
81 192 1
82 152 1
82 232 1
83 169 1
84 169 1
84 248 1
85 28 1
85 164 1
86 218 1
87 2 1
88 153 1
89 2 1
89 155 1
90 233 1
91 49 1
91 193 1
92 54 1
92 170 1
93 104 1
94 17 1
95 6 1
96 32 1
96 152 1
97 145 1
98 146 1
98 192 1
99 110 1
99 218 1
100 131 1
101 85 1
102 58 1
103 218 1
103 241 1
104 178 1
105 33 1
105 213 1
106 163 1
106 217 1
107 197 1
108 188 1
109 212 1
110 4 1
110 210 1
111 187 1
112 155 1
113 42 1
114 119 1
115 191 1
116 230 1
117 212 1
118 114 1
119 214 1
120 72 1
121 224 1
122 25 1
123 189 1
124 234 1
125 23 1
126 148 1
127 113 1
128 224 1
129 245 1
130 34 1
131 22 1
132 106 1
133 251 1
134 94 1
135 243 1
136 96 1
137 111 1
138 136 1
139 150 1
140 28 1
141 221 1
142 241 1
143 7 1
144 143 1
145 121 1
146 186 1
147 6 1
148 176 1
149 46 1
150 191 1
151 60 1
152 76 1
153 250 1
154 19 1
155 175 1
156 122 1
157 12 1
158 97 1
159 206 1
160 170 1
161 128 1
162 117 1
163 248 1
164 246 1
165 234 1
166 144 1
167 177 1
168 185 1
169 26 1
169 160 1
169 184 1
169 202 1
169 219 1
170 30 1
170 65 1
170 139 1
170 182 1
170 200 1
171 193 1
172 4 1
172 163 1
172 171 1
172 204 1
173 162 1
174 47 1
175 14 1
176 115 1
177 173 1
178 67 1
179 208 1
180 225 1
181 236 1
182 22 1
183 228 1
184 109 1
185 167 1
186 70 1
187 125 1
188 156 1
189 96 1
190 154 1
191 160 1
192 219 1
193 172 1
194 238 1
195 98 1
196 233 1
197 50 1
198 112 1
199 62 1
200 179 1
201 3 1
202 83 1
203 244 1
204 64 1
205 110 1
206 77 1
207 239 1
208 162 1
209 237 1
210 12 1
211 208 1
212 184 1
213 226 1
214 59 1
214 141 1
214 156 1
215 212 1
216 154 1
217 10 1
217 147 1
217 230 1
218 173 1
219 95 1
220 114 1
220 130 1
220 240 1
221 99 1
222 73 1
222 86 1
223 183 1
224 171 1
225 159 1
226 34 1
227 90 1
228 223 1
229 24 1
230 170 1
231 36 1
232 78 1
233 239 1
234 159 1
235 39 1
236 166 1
237 75 1
238 215 1
239 38 1
241 100 1
242 26 1
243 74 1
244 66 1
245 1 1
245 176 1
246 27 1
246 108 1
247 57 1
247 164 1
248 146 1
248 190 1
249 35 1
250 243 1
251 168 1
252 247 1
