1 14 1
1 48 1
1 104 1
1 204 1
1 212 1
2 21 1
3 31 1
3 36 1
3 170 1
3 210 1
3 236 1
3 247 1
4 65 1
5 8 1
5 67 1
5 89 1
5 136 1
5 231 1
6 168 1
7 3 1
7 9 1
7 157 1
7 158 1
7 221 1
7 248 1
8 135 1
9 42 1
9 75 1
9 156 1
9 241 1
9 245 1
10 181 1
11 16 1
11 26 1
11 69 1
11 125 1
11 146 1
11 192 1
12 215 1
13 89 1
13 113 1
13 223 1
13 237 1
13 249 1
14 182 1
15 5 1
15 10 1
15 166 1
15 172 1
15 175 1
15 191 1
16 13 1
17 39 1
17 60 1
17 131 1
17 224 1
17 251 1
18 175 1
19 22 1
19 28 1
19 54 1
19 79 1
19 82 1
19 195 1
20 112 1
21 52 1
21 98 1
21 141 1
21 187 1
21 246 1
22 237 1
23 6 1
23 47 1
23 122 1
23 123 1
23 161 1
23 243 1
24 38 1
25 130 1
25 161 1
25 176 1
26 230 1
27 76 1
27 144 1
27 213 1
27 217 1
28 128 1
29 53 1
29 107 1
29 130 1
29 215 1
29 228 1
29 232 1
30 212 1
31 4 1
31 7 1
31 111 1
31 173 1
32 224 1
33 183 1
34 85 1
34 114 1
34 239 1
35 54 1
36 37 1
37 17 1
37 115 1
38 96 1
39 37 1
40 44 1
41 16 1
41 18 1
41 26 1
41 63 1
41 71 1
41 91 1
41 97 1
41 99 1
41 136 1
41 186 1
41 187 1
41 206 1
41 224 1
41 233 1
42 180 1
42 235 1
43 193 1
44 84 1
44 103 1
44 122 1
45 202 1
46 218 1
47 95 1
47 208 1
47 210 1
48 222 1
49 234 1
50 12 1
50 218 1
51 4 1
52 190 1
53 23 1
54 92 1
54 138 1
54 148 1
54 150 1
54 219 1
55 171 1
55 248 1
56 219 1
57 151 1
57 162 1
57 216 1
58 245 1
59 88 1
60 72 1
60 144 1
60 227 1
61 18 1
62 70 1
63 153 1
63 171 1
64 14 1
65 226 1
66 143 1
67 15 1
67 32 1
67 178 1
67 220 1
67 247 1
68 110 1
68 250 1
69 177 1
70 74 1
70 145 1
70 179 1
71 78 1
72 222 1
73 101 1
73 204 1
73 221 1
73 240 1
74 61 1
75 6 1
76 29 1
77 81 1
77 185 1
77 191 1
78 55 1
78 190 1
78 230 1
79 232 1
80 77 1
81 24 1
82 119 1
82 229 1
83 1 1
84 63 1
84 77 1
85 67 1
85 184 1
86 202 1
87 188 1
88 81 1
89 27 1
89 197 1
90 183 1
91 45 1
91 225 1
92 46 1
92 90 1
93 167 1
94 121 1
95 184 1
96 24 1
96 179 1
97 158 1
98 137 1
98 166 1
99 145 1
99 237 1
100 160 1
101 172 1
102 128 1
103 40 1
103 108 1
104 22 1
105 139 1
105 146 1
106 62 1
106 109 1
107 56 1
108 182 1
109 241 1
110 112 1
110 229 1
111 235 1
112 234 1
113 32 1
114 155 1
115 133 1
116 49 1
117 189 1
118 152 1
119 174 1
120 214 1
121 251 1
122 86 1
123 171 1
124 154 1
125 143 1
126 94 1
127 20 1
128 153 1
129 87 1
130 147 1
131 244 1
132 235 1
133 199 1
134 148 1
135 110 1
136 168 1
137 120 1
138 223 1
139 218 1
140 47 1
141 181 1
142 83 1
143 216 1
144 239 1
145 156 1
146 170 1
147 193 1
148 216 1
149 215 1
150 167 1
151 10 1
152 157 1
153 129 1
154 167 1
155 149 1
156 30 1
157 166 1
158 2 1
159 173 1
160 33 1
161 252 1
162 164 1
163 165 1
164 57 1
165 159 1
166 152 1
167 117 1
168 250 1
169 50 1
169 66 1
169 221 1
169 236 1
169 252 1
170 105 1
170 165 1
170 173 1
170 212 1
170 238 1
171 19 1
172 12 1
172 73 1
172 185 1
172 244 1
173 200 1
174 189 1
175 8 1
176 186 1
177 188 1
178 28 1
179 154 1
180 155 1
181 151 1
182 219 1
183 68 1
184 34 1
185 106 1
186 160 1
187 200 1
188 174 1
189 127 1
190 177 1
191 80 1
192 200 1
193 164 1
194 246 1
195 242 1
196 147 1
197 170 1
198 114 1
199 220 1
200 159 1
201 192 1
202 217 1
203 231 1
204 242 1
205 173 1
206 168 1
207 213 1
208 176 1
209 233 1
210 179 1
211 191 1
212 225 1
213 30 1
214 34 1
214 185 1
214 234 1
215 163 1
216 228 1
217 59 1
217 60 1
217 103 1
218 169 1
219 199 1
220 64 1
220 171 1
220 208 1
221 149 1
222 163 1
222 226 1
223 93 1
224 150 1
225 206 1
226 240 1
227 170 1
228 35 1
229 138 1
230 178 1
231 195 1
232 100 1
233 102 1
234 20 1
235 43 1
236 197 1
237 213 1
238 227 1
239 214 1
241 25 1
242 73 1
243 11 1
244 50 1
245 51 1
245 249 1
246 2 1
246 243 1
247 96 1
247 238 1
248 162 1
248 169 1
249 58 1
250 180 1
251 120 1
252 239 1
