1 5 1
1 45 1
1 180 1
1 185 1
1 242 1
2 232 1
3 14 1
3 20 1
3 199 1
3 202 1
3 214 1
3 216 1
4 82 1
5 18 1
5 69 1
5 98 1
5 206 1
5 213 1
6 250 1
7 32 1
7 103 1
7 181 1
7 182 1
7 219 1
7 240 1
8 251 1
9 122 1
9 170 1
9 190 1
9 235 1
9 246 1
10 119 1
11 2 1
11 112 1
11 131 1
11 172 1
11 213 1
11 251 1
12 30 1
13 19 1
13 74 1
13 78 1
13 212 1
13 230 1
14 154 1
15 44 1
15 68 1
15 219 1
15 221 1
15 228 1
15 236 1
16 159 1
17 16 1
17 59 1
17 61 1
17 153 1
17 191 1
18 93 1
19 38 1
19 52 1
19 70 1
19 81 1
19 166 1
19 237 1
20 51 1
21 9 1
21 37 1
21 43 1
21 158 1
21 227 1
22 6 1
23 13 1
23 54 1
23 117 1
23 179 1
23 184 1
23 239 1
24 216 1
25 87 1
25 155 1
25 232 1
26 115 1
27 107 1
27 111 1
27 166 1
27 248 1
28 108 1
29 8 1
29 11 1
29 46 1
29 89 1
29 158 1
29 235 1
30 169 1
31 130 1
31 192 1
31 220 1
31 241 1
32 176 1
33 35 1
34 67 1
34 122 1
34 252 1
35 238 1
36 248 1
37 91 1
37 170 1
38 191 1
39 139 1
40 145 1
41 31 1
41 63 1
41 114 1
41 120 1
41 149 1
41 151 1
41 156 1
41 166 1
41 167 1
41 168 1
41 177 1
41 180 1
41 186 1
41 225 1
42 57 1
42 197 1
43 175 1
44 26 1
44 125 1
44 237 1
45 150 1
46 173 1
47 121 1
47 138 1
47 161 1
48 33 1
49 187 1
50 187 1
50 206 1
51 14 1
52 200 1
53 200 1
54 10 1
54 32 1
54 147 1
54 165 1
54 218 1
55 8 1
55 252 1
56 162 1
57 54 1
57 235 1
57 244 1
58 233 1
59 77 1
60 89 1
60 110 1
60 224 1
61 230 1
62 77 1
63 204 1
63 231 1
64 221 1
65 249 1
66 220 1
67 28 1
67 152 1
67 161 1
67 163 1
67 193 1
68 143 1
68 193 1
69 97 1
70 138 1
70 170 1
70 208 1
71 167 1
72 186 1
73 4 1
73 84 1
73 103 1
73 136 1
74 157 1
75 73 1
76 174 1
77 17 1
77 64 1
77 212 1
78 80 1
78 171 1
78 240 1
79 12 1
80 225 1
81 30 1
82 164 1
82 224 1
83 179 1
84 48 1
84 228 1
85 178 1
85 185 1
86 217 1
87 231 1
88 229 1
89 243 1
89 244 1
90 37 1
91 86 1
91 250 1
92 56 1
92 192 1
93 179 1
94 242 1
95 75 1
96 34 1
96 177 1
97 178 1
98 1 1
98 150 1
99 10 1
99 58 1
100 227 1
101 96 1
102 60 1
103 168 1
103 229 1
104 153 1
105 20 1
105 170 1
106 81 1
106 154 1
107 234 1
108 128 1
109 16 1
110 128 1
110 190 1
111 106 1
112 144 1
113 88 1
114 226 1
115 155 1
116 171 1
117 22 1
118 36 1
119 95 1
120 246 1
121 233 1
122 174 1
123 29 1
124 189 1
125 164 1
126 167 1
127 67 1
128 149 1
129 243 1
130 247 1
131 173 1
132 24 1
133 245 1
134 163 1
135 200 1
136 127 1
137 50 1
138 218 1
139 137 1
140 146 1
141 165 1
142 221 1
143 195 1
144 204 1
145 65 1
146 210 1
147 176 1
148 26 1
149 184 1
150 234 1
151 239 1
152 147 1
153 183 1
154 191 1
155 50 1
156 71 1
157 62 1
158 113 1
159 90 1
160 215 1
161 104 1
162 214 1
163 34 1
164 162 1
165 23 1
166 39 1
167 219 1
168 145 1
169 3 1
169 42 1
169 144 1
169 185 1
169 208 1
170 21 1
170 171 1
170 175 1
170 189 1
170 239 1
171 148 1
172 22 1
172 152 1
172 156 1
172 181 1
173 96 1
174 109 1
175 249 1
176 102 1
177 173 1
178 171 1
179 15 1
180 173 1
181 72 1
182 101 1
183 146 1
184 76 1
185 25 1
186 195 1
187 223 1
188 24 1
189 210 1
190 60 1
191 49 1
192 136 1
193 151 1
194 160 1
195 141 1
196 28 1
197 110 1
198 40 1
199 133 1
200 217 1
201 157 1
202 18 1
203 183 1
204 112 1
205 202 1
206 222 1
207 83 1
208 218 1
209 143 1
210 130 1
211 182 1
212 47 1
213 100 1
214 169 1
214 172 1
214 197 1
215 66 1
216 188 1
217 135 1
217 212 1
217 234 1
218 223 1
219 160 1
220 47 1
220 213 1
220 215 1
221 120 1
222 2 1
222 27 1
223 114 1
224 94 1
225 12 1
226 148 1
227 79 1
228 237 1
229 7 1
230 159 1
231 236 1
232 216 1
233 73 1
234 92 1
235 123 1
236 63 1
237 226 1
238 245 1
239 188 1
241 53 1
242 224 1
243 238 1
244 168 1
245 105 1
245 199 1
246 215 1
246 241 1
247 55 1
247 85 1
248 129 1
248 222 1
249 99 1
250 4 1
251 6 1
252 247 1
