1 103 1
1 147 1
1 175 1
1 208 1
1 237 1
2 166 1
3 28 1
3 33 1
3 51 1
3 151 1
3 190 1
3 240 1
4 101 1
5 2 1
5 18 1
5 92 1
5 219 1
5 232 1
6 24 1
7 44 1
7 73 1
7 112 1
7 153 1
7 169 1
7 241 1
8 10 1
9 34 1
9 125 1
9 127 1
9 149 1
9 226 1
10 185 1
11 12 1
11 72 1
11 79 1
11 136 1
11 199 1
11 243 1
12 236 1
13 30 1
13 53 1
13 76 1
13 138 1
13 213 1
14 119 1
15 14 1
15 88 1
15 138 1
15 144 1
15 171 1
15 227 1
16 45 1
17 3 1
17 97 1
17 214 1
17 224 1
17 238 1
18 25 1
19 66 1
19 168 1
19 185 1
19 192 1
19 222 1
19 234 1
20 228 1
21 160 1
21 165 1
21 174 1
21 204 1
21 242 1
22 234 1
23 19 1
23 67 1
23 158 1
23 191 1
23 233 1
23 239 1
24 188 1
25 54 1
25 154 1
25 162 1
26 143 1
27 24 1
27 26 1
27 130 1
27 191 1
28 178 1
29 143 1
29 151 1
29 154 1
29 179 1
29 223 1
29 226 1
30 187 1
31 98 1
31 107 1
31 165 1
31 243 1
32 56 1
33 167 1
34 111 1
34 112 1
34 168 1
35 16 1
36 148 1
37 1 1
37 110 1
38 212 1
39 212 1
40 169 1
41 8 1
41 17 1
41 75 1
41 89 1
41 105 1
41 115 1
41 131 1
41 156 1
41 164 1
41 166 1
41 170 1
41 197 1
41 212 1
41 216 1
42 8 1
42 172 1
43 146 1
44 179 1
44 186 1
44 225 1
45 200 1
46 183 1
47 83 1
47 109 1
47 245 1
48 128 1
49 237 1
50 35 1
50 77 1
51 200 1
52 173 1
53 157 1
54 34 1
54 42 1
54 60 1
54 213 1
54 245 1
55 81 1
55 173 1
56 244 1
57 68 1
57 210 1
57 217 1
58 52 1
59 206 1
60 29 1
60 202 1
60 210 1
61 206 1
62 135 1
63 170 1
63 252 1
64 117 1
65 94 1
66 170 1
67 18 1
67 148 1
67 159 1
67 192 1
67 200 1
68 120 1
68 193 1
69 223 1
70 67 1
70 95 1
70 152 1
71 122 1
72 234 1
73 152 1
73 181 1
73 204 1
73 250 1
74 208 1
75 96 1
76 121 1
77 15 1
77 157 1
77 170 1
78 13 1
78 26 1
78 247 1
79 60 1
80 174 1
81 215 1
82 16 1
82 183 1
83 37 1
84 171 1
84 191 1
85 163 1
85 219 1
86 5 1
87 100 1
88 189 1
89 73 1
89 136 1
90 31 1
91 80 1
91 171 1
92 69 1
92 86 1
93 224 1
94 180 1
95 199 1
96 74 1
96 167 1
97 251 1
98 113 1
98 145 1
99 47 1
99 235 1
100 182 1
101 218 1
102 22 1
103 166 1
103 230 1
104 189 1
105 93 1
105 241 1
106 2 1
106 43 1
107 238 1
108 231 1
109 247 1
110 114 1
110 122 1
111 153 1
112 9 1
113 91 1
114 230 1
115 145 1
116 149 1
117 215 1
118 20 1
119 156 1
120 214 1
121 96 1
122 37 1
123 59 1
124 106 1
125 227 1
126 155 1
127 173 1
128 87 1
129 217 1
130 7 1
131 39 1
132 36 1
133 77 1
134 22 1
135 224 1
136 144 1
137 146 1
138 176 1
139 213 1
140 133 1
141 102 1
142 218 1
143 50 1
144 11 1
145 104 1
146 235 1
147 246 1
148 161 1
149 21 1
150 248 1
151 160 1
152 65 1
153 222 1
154 99 1
155 161 1
156 27 1
157 190 1
158 216 1
159 70 1
160 28 1
161 193 1
162 46 1
163 195 1
164 38 1
165 252 1
166 176 1
167 47 1
168 229 1
169 30 1
169 130 1
169 184 1
169 216 1
169 233 1
170 50 1
170 82 1
170 141 1
170 215 1
170 235 1
171 6 1
172 84 1
172 110 1
172 158 1
172 220 1
173 195 1
174 178 1
175 221 1
176 163 1
177 108 1
178 78 1
179 62 1
180 231 1
181 64 1
182 85 1
183 54 1
184 167 1
185 150 1
186 48 1
187 32 1
188 6 1
189 242 1
190 49 1
191 90 1
192 23 1
193 155 1
194 177 1
195 232 1
196 249 1
197 250 1
198 181 1
199 162 1
200 237 1
201 219 1
202 103 1
203 150 1
204 221 1
205 4 1
206 123 1
207 4 1
208 202 1
209 128 1
210 180 1
211 248 1
212 228 1
213 58 1
214 71 1
214 186 1
214 188 1
215 137 1
216 179 1
217 20 1
217 220 1
217 244 1
218 171 1
219 182 1
220 14 1
220 57 1
220 129 1
221 168 1
222 172 1
222 240 1
223 251 1
224 159 1
225 10 1
226 197 1
227 239 1
228 12 1
229 61 1
230 120 1
231 32 1
232 173 1
233 40 1
234 218 1
235 239 1
236 81 1
237 63 1
238 177 1
239 139 1
241 225 1
242 114 1
243 246 1
244 55 1
245 164 1
245 236 1
246 175 1
246 249 1
247 187 1
247 229 1
248 184 1
248 185 1
249 147 1
250 89 1
251 63 1
252 221 1
