1 30 1
1 46 1
1 148 1
1 155 1
1 200 1
2 47 1
3 19 1
3 37 1
3 103 1
3 168 1
3 200 1
3 242 1
4 16 1
5 24 1
5 42 1
5 102 1
5 216 1
5 217 1
6 171 1
7 29 1
7 45 1
7 48 1
7 119 1
7 222 1
7 245 1
8 77 1
9 83 1
9 130 1
9 151 1
9 226 1
9 239 1
10 32 1
11 71 1
11 152 1
11 177 1
11 192 1
11 216 1
11 238 1
12 23 1
13 100 1
13 168 1
13 218 1
13 231 1
13 251 1
14 233 1
15 16 1
15 75 1
15 128 1
15 165 1
15 166 1
15 181 1
16 12 1
17 72 1
17 78 1
17 107 1
17 122 1
17 185 1
18 77 1
19 4 1
19 69 1
19 87 1
19 151 1
19 187 1
19 230 1
20 143 1
21 181 1
21 200 1
21 204 1
21 208 1
21 247 1
22 66 1
23 59 1
23 73 1
23 121 1
23 199 1
23 210 1
23 214 1
24 13 1
25 17 1
25 115 1
25 145 1
26 183 1
27 86 1
27 129 1
27 172 1
27 191 1
28 26 1
29 62 1
29 89 1
29 144 1
29 212 1
29 234 1
29 247 1
30 189 1
31 50 1
31 147 1
31 175 1
31 252 1
32 219 1
33 51 1
34 28 1
34 197 1
34 220 1
35 220 1
36 222 1
37 120 1
37 157 1
38 81 1
39 230 1
40 239 1
41 2 1
41 20 1
41 53 1
41 94 1
41 96 1
41 114 1
41 133 1
41 136 1
41 163 1
41 173 1
41 186 1
41 197 1
41 212 1
41 244 1
42 229 1
42 249 1
43 80 1
44 57 1
44 206 1
44 215 1
45 34 1
46 76 1
47 28 1
47 110 1
47 152 1
48 204 1
49 164 1
50 136 1
50 237 1
51 117 1
52 180 1
53 250 1
54 36 1
54 81 1
54 156 1
54 182 1
54 244 1
55 52 1
55 245 1
56 162 1
57 49 1
57 104 1
57 251 1
58 246 1
59 12 1
60 176 1
60 193 1
60 221 1
61 233 1
62 248 1
63 95 1
63 176 1
64 123 1
65 54 1
66 109 1
67 20 1
67 108 1
67 174 1
67 215 1
67 225 1
68 15 1
68 63 1
69 170 1
70 8 1
70 18 1
70 173 1
71 163 1
72 229 1
73 33 1
73 68 1
73 225 1
73 241 1
74 237 1
75 149 1
76 178 1
77 67 1
77 167 1
77 192 1
78 25 1
78 60 1
78 234 1
79 231 1
80 67 1
81 164 1
82 85 1
82 213 1
83 3 1
84 185 1
84 224 1
85 170 1
85 248 1
86 110 1
87 167 1
88 27 1
89 101 1
89 223 1
90 188 1
91 141 1
91 221 1
92 146 1
92 241 1
93 50 1
94 214 1
95 146 1
96 58 1
96 61 1
97 219 1
98 40 1
98 202 1
99 5 1
99 74 1
100 223 1
101 8 1
102 98 1
103 93 1
103 218 1
104 238 1
105 112 1
105 138 1
106 103 1
106 216 1
107 10 1
108 92 1
109 246 1
110 22 1
110 127 1
111 184 1
112 228 1
113 186 1
114 227 1
115 97 1
116 148 1
117 70 1
118 6 1
119 155 1
120 160 1
121 173 1
122 35 1
123 217 1
124 218 1
125 166 1
126 240 1
127 221 1
128 177 1
129 88 1
130 137 1
131 14 1
132 191 1
133 65 1
134 99 1
135 11 1
136 144 1
137 170 1
138 165 1
139 249 1
140 227 1
141 90 1
142 34 1
143 145 1
144 239 1
145 240 1
146 213 1
147 79 1
148 190 1
149 179 1
150 182 1
151 161 1
152 172 1
153 235 1
154 187 1
155 178 1
156 63 1
157 232 1
158 250 1
159 73 1
160 195 1
161 14 1
162 44 1
163 89 1
164 38 1
165 161 1
166 54 1
167 122 1
168 243 1
169 30 1
169 113 1
169 149 1
169 202 1
169 235 1
170 82 1
170 130 1
170 150 1
170 224 1
170 242 1
171 10 1
172 31 1
172 32 1
172 47 1
172 188 1
173 106 1
174 125 1
175 171 1
176 167 1
177 180 1
178 39 1
179 236 1
180 128 1
181 206 1
182 170 1
183 185 1
184 22 1
185 139 1
186 169 1
187 138 1
188 112 1
189 1 1
190 160 1
191 105 1
192 210 1
193 158 1
194 189 1
195 158 1
196 114 1
197 111 1
198 56 1
199 191 1
200 236 1
201 179 1
202 183 1
203 215 1
204 7 1
205 143 1
206 190 1
207 171 1
208 171 1
209 154 1
210 184 1
211 153 1
212 224 1
213 21 1
214 84 1
214 91 1
214 179 1
215 232 1
216 135 1
217 64 1
217 150 1
217 228 1
218 24 1
219 9 1
220 60 1
220 157 1
220 226 1
221 173 1
222 120 1
222 237 1
223 234 1
224 55 1
225 153 1
226 4 1
227 243 1
228 147 1
229 6 1
230 175 1
231 159 1
232 37 1
233 2 1
234 208 1
235 199 1
236 96 1
237 168 1
238 162 1
239 219 1
241 159 1
242 26 1
243 193 1
244 169 1
245 212 1
245 235 1
246 131 1
246 252 1
247 174 1
247 213 1
248 18 1
248 154 1
249 166 1
250 195 1
251 156 1
252 43 1
