1 10 1
1 83 1
1 167 1
1 191 1
1 193 1
2 170 1
3 35 1
3 37 1
3 150 1
3 182 1
3 208 1
3 212 1
4 112 1
5 69 1
5 111 1
5 174 1
5 221 1
5 222 1
6 158 1
7 22 1
7 33 1
7 145 1
7 170 1
7 177 1
7 247 1
8 19 1
9 1 1
9 120 1
9 188 1
9 215 1
9 233 1
10 76 1
11 32 1
11 52 1
11 58 1
11 88 1
11 193 1
11 226 1
12 242 1
13 85 1
13 121 1
13 164 1
13 224 1
13 237 1
14 166 1
15 57 1
15 127 1
15 155 1
15 206 1
15 225 1
15 231 1
16 168 1
17 32 1
17 68 1
17 77 1
17 93 1
17 222 1
18 250 1
19 43 1
19 59 1
19 65 1
19 149 1
19 184 1
19 233 1
20 114 1
21 18 1
21 110 1
21 165 1
21 167 1
21 217 1
22 213 1
23 31 1
23 77 1
23 179 1
23 186 1
23 204 1
23 227 1
24 14 1
25 28 1
25 54 1
25 71 1
26 155 1
27 4 1
27 122 1
27 216 1
27 244 1
28 47 1
29 30 1
29 55 1
29 179 1
29 183 1
29 191 1
29 236 1
30 166 1
31 136 1
31 143 1
31 162 1
31 208 1
32 22 1
33 86 1
34 21 1
34 23 1
34 156 1
35 46 1
36 199 1
37 146 1
37 237 1
38 17 1
39 103 1
40 167 1
41 6 1
41 7 1
41 66 1
41 73 1
41 90 1
41 115 1
41 168 1
41 173 1
41 195 1
41 213 1
41 226 1
41 240 1
41 243 1
41 245 1
42 225 1
42 241 1
43 170 1
44 107 1
44 179 1
44 243 1
45 82 1
46 229 1
47 61 1
47 202 1
47 249 1
48 141 1
49 197 1
50 53 1
50 147 1
51 148 1
52 231 1
53 251 1
54 114 1
54 171 1
54 212 1
54 228 1
54 250 1
55 12 1
55 63 1
56 153 1
57 191 1
57 214 1
57 252 1
58 64 1
59 34 1
60 133 1
60 148 1
60 230 1
61 28 1
62 112 1
63 11 1
63 218 1
64 154 1
65 199 1
66 248 1
67 170 1
67 182 1
67 189 1
67 239 1
67 248 1
68 171 1
68 234 1
69 219 1
70 123 1
70 168 1
70 169 1
71 128 1
72 242 1
73 4 1
73 8 1
73 130 1
73 216 1
74 129 1
75 232 1
76 235 1
77 157 1
77 173 1
77 232 1
78 75 1
78 95 1
78 218 1
79 92 1
80 125 1
81 67 1
82 158 1
82 251 1
83 18 1
84 36 1
84 240 1
85 81 1
85 149 1
86 117 1
87 156 1
88 239 1
89 103 1
89 178 1
90 12 1
91 145 1
91 163 1
92 48 1
92 172 1
93 177 1
94 210 1
95 160 1
96 24 1
96 181 1
97 227 1
98 206 1
98 223 1
99 108 1
99 184 1
100 70 1
101 130 1
102 94 1
103 104 1
103 214 1
104 49 1
105 20 1
105 187 1
106 120 1
106 192 1
107 185 1
108 210 1
109 2 1
110 105 1
110 202 1
111 180 1
112 98 1
113 51 1
114 204 1
115 171 1
116 213 1
117 234 1
118 173 1
119 101 1
120 246 1
121 239 1
122 220 1
123 100 1
124 138 1
125 147 1
126 37 1
127 60 1
128 26 1
129 219 1
130 200 1
131 221 1
132 131 1
133 200 1
134 174 1
135 16 1
136 74 1
137 128 1
138 14 1
139 238 1
140 153 1
141 50 1
142 171 1
143 56 1
144 60 1
145 26 1
146 3 1
147 175 1
148 245 1
149 13 1
150 42 1
151 218 1
152 10 1
153 72 1
154 113 1
155 2 1
156 238 1
157 246 1
158 178 1
159 154 1
160 212 1
161 16 1
162 159 1
163 220 1
164 197 1
165 169 1
166 24 1
167 221 1
168 135 1
169 106 1
169 161 1
169 172 1
169 224 1
169 235 1
170 63 1
170 109 1
170 166 1
170 188 1
170 249 1
171 241 1
172 79 1
172 81 1
172 96 1
172 159 1
173 185 1
174 89 1
175 67 1
176 187 1
177 237 1
178 144 1
179 78 1
180 186 1
181 102 1
182 163 1
183 161 1
184 45 1
185 44 1
186 151 1
187 62 1
188 99 1
189 228 1
190 236 1
191 91 1
192 20 1
193 235 1
194 190 1
195 122 1
196 29 1
197 5 1
198 38 1
199 84 1
200 73 1
201 89 1
202 181 1
203 234 1
204 136 1
205 146 1
206 215 1
207 143 1
208 185 1
209 137 1
210 180 1
211 144 1
212 6 1
213 30 1
214 39 1
214 157 1
214 244 1
215 219 1
216 9 1
217 34 1
217 119 1
217 224 1
218 152 1
219 40 1
220 27 1
220 152 1
220 176 1
221 139 1
222 47 1
222 150 1
223 8 1
224 247 1
225 252 1
226 215 1
227 192 1
228 87 1
229 200 1
230 50 1
231 97 1
232 110 1
233 162 1
234 189 1
235 165 1
236 216 1
237 190 1
238 195 1
239 80 1
241 54 1
242 96 1
243 138 1
244 160 1
245 176 1
245 223 1
246 173 1
246 229 1
247 164 1
247 217 1
248 25 1
248 175 1
249 183 1
250 151 1
251 230 1
252 15 1
