1 92 1
1 106 1
1 174 1
1 192 1
1 219 1
2 241 1
3 57 1
3 138 1
3 163 1
3 232 1
3 239 1
3 242 1
4 227 1
5 82 1
5 173 1
5 213 1
5 220 1
5 246 1
6 67 1
7 14 1
7 24 1
7 25 1
7 98 1
7 226 1
7 237 1
8 191 1
9 54 1
9 101 1
9 104 1
9 157 1
9 185 1
10 5 1
11 20 1
11 110 1
11 143 1
11 155 1
11 242 1
11 244 1
12 63 1
13 64 1
13 188 1
13 223 1
13 237 1
13 240 1
14 28 1
15 60 1
15 173 1
15 202 1
15 210 1
15 221 1
15 222 1
16 208 1
17 35 1
17 81 1
17 153 1
17 166 1
17 234 1
18 200 1
19 69 1
19 115 1
19 135 1
19 136 1
19 157 1
19 215 1
20 37 1
21 22 1
21 79 1
21 147 1
21 186 1
21 191 1
22 150 1
23 29 1
23 120 1
23 150 1
23 184 1
23 187 1
23 197 1
24 236 1
25 81 1
25 161 1
25 221 1
26 182 1
27 33 1
27 103 1
27 178 1
27 244 1
28 110 1
29 63 1
29 74 1
29 75 1
29 162 1
29 164 1
29 220 1
30 55 1
31 32 1
31 103 1
31 235 1
31 239 1
32 173 1
33 113 1
34 72 1
34 77 1
34 180 1
35 185 1
36 169 1
37 60 1
37 206 1
38 123 1
39 199 1
40 172 1
41 26 1
41 30 1
41 44 1
41 70 1
41 100 1
41 122 1
41 128 1
41 148 1
41 165 1
41 168 1
41 192 1
41 195 1
41 217 1
41 223 1
42 12 1
42 16 1
43 240 1
44 6 1
44 158 1
44 213 1
45 96 1
46 181 1
47 7 1
47 137 1
47 145 1
48 156 1
49 189 1
50 58 1
50 109 1
51 71 1
52 199 1
53 224 1
54 87 1
54 165 1
54 176 1
54 208 1
54 216 1
55 6 1
55 245 1
56 144 1
57 78 1
57 221 1
57 241 1
58 16 1
59 171 1
60 28 1
60 162 1
60 189 1
61 218 1
62 156 1
63 99 1
63 179 1
64 230 1
65 34 1
66 146 1
67 8 1
67 66 1
67 125 1
67 218 1
67 229 1
68 96 1
68 159 1
69 248 1
70 9 1
70 152 1
70 250 1
71 114 1
72 95 1
73 89 1
73 202 1
73 204 1
73 232 1
74 212 1
75 167 1
76 85 1
77 1 1
77 80 1
77 226 1
78 170 1
78 180 1
78 200 1
79 160 1
80 224 1
81 22 1
82 10 1
82 183 1
83 174 1
84 42 1
84 217 1
85 141 1
85 219 1
86 2 1
87 149 1
88 20 1
89 133 1
89 182 1
90 88 1
91 54 1
91 233 1
92 77 1
92 251 1
93 129 1
94 251 1
95 47 1
96 224 1
96 228 1
97 111 1
98 11 1
98 13 1
99 12 1
99 237 1
100 238 1
101 186 1
102 166 1
103 14 1
103 219 1
104 84 1
105 37 1
105 144 1
106 191 1
106 200 1
107 246 1
108 188 1
109 252 1
110 187 1
110 218 1
111 34 1
112 32 1
113 225 1
114 173 1
115 4 1
116 158 1
117 239 1
118 43 1
119 18 1
120 143 1
121 89 1
122 36 1
123 176 1
124 108 1
125 168 1
126 190 1
127 163 1
128 17 1
129 231 1
130 225 1
131 146 1
132 131 1
133 73 1
134 139 1
135 119 1
136 169 1
137 250 1
138 249 1
139 117 1
140 252 1
141 213 1
142 68 1
143 23 1
144 120 1
145 15 1
146 67 1
147 8 1
148 154 1
149 234 1
150 130 1
151 248 1
152 170 1
153 128 1
154 45 1
155 178 1
156 59 1
157 193 1
158 114 1
159 227 1
160 52 1
161 159 1
162 229 1
163 38 1
164 46 1
165 155 1
166 53 1
167 170 1
168 138 1
169 19 1
169 31 1
169 48 1
169 177 1
169 247 1
170 21 1
170 171 1
170 215 1
170 230 1
170 243 1
171 167 1
172 2 1
172 39 1
172 127 1
172 228 1
173 147 1
174 130 1
175 154 1
176 152 1
177 49 1
178 185 1
179 50 1
180 56 1
181 179 1
182 216 1
183 107 1
184 170 1
185 27 1
186 102 1
187 151 1
188 234 1
189 175 1
190 3 1
191 212 1
192 62 1
193 121 1
194 179 1
195 222 1
196 236 1
197 149 1
198 168 1
199 93 1
200 160 1
201 238 1
202 65 1
203 245 1
204 90 1
205 183 1
206 105 1
207 94 1
208 91 1
209 235 1
210 76 1
211 181 1
212 112 1
213 216 1
214 166 1
214 172 1
214 249 1
215 177 1
216 148 1
217 4 1
217 73 1
217 231 1
218 97 1
219 112 1
220 233 1
220 243 1
220 247 1
221 30 1
222 145 1
222 206 1
223 193 1
224 197 1
225 235 1
226 47 1
227 161 1
228 214 1
229 215 1
230 167 1
231 50 1
232 61 1
233 40 1
234 195 1
235 171 1
236 204 1
237 26 1
238 24 1
239 184 1
241 151 1
242 190 1
243 214 1
244 153 1
245 51 1
245 86 1
246 10 1
246 83 1
247 136 1
247 175 1
248 18 1
248 164 1
249 122 1
250 210 1
251 171 1
252 212 1
