1 96 1
1 109 1
1 163 1
1 167 1
1 221 1
2 184 1
3 2 1
3 24 1
3 169 1
3 183 1
3 223 1
3 236 1
4 247 1
5 73 1
5 92 1
5 150 1
5 206 1
5 218 1
6 231 1
7 58 1
7 59 1
7 69 1
7 70 1
7 181 1
7 200 1
8 172 1
9 42 1
9 150 1
9 179 1
9 181 1
9 248 1
10 158 1
11 32 1
11 43 1
11 166 1
11 200 1
11 216 1
11 242 1
12 200 1
13 26 1
13 138 1
13 168 1
13 175 1
13 186 1
14 148 1
15 7 1
15 64 1
15 170 1
15 173 1
15 213 1
15 214 1
16 246 1
17 31 1
17 55 1
17 60 1
17 95 1
17 227 1
18 241 1
19 11 1
19 84 1
19 155 1
19 199 1
19 204 1
19 232 1
20 188 1
21 37 1
21 51 1
21 68 1
21 148 1
21 180 1
22 133 1
23 49 1
23 138 1
23 149 1
23 191 1
23 219 1
23 225 1
24 108 1
25 20 1
25 117 1
25 163 1
26 145 1
27 33 1
27 46 1
27 122 1
27 144 1
28 230 1
29 147 1
29 153 1
29 167 1
29 193 1
29 247 1
29 250 1
30 179 1
31 47 1
31 114 1
31 213 1
31 224 1
32 230 1
33 215 1
34 30 1
34 103 1
34 210 1
35 78 1
36 129 1
37 50 1
37 87 1
38 35 1
39 81 1
40 242 1
41 22 1
41 25 1
41 131 1
41 137 1
41 149 1
41 157 1
41 165 1
41 171 1
41 188 1
41 218 1
41 234 1
41 236 1
41 239 1
41 249 1
42 90 1
42 170 1
43 252 1
44 5 1
44 178 1
44 235 1
45 244 1
46 162 1
47 27 1
47 130 1
47 159 1
48 9 1
49 147 1
50 224 1
50 227 1
51 110 1
52 22 1
53 23 1
54 16 1
54 120 1
54 224 1
54 228 1
54 240 1
55 54 1
55 235 1
56 50 1
57 146 1
57 162 1
57 208 1
58 12 1
59 239 1
60 96 1
60 153 1
60 187 1
61 121 1
62 21 1
63 99 1
63 112 1
64 160 1
65 191 1
66 104 1
67 63 1
67 128 1
67 170 1
67 178 1
67 210 1
68 182 1
68 189 1
69 192 1
70 2 1
70 54 1
70 193 1
71 159 1
72 154 1
73 10 1
73 24 1
73 44 1
73 229 1
74 245 1
75 202 1
76 3 1
77 6 1
77 61 1
77 127 1
78 30 1
78 166 1
78 186 1
79 197 1
80 234 1
81 183 1
82 4 1
82 74 1
83 101 1
84 221 1
84 234 1
85 14 1
85 146 1
86 250 1
87 40 1
88 72 1
89 179 1
89 217 1
90 239 1
91 119 1
91 245 1
92 106 1
92 212 1
93 168 1
94 206 1
95 52 1
96 195 1
96 235 1
97 231 1
98 14 1
98 212 1
99 165 1
99 195 1
100 180 1
101 219 1
102 217 1
103 143 1
103 176 1
104 221 1
105 38 1
105 83 1
106 20 1
106 32 1
107 199 1
108 197 1
109 189 1
110 67 1
110 141 1
111 155 1
112 122 1
113 97 1
114 190 1
115 112 1
116 93 1
117 88 1
118 177 1
119 143 1
120 204 1
121 164 1
122 63 1
123 103 1
124 187 1
125 216 1
126 86 1
127 171 1
128 173 1
129 75 1
130 151 1
131 237 1
132 248 1
133 185 1
134 219 1
135 77 1
136 34 1
137 120 1
138 123 1
139 34 1
140 238 1
141 105 1
142 225 1
143 91 1
144 1 1
145 89 1
146 28 1
147 100 1
148 85 1
149 152 1
150 158 1
151 167 1
152 62 1
153 17 1
154 15 1
155 175 1
156 71 1
157 45 1
158 243 1
159 184 1
160 238 1
161 13 1
162 174 1
163 47 1
164 222 1
165 151 1
166 19 1
167 130 1
168 228 1
169 89 1
169 157 1
169 164 1
169 215 1
169 232 1
170 8 1
170 102 1
170 145 1
170 154 1
170 160 1
171 6 1
172 125 1
172 170 1
172 191 1
172 218 1
173 222 1
174 168 1
175 212 1
176 251 1
177 233 1
178 171 1
179 8 1
180 169 1
181 16 1
182 39 1
183 28 1
184 233 1
185 79 1
186 161 1
187 66 1
188 10 1
189 94 1
190 80 1
191 18 1
192 81 1
193 98 1
194 53 1
195 244 1
196 176 1
197 177 1
198 229 1
199 36 1
200 202 1
201 241 1
202 173 1
203 4 1
204 152 1
205 115 1
206 190 1
207 18 1
208 237 1
209 65 1
210 110 1
211 251 1
212 135 1
213 249 1
214 26 1
214 29 1
214 166 1
215 223 1
216 136 1
217 12 1
217 57 1
217 107 1
218 156 1
219 220 1
220 77 1
220 136 1
220 243 1
221 185 1
222 128 1
222 182 1
223 213 1
224 215 1
225 161 1
226 144 1
227 37 1
228 174 1
229 67 1
230 111 1
231 171 1
232 208 1
233 216 1
234 139 1
235 73 1
236 76 1
237 252 1
238 172 1
239 156 1
241 246 1
242 60 1
243 56 1
244 220 1
245 82 1
245 237 1
246 173 1
246 192 1
247 114 1
247 214 1
248 48 1
248 113 1
249 226 1
250 226 1
251 240 1
252 185 1
