1 17 1
1 65 1
1 108 1
1 212 1
1 247 1
2 236 1
3 4 1
3 102 1
3 154 1
3 158 1
3 159 1
3 175 1
4 110 1
5 3 1
5 190 1
5 221 1
5 223 1
5 240 1
6 243 1
7 40 1
7 55 1
7 151 1
7 202 1
7 222 1
7 238 1
8 174 1
9 171 1
9 180 1
9 191 1
9 240 1
9 245 1
10 135 1
11 6 1
11 34 1
11 101 1
11 168 1
11 192 1
11 218 1
12 234 1
13 67 1
13 122 1
13 173 1
13 193 1
13 227 1
14 167 1
15 22 1
15 66 1
15 89 1
15 182 1
15 213 1
15 214 1
16 249 1
17 25 1
17 32 1
17 74 1
17 113 1
17 144 1
18 214 1
19 77 1
19 96 1
19 111 1
19 138 1
19 147 1
19 187 1
20 92 1
21 105 1
21 110 1
21 168 1
21 179 1
21 187 1
22 155 1
23 2 1
23 16 1
23 103 1
23 123 1
23 215 1
23 224 1
24 28 1
25 76 1
25 166 1
25 243 1
26 252 1
27 9 1
27 119 1
27 181 1
27 251 1
28 215 1
29 26 1
29 45 1
29 70 1
29 144 1
29 171 1
29 244 1
30 47 1
31 185 1
31 221 1
31 246 1
31 250 1
32 162 1
33 148 1
34 1 1
34 152 1
34 157 1
35 39 1
36 21 1
37 38 1
37 77 1
38 238 1
39 228 1
40 252 1
41 51 1
41 58 1
41 69 1
41 85 1
41 137 1
41 146 1
41 160 1
41 167 1
41 173 1
41 178 1
41 189 1
41 204 1
41 208 1
41 234 1
42 107 1
42 200 1
43 78 1
44 75 1
44 89 1
44 200 1
45 27 1
46 50 1
47 83 1
47 160 1
47 220 1
48 156 1
49 170 1
50 18 1
50 54 1
51 250 1
52 98 1
53 188 1
54 46 1
54 179 1
54 185 1
54 190 1
54 212 1
55 162 1
55 173 1
56 195 1
57 15 1
57 18 1
57 156 1
58 191 1
59 20 1
60 63 1
60 173 1
60 178 1
61 103 1
62 199 1
63 154 1
63 157 1
64 221 1
65 237 1
66 216 1
67 120 1
67 220 1
67 228 1
67 231 1
67 246 1
68 47 1
68 241 1
69 231 1
70 97 1
70 109 1
70 169 1
71 204 1
72 71 1
73 19 1
73 30 1
73 195 1
73 202 1
74 239 1
75 165 1
76 64 1
77 73 1
77 171 1
77 235 1
78 130 1
78 147 1
78 174 1
79 67 1
80 54 1
81 128 1
82 122 1
82 210 1
83 30 1
84 28 1
84 191 1
85 136 1
85 218 1
86 20 1
87 176 1
88 79 1
89 149 1
89 164 1
90 193 1
91 59 1
91 143 1
92 86 1
92 197 1
93 8 1
94 33 1
95 49 1
96 73 1
96 170 1
97 226 1
98 35 1
98 60 1
99 44 1
99 239 1
100 53 1
101 136 1
102 233 1
103 112 1
103 115 1
104 180 1
105 22 1
105 217 1
106 62 1
106 94 1
107 172 1
108 165 1
109 6 1
110 36 1
110 48 1
111 186 1
112 227 1
113 112 1
114 235 1
115 61 1
116 82 1
117 177 1
118 232 1
119 215 1
120 12 1
121 127 1
122 224 1
123 249 1
124 125 1
125 91 1
126 24 1
127 16 1
128 234 1
129 150 1
130 172 1
131 225 1
132 81 1
133 184 1
134 233 1
135 26 1
136 217 1
137 225 1
138 206 1
139 242 1
140 216 1
141 183 1
142 199 1
143 166 1
144 68 1
145 175 1
146 185 1
147 149 1
148 141 1
149 37 1
150 244 1
151 232 1
152 159 1
153 229 1
154 219 1
155 50 1
156 189 1
157 11 1
158 216 1
159 128 1
160 2 1
161 184 1
162 150 1
163 166 1
164 245 1
165 242 1
166 219 1
167 248 1
168 42 1
169 29 1
169 152 1
169 161 1
169 222 1
169 224 1
170 12 1
170 43 1
170 95 1
170 181 1
170 237 1
171 130 1
172 114 1
172 121 1
172 171 1
172 237 1
173 155 1
174 226 1
175 182 1
176 145 1
177 14 1
178 7 1
179 230 1
180 248 1
181 96 1
182 139 1
183 60 1
184 131 1
185 106 1
186 230 1
187 52 1
188 37 1
189 219 1
190 153 1
191 170 1
192 13 1
193 5 1
194 120 1
195 208 1
196 31 1
197 153 1
198 188 1
199 114 1
200 84 1
201 247 1
202 148 1
203 4 1
204 100 1
205 163 1
206 143 1
207 197 1
208 176 1
209 163 1
210 213 1
211 34 1
212 80 1
213 164 1
214 24 1
214 57 1
214 72 1
215 251 1
216 239 1
217 167 1
217 183 1
217 229 1
218 23 1
219 10 1
220 56 1
220 87 1
220 133 1
221 161 1
222 32 1
222 145 1
223 169 1
224 223 1
225 117 1
226 81 1
227 192 1
228 218 1
229 212 1
230 8 1
231 138 1
232 63 1
233 99 1
234 88 1
235 206 1
236 200 1
237 104 1
238 235 1
239 210 1
241 168 1
242 93 1
243 146 1
244 129 1
245 186 1
245 213 1
246 170 1
246 177 1
247 151 1
247 158 1
248 14 1
248 90 1
249 10 1
250 236 1
251 179 1
252 241 1
