1 20 1
1 40 1
1 44 1
1 213 1
1 223 1
2 10 1
3 81 1
3 92 1
3 119 1
3 175 1
3 185 1
3 232 1
4 32 1
5 129 1
5 173 1
5 179 1
5 212 1
5 246 1
6 151 1
7 8 1
7 28 1
7 90 1
7 94 1
7 102 1
7 154 1
8 54 1
9 100 1
9 105 1
9 111 1
9 138 1
9 189 1
10 156 1
11 18 1
11 61 1
11 83 1
11 164 1
11 170 1
11 184 1
12 32 1
13 49 1
13 93 1
13 128 1
13 222 1
13 224 1
14 224 1
15 17 1
15 85 1
15 117 1
15 143 1
15 145 1
15 166 1
16 217 1
17 91 1
17 146 1
17 155 1
17 160 1
17 210 1
18 234 1
19 24 1
19 65 1
19 73 1
19 160 1
19 191 1
19 222 1
20 210 1
21 11 1
21 55 1
21 71 1
21 197 1
21 200 1
22 36 1
23 12 1
23 120 1
23 177 1
23 186 1
23 236 1
23 252 1
24 159 1
25 52 1
25 62 1
25 167 1
26 193 1
27 88 1
27 103 1
27 159 1
27 215 1
28 173 1
29 51 1
29 77 1
29 163 1
29 183 1
29 200 1
29 225 1
30 163 1
31 74 1
31 168 1
31 218 1
31 223 1
32 213 1
33 208 1
34 96 1
34 164 1
34 188 1
35 202 1
36 185 1
37 59 1
37 216 1
38 10 1
39 252 1
40 22 1
41 8 1
41 16 1
41 53 1
41 78 1
41 89 1
41 114 1
41 131 1
41 150 1
41 152 1
41 206 1
41 208 1
41 215 1
41 231 1
41 234 1
42 219 1
42 239 1
43 138 1
44 14 1
44 21 1
44 130 1
45 181 1
46 86 1
47 5 1
47 206 1
47 239 1
48 68 1
49 185 1
50 101 1
50 249 1
51 146 1
52 165 1
53 169 1
54 14 1
54 20 1
54 77 1
54 153 1
54 235 1
55 84 1
55 109 1
56 139 1
57 26 1
57 34 1
57 60 1
58 246 1
59 171 1
60 80 1
60 144 1
60 212 1
61 237 1
62 162 1
63 16 1
63 220 1
64 43 1
65 161 1
66 171 1
67 66 1
67 148 1
67 168 1
67 214 1
67 215 1
68 174 1
68 244 1
69 108 1
70 30 1
70 37 1
70 170 1
71 189 1
72 27 1
73 76 1
73 173 1
73 190 1
73 233 1
74 75 1
75 31 1
76 226 1
77 48 1
77 180 1
77 182 1
78 137 1
78 172 1
78 174 1
79 19 1
80 148 1
81 176 1
82 143 1
82 229 1
83 204 1
84 42 1
84 87 1
85 24 1
85 178 1
86 127 1
87 104 1
88 241 1
89 135 1
89 176 1
90 161 1
91 15 1
91 187 1
92 150 1
92 250 1
93 186 1
94 193 1
95 234 1
96 4 1
96 57 1
97 18 1
98 63 1
98 113 1
99 67 1
99 149 1
100 242 1
101 187 1
102 151 1
103 177 1
103 200 1
104 195 1
105 45 1
105 191 1
106 35 1
106 247 1
107 99 1
108 183 1
109 188 1
110 97 1
110 248 1
111 192 1
112 155 1
113 145 1
114 96 1
115 26 1
116 60 1
117 251 1
118 115 1
119 162 1
120 25 1
121 30 1
122 46 1
123 248 1
124 4 1
125 58 1
126 50 1
127 217 1
128 247 1
129 228 1
130 67 1
131 1 1
132 6 1
133 236 1
134 157 1
135 197 1
136 250 1
137 181 1
138 130 1
139 6 1
140 179 1
141 9 1
142 212 1
143 136 1
144 133 1
145 141 1
146 29 1
147 191 1
148 47 1
149 182 1
150 158 1
151 7 1
152 56 1
153 70 1
154 243 1
155 169 1
156 218 1
157 81 1
158 221 1
159 89 1
160 110 1
161 221 1
162 73 1
163 121 1
164 37 1
165 213 1
166 243 1
167 179 1
168 110 1
169 125 1
169 152 1
169 230 1
169 242 1
169 244 1
170 106 1
170 167 1
170 190 1
170 227 1
170 237 1
171 13 1
172 33 1
172 233 1
172 240 1
172 241 1
173 229 1
174 147 1
175 192 1
176 3 1
177 122 1
178 249 1
179 230 1
180 54 1
181 175 1
182 112 1
183 232 1
184 2 1
185 239 1
186 82 1
187 34 1
188 238 1
189 226 1
190 245 1
191 235 1
192 120 1
193 149 1
194 72 1
195 95 1
196 112 1
197 235 1
198 28 1
199 224 1
200 122 1
201 38 1
202 237 1
203 136 1
204 240 1
205 114 1
206 50 1
207 216 1
208 98 1
209 23 1
210 170 1
211 199 1
212 158 1
213 12 1
214 153 1
214 173 1
214 221 1
215 165 1
216 154 1
217 63 1
217 79 1
217 157 1
218 231 1
219 220 1
220 180 1
220 204 1
220 251 1
221 227 1
222 168 1
222 171 1
223 184 1
224 195 1
225 166 1
226 103 1
227 22 1
228 128 1
229 214 1
230 167 1
231 166 1
232 238 1
233 69 1
234 171 1
235 147 1
236 144 1
237 219 1
238 202 1
239 156 1
241 199 1
242 245 1
243 225 1
244 218 1
245 39 1
245 123 1
246 47 1
246 172 1
247 170 1
247 228 1
248 64 1
248 107 1
249 2 1
250 178 1
251 219 1
252 216 1
