1 48 1
1 100 1
1 101 1
1 189 1
1 230 1
2 185 1
3 92 1
3 155 1
3 159 1
3 166 1
3 221 1
3 231 1
4 164 1
5 55 1
5 114 1
5 187 1
5 192 1
5 240 1
6 171 1
7 104 1
7 121 1
7 130 1
7 151 1
7 200 1
7 234 1
8 244 1
9 4 1
9 81 1
9 163 1
9 183 1
9 235 1
10 57 1
11 110 1
11 149 1
11 150 1
11 157 1
11 170 1
11 173 1
12 27 1
13 29 1
13 60 1
13 143 1
13 159 1
13 167 1
14 146 1
15 12 1
15 32 1
15 110 1
15 179 1
15 199 1
15 224 1
16 136 1
17 21 1
17 167 1
17 182 1
17 220 1
17 226 1
18 40 1
19 105 1
19 123 1
19 160 1
19 218 1
19 230 1
19 236 1
20 163 1
21 32 1
21 69 1
21 129 1
21 178 1
21 200 1
22 162 1
23 61 1
23 72 1
23 135 1
23 145 1
23 189 1
23 237 1
24 122 1
25 20 1
25 185 1
25 206 1
26 86 1
27 15 1
27 168 1
27 202 1
27 215 1
28 6 1
29 45 1
29 58 1
29 59 1
29 95 1
29 180 1
29 238 1
30 178 1
31 71 1
31 125 1
31 231 1
31 249 1
32 252 1
33 139 1
34 229 1
34 232 1
34 234 1
35 215 1
36 195 1
37 30 1
37 74 1
38 36 1
39 222 1
40 184 1
41 14 1
41 16 1
41 43 1
41 79 1
41 119 1
41 144 1
41 148 1
41 187 1
41 219 1
41 224 1
41 225 1
41 233 1
41 248 1
41 249 1
42 12 1
42 245 1
43 155 1
44 213 1
44 225 1
44 240 1
45 232 1
46 122 1
47 96 1
47 170 1
47 226 1
48 75 1
49 217 1
50 10 1
50 89 1
51 103 1
52 26 1
53 197 1
54 18 1
54 56 1
54 102 1
54 108 1
54 212 1
55 131 1
55 161 1
56 107 1
57 148 1
57 242 1
57 246 1
58 241 1
59 171 1
60 19 1
60 154 1
60 238 1
61 150 1
62 73 1
63 9 1
63 191 1
64 85 1
65 99 1
66 221 1
67 33 1
67 51 1
67 63 1
67 176 1
67 215 1
68 87 1
68 185 1
69 174 1
70 17 1
70 35 1
70 213 1
71 235 1
72 37 1
73 64 1
73 138 1
73 214 1
73 219 1
74 158 1
75 1 1
76 8 1
77 53 1
77 133 1
77 246 1
78 24 1
78 97 1
78 103 1
79 22 1
80 168 1
81 181 1
82 26 1
82 158 1
83 62 1
84 115 1
84 182 1
85 52 1
85 109 1
86 235 1
87 239 1
88 251 1
89 5 1
89 160 1
90 120 1
91 38 1
91 81 1
92 42 1
92 219 1
93 3 1
94 202 1
95 89 1
96 153 1
96 164 1
97 247 1
98 112 1
98 172 1
99 77 1
99 250 1
100 84 1
101 154 1
102 188 1
103 83 1
103 166 1
104 50 1
105 156 1
105 193 1
106 166 1
106 244 1
107 144 1
108 227 1
109 181 1
110 113 1
110 218 1
111 165 1
112 77 1
113 234 1
114 223 1
115 94 1
116 165 1
117 173 1
118 54 1
119 93 1
120 191 1
121 192 1
122 212 1
123 157 1
124 250 1
125 193 1
126 39 1
127 247 1
128 66 1
129 16 1
130 251 1
131 188 1
132 22 1
133 117 1
134 128 1
135 137 1
136 217 1
137 177 1
138 28 1
139 18 1
140 162 1
141 2 1
142 177 1
143 153 1
144 50 1
145 78 1
146 222 1
147 170 1
148 212 1
149 228 1
150 227 1
151 141 1
152 167 1
153 191 1
154 4 1
155 76 1
156 91 1
157 169 1
158 138 1
159 216 1
160 223 1
161 197 1
162 184 1
163 171 1
164 228 1
165 229 1
166 73 1
167 70 1
168 183 1
169 98 1
169 146 1
169 173 1
169 175 1
169 243 1
170 67 1
170 174 1
170 214 1
170 220 1
170 245 1
171 20 1
172 25 1
172 143 1
172 156 1
172 169 1
173 65 1
174 47 1
175 34 1
176 90 1
177 190 1
178 161 1
179 8 1
180 242 1
181 63 1
182 241 1
183 236 1
184 252 1
185 14 1
186 218 1
187 68 1
188 147 1
189 213 1
190 237 1
191 208 1
192 130 1
193 80 1
194 200 1
195 54 1
196 60 1
197 82 1
198 112 1
199 216 1
200 170 1
201 37 1
202 46 1
203 151 1
204 106 1
205 31 1
206 24 1
207 44 1
208 152 1
209 152 1
210 6 1
211 173 1
212 145 1
213 23 1
214 114 1
214 210 1
214 239 1
215 111 1
216 149 1
217 204 1
217 206 1
217 248 1
218 11 1
219 34 1
220 47 1
220 233 1
220 237 1
221 128 1
222 67 1
222 179 1
223 7 1
224 186 1
225 208 1
226 88 1
227 172 1
228 96 1
229 239 1
230 204 1
231 199 1
232 30 1
233 176 1
234 120 1
235 210 1
236 168 1
237 243 1
238 13 1
239 216 1
241 186 1
242 175 1
243 190 1
244 179 1
245 147 1
245 221 1
246 2 1
246 10 1
247 171 1
247 224 1
248 49 1
248 136 1
249 195 1
250 180 1
251 28 1
252 127 1
