1 8 1
1 40 1
1 89 1
1 171 1
1 179 1
2 80 1
3 155 1
3 165 1
3 170 1
3 234 1
3 236 1
3 239 1
4 16 1
5 86 1
5 147 1
5 167 1
5 182 1
5 229 1
6 28 1
7 1 1
7 61 1
7 189 1
7 192 1
7 221 1
7 237 1
8 92 1
9 3 1
9 56 1
9 72 1
9 163 1
9 233 1
10 95 1
11 20 1
11 35 1
11 91 1
11 104 1
11 113 1
11 159 1
12 249 1
13 139 1
13 149 1
13 177 1
13 222 1
13 249 1
14 74 1
15 4 1
15 53 1
15 59 1
15 177 1
15 184 1
15 188 1
16 147 1
17 54 1
17 82 1
17 131 1
17 191 1
17 206 1
18 237 1
19 30 1
19 63 1
19 99 1
19 186 1
19 214 1
19 244 1
20 160 1
21 10 1
21 32 1
21 69 1
21 73 1
21 150 1
22 105 1
23 43 1
23 57 1
23 130 1
23 206 1
23 228 1
23 243 1
24 133 1
25 8 1
25 49 1
25 252 1
26 62 1
27 37 1
27 85 1
27 162 1
27 173 1
28 13 1
29 45 1
29 50 1
29 170 1
29 178 1
29 180 1
29 223 1
30 200 1
31 58 1
31 100 1
31 156 1
31 232 1
32 42 1
33 183 1
34 154 1
34 191 1
34 215 1
35 224 1
36 167 1
37 176 1
37 179 1
38 144 1
39 224 1
40 110 1
41 47 1
41 67 1
41 101 1
41 120 1
41 122 1
41 123 1
41 127 1
41 191 1
41 221 1
41 225 1
41 226 1
41 233 1
41 243 1
41 245 1
42 26 1
42 145 1
43 225 1
44 18 1
44 166 1
44 212 1
45 122 1
46 11 1
47 103 1
47 106 1
47 168 1
48 20 1
49 141 1
50 138 1
50 161 1
51 143 1
52 117 1
53 200 1
54 109 1
54 148 1
54 171 1
54 210 1
54 216 1
55 115 1
55 157 1
56 176 1
57 112 1
57 171 1
57 212 1
58 208 1
59 215 1
60 197 1
60 202 1
60 216 1
61 178 1
62 239 1
63 47 1
63 152 1
64 148 1
65 218 1
66 9 1
67 22 1
67 34 1
67 75 1
67 121 1
67 138 1
68 34 1
68 55 1
69 31 1
70 60 1
70 135 1
70 242 1
71 12 1
72 187 1
73 155 1
73 172 1
73 215 1
73 251 1
74 25 1
75 169 1
76 190 1
77 181 1
77 239 1
77 250 1
78 24 1
78 187 1
78 227 1
79 14 1
80 128 1
81 163 1
82 15 1
82 24 1
83 170 1
84 6 1
84 188 1
85 168 1
85 214 1
86 180 1
87 36 1
88 195 1
89 2 1
89 83 1
90 87 1
91 46 1
91 168 1
92 10 1
92 14 1
93 193 1
94 153 1
95 5 1
96 23 1
96 98 1
97 18 1
98 213 1
98 227 1
99 114 1
99 221 1
100 213 1
101 160 1
102 182 1
103 63 1
103 114 1
104 234 1
105 67 1
105 175 1
106 112 1
106 223 1
107 250 1
108 154 1
109 2 1
110 125 1
110 200 1
111 130 1
112 152 1
113 216 1
114 50 1
115 190 1
116 73 1
117 172 1
118 195 1
119 220 1
120 224 1
121 144 1
122 156 1
123 235 1
124 179 1
125 231 1
126 54 1
127 230 1
128 248 1
129 247 1
130 185 1
131 174 1
132 136 1
133 181 1
134 175 1
135 213 1
136 238 1
137 158 1
138 30 1
139 68 1
140 231 1
141 166 1
142 242 1
143 162 1
144 204 1
145 48 1
146 4 1
147 66 1
148 167 1
149 183 1
150 244 1
151 240 1
152 111 1
153 245 1
154 173 1
155 90 1
156 208 1
157 79 1
158 165 1
159 29 1
160 240 1
161 173 1
162 185 1
163 192 1
164 149 1
165 137 1
166 12 1
167 81 1
168 6 1
169 60 1
169 64 1
169 77 1
169 81 1
169 204 1
170 32 1
170 70 1
170 96 1
170 97 1
170 159 1
171 17 1
172 22 1
172 76 1
172 186 1
172 247 1
173 226 1
174 218 1
175 158 1
176 21 1
177 96 1
178 65 1
179 7 1
180 193 1
181 185 1
182 146 1
183 212 1
184 52 1
185 143 1
186 197 1
187 39 1
188 210 1
189 89 1
190 16 1
191 252 1
192 151 1
193 151 1
194 189 1
195 150 1
196 219 1
197 169 1
198 235 1
199 78 1
200 93 1
201 157 1
202 222 1
203 234 1
204 219 1
205 26 1
206 171 1
207 229 1
208 88 1
209 145 1
210 161 1
211 77 1
212 33 1
213 241 1
214 136 1
214 146 1
214 235 1
215 246 1
216 37 1
217 110 1
217 120 1
217 246 1
218 119 1
219 27 1
220 51 1
220 166 1
220 218 1
221 84 1
222 107 1
222 153 1
223 251 1
224 248 1
225 238 1
226 184 1
227 199 1
228 108 1
229 217 1
230 129 1
231 38 1
232 174 1
233 103 1
234 220 1
235 19 1
236 128 1
237 44 1
238 71 1
239 228 1
241 164 1
242 170 1
243 232 1
244 164 1
245 94 1
245 241 1
246 219 1
246 237 1
247 202 1
247 230 1
248 217 1
248 236 1
249 28 1
250 173 1
251 102 1
252 199 1
