1 70 1
1 80 1
1 130 1
1 149 1
1 174 1
2 247 1
3 60 1
3 77 1
3 145 1
3 167 1
3 168 1
3 171 1
4 170 1
5 66 1
5 114 1
5 177 1
5 213 1
5 227 1
6 218 1
7 10 1
7 111 1
7 122 1
7 131 1
7 176 1
7 191 1
8 237 1
9 106 1
9 136 1
9 190 1
9 234 1
9 240 1
10 173 1
11 42 1
11 95 1
11 100 1
11 147 1
11 185 1
11 246 1
12 26 1
13 27 1
13 101 1
13 162 1
13 163 1
13 215 1
14 141 1
15 20 1
15 53 1
15 173 1
15 219 1
15 231 1
15 251 1
16 130 1
17 77 1
17 171 1
17 224 1
17 230 1
17 245 1
18 155 1
19 6 1
19 14 1
19 159 1
19 183 1
19 188 1
19 208 1
20 136 1
21 2 1
21 125 1
21 156 1
21 185 1
21 218 1
22 241 1
23 8 1
23 46 1
23 58 1
23 82 1
23 94 1
23 236 1
24 122 1
25 85 1
25 158 1
25 215 1
26 245 1
27 2 1
27 69 1
27 184 1
27 232 1
28 60 1
29 16 1
29 56 1
29 64 1
29 214 1
29 216 1
29 242 1
30 238 1
31 164 1
31 218 1
31 225 1
31 229 1
32 221 1
33 25 1
34 16 1
34 17 1
34 219 1
35 107 1
36 138 1
37 8 1
37 170 1
38 23 1
39 235 1
40 181 1
41 32 1
41 61 1
41 72 1
41 74 1
41 78 1
41 96 1
41 161 1
41 176 1
41 191 1
41 222 1
41 239 1
41 243 1
41 244 1
41 252 1
42 63 1
42 110 1
43 177 1
44 49 1
44 179 1
44 212 1
45 10 1
46 180 1
47 14 1
47 206 1
47 250 1
48 73 1
49 87 1
50 68 1
50 174 1
51 175 1
52 154 1
53 192 1
54 52 1
54 105 1
54 128 1
54 169 1
54 241 1
55 37 1
55 210 1
56 167 1
57 11 1
57 21 1
57 170 1
58 226 1
59 222 1
60 12 1
60 179 1
60 246 1
61 104 1
62 165 1
63 129 1
63 235 1
64 171 1
65 20 1
66 234 1
67 40 1
67 88 1
67 92 1
67 150 1
67 168 1
68 113 1
68 184 1
69 30 1
70 165 1
70 186 1
70 235 1
71 158 1
72 220 1
73 24 1
73 35 1
73 36 1
73 223 1
74 81 1
75 152 1
76 22 1
77 65 1
77 212 1
77 229 1
78 75 1
78 135 1
78 155 1
79 182 1
80 192 1
81 154 1
82 151 1
82 197 1
83 127 1
84 26 1
84 233 1
85 147 1
85 189 1
86 171 1
87 243 1
88 99 1
89 216 1
89 236 1
90 30 1
91 63 1
91 183 1
92 89 1
92 117 1
93 4 1
94 186 1
95 166 1
96 167 1
96 199 1
97 239 1
98 159 1
98 200 1
99 13 1
99 38 1
100 39 1
101 45 1
102 180 1
103 169 1
103 244 1
104 178 1
105 172 1
105 212 1
106 7 1
106 248 1
107 123 1
108 15 1
109 59 1
110 148 1
110 240 1
111 62 1
112 103 1
113 224 1
114 187 1
115 5 1
116 73 1
117 146 1
118 67 1
119 133 1
120 151 1
121 50 1
122 238 1
123 128 1
124 115 1
125 249 1
126 48 1
127 164 1
128 187 1
129 47 1
130 76 1
131 221 1
132 12 1
133 1 1
134 206 1
135 103 1
136 188 1
137 163 1
138 84 1
139 31 1
140 189 1
141 221 1
142 217 1
143 71 1
144 162 1
145 114 1
146 195 1
147 217 1
148 173 1
149 202 1
150 197 1
151 195 1
152 175 1
153 102 1
154 181 1
155 219 1
156 152 1
157 3 1
158 24 1
159 150 1
160 43 1
161 202 1
162 161 1
163 112 1
164 208 1
165 144 1
166 228 1
167 157 1
168 81 1
169 51 1
169 112 1
169 166 1
169 185 1
169 223 1
170 55 1
170 97 1
170 172 1
170 200 1
170 225 1
171 191 1
172 4 1
172 9 1
172 160 1
172 239 1
173 110 1
174 47 1
175 156 1
176 166 1
177 160 1
178 121 1
179 28 1
180 153 1
181 193 1
182 173 1
183 144 1
184 157 1
185 242 1
186 213 1
187 145 1
188 93 1
189 224 1
190 18 1
191 86 1
192 54 1
193 120 1
194 29 1
195 179 1
196 234 1
197 148 1
198 231 1
199 252 1
200 57 1
201 54 1
202 6 1
203 37 1
204 22 1
205 67 1
206 168 1
207 215 1
208 250 1
209 32 1
210 251 1
211 228 1
212 204 1
213 119 1
214 204 1
214 213 1
214 232 1
215 33 1
216 143 1
217 91 1
217 109 1
217 182 1
218 237 1
219 230 1
220 143 1
220 227 1
220 237 1
221 89 1
222 83 1
222 190 1
223 139 1
224 108 1
225 90 1
226 233 1
227 210 1
228 178 1
229 214 1
230 34 1
231 200 1
232 28 1
233 247 1
234 50 1
235 153 1
236 149 1
237 79 1
238 96 1
239 170 1
241 220 1
242 18 1
243 193 1
244 249 1
245 34 1
245 248 1
246 120 1
246 199 1
247 44 1
247 226 1
248 138 1
248 216 1
249 98 1
250 19 1
251 137 1
252 146 1
