1 49 1
1 145 1
1 150 1
1 151 1
1 216 1
2 228 1
3 57 1
3 83 1
3 115 1
3 136 1
3 216 1
3 218 1
4 243 1
5 14 1
5 117 1
5 123 1
5 162 1
5 168 1
6 30 1
7 18 1
7 36 1
7 56 1
7 197 1
7 215 1
7 218 1
8 224 1
9 148 1
9 152 1
9 206 1
9 213 1
9 240 1
10 160 1
11 92 1
11 128 1
11 193 1
11 202 1
11 232 1
11 237 1
12 179 1
13 17 1
13 52 1
13 173 1
13 181 1
13 241 1
14 208 1
15 82 1
15 137 1
15 155 1
15 176 1
15 190 1
15 235 1
16 235 1
17 24 1
17 26 1
17 158 1
17 168 1
17 239 1
18 89 1
19 2 1
19 4 1
19 8 1
19 112 1
19 188 1
19 199 1
20 96 1
21 12 1
21 14 1
21 45 1
21 106 1
21 212 1
22 37 1
23 48 1
23 108 1
23 139 1
23 172 1
23 195 1
23 220 1
24 55 1
25 46 1
25 179 1
25 184 1
26 248 1
27 81 1
27 128 1
27 143 1
27 144 1
28 233 1
29 22 1
29 147 1
29 156 1
29 177 1
29 217 1
29 244 1
30 122 1
31 104 1
31 114 1
31 176 1
31 221 1
32 171 1
33 242 1
34 47 1
34 174 1
34 231 1
35 200 1
36 171 1
37 173 1
37 182 1
38 178 1
39 165 1
40 28 1
41 65 1
41 95 1
41 97 1
41 130 1
41 161 1
41 164 1
41 189 1
41 217 1
41 219 1
41 221 1
41 229 1
41 243 1
41 246 1
41 247 1
42 20 1
42 223 1
43 77 1
44 167 1
44 219 1
44 227 1
45 159 1
46 248 1
47 1 1
47 112 1
47 225 1
48 215 1
49 90 1
50 80 1
50 221 1
51 155 1
52 16 1
53 208 1
54 8 1
54 10 1
54 61 1
54 66 1
54 186 1
55 33 1
55 219 1
56 88 1
57 28 1
57 159 1
57 183 1
58 149 1
59 213 1
60 170 1
60 210 1
60 224 1
61 177 1
62 228 1
63 30 1
63 119 1
64 214 1
65 42 1
66 63 1
67 64 1
67 87 1
67 161 1
67 168 1
67 183 1
68 175 1
68 202 1
69 31 1
70 79 1
70 172 1
70 233 1
71 3 1
72 70 1
73 32 1
73 175 1
73 187 1
73 241 1
74 54 1
75 120 1
76 102 1
77 110 1
77 180 1
77 212 1
78 53 1
78 148 1
78 232 1
79 72 1
80 114 1
81 147 1
82 164 1
82 185 1
83 249 1
84 223 1
84 242 1
85 122 1
85 189 1
86 84 1
87 191 1
88 166 1
89 184 1
89 185 1
90 239 1
91 186 1
91 247 1
92 226 1
92 245 1
93 91 1
94 99 1
95 252 1
96 173 1
96 215 1
97 129 1
98 21 1
98 229 1
99 71 1
99 107 1
100 238 1
101 213 1
102 225 1
103 85 1
103 210 1
104 143 1
105 9 1
105 110 1
106 43 1
106 54 1
107 167 1
108 138 1
109 235 1
110 6 1
110 136 1
111 191 1
112 100 1
113 20 1
114 50 1
115 230 1
116 130 1
117 113 1
118 39 1
119 173 1
120 182 1
121 13 1
122 103 1
123 234 1
124 120 1
125 190 1
126 2 1
127 237 1
128 145 1
129 18 1
130 230 1
131 34 1
132 78 1
133 11 1
134 73 1
135 109 1
136 200 1
137 44 1
138 51 1
139 135 1
140 62 1
141 216 1
142 181 1
143 156 1
144 163 1
145 157 1
146 93 1
147 234 1
148 4 1
149 170 1
150 47 1
151 204 1
152 234 1
153 60 1
154 121 1
155 231 1
156 250 1
157 29 1
158 206 1
159 6 1
160 133 1
161 245 1
162 23 1
163 185 1
164 224 1
165 169 1
166 250 1
167 149 1
168 153 1
169 7 1
169 141 1
169 151 1
169 227 1
169 239 1
170 27 1
170 35 1
170 101 1
170 167 1
170 169 1
171 38 1
172 19 1
172 150 1
172 153 1
172 162 1
173 174 1
174 222 1
175 178 1
176 193 1
177 212 1
178 73 1
179 218 1
180 199 1
181 188 1
182 22 1
183 68 1
184 24 1
185 222 1
186 74 1
187 89 1
188 5 1
189 26 1
190 246 1
191 103 1
192 60 1
193 75 1
194 237 1
195 138 1
196 170 1
197 154 1
198 180 1
199 251 1
200 63 1
201 16 1
202 111 1
203 195 1
204 144 1
205 154 1
206 86 1
207 204 1
208 158 1
209 240 1
210 244 1
211 160 1
212 98 1
213 214 1
214 67 1
214 152 1
214 226 1
215 220 1
216 197 1
217 15 1
217 157 1
217 251 1
218 25 1
219 125 1
220 34 1
220 96 1
220 105 1
221 69 1
222 37 1
222 166 1
223 171 1
224 192 1
225 58 1
226 146 1
227 10 1
228 77 1
229 94 1
230 12 1
231 131 1
232 187 1
233 50 1
234 81 1
235 249 1
236 76 1
237 200 1
238 59 1
239 165 1
241 192 1
242 191 1
243 171 1
244 238 1
245 67 1
245 179 1
246 32 1
246 166 1
247 163 1
247 170 1
248 127 1
248 146 1
249 236 1
250 40 1
251 252 1
252 236 1
