1 92 1
1 120 1
1 148 1
1 179 1
1 243 1
2 128 1
3 101 1
3 108 1
3 112 1
3 155 1
3 186 1
3 221 1
4 73 1
5 27 1
5 66 1
5 90 1
5 152 1
5 156 1
6 241 1
7 96 1
7 161 1
7 175 1
7 202 1
7 217 1
7 228 1
8 83 1
9 64 1
9 78 1
9 181 1
9 200 1
9 216 1
10 216 1
11 40 1
11 97 1
11 166 1
11 179 1
11 188 1
11 191 1
12 173 1
13 50 1
13 150 1
13 159 1
13 214 1
13 239 1
14 168 1
15 7 1
15 24 1
15 55 1
15 187 1
15 191 1
15 210 1
16 222 1
17 125 1
17 183 1
17 187 1
17 226 1
17 232 1
18 31 1
19 5 1
19 16 1
19 20 1
19 57 1
19 169 1
19 215 1
20 96 1
21 37 1
21 146 1
21 153 1
21 195 1
21 218 1
22 221 1
23 42 1
23 58 1
23 128 1
23 130 1
23 208 1
23 238 1
24 163 1
25 157 1
25 231 1
25 249 1
26 149 1
27 20 1
27 59 1
27 71 1
27 195 1
28 72 1
29 60 1
29 62 1
29 147 1
29 160 1
29 204 1
29 246 1
30 28 1
31 34 1
31 77 1
31 91 1
31 244 1
32 206 1
33 167 1
34 86 1
34 155 1
34 164 1
35 159 1
36 63 1
37 174 1
37 186 1
38 145 1
39 131 1
40 177 1
41 22 1
41 47 1
41 94 1
41 98 1
41 120 1
41 138 1
41 148 1
41 223 1
41 224 1
41 233 1
41 236 1
41 238 1
41 239 1
41 246 1
42 136 1
42 235 1
43 32 1
44 46 1
44 67 1
44 122 1
45 251 1
46 197 1
47 87 1
47 168 1
47 245 1
48 171 1
49 147 1
50 4 1
50 24 1
51 30 1
52 223 1
53 12 1
54 17 1
54 106 1
54 130 1
54 177 1
54 252 1
55 80 1
55 214 1
56 162 1
57 76 1
57 82 1
57 219 1
58 16 1
59 173 1
60 11 1
60 149 1
60 189 1
61 210 1
62 154 1
63 2 1
63 249 1
64 122 1
65 30 1
66 243 1
67 34 1
67 36 1
67 104 1
67 169 1
67 185 1
68 109 1
68 170 1
69 190 1
70 75 1
70 114 1
70 127 1
71 110 1
72 35 1
73 50 1
73 136 1
73 216 1
73 235 1
74 174 1
75 184 1
76 19 1
77 26 1
77 236 1
77 252 1
78 154 1
78 218 1
78 233 1
79 179 1
80 15 1
81 206 1
82 88 1
82 151 1
83 156 1
84 54 1
84 180 1
85 47 1
85 146 1
86 237 1
87 102 1
88 219 1
89 6 1
89 213 1
90 245 1
91 33 1
91 170 1
92 176 1
92 191 1
93 38 1
94 12 1
95 167 1
96 6 1
96 178 1
97 175 1
98 51 1
98 180 1
99 89 1
99 202 1
100 28 1
101 105 1
102 119 1
103 10 1
103 79 1
104 241 1
105 173 1
105 182 1
106 111 1
106 235 1
107 84 1
108 165 1
109 248 1
110 192 1
110 240 1
111 1 1
112 226 1
113 237 1
114 158 1
115 61 1
116 117 1
117 74 1
118 114 1
119 167 1
120 173 1
121 81 1
122 250 1
123 121 1
124 151 1
125 171 1
126 145 1
127 157 1
128 112 1
129 37 1
130 229 1
131 212 1
132 14 1
133 183 1
134 217 1
135 133 1
136 23 1
137 240 1
138 215 1
139 18 1
140 164 1
141 115 1
142 200 1
143 144 1
144 162 1
145 4 1
146 227 1
147 247 1
148 230 1
149 224 1
150 113 1
151 199 1
152 200 1
153 227 1
154 29 1
155 53 1
156 222 1
157 160 1
158 26 1
159 231 1
160 25 1
161 8 1
162 161 1
163 144 1
164 192 1
165 48 1
166 224 1
167 65 1
168 250 1
169 44 1
169 63 1
169 69 1
169 172 1
169 219 1
170 13 1
170 100 1
170 152 1
170 165 1
170 237 1
171 181 1
172 99 1
172 103 1
172 137 1
172 185 1
173 158 1
174 18 1
175 208 1
176 143 1
177 248 1
178 234 1
179 77 1
180 107 1
181 242 1
182 89 1
183 135 1
184 70 1
185 244 1
186 43 1
187 213 1
188 193 1
189 221 1
190 251 1
191 150 1
192 138 1
193 163 1
194 85 1
195 213 1
196 143 1
197 247 1
198 123 1
199 172 1
200 212 1
201 220 1
202 39 1
203 197 1
204 171 1
205 229 1
206 103 1
207 2 1
208 184 1
209 176 1
210 139 1
211 185 1
212 199 1
213 182 1
214 54 1
214 95 1
214 170 1
215 14 1
216 60 1
217 22 1
217 166 1
217 171 1
218 81 1
219 67 1
220 93 1
220 129 1
220 228 1
221 45 1
222 189 1
222 242 1
223 212 1
224 3 1
225 220 1
226 239 1
227 21 1
228 225 1
229 68 1
230 170 1
231 232 1
232 218 1
233 225 1
234 190 1
235 204 1
236 8 1
237 230 1
238 10 1
239 166 1
241 215 1
242 9 1
243 178 1
244 52 1
245 193 1
245 234 1
246 56 1
246 73 1
247 49 1
247 153 1
248 32 1
248 188 1
249 110 1
250 141 1
251 234 1
252 168 1
