1 42 1
1 154 1
1 171 1
1 185 1
1 215 1
2 16 1
3 50 1
3 69 1
3 167 1
3 208 1
3 213 1
3 243 1
4 244 1
5 90 1
5 120 1
5 129 1
5 186 1
5 202 1
6 221 1
7 14 1
7 30 1
7 34 1
7 54 1
7 107 1
7 220 1
8 155 1
9 2 1
9 143 1
9 145 1
9 148 1
9 180 1
10 161 1
11 21 1
11 34 1
11 60 1
11 94 1
11 152 1
11 193 1
12 98 1
13 20 1
13 44 1
13 155 1
13 178 1
13 230 1
14 240 1
15 61 1
15 97 1
15 163 1
15 216 1
15 229 1
15 236 1
16 110 1
17 51 1
17 100 1
17 157 1
17 183 1
17 190 1
18 158 1
19 3 1
19 121 1
19 159 1
19 223 1
19 231 1
19 245 1
20 130 1
21 25 1
21 63 1
21 99 1
21 122 1
21 153 1
22 188 1
23 9 1
23 197 1
23 215 1
23 232 1
23 247 1
23 251 1
24 72 1
25 166 1
25 220 1
25 230 1
26 68 1
27 151 1
27 191 1
27 212 1
27 250 1
28 33 1
29 67 1
29 109 1
29 171 1
29 173 1
29 218 1
29 224 1
30 12 1
31 46 1
31 112 1
31 176 1
31 219 1
32 115 1
33 183 1
34 22 1
34 168 1
34 214 1
35 88 1
36 182 1
37 82 1
37 212 1
38 114 1
39 117 1
40 189 1
41 4 1
41 12 1
41 16 1
41 38 1
41 73 1
41 81 1
41 146 1
41 156 1
41 212 1
41 219 1
41 228 1
41 233 1
41 243 1
41 252 1
42 222 1
42 249 1
43 130 1
44 66 1
44 85 1
44 144 1
45 173 1
46 123 1
47 14 1
47 58 1
47 204 1
48 206 1
49 164 1
50 19 1
50 145 1
51 246 1
52 226 1
53 192 1
54 150 1
54 156 1
54 179 1
54 223 1
54 248 1
55 185 1
55 217 1
56 55 1
57 79 1
57 190 1
57 232 1
58 77 1
59 108 1
60 136 1
60 186 1
60 214 1
61 89 1
62 18 1
63 213 1
63 240 1
64 101 1
65 5 1
66 37 1
67 28 1
67 137 1
67 189 1
67 235 1
67 238 1
68 43 1
68 74 1
69 119 1
70 67 1
70 195 1
70 221 1
71 170 1
72 122 1
73 30 1
73 56 1
73 62 1
73 174 1
74 146 1
75 184 1
76 229 1
77 26 1
77 47 1
77 210 1
78 53 1
78 149 1
78 169 1
79 162 1
80 37 1
81 152 1
82 171 1
82 208 1
83 89 1
84 172 1
84 200 1
85 159 1
85 177 1
86 225 1
87 192 1
88 200 1
89 179 1
89 237 1
90 242 1
91 182 1
91 233 1
92 17 1
92 237 1
93 221 1
94 237 1
95 22 1
96 87 1
96 187 1
97 206 1
98 131 1
98 239 1
99 73 1
99 199 1
100 187 1
101 113 1
102 128 1
103 6 1
103 147 1
104 166 1
105 24 1
105 249 1
106 49 1
106 170 1
107 218 1
108 104 1
109 235 1
110 2 1
110 250 1
111 164 1
112 52 1
113 48 1
114 77 1
115 176 1
116 226 1
117 8 1
118 151 1
119 35 1
120 167 1
121 170 1
122 139 1
123 111 1
124 114 1
125 143 1
126 10 1
127 234 1
128 96 1
129 216 1
130 242 1
131 157 1
132 133 1
133 224 1
134 166 1
135 175 1
136 148 1
137 70 1
138 191 1
139 112 1
140 92 1
141 60 1
142 26 1
143 195 1
144 247 1
145 213 1
146 32 1
147 248 1
148 199 1
149 24 1
150 153 1
151 202 1
152 177 1
153 174 1
154 252 1
155 239 1
156 185 1
157 11 1
158 234 1
159 238 1
160 47 1
161 83 1
162 96 1
163 110 1
164 75 1
165 102 1
166 244 1
167 91 1
168 84 1
169 64 1
169 141 1
169 165 1
169 200 1
169 241 1
170 120 1
170 147 1
170 180 1
170 216 1
170 236 1
171 225 1
172 4 1
172 15 1
172 168 1
172 210 1
173 54 1
174 138 1
175 158 1
176 32 1
177 81 1
178 163 1
179 40 1
180 227 1
181 27 1
182 149 1
183 106 1
184 175 1
185 128 1
186 86 1
187 197 1
188 23 1
189 103 1
190 125 1
191 217 1
192 78 1
193 215 1
194 251 1
195 80 1
196 246 1
197 93 1
198 239 1
199 154 1
200 76 1
201 136 1
202 1 1
203 171 1
204 235 1
205 178 1
206 95 1
207 184 1
208 160 1
209 160 1
210 222 1
211 161 1
212 39 1
213 234 1
214 7 1
214 59 1
214 162 1
215 228 1
216 172 1
217 36 1
217 135 1
217 138 1
218 127 1
219 181 1
220 28 1
220 144 1
220 204 1
221 245 1
222 18 1
222 224 1
223 173 1
224 168 1
225 193 1
226 45 1
227 170 1
228 20 1
229 231 1
230 65 1
231 50 1
232 6 1
233 179 1
234 63 1
235 219 1
236 227 1
237 191 1
238 29 1
239 165 1
241 167 1
242 71 1
243 241 1
244 57 1
245 13 1
245 31 1
246 105 1
246 173 1
247 169 1
247 188 1
248 103 1
248 218 1
249 10 1
250 181 1
251 8 1
252 150 1
