1 9 1
1 60 1
1 155 1
1 156 1
1 195 1
2 240 1
3 24 1
3 30 1
3 53 1
3 81 1
3 158 1
3 208 1
4 192 1
5 170 1
5 179 1
5 186 1
5 221 1
5 252 1
6 160 1
7 11 1
7 34 1
7 136 1
7 144 1
7 235 1
7 242 1
8 170 1
9 50 1
9 70 1
9 189 1
9 191 1
9 245 1
10 109 1
11 4 1
11 13 1
11 139 1
11 148 1
11 193 1
11 224 1
12 77 1
13 73 1
13 149 1
13 154 1
13 210 1
13 220 1
14 3 1
15 6 1
15 38 1
15 122 1
15 157 1
15 206 1
15 219 1
16 185 1
17 42 1
17 120 1
17 213 1
17 215 1
17 239 1
18 16 1
19 8 1
19 45 1
19 60 1
19 106 1
19 167 1
19 184 1
20 103 1
21 17 1
21 22 1
21 62 1
21 91 1
21 172 1
22 143 1
23 55 1
23 89 1
23 213 1
23 221 1
23 222 1
23 237 1
24 97 1
25 117 1
25 223 1
25 224 1
26 155 1
27 110 1
27 192 1
27 199 1
27 208 1
28 174 1
29 2 1
29 18 1
29 158 1
29 186 1
29 202 1
29 233 1
30 213 1
31 19 1
31 129 1
31 144 1
31 173 1
32 146 1
33 104 1
34 143 1
34 162 1
34 237 1
35 58 1
36 8 1
37 141 1
37 218 1
38 4 1
39 224 1
40 233 1
41 2 1
41 20 1
41 26 1
41 32 1
41 54 1
41 81 1
41 82 1
41 102 1
41 159 1
41 190 1
41 197 1
41 200 1
41 243 1
41 247 1
42 148 1
42 237 1
43 149 1
44 23 1
44 96 1
44 216 1
45 65 1
46 153 1
47 171 1
47 176 1
47 182 1
48 159 1
49 162 1
50 49 1
50 74 1
51 212 1
52 96 1
53 215 1
54 25 1
54 114 1
54 168 1
54 235 1
54 236 1
55 1 1
55 100 1
56 191 1
57 150 1
57 170 1
57 180 1
58 173 1
59 161 1
60 31 1
60 178 1
60 225 1
61 112 1
62 163 1
63 44 1
63 169 1
64 185 1
65 67 1
66 228 1
67 18 1
67 138 1
67 151 1
67 180 1
67 188 1
68 218 1
68 246 1
69 27 1
70 147 1
70 187 1
70 218 1
71 190 1
72 46 1
73 12 1
73 175 1
73 178 1
73 221 1
74 160 1
75 6 1
76 105 1
77 24 1
77 73 1
77 232 1
78 29 1
78 94 1
78 184 1
79 173 1
80 127 1
81 165 1
82 72 1
82 95 1
83 121 1
84 47 1
84 200 1
85 247 1
85 250 1
86 85 1
87 48 1
88 145 1
89 195 1
89 223 1
90 150 1
91 16 1
91 111 1
92 56 1
92 210 1
93 32 1
94 174 1
95 166 1
96 110 1
96 167 1
97 230 1
98 15 1
98 172 1
99 61 1
99 238 1
100 88 1
101 79 1
102 33 1
103 63 1
103 120 1
104 216 1
105 63 1
105 220 1
106 26 1
106 179 1
107 251 1
108 226 1
109 204 1
110 20 1
110 130 1
111 59 1
112 181 1
113 232 1
114 47 1
115 131 1
116 92 1
117 112 1
118 43 1
119 230 1
120 217 1
121 170 1
122 187 1
123 28 1
124 83 1
125 152 1
126 12 1
127 242 1
128 51 1
129 222 1
130 214 1
131 168 1
132 136 1
133 119 1
134 66 1
135 169 1
136 68 1
137 22 1
138 189 1
139 240 1
140 225 1
141 219 1
142 64 1
143 193 1
144 138 1
145 229 1
146 234 1
147 249 1
148 7 1
149 236 1
150 84 1
151 249 1
152 171 1
153 122 1
154 137 1
155 244 1
156 214 1
157 175 1
158 252 1
159 227 1
160 50 1
161 179 1
162 182 1
163 93 1
164 147 1
165 5 1
166 35 1
167 52 1
168 115 1
169 37 1
169 76 1
169 80 1
169 167 1
169 238 1
170 30 1
170 36 1
170 154 1
170 161 1
170 197 1
171 248 1
172 146 1
172 164 1
172 202 1
172 217 1
173 166 1
174 78 1
175 57 1
176 114 1
177 245 1
178 107 1
179 34 1
180 235 1
181 156 1
182 231 1
183 212 1
184 228 1
185 183 1
186 219 1
187 153 1
188 234 1
189 128 1
190 177 1
191 86 1
192 125 1
193 75 1
194 151 1
195 135 1
196 152 1
197 181 1
198 215 1
199 101 1
200 89 1
201 165 1
202 98 1
203 227 1
204 10 1
205 71 1
206 171 1
207 251 1
208 177 1
209 199 1
210 191 1
211 173 1
212 185 1
213 39 1
214 40 1
214 204 1
214 216 1
215 123 1
216 130 1
217 14 1
217 90 1
217 157 1
218 108 1
219 103 1
220 21 1
220 69 1
220 200 1
221 77 1
222 188 1
222 246 1
223 54 1
224 128 1
225 87 1
226 113 1
227 234 1
228 171 1
229 241 1
230 133 1
231 243 1
232 145 1
233 212 1
234 28 1
235 176 1
236 14 1
237 37 1
238 244 1
239 206 1
241 250 1
242 231 1
243 10 1
244 99 1
245 226 1
245 239 1
246 166 1
246 229 1
247 163 1
247 168 1
248 164 1
248 241 1
249 67 1
250 248 1
251 239 1
252 183 1
