1 111 1
1 130 1
1 195 1
1 202 1
1 214 1
2 16 1
3 166 1
3 168 1
3 173 1
3 221 1
3 239 1
3 246 1
4 10 1
5 71 1
5 122 1
5 152 1
5 178 1
5 195 1
6 204 1
7 18 1
7 82 1
7 109 1
7 151 1
7 153 1
7 218 1
8 221 1
9 52 1
9 115 1
9 122 1
9 144 1
9 215 1
10 239 1
11 32 1
11 60 1
11 165 1
11 191 1
11 231 1
11 251 1
12 174 1
13 62 1
13 179 1
13 181 1
13 219 1
13 227 1
14 2 1
15 120 1
15 133 1
15 138 1
15 197 1
15 226 1
15 229 1
16 186 1
17 181 1
17 188 1
17 200 1
17 230 1
17 244 1
18 92 1
19 2 1
19 84 1
19 150 1
19 176 1
19 236 1
19 248 1
20 237 1
21 104 1
21 162 1
21 175 1
21 186 1
21 234 1
22 12 1
23 12 1
23 59 1
23 128 1
23 135 1
23 161 1
23 164 1
24 114 1
25 123 1
25 167 1
25 191 1
26 97 1
27 8 1
27 149 1
27 169 1
27 185 1
28 129 1
29 20 1
29 179 1
29 212 1
29 238 1
29 240 1
29 245 1
30 242 1
31 101 1
31 119 1
31 173 1
31 237 1
32 78 1
33 170 1
34 67 1
34 73 1
34 146 1
35 131 1
36 25 1
37 120 1
37 172 1
38 19 1
39 28 1
40 159 1
41 36 1
41 39 1
41 63 1
41 102 1
41 166 1
41 173 1
41 178 1
41 197 1
41 212 1
41 215 1
41 220 1
41 222 1
41 232 1
41 239 1
42 16 1
42 174 1
43 14 1
44 14 1
44 168 1
44 249 1
45 6 1
46 37 1
47 80 1
47 150 1
47 250 1
48 63 1
49 90 1
50 53 1
50 234 1
51 206 1
52 163 1
53 89 1
54 49 1
54 171 1
54 188 1
54 216 1
54 218 1
55 105 1
55 141 1
56 170 1
57 98 1
57 192 1
57 235 1
58 46 1
59 154 1
60 185 1
60 213 1
60 216 1
61 43 1
62 199 1
63 100 1
63 152 1
64 136 1
65 10 1
66 83 1
67 93 1
67 184 1
67 208 1
67 222 1
67 243 1
68 51 1
68 208 1
69 108 1
70 143 1
70 155 1
70 190 1
71 77 1
72 168 1
73 170 1
73 185 1
73 228 1
73 238 1
74 148 1
75 171 1
76 243 1
77 30 1
77 70 1
77 177 1
78 44 1
78 219 1
78 230 1
79 199 1
80 73 1
81 9 1
82 72 1
82 252 1
83 240 1
84 145 1
84 246 1
85 177 1
85 241 1
86 103 1
87 227 1
88 130 1
89 164 1
89 167 1
90 212 1
91 5 1
91 77 1
92 8 1
92 15 1
93 137 1
94 200 1
95 202 1
96 180 1
96 187 1
97 89 1
98 4 1
98 58 1
99 125 1
99 179 1
100 156 1
101 241 1
102 33 1
103 153 1
103 169 1
104 221 1
105 54 1
105 117 1
106 81 1
106 210 1
107 210 1
108 17 1
109 144 1
110 217 1
110 224 1
111 45 1
112 50 1
113 3 1
114 35 1
115 96 1
116 110 1
117 55 1
118 56 1
119 183 1
120 249 1
121 47 1
122 47 1
123 145 1
124 66 1
125 88 1
126 170 1
127 38 1
128 147 1
129 158 1
130 176 1
131 69 1
132 148 1
133 182 1
134 224 1
135 162 1
136 121 1
137 237 1
138 79 1
139 68 1
140 20 1
141 159 1
142 21 1
143 235 1
144 29 1
145 252 1
146 229 1
147 200 1
148 219 1
149 233 1
150 22 1
151 231 1
152 48 1
153 42 1
154 27 1
155 128 1
156 110 1
157 75 1
158 28 1
159 127 1
160 26 1
161 85 1
162 213 1
163 157 1
164 228 1
165 224 1
166 18 1
167 113 1
168 225 1
169 86 1
169 87 1
169 163 1
169 167 1
169 189 1
170 34 1
170 40 1
170 190 1
170 206 1
170 247 1
171 223 1
172 64 1
172 114 1
172 160 1
172 180 1
173 250 1
174 166 1
175 91 1
176 1 1
177 161 1
178 94 1
179 236 1
180 165 1
181 96 1
182 248 1
183 217 1
184 244 1
185 191 1
186 192 1
187 151 1
188 193 1
189 50 1
190 139 1
191 146 1
192 155 1
193 213 1
194 216 1
195 13 1
196 247 1
197 107 1
198 235 1
199 138 1
200 242 1
201 160 1
202 32 1
203 218 1
204 183 1
205 172 1
206 106 1
207 171 1
208 175 1
209 95 1
210 143 1
211 154 1
212 184 1
213 11 1
214 81 1
214 112 1
214 157 1
215 214 1
216 223 1
217 187 1
217 204 1
217 232 1
218 4 1
219 233 1
220 57 1
220 61 1
220 193 1
221 112 1
222 7 1
222 136 1
223 54 1
224 156 1
225 173 1
226 24 1
227 158 1
228 26 1
229 34 1
230 22 1
231 171 1
232 74 1
233 251 1
234 189 1
235 220 1
236 30 1
237 147 1
238 24 1
239 226 1
241 31 1
242 6 1
243 245 1
244 60 1
245 67 1
245 76 1
246 23 1
246 99 1
247 103 1
247 182 1
248 37 1
248 149 1
249 215 1
250 225 1
251 65 1
252 234 1
