1 61 1
1 63 1
1 112 1
1 210 1
1 252 1
2 114 1
3 2 1
3 28 1
3 63 1
3 129 1
3 179 1
3 213 1
4 168 1
5 35 1
5 86 1
5 114 1
5 141 1
5 191 1
6 183 1
7 5 1
7 34 1
7 82 1
7 186 1
7 208 1
7 248 1
8 166 1
9 37 1
9 89 1
9 145 1
9 193 1
9 214 1
10 130 1
11 13 1
11 166 1
11 177 1
11 179 1
11 215 1
11 251 1
12 47 1
13 34 1
13 127 1
13 137 1
13 225 1
13 241 1
14 234 1
15 9 1
15 24 1
15 97 1
15 154 1
15 166 1
15 244 1
16 46 1
17 6 1
17 133 1
17 145 1
17 179 1
17 208 1
18 153 1
19 54 1
19 71 1
19 184 1
19 234 1
19 242 1
19 244 1
20 105 1
21 20 1
21 69 1
21 153 1
21 215 1
21 224 1
22 226 1
23 84 1
23 111 1
23 180 1
23 182 1
23 232 1
23 240 1
24 232 1
25 8 1
25 32 1
25 224 1
26 213 1
27 78 1
27 81 1
27 151 1
27 250 1
28 236 1
29 7 1
29 18 1
29 117 1
29 147 1
29 222 1
29 231 1
30 139 1
31 50 1
31 135 1
31 164 1
31 224 1
32 173 1
33 161 1
34 29 1
34 148 1
34 217 1
35 28 1
36 3 1
37 122 1
37 148 1
38 173 1
39 220 1
40 138 1
41 52 1
41 64 1
41 72 1
41 77 1
41 113 1
41 136 1
41 144 1
41 165 1
41 167 1
41 178 1
41 213 1
41 226 1
41 235 1
41 242 1
42 75 1
42 112 1
43 149 1
44 66 1
44 128 1
44 223 1
45 172 1
46 250 1
47 152 1
47 165 1
47 215 1
48 89 1
49 14 1
50 100 1
50 128 1
51 184 1
52 68 1
53 158 1
54 22 1
54 121 1
54 156 1
54 167 1
54 173 1
55 174 1
55 190 1
56 157 1
57 16 1
57 149 1
57 245 1
58 181 1
59 241 1
60 109 1
60 120 1
60 162 1
61 227 1
62 219 1
63 40 1
63 222 1
64 185 1
65 96 1
66 158 1
67 103 1
67 170 1
67 180 1
67 191 1
67 252 1
68 26 1
68 199 1
69 247 1
70 1 1
70 182 1
70 218 1
71 237 1
72 187 1
73 79 1
73 93 1
73 195 1
73 219 1
74 30 1
75 225 1
76 53 1
77 43 1
77 170 1
77 193 1
78 60 1
78 192 1
78 249 1
79 119 1
80 115 1
81 228 1
82 131 1
82 146 1
83 59 1
84 210 1
84 239 1
85 175 1
85 243 1
86 167 1
87 162 1
88 246 1
89 212 1
89 251 1
90 39 1
91 170 1
91 216 1
92 143 1
92 197 1
93 234 1
94 24 1
95 169 1
96 10 1
96 163 1
97 62 1
98 101 1
98 177 1
99 235 1
99 239 1
100 31 1
101 197 1
102 38 1
103 150 1
103 216 1
104 143 1
105 21 1
105 154 1
106 191 1
106 216 1
107 185 1
108 152 1
109 70 1
110 199 1
110 223 1
111 220 1
112 147 1
113 17 1
114 186 1
115 12 1
116 236 1
117 156 1
118 176 1
119 10 1
120 200 1
121 176 1
122 6 1
123 160 1
124 37 1
125 195 1
126 4 1
127 19 1
128 18 1
129 36 1
130 30 1
131 171 1
132 221 1
133 98 1
134 237 1
135 231 1
136 218 1
137 47 1
138 171 1
139 88 1
140 246 1
141 155 1
142 171 1
143 160 1
144 247 1
145 77 1
146 200 1
147 42 1
148 58 1
149 150 1
150 67 1
151 202 1
152 188 1
153 107 1
154 235 1
155 2 1
156 12 1
157 229 1
158 233 1
159 151 1
160 73 1
161 56 1
162 4 1
163 146 1
164 178 1
165 120 1
166 238 1
167 106 1
168 67 1
169 103 1
169 206 1
169 237 1
169 238 1
169 243 1
170 174 1
170 185 1
170 188 1
170 189 1
170 212 1
171 168 1
172 33 1
172 55 1
172 164 1
172 217 1
173 104 1
174 76 1
175 57 1
176 16 1
177 245 1
178 187 1
179 65 1
180 168 1
181 110 1
182 239 1
183 110 1
184 190 1
185 91 1
186 171 1
187 92 1
188 14 1
189 159 1
190 51 1
191 136 1
192 74 1
193 81 1
194 108 1
195 221 1
196 218 1
197 54 1
198 248 1
199 181 1
200 11 1
201 204 1
202 27 1
203 200 1
204 219 1
205 144 1
206 240 1
207 170 1
208 214 1
209 230 1
210 45 1
211 175 1
212 48 1
213 206 1
214 20 1
214 26 1
214 159 1
215 233 1
216 169 1
217 15 1
217 189 1
217 229 1
218 204 1
219 228 1
220 25 1
220 90 1
220 96 1
221 73 1
222 22 1
222 99 1
223 183 1
224 125 1
225 102 1
226 249 1
227 49 1
228 155 1
229 8 1
230 161 1
231 80 1
232 172 1
233 192 1
234 163 1
235 85 1
236 122 1
237 32 1
238 123 1
239 23 1
241 83 1
242 173 1
243 95 1
244 138 1
245 221 1
245 230 1
246 130 1
246 212 1
247 44 1
247 50 1
248 94 1
248 227 1
249 202 1
250 60 1
251 87 1
252 157 1
