1 72 1
1 73 1
1 74 1
1 176 1
1 215 1
2 139 1
3 20 1
3 131 1
3 144 1
3 155 1
3 197 1
3 216 1
4 199 1
5 43 1
5 143 1
5 183 1
5 234 1
5 250 1
6 49 1
7 77 1
7 108 1
7 122 1
7 138 1
7 144 1
7 221 1
8 133 1
9 67 1
9 78 1
9 162 1
9 197 1
9 221 1
10 249 1
11 26 1
11 31 1
11 69 1
11 204 1
11 250 1
11 251 1
12 6 1
13 25 1
13 181 1
13 186 1
13 222 1
13 223 1
14 121 1
15 64 1
15 79 1
15 83 1
15 167 1
15 190 1
15 217 1
16 245 1
17 84 1
17 174 1
17 215 1
17 217 1
17 242 1
18 11 1
19 18 1
19 127 1
19 185 1
19 208 1
19 239 1
19 244 1
20 208 1
21 19 1
21 58 1
21 89 1
21 93 1
21 184 1
22 249 1
23 44 1
23 81 1
23 104 1
23 163 1
23 168 1
23 224 1
24 75 1
25 148 1
25 184 1
25 230 1
26 181 1
27 17 1
27 32 1
27 38 1
27 125 1
28 189 1
29 88 1
29 92 1
29 159 1
29 178 1
29 213 1
29 221 1
30 229 1
31 12 1
31 32 1
31 50 1
31 193 1
32 247 1
33 171 1
34 130 1
34 135 1
34 185 1
35 145 1
36 233 1
37 34 1
37 122 1
38 103 1
39 218 1
40 161 1
41 5 1
41 12 1
41 14 1
41 24 1
41 45 1
41 77 1
41 95 1
41 111 1
41 147 1
41 188 1
41 199 1
41 206 1
41 210 1
41 235 1
42 154 1
42 177 1
43 55 1
44 80 1
44 86 1
44 98 1
45 158 1
46 128 1
47 87 1
47 219 1
47 243 1
48 237 1
49 159 1
50 6 1
50 70 1
51 20 1
52 60 1
53 251 1
54 61 1
54 162 1
54 170 1
54 202 1
54 219 1
55 119 1
55 176 1
56 2 1
57 8 1
57 152 1
57 185 1
58 97 1
59 229 1
60 113 1
60 120 1
60 123 1
61 48 1
62 227 1
63 7 1
63 42 1
64 109 1
65 235 1
66 23 1
67 16 1
67 156 1
67 223 1
67 241 1
67 246 1
68 175 1
68 245 1
69 234 1
70 166 1
70 174 1
70 247 1
71 182 1
72 180 1
73 10 1
73 96 1
73 115 1
73 200 1
74 90 1
75 164 1
76 200 1
77 22 1
77 156 1
77 161 1
78 33 1
78 153 1
78 160 1
79 136 1
80 14 1
81 192 1
82 214 1
82 244 1
83 219 1
84 56 1
84 179 1
85 35 1
85 172 1
86 212 1
87 248 1
88 151 1
89 112 1
89 137 1
90 1 1
91 89 1
91 143 1
92 160 1
92 195 1
93 182 1
94 110 1
95 225 1
96 173 1
96 227 1
97 190 1
98 179 1
98 202 1
99 187 1
99 206 1
100 68 1
101 150 1
102 178 1
103 171 1
103 234 1
104 232 1
105 166 1
105 172 1
106 153 1
106 154 1
107 146 1
108 63 1
109 191 1
110 183 1
110 189 1
111 171 1
112 193 1
113 37 1
114 167 1
115 130 1
116 168 1
117 228 1
118 218 1
119 136 1
120 30 1
121 47 1
122 212 1
123 239 1
124 145 1
125 216 1
126 233 1
127 138 1
128 169 1
129 52 1
130 252 1
131 147 1
132 105 1
133 224 1
134 235 1
135 37 1
136 15 1
137 186 1
138 216 1
139 165 1
140 224 1
141 173 1
142 76 1
143 232 1
144 220 1
145 29 1
146 192 1
147 155 1
148 24 1
149 165 1
150 57 1
151 65 1
152 102 1
153 120 1
154 241 1
155 60 1
156 243 1
157 213 1
158 171 1
159 96 1
160 146 1
161 167 1
162 149 1
163 66 1
164 22 1
165 163 1
166 10 1
167 231 1
168 13 1
169 46 1
169 59 1
169 114 1
169 157 1
169 225 1
170 36 1
170 85 1
170 114 1
170 236 1
170 239 1
171 149 1
172 30 1
172 82 1
172 94 1
172 180 1
173 170 1
174 164 1
175 218 1
176 101 1
177 169 1
178 152 1
179 191 1
180 54 1
181 240 1
182 173 1
183 228 1
184 150 1
185 151 1
186 238 1
187 222 1
188 242 1
189 210 1
190 63 1
191 26 1
192 107 1
193 18 1
194 103 1
195 110 1
196 157 1
197 175 1
198 100 1
199 166 1
200 4 1
201 226 1
202 106 1
203 200 1
204 212 1
205 112 1
206 141 1
207 226 1
208 51 1
209 248 1
210 47 1
211 148 1
212 237 1
213 230 1
214 4 1
214 53 1
214 195 1
215 170 1
216 16 1
217 27 1
217 204 1
217 231 1
218 158 1
219 73 1
220 3 1
220 21 1
220 191 1
221 40 1
222 99 1
222 168 1
223 237 1
224 8 1
225 62 1
226 34 1
227 71 1
228 213 1
229 173 1
230 28 1
231 238 1
232 187 1
233 170 1
234 9 1
235 2 1
236 67 1
237 179 1
238 54 1
239 215 1
241 236 1
242 246 1
243 81 1
244 91 1
245 177 1
245 252 1
246 28 1
246 188 1
247 50 1
247 117 1
248 39 1
248 129 1
249 128 1
250 220 1
251 214 1
252 240 1
