4 351 1
6 32 1
6 277 1
9 60 1
15 98 1
18 155 1
20 144 1
20 211 1
20 278 1
20 369 1
24 1 1
24 16 1
24 18 1
24 50 1
24 61 1
24 85 1
24 86 1
24 153 1
24 172 1
24 195 1
24 206 1
24 271 1
24 290 1
24 294 1
24 300 1
24 302 1
24 305 1
24 366 1
24 369 1
24 423 1
30 67 1
30 115 1
30 153 1
30 171 1
30 357 1
30 388 1
40 142 1
43 246 1
46 117 1
46 338 1
49 81 1
53 58 1
53 146 1
55 273 1
56 57 1
56 312 1
59 22 1
59 135 1
64 52 1
64 54 1
64 56 1
64 57 1
64 78 1
64 128 1
64 131 1
64 232 1
64 306 1
66 1 1
66 3 1
66 5 1
66 7 1
66 12 1
66 17 1
66 20 1
66 24 1
66 37 1
66 42 1
66 45 1
66 56 1
66 71 1
66 76 1
66 85 1
66 86 1
66 89 1
66 92 1
66 96 1
66 101 1
66 104 1
66 108 1
66 120 1
66 127 1
66 132 1
66 136 1
66 137 1
66 141 1
66 144 1
66 145 1
66 153 1
66 157 1
66 165 1
66 169 1
66 171 1
66 172 1
66 173 1
66 174 1
66 186 1
66 193 1
66 196 1
66 197 1
66 200 1
66 205 1
66 208 1
66 212 1
66 221 1
66 237 1
66 248 1
66 266 1
66 267 1
66 278 1
66 280 1
66 281 1
66 285 1
66 286 1
66 290 1
66 291 1
66 293 1
66 294 1
66 297 1
66 308 1
66 309 1
66 325 1
66 341 1
66 363 1
66 369 1
66 375 1
66 386 1
66 394 1
66 419 1
66 423 1
68 85 1
69 7 1
69 382 1
74 373 1
77 44 1
77 144 1
77 245 1
77 313 1
77 390 1
82 68 1
82 73 1
82 153 1
82 254 1
82 276 1
82 393 1
82 397 1
88 144 1
88 231 1
88 243 1
90 352 1
90 367 1
94 134 1
97 124 1
111 67 1
111 146 1
113 146 1
114 14 1
114 126 1
114 180 1
119 13 1
119 121 1
119 182 1
119 316 1
119 365 1
123 202 1
127 118 1
127 290 1
127 314 1
136 37 1
136 95 1
136 141 1
136 149 1
136 245 1
136 301 1
136 307 1
137 2 1
137 18 1
137 38 1
137 110 1
137 155 1
137 165 1
137 171 1
137 232 1
137 283 1
137 291 1
137 360 1
137 387 1
143 16 1
143 48 1
143 84 1
143 95 1
143 136 1
143 138 1
143 149 1
143 163 1
143 179 1
143 191 1
143 218 1
143 225 1
143 240 1
143 247 1
143 250 1
143 268 1
143 270 1
143 318 1
143 327 1
143 335 1
143 338 1
143 406 1
148 92 1
148 93 1
148 165 1
148 185 1
148 197 1
148 200 1
148 272 1
151 402 1
154 21 1
154 28 1
154 147 1
154 157 1
154 187 1
154 289 1
154 312 1
154 329 1
154 382 1
156 103 1
156 174 1
157 285 1
158 288 1
160 56 1
161 379 1
164 100 1
169 65 1
169 328 1
175 29 1
175 118 1
175 237 1
175 285 1
181 167 1
181 235 1
181 350 1
188 228 1
190 116 1
190 129 1
190 145 1
190 203 1
190 214 1
190 238 1
190 239 1
190 242 1
190 266 1
190 272 1
190 285 1
190 287 1
190 291 1
190 295 1
190 299 1
190 345 1
190 349 1
190 357 1
190 361 1
190 399 1
190 412 1
193 72 1
193 120 1
193 121 1
193 123 1
193 140 1
193 200 1
193 240 1
198 249 1
203 102 1
203 395 1
207 252 1
213 303 1
215 210 1
219 321 1
222 56 1
222 57 1
222 64 1
222 132 1
222 139 1
222 154 1
222 172 1
222 312 1
222 357 1
222 401 1
222 409 1
227 22 1
227 83 1
227 152 1
227 176 1
227 177 1
227 184 1
227 223 1
227 236 1
227 314 1
227 354 1
227 377 1
227 421 1
227 422 1
227 423 1
229 137 1
229 275 1
233 87 1
237 5 1
237 150 1
237 162 1
237 216 1
237 365 1
241 189 1
241 194 1
241 197 1
241 209 1
241 368 1
246 241 1
251 5 1
251 62 1
251 112 1
251 322 1
252 140 1
252 180 1
252 369 1
257 336 1
258 150 1
258 172 1
258 196 1
258 290 1
261 86 1
267 1 1
267 162 1
269 47 1
269 318 1
270 262 1
270 278 1
270 406 1
274 14 1
274 39 1
274 58 1
274 92 1
274 216 1
274 264 1
274 311 1
274 314 1
274 334 1
274 340 1
274 356 1
274 372 1
274 396 1
279 345 1
282 1 1
282 8 1
282 33 1
282 34 1
282 41 1
282 76 1
282 85 1
282 118 1
282 168 1
282 273 1
282 308 1
282 368 1
282 369 1
282 398 1
292 7 1
292 11 1
292 27 1
292 117 1
292 155 1
292 234 1
298 87 1
298 351 1
298 355 1
298 388 1
304 177 1
304 244 1
304 255 1
304 359 1
315 210 1
324 19 1
324 79 1
324 91 1
324 159 1
324 169 1
324 178 1
324 234 1
324 247 1
324 255 1
324 263 1
324 292 1
324 336 1
324 345 1
324 357 1
324 382 1
324 416 1
330 122 1
331 19 1
331 290 1
337 7 1
337 151 1
339 26 1
339 36 1
339 49 1
339 60 1
339 166 1
339 271 1
339 280 1
339 283 1
339 319 1
339 320 1
339 383 1
339 416 1
342 332 1
344 5 1
344 23 1
344 46 1
344 87 1
344 105 1
344 130 1
344 162 1
344 170 1
344 176 1
344 179 1
344 202 1
344 233 1
344 267 1
344 272 1
344 277 1
344 287 1
344 291 1
344 310 1
344 333 1
344 345 1
344 351 1
344 371 1
344 392 1
344 407 1
345 25 1
345 51 1
345 129 1
345 202 1
345 238 1
345 318 1
345 348 1
345 357 1
345 392 1
345 414 1
346 10 1
346 86 1
346 89 1
346 162 1
346 201 1
346 236 1
346 240 1
346 277 1
346 287 1
346 296 1
346 357 1
346 362 1
346 381 1
349 326 1
358 183 1
359 13 1
359 63 1
359 173 1
359 343 1
359 347 1
359 410 1
370 422 1
376 96 1
378 403 1
380 75 1
380 264 1
380 323 1
380 364 1
385 73 1
385 125 1
385 217 1
385 220 1
385 374 1
385 381 1
385 384 1
389 80 1
391 99 1
401 256 1
405 35 1
408 375 1
413 13 1
413 17 1
413 23 1
413 31 1
413 70 1
413 103 1
413 106 1
413 107 1
413 133 1
413 135 1
413 136 1
413 142 1
413 144 1
413 182 1
413 199 1
413 224 1
413 226 1
413 230 1
413 253 1
413 260 1
413 273 1
413 294 1
413 351 1
413 353 1
413 390 1
413 404 1
415 21 1
417 284 1
418 317 1
418 355 1
418 411 1
420 400 1
