4 249 1
6 199 1
6 357 1
9 141 1
15 392 1
18 369 1
20 45 1
20 105 1
20 296 1
20 321 1
24 7 1
24 72 1
24 85 1
24 87 1
24 112 1
24 118 1
24 153 1
24 163 1
24 171 1
24 218 1
24 290 1
24 295 1
24 309 1
24 310 1
24 318 1
24 341 1
24 366 1
24 377 1
24 416 1
24 423 1
30 21 1
30 28 1
30 86 1
30 100 1
30 268 1
30 340 1
40 50 1
43 87 1
46 120 1
46 121 1
49 56 1
53 197 1
53 238 1
55 169 1
56 10 1
56 318 1
59 244 1
59 345 1
64 7 1
64 13 1
64 18 1
64 98 1
64 131 1
64 140 1
64 155 1
64 165 1
64 319 1
66 5 1
66 7 1
66 13 1
66 17 1
66 18 1
66 22 1
66 24 1
66 56 1
66 57 1
66 63 1
66 64 1
66 67 1
66 71 1
66 78 1
66 85 1
66 86 1
66 87 1
66 102 1
66 117 1
66 118 1
66 128 1
66 136 1
66 137 1
66 144 1
66 146 1
66 150 1
66 152 1
66 153 1
66 159 1
66 182 1
66 187 1
66 200 1
66 202 1
66 208 1
66 210 1
66 211 1
66 212 1
66 220 1
66 232 1
66 234 1
66 237 1
66 238 1
66 242 1
66 246 1
66 262 1
66 266 1
66 267 1
66 273 1
66 275 1
66 283 1
66 287 1
66 290 1
66 291 1
66 294 1
66 305 1
66 314 1
66 318 1
66 325 1
66 328 1
66 332 1
66 336 1
66 345 1
66 351 1
66 354 1
66 369 1
66 390 1
66 393 1
66 397 1
66 409 1
66 410 1
66 411 1
66 423 1
68 56 1
69 42 1
69 375 1
74 103 1
77 57 1
77 99 1
77 153 1
77 177 1
77 276 1
82 20 1
82 35 1
82 132 1
82 184 1
82 236 1
82 300 1
82 355 1
88 1 1
88 223 1
88 368 1
90 357 1
90 382 1
94 89 1
97 96 1
111 225 1
111 273 1
113 162 1
114 267 1
114 286 1
114 288 1
119 61 1
119 237 1
119 273 1
119 278 1
119 375 1
123 278 1
127 118 1
127 197 1
127 382 1
136 5 1
136 22 1
136 56 1
136 144 1
136 202 1
136 252 1
136 381 1
137 36 1
137 52 1
137 57 1
137 85 1
137 144 1
137 171 1
137 180 1
137 232 1
137 290 1
137 336 1
137 351 1
137 369 1
143 33 1
143 73 1
143 76 1
143 92 1
143 129 1
143 138 1
143 141 1
143 145 1
143 157 1
143 166 1
143 185 1
143 272 1
143 277 1
143 303 1
143 306 1
143 308 1
143 322 1
143 338 1
143 343 1
143 352 1
143 355 1
143 362 1
148 91 1
148 92 1
148 176 1
148 206 1
148 226 1
148 289 1
148 329 1
151 404 1
154 37 1
154 176 1
154 179 1
154 180 1
154 247 1
154 250 1
154 260 1
154 299 1
154 314 1
156 245 1
156 386 1
157 191 1
158 142 1
160 83 1
161 271 1
164 60 1
169 228 1
169 254 1
175 23 1
175 95 1
175 210 1
175 382 1
181 89 1
181 308 1
181 320 1
188 16 1
190 5 1
190 12 1
190 19 1
190 27 1
190 39 1
190 103 1
190 136 1
190 167 1
190 172 1
190 173 1
190 193 1
190 217 1
190 264 1
190 278 1
190 313 1
190 361 1
190 363 1
190 371 1
190 384 1
190 419 1
190 421 1
193 1 1
193 80 1
193 172 1
193 239 1
193 357 1
193 388 1
193 400 1
198 285 1
203 65 1
203 316 1
207 277 1
213 287 1
215 189 1
219 106 1
222 34 1
222 37 1
222 41 1
222 123 1
222 130 1
222 146 1
222 157 1
222 182 1
222 284 1
222 291 1
222 333 1
227 38 1
227 47 1
227 58 1
227 86 1
227 125 1
227 170 1
227 294 1
227 301 1
227 312 1
227 314 1
227 350 1
227 359 1
227 406 1
227 422 1
229 216 1
229 241 1
233 205 1
237 21 1
237 84 1
237 146 1
237 173 1
237 294 1
241 142 1
241 165 1
241 216 1
241 272 1
241 281 1
246 368 1
251 46 1
251 58 1
251 139 1
251 357 1
252 13 1
252 14 1
252 280 1
257 186 1
258 92 1
258 122 1
258 200 1
258 240 1
261 162 1
267 16 1
267 365 1
269 31 1
269 150 1
270 153 1
270 307 1
270 335 1
274 1 1
274 44 1
274 149 1
274 183 1
274 196 1
274 209 1
274 214 1
274 231 1
274 285 1
274 297 1
274 390 1
274 398 1
274 423 1
279 373 1
282 49 1
282 101 1
282 108 1
282 144 1
282 162 1
282 240 1
282 285 1
282 292 1
282 311 1
282 323 1
282 327 1
282 345 1
282 364 1
282 395 1
292 14 1
292 133 1
292 162 1
292 240 1
292 317 1
292 345 1
298 25 1
298 360 1
298 367 1
298 381 1
304 8 1
304 177 1
304 326 1
304 387 1
315 293 1
324 2 1
324 7 1
324 26 1
324 127 1
324 135 1
324 145 1
324 171 1
324 179 1
324 291 1
324 351 1
324 356 1
324 357 1
324 379 1
324 396 1
324 407 1
324 414 1
330 255 1
331 144 1
331 233 1
337 154 1
337 203 1
339 5 1
339 67 1
339 95 1
339 120 1
339 221 1
339 263 1
339 272 1
339 334 1
339 348 1
339 372 1
339 406 1
339 422 1
342 135 1
344 17 1
344 19 1
344 23 1
344 32 1
344 48 1
344 51 1
344 93 1
344 107 1
344 115 1
344 136 1
344 137 1
344 155 1
344 201 1
344 202 1
344 255 1
344 264 1
344 287 1
344 302 1
344 365 1
344 383 1
344 392 1
344 394 1
344 401 1
344 402 1
345 3 1
345 75 1
345 200 1
345 224 1
345 234 1
345 285 1
345 290 1
345 291 1
345 369 1
345 388 1
346 11 1
346 68 1
346 73 1
346 81 1
346 132 1
346 149 1
346 174 1
346 196 1
346 243 1
346 266 1
346 353 1
346 357 1
346 403 1
349 312 1
358 129 1
359 86 1
359 117 1
359 194 1
359 245 1
359 280 1
359 369 1
370 416 1
376 412 1
378 178 1
380 121 1
380 147 1
380 270 1
380 399 1
385 126 1
385 172 1
385 174 1
385 197 1
385 256 1
385 277 1
385 312 1
389 248 1
391 96 1
401 271 1
405 349 1
408 230 1
413 1 1
413 29 1
413 62 1
413 70 1
413 79 1
413 85 1
413 104 1
413 110 1
413 116 1
413 124 1
413 134 1
413 151 1
413 155 1
413 165 1
413 169 1
413 195 1
413 235 1
413 236 1
413 247 1
413 253 1
413 283 1
413 290 1
413 338 1
413 347 1
413 351 1
413 374 1
415 140 1
417 54 1
418 76 1
418 168 1
418 172 1
420 60 1
