4 18 1
6 8 1
6 409 1
9 368 1
15 396 1
18 250 1
20 1 1
20 5 1
20 56 1
20 136 1
24 28 1
24 57 1
24 60 1
24 86 1
24 95 1
24 96 1
24 157 1
24 172 1
24 191 1
24 200 1
24 238 1
24 281 1
24 285 1
24 290 1
24 310 1
24 319 1
24 329 1
24 357 1
24 407 1
24 422 1
30 86 1
30 102 1
30 105 1
30 171 1
30 173 1
30 277 1
40 224 1
43 142 1
46 375 1
46 386 1
49 256 1
53 166 1
53 349 1
55 112 1
56 144 1
56 273 1
59 153 1
59 333 1
64 50 1
64 127 1
64 155 1
64 208 1
64 210 1
64 223 1
64 287 1
64 343 1
64 416 1
66 2 1
66 3 1
66 7 1
66 16 1
66 17 1
66 22 1
66 24 1
66 41 1
66 44 1
66 67 1
66 72 1
66 76 1
66 85 1
66 89 1
66 118 1
66 120 1
66 134 1
66 136 1
66 137 1
66 144 1
66 152 1
66 154 1
66 155 1
66 162 1
66 165 1
66 172 1
66 173 1
66 174 1
66 179 1
66 182 1
66 185 1
66 186 1
66 193 1
66 197 1
66 200 1
66 202 1
66 232 1
66 233 1
66 236 1
66 237 1
66 240 1
66 241 1
66 246 1
66 253 1
66 260 1
66 262 1
66 264 1
66 266 1
66 273 1
66 276 1
66 290 1
66 291 1
66 311 1
66 321 1
66 323 1
66 325 1
66 328 1
66 335 1
66 345 1
66 351 1
66 355 1
66 357 1
66 360 1
66 369 1
66 372 1
66 379 1
66 393 1
66 403 1
66 411 1
66 412 1
66 419 1
66 423 1
68 150 1
69 13 1
69 271 1
74 21 1
77 10 1
77 87 1
77 225 1
77 369 1
77 392 1
82 35 1
82 37 1
82 38 1
82 92 1
82 169 1
82 392 1
82 394 1
88 170 1
88 232 1
88 369 1
90 95 1
90 404 1
94 361 1
97 357 1
111 165 1
111 197 1
113 302 1
114 32 1
114 144 1
114 354 1
119 103 1
119 131 1
119 169 1
119 288 1
119 307 1
123 118 1
127 71 1
127 214 1
127 245 1
136 57 1
136 85 1
136 135 1
136 266 1
136 290 1
136 320 1
136 382 1
137 52 1
137 108 1
137 133 1
137 149 1
137 243 1
137 247 1
137 252 1
137 355 1
137 357 1
137 373 1
137 388 1
137 423 1
143 7 1
143 47 1
143 64 1
143 65 1
143 89 1
143 98 1
143 157 1
143 159 1
143 179 1
143 180 1
143 183 1
143 184 1
143 226 1
143 237 1
143 240 1
143 291 1
143 334 1
143 345 1
143 364 1
143 365 1
143 416 1
143 423 1
148 7 1
148 118 1
148 123 1
148 162 1
148 196 1
148 200 1
148 271 1
151 299 1
154 86 1
154 155 1
154 236 1
154 263 1
154 280 1
154 314 1
154 357 1
154 368 1
154 390 1
156 178 1
156 301 1
157 244 1
158 406 1
160 145 1
161 141 1
164 216 1
169 18 1
169 242 1
175 36 1
175 61 1
175 86 1
175 238 1
181 172 1
181 212 1
181 283 1
188 27 1
190 25 1
190 39 1
190 57 1
190 63 1
190 80 1
190 81 1
190 84 1
190 87 1
190 125 1
190 126 1
190 130 1
190 162 1
190 165 1
190 167 1
190 171 1
190 189 1
190 202 1
190 283 1
190 318 1
190 374 1
190 421 1
193 16 1
193 42 1
193 76 1
193 197 1
193 264 1
193 352 1
193 398 1
198 312 1
203 135 1
203 201 1
207 255 1
213 33 1
215 390 1
219 151 1
222 5 1
222 75 1
222 110 1
222 142 1
222 153 1
222 203 1
222 239 1
222 272 1
222 314 1
222 338 1
222 341 1
227 45 1
227 49 1
227 103 1
227 107 1
227 146 1
227 163 1
227 221 1
227 248 1
227 287 1
227 312 1
227 351 1
227 367 1
227 381 1
227 382 1
229 150 1
229 294 1
233 144 1
237 1 1
237 7 1
237 240 1
237 291 1
237 340 1
241 22 1
241 85 1
241 121 1
241 202 1
241 247 1
246 96 1
251 106 1
251 182 1
251 284 1
251 414 1
252 194 1
252 292 1
252 397 1
257 1 1
258 129 1
258 138 1
258 218 1
258 286 1
261 303 1
267 234 1
267 369 1
269 67 1
269 73 1
270 117 1
270 206 1
270 375 1
274 26 1
274 46 1
274 78 1
274 87 1
274 117 1
274 139 1
274 216 1
274 228 1
274 268 1
274 278 1
274 314 1
274 359 1
274 383 1
279 353 1
282 29 1
282 31 1
282 68 1
282 91 1
282 115 1
282 120 1
282 140 1
282 174 1
282 195 1
282 217 1
282 255 1
282 272 1
282 317 1
282 400 1
292 56 1
292 92 1
292 101 1
292 162 1
292 209 1
292 296 1
298 13 1
298 210 1
298 300 1
298 350 1
304 23 1
304 294 1
304 356 1
304 366 1
315 92 1
324 5 1
324 93 1
324 124 1
324 129 1
324 196 1
324 234 1
324 249 1
324 267 1
324 272 1
324 277 1
324 285 1
324 326 1
324 327 1
324 347 1
324 351 1
324 395 1
330 58 1
331 176 1
331 318 1
337 21 1
337 83 1
339 85 1
339 100 1
339 137 1
339 149 1
339 153 1
339 177 1
339 245 1
339 308 1
339 351 1
339 381 1
339 384 1
339 402 1
342 280 1
344 1 1
344 5 1
344 20 1
344 34 1
344 37 1
344 48 1
344 51 1
344 54 1
344 56 1
344 99 1
344 121 1
344 132 1
344 136 1
344 144 1
344 168 1
344 235 1
344 278 1
344 285 1
344 291 1
344 297 1
344 306 1
344 345 1
344 348 1
344 382 1
345 12 1
345 14 1
345 17 1
345 270 1
345 273 1
345 275 1
345 285 1
345 290 1
345 363 1
345 377 1
346 11 1
346 60 1
346 70 1
346 116 1
346 140 1
346 177 1
346 290 1
346 295 1
346 362 1
346 369 1
346 387 1
346 399 1
346 401 1
349 19 1
358 146 1
359 14 1
359 211 1
359 336 1
359 345 1
359 357 1
359 388 1
370 23 1
376 293 1
378 267 1
380 79 1
380 128 1
380 316 1
380 322 1
385 199 1
385 230 1
385 254 1
385 305 1
385 309 1
385 313 1
385 410 1
389 145 1
391 220 1
401 153 1
405 371 1
408 406 1
413 13 1
413 19 1
413 58 1
413 62 1
413 104 1
413 122 1
413 132 1
413 141 1
413 146 1
413 147 1
413 176 1
413 180 1
413 187 1
413 205 1
413 277 1
413 287 1
413 289 1
413 294 1
413 308 1
413 312 1
413 318 1
413 332 1
413 336 1
413 338 1
413 365 1
413 422 1
415 171 1
417 73 1
418 56 1
418 231 1
418 278 1
420 172 1
