4 5 1
6 256 1
6 302 1
9 71 1
15 289 1
18 157 1
20 67 1
20 155 1
20 244 1
20 255 1
24 1 1
24 83 1
24 85 1
24 96 1
24 104 1
24 117 1
24 122 1
24 130 1
24 146 1
24 159 1
24 162 1
24 171 1
24 312 1
24 323 1
24 336 1
24 357 1
24 369 1
24 403 1
24 416 1
24 423 1
30 86 1
30 153 1
30 182 1
30 254 1
30 297 1
30 397 1
40 16 1
43 379 1
46 5 1
46 137 1
49 209 1
53 63 1
53 365 1
55 19 1
56 172 1
56 276 1
59 37 1
59 86 1
64 13 1
64 50 1
64 102 1
64 117 1
64 212 1
64 264 1
64 278 1
64 280 1
64 375 1
66 1 1
66 2 1
66 7 1
66 20 1
66 22 1
66 24 1
66 35 1
66 47 1
66 48 1
66 64 1
66 65 1
66 67 1
66 68 1
66 79 1
66 85 1
66 92 1
66 96 1
66 105 1
66 112 1
66 118 1
66 123 1
66 125 1
66 127 1
66 128 1
66 129 1
66 131 1
66 132 1
66 136 1
66 145 1
66 147 1
66 153 1
66 155 1
66 162 1
66 165 1
66 168 1
66 171 1
66 172 1
66 173 1
66 183 1
66 184 1
66 194 1
66 218 1
66 230 1
66 236 1
66 238 1
66 243 1
66 245 1
66 246 1
66 252 1
66 255 1
66 263 1
66 271 1
66 273 1
66 280 1
66 283 1
66 285 1
66 287 1
66 292 1
66 316 1
66 329 1
66 338 1
66 345 1
66 351 1
66 354 1
66 355 1
66 357 1
66 359 1
66 381 1
66 400 1
66 407 1
66 419 1
66 423 1
68 23 1
69 14 1
69 144 1
74 202 1
77 73 1
77 129 1
77 332 1
77 369 1
77 382 1
82 118 1
82 203 1
82 236 1
82 290 1
82 317 1
82 353 1
82 375 1
88 17 1
88 135 1
88 369 1
90 23 1
90 303 1
94 144 1
97 174 1
111 76 1
111 200 1
113 409 1
114 31 1
114 300 1
114 387 1
119 13 1
119 153 1
119 336 1
119 364 1
119 377 1
123 162 1
127 144 1
127 162 1
127 308 1
136 170 1
136 186 1
136 262 1
136 272 1
136 278 1
136 314 1
136 357 1
137 32 1
137 33 1
137 87 1
137 135 1
137 139 1
137 142 1
137 144 1
137 220 1
137 232 1
137 247 1
137 318 1
137 388 1
143 22 1
143 27 1
143 29 1
143 89 1
143 93 1
143 99 1
143 121 1
143 132 1
143 152 1
143 165 1
143 172 1
143 196 1
143 197 1
143 206 1
143 242 1
143 281 1
143 291 1
143 321 1
143 345 1
143 396 1
143 416 1
143 422 1
148 18 1
148 92 1
148 101 1
148 103 1
148 240 1
148 374 1
148 398 1
151 199 1
154 3 1
154 38 1
154 57 1
154 163 1
154 200 1
154 240 1
154 277 1
154 307 1
154 308 1
156 7 1
156 372 1
157 106 1
158 268 1
160 61 1
161 80 1
164 319 1
169 142 1
169 171 1
175 100 1
175 146 1
175 270 1
175 313 1
181 177 1
181 197 1
181 335 1
188 14 1
190 13 1
190 44 1
190 73 1
190 78 1
190 108 1
190 116 1
190 145 1
190 150 1
190 155 1
190 180 1
190 234 1
190 266 1
190 291 1
190 296 1
190 310 1
190 314 1
190 341 1
190 349 1
190 367 1
190 399 1
190 421 1
193 92 1
193 138 1
193 169 1
193 179 1
193 334 1
193 369 1
193 410 1
198 386 1
203 28 1
203 107 1
207 275 1
213 103 1
215 195 1
219 393 1
222 16 1
222 87 1
222 120 1
222 216 1
222 221 1
222 231 1
222 287 1
222 312 1
222 328 1
222 350 1
222 388 1
227 21 1
227 41 1
227 51 1
227 98 1
227 140 1
227 141 1
227 157 1
227 174 1
227 191 1
227 249 1
227 318 1
227 356 1
227 366 1
227 368 1
229 56 1
229 250 1
233 45 1
237 1 1
237 202 1
237 225 1
237 260 1
237 312 1
241 42 1
241 86 1
241 187 1
241 290 1
241 306 1
246 54 1
251 37 1
251 176 1
251 285 1
251 311 1
252 273 1
252 401 1
252 423 1
257 141 1
258 357 1
258 395 1
258 402 1
258 412 1
261 216 1
267 272 1
267 383 1
269 294 1
269 295 1
270 110 1
270 214 1
270 343 1
274 56 1
274 126 1
274 134 1
274 180 1
274 201 1
274 240 1
274 287 1
274 294 1
274 318 1
274 360 1
274 362 1
274 373 1
274 406 1
279 5 1
282 8 1
282 76 1
282 136 1
282 177 1
282 202 1
282 224 1
282 226 1
282 237 1
282 290 1
282 314 1
282 322 1
282 371 1
282 382 1
282 411 1
292 39 1
292 56 1
292 58 1
292 95 1
292 153 1
292 390 1
298 118 1
298 197 1
298 264 1
298 351 1
304 62 1
304 239 1
304 266 1
304 309 1
315 208 1
324 57 1
324 84 1
324 87 1
324 95 1
324 137 1
324 144 1
324 149 1
324 173 1
324 205 1
324 211 1
324 232 1
324 235 1
324 253 1
324 267 1
324 351 1
324 363 1
330 56 1
331 49 1
331 140 1
337 72 1
337 278 1
339 10 1
339 60 1
339 151 1
339 189 1
339 210 1
339 284 1
339 288 1
339 299 1
339 305 1
339 326 1
339 347 1
339 406 1
342 369 1
344 1 1
344 26 1
344 34 1
344 46 1
344 52 1
344 57 1
344 58 1
344 60 1
344 91 1
344 136 1
344 154 1
344 172 1
344 200 1
344 210 1
344 234 1
344 237 1
344 247 1
344 273 1
344 277 1
344 285 1
344 340 1
344 351 1
344 357 1
344 390 1
345 7 1
345 19 1
345 85 1
345 165 1
345 167 1
345 169 1
345 179 1
345 238 1
345 283 1
345 291 1
346 36 1
346 89 1
346 115 1
346 121 1
346 193 1
346 196 1
346 277 1
346 286 1
346 301 1
346 320 1
346 361 1
346 368 1
346 404 1
349 178 1
358 124 1
359 228 1
359 285 1
359 293 1
359 294 1
359 338 1
359 357 1
370 414 1
376 394 1
378 233 1
380 12 1
380 18 1
380 166 1
380 422 1
385 17 1
385 25 1
385 267 1
385 290 1
385 333 1
385 345 1
385 392 1
389 217 1
391 325 1
401 248 1
405 146 1
408 182 1
413 5 1
413 7 1
413 11 1
413 70 1
413 81 1
413 85 1
413 86 1
413 120 1
413 133 1
413 149 1
413 176 1
413 185 1
413 223 1
413 241 1
413 245 1
413 271 1
413 272 1
413 290 1
413 291 1
413 327 1
413 345 1
413 348 1
413 352 1
413 381 1
413 382 1
413 392 1
415 150 1
417 21 1
418 75 1
418 355 1
418 365 1
420 384 1
