4 12 1
6 91 1
6 162 1
9 132 1
15 369 1
18 73 1
20 57 1
20 121 1
20 162 1
20 168 1
24 34 1
24 50 1
24 52 1
24 62 1
24 79 1
24 92 1
24 120 1
24 145 1
24 201 1
24 232 1
24 268 1
24 294 1
24 333 1
24 341 1
24 343 1
24 369 1
24 375 1
24 381 1
24 382 1
24 422 1
30 76 1
30 125 1
30 256 1
30 340 1
30 393 1
30 400 1
40 153 1
43 37 1
46 322 1
46 392 1
49 334 1
53 99 1
53 319 1
55 180 1
56 16 1
56 245 1
59 89 1
59 350 1
64 137 1
64 144 1
64 146 1
64 291 1
64 314 1
64 355 1
64 357 1
64 359 1
64 366 1
66 1 1
66 5 1
66 7 1
66 10 1
66 13 1
66 23 1
66 25 1
66 37 1
66 45 1
66 58 1
66 63 1
66 68 1
66 71 1
66 78 1
66 81 1
66 85 1
66 86 1
66 93 1
66 102 1
66 104 1
66 106 1
66 123 1
66 128 1
66 129 1
66 133 1
66 134 1
66 136 1
66 139 1
66 141 1
66 152 1
66 153 1
66 155 1
66 165 1
66 169 1
66 170 1
66 171 1
66 172 1
66 174 1
66 177 1
66 183 1
66 187 1
66 194 1
66 195 1
66 199 1
66 200 1
66 216 1
66 221 1
66 237 1
66 238 1
66 240 1
66 247 1
66 252 1
66 267 1
66 280 1
66 285 1
66 295 1
66 299 1
66 309 1
66 312 1
66 317 1
66 318 1
66 323 1
66 327 1
66 345 1
66 351 1
66 361 1
66 365 1
66 373 1
66 383 1
66 410 1
66 412 1
66 423 1
68 85 1
69 101 1
69 289 1
74 1 1
77 135 1
77 241 1
77 254 1
77 285 1
77 352 1
82 20 1
82 118 1
82 162 1
82 313 1
82 348 1
82 379 1
82 390 1
88 95 1
88 243 1
88 336 1
90 118 1
90 182 1
94 278 1
97 196 1
111 85 1
111 271 1
113 347 1
114 2 1
114 48 1
114 273 1
119 8 1
119 70 1
119 271 1
119 276 1
119 390 1
123 318 1
127 129 1
127 364 1
127 368 1
136 19 1
136 172 1
136 290 1
136 303 1
136 312 1
136 320 1
136 382 1
137 76 1
137 80 1
137 144 1
137 147 1
137 157 1
137 162 1
137 178 1
137 238 1
137 264 1
137 281 1
137 291 1
137 368 1
143 33 1
143 57 1
143 60 1
143 116 1
143 154 1
143 159 1
143 173 1
143 234 1
143 255 1
143 277 1
143 283 1
143 287 1
143 291 1
143 300 1
143 326 1
143 328 1
143 360 1
143 362 1
143 369 1
143 374 1
143 397 1
143 423 1
148 18 1
148 73 1
148 157 1
148 176 1
148 335 1
148 404 1
148 416 1
151 96 1
154 39 1
154 117 1
154 132 1
154 169 1
154 210 1
154 284 1
154 301 1
154 363 1
154 398 1
156 182 1
156 216 1
157 150 1
158 206 1
160 17 1
161 388 1
164 255 1
169 86 1
169 372 1
175 1 1
175 3 1
175 166 1
175 263 1
181 17 1
181 56 1
181 356 1
188 185 1
190 21 1
190 35 1
190 41 1
190 44 1
190 56 1
190 64 1
190 85 1
190 95 1
190 105 1
190 179 1
190 203 1
190 210 1
190 273 1
190 278 1
190 285 1
190 293 1
190 314 1
190 351 1
190 353 1
190 357 1
190 375 1
193 5 1
193 146 1
193 155 1
193 202 1
193 345 1
193 382 1
193 386 1
198 297 1
203 21 1
203 92 1
207 228 1
213 231 1
215 308 1
219 394 1
222 23 1
222 115 1
222 126 1
222 145 1
222 240 1
222 253 1
222 267 1
222 273 1
222 371 1
222 403 1
222 409 1
227 14 1
227 54 1
227 61 1
227 83 1
227 98 1
227 103 1
227 208 1
227 224 1
227 316 1
227 318 1
227 338 1
227 387 1
227 401 1
227 419 1
229 186 1
229 272 1
233 308 1
237 58 1
237 86 1
237 235 1
237 280 1
237 312 1
241 36 1
241 130 1
241 285 1
241 349 1
241 396 1
246 245 1
251 56 1
251 226 1
251 236 1
251 414 1
252 5 1
252 7 1
252 155 1
257 250 1
258 1 1
258 120 1
258 140 1
258 217 1
261 336 1
267 232 1
267 294 1
269 171 1
269 191 1
270 124 1
270 150 1
270 209 1
274 65 1
274 112 1
274 127 1
274 172 1
274 197 1
274 212 1
274 220 1
274 225 1
274 242 1
274 262 1
274 287 1
274 321 1
274 332 1
279 244 1
282 11 1
282 103 1
282 108 1
282 151 1
282 249 1
282 272 1
282 275 1
282 277 1
282 288 1
282 291 1
282 296 1
282 354 1
282 377 1
282 411 1
292 7 1
292 16 1
292 56 1
292 57 1
292 149 1
292 223 1
298 200 1
298 205 1
298 395 1
298 423 1
304 122 1
304 176 1
304 266 1
304 399 1
315 100 1
324 22 1
324 72 1
324 84 1
324 89 1
324 107 1
324 135 1
324 144 1
324 171 1
324 172 1
324 200 1
324 202 1
324 248 1
324 278 1
324 369 1
324 388 1
324 421 1
330 365 1
331 202 1
331 287 1
337 75 1
337 237 1
339 26 1
339 28 1
339 67 1
339 87 1
339 153 1
339 197 1
339 234 1
339 302 1
339 307 1
339 345 1
339 351 1
339 357 1
342 381 1
344 13 1
344 29 1
344 47 1
344 51 1
344 86 1
344 87 1
344 92 1
344 136 1
344 142 1
344 165 1
344 180 1
344 193 1
344 197 1
344 214 1
344 233 1
344 236 1
344 246 1
344 260 1
344 283 1
344 290 1
344 345 1
344 357 1
344 402 1
344 406 1
345 5 1
345 13 1
345 49 1
345 87 1
345 121 1
345 153 1
345 163 1
345 165 1
345 306 1
345 357 1
346 18 1
346 22 1
346 27 1
346 46 1
346 174 1
346 218 1
346 230 1
346 247 1
346 286 1
346 294 1
346 338 1
346 357 1
346 392 1
349 351 1
358 167 1
359 136 1
359 137 1
359 179 1
359 264 1
359 290 1
359 355 1
370 117 1
376 141 1
378 96 1
380 138 1
380 173 1
380 239 1
380 290 1
385 142 1
385 144 1
385 177 1
385 240 1
385 329 1
385 367 1
385 416 1
389 38 1
391 305 1
401 266 1
405 118 1
408 277 1
413 7 1
413 14 1
413 19 1
413 31 1
413 42 1
413 60 1
413 67 1
413 110 1
413 131 1
413 140 1
413 144 1
413 149 1
413 184 1
413 189 1
413 211 1
413 270 1
413 272 1
413 292 1
413 310 1
413 311 1
413 314 1
413 325 1
413 369 1
413 384 1
413 406 1
413 407 1
415 24 1
417 32 1
418 146 1
418 196 1
418 290 1
420 422 1
