4 234 1
6 34 1
6 372 1
9 126 1
15 163 1
18 266 1
20 96 1
20 171 1
20 277 1
20 421 1
24 7 1
24 11 1
24 38 1
24 49 1
24 78 1
24 103 1
24 110 1
24 137 1
24 138 1
24 202 1
24 225 1
24 256 1
24 285 1
24 287 1
24 294 1
24 314 1
24 334 1
24 382 1
24 399 1
24 422 1
30 25 1
30 76 1
30 136 1
30 172 1
30 208 1
30 392 1
40 255 1
43 239 1
46 144 1
46 369 1
49 178 1
53 73 1
53 142 1
55 75 1
56 7 1
56 195 1
59 45 1
59 293 1
64 7 1
64 56 1
64 71 1
64 118 1
64 210 1
64 266 1
64 290 1
64 351 1
64 402 1
66 5 1
66 7 1
66 20 1
66 23 1
66 27 1
66 54 1
66 56 1
66 64 1
66 85 1
66 86 1
66 92 1
66 93 1
66 95 1
66 96 1
66 116 1
66 132 1
66 145 1
66 149 1
66 151 1
66 152 1
66 153 1
66 169 1
66 171 1
66 174 1
66 186 1
66 191 1
66 196 1
66 197 1
66 205 1
66 210 1
66 212 1
66 216 1
66 218 1
66 230 1
66 236 1
66 237 1
66 240 1
66 241 1
66 252 1
66 254 1
66 267 1
66 268 1
66 271 1
66 276 1
66 277 1
66 286 1
66 290 1
66 297 1
66 312 1
66 317 1
66 318 1
66 323 1
66 328 1
66 336 1
66 338 1
66 345 1
66 351 1
66 355 1
66 356 1
66 357 1
66 363 1
66 369 1
66 373 1
66 379 1
66 381 1
66 384 1
66 397 1
66 398 1
66 401 1
66 404 1
66 406 1
66 412 1
68 423 1
69 13 1
69 333 1
74 369 1
77 48 1
77 117 1
77 288 1
77 308 1
77 357 1
82 63 1
82 133 1
82 182 1
82 290 1
82 299 1
82 329 1
82 341 1
88 142 1
88 248 1
88 291 1
90 289 1
90 414 1
94 52 1
97 145 1
111 170 1
111 407 1
113 83 1
114 16 1
114 101 1
114 357 1
119 33 1
119 107 1
119 245 1
119 273 1
119 312 1
123 348 1
127 171 1
127 243 1
127 285 1
136 18 1
136 76 1
136 125 1
136 139 1
136 146 1
136 162 1
136 263 1
137 13 1
137 37 1
137 150 1
137 157 1
137 250 1
137 272 1
137 278 1
137 327 1
137 345 1
137 347 1
137 388 1
137 419 1
143 19 1
143 32 1
143 51 1
143 62 1
143 89 1
143 129 1
143 149 1
143 155 1
143 172 1
143 211 1
143 221 1
143 228 1
143 236 1
143 245 1
143 277 1
143 285 1
143 292 1
143 311 1
143 320 1
143 357 1
143 368 1
143 381 1
148 87 1
148 117 1
148 176 1
148 201 1
148 249 1
148 336 1
148 365 1
151 86 1
154 57 1
154 123 1
154 131 1
154 180 1
154 209 1
154 283 1
154 343 1
154 369 1
154 395 1
156 135 1
156 305 1
157 106 1
158 368 1
160 217 1
161 29 1
164 121 1
169 86 1
169 196 1
175 13 1
175 128 1
175 187 1
175 308 1
181 290 1
181 326 1
181 366 1
188 165 1
190 17 1
190 24 1
190 28 1
190 50 1
190 57 1
190 103 1
190 115 1
190 146 1
190 157 1
190 165 1
190 182 1
190 200 1
190 224 1
190 234 1
190 287 1
190 294 1
190 307 1
190 314 1
190 354 1
190 371 1
190 422 1
193 47 1
193 80 1
193 177 1
193 202 1
193 238 1
193 351 1
193 411 1
198 22 1
203 56 1
203 87 1
207 226 1
213 61 1
215 294 1
219 124 1
222 16 1
222 31 1
222 36 1
222 162 1
222 233 1
222 235 1
222 318 1
222 351 1
222 355 1
222 383 1
222 396 1
227 1 1
227 19 1
227 57 1
227 98 1
227 121 1
227 127 1
227 154 1
227 169 1
227 246 1
227 283 1
227 357 1
227 375 1
227 382 1
227 400 1
229 168 1
229 296 1
233 176 1
237 23 1
237 144 1
237 247 1
237 318 1
237 321 1
241 1 1
241 5 1
241 21 1
241 174 1
241 216 1
246 332 1
251 60 1
251 136 1
251 194 1
251 220 1
252 202 1
252 240 1
252 284 1
257 17 1
258 42 1
258 72 1
258 361 1
258 386 1
261 14 1
267 312 1
267 349 1
269 280 1
269 353 1
270 135 1
270 162 1
270 180 1
274 1 1
274 3 1
274 41 1
274 56 1
274 73 1
274 105 1
274 166 1
274 197 1
274 206 1
274 290 1
274 291 1
274 340 1
274 416 1
279 316 1
282 60 1
282 67 1
282 118 1
282 122 1
282 129 1
282 132 1
282 150 1
282 173 1
282 183 1
282 273 1
282 291 1
282 335 1
282 393 1
282 403 1
292 102 1
292 199 1
292 232 1
292 278 1
292 302 1
292 394 1
298 8 1
298 153 1
298 184 1
298 392 1
304 87 1
304 130 1
304 173 1
304 387 1
315 314 1
324 26 1
324 58 1
324 120 1
324 134 1
324 155 1
324 177 1
324 238 1
324 244 1
324 273 1
324 306 1
324 310 1
324 345 1
324 359 1
324 367 1
324 375 1
324 382 1
330 39 1
331 112 1
331 193 1
337 200 1
337 325 1
339 1 1
339 21 1
339 79 1
339 141 1
339 153 1
339 272 1
339 285 1
339 301 1
339 313 1
339 364 1
339 369 1
339 374 1
342 144 1
344 22 1
344 44 1
344 68 1
344 70 1
344 85 1
344 99 1
344 108 1
344 137 1
344 144 1
344 167 1
344 189 1
344 197 1
344 203 1
344 237 1
344 247 1
344 260 1
344 272 1
344 295 1
344 338 1
344 352 1
344 388 1
344 406 1
344 410 1
344 423 1
345 5 1
345 14 1
345 35 1
345 95 1
345 120 1
345 179 1
345 200 1
345 270 1
345 278 1
345 309 1
346 10 1
346 37 1
346 81 1
346 84 1
346 92 1
346 100 1
346 118 1
346 155 1
346 240 1
346 275 1
346 322 1
346 350 1
346 360 1
349 409 1
358 140 1
359 67 1
359 91 1
359 291 1
359 377 1
359 390 1
359 416 1
370 223 1
376 159 1
378 362 1
380 12 1
380 172 1
380 264 1
380 300 1
385 85 1
385 92 1
385 141 1
385 271 1
385 281 1
385 319 1
385 390 1
389 172 1
391 214 1
401 423 1
405 255 1
408 162 1
413 2 1
413 5 1
413 18 1
413 46 1
413 58 1
413 65 1
413 104 1
413 136 1
413 140 1
413 144 1
413 146 1
413 147 1
413 153 1
413 165 1
413 179 1
413 231 1
413 232 1
413 253 1
413 262 1
413 267 1
413 280 1
413 287 1
413 303 1
413 345 1
413 357 1
413 365 1
415 185 1
417 85 1
418 86 1
418 242 1
418 264 1
420 89 1
