4 144 1
6 149 1
6 341 1
9 317 1
15 295 1
18 169 1
20 118 1
20 129 1
20 179 1
20 254 1
24 7 1
24 18 1
24 20 1
24 27 1
24 47 1
24 117 1
24 137 1
24 140 1
24 147 1
24 154 1
24 157 1
24 187 1
24 202 1
24 291 1
24 300 1
24 336 1
24 348 1
24 363 1
24 388 1
24 399 1
30 79 1
30 91 1
30 178 1
30 226 1
30 264 1
30 303 1
40 11 1
43 100 1
46 99 1
46 349 1
49 149 1
53 140 1
53 162 1
55 246 1
56 290 1
56 398 1
59 352 1
59 364 1
64 7 1
64 60 1
64 83 1
64 96 1
64 136 1
64 322 1
64 345 1
64 357 1
64 406 1
66 3 1
66 7 1
66 16 1
66 22 1
66 24 1
66 26 1
66 42 1
66 45 1
66 57 1
66 64 1
66 73 1
66 86 1
66 95 1
66 96 1
66 102 1
66 112 1
66 120 1
66 128 1
66 130 1
66 131 1
66 136 1
66 137 1
66 146 1
66 153 1
66 157 1
66 162 1
66 165 1
66 172 1
66 176 1
66 182 1
66 195 1
66 197 1
66 205 1
66 211 1
66 217 1
66 237 1
66 247 1
66 249 1
66 253 1
66 262 1
66 266 1
66 267 1
66 271 1
66 272 1
66 277 1
66 278 1
66 280 1
66 283 1
66 286 1
66 291 1
66 292 1
66 301 1
66 312 1
66 316 1
66 318 1
66 325 1
66 332 1
66 335 1
66 345 1
66 351 1
66 366 1
66 367 1
66 369 1
66 372 1
66 373 1
66 375 1
66 388 1
66 390 1
66 406 1
66 416 1
66 422 1
66 423 1
68 232 1
69 23 1
69 68 1
74 12 1
77 18 1
77 35 1
77 186 1
77 242 1
77 362 1
82 22 1
82 56 1
82 245 1
82 294 1
82 305 1
82 321 1
82 334 1
88 2 1
88 236 1
88 423 1
90 103 1
90 152 1
94 234 1
97 145 1
111 116 1
111 284 1
113 183 1
114 121 1
114 236 1
114 392 1
119 13 1
119 17 1
119 200 1
119 271 1
119 382 1
123 165 1
127 144 1
127 287 1
127 296 1
136 87 1
136 92 1
136 197 1
136 230 1
136 278 1
136 290 1
136 384 1
137 21 1
137 37 1
137 105 1
137 120 1
137 162 1
137 176 1
137 182 1
137 196 1
137 210 1
137 228 1
137 272 1
137 369 1
143 19 1
143 33 1
143 34 1
143 62 1
143 98 1
143 118 1
143 141 1
143 145 1
143 174 1
143 223 1
143 238 1
143 244 1
143 245 1
143 287 1
143 289 1
143 310 1
143 319 1
143 327 1
143 338 1
143 360 1
143 369 1
143 386 1
148 56 1
148 75 1
148 89 1
148 151 1
148 240 1
148 313 1
148 402 1
151 5 1
154 13 1
154 67 1
154 127 1
154 146 1
154 180 1
154 221 1
154 285 1
154 287 1
154 355 1
156 78 1
156 177 1
157 184 1
158 153 1
160 382 1
161 54 1
164 247 1
169 155 1
169 329 1
175 58 1
175 132 1
175 191 1
175 423 1
181 124 1
181 314 1
181 382 1
188 393 1
190 5 1
190 38 1
190 85 1
190 162 1
190 172 1
190 189 1
190 200 1
190 201 1
190 202 1
190 224 1
190 232 1
190 243 1
190 255 1
190 314 1
190 333 1
190 345 1
190 353 1
190 371 1
190 387 1
190 414 1
190 421 1
193 49 1
193 107 1
193 231 1
193 361 1
193 369 1
193 381 1
193 400 1
198 14 1
203 1 1
203 381 1
207 225 1
213 394 1
215 57 1
219 155 1
222 31 1
222 32 1
222 48 1
222 57 1
222 144 1
222 171 1
222 209 1
222 293 1
222 312 1
222 359 1
222 397 1
227 50 1
227 71 1
227 85 1
227 144 1
227 196 1
227 270 1
227 283 1
227 291 1
227 306 1
227 343 1
227 355 1
227 374 1
227 396 1
227 410 1
229 92 1
229 250 1
233 70 1
237 28 1
237 51 1
237 73 1
237 146 1
237 255 1
241 21 1
241 58 1
241 139 1
241 268 1
241 273 1
246 163 1
251 80 1
251 138 1
251 276 1
251 299 1
252 135 1
252 273 1
252 377 1
257 110 1
258 115 1
258 212 1
258 351 1
258 356 1
261 122 1
267 237 1
267 272 1
269 89 1
269 216 1
270 85 1
270 220 1
270 350 1
274 1 1
274 14 1
274 65 1
274 85 1
274 87 1
274 93 1
274 95 1
274 173 1
274 200 1
274 210 1
274 260 1
274 308 1
274 357 1
279 185 1
282 10 1
282 17 1
282 132 1
282 134 1
282 142 1
282 150 1
282 170 1
282 233 1
282 240 1
282 338 1
282 347 1
282 357 1
282 395 1
282 407 1
292 8 1
292 86 1
292 172 1
292 357 1
292 392 1
292 416 1
298 72 1
298 141 1
298 239 1
298 383 1
304 41 1
304 56 1
304 81 1
304 365 1
315 218 1
324 19 1
324 106 1
324 155 1
324 165 1
324 169 1
324 171 1
324 248 1
324 280 1
324 285 1
324 288 1
324 290 1
324 294 1
324 323 1
324 326 1
324 351 1
324 357 1
330 235 1
331 241 1
331 277 1
337 174 1
337 202 1
339 5 1
339 36 1
339 101 1
339 129 1
339 150 1
339 168 1
339 177 1
339 194 1
339 197 1
339 208 1
339 294 1
339 336 1
342 264 1
344 39 1
344 56 1
344 67 1
344 84 1
344 117 1
344 167 1
344 193 1
344 216 1
344 240 1
344 252 1
344 256 1
344 263 1
344 281 1
344 285 1
344 290 1
344 302 1
344 308 1
344 309 1
344 312 1
344 320 1
344 328 1
344 345 1
344 368 1
344 369 1
345 7 1
345 87 1
345 153 1
345 166 1
345 172 1
345 277 1
345 297 1
345 318 1
345 379 1
345 422 1
346 23 1
346 46 1
346 52 1
346 76 1
346 86 1
346 135 1
346 179 1
346 214 1
346 238 1
346 357 1
346 375 1
346 411 1
346 419 1
349 354 1
358 291 1
359 25 1
359 61 1
359 86 1
359 118 1
359 275 1
359 340 1
370 173 1
376 368 1
378 153 1
380 108 1
380 123 1
380 318 1
380 351 1
385 60 1
385 125 1
385 142 1
385 171 1
385 390 1
385 401 1
385 409 1
389 365 1
391 5 1
401 404 1
405 37 1
408 267 1
413 1 1
413 13 1
413 29 1
413 63 1
413 76 1
413 92 1
413 103 1
413 104 1
413 121 1
413 126 1
413 136 1
413 144 1
413 159 1
413 180 1
413 203 1
413 206 1
413 234 1
413 273 1
413 278 1
413 285 1
413 290 1
413 307 1
413 311 1
413 314 1
413 403 1
413 412 1
415 44 1
417 199 1
418 1 1
418 133 1
418 266 1
420 16 1
