4 81 1
6 262 1
6 338 1
9 356 1
15 199 1
18 390 1
20 170 1
20 214 1
20 276 1
20 377 1
24 5 1
24 13 1
24 60 1
24 79 1
24 118 1
24 136 1
24 145 1
24 155 1
24 177 1
24 289 1
24 290 1
24 319 1
24 345 1
24 352 1
24 369 1
24 379 1
24 388 1
24 398 1
24 406 1
24 423 1
30 17 1
30 56 1
30 150 1
30 194 1
30 316 1
30 369 1
40 232 1
43 277 1
46 36 1
46 153 1
49 126 1
53 285 1
53 312 1
55 58 1
56 35 1
56 323 1
59 116 1
59 232 1
64 93 1
64 112 1
64 118 1
64 140 1
64 167 1
64 218 1
64 220 1
64 237 1
64 285 1
66 1 1
66 5 1
66 8 1
66 12 1
66 13 1
66 21 1
66 22 1
66 24 1
66 25 1
66 29 1
66 33 1
66 39 1
66 45 1
66 46 1
66 48 1
66 57 1
66 58 1
66 78 1
66 86 1
66 95 1
66 120 1
66 121 1
66 132 1
66 136 1
66 142 1
66 144 1
66 151 1
66 153 1
66 159 1
66 162 1
66 169 1
66 171 1
66 172 1
66 173 1
66 182 1
66 184 1
66 185 1
66 187 1
66 193 1
66 196 1
66 200 1
66 201 1
66 212 1
66 244 1
66 246 1
66 253 1
66 263 1
66 266 1
66 267 1
66 272 1
66 273 1
66 278 1
66 288 1
66 290 1
66 293 1
66 294 1
66 295 1
66 303 1
66 318 1
66 322 1
66 345 1
66 348 1
66 350 1
66 355 1
66 369 1
66 373 1
66 382 1
66 383 1
66 388 1
66 397 1
66 401 1
66 423 1
68 89 1
69 226 1
69 267 1
74 153 1
77 70 1
77 146 1
77 301 1
77 302 1
77 341 1
82 1 1
82 19 1
82 34 1
82 240 1
82 314 1
82 351 1
82 400 1
88 110 1
88 171 1
88 217 1
90 14 1
90 19 1
94 238 1
97 203 1
111 147 1
111 209 1
113 150 1
114 85 1
114 333 1
114 372 1
119 42 1
119 86 1
119 172 1
119 340 1
119 364 1
123 72 1
127 129 1
127 300 1
127 390 1
136 1 1
136 149 1
136 155 1
136 180 1
136 272 1
136 306 1
136 338 1
137 31 1
137 87 1
137 197 1
137 202 1
137 287 1
137 291 1
137 292 1
137 329 1
137 332 1
137 382 1
137 412 1
137 416 1
143 5 1
143 60 1
143 62 1
143 73 1
143 87 1
143 92 1
143 137 1
143 157 1
143 179 1
143 197 1
143 205 1
143 240 1
143 252 1
143 270 1
143 283 1
143 284 1
143 291 1
143 294 1
143 335 1
143 347 1
143 375 1
143 416 1
148 7 1
148 56 1
148 95 1
148 138 1
148 176 1
148 260 1
148 362 1
151 318 1
154 57 1
154 68 1
154 75 1
154 76 1
154 89 1
154 91 1
154 96 1
154 134 1
154 402 1
156 14 1
156 65 1
157 125 1
158 165 1
160 100 1
161 146 1
164 141 1
169 153 1
169 162 1
175 99 1
175 124 1
175 314 1
175 396 1
181 183 1
181 236 1
181 242 1
188 266 1
190 7 1
190 16 1
190 23 1
190 28 1
190 41 1
190 49 1
190 87 1
190 132 1
190 137 1
190 177 1
190 191 1
190 208 1
190 230 1
190 240 1
190 247 1
190 264 1
190 286 1
190 291 1
190 354 1
190 369 1
190 382 1
193 144 1
193 196 1
193 202 1
193 234 1
193 235 1
193 287 1
193 355 1
198 85 1
203 223 1
203 309 1
207 105 1
213 248 1
215 139 1
219 7 1
222 11 1
222 18 1
222 92 1
222 162 1
222 231 1
222 241 1
222 305 1
222 321 1
222 343 1
222 357 1
222 409 1
227 26 1
227 106 1
227 117 1
227 131 1
227 135 1
227 144 1
227 206 1
227 239 1
227 280 1
227 290 1
227 308 1
227 312 1
227 381 1
227 386 1
229 27 1
229 96 1
233 283 1
237 5 1
237 92 1
237 285 1
237 336 1
237 422 1
241 63 1
241 328 1
241 357 1
241 365 1
241 407 1
246 37 1
251 17 1
251 172 1
251 176 1
251 351 1
252 115 1
252 130 1
252 268 1
257 334 1
258 122 1
258 249 1
258 294 1
258 384 1
261 174 1
267 120 1
267 336 1
269 52 1
269 107 1
270 44 1
270 54 1
270 73 1
274 67 1
274 102 1
274 135 1
274 136 1
274 165 1
274 182 1
274 202 1
274 233 1
274 254 1
274 255 1
274 314 1
274 345 1
274 357 1
279 271 1
282 7 1
282 38 1
282 56 1
282 57 1
282 103 1
282 141 1
282 166 1
282 272 1
282 275 1
282 280 1
282 325 1
282 375 1
282 393 1
282 394 1
292 32 1
292 178 1
292 247 1
292 349 1
292 368 1
292 392 1
298 10 1
298 61 1
298 245 1
298 351 1
304 37 1
304 297 1
304 357 1
304 411 1
315 216 1
324 149 1
324 152 1
324 174 1
324 211 1
324 224 1
324 228 1
324 236 1
324 243 1
324 255 1
324 277 1
324 290 1
324 312 1
324 345 1
324 368 1
324 395 1
324 403 1
330 186 1
331 296 1
331 410 1
337 144 1
337 165 1
339 80 1
339 98 1
339 121 1
339 142 1
339 146 1
339 157 1
339 197 1
339 210 1
339 234 1
339 238 1
339 281 1
339 326 1
342 318 1
344 1 1
344 13 1
344 20 1
344 51 1
344 64 1
344 84 1
344 86 1
344 101 1
344 117 1
344 128 1
344 162 1
344 168 1
344 169 1
344 237 1
344 285 1
344 287 1
344 308 1
344 311 1
344 317 1
344 353 1
344 357 1
344 399 1
344 406 1
344 414 1
345 16 1
345 86 1
345 140 1
345 155 1
345 172 1
345 200 1
345 216 1
345 307 1
345 360 1
345 419 1
346 2 1
346 21 1
346 47 1
346 145 1
346 171 1
346 179 1
346 221 1
346 264 1
346 278 1
346 327 1
346 351 1
346 357 1
346 381 1
349 392 1
358 404 1
359 3 1
359 83 1
359 103 1
359 133 1
359 277 1
359 299 1
370 85 1
376 422 1
378 310 1
380 123 1
380 189 1
380 320 1
380 365 1
385 56 1
385 67 1
385 144 1
385 173 1
385 225 1
385 273 1
385 359 1
389 200 1
391 18 1
401 22 1
405 250 1
408 366 1
413 50 1
413 71 1
413 76 1
413 85 1
413 104 1
413 118 1
413 127 1
413 129 1
413 154 1
413 163 1
413 210 1
413 245 1
413 256 1
413 273 1
413 278 1
413 290 1
413 291 1
413 313 1
413 361 1
413 363 1
413 367 1
413 369 1
413 371 1
413 387 1
413 421 1
413 423 1
415 195 1
417 180 1
418 108 1
418 271 1
418 374 1
420 23 1
