4 179 1
6 159 1
6 252 1
9 1 1
15 293 1
18 373 1
20 16 1
20 32 1
20 253 1
20 396 1
24 1 1
24 2 1
24 13 1
24 47 1
24 72 1
24 129 1
24 136 1
24 142 1
24 145 1
24 173 1
24 216 1
24 220 1
24 230 1
24 271 1
24 287 1
24 289 1
24 291 1
24 323 1
24 338 1
24 369 1
30 17 1
30 120 1
30 123 1
30 130 1
30 177 1
30 303 1
40 284 1
43 313 1
46 172 1
46 312 1
49 218 1
53 200 1
53 276 1
55 410 1
56 103 1
56 144 1
59 135 1
59 165 1
64 67 1
64 85 1
64 99 1
64 153 1
64 172 1
64 316 1
64 355 1
64 395 1
64 409 1
66 5 1
66 7 1
66 8 1
66 18 1
66 19 1
66 21 1
66 22 1
66 23 1
66 36 1
66 37 1
66 39 1
66 56 1
66 57 1
66 68 1
66 80 1
66 84 1
66 86 1
66 92 1
66 95 1
66 98 1
66 103 1
66 107 1
66 125 1
66 133 1
66 135 1
66 136 1
66 144 1
66 153 1
66 155 1
66 162 1
66 169 1
66 193 1
66 200 1
66 201 1
66 202 1
66 209 1
66 211 1
66 224 1
66 234 1
66 237 1
66 238 1
66 239 1
66 241 1
66 244 1
66 245 1
66 246 1
66 260 1
66 272 1
66 273 1
66 283 1
66 291 1
66 295 1
66 297 1
66 300 1
66 305 1
66 326 1
66 328 1
66 345 1
66 348 1
66 351 1
66 357 1
66 359 1
66 369 1
66 372 1
66 375 1
66 382 1
66 384 1
66 390 1
66 400 1
66 414 1
66 422 1
66 423 1
68 20 1
69 67 1
69 195 1
74 144 1
77 118 1
77 140 1
77 254 1
77 291 1
77 393 1
82 38 1
82 48 1
82 180 1
82 232 1
82 280 1
82 312 1
82 423 1
88 264 1
88 268 1
88 351 1
90 152 1
90 199 1
94 18 1
97 185 1
111 235 1
111 299 1
113 60 1
114 56 1
114 162 1
114 168 1
119 117 1
119 233 1
119 255 1
119 288 1
119 402 1
123 5 1
127 26 1
127 186 1
127 255 1
136 37 1
136 70 1
136 150 1
136 200 1
136 232 1
136 357 1
136 363 1
137 7 1
137 56 1
137 73 1
137 105 1
137 182 1
137 210 1
137 294 1
137 296 1
137 301 1
137 329 1
137 357 1
137 398 1
143 3 1
143 19 1
143 42 1
143 50 1
143 81 1
143 100 1
143 104 1
143 150 1
143 178 1
143 196 1
143 236 1
143 247 1
143 256 1
143 271 1
143 278 1
143 290 1
143 318 1
143 325 1
143 366 1
143 381 1
143 403 1
143 422 1
148 1 1
148 29 1
148 92 1
148 146 1
148 277 1
148 285 1
148 349 1
151 423 1
154 35 1
154 57 1
154 126 1
154 172 1
154 225 1
154 248 1
154 302 1
154 312 1
154 353 1
156 58 1
156 78 1
157 240 1
158 87 1
160 357 1
161 189 1
164 165 1
169 14 1
169 154 1
175 92 1
175 127 1
175 144 1
175 406 1
181 27 1
181 28 1
181 115 1
188 58 1
190 14 1
190 16 1
190 136 1
190 162 1
190 169 1
190 171 1
190 174 1
190 176 1
190 216 1
190 264 1
190 286 1
190 287 1
190 290 1
190 320 1
190 321 1
190 357 1
190 368 1
190 392 1
190 407 1
190 411 1
190 412 1
193 129 1
193 206 1
193 266 1
193 280 1
193 333 1
193 336 1
193 345 1
198 85 1
203 45 1
203 306 1
207 388 1
213 184 1
215 332 1
219 399 1
222 25 1
222 51 1
222 101 1
222 139 1
222 183 1
222 197 1
222 205 1
222 236 1
222 334 1
222 336 1
222 364 1
227 10 1
227 85 1
227 96 1
227 118 1
227 147 1
227 149 1
227 177 1
227 245 1
227 267 1
227 314 1
227 362 1
227 371 1
227 394 1
227 416 1
229 153 1
229 196 1
233 327 1
237 153 1
237 171 1
237 202 1
237 272 1
237 382 1
241 54 1
241 63 1
241 83 1
241 361 1
241 369 1
246 5 1
251 52 1
251 91 1
251 110 1
251 285 1
252 292 1
252 347 1
252 356 1
257 108 1
258 112 1
258 145 1
258 285 1
258 340 1
261 238 1
267 249 1
267 406 1
269 138 1
269 165 1
270 197 1
270 275 1
270 352 1
274 75 1
274 87 1
274 106 1
274 179 1
274 203 1
274 250 1
274 270 1
274 318 1
274 360 1
274 369 1
274 379 1
274 381 1
274 382 1
279 228 1
282 34 1
282 44 1
282 146 1
282 172 1
282 194 1
282 202 1
282 212 1
282 237 1
282 272 1
282 285 1
282 314 1
282 354 1
282 369 1
282 401 1
292 87 1
292 128 1
292 273 1
292 335 1
292 341 1
292 377 1
298 116 1
298 155 1
298 314 1
298 388 1
304 131 1
304 141 1
304 309 1
304 397 1
315 134 1
324 31 1
324 73 1
324 95 1
324 137 1
324 157 1
324 163 1
324 166 1
324 171 1
324 176 1
324 217 1
324 240 1
324 277 1
324 290 1
324 294 1
324 311 1
324 392 1
330 278 1
331 167 1
331 367 1
337 140 1
337 308 1
339 7 1
339 11 1
339 46 1
339 144 1
339 187 1
339 234 1
339 281 1
339 290 1
339 310 1
339 338 1
339 375 1
339 386 1
342 121 1
344 13 1
344 17 1
344 33 1
344 60 1
344 64 1
344 65 1
344 85 1
344 86 1
344 89 1
344 93 1
344 149 1
344 151 1
344 157 1
344 174 1
344 197 1
344 223 1
344 262 1
344 277 1
344 287 1
344 343 1
344 351 1
344 355 1
344 387 1
344 421 1
345 5 1
345 21 1
345 22 1
345 57 1
345 146 1
345 155 1
345 162 1
345 180 1
345 191 1
345 266 1
346 1 1
346 12 1
346 41 1
346 86 1
346 117 1
346 121 1
346 141 1
346 182 1
346 243 1
346 267 1
346 307 1
346 345 1
346 368 1
349 350 1
358 120 1
359 23 1
359 96 1
359 283 1
359 345 1
359 351 1
359 390 1
370 76 1
376 416 1
378 383 1
380 49 1
380 61 1
380 79 1
380 273 1
385 62 1
385 89 1
385 132 1
385 170 1
385 226 1
385 263 1
385 365 1
389 404 1
391 319 1
401 118 1
405 365 1
408 86 1
413 7 1
413 13 1
413 24 1
413 56 1
413 71 1
413 76 1
413 102 1
413 137 1
413 142 1
413 173 1
413 208 1
413 210 1
413 214 1
413 231 1
413 240 1
413 247 1
413 278 1
413 290 1
413 291 1
413 294 1
413 308 1
413 317 1
413 318 1
413 357 1
413 374 1
413 419 1
415 124 1
417 242 1
418 122 1
418 132 1
418 221 1
420 322 1
