4 232 1
6 171 1
6 226 1
9 23 1
15 144 1
18 363 1
20 33 1
20 209 1
20 369 1
20 422 1
24 12 1
24 34 1
24 51 1
24 85 1
24 92 1
24 128 1
24 136 1
24 232 1
24 233 1
24 240 1
24 262 1
24 273 1
24 277 1
24 310 1
24 325 1
24 333 1
24 338 1
24 379 1
24 381 1
24 393 1
30 21 1
30 56 1
30 217 1
30 244 1
30 317 1
30 388 1
40 130 1
43 200 1
46 41 1
46 150 1
49 54 1
53 278 1
53 350 1
55 83 1
56 284 1
56 383 1
59 302 1
59 356 1
64 25 1
64 36 1
64 73 1
64 155 1
64 170 1
64 171 1
64 174 1
64 247 1
64 404 1
66 5 1
66 7 1
66 13 1
66 16 1
66 17 1
66 29 1
66 32 1
66 48 1
66 56 1
66 58 1
66 60 1
66 64 1
66 71 1
66 86 1
66 92 1
66 103 1
66 116 1
66 117 1
66 132 1
66 133 1
66 137 1
66 141 1
66 142 1
66 144 1
66 145 1
66 149 1
66 153 1
66 154 1
66 155 1
66 157 1
66 163 1
66 165 1
66 168 1
66 169 1
66 174 1
66 176 1
66 179 1
66 187 1
66 195 1
66 197 1
66 202 1
66 230 1
66 246 1
66 247 1
66 252 1
66 260 1
66 267 1
66 278 1
66 287 1
66 291 1
66 294 1
66 300 1
66 306 1
66 308 1
66 311 1
66 319 1
66 345 1
66 347 1
66 357 1
66 366 1
66 371 1
66 377 1
66 382 1
66 387 1
66 392 1
66 394 1
66 397 1
66 399 1
66 401 1
66 406 1
66 410 1
66 416 1
68 47 1
69 185 1
69 299 1
74 423 1
77 5 1
77 16 1
77 191 1
77 242 1
77 369 1
82 27 1
82 60 1
82 73 1
82 125 1
82 134 1
82 228 1
82 309 1
88 49 1
88 177 1
88 352 1
90 272 1
90 374 1
94 98 1
97 65 1
111 332 1
111 421 1
113 10 1
114 266 1
114 293 1
114 351 1
119 126 1
119 245 1
119 250 1
119 328 1
119 355 1
123 283 1
127 18 1
127 349 1
127 409 1
136 42 1
136 78 1
136 96 1
136 173 1
136 205 1
136 225 1
136 318 1
137 56 1
137 86 1
137 197 1
137 200 1
137 210 1
137 240 1
137 267 1
137 291 1
137 348 1
137 365 1
137 368 1
137 369 1
143 7 1
143 13 1
143 22 1
143 45 1
143 67 1
143 95 1
143 101 1
143 120 1
143 131 1
143 144 1
143 162 1
143 176 1
143 182 1
143 199 1
143 234 1
143 263 1
143 264 1
143 276 1
143 316 1
143 343 1
143 388 1
143 419 1
148 3 1
148 52 1
148 167 1
148 186 1
148 223 1
148 286 1
148 412 1
151 335 1
154 142 1
154 149 1
154 189 1
154 239 1
154 283 1
154 288 1
154 291 1
154 303 1
154 392 1
156 220 1
156 416 1
157 396 1
158 336 1
160 208 1
161 121 1
164 384 1
169 7 1
169 145 1
175 86 1
175 137 1
175 294 1
175 406 1
181 2 1
181 129 1
181 147 1
188 106 1
190 1 1
190 5 1
190 21 1
190 57 1
190 117 1
190 136 1
190 150 1
190 182 1
190 193 1
190 196 1
190 221 1
190 235 1
190 236 1
190 237 1
190 249 1
190 280 1
190 281 1
190 308 1
190 312 1
190 390 1
190 414 1
193 5 1
193 13 1
193 56 1
193 58 1
193 153 1
193 202 1
193 314 1
198 351 1
203 237 1
203 423 1
207 122 1
213 297 1
215 140 1
219 382 1
222 28 1
222 70 1
222 87 1
222 152 1
222 162 1
222 210 1
222 234 1
222 240 1
222 273 1
222 369 1
222 423 1
227 8 1
227 19 1
227 20 1
227 57 1
227 72 1
227 112 1
227 124 1
227 140 1
227 172 1
227 194 1
227 212 1
227 354 1
227 357 1
227 422 1
229 57 1
229 254 1
233 135 1
237 1 1
237 123 1
237 136 1
237 357 1
237 368 1
241 89 1
241 118 1
241 129 1
241 178 1
241 290 1
246 153 1
251 17 1
251 120 1
251 285 1
251 351 1
252 87 1
252 151 1
252 253 1
257 296 1
258 100 1
258 172 1
258 214 1
258 375 1
261 403 1
267 165 1
267 291 1
269 146 1
269 166 1
270 35 1
270 255 1
270 307 1
274 19 1
274 23 1
274 38 1
274 62 1
274 75 1
274 91 1
274 144 1
274 146 1
274 202 1
274 271 1
274 382 1
274 395 1
274 400 1
279 68 1
282 1 1
282 76 1
282 79 1
282 85 1
282 107 1
282 115 1
282 271 1
282 277 1
282 290 1
282 301 1
282 318 1
282 326 1
282 345 1
282 359 1
292 93 1
292 102 1
292 177 1
292 285 1
292 314 1
292 357 1
298 200 1
298 353 1
298 369 1
298 398 1
304 141 1
304 183 1
304 243 1
304 290 1
315 7 1
324 46 1
324 61 1
324 67 1
324 80 1
324 105 1
324 127 1
324 169 1
324 173 1
324 179 1
324 248 1
324 256 1
324 272 1
324 321 1
324 336 1
324 367 1
324 375 1
330 108 1
331 180 1
331 357 1
337 118 1
337 268 1
339 11 1
339 14 1
339 138 1
339 172 1
339 238 1
339 312 1
339 318 1
339 322 1
339 345 1
339 355 1
339 381 1
339 390 1
342 84 1
344 14 1
344 22 1
344 44 1
344 50 1
344 121 1
344 144 1
344 159 1
344 162 1
344 171 1
344 172 1
344 218 1
344 238 1
344 272 1
344 285 1
344 290 1
344 312 1
344 313 1
344 341 1
344 351 1
344 361 1
344 362 1
344 365 1
344 386 1
344 402 1
345 1 1
345 39 1
345 85 1
345 155 1
345 165 1
345 203 1
345 278 1
345 287 1
345 357 1
345 407 1
346 104 1
346 196 1
346 197 1
346 216 1
346 224 1
346 236 1
346 264 1
346 270 1
346 280 1
346 290 1
346 323 1
346 340 1
346 411 1
349 18 1
358 211 1
359 76 1
359 86 1
359 162 1
359 255 1
359 305 1
359 329 1
370 273 1
376 26 1
378 37 1
380 132 1
380 180 1
380 231 1
380 373 1
385 37 1
385 81 1
385 99 1
385 157 1
385 184 1
385 327 1
385 364 1
389 216 1
391 201 1
401 153 1
405 320 1
408 289 1
413 24 1
413 31 1
413 63 1
413 85 1
413 87 1
413 89 1
413 92 1
413 103 1
413 110 1
413 118 1
413 135 1
413 139 1
413 146 1
413 206 1
413 241 1
413 245 1
413 266 1
413 285 1
413 287 1
413 292 1
413 294 1
413 295 1
413 314 1
413 338 1
413 345 1
413 372 1
415 275 1
417 360 1
418 95 1
418 96 1
418 334 1
420 277 1
