4 266 1
6 291 1
6 335 1
9 23 1
15 332 1
18 286 1
20 102 1
20 154 1
20 285 1
20 373 1
24 13 1
24 29 1
24 38 1
24 65 1
24 83 1
24 96 1
24 147 1
24 153 1
24 224 1
24 240 1
24 246 1
24 273 1
24 303 1
24 308 1
24 340 1
24 368 1
24 369 1
24 394 1
24 412 1
24 422 1
30 60 1
30 126 1
30 255 1
30 291 1
30 297 1
30 360 1
40 267 1
43 195 1
46 294 1
46 388 1
49 212 1
53 84 1
53 211 1
55 368 1
56 1 1
56 135 1
59 197 1
59 245 1
64 31 1
64 85 1
64 106 1
64 118 1
64 153 1
64 201 1
64 272 1
64 285 1
64 377 1
66 3 1
66 7 1
66 11 1
66 13 1
66 14 1
66 16 1
66 18 1
66 22 1
66 24 1
66 26 1
66 32 1
66 45 1
66 54 1
66 56 1
66 64 1
66 71 1
66 75 1
66 80 1
66 85 1
66 86 1
66 96 1
66 103 1
66 116 1
66 123 1
66 125 1
66 132 1
66 137 1
66 144 1
66 146 1
66 150 1
66 153 1
66 169 1
66 171 1
66 173 1
66 180 1
66 187 1
66 193 1
66 199 1
66 214 1
66 216 1
66 226 1
66 228 1
66 234 1
66 237 1
66 240 1
66 243 1
66 252 1
66 264 1
66 272 1
66 277 1
66 283 1
66 285 1
66 290 1
66 291 1
66 292 1
66 299 1
66 305 1
66 308 1
66 312 1
66 313 1
66 314 1
66 336 1
66 345 1
66 350 1
66 351 1
66 357 1
66 365 1
66 369 1
66 372 1
66 393 1
66 406 1
66 410 1
68 290 1
69 23 1
69 47 1
74 343 1
77 95 1
77 203 1
77 238 1
77 318 1
77 401 1
82 21 1
82 37 1
82 93 1
82 108 1
82 170 1
82 307 1
82 421 1
88 42 1
88 118 1
88 300 1
90 129 1
90 163 1
94 238 1
97 266 1
111 39 1
111 165 1
113 371 1
114 172 1
114 182 1
114 390 1
119 20 1
119 210 1
119 230 1
119 352 1
119 384 1
123 338 1
127 49 1
127 325 1
127 387 1
136 44 1
136 144 1
136 196 1
136 302 1
136 309 1
136 311 1
136 416 1
137 22 1
137 28 1
137 120 1
137 155 1
137 157 1
137 172 1
137 173 1
137 177 1
137 200 1
137 260 1
137 273 1
137 314 1
143 1 1
143 2 1
143 13 1
143 21 1
143 25 1
143 115 1
143 133 1
143 146 1
143 159 1
143 179 1
143 205 1
143 206 1
143 232 1
143 247 1
143 248 1
143 250 1
143 277 1
143 285 1
143 291 1
143 348 1
143 355 1
143 357 1
148 7 1
148 85 1
148 162 1
148 176 1
148 236 1
148 280 1
148 367 1
151 249 1
154 1 1
154 162 1
154 176 1
154 191 1
154 194 1
154 253 1
154 320 1
154 365 1
154 390 1
156 197 1
156 333 1
157 48 1
158 278 1
160 104 1
161 202 1
164 382 1
169 18 1
169 357 1
175 110 1
175 142 1
175 174 1
175 241 1
181 67 1
181 122 1
181 280 1
188 423 1
190 76 1
190 87 1
190 98 1
190 103 1
190 105 1
190 127 1
190 150 1
190 179 1
190 183 1
190 200 1
190 223 1
190 234 1
190 236 1
190 242 1
190 244 1
190 247 1
190 271 1
190 319 1
190 321 1
190 326 1
190 423 1
193 7 1
193 33 1
193 35 1
193 271 1
193 272 1
193 312 1
193 357 1
198 383 1
203 157 1
203 281 1
207 168 1
213 165 1
215 209 1
219 295 1
222 34 1
222 51 1
222 95 1
222 136 1
222 144 1
222 153 1
222 171 1
222 189 1
222 382 1
222 400 1
222 407 1
227 57 1
227 73 1
227 129 1
227 139 1
227 165 1
227 167 1
227 171 1
227 186 1
227 239 1
227 270 1
227 287 1
227 296 1
227 353 1
227 355 1
229 262 1
229 404 1
233 17 1
237 56 1
237 145 1
237 220 1
237 388 1
237 406 1
241 89 1
241 112 1
241 174 1
241 210 1
241 323 1
246 381 1
251 76 1
251 152 1
251 162 1
251 351 1
252 7 1
252 382 1
252 409 1
257 366 1
258 149 1
258 218 1
258 225 1
258 364 1
261 52 1
267 145 1
267 290 1
269 60 1
269 136 1
270 287 1
270 288 1
270 419 1
274 5 1
274 87 1
274 144 1
274 149 1
274 185 1
274 216 1
274 240 1
274 267 1
274 277 1
274 290 1
274 374 1
274 375 1
274 423 1
279 142 1
282 12 1
282 37 1
282 73 1
282 81 1
282 124 1
282 162 1
282 202 1
282 221 1
282 245 1
282 263 1
282 275 1
282 276 1
282 318 1
282 396 1
292 17 1
292 144 1
292 169 1
292 328 1
292 336 1
292 351 1
298 99 1
298 312 1
298 347 1
298 422 1
304 85 1
304 132 1
304 200 1
304 278 1
315 316 1
324 8 1
324 79 1
324 92 1
324 121 1
324 140 1
324 146 1
324 166 1
324 172 1
324 278 1
324 322 1
324 345 1
324 356 1
324 357 1
324 392 1
324 397 1
324 402 1
330 327 1
331 287 1
331 301 1
337 107 1
337 208 1
339 1 1
339 56 1
339 58 1
339 61 1
339 135 1
339 151 1
339 237 1
339 293 1
339 294 1
339 306 1
339 359 1
339 362 1
342 369 1
344 19 1
344 36 1
344 41 1
344 57 1
344 58 1
344 87 1
344 92 1
344 101 1
344 121 1
344 128 1
344 137 1
344 138 1
344 141 1
344 155 1
344 233 1
344 235 1
344 273 1
344 310 1
344 338 1
344 341 1
344 349 1
344 354 1
344 363 1
344 416 1
345 68 1
345 86 1
345 89 1
345 180 1
345 283 1
345 357 1
345 379 1
345 381 1
345 386 1
345 414 1
346 5 1
346 14 1
346 57 1
346 62 1
346 70 1
346 86 1
346 134 1
346 217 1
346 290 1
346 318 1
346 345 1
346 369 1
346 392 1
349 117 1
358 268 1
359 67 1
359 91 1
359 141 1
359 184 1
359 232 1
359 254 1
370 289 1
376 403 1
378 78 1
380 5 1
380 27 1
380 86 1
380 411 1
385 10 1
385 19 1
385 72 1
385 100 1
385 120 1
385 197 1
385 345 1
389 294 1
391 117 1
401 317 1
405 255 1
408 172 1
413 16 1
413 46 1
413 56 1
413 63 1
413 92 1
413 118 1
413 130 1
413 131 1
413 136 1
413 140 1
413 177 1
413 178 1
413 182 1
413 196 1
413 202 1
413 231 1
413 256 1
413 264 1
413 284 1
413 314 1
413 329 1
413 351 1
413 361 1
413 369 1
413 375 1
413 398 1
415 399 1
417 50 1
418 5 1
418 155 1
418 334 1
420 395 1
