4 99 1
6 25 1
6 79 1
9 16 1
15 388 1
18 202 1
20 14 1
20 214 1
20 271 1
20 382 1
24 87 1
24 150 1
24 153 1
24 154 1
24 162 1
24 172 1
24 179 1
24 180 1
24 206 1
24 220 1
24 238 1
24 252 1
24 266 1
24 273 1
24 365 1
24 369 1
24 392 1
24 398 1
24 403 1
24 423 1
30 54 1
30 216 1
30 247 1
30 273 1
30 291 1
30 390 1
40 102 1
43 212 1
46 1 1
46 211 1
49 155 1
53 60 1
53 230 1
55 336 1
56 381 1
56 401 1
59 134 1
59 224 1
64 1 1
64 56 1
64 86 1
64 124 1
64 150 1
64 162 1
64 312 1
64 355 1
64 406 1
66 1 1
66 3 1
66 5 1
66 7 1
66 8 1
66 13 1
66 14 1
66 20 1
66 22 1
66 35 1
66 37 1
66 56 1
66 57 1
66 64 1
66 71 1
66 72 1
66 73 1
66 85 1
66 86 1
66 87 1
66 95 1
66 108 1
66 112 1
66 116 1
66 117 1
66 132 1
66 135 1
66 136 1
66 139 1
66 141 1
66 144 1
66 146 1
66 147 1
66 151 1
66 153 1
66 162 1
66 174 1
66 183 1
66 189 1
66 197 1
66 237 1
66 240 1
66 241 1
66 243 1
66 247 1
66 266 1
66 270 1
66 271 1
66 272 1
66 277 1
66 284 1
66 285 1
66 289 1
66 290 1
66 303 1
66 312 1
66 314 1
66 340 1
66 345 1
66 350 1
66 351 1
66 352 1
66 353 1
66 356 1
66 357 1
66 364 1
66 367 1
66 369 1
66 388 1
66 395 1
66 419 1
66 423 1
68 171 1
69 51 1
69 291 1
74 7 1
77 23 1
77 107 1
77 278 1
77 357 1
77 414 1
82 17 1
82 67 1
82 321 1
82 381 1
82 397 1
82 402 1
82 406 1
88 210 1
88 308 1
88 309 1
90 115 1
90 287 1
94 300 1
97 200 1
111 318 1
111 333 1
113 27 1
114 21 1
114 83 1
114 357 1
119 110 1
119 186 1
119 288 1
119 382 1
119 404 1
123 296 1
127 58 1
127 245 1
127 260 1
136 86 1
136 240 1
136 281 1
136 285 1
136 312 1
136 316 1
136 357 1
137 5 1
137 86 1
137 120 1
137 129 1
137 157 1
137 163 1
137 249 1
137 318 1
137 322 1
137 326 1
137 363 1
137 410 1
143 34 1
143 101 1
143 140 1
143 145 1
143 146 1
143 155 1
143 178 1
143 194 1
143 210 1
143 238 1
143 239 1
143 254 1
143 267 1
143 283 1
143 287 1
143 305 1
143 329 1
143 335 1
143 362 1
143 366 1
143 371 1
143 393 1
148 36 1
148 120 1
148 236 1
148 246 1
148 301 1
148 341 1
148 349 1
151 62 1
154 5 1
154 60 1
154 63 1
154 87 1
154 131 1
154 268 1
154 369 1
154 375 1
154 392 1
156 137 1
156 394 1
157 172 1
158 273 1
160 142 1
161 93 1
164 121 1
169 42 1
169 73 1
175 18 1
175 255 1
175 293 1
175 422 1
181 38 1
181 67 1
181 374 1
188 12 1
190 29 1
190 52 1
190 57 1
190 58 1
190 104 1
190 127 1
190 166 1
190 171 1
190 208 1
190 226 1
190 233 1
190 244 1
190 255 1
190 263 1
190 290 1
190 302 1
190 310 1
190 313 1
190 323 1
190 360 1
190 409 1
193 92 1
193 159 1
193 173 1
193 182 1
193 200 1
193 294 1
193 314 1
198 78 1
203 121 1
203 234 1
207 314 1
213 264 1
215 180 1
219 225 1
222 57 1
222 96 1
222 169 1
222 171 1
222 177 1
222 191 1
222 193 1
222 218 1
222 294 1
222 347 1
222 411 1
227 18 1
227 28 1
227 49 1
227 92 1
227 118 1
227 126 1
227 149 1
227 170 1
227 172 1
227 176 1
227 203 1
227 234 1
227 336 1
227 399 1
229 19 1
229 132 1
233 372 1
237 85 1
237 118 1
237 153 1
237 197 1
237 423 1
241 26 1
241 89 1
241 152 1
241 334 1
241 357 1
246 177 1
251 10 1
251 31 1
251 221 1
251 242 1
252 250 1
252 267 1
252 369 1
257 155 1
258 128 1
258 179 1
258 202 1
258 400 1
261 144 1
267 7 1
267 276 1
269 275 1
269 291 1
270 232 1
270 338 1
270 348 1
274 44 1
274 47 1
274 76 1
274 106 1
274 137 1
274 138 1
274 196 1
274 256 1
274 286 1
274 311 1
274 361 1
274 368 1
274 412 1
279 294 1
282 13 1
282 65 1
282 68 1
282 80 1
282 117 1
282 129 1
282 130 1
282 167 1
282 174 1
282 202 1
282 217 1
282 277 1
282 351 1
282 368 1
292 1 1
292 33 1
292 136 1
292 144 1
292 357 1
292 375 1
298 17 1
298 46 1
298 196 1
298 396 1
304 45 1
304 81 1
304 89 1
304 205 1
315 2 1
324 19 1
324 23 1
324 56 1
324 122 1
324 145 1
324 165 1
324 184 1
324 195 1
324 209 1
324 216 1
324 287 1
324 291 1
324 327 1
324 345 1
324 382 1
324 407 1
330 11 1
331 182 1
331 343 1
337 199 1
337 390 1
339 50 1
339 75 1
339 98 1
339 168 1
339 232 1
339 278 1
339 290 1
339 299 1
339 319 1
339 320 1
339 332 1
339 345 1
342 248 1
344 16 1
344 22 1
344 32 1
344 37 1
344 56 1
344 61 1
344 84 1
344 91 1
344 95 1
344 105 1
344 125 1
344 140 1
344 149 1
344 200 1
344 245 1
344 272 1
344 277 1
344 297 1
344 307 1
344 359 1
344 365 1
344 373 1
344 377 1
344 386 1
345 5 1
345 103 1
345 135 1
345 144 1
345 146 1
345 162 1
345 165 1
345 285 1
345 292 1
345 416 1
346 39 1
346 85 1
346 133 1
346 142 1
346 185 1
346 187 1
346 231 1
346 237 1
346 272 1
346 354 1
346 369 1
346 387 1
346 421 1
349 236 1
358 201 1
359 21 1
359 136 1
359 141 1
359 264 1
359 280 1
359 351 1
370 290 1
376 96 1
378 290 1
380 100 1
380 197 1
380 262 1
380 351 1
385 118 1
385 169 1
385 173 1
385 176 1
385 278 1
385 280 1
385 355 1
389 228 1
391 308 1
401 318 1
405 70 1
408 283 1
413 7 1
413 13 1
413 24 1
413 48 1
413 76 1
413 85 1
413 103 1
413 123 1
413 144 1
413 153 1
413 157 1
413 165 1
413 172 1
413 223 1
413 235 1
413 253 1
413 295 1
413 325 1
413 328 1
413 338 1
413 345 1
413 379 1
413 383 1
413 384 1
413 416 1
413 422 1
415 306 1
417 240 1
418 41 1
418 285 1
418 317 1
420 92 1
