4 73 1
6 62 1
6 383 1
9 214 1
15 155 1
18 152 1
20 58 1
20 132 1
20 240 1
20 382 1
24 13 1
24 26 1
24 96 1
24 104 1
24 107 1
24 118 1
24 126 1
24 128 1
24 139 1
24 153 1
24 179 1
24 200 1
24 203 1
24 243 1
24 255 1
24 277 1
24 278 1
24 285 1
24 291 1
24 409 1
30 7 1
30 56 1
30 117 1
30 186 1
30 228 1
30 328 1
40 48 1
43 366 1
46 21 1
46 290 1
49 367 1
53 200 1
53 232 1
55 302 1
56 174 1
56 247 1
59 42 1
59 323 1
64 5 1
64 17 1
64 35 1
64 36 1
64 49 1
64 287 1
64 317 1
64 318 1
64 377 1
66 10 1
66 13 1
66 18 1
66 20 1
66 22 1
66 24 1
66 33 1
66 45 1
66 46 1
66 56 1
66 61 1
66 63 1
66 89 1
66 91 1
66 93 1
66 95 1
66 118 1
66 124 1
66 132 1
66 144 1
66 146 1
66 153 1
66 155 1
66 157 1
66 162 1
66 176 1
66 183 1
66 185 1
66 187 1
66 197 1
66 199 1
66 202 1
66 205 1
66 209 1
66 218 1
66 221 1
66 237 1
66 241 1
66 246 1
66 247 1
66 248 1
66 249 1
66 267 1
66 271 1
66 283 1
66 288 1
66 289 1
66 291 1
66 292 1
66 299 1
66 300 1
66 308 1
66 309 1
66 311 1
66 314 1
66 318 1
66 325 1
66 327 1
66 332 1
66 334 1
66 340 1
66 357 1
66 360 1
66 373 1
66 375 1
66 381 1
66 382 1
66 388 1
66 398 1
66 402 1
66 416 1
66 422 1
68 273 1
69 296 1
69 368 1
74 75 1
77 11 1
77 100 1
77 220 1
77 235 1
77 372 1
82 56 1
82 106 1
82 137 1
82 144 1
82 184 1
82 234 1
82 382 1
88 150 1
88 153 1
88 268 1
90 357 1
90 388 1
94 83 1
97 336 1
111 7 1
111 123 1
113 297 1
114 18 1
114 285 1
114 305 1
119 92 1
119 141 1
119 147 1
119 266 1
119 351 1
123 7 1
127 57 1
127 102 1
127 131 1
136 16 1
136 129 1
136 197 1
136 202 1
136 245 1
136 294 1
136 353 1
137 54 1
137 120 1
137 144 1
137 149 1
137 178 1
137 201 1
137 210 1
137 236 1
137 240 1
137 252 1
137 290 1
137 294 1
143 22 1
143 67 1
143 73 1
143 76 1
143 108 1
143 133 1
143 140 1
143 145 1
143 159 1
143 163 1
143 169 1
143 182 1
143 195 1
143 216 1
143 280 1
143 287 1
143 312 1
143 348 1
143 354 1
143 357 1
143 387 1
143 392 1
148 8 1
148 21 1
148 25 1
148 86 1
148 103 1
148 130 1
148 403 1
151 85 1
154 39 1
154 125 1
154 162 1
154 171 1
154 172 1
154 208 1
154 285 1
154 310 1
154 419 1
156 202 1
156 338 1
157 19 1
158 237 1
160 162 1
161 134 1
164 144 1
169 351 1
169 357 1
175 14 1
175 230 1
175 276 1
175 303 1
181 171 1
181 264 1
181 290 1
188 129 1
190 34 1
190 60 1
190 72 1
190 84 1
190 98 1
190 121 1
190 135 1
190 146 1
190 157 1
190 165 1
190 196 1
190 226 1
190 238 1
190 277 1
190 314 1
190 345 1
190 362 1
190 368 1
190 369 1
190 384 1
190 399 1
193 5 1
193 87 1
193 96 1
193 168 1
193 211 1
193 314 1
193 356 1
198 92 1
203 245 1
203 291 1
207 78 1
213 172 1
215 393 1
219 37 1
222 16 1
222 32 1
222 65 1
222 86 1
222 231 1
222 264 1
222 283 1
222 286 1
222 345 1
222 369 1
222 394 1
227 1 1
227 153 1
227 169 1
227 172 1
227 177 1
227 206 1
227 233 1
227 234 1
227 277 1
227 306 1
227 320 1
227 351 1
227 374 1
227 390 1
229 355 1
229 357 1
233 281 1
237 56 1
237 177 1
237 308 1
237 322 1
237 414 1
241 1 1
241 136 1
241 197 1
241 351 1
241 422 1
246 271 1
251 38 1
251 47 1
251 217 1
251 223 1
252 136 1
252 236 1
252 338 1
257 79 1
258 67 1
258 76 1
258 112 1
258 411 1
261 141 1
267 191 1
267 266 1
269 12 1
269 165 1
270 272 1
270 295 1
270 396 1
274 52 1
274 81 1
274 87 1
274 99 1
274 116 1
274 118 1
274 167 1
274 255 1
274 278 1
274 284 1
274 293 1
274 307 1
274 352 1
279 326 1
282 37 1
282 120 1
282 136 1
282 137 1
282 142 1
282 145 1
282 176 1
282 216 1
282 240 1
282 256 1
282 290 1
282 294 1
282 365 1
282 395 1
292 105 1
292 166 1
292 173 1
292 318 1
292 329 1
292 350 1
298 19 1
298 80 1
298 275 1
298 347 1
304 58 1
304 242 1
304 335 1
304 359 1
315 238 1
324 44 1
324 85 1
324 138 1
324 140 1
324 144 1
324 151 1
324 196 1
324 224 1
324 232 1
324 254 1
324 270 1
324 272 1
324 319 1
324 345 1
324 361 1
324 406 1
330 171 1
331 28 1
331 421 1
337 301 1
337 357 1
339 1 1
339 71 1
339 89 1
339 103 1
339 146 1
339 150 1
339 155 1
339 170 1
339 174 1
339 263 1
339 272 1
339 290 1
342 333 1
344 3 1
344 5 1
344 23 1
344 29 1
344 57 1
344 68 1
344 86 1
344 95 1
344 110 1
344 121 1
344 172 1
344 180 1
344 182 1
344 194 1
344 200 1
344 210 1
344 253 1
344 273 1
344 312 1
344 336 1
344 369 1
344 386 1
344 407 1
344 412 1
345 7 1
345 60 1
345 85 1
345 86 1
345 135 1
345 165 1
345 363 1
345 369 1
345 375 1
345 423 1
346 51 1
346 85 1
346 162 1
346 189 1
346 260 1
346 285 1
346 287 1
346 341 1
346 343 1
346 345 1
346 379 1
346 406 1
346 423 1
349 410 1
358 180 1
359 14 1
359 31 1
359 239 1
359 313 1
359 369 1
359 416 1
370 27 1
376 41 1
378 173 1
380 23 1
380 273 1
380 312 1
380 355 1
385 2 1
385 122 1
385 142 1
385 154 1
385 364 1
385 381 1
385 401 1
389 117 1
391 179 1
401 250 1
405 404 1
408 149 1
413 5 1
413 17 1
413 50 1
413 57 1
413 64 1
413 70 1
413 87 1
413 101 1
413 115 1
413 127 1
413 193 1
413 212 1
413 225 1
413 244 1
413 262 1
413 267 1
413 278 1
413 280 1
413 316 1
413 321 1
413 349 1
413 365 1
413 390 1
413 392 1
413 397 1
413 423 1
415 92 1
417 400 1
418 1 1
418 291 1
418 371 1
420 13 1
