4 369 1
6 396 1
6 399 1
9 105 1
15 295 1
18 384 1
20 2 1
20 13 1
20 68 1
20 256 1
24 54 1
24 80 1
24 132 1
24 134 1
24 142 1
24 144 1
24 178 1
24 203 1
24 262 1
24 276 1
24 278 1
24 287 1
24 290 1
24 302 1
24 321 1
24 357 1
24 363 1
24 367 1
24 368 1
24 409 1
30 13 1
30 36 1
30 86 1
30 168 1
30 194 1
30 327 1
40 71 1
43 281 1
46 152 1
46 303 1
49 381 1
53 37 1
53 85 1
55 297 1
56 7 1
56 383 1
59 65 1
59 237 1
64 31 1
64 76 1
64 157 1
64 212 1
64 277 1
64 284 1
64 318 1
64 338 1
64 421 1
66 21 1
66 22 1
66 24 1
66 34 1
66 35 1
66 37 1
66 39 1
66 52 1
66 57 1
66 73 1
66 75 1
66 78 1
66 85 1
66 86 1
66 103 1
66 104 1
66 121 1
66 132 1
66 137 1
66 144 1
66 146 1
66 147 1
66 149 1
66 162 1
66 163 1
66 165 1
66 166 1
66 169 1
66 172 1
66 173 1
66 177 1
66 180 1
66 210 1
66 225 1
66 230 1
66 240 1
66 241 1
66 249 1
66 252 1
66 267 1
66 268 1
66 271 1
66 272 1
66 273 1
66 275 1
66 278 1
66 287 1
66 290 1
66 291 1
66 292 1
66 299 1
66 306 1
66 314 1
66 318 1
66 322 1
66 323 1
66 333 1
66 340 1
66 345 1
66 351 1
66 355 1
66 357 1
66 364 1
66 371 1
66 372 1
66 373 1
66 374 1
66 382 1
66 392 1
66 403 1
66 411 1
66 416 1
68 234 1
69 5 1
69 56 1
74 44 1
77 45 1
77 120 1
77 240 1
77 288 1
77 369 1
82 150 1
82 159 1
82 216 1
82 260 1
82 290 1
82 397 1
82 410 1
88 101 1
88 125 1
88 162 1
90 1 1
90 245 1
94 93 1
97 388 1
111 21 1
111 404 1
113 402 1
114 133 1
114 136 1
114 345 1
119 27 1
119 58 1
119 197 1
119 254 1
119 290 1
123 176 1
127 14 1
127 98 1
127 138 1
136 64 1
136 145 1
136 172 1
136 232 1
136 243 1
136 255 1
136 280 1
137 73 1
137 89 1
137 106 1
137 142 1
137 149 1
137 177 1
137 223 1
137 236 1
137 272 1
137 273 1
137 293 1
137 351 1
143 7 1
143 25 1
143 41 1
143 56 1
143 72 1
143 87 1
143 91 1
143 99 1
143 118 1
143 141 1
143 172 1
143 182 1
143 185 1
143 237 1
143 239 1
143 277 1
143 283 1
143 291 1
143 313 1
143 316 1
143 360 1
143 422 1
148 22 1
148 89 1
148 162 1
148 286 1
148 350 1
148 357 1
148 414 1
151 285 1
154 17 1
154 124 1
154 200 1
154 296 1
154 318 1
154 332 1
154 365 1
154 390 1
154 395 1
156 289 1
156 341 1
157 202 1
158 128 1
160 291 1
161 153 1
164 334 1
169 47 1
169 57 1
175 63 1
175 211 1
175 263 1
175 369 1
181 67 1
181 184 1
181 343 1
188 412 1
190 1 1
190 23 1
190 38 1
190 58 1
190 83 1
190 126 1
190 153 1
190 179 1
190 196 1
190 233 1
190 238 1
190 247 1
190 278 1
190 308 1
190 311 1
190 312 1
190 328 1
190 335 1
190 359 1
190 398 1
190 401 1
193 5 1
193 32 1
193 153 1
193 171 1
193 271 1
193 300 1
193 312 1
198 139 1
203 144 1
203 247 1
207 377 1
213 355 1
215 107 1
219 117 1
222 10 1
222 19 1
222 95 1
222 110 1
222 131 1
222 182 1
222 186 1
222 238 1
222 347 1
222 352 1
222 368 1
227 8 1
227 26 1
227 33 1
227 67 1
227 81 1
227 85 1
227 87 1
227 115 1
227 189 1
227 253 1
227 294 1
227 348 1
227 361 1
227 390 1
229 70 1
229 423 1
233 46 1
237 87 1
237 191 1
237 244 1
237 266 1
237 423 1
241 162 1
241 264 1
241 267 1
241 287 1
241 345 1
246 183 1
251 1 1
251 140 1
251 179 1
251 393 1
252 16 1
252 202 1
252 314 1
257 224 1
258 96 1
258 226 1
258 285 1
258 310 1
261 136 1
267 173 1
267 193 1
269 5 1
269 235 1
270 18 1
270 165 1
270 357 1
274 16 1
274 49 1
274 61 1
274 95 1
274 96 1
274 102 1
274 118 1
274 197 1
274 266 1
274 272 1
274 294 1
274 319 1
274 366 1
279 17 1
282 13 1
282 20 1
282 100 1
282 121 1
282 123 1
282 135 1
282 155 1
282 174 1
282 205 1
282 255 1
282 290 1
282 307 1
282 362 1
282 369 1
292 11 1
292 28 1
292 51 1
292 144 1
292 214 1
292 422 1
298 92 1
298 118 1
298 150 1
298 382 1
304 29 1
304 165 1
304 201 1
304 242 1
315 217 1
324 1 1
324 7 1
324 56 1
324 103 1
324 171 1
324 195 1
324 197 1
324 208 1
324 232 1
324 250 1
324 280 1
324 291 1
324 308 1
324 309 1
324 336 1
324 423 1
330 140 1
331 108 1
331 375 1
337 170 1
337 387 1
339 85 1
339 129 1
339 151 1
339 155 1
339 196 1
339 209 1
339 228 1
339 245 1
339 285 1
339 301 1
339 354 1
339 379 1
342 50 1
344 42 1
344 57 1
344 62 1
344 86 1
344 122 1
344 129 1
344 146 1
344 154 1
344 155 1
344 167 1
344 169 1
344 180 1
344 199 1
344 200 1
344 218 1
344 221 1
344 234 1
344 314 1
344 338 1
344 345 1
344 351 1
344 365 1
344 386 1
344 394 1
345 116 1
345 136 1
345 146 1
345 172 1
345 277 1
345 305 1
345 320 1
345 351 1
345 357 1
345 388 1
346 48 1
346 60 1
346 92 1
346 153 1
346 200 1
346 202 1
346 210 1
346 240 1
346 264 1
346 273 1
346 285 1
346 317 1
346 381 1
349 406 1
358 3 1
359 23 1
359 137 1
359 157 1
359 174 1
359 216 1
359 382 1
370 349 1
376 79 1
378 19 1
380 130 1
380 326 1
380 400 1
380 416 1
385 60 1
385 76 1
385 84 1
385 120 1
385 187 1
385 329 1
385 392 1
389 407 1
391 5 1
401 112 1
405 236 1
408 369 1
413 7 1
413 12 1
413 14 1
413 18 1
413 56 1
413 86 1
413 92 1
413 117 1
413 127 1
413 135 1
413 144 1
413 145 1
413 171 1
413 176 1
413 206 1
413 231 1
413 246 1
413 248 1
413 270 1
413 294 1
413 312 1
413 325 1
413 353 1
413 357 1
413 375 1
413 419 1
415 336 1
417 356 1
418 141 1
418 220 1
418 283 1
420 406 1
