4 85 1
6 137 1
6 153 1
9 18 1
15 311 1
18 231 1
20 63 1
20 154 1
20 338 1
20 394 1
24 58 1
24 72 1
24 78 1
24 85 1
24 117 1
24 124 1
24 136 1
24 144 1
24 146 1
24 150 1
24 163 1
24 174 1
24 177 1
24 225 1
24 260 1
24 272 1
24 278 1
24 294 1
24 320 1
24 406 1
30 217 1
30 290 1
30 322 1
30 368 1
30 392 1
30 422 1
40 174 1
43 131 1
46 96 1
46 186 1
49 375 1
53 103 1
53 270 1
55 288 1
56 7 1
56 355 1
59 17 1
59 387 1
64 13 1
64 56 1
64 76 1
64 149 1
64 199 1
64 211 1
64 277 1
64 286 1
64 291 1
66 1 1
66 7 1
66 13 1
66 23 1
66 27 1
66 37 1
66 39 1
66 56 1
66 61 1
66 64 1
66 75 1
66 83 1
66 85 1
66 86 1
66 87 1
66 105 1
66 107 1
66 118 1
66 128 1
66 129 1
66 136 1
66 137 1
66 141 1
66 144 1
66 146 1
66 149 1
66 155 1
66 162 1
66 169 1
66 170 1
66 172 1
66 180 1
66 197 1
66 201 1
66 202 1
66 208 1
66 216 1
66 237 1
66 240 1
66 241 1
66 243 1
66 255 1
66 262 1
66 266 1
66 271 1
66 276 1
66 277 1
66 280 1
66 281 1
66 285 1
66 287 1
66 292 1
66 305 1
66 307 1
66 312 1
66 313 1
66 314 1
66 318 1
66 338 1
66 345 1
66 349 1
66 351 1
66 357 1
66 365 1
66 367 1
66 369 1
66 381 1
66 388 1
66 395 1
66 396 1
66 407 1
66 423 1
68 264 1
69 278 1
69 332 1
74 122 1
77 22 1
77 71 1
77 293 1
77 312 1
77 371 1
82 5 1
82 7 1
82 104 1
82 151 1
82 176 1
82 273 1
82 295 1
88 57 1
88 60 1
88 133 1
90 290 1
90 352 1
94 356 1
97 226 1
111 5 1
111 423 1
113 118 1
114 168 1
114 214 1
114 402 1
119 41 1
119 93 1
119 132 1
119 194 1
119 383 1
123 184 1
127 153 1
127 319 1
127 351 1
136 38 1
136 146 1
136 182 1
136 271 1
136 272 1
136 357 1
136 388 1
137 23 1
137 76 1
137 129 1
137 153 1
137 155 1
137 172 1
137 205 1
137 209 1
137 244 1
137 318 1
137 351 1
137 416 1
143 20 1
143 57 1
143 120 1
143 130 1
143 157 1
143 171 1
143 182 1
143 202 1
143 210 1
143 267 1
143 278 1
143 285 1
143 323 1
143 347 1
143 357 1
143 359 1
143 360 1
143 363 1
143 372 1
143 374 1
143 404 1
143 421 1
148 5 1
148 17 1
148 62 1
148 85 1
148 176 1
148 336 1
148 411 1
151 273 1
154 65 1
154 80 1
154 112 1
154 135 1
154 162 1
154 179 1
154 247 1
154 362 1
154 373 1
156 56 1
156 79 1
157 195 1
158 290 1
160 140 1
161 334 1
164 117 1
169 312 1
169 366 1
175 10 1
175 233 1
175 275 1
175 297 1
181 44 1
181 95 1
181 144 1
188 91 1
190 2 1
190 26 1
190 33 1
190 67 1
190 68 1
190 87 1
190 125 1
190 178 1
190 183 1
190 185 1
190 200 1
190 206 1
190 212 1
190 216 1
190 218 1
190 285 1
190 290 1
190 325 1
190 361 1
190 364 1
190 369 1
193 73 1
193 150 1
193 166 1
193 210 1
193 301 1
193 353 1
193 357 1
198 317 1
203 247 1
203 414 1
207 142 1
213 224 1
215 285 1
219 101 1
222 14 1
222 19 1
222 35 1
222 54 1
222 96 1
222 136 1
222 141 1
222 177 1
222 264 1
222 290 1
222 382 1
227 11 1
227 115 1
227 144 1
227 145 1
227 196 1
227 203 1
227 235 1
227 253 1
227 255 1
227 256 1
227 272 1
227 294 1
227 306 1
227 412 1
229 180 1
229 382 1
233 398 1
237 7 1
237 47 1
237 314 1
237 390 1
237 400 1
241 1 1
241 172 1
241 238 1
241 308 1
241 345 1
246 299 1
251 8 1
251 12 1
251 291 1
251 296 1
252 121 1
252 200 1
252 336 1
257 221 1
258 106 1
258 223 1
258 345 1
258 416 1
261 92 1
267 239 1
267 335 1
269 60 1
269 142 1
270 50 1
270 103 1
270 139 1
274 51 1
274 70 1
274 73 1
274 99 1
274 132 1
274 152 1
274 172 1
274 329 1
274 333 1
274 399 1
274 403 1
274 422 1
274 423 1
279 144 1
282 14 1
282 28 1
282 86 1
282 89 1
282 173 1
282 236 1
282 289 1
282 294 1
282 316 1
282 326 1
282 365 1
282 369 1
282 375 1
282 410 1
292 37 1
292 116 1
292 197 1
292 234 1
292 273 1
292 318 1
298 18 1
298 108 1
298 284 1
298 308 1
304 24 1
304 95 1
304 187 1
304 321 1
315 343 1
324 29 1
324 45 1
324 86 1
324 100 1
324 200 1
324 232 1
324 240 1
324 250 1
324 252 1
324 277 1
324 287 1
324 328 1
324 350 1
324 355 1
324 357 1
324 393 1
330 25 1
331 197 1
331 283 1
337 13 1
337 419 1
339 3 1
339 5 1
339 16 1
339 52 1
339 86 1
339 138 1
339 153 1
339 171 1
339 173 1
339 240 1
339 369 1
339 377 1
342 401 1
344 1 1
344 16 1
344 19 1
344 21 1
344 46 1
344 58 1
344 87 1
344 92 1
344 102 1
344 123 1
344 127 1
344 165 1
344 167 1
344 191 1
344 230 1
344 234 1
344 245 1
344 246 1
344 283 1
344 351 1
344 384 1
344 386 1
344 392 1
344 409 1
345 56 1
345 81 1
345 110 1
345 118 1
345 155 1
345 162 1
345 202 1
345 238 1
345 248 1
345 266 1
346 31 1
346 32 1
346 36 1
346 49 1
346 57 1
346 92 1
346 121 1
346 159 1
346 169 1
346 179 1
346 340 1
346 368 1
346 369 1
349 327 1
358 406 1
359 157 1
359 249 1
359 267 1
359 302 1
359 309 1
359 382 1
370 236 1
376 84 1
378 22 1
380 134 1
380 263 1
380 268 1
380 303 1
385 42 1
385 89 1
385 120 1
385 126 1
385 237 1
385 348 1
385 397 1
389 245 1
391 98 1
401 291 1
405 1 1
408 232 1
413 21 1
413 48 1
413 67 1
413 135 1
413 140 1
413 145 1
413 162 1
413 165 1
413 171 1
413 193 1
413 196 1
413 228 1
413 242 1
413 254 1
413 280 1
413 287 1
413 291 1
413 300 1
413 310 1
413 314 1
413 341 1
413 345 1
413 354 1
413 357 1
413 379 1
413 381 1
415 147 1
417 390 1
418 165 1
418 189 1
418 220 1
420 34 1
