4 284 1
6 197 1
6 365 1
9 169 1
15 254 1
18 132 1
20 184 1
20 291 1
20 343 1
20 375 1
24 1 1
24 5 1
24 13 1
24 17 1
24 19 1
24 120 1
24 128 1
24 129 1
24 205 1
24 221 1
24 268 1
24 285 1
24 290 1
24 340 1
24 363 1
24 368 1
24 373 1
24 374 1
24 390 1
24 409 1
30 92 1
30 152 1
30 306 1
30 314 1
30 345 1
30 390 1
40 194 1
43 419 1
46 149 1
46 403 1
49 290 1
53 45 1
53 203 1
55 368 1
56 121 1
56 146 1
59 177 1
59 178 1
64 44 1
64 78 1
64 89 1
64 110 1
64 172 1
64 293 1
64 351 1
64 369 1
64 410 1
66 1 1
66 5 1
66 7 1
66 8 1
66 16 1
66 17 1
66 18 1
66 19 1
66 24 1
66 36 1
66 37 1
66 42 1
66 46 1
66 56 1
66 65 1
66 73 1
66 79 1
66 85 1
66 93 1
66 98 1
66 104 1
66 118 1
66 120 1
66 123 1
66 132 1
66 135 1
66 136 1
66 144 1
66 146 1
66 149 1
66 153 1
66 154 1
66 155 1
66 159 1
66 162 1
66 169 1
66 173 1
66 174 1
66 176 1
66 179 1
66 182 1
66 211 1
66 216 1
66 240 1
66 245 1
66 247 1
66 249 1
66 266 1
66 277 1
66 278 1
66 285 1
66 286 1
66 287 1
66 289 1
66 290 1
66 297 1
66 308 1
66 312 1
66 313 1
66 314 1
66 320 1
66 323 1
66 336 1
66 345 1
66 355 1
66 357 1
66 367 1
66 382 1
66 386 1
66 388 1
66 397 1
66 399 1
68 171 1
69 232 1
69 422 1
74 166 1
77 60 1
77 145 1
77 210 1
77 314 1
77 379 1
82 76 1
82 107 1
82 117 1
82 147 1
82 163 1
82 209 1
82 371 1
88 85 1
88 290 1
88 412 1
90 27 1
90 240 1
94 150 1
97 277 1
111 144 1
111 350 1
113 3 1
114 5 1
114 193 1
114 224 1
119 273 1
119 312 1
119 345 1
119 396 1
119 402 1
123 322 1
127 186 1
127 387 1
127 401 1
136 51 1
136 56 1
136 86 1
136 255 1
136 285 1
136 294 1
136 393 1
137 11 1
137 141 1
137 196 1
137 217 1
137 220 1
137 234 1
137 272 1
137 291 1
137 318 1
137 362 1
137 388 1
137 392 1
143 12 1
143 13 1
143 14 1
143 20 1
143 23 1
143 38 1
143 86 1
143 100 1
143 165 1
143 167 1
143 185 1
143 200 1
143 202 1
143 237 1
143 273 1
143 278 1
143 291 1
143 334 1
143 335 1
143 351 1
143 364 1
143 400 1
148 271 1
148 276 1
148 278 1
148 285 1
148 341 1
148 365 1
148 372 1
151 375 1
154 50 1
154 75 1
154 144 1
154 173 1
154 176 1
154 266 1
154 271 1
154 357 1
154 382 1
156 228 1
156 351 1
157 214 1
158 72 1
160 81 1
161 272 1
164 305 1
169 7 1
169 47 1
175 68 1
175 242 1
175 329 1
175 360 1
181 86 1
181 183 1
181 200 1
188 206 1
190 1 1
190 28 1
190 67 1
190 85 1
190 86 1
190 92 1
190 102 1
190 136 1
190 151 1
190 157 1
190 171 1
190 191 1
190 226 1
190 240 1
190 241 1
190 272 1
190 294 1
190 296 1
190 308 1
190 325 1
190 336 1
193 32 1
193 56 1
193 67 1
193 234 1
193 246 1
193 267 1
193 292 1
198 35 1
203 63 1
203 172 1
207 84 1
213 103 1
215 302 1
219 7 1
222 21 1
222 57 1
222 92 1
222 129 1
222 133 1
222 199 1
222 202 1
222 260 1
222 328 1
222 332 1
222 338 1
227 5 1
227 23 1
227 95 1
227 137 1
227 140 1
227 153 1
227 180 1
227 287 1
227 291 1
227 318 1
227 319 1
227 359 1
227 381 1
227 423 1
229 54 1
229 216 1
233 347 1
237 13 1
237 138 1
237 153 1
237 168 1
237 398 1
241 118 1
241 155 1
241 218 1
241 231 1
241 267 1
246 117 1
251 263 1
251 280 1
251 352 1
251 421 1
252 144 1
252 157 1
252 414 1
257 189 1
258 37 1
258 61 1
258 87 1
258 383 1
261 303 1
267 14 1
267 122 1
269 16 1
269 326 1
270 165 1
270 197 1
270 357 1
274 25 1
274 31 1
274 73 1
274 76 1
274 145 1
274 171 1
274 180 1
274 182 1
274 200 1
274 239 1
274 316 1
274 348 1
274 404 1
279 295 1
282 18 1
282 49 1
282 80 1
282 89 1
282 95 1
282 118 1
282 124 1
282 131 1
282 255 1
282 287 1
282 351 1
282 394 1
282 406 1
282 423 1
292 56 1
292 103 1
292 121 1
292 125 1
292 146 1
292 252 1
298 247 1
298 307 1
298 327 1
298 395 1
304 60 1
304 62 1
304 212 1
304 357 1
315 366 1
324 2 1
324 34 1
324 52 1
324 64 1
324 127 1
324 134 1
324 197 1
324 225 1
324 230 1
324 253 1
324 262 1
324 280 1
324 356 1
324 369 1
324 416 1
324 423 1
330 126 1
331 170 1
331 179 1
337 26 1
337 422 1
339 33 1
339 41 1
339 201 1
339 236 1
339 238 1
339 244 1
339 264 1
339 273 1
339 317 1
339 345 1
339 355 1
339 382 1
342 195 1
344 7 1
344 10 1
344 48 1
344 85 1
344 87 1
344 91 1
344 96 1
344 108 1
344 142 1
344 162 1
344 172 1
344 177 1
344 187 1
344 208 1
344 210 1
344 245 1
344 250 1
344 270 1
344 299 1
344 300 1
344 301 1
344 310 1
344 357 1
344 384 1
345 135 1
345 144 1
345 150 1
345 162 1
345 174 1
345 236 1
345 264 1
345 312 1
345 349 1
345 407 1
346 1 1
346 29 1
346 58 1
346 83 1
346 116 1
346 155 1
346 202 1
346 237 1
346 256 1
346 294 1
346 311 1
346 369 1
346 377 1
349 309 1
358 21 1
359 115 1
359 153 1
359 196 1
359 233 1
359 283 1
359 381 1
370 243 1
376 369 1
378 136 1
380 22 1
380 96 1
380 130 1
380 318 1
385 70 1
385 99 1
385 139 1
385 235 1
385 353 1
385 357 1
385 416 1
389 277 1
391 333 1
401 288 1
405 105 1
408 321 1
413 22 1
413 39 1
413 58 1
413 71 1
413 101 1
413 106 1
413 112 1
413 137 1
413 140 1
413 141 1
413 142 1
413 162 1
413 165 1
413 172 1
413 223 1
413 238 1
413 275 1
413 283 1
413 290 1
413 338 1
413 354 1
413 361 1
413 369 1
413 392 1
413 406 1
413 411 1
415 87 1
417 57 1
418 232 1
418 248 1
418 281 1
420 57 1
