4 233 1
6 81 1
6 308 1
9 112 1
15 141 1
18 185 1
20 37 1
20 144 1
20 200 1
20 284 1
24 1 1
24 19 1
24 26 1
24 56 1
24 96 1
24 123 1
24 149 1
24 162 1
24 171 1
24 200 1
24 202 1
24 270 1
24 273 1
24 287 1
24 291 1
24 295 1
24 333 1
24 338 1
24 361 1
24 407 1
30 240 1
30 291 1
30 303 1
30 332 1
30 372 1
30 399 1
40 375 1
43 58 1
46 165 1
46 253 1
49 290 1
53 169 1
53 178 1
55 285 1
56 223 1
56 422 1
59 86 1
59 373 1
64 16 1
64 177 1
64 230 1
64 264 1
64 278 1
64 334 1
64 357 1
64 377 1
64 406 1
66 1 1
66 2 1
66 5 1
66 13 1
66 16 1
66 20 1
66 22 1
66 23 1
66 24 1
66 35 1
66 37 1
66 38 1
66 46 1
66 48 1
66 70 1
66 73 1
66 86 1
66 87 1
66 92 1
66 103 1
66 108 1
66 127 1
66 133 1
66 136 1
66 144 1
66 150 1
66 151 1
66 155 1
66 162 1
66 165 1
66 179 1
66 180 1
66 182 1
66 194 1
66 196 1
66 202 1
66 209 1
66 218 1
66 221 1
66 228 1
66 232 1
66 242 1
66 246 1
66 247 1
66 262 1
66 267 1
66 272 1
66 278 1
66 281 1
66 287 1
66 291 1
66 300 1
66 305 1
66 312 1
66 326 1
66 328 1
66 343 1
66 345 1
66 350 1
66 352 1
66 359 1
66 362 1
66 375 1
66 388 1
66 392 1
66 398 1
66 400 1
66 406 1
66 409 1
66 411 1
66 414 1
66 423 1
68 21 1
69 85 1
69 323 1
74 25 1
77 29 1
77 58 1
77 157 1
77 280 1
77 317 1
82 93 1
82 173 1
82 238 1
82 301 1
82 369 1
82 410 1
82 423 1
88 8 1
88 91 1
88 132 1
90 73 1
90 135 1
94 118 1
97 12 1
111 60 1
111 240 1
113 147 1
114 124 1
114 349 1
114 419 1
119 85 1
119 145 1
119 153 1
119 252 1
119 368 1
123 176 1
127 52 1
127 57 1
127 383 1
136 56 1
136 86 1
136 99 1
136 118 1
136 234 1
136 283 1
136 341 1
137 7 1
137 57 1
137 62 1
137 146 1
137 172 1
137 290 1
137 306 1
137 312 1
137 351 1
137 365 1
137 390 1
137 422 1
143 3 1
143 7 1
143 85 1
143 96 1
143 105 1
143 129 1
143 140 1
143 144 1
143 172 1
143 176 1
143 197 1
143 211 1
143 217 1
143 220 1
143 241 1
143 243 1
143 272 1
143 310 1
143 313 1
143 348 1
143 357 1
143 363 1
148 122 1
148 145 1
148 238 1
148 271 1
148 292 1
148 392 1
148 403 1
151 202 1
154 17 1
154 18 1
154 21 1
154 54 1
154 76 1
154 157 1
154 191 1
154 318 1
154 395 1
156 27 1
156 95 1
157 366 1
158 5 1
160 266 1
161 149 1
164 388 1
169 172 1
169 174 1
175 92 1
175 273 1
175 316 1
175 327 1
181 189 1
181 286 1
181 321 1
188 67 1
190 11 1
190 31 1
190 63 1
190 64 1
190 120 1
190 139 1
190 182 1
190 199 1
190 203 1
190 208 1
190 254 1
190 260 1
190 264 1
190 266 1
190 272 1
190 273 1
190 294 1
190 308 1
190 322 1
190 357 1
190 382 1
193 7 1
193 110 1
193 163 1
193 186 1
193 280 1
193 314 1
193 369 1
198 296 1
203 33 1
203 319 1
207 318 1
213 132 1
215 369 1
219 345 1
222 17 1
222 92 1
222 100 1
222 135 1
222 166 1
222 183 1
222 216 1
222 299 1
222 353 1
222 357 1
222 379 1
227 19 1
227 47 1
227 136 1
227 141 1
227 206 1
227 234 1
227 245 1
227 250 1
227 256 1
227 291 1
227 302 1
227 340 1
227 356 1
227 367 1
229 61 1
229 80 1
233 268 1
237 79 1
237 128 1
237 153 1
237 345 1
237 365 1
241 76 1
241 87 1
241 115 1
241 184 1
241 357 1
246 60 1
251 89 1
251 146 1
251 236 1
251 387 1
252 116 1
252 249 1
252 294 1
257 75 1
258 34 1
258 98 1
258 168 1
258 267 1
261 200 1
267 103 1
267 320 1
269 179 1
269 275 1
270 1 1
270 10 1
270 56 1
274 57 1
274 106 1
274 137 1
274 146 1
274 153 1
274 169 1
274 172 1
274 177 1
274 288 1
274 290 1
274 351 1
274 390 1
274 416 1
279 39 1
282 13 1
282 23 1
282 85 1
282 102 1
282 152 1
282 171 1
282 205 1
282 214 1
282 231 1
282 235 1
282 325 1
282 351 1
282 382 1
282 416 1
292 14 1
292 45 1
292 167 1
292 271 1
292 336 1
292 404 1
298 1 1
298 84 1
298 129 1
298 311 1
304 67 1
304 165 1
304 197 1
304 297 1
315 355 1
324 14 1
324 28 1
324 104 1
324 107 1
324 134 1
324 155 1
324 195 1
324 210 1
324 236 1
324 278 1
324 285 1
324 289 1
324 307 1
324 329 1
324 371 1
324 382 1
330 171 1
331 126 1
331 140 1
337 369 1
337 402 1
339 5 1
339 68 1
339 71 1
339 180 1
339 237 1
339 255 1
339 277 1
339 287 1
339 312 1
339 345 1
339 386 1
339 423 1
342 83 1
344 5 1
344 13 1
344 41 1
344 50 1
344 78 1
344 101 1
344 117 1
344 120 1
344 121 1
344 131 1
344 138 1
344 153 1
344 170 1
344 187 1
344 216 1
344 225 1
344 237 1
344 293 1
344 309 1
344 335 1
344 360 1
344 368 1
344 369 1
344 381 1
345 22 1
345 89 1
345 130 1
345 155 1
345 196 1
345 247 1
345 277 1
345 381 1
345 384 1
345 421 1
346 42 1
346 95 1
346 125 1
346 142 1
346 144 1
346 174 1
346 210 1
346 240 1
346 244 1
346 248 1
346 285 1
346 364 1
346 396 1
349 154 1
358 336 1
359 32 1
359 87 1
359 142 1
359 232 1
359 245 1
359 412 1
370 144 1
376 347 1
378 294 1
380 18 1
380 49 1
380 173 1
380 290 1
385 193 1
385 255 1
385 276 1
385 355 1
385 374 1
385 393 1
385 401 1
389 162 1
391 159 1
401 36 1
405 212 1
408 314 1
413 7 1
413 44 1
413 56 1
413 65 1
413 72 1
413 86 1
413 118 1
413 121 1
413 136 1
413 137 1
413 150 1
413 162 1
413 197 1
413 224 1
413 226 1
413 239 1
413 263 1
413 277 1
413 283 1
413 285 1
413 290 1
413 338 1
413 351 1
413 354 1
413 357 1
413 397 1
415 117 1
417 314 1
418 51 1
418 201 1
418 394 1
420 318 1
