4 247 1
6 307 1
6 357 1
9 100 1
15 45 1
18 414 1
20 13 1
20 149 1
20 162 1
20 172 1
24 1 1
24 20 1
24 39 1
24 57 1
24 89 1
24 137 1
24 138 1
24 149 1
24 171 1
24 172 1
24 202 1
24 220 1
24 228 1
24 234 1
24 281 1
24 287 1
24 290 1
24 312 1
24 363 1
24 382 1
30 120 1
30 174 1
30 182 1
30 248 1
30 323 1
30 406 1
40 152 1
43 395 1
46 84 1
46 96 1
49 139 1
53 273 1
53 361 1
55 194 1
56 314 1
56 345 1
59 98 1
59 118 1
64 132 1
64 144 1
64 153 1
64 197 1
64 232 1
64 285 1
64 336 1
64 345 1
64 369 1
66 7 1
66 13 1
66 31 1
66 48 1
66 56 1
66 57 1
66 60 1
66 64 1
66 68 1
66 70 1
66 95 1
66 104 1
66 105 1
66 108 1
66 128 1
66 129 1
66 135 1
66 136 1
66 137 1
66 142 1
66 144 1
66 146 1
66 153 1
66 159 1
66 162 1
66 169 1
66 170 1
66 177 1
66 180 1
66 186 1
66 187 1
66 196 1
66 197 1
66 199 1
66 216 1
66 217 1
66 230 1
66 238 1
66 252 1
66 254 1
66 255 1
66 262 1
66 264 1
66 266 1
66 267 1
66 277 1
66 283 1
66 285 1
66 291 1
66 292 1
66 296 1
66 303 1
66 305 1
66 309 1
66 314 1
66 318 1
66 320 1
66 336 1
66 345 1
66 349 1
66 354 1
66 362 1
66 365 1
66 366 1
66 368 1
66 369 1
66 374 1
66 375 1
66 396 1
66 401 1
66 409 1
66 423 1
68 294 1
69 135 1
69 224 1
74 240 1
77 18 1
77 72 1
77 106 1
77 350 1
77 388 1
82 17 1
82 127 1
82 210 1
82 233 1
82 338 1
82 387 1
82 394 1
88 50 1
88 163 1
88 239 1
90 357 1
90 412 1
94 280 1
97 142 1
111 191 1
111 283 1
113 67 1
114 62 1
114 153 1
114 393 1
119 37 1
119 236 1
119 287 1
119 334 1
119 419 1
123 102 1
127 171 1
127 179 1
127 422 1
136 112 1
136 206 1
136 243 1
136 291 1
136 294 1
136 357 1
136 368 1
137 71 1
137 85 1
137 103 1
137 118 1
137 134 1
137 236 1
137 302 1
137 311 1
137 318 1
137 377 1
137 392 1
137 416 1
143 5 1
143 14 1
143 23 1
143 67 1
143 86 1
143 107 1
143 144 1
143 174 1
143 182 1
143 226 1
143 237 1
143 244 1
143 246 1
143 267 1
143 288 1
143 308 1
143 332 1
143 338 1
143 351 1
143 397 1
143 410 1
143 416 1
148 86 1
148 121 1
148 165 1
148 201 1
148 273 1
148 329 1
148 407 1
151 411 1
154 2 1
154 8 1
154 56 1
154 81 1
154 141 1
154 196 1
154 276 1
154 351 1
154 406 1
156 240 1
156 347 1
157 87 1
158 78 1
160 247 1
161 383 1
164 423 1
169 202 1
169 277 1
175 18 1
175 271 1
175 293 1
175 301 1
181 23 1
181 165 1
181 245 1
188 242 1
190 7 1
190 14 1
190 16 1
190 52 1
190 86 1
190 120 1
190 146 1
190 150 1
190 167 1
190 168 1
190 240 1
190 250 1
190 272 1
190 285 1
190 318 1
190 321 1
190 356 1
190 357 1
190 367 1
190 372 1
190 375 1
193 27 1
193 136 1
193 147 1
193 200 1
193 234 1
193 278 1
193 399 1
198 285 1
203 5 1
203 37 1
207 348 1
213 75 1
215 96 1
219 398 1
222 28 1
222 41 1
222 42 1
222 51 1
222 79 1
222 92 1
222 124 1
222 151 1
222 155 1
222 290 1
222 384 1
227 86 1
227 122 1
227 141 1
227 154 1
227 157 1
227 205 1
227 211 1
227 241 1
227 312 1
227 313 1
227 351 1
227 353 1
227 357 1
227 402 1
229 11 1
229 176 1
233 17 1
237 49 1
237 140 1
237 179 1
237 328 1
237 390 1
241 99 1
241 101 1
241 125 1
241 278 1
241 381 1
246 85 1
251 5 1
251 38 1
251 308 1
251 319 1
252 221 1
252 299 1
252 343 1
257 209 1
258 73 1
258 121 1
258 130 1
258 382 1
261 317 1
267 33 1
267 144 1
269 95 1
269 388 1
270 58 1
270 153 1
270 162 1
274 3 1
274 5 1
274 7 1
274 16 1
274 56 1
274 129 1
274 173 1
274 270 1
274 272 1
274 278 1
274 322 1
274 327 1
274 423 1
279 333 1
282 44 1
282 87 1
282 103 1
282 157 1
282 162 1
282 178 1
282 214 1
282 266 1
282 289 1
282 290 1
282 359 1
282 371 1
282 382 1
282 390 1
292 54 1
292 85 1
292 200 1
292 300 1
292 314 1
292 365 1
298 7 1
298 115 1
298 310 1
298 392 1
304 1 1
304 12 1
304 263 1
304 364 1
315 118 1
324 1 1
324 25 1
324 29 1
324 35 1
324 47 1
324 85 1
324 145 1
324 150 1
324 197 1
324 245 1
324 253 1
324 291 1
324 297 1
324 326 1
324 369 1
324 373 1
330 238 1
331 189 1
331 360 1
337 280 1
337 421 1
339 34 1
339 65 1
339 73 1
339 80 1
339 140 1
339 185 1
339 237 1
339 284 1
339 295 1
339 306 1
339 312 1
339 400 1
342 155 1
344 19 1
344 22 1
344 24 1
344 57 1
344 63 1
344 76 1
344 117 1
344 131 1
344 146 1
344 155 1
344 169 1
344 171 1
344 172 1
344 202 1
344 212 1
344 223 1
344 231 1
344 249 1
344 287 1
344 290 1
344 340 1
344 341 1
344 345 1
344 355 1
345 22 1
345 58 1
345 60 1
345 177 1
345 183 1
345 255 1
345 264 1
345 271 1
345 316 1
345 355 1
346 21 1
346 83 1
346 87 1
346 91 1
346 92 1
346 116 1
346 176 1
346 200 1
346 210 1
346 235 1
346 275 1
346 294 1
346 386 1
349 369 1
358 61 1
359 10 1
359 13 1
359 172 1
359 286 1
359 290 1
359 369 1
370 117 1
376 351 1
378 422 1
380 1 1
380 256 1
380 277 1
380 379 1
385 46 1
385 76 1
385 92 1
385 133 1
385 166 1
385 218 1
385 335 1
389 193 1
391 132 1
401 216 1
405 21 1
408 173 1
413 19 1
413 26 1
413 32 1
413 36 1
413 56 1
413 89 1
413 110 1
413 126 1
413 136 1
413 145 1
413 165 1
413 180 1
413 184 1
413 195 1
413 203 1
413 208 1
413 225 1
413 260 1
413 268 1
413 273 1
413 291 1
413 325 1
413 357 1
413 381 1
413 403 1
413 404 1
415 144 1
417 272 1
418 93 1
418 123 1
418 352 1
420 232 1
