4 29 1
6 125 1
6 208 1
9 176 1
15 49 1
18 382 1
20 136 1
20 172 1
20 402 1
20 404 1
24 7 1
24 16 1
24 37 1
24 39 1
24 86 1
24 92 1
24 116 1
24 124 1
24 152 1
24 172 1
24 174 1
24 180 1
24 237 1
24 248 1
24 268 1
24 277 1
24 278 1
24 320 1
24 369 1
24 381 1
30 12 1
30 56 1
30 142 1
30 216 1
30 273 1
30 390 1
40 144 1
43 86 1
46 202 1
46 280 1
49 316 1
53 277 1
53 287 1
55 44 1
56 73 1
56 363 1
59 340 1
59 395 1
64 14 1
64 85 1
64 89 1
64 122 1
64 292 1
64 318 1
64 349 1
64 400 1
64 406 1
66 5 1
66 17 1
66 19 1
66 21 1
66 28 1
66 48 1
66 51 1
66 57 1
66 58 1
66 62 1
66 68 1
66 87 1
66 89 1
66 107 1
66 115 1
66 118 1
66 120 1
66 127 1
66 129 1
66 135 1
66 137 1
66 139 1
66 141 1
66 144 1
66 145 1
66 154 1
66 155 1
66 162 1
66 165 1
66 169 1
66 176 1
66 177 1
66 178 1
66 180 1
66 184 1
66 185 1
66 187 1
66 191 1
66 200 1
66 216 1
66 218 1
66 234 1
66 236 1
66 240 1
66 256 1
66 260 1
66 270 1
66 271 1
66 272 1
66 273 1
66 276 1
66 281 1
66 286 1
66 289 1
66 294 1
66 306 1
66 312 1
66 314 1
66 318 1
66 325 1
66 345 1
66 347 1
66 350 1
66 355 1
66 357 1
66 360 1
66 367 1
66 383 1
66 397 1
66 412 1
66 422 1
66 423 1
68 165 1
69 13 1
69 359 1
74 174 1
77 65 1
77 67 1
77 92 1
77 105 1
77 305 1
82 96 1
82 157 1
82 179 1
82 223 1
82 284 1
82 335 1
82 351 1
88 18 1
88 106 1
88 401 1
90 275 1
90 278 1
94 5 1
97 293 1
111 210 1
111 319 1
113 225 1
114 31 1
114 338 1
114 382 1
119 123 1
119 159 1
119 250 1
119 272 1
119 356 1
123 354 1
127 52 1
127 186 1
127 343 1
136 17 1
136 45 1
136 76 1
136 79 1
136 285 1
136 300 1
136 416 1
137 18 1
137 57 1
137 133 1
137 141 1
137 146 1
137 173 1
137 236 1
137 247 1
137 267 1
137 312 1
137 357 1
137 381 1
143 13 1
143 16 1
143 24 1
143 61 1
143 86 1
143 104 1
143 121 1
143 132 1
143 140 1
143 146 1
143 172 1
143 183 1
143 210 1
143 217 1
143 220 1
143 232 1
143 246 1
143 264 1
143 277 1
143 329 1
143 369 1
143 423 1
148 57 1
148 86 1
148 144 1
148 266 1
148 294 1
148 323 1
148 399 1
151 253 1
154 149 1
154 177 1
154 200 1
154 272 1
154 338 1
154 357 1
154 365 1
154 411 1
154 423 1
156 100 1
156 162 1
157 283 1
158 130 1
160 189 1
161 238 1
164 290 1
169 120 1
169 240 1
175 129 1
175 167 1
175 291 1
175 366 1
181 85 1
181 295 1
181 368 1
188 285 1
190 21 1
190 26 1
190 35 1
190 42 1
190 87 1
190 140 1
190 155 1
190 193 1
190 240 1
190 247 1
190 252 1
190 271 1
190 290 1
190 311 1
190 334 1
190 345 1
190 375 1
190 377 1
190 379 1
190 384 1
190 388 1
193 58 1
193 84 1
193 171 1
193 287 1
193 290 1
193 308 1
193 368 1
198 327 1
203 95 1
203 351 1
207 419 1
213 78 1
215 153 1
219 221 1
222 56 1
222 91 1
222 171 1
222 237 1
222 239 1
222 303 1
222 345 1
222 351 1
222 355 1
222 365 1
222 369 1
227 1 1
227 7 1
227 20 1
227 54 1
227 56 1
227 63 1
227 73 1
227 136 1
227 162 1
227 172 1
227 285 1
227 291 1
227 309 1
227 336 1
229 101 1
229 245 1
233 302 1
237 7 1
237 46 1
237 202 1
237 232 1
237 280 1
241 118 1
241 137 1
241 249 1
241 386 1
241 407 1
246 8 1
251 34 1
251 287 1
251 318 1
251 369 1
252 10 1
252 60 1
252 131 1
257 231 1
258 2 1
258 224 1
258 263 1
258 375 1
261 228 1
267 200 1
267 312 1
269 1 1
269 70 1
270 41 1
270 144 1
270 414 1
274 83 1
274 98 1
274 153 1
274 168 1
274 202 1
274 209 1
274 255 1
274 333 1
274 357 1
274 373 1
274 387 1
274 388 1
274 421 1
279 195 1
282 1 1
282 22 1
282 23 1
282 76 1
282 136 1
282 170 1
282 197 1
282 238 1
282 245 1
282 255 1
282 285 1
282 321 1
282 357 1
282 416 1
292 93 1
292 108 1
292 151 1
292 162 1
292 212 1
292 392 1
298 147 1
298 243 1
298 278 1
298 396 1
304 5 1
304 267 1
304 364 1
304 372 1
315 103 1
324 50 1
324 64 1
324 75 1
324 85 1
324 149 1
324 150 1
324 157 1
324 196 1
324 203 1
324 226 1
324 283 1
324 290 1
324 336 1
324 351 1
324 369 1
324 393 1
330 118 1
331 37 1
331 134 1
337 244 1
337 348 1
339 13 1
339 27 1
339 36 1
339 117 1
339 132 1
339 153 1
339 264 1
339 288 1
339 290 1
339 313 1
339 326 1
339 353 1
342 398 1
344 7 1
344 25 1
344 33 1
344 110 1
344 153 1
344 163 1
344 166 1
344 179 1
344 196 1
344 197 1
344 205 1
344 206 1
344 230 1
344 234 1
344 266 1
344 291 1
344 294 1
344 299 1
344 332 1
344 357 1
344 362 1
344 390 1
344 392 1
344 410 1
345 5 1
345 60 1
345 135 1
345 142 1
345 144 1
345 145 1
345 155 1
345 182 1
345 314 1
345 361 1
346 22 1
346 23 1
346 56 1
346 81 1
346 102 1
346 128 1
346 150 1
346 194 1
346 242 1
346 291 1
346 314 1
346 403 1
346 406 1
349 14 1
358 173 1
359 112 1
359 121 1
359 138 1
359 182 1
359 201 1
359 214 1
370 273 1
376 3 1
378 211 1
380 126 1
380 199 1
380 296 1
380 422 1
385 1 1
385 32 1
385 72 1
385 146 1
385 171 1
385 197 1
385 308 1
389 382 1
391 317 1
401 165 1
405 322 1
408 254 1
413 11 1
413 19 1
413 38 1
413 47 1
413 67 1
413 71 1
413 80 1
413 85 1
413 95 1
413 96 1
413 103 1
413 117 1
413 169 1
413 233 1
413 262 1
413 301 1
413 307 1
413 310 1
413 328 1
413 341 1
413 345 1
413 352 1
413 371 1
413 374 1
413 394 1
413 409 1
415 92 1
417 235 1
418 87 1
418 99 1
418 297 1
420 241 1
