4 379 1
6 135 1
6 326 1
9 172 1
15 356 1
18 132 1
20 14 1
20 129 1
20 210 1
20 235 1
24 28 1
24 44 1
24 51 1
24 54 1
24 87 1
24 107 1
24 115 1
24 136 1
24 146 1
24 152 1
24 155 1
24 172 1
24 220 1
24 233 1
24 240 1
24 243 1
24 272 1
24 273 1
24 351 1
24 403 1
30 11 1
30 29 1
30 110 1
30 171 1
30 357 1
30 377 1
40 89 1
43 24 1
46 155 1
46 382 1
49 96 1
53 91 1
53 124 1
55 240 1
56 19 1
56 92 1
59 186 1
59 242 1
64 68 1
64 121 1
64 163 1
64 169 1
64 173 1
64 312 1
64 372 1
64 392 1
64 399 1
66 7 1
66 12 1
66 19 1
66 22 1
66 23 1
66 34 1
66 37 1
66 46 1
66 47 1
66 56 1
66 57 1
66 58 1
66 60 1
66 63 1
66 73 1
66 81 1
66 86 1
66 89 1
66 95 1
66 102 1
66 103 1
66 106 1
66 122 1
66 138 1
66 141 1
66 142 1
66 144 1
66 146 1
66 153 1
66 155 1
66 162 1
66 165 1
66 185 1
66 189 1
66 193 1
66 195 1
66 196 1
66 201 1
66 216 1
66 223 1
66 236 1
66 237 1
66 247 1
66 262 1
66 267 1
66 275 1
66 283 1
66 285 1
66 286 1
66 289 1
66 290 1
66 291 1
66 294 1
66 301 1
66 318 1
66 322 1
66 325 1
66 329 1
66 338 1
66 345 1
66 348 1
66 350 1
66 355 1
66 357 1
66 363 1
66 375 1
66 382 1
66 387 1
66 398 1
66 407 1
66 409 1
66 423 1
68 125 1
69 250 1
69 263 1
74 129 1
77 101 1
77 168 1
77 285 1
77 357 1
77 419 1
82 85 1
82 216 1
82 276 1
82 295 1
82 307 1
82 320 1
82 394 1
88 144 1
88 285 1
88 402 1
90 309 1
90 368 1
94 105 1
97 249 1
111 202 1
111 209 1
113 214 1
114 85 1
114 174 1
114 383 1
119 38 1
119 228 1
119 245 1
119 264 1
119 392 1
123 52 1
127 31 1
127 180 1
127 422 1
136 13 1
136 17 1
136 60 1
136 87 1
136 172 1
136 247 1
136 314 1
137 1 1
137 7 1
137 104 1
137 206 1
137 237 1
137 244 1
137 253 1
137 267 1
137 294 1
137 323 1
137 351 1
137 375 1
143 1 1
143 13 1
143 27 1
143 50 1
143 56 1
143 75 1
143 85 1
143 130 1
143 153 1
143 159 1
143 218 1
143 231 1
143 264 1
143 268 1
143 271 1
143 291 1
143 294 1
143 310 1
143 338 1
143 352 1
143 388 1
143 416 1
148 67 1
148 73 1
148 194 1
148 197 1
148 212 1
148 287 1
148 317 1
151 278 1
154 85 1
154 98 1
154 118 1
154 150 1
154 312 1
154 345 1
154 369 1
154 381 1
154 406 1
156 157 1
156 232 1
157 1 1
158 95 1
160 83 1
161 2 1
164 217 1
169 25 1
169 56 1
175 171 1
175 226 1
175 230 1
175 303 1
181 126 1
181 299 1
181 410 1
188 311 1
190 1 1
190 21 1
190 61 1
190 86 1
190 120 1
190 137 1
190 140 1
190 144 1
190 145 1
190 154 1
190 157 1
190 165 1
190 208 1
190 241 1
190 266 1
190 290 1
190 345 1
190 351 1
190 364 1
190 369 1
190 414 1
193 33 1
193 108 1
193 196 1
193 256 1
193 291 1
193 293 1
193 336 1
198 308 1
203 20 1
203 349 1
207 137 1
213 390 1
215 272 1
219 177 1
222 7 1
222 39 1
222 162 1
222 178 1
222 202 1
222 232 1
222 234 1
222 236 1
222 361 1
222 365 1
222 395 1
227 5 1
227 17 1
227 57 1
227 136 1
227 147 1
227 224 1
227 238 1
227 254 1
227 281 1
227 288 1
227 343 1
227 347 1
227 357 1
227 369 1
229 280 1
229 367 1
233 211 1
237 23 1
237 92 1
237 149 1
237 291 1
237 351 1
241 238 1
241 246 1
241 277 1
241 290 1
241 300 1
246 357 1
251 93 1
251 287 1
251 316 1
251 388 1
252 8 1
252 133 1
252 284 1
257 313 1
258 5 1
258 57 1
258 203 1
258 305 1
261 132 1
267 7 1
267 285 1
269 86 1
269 176 1
270 117 1
270 182 1
270 255 1
274 16 1
274 56 1
274 100 1
274 123 1
274 197 1
274 248 1
274 277 1
274 336 1
274 354 1
274 365 1
274 369 1
274 382 1
274 406 1
279 79 1
282 71 1
282 78 1
282 92 1
282 144 1
282 145 1
282 153 1
282 171 1
282 199 1
282 255 1
282 271 1
282 287 1
282 396 1
282 401 1
282 422 1
292 5 1
292 21 1
292 149 1
292 197 1
292 200 1
292 318 1
298 135 1
298 187 1
298 359 1
298 366 1
304 210 1
304 273 1
304 360 1
304 411 1
315 314 1
324 13 1
324 45 1
324 67 1
324 118 1
324 127 1
324 136 1
324 153 1
324 180 1
324 200 1
324 319 1
324 368 1
324 369 1
324 374 1
324 384 1
324 393 1
324 421 1
330 10 1
331 177 1
331 334 1
337 139 1
337 296 1
339 3 1
339 80 1
339 151 1
339 174 1
339 245 1
339 278 1
339 297 1
339 345 1
339 357 1
339 362 1
339 400 1
339 423 1
342 96 1
344 5 1
344 18 1
344 36 1
344 37 1
344 72 1
344 116 1
344 141 1
344 162 1
344 165 1
344 166 1
344 172 1
344 200 1
344 225 1
344 252 1
344 280 1
344 290 1
344 292 1
344 318 1
344 328 1
344 341 1
344 355 1
344 373 1
344 390 1
344 416 1
345 32 1
345 35 1
345 58 1
345 103 1
345 120 1
345 144 1
345 191 1
345 278 1
345 290 1
345 423 1
346 26 1
346 48 1
346 62 1
346 76 1
346 99 1
346 128 1
346 140 1
346 142 1
346 150 1
346 162 1
346 221 1
346 260 1
346 412 1
349 179 1
358 22 1
359 42 1
359 70 1
359 76 1
359 84 1
359 134 1
359 240 1
370 18 1
376 314 1
378 283 1
380 118 1
380 146 1
380 277 1
380 381 1
385 41 1
385 65 1
385 131 1
385 167 1
385 202 1
385 205 1
385 327 1
389 179 1
391 404 1
401 184 1
405 86 1
408 16 1
413 14 1
413 64 1
413 87 1
413 112 1
413 117 1
413 121 1
413 169 1
413 170 1
413 173 1
413 182 1
413 183 1
413 234 1
413 239 1
413 266 1
413 270 1
413 272 1
413 273 1
413 306 1
413 312 1
413 321 1
413 332 1
413 333 1
413 335 1
413 340 1
413 386 1
413 397 1
415 371 1
417 308 1
418 49 1
418 176 1
418 353 1
420 302 1
