4 67 1
6 93 1
6 305 1
9 16 1
15 152 1
18 271 1
20 73 1
20 223 1
20 310 1
20 423 1
24 8 1
24 73 1
24 91 1
24 120 1
24 146 1
24 162 1
24 165 1
24 171 1
24 191 1
24 220 1
24 225 1
24 252 1
24 266 1
24 267 1
24 280 1
24 291 1
24 294 1
24 306 1
24 328 1
24 382 1
30 129 1
30 176 1
30 291 1
30 327 1
30 382 1
30 401 1
40 14 1
43 390 1
46 147 1
46 354 1
49 242 1
53 103 1
53 357 1
55 226 1
56 21 1
56 157 1
59 272 1
59 302 1
64 70 1
64 80 1
64 136 1
64 180 1
64 264 1
64 277 1
64 313 1
64 410 1
64 423 1
66 1 1
66 12 1
66 14 1
66 17 1
66 18 1
66 21 1
66 23 1
66 32 1
66 42 1
66 45 1
66 56 1
66 57 1
66 60 1
66 64 1
66 68 1
66 75 1
66 79 1
66 84 1
66 86 1
66 87 1
66 96 1
66 102 1
66 104 1
66 107 1
66 118 1
66 132 1
66 134 1
66 136 1
66 137 1
66 144 1
66 153 1
66 155 1
66 157 1
66 165 1
66 167 1
66 168 1
66 169 1
66 172 1
66 184 1
66 197 1
66 200 1
66 202 1
66 206 1
66 212 1
66 216 1
66 232 1
66 237 1
66 240 1
66 241 1
66 246 1
66 248 1
66 255 1
66 271 1
66 290 1
66 294 1
66 299 1
66 308 1
66 314 1
66 320 1
66 335 1
66 340 1
66 345 1
66 351 1
66 352 1
66 357 1
66 359 1
66 373 1
66 384 1
66 386 1
66 409 1
66 416 1
66 423 1
68 283 1
69 173 1
69 422 1
74 336 1
77 1 1
77 3 1
77 253 1
77 345 1
77 357 1
82 7 1
82 13 1
82 20 1
82 36 1
82 121 1
82 276 1
82 287 1
88 130 1
88 273 1
88 334 1
90 31 1
90 249 1
94 268 1
97 287 1
111 135 1
111 284 1
113 177 1
114 217 1
114 278 1
114 351 1
119 35 1
119 85 1
119 170 1
119 375 1
119 403 1
123 92 1
127 140 1
127 149 1
127 186 1
136 29 1
136 34 1
136 87 1
136 163 1
136 296 1
136 314 1
136 318 1
137 27 1
137 86 1
137 132 1
137 155 1
137 172 1
137 237 1
137 239 1
137 343 1
137 379 1
137 381 1
137 392 1
137 414 1
143 10 1
143 23 1
143 24 1
143 54 1
143 56 1
143 145 1
143 146 1
143 149 1
143 153 1
143 162 1
143 165 1
143 169 1
143 174 1
143 214 1
143 267 1
143 280 1
143 291 1
143 326 1
143 356 1
143 371 1
143 377 1
143 422 1
148 171 1
148 196 1
148 288 1
148 319 1
148 348 1
148 353 1
148 400 1
151 183 1
154 57 1
154 87 1
154 95 1
154 245 1
154 323 1
154 338 1
154 345 1
154 388 1
154 395 1
156 108 1
156 115 1
157 351 1
158 179 1
160 404 1
161 266 1
164 294 1
169 375 1
169 406 1
175 13 1
175 19 1
175 187 1
175 312 1
181 153 1
181 200 1
181 234 1
188 96 1
190 37 1
190 50 1
190 52 1
190 63 1
190 118 1
190 129 1
190 136 1
190 153 1
190 174 1
190 211 1
190 247 1
190 273 1
190 275 1
190 333 1
190 350 1
190 360 1
190 366 1
190 372 1
190 402 1
190 406 1
190 421 1
193 7 1
193 127 1
193 142 1
193 194 1
193 290 1
193 365 1
193 419 1
198 244 1
203 5 1
203 209 1
207 224 1
213 312 1
215 210 1
219 321 1
222 7 1
222 48 1
222 89 1
222 141 1
222 230 1
222 231 1
222 256 1
222 272 1
222 338 1
222 363 1
222 394 1
227 22 1
227 58 1
227 81 1
227 85 1
227 100 1
227 126 1
227 145 1
227 171 1
227 195 1
227 285 1
227 311 1
227 314 1
227 347 1
227 357 1
229 17 1
229 369 1
233 144 1
237 86 1
237 180 1
237 203 1
237 290 1
237 357 1
241 56 1
241 83 1
241 144 1
241 197 1
241 345 1
246 22 1
251 33 1
251 144 1
251 189 1
251 291 1
252 16 1
252 98 1
252 117 1
257 368 1
258 202 1
258 290 1
258 301 1
258 412 1
261 205 1
267 71 1
267 341 1
269 25 1
269 172 1
270 243 1
270 285 1
270 295 1
274 5 1
274 44 1
274 46 1
274 95 1
274 116 1
274 117 1
274 178 1
274 182 1
274 240 1
274 290 1
274 322 1
274 325 1
274 369 1
279 58 1
282 41 1
282 62 1
282 99 1
282 118 1
282 124 1
282 128 1
282 141 1
282 173 1
282 218 1
282 235 1
282 263 1
282 273 1
282 355 1
282 407 1
292 5 1
292 78 1
292 185 1
292 197 1
292 307 1
292 369 1
298 13 1
298 37 1
298 51 1
298 236 1
304 28 1
304 38 1
304 329 1
304 361 1
315 135 1
324 2 1
324 18 1
324 60 1
324 65 1
324 85 1
324 172 1
324 182 1
324 201 1
324 221 1
324 254 1
324 255 1
324 260 1
324 318 1
324 349 1
324 362 1
324 367 1
330 309 1
331 297 1
331 411 1
337 121 1
337 365 1
339 1 1
339 67 1
339 120 1
339 150 1
339 166 1
339 200 1
339 238 1
339 270 1
339 277 1
339 283 1
339 285 1
339 289 1
342 142 1
344 5 1
344 26 1
344 72 1
344 76 1
344 89 1
344 92 1
344 131 1
344 144 1
344 162 1
344 234 1
344 236 1
344 240 1
344 264 1
344 300 1
344 303 1
344 316 1
344 332 1
344 336 1
344 355 1
344 368 1
344 382 1
344 393 1
344 396 1
344 397 1
345 1 1
345 56 1
345 57 1
345 61 1
345 110 1
345 122 1
345 176 1
345 179 1
345 199 1
345 245 1
346 7 1
346 47 1
346 85 1
346 101 1
346 103 1
346 151 1
346 155 1
346 177 1
346 193 1
346 202 1
346 216 1
346 262 1
346 364 1
349 233 1
358 399 1
359 86 1
359 210 1
359 232 1
359 383 1
359 387 1
359 390 1
370 357 1
376 250 1
378 106 1
380 196 1
380 281 1
380 285 1
380 286 1
385 146 1
385 150 1
385 154 1
385 272 1
385 278 1
385 369 1
385 388 1
389 398 1
391 278 1
401 105 1
405 76 1
408 92 1
413 11 1
413 39 1
413 49 1
413 112 1
413 123 1
413 137 1
413 138 1
413 139 1
413 140 1
413 159 1
413 162 1
413 208 1
413 247 1
413 277 1
413 287 1
413 292 1
413 293 1
413 308 1
413 312 1
413 317 1
413 318 1
413 351 1
413 369 1
413 374 1
413 381 1
413 392 1
415 238 1
417 125 1
418 19 1
418 133 1
418 416 1
420 228 1
