4 326 1
6 171 1
6 199 1
9 327 1
15 224 1
18 388 1
20 83 1
20 171 1
20 177 1
20 288 1
24 50 1
24 57 1
24 78 1
24 89 1
24 96 1
24 100 1
24 102 1
24 129 1
24 136 1
24 144 1
24 151 1
24 165 1
24 185 1
24 194 1
24 230 1
24 285 1
24 357 1
24 365 1
24 384 1
24 402 1
30 44 1
30 80 1
30 126 1
30 273 1
30 345 1
30 409 1
40 319 1
43 334 1
46 27 1
46 291 1
49 372 1
53 150 1
53 422 1
55 252 1
56 98 1
56 416 1
59 169 1
59 171 1
64 52 1
64 58 1
64 92 1
64 146 1
64 155 1
64 186 1
64 321 1
64 383 1
64 390 1
66 24 1
66 31 1
66 34 1
66 56 1
66 60 1
66 68 1
66 72 1
66 75 1
66 79 1
66 85 1
66 92 1
66 123 1
66 133 1
66 135 1
66 136 1
66 140 1
66 142 1
66 144 1
66 145 1
66 152 1
66 153 1
66 154 1
66 157 1
66 165 1
66 167 1
66 172 1
66 176 1
66 177 1
66 182 1
66 187 1
66 193 1
66 197 1
66 202 1
66 209 1
66 216 1
66 236 1
66 237 1
66 238 1
66 246 1
66 247 1
66 254 1
66 256 1
66 262 1
66 267 1
66 271 1
66 272 1
66 273 1
66 278 1
66 280 1
66 287 1
66 290 1
66 294 1
66 297 1
66 302 1
66 303 1
66 312 1
66 328 1
66 333 1
66 335 1
66 338 1
66 341 1
66 345 1
66 349 1
66 357 1
66 364 1
66 367 1
66 369 1
66 375 1
66 382 1
66 390 1
66 404 1
66 423 1
68 179 1
69 49 1
69 361 1
74 141 1
77 17 1
77 33 1
77 103 1
77 118 1
77 243 1
82 7 1
82 85 1
82 184 1
82 223 1
82 245 1
82 354 1
82 422 1
88 67 1
88 289 1
88 369 1
90 208 1
90 345 1
94 22 1
97 232 1
111 117 1
111 236 1
113 63 1
114 120 1
114 200 1
114 316 1
119 35 1
119 36 1
119 140 1
119 195 1
119 283 1
123 149 1
127 277 1
127 313 1
127 386 1
136 121 1
136 122 1
136 153 1
136 267 1
136 278 1
136 357 1
136 406 1
137 18 1
137 41 1
137 57 1
137 131 1
137 211 1
137 225 1
137 241 1
137 275 1
137 320 1
137 362 1
137 371 1
137 373 1
143 5 1
143 32 1
143 76 1
143 103 1
143 145 1
143 155 1
143 163 1
143 169 1
143 180 1
143 210 1
143 233 1
143 235 1
143 266 1
143 285 1
143 295 1
143 299 1
143 307 1
143 351 1
143 359 1
143 392 1
143 407 1
143 419 1
148 3 1
148 13 1
148 95 1
148 170 1
148 173 1
148 183 1
148 314 1
151 397 1
154 105 1
154 144 1
154 248 1
154 276 1
154 290 1
154 374 1
154 379 1
154 382 1
154 416 1
156 70 1
156 393 1
157 13 1
158 253 1
160 138 1
161 381 1
164 201 1
169 5 1
169 394 1
175 18 1
175 62 1
175 291 1
175 403 1
181 38 1
181 61 1
181 172 1
188 8 1
190 22 1
190 23 1
190 54 1
190 73 1
190 81 1
190 89 1
190 91 1
190 101 1
190 108 1
190 174 1
190 212 1
190 220 1
190 281 1
190 286 1
190 317 1
190 323 1
190 355 1
190 357 1
190 360 1
190 387 1
190 399 1
193 14 1
193 56 1
193 182 1
193 197 1
193 234 1
193 238 1
193 272 1
198 134 1
203 325 1
203 369 1
207 86 1
213 293 1
215 173 1
219 23 1
222 13 1
222 21 1
222 110 1
222 127 1
222 146 1
222 240 1
222 255 1
222 260 1
222 277 1
222 280 1
222 343 1
227 64 1
227 84 1
227 87 1
227 92 1
227 116 1
227 117 1
227 202 1
227 240 1
227 287 1
227 308 1
227 312 1
227 314 1
227 318 1
227 351 1
229 283 1
229 400 1
233 392 1
237 16 1
237 144 1
237 197 1
237 369 1
237 382 1
241 1 1
241 19 1
241 37 1
241 237 1
241 305 1
246 85 1
251 1 1
251 285 1
251 347 1
251 366 1
252 255 1
252 355 1
252 412 1
257 352 1
258 218 1
258 291 1
258 363 1
258 381 1
261 147 1
267 56 1
267 176 1
269 37 1
269 67 1
270 128 1
270 226 1
270 312 1
274 5 1
274 17 1
274 51 1
274 99 1
274 112 1
274 121 1
274 174 1
274 196 1
274 203 1
274 231 1
274 250 1
274 290 1
274 423 1
279 19 1
282 7 1
282 107 1
282 129 1
282 150 1
282 162 1
282 172 1
282 179 1
282 216 1
282 228 1
282 266 1
282 290 1
282 292 1
282 300 1
282 410 1
292 57 1
292 137 1
292 162 1
292 291 1
292 301 1
292 388 1
298 7 1
298 196 1
298 277 1
298 338 1
304 93 1
304 96 1
304 189 1
304 306 1
315 205 1
324 21 1
324 65 1
324 87 1
324 125 1
324 149 1
324 210 1
324 217 1
324 240 1
324 270 1
324 278 1
324 318 1
324 348 1
324 350 1
324 357 1
324 375 1
324 414 1
330 365 1
331 309 1
331 356 1
337 120 1
337 137 1
339 14 1
339 16 1
339 28 1
339 104 1
339 124 1
339 141 1
339 146 1
339 153 1
339 221 1
339 296 1
339 310 1
339 398 1
342 329 1
344 1 1
344 12 1
344 29 1
344 39 1
344 45 1
344 60 1
344 76 1
344 87 1
344 118 1
344 132 1
344 165 1
344 168 1
344 200 1
344 234 1
344 245 1
344 264 1
344 290 1
344 294 1
344 308 1
344 332 1
344 351 1
344 353 1
344 401 1
344 423 1
345 47 1
345 86 1
345 142 1
345 155 1
345 202 1
345 242 1
345 272 1
345 273 1
345 294 1
345 369 1
346 20 1
346 46 1
346 56 1
346 139 1
346 166 1
346 172 1
346 247 1
346 271 1
346 285 1
346 311 1
346 322 1
346 336 1
346 421 1
349 159 1
358 411 1
359 5 1
359 180 1
359 284 1
359 287 1
359 351 1
359 395 1
370 368 1
376 144 1
378 162 1
380 85 1
380 86 1
380 336 1
380 357 1
385 115 1
385 118 1
385 178 1
385 239 1
385 249 1
385 268 1
385 345 1
389 58 1
391 153 1
401 132 1
405 2 1
408 264 1
413 10 1
413 11 1
413 42 1
413 48 1
413 71 1
413 73 1
413 86 1
413 95 1
413 106 1
413 130 1
413 135 1
413 136 1
413 162 1
413 200 1
413 206 1
413 214 1
413 232 1
413 244 1
413 263 1
413 314 1
413 318 1
413 340 1
413 368 1
413 377 1
413 396 1
413 406 1
415 26 1
417 25 1
418 1 1
418 7 1
418 191 1
420 157 1
