4 5 1
6 22 1
6 357 1
9 285 1
15 86 1
18 7 1
20 177 1
20 238 1
20 293 1
20 317 1
24 5 1
24 25 1
24 64 1
24 89 1
24 92 1
24 108 1
24 116 1
24 118 1
24 140 1
24 145 1
24 165 1
24 172 1
24 202 1
24 211 1
24 237 1
24 253 1
24 341 1
24 365 1
24 373 1
24 383 1
30 150 1
30 166 1
30 170 1
30 174 1
30 184 1
30 396 1
40 23 1
43 179 1
46 112 1
46 338 1
49 29 1
53 103 1
53 183 1
55 369 1
56 255 1
56 264 1
59 266 1
59 284 1
64 5 1
64 76 1
64 118 1
64 232 1
64 234 1
64 260 1
64 262 1
64 381 1
64 421 1
66 11 1
66 14 1
66 18 1
66 24 1
66 34 1
66 54 1
66 56 1
66 57 1
66 58 1
66 81 1
66 85 1
66 87 1
66 92 1
66 95 1
66 96 1
66 117 1
66 125 1
66 129 1
66 136 1
66 140 1
66 144 1
66 149 1
66 150 1
66 162 1
66 167 1
66 169 1
66 171 1
66 172 1
66 173 1
66 179 1
66 180 1
66 196 1
66 202 1
66 208 1
66 210 1
66 218 1
66 232 1
66 236 1
66 237 1
66 240 1
66 241 1
66 242 1
66 247 1
66 254 1
66 255 1
66 263 1
66 267 1
66 270 1
66 271 1
66 278 1
66 287 1
66 290 1
66 291 1
66 295 1
66 308 1
66 312 1
66 322 1
66 345 1
66 351 1
66 357 1
66 360 1
66 365 1
66 372 1
66 375 1
66 377 1
66 379 1
66 381 1
66 388 1
66 392 1
66 410 1
66 412 1
66 422 1
68 283 1
69 100 1
69 247 1
74 58 1
77 63 1
77 68 1
77 220 1
77 234 1
77 394 1
82 118 1
82 152 1
82 153 1
82 193 1
82 264 1
82 355 1
82 366 1
88 67 1
88 131 1
88 180 1
90 45 1
90 333 1
94 91 1
97 393 1
111 165 1
111 318 1
113 319 1
114 7 1
114 340 1
114 367 1
119 22 1
119 23 1
119 134 1
119 145 1
119 296 1
123 39 1
127 13 1
127 280 1
127 290 1
136 7 1
136 73 1
136 135 1
136 137 1
136 162 1
136 285 1
136 371 1
137 7 1
137 36 1
137 87 1
137 130 1
137 155 1
137 228 1
137 230 1
137 273 1
137 335 1
137 382 1
137 395 1
137 422 1
143 1 1
143 48 1
143 85 1
143 92 1
143 122 1
143 136 1
143 138 1
143 147 1
143 162 1
143 178 1
143 189 1
143 194 1
143 196 1
143 197 1
143 202 1
143 223 1
143 252 1
143 290 1
143 312 1
143 357 1
143 364 1
143 409 1
148 105 1
148 142 1
148 225 1
148 287 1
148 311 1
148 361 1
148 382 1
151 235 1
154 10 1
154 85 1
154 136 1
154 146 1
154 163 1
154 285 1
154 369 1
154 397 1
154 423 1
156 246 1
156 355 1
157 115 1
158 321 1
160 174 1
161 65 1
164 419 1
169 286 1
169 375 1
175 12 1
175 328 1
175 357 1
175 414 1
181 32 1
181 268 1
181 368 1
188 132 1
190 1 1
190 8 1
190 21 1
190 137 1
190 141 1
190 151 1
190 153 1
190 155 1
190 176 1
190 197 1
190 200 1
190 221 1
190 245 1
190 318 1
190 336 1
190 351 1
190 357 1
190 369 1
190 382 1
190 390 1
190 399 1
193 51 1
193 56 1
193 70 1
193 102 1
193 144 1
193 146 1
193 345 1
198 400 1
203 153 1
203 240 1
207 76 1
213 49 1
215 289 1
219 73 1
222 41 1
222 44 1
222 171 1
222 182 1
222 272 1
222 273 1
222 278 1
222 300 1
222 310 1
222 314 1
222 411 1
227 28 1
227 46 1
227 72 1
227 89 1
227 121 1
227 132 1
227 191 1
227 201 1
227 283 1
227 338 1
227 348 1
227 354 1
227 374 1
227 407 1
229 79 1
229 95 1
233 86 1
237 117 1
237 182 1
237 187 1
237 345 1
237 406 1
241 14 1
241 126 1
241 141 1
241 171 1
241 243 1
246 57 1
251 13 1
251 110 1
251 169 1
251 272 1
252 5 1
252 162 1
252 290 1
257 345 1
258 13 1
258 303 1
258 343 1
258 404 1
261 392 1
267 19 1
267 214 1
269 31 1
269 205 1
270 172 1
270 308 1
270 403 1
274 57 1
274 98 1
274 103 1
274 153 1
274 203 1
274 216 1
274 249 1
274 273 1
274 314 1
274 326 1
274 334 1
274 390 1
274 423 1
279 142 1
282 17 1
282 33 1
282 60 1
282 61 1
282 120 1
282 123 1
282 209 1
282 231 1
282 281 1
282 287 1
282 318 1
282 332 1
282 351 1
282 402 1
292 56 1
292 62 1
292 277 1
292 306 1
292 323 1
292 387 1
298 80 1
298 168 1
298 320 1
298 352 1
304 99 1
304 226 1
304 350 1
304 369 1
315 423 1
324 16 1
324 21 1
324 37 1
324 67 1
324 86 1
324 120 1
324 157 1
324 200 1
324 210 1
324 233 1
324 240 1
324 275 1
324 288 1
324 302 1
324 362 1
324 416 1
330 327 1
331 18 1
331 351 1
337 47 1
337 159 1
339 3 1
339 75 1
339 83 1
339 157 1
339 176 1
339 200 1
339 244 1
339 272 1
339 299 1
339 307 1
339 336 1
339 388 1
342 101 1
344 2 1
344 19 1
344 20 1
344 86 1
344 104 1
344 106 1
344 107 1
344 135 1
344 144 1
344 149 1
344 236 1
344 277 1
344 280 1
344 291 1
344 294 1
344 301 1
344 313 1
344 316 1
344 325 1
344 359 1
344 368 1
344 369 1
344 384 1
344 401 1
345 56 1
345 129 1
345 144 1
345 165 1
345 206 1
345 278 1
345 291 1
345 305 1
345 312 1
345 357 1
346 27 1
346 35 1
346 42 1
346 50 1
346 127 1
346 133 1
346 185 1
346 238 1
346 267 1
346 290 1
346 297 1
346 329 1
346 347 1
349 294 1
358 349 1
359 52 1
359 87 1
359 128 1
359 212 1
359 291 1
359 294 1
370 173 1
376 224 1
378 197 1
380 1 1
380 186 1
380 276 1
380 353 1
385 37 1
385 60 1
385 78 1
385 139 1
385 177 1
385 217 1
385 356 1
389 1 1
391 292 1
401 239 1
405 277 1
408 248 1
413 16 1
413 17 1
413 26 1
413 38 1
413 71 1
413 84 1
413 85 1
413 93 1
413 96 1
413 124 1
413 144 1
413 146 1
413 154 1
413 155 1
413 195 1
413 199 1
413 216 1
413 245 1
413 256 1
413 271 1
413 285 1
413 309 1
413 314 1
413 386 1
413 406 1
413 416 1
415 250 1
417 172 1
418 266 1
418 363 1
418 398 1
420 121 1
