4 303 1
6 196 1
6 243 1
9 351 1
15 86 1
18 58 1
20 37 1
20 85 1
20 283 1
20 290 1
24 1 1
24 8 1
24 18 1
24 118 1
24 131 1
24 137 1
24 147 1
24 153 1
24 155 1
24 163 1
24 184 1
24 245 1
24 278 1
24 293 1
24 295 1
24 314 1
24 318 1
24 327 1
24 365 1
24 382 1
30 3 1
30 57 1
30 130 1
30 216 1
30 291 1
30 357 1
40 423 1
43 141 1
46 108 1
46 196 1
49 374 1
53 129 1
53 209 1
55 155 1
56 22 1
56 197 1
59 14 1
59 387 1
64 14 1
64 33 1
64 172 1
64 228 1
64 347 1
64 351 1
64 369 1
64 372 1
64 398 1
66 5 1
66 17 1
66 20 1
66 22 1
66 25 1
66 28 1
66 35 1
66 37 1
66 42 1
66 49 1
66 56 1
66 67 1
66 73 1
66 80 1
66 85 1
66 87 1
66 89 1
66 92 1
66 103 1
66 117 1
66 121 1
66 125 1
66 136 1
66 137 1
66 144 1
66 145 1
66 146 1
66 152 1
66 153 1
66 157 1
66 177 1
66 185 1
66 186 1
66 191 1
66 197 1
66 216 1
66 217 1
66 220 1
66 231 1
66 234 1
66 235 1
66 237 1
66 242 1
66 264 1
66 267 1
66 271 1
66 273 1
66 280 1
66 283 1
66 285 1
66 290 1
66 292 1
66 301 1
66 305 1
66 306 1
66 308 1
66 329 1
66 334 1
66 336 1
66 345 1
66 356 1
66 361 1
66 363 1
66 375 1
66 382 1
66 388 1
66 392 1
66 397 1
66 400 1
66 401 1
66 402 1
66 419 1
68 19 1
69 142 1
69 277 1
74 310 1
77 89 1
77 110 1
77 233 1
77 275 1
77 404 1
82 47 1
82 99 1
82 179 1
82 193 1
82 322 1
82 345 1
82 355 1
88 118 1
88 144 1
88 221 1
90 115 1
90 129 1
94 352 1
97 23 1
111 132 1
111 241 1
113 411 1
114 165 1
114 171 1
114 296 1
119 11 1
119 65 1
119 180 1
119 325 1
119 341 1
123 218 1
127 285 1
127 317 1
127 422 1
136 60 1
136 67 1
136 183 1
136 264 1
136 268 1
136 287 1
136 392 1
137 5 1
137 87 1
137 101 1
137 117 1
137 146 1
137 238 1
137 247 1
137 273 1
137 285 1
137 333 1
137 357 1
137 414 1
143 16 1
143 64 1
143 75 1
143 86 1
143 153 1
143 182 1
143 189 1
143 206 1
143 210 1
143 230 1
143 245 1
143 247 1
143 266 1
143 348 1
143 349 1
143 369 1
143 371 1
143 381 1
143 394 1
143 395 1
143 396 1
143 416 1
148 150 1
148 178 1
148 240 1
148 297 1
148 357 1
148 359 1
148 383 1
151 278 1
154 79 1
154 166 1
154 169 1
154 200 1
154 248 1
154 254 1
154 255 1
154 316 1
154 407 1
156 162 1
156 272 1
157 421 1
158 393 1
160 232 1
161 95 1
164 281 1
169 7 1
169 96 1
175 19 1
175 202 1
175 312 1
175 314 1
181 32 1
181 122 1
181 144 1
188 338 1
190 1 1
190 18 1
190 24 1
190 45 1
190 48 1
190 76 1
190 83 1
190 92 1
190 118 1
190 155 1
190 167 1
190 172 1
190 197 1
190 249 1
190 252 1
190 278 1
190 313 1
190 314 1
190 318 1
190 382 1
190 403 1
193 63 1
193 84 1
193 85 1
193 172 1
193 179 1
193 195 1
193 290 1
198 360 1
203 57 1
203 357 1
207 343 1
213 91 1
215 399 1
219 139 1
222 73 1
222 106 1
222 107 1
222 149 1
222 157 1
222 239 1
222 262 1
222 271 1
222 345 1
222 368 1
222 406 1
227 17 1
227 21 1
227 44 1
227 62 1
227 85 1
227 104 1
227 120 1
227 146 1
227 210 1
227 211 1
227 294 1
227 335 1
227 388 1
227 390 1
229 87 1
229 96 1
233 412 1
237 12 1
237 144 1
237 174 1
237 299 1
237 345 1
241 51 1
241 92 1
241 140 1
241 284 1
241 290 1
246 162 1
251 34 1
251 57 1
251 171 1
251 307 1
252 172 1
252 318 1
252 422 1
257 126 1
258 112 1
258 149 1
258 176 1
258 266 1
261 2 1
267 1 1
267 423 1
269 121 1
269 379 1
270 272 1
270 312 1
270 369 1
274 56 1
274 61 1
274 70 1
274 71 1
274 165 1
274 194 1
274 200 1
274 260 1
274 270 1
274 294 1
274 328 1
274 354 1
274 357 1
279 390 1
282 13 1
282 46 1
282 86 1
282 102 1
282 105 1
282 133 1
282 162 1
282 173 1
282 202 1
282 205 1
282 234 1
282 255 1
282 289 1
282 386 1
292 13 1
292 127 1
292 136 1
292 285 1
292 288 1
292 351 1
298 7 1
298 173 1
298 214 1
298 365 1
304 38 1
304 56 1
304 98 1
304 128 1
315 7 1
324 29 1
324 72 1
324 76 1
324 95 1
324 140 1
324 153 1
324 154 1
324 165 1
324 180 1
324 225 1
324 232 1
324 236 1
324 286 1
324 367 1
324 369 1
324 409 1
330 366 1
331 238 1
331 308 1
337 253 1
337 350 1
339 56 1
339 123 1
339 134 1
339 135 1
339 174 1
339 223 1
339 273 1
339 291 1
339 300 1
339 326 1
339 340 1
339 353 1
342 373 1
344 13 1
344 16 1
344 26 1
344 27 1
344 116 1
344 132 1
344 135 1
344 144 1
344 145 1
344 159 1
344 171 1
344 177 1
344 199 1
344 200 1
344 201 1
344 226 1
344 236 1
344 237 1
344 240 1
344 272 1
344 311 1
344 336 1
344 369 1
344 410 1
345 7 1
345 21 1
345 103 1
345 124 1
345 169 1
345 267 1
345 319 1
345 368 1
345 406 1
345 423 1
346 10 1
346 58 1
346 150 1
346 187 1
346 208 1
346 212 1
346 246 1
346 276 1
346 291 1
346 309 1
346 312 1
346 377 1
346 384 1
349 244 1
358 68 1
359 39 1
359 54 1
359 256 1
359 277 1
359 287 1
359 381 1
370 36 1
376 202 1
378 224 1
380 138 1
380 162 1
380 203 1
380 240 1
385 1 1
385 31 1
385 142 1
385 277 1
385 351 1
385 362 1
385 364 1
389 151 1
391 52 1
401 5 1
405 375 1
408 338 1
413 5 1
413 23 1
413 41 1
413 50 1
413 60 1
413 78 1
413 81 1
413 86 1
413 93 1
413 100 1
413 120 1
413 136 1
413 170 1
413 176 1
413 182 1
413 250 1
413 263 1
413 280 1
413 287 1
413 290 1
413 291 1
413 302 1
413 320 1
413 321 1
413 323 1
413 416 1
415 332 1
417 168 1
418 141 1
418 294 1
418 357 1
420 355 1
