4 100 1
6 205 1
6 254 1
9 8 1
15 335 1
18 144 1
20 32 1
20 136 1
20 285 1
20 312 1
24 1 1
24 56 1
24 116 1
24 117 1
24 118 1
24 125 1
24 141 1
24 144 1
24 172 1
24 173 1
24 179 1
24 217 1
24 236 1
24 240 1
24 253 1
24 262 1
24 294 1
24 364 1
24 382 1
24 386 1
30 7 1
30 168 1
30 250 1
30 296 1
30 382 1
30 423 1
40 162 1
43 356 1
46 23 1
46 275 1
49 95 1
53 86 1
53 340 1
55 322 1
56 351 1
56 382 1
59 221 1
59 390 1
64 5 1
64 52 1
64 185 1
64 305 1
64 311 1
64 318 1
64 351 1
64 357 1
64 399 1
66 1 1
66 5 1
66 16 1
66 18 1
66 23 1
66 24 1
66 31 1
66 34 1
66 46 1
66 47 1
66 50 1
66 56 1
66 57 1
66 58 1
66 62 1
66 64 1
66 81 1
66 89 1
66 117 1
66 118 1
66 122 1
66 123 1
66 131 1
66 133 1
66 137 1
66 144 1
66 145 1
66 147 1
66 150 1
66 153 1
66 165 1
66 171 1
66 172 1
66 194 1
66 197 1
66 200 1
66 202 1
66 206 1
66 214 1
66 231 1
66 233 1
66 234 1
66 237 1
66 240 1
66 248 1
66 270 1
66 272 1
66 286 1
66 294 1
66 297 1
66 301 1
66 307 1
66 308 1
66 318 1
66 333 1
66 336 1
66 338 1
66 349 1
66 351 1
66 355 1
66 357 1
66 362 1
66 367 1
66 369 1
66 392 1
66 394 1
66 395 1
66 397 1
66 410 1
66 411 1
66 422 1
66 423 1
68 290 1
69 381 1
69 398 1
74 107 1
77 22 1
77 193 1
77 271 1
77 288 1
77 328 1
82 37 1
82 101 1
82 105 1
82 141 1
82 321 1
82 336 1
82 361 1
88 260 1
88 312 1
88 314 1
90 247 1
90 383 1
94 57 1
97 267 1
111 135 1
111 140 1
113 10 1
114 56 1
114 146 1
114 390 1
119 1 1
119 3 1
119 67 1
119 172 1
119 202 1
123 303 1
127 51 1
127 142 1
127 277 1
136 67 1
136 155 1
136 172 1
136 173 1
136 174 1
136 284 1
136 285 1
137 86 1
137 115 1
137 177 1
137 200 1
137 209 1
137 290 1
137 308 1
137 320 1
137 327 1
137 343 1
137 401 1
137 421 1
143 7 1
143 29 1
143 36 1
143 84 1
143 86 1
143 93 1
143 135 1
143 137 1
143 153 1
143 169 1
143 180 1
143 210 1
143 244 1
143 252 1
143 271 1
143 273 1
143 277 1
143 290 1
143 372 1
143 375 1
143 379 1
143 412 1
148 11 1
148 110 1
148 177 1
148 242 1
148 266 1
148 332 1
148 366 1
151 283 1
154 38 1
154 42 1
154 54 1
154 92 1
154 118 1
154 255 1
154 276 1
154 416 1
154 422 1
156 162 1
156 402 1
157 355 1
158 132 1
160 393 1
161 329 1
164 103 1
169 225 1
169 273 1
175 14 1
175 96 1
175 176 1
175 285 1
181 167 1
181 281 1
181 348 1
188 326 1
190 33 1
190 56 1
190 68 1
190 78 1
190 85 1
190 106 1
190 121 1
190 128 1
190 132 1
190 142 1
190 165 1
190 182 1
190 197 1
190 243 1
190 245 1
190 290 1
190 291 1
190 299 1
190 300 1
190 404 1
190 406 1
193 75 1
193 174 1
193 191 1
193 283 1
193 353 1
193 357 1
193 409 1
198 310 1
203 127 1
203 159 1
207 76 1
213 5 1
215 220 1
219 256 1
222 13 1
222 14 1
222 25 1
222 108 1
222 136 1
222 155 1
222 187 1
222 263 1
222 278 1
222 388 1
222 396 1
227 7 1
227 22 1
227 85 1
227 134 1
227 162 1
227 186 1
227 195 1
227 235 1
227 249 1
227 264 1
227 287 1
227 291 1
227 316 1
227 369 1
229 291 1
229 314 1
233 96 1
237 57 1
237 58 1
237 165 1
237 369 1
237 392 1
241 65 1
241 71 1
241 121 1
241 129 1
241 152 1
246 272 1
251 44 1
251 91 1
251 232 1
251 368 1
252 27 1
252 48 1
252 245 1
257 12 1
258 61 1
258 124 1
258 294 1
258 325 1
261 104 1
267 240 1
267 295 1
269 130 1
269 357 1
270 197 1
270 351 1
270 357 1
274 17 1
274 19 1
274 73 1
274 86 1
274 120 1
274 126 1
274 138 1
274 146 1
274 166 1
274 317 1
274 352 1
274 363 1
274 403 1
279 95 1
282 2 1
282 5 1
282 45 1
282 79 1
282 136 1
282 154 1
282 163 1
282 171 1
282 189 1
282 202 1
282 255 1
282 280 1
282 375 1
282 423 1
292 17 1
292 87 1
292 162 1
292 238 1
292 359 1
292 368 1
298 149 1
298 200 1
298 302 1
298 414 1
304 26 1
304 151 1
304 210 1
304 290 1
315 323 1
324 1 1
324 7 1
324 63 1
324 83 1
324 87 1
324 144 1
324 153 1
324 208 1
324 216 1
324 228 1
324 230 1
324 268 1
324 319 1
324 345 1
324 365 1
324 407 1
330 89 1
331 120 1
331 381 1
337 85 1
337 345 1
339 35 1
339 60 1
339 70 1
339 76 1
339 85 1
339 139 1
339 157 1
339 234 1
339 291 1
339 306 1
339 357 1
339 374 1
342 196 1
344 18 1
344 21 1
344 28 1
344 73 1
344 80 1
344 129 1
344 144 1
344 145 1
344 149 1
344 150 1
344 183 1
344 211 1
344 237 1
344 241 1
344 278 1
344 312 1
344 318 1
344 345 1
344 347 1
344 360 1
344 369 1
344 373 1
344 384 1
344 388 1
345 21 1
345 171 1
345 184 1
345 203 1
345 246 1
345 267 1
345 350 1
345 365 1
345 371 1
345 419 1
346 20 1
346 72 1
346 103 1
346 179 1
346 218 1
346 226 1
346 238 1
346 278 1
346 285 1
346 287 1
346 314 1
346 334 1
346 406 1
349 272 1
358 377 1
359 92 1
359 180 1
359 196 1
359 223 1
359 239 1
359 338 1
370 13 1
376 212 1
378 102 1
380 92 1
380 112 1
380 266 1
380 289 1
385 13 1
385 169 1
385 247 1
385 273 1
385 293 1
385 400 1
385 416 1
389 16 1
391 341 1
401 201 1
405 60 1
408 99 1
413 19 1
413 37 1
413 41 1
413 49 1
413 87 1
413 140 1
413 153 1
413 155 1
413 157 1
413 170 1
413 178 1
413 182 1
413 199 1
413 224 1
413 232 1
413 236 1
413 264 1
413 277 1
413 280 1
413 287 1
413 292 1
413 313 1
413 345 1
413 354 1
413 369 1
413 387 1
415 216 1
417 39 1
418 98 1
418 146 1
418 176 1
420 309 1
