4 382 1
6 232 1
6 357 1
9 312 1
15 173 1
18 357 1
20 144 1
20 225 1
20 314 1
20 423 1
24 5 1
24 17 1
24 19 1
24 120 1
24 129 1
24 166 1
24 202 1
24 230 1
24 240 1
24 253 1
24 254 1
24 273 1
24 295 1
24 296 1
24 326 1
24 328 1
24 345 1
24 348 1
24 354 1
24 407 1
30 20 1
30 263 1
30 289 1
30 307 1
30 334 1
30 343 1
40 159 1
43 392 1
46 39 1
46 155 1
49 388 1
53 168 1
53 323 1
55 35 1
56 247 1
56 382 1
59 57 1
59 280 1
64 86 1
64 144 1
64 170 1
64 202 1
64 246 1
64 272 1
64 303 1
64 308 1
64 359 1
66 1 1
66 5 1
66 13 1
66 33 1
66 37 1
66 38 1
66 46 1
66 56 1
66 58 1
66 70 1
66 78 1
66 87 1
66 103 1
66 105 1
66 116 1
66 117 1
66 118 1
66 125 1
66 135 1
66 136 1
66 137 1
66 138 1
66 146 1
66 149 1
66 150 1
66 155 1
66 157 1
66 162 1
66 165 1
66 169 1
66 172 1
66 177 1
66 193 1
66 195 1
66 196 1
66 199 1
66 202 1
66 223 1
66 236 1
66 238 1
66 240 1
66 241 1
66 256 1
66 266 1
66 267 1
66 275 1
66 276 1
66 285 1
66 290 1
66 292 1
66 310 1
66 320 1
66 329 1
66 338 1
66 341 1
66 345 1
66 347 1
66 349 1
66 351 1
66 353 1
66 361 1
66 366 1
66 375 1
66 379 1
66 382 1
66 386 1
66 395 1
66 398 1
66 400 1
66 401 1
66 404 1
66 406 1
68 180 1
69 142 1
69 291 1
74 101 1
77 56 1
77 76 1
77 85 1
77 268 1
77 394 1
82 68 1
82 140 1
82 147 1
82 180 1
82 232 1
82 294 1
82 369 1
88 14 1
88 142 1
88 409 1
90 27 1
90 47 1
94 10 1
97 152 1
111 318 1
111 390 1
113 197 1
114 174 1
114 176 1
114 357 1
119 19 1
119 32 1
119 224 1
119 272 1
119 357 1
123 302 1
127 28 1
127 402 1
127 422 1
136 31 1
136 145 1
136 238 1
136 240 1
136 250 1
136 290 1
136 381 1
137 36 1
137 48 1
137 67 1
137 85 1
137 132 1
137 201 1
137 205 1
137 280 1
137 312 1
137 314 1
137 322 1
137 375 1
143 71 1
143 96 1
143 139 1
143 162 1
143 169 1
143 216 1
143 226 1
143 237 1
143 249 1
143 252 1
143 277 1
143 306 1
143 335 1
143 340 1
143 360 1
143 410 1
143 411 1
143 412 1
143 414 1
143 416 1
143 419 1
143 421 1
148 146 1
148 171 1
148 210 1
148 351 1
148 355 1
148 373 1
148 403 1
151 17 1
154 63 1
154 75 1
154 107 1
154 176 1
154 216 1
154 218 1
154 287 1
154 316 1
154 423 1
156 96 1
156 151 1
157 406 1
158 183 1
160 67 1
161 49 1
164 91 1
169 1 1
169 399 1
175 21 1
175 108 1
175 126 1
175 356 1
181 51 1
181 248 1
181 387 1
188 45 1
190 18 1
190 54 1
190 80 1
190 106 1
190 110 1
190 144 1
190 189 1
190 197 1
190 217 1
190 260 1
190 277 1
190 283 1
190 285 1
190 299 1
190 317 1
190 318 1
190 321 1
190 327 1
190 336 1
190 345 1
190 357 1
193 155 1
193 165 1
193 178 1
193 182 1
193 243 1
193 245 1
193 383 1
198 121 1
203 278 1
203 312 1
207 377 1
213 173 1
215 29 1
219 127 1
222 42 1
222 56 1
222 57 1
222 58 1
222 61 1
222 86 1
222 117 1
222 210 1
222 220 1
222 291 1
222 319 1
227 13 1
227 16 1
227 23 1
227 56 1
227 87 1
227 89 1
227 121 1
227 129 1
227 179 1
227 235 1
227 247 1
227 313 1
227 350 1
227 368 1
229 118 1
229 290 1
233 137 1
237 7 1
237 112 1
237 141 1
237 172 1
237 362 1
241 72 1
241 191 1
241 196 1
241 278 1
241 351 1
246 294 1
251 92 1
251 102 1
251 157 1
251 163 1
252 7 1
252 208 1
252 416 1
257 200 1
258 5 1
258 7 1
258 231 1
258 237 1
261 95 1
267 290 1
267 369 1
269 185 1
269 301 1
270 300 1
270 333 1
270 396 1
274 7 1
274 134 1
274 141 1
274 153 1
274 165 1
274 174 1
274 270 1
274 273 1
274 284 1
274 286 1
274 297 1
274 311 1
274 384 1
279 16 1
282 22 1
282 85 1
282 98 1
282 123 1
282 133 1
282 153 1
282 167 1
282 177 1
282 187 1
282 234 1
282 357 1
282 363 1
282 365 1
282 369 1
292 1 1
292 73 1
292 136 1
292 162 1
292 255 1
292 374 1
298 52 1
298 85 1
298 150 1
298 244 1
304 3 1
304 83 1
304 153 1
304 255 1
315 79 1
324 2 1
324 25 1
324 89 1
324 92 1
324 131 1
324 172 1
324 228 1
324 266 1
324 271 1
324 281 1
324 325 1
324 355 1
324 364 1
324 368 1
324 392 1
324 397 1
330 153 1
331 290 1
331 305 1
337 239 1
337 369 1
339 22 1
339 26 1
339 44 1
339 50 1
339 86 1
339 100 1
339 179 1
339 200 1
339 209 1
339 308 1
339 369 1
339 390 1
342 87 1
344 12 1
344 18 1
344 21 1
344 57 1
344 60 1
344 64 1
344 86 1
344 92 1
344 93 1
344 118 1
344 132 1
344 136 1
344 144 1
344 146 1
344 171 1
344 186 1
344 197 1
344 214 1
344 245 1
344 264 1
344 277 1
344 351 1
344 365 1
344 381 1
345 1 1
345 5 1
345 37 1
345 103 1
345 135 1
345 273 1
345 285 1
345 287 1
345 338 1
345 352 1
346 13 1
346 23 1
346 60 1
346 62 1
346 81 1
346 95 1
346 124 1
346 149 1
346 203 1
346 278 1
346 291 1
346 314 1
346 388 1
349 336 1
358 242 1
359 8 1
359 104 1
359 128 1
359 144 1
359 234 1
359 372 1
370 422 1
376 271 1
378 172 1
380 140 1
380 145 1
380 211 1
380 267 1
385 14 1
385 122 1
385 212 1
385 236 1
385 294 1
385 371 1
385 423 1
389 272 1
391 99 1
401 162 1
405 115 1
408 184 1
413 24 1
413 34 1
413 41 1
413 65 1
413 73 1
413 76 1
413 120 1
413 130 1
413 154 1
413 182 1
413 194 1
413 200 1
413 206 1
413 221 1
413 233 1
413 262 1
413 264 1
413 285 1
413 287 1
413 291 1
413 293 1
413 309 1
413 318 1
413 332 1
413 345 1
413 393 1
415 283 1
417 367 1
418 11 1
418 84 1
418 288 1
420 171 1
