4 210 1
6 144 1
6 155 1
9 65 1
15 351 1
18 312 1
20 52 1
20 131 1
20 211 1
20 360 1
24 1 1
24 5 1
24 34 1
24 48 1
24 58 1
24 68 1
24 103 1
24 128 1
24 138 1
24 144 1
24 176 1
24 183 1
24 196 1
24 200 1
24 280 1
24 281 1
24 312 1
24 349 1
24 357 1
24 372 1
30 26 1
30 28 1
30 39 1
30 62 1
30 144 1
30 196 1
40 321 1
43 17 1
46 286 1
46 319 1
49 365 1
53 159 1
53 334 1
55 377 1
56 209 1
56 278 1
59 87 1
59 142 1
64 14 1
64 76 1
64 117 1
64 150 1
64 201 1
64 240 1
64 277 1
64 293 1
64 357 1
66 1 1
66 5 1
66 18 1
66 19 1
66 21 1
66 22 1
66 37 1
66 41 1
66 56 1
66 78 1
66 84 1
66 85 1
66 89 1
66 120 1
66 132 1
66 135 1
66 136 1
66 139 1
66 144 1
66 149 1
66 151 1
66 153 1
66 154 1
66 155 1
66 157 1
66 162 1
66 165 1
66 182 1
66 186 1
66 187 1
66 189 1
66 195 1
66 197 1
66 202 1
66 217 1
66 226 1
66 230 1
66 238 1
66 246 1
66 247 1
66 248 1
66 252 1
66 272 1
66 273 1
66 278 1
66 287 1
66 291 1
66 292 1
66 294 1
66 295 1
66 297 1
66 309 1
66 310 1
66 323 1
66 328 1
66 336 1
66 338 1
66 341 1
66 345 1
66 352 1
66 353 1
66 368 1
66 369 1
66 374 1
66 375 1
66 379 1
66 381 1
66 392 1
66 404 1
66 406 1
66 411 1
66 421 1
68 23 1
69 96 1
69 262 1
74 306 1
77 122 1
77 162 1
77 174 1
77 266 1
77 386 1
82 51 1
82 75 1
82 144 1
82 155 1
82 202 1
82 255 1
82 307 1
88 85 1
88 170 1
88 343 1
90 242 1
90 263 1
94 153 1
97 228 1
111 70 1
111 87 1
113 285 1
114 232 1
114 254 1
114 366 1
119 36 1
119 46 1
119 247 1
119 311 1
119 357 1
123 57 1
127 124 1
127 129 1
127 172 1
136 18 1
136 86 1
136 108 1
136 135 1
136 165 1
136 357 1
136 369 1
137 7 1
137 47 1
137 72 1
137 118 1
137 171 1
137 206 1
137 223 1
137 236 1
137 256 1
137 264 1
137 300 1
137 388 1
143 13 1
143 42 1
143 98 1
143 178 1
143 182 1
143 199 1
143 218 1
143 266 1
143 267 1
143 277 1
143 284 1
143 291 1
143 294 1
143 305 1
143 326 1
143 340 1
143 351 1
143 354 1
143 362 1
143 371 1
143 382 1
143 384 1
148 10 1
148 67 1
148 85 1
148 140 1
148 152 1
148 162 1
148 272 1
151 56 1
154 19 1
154 165 1
154 231 1
154 285 1
154 291 1
154 318 1
154 336 1
154 345 1
154 367 1
156 184 1
156 301 1
157 172 1
158 33 1
160 419 1
161 92 1
164 107 1
169 177 1
169 234 1
175 60 1
175 123 1
175 132 1
175 270 1
181 17 1
181 285 1
181 381 1
188 153 1
190 1 1
190 21 1
190 86 1
190 95 1
190 106 1
190 146 1
190 172 1
190 203 1
190 208 1
190 233 1
190 237 1
190 238 1
190 273 1
190 280 1
190 290 1
190 308 1
190 327 1
190 335 1
190 351 1
190 392 1
190 409 1
193 27 1
193 73 1
193 133 1
193 174 1
193 249 1
193 271 1
193 423 1
198 38 1
203 80 1
203 146 1
207 273 1
213 116 1
215 118 1
219 145 1
222 11 1
222 63 1
222 137 1
222 168 1
222 236 1
222 267 1
222 388 1
222 390 1
222 394 1
222 398 1
222 403 1
227 8 1
227 23 1
227 57 1
227 64 1
227 89 1
227 120 1
227 163 1
227 169 1
227 171 1
227 173 1
227 177 1
227 240 1
227 402 1
227 416 1
229 50 1
229 356 1
233 290 1
237 56 1
237 91 1
237 112 1
237 313 1
237 382 1
241 2 1
241 54 1
241 214 1
241 260 1
241 318 1
246 202 1
251 25 1
251 121 1
251 239 1
251 393 1
252 166 1
252 255 1
252 314 1
257 7 1
258 145 1
258 241 1
258 287 1
258 290 1
261 100 1
267 285 1
267 348 1
269 194 1
269 264 1
270 20 1
270 289 1
270 395 1
274 7 1
274 14 1
274 44 1
274 45 1
274 79 1
274 118 1
274 137 1
274 171 1
274 173 1
274 245 1
274 312 1
274 322 1
274 365 1
279 136 1
282 5 1
282 13 1
282 67 1
282 92 1
282 93 1
282 147 1
282 149 1
282 221 1
282 250 1
282 272 1
282 276 1
282 383 1
282 401 1
282 406 1
292 37 1
292 105 1
292 302 1
292 345 1
292 369 1
292 375 1
298 127 1
298 172 1
298 179 1
298 387 1
304 140 1
304 197 1
304 220 1
304 308 1
315 416 1
324 16 1
324 60 1
324 71 1
324 86 1
324 92 1
324 117 1
324 153 1
324 176 1
324 180 1
324 200 1
324 210 1
324 232 1
324 234 1
324 283 1
324 329 1
324 355 1
330 32 1
331 115 1
331 277 1
337 7 1
337 414 1
339 81 1
339 86 1
339 104 1
339 121 1
339 129 1
339 142 1
339 146 1
339 191 1
339 333 1
339 351 1
339 355 1
339 422 1
342 49 1
344 12 1
344 24 1
344 56 1
344 57 1
344 58 1
344 103 1
344 126 1
344 130 1
344 134 1
344 150 1
344 169 1
344 180 1
344 185 1
344 200 1
344 237 1
344 296 1
344 317 1
344 332 1
344 357 1
344 364 1
344 373 1
344 382 1
344 399 1
344 400 1
345 136 1
345 141 1
345 157 1
345 162 1
345 197 1
345 216 1
345 291 1
345 303 1
345 316 1
345 412 1
346 3 1
346 5 1
346 31 1
346 61 1
346 76 1
346 205 1
346 243 1
346 275 1
346 283 1
346 288 1
346 347 1
346 397 1
346 407 1
349 290 1
358 314 1
359 16 1
359 253 1
359 268 1
359 287 1
359 410 1
359 423 1
370 85 1
376 369 1
378 422 1
380 13 1
380 244 1
380 359 1
380 423 1
385 22 1
385 87 1
385 240 1
385 299 1
385 318 1
385 361 1
385 390 1
389 320 1
391 225 1
401 35 1
405 179 1
408 294 1
413 29 1
413 73 1
413 83 1
413 95 1
413 96 1
413 99 1
413 101 1
413 102 1
413 141 1
413 193 1
413 212 1
413 216 1
413 235 1
413 245 1
413 278 1
413 290 1
413 314 1
413 325 1
413 338 1
413 345 1
413 350 1
413 357 1
413 363 1
413 368 1
413 369 1
413 396 1
415 1 1
417 271 1
418 110 1
418 167 1
418 224 1
420 125 1
