4 295 1
6 1 1
6 51 1
9 201 1
15 278 1
18 123 1
20 150 1
20 234 1
20 253 1
20 363 1
24 22 1
24 52 1
24 85 1
24 104 1
24 125 1
24 132 1
24 138 1
24 141 1
24 146 1
24 153 1
24 205 1
24 242 1
24 247 1
24 273 1
24 322 1
24 364 1
24 386 1
24 388 1
24 409 1
24 421 1
30 64 1
30 140 1
30 153 1
30 162 1
30 278 1
30 412 1
40 302 1
43 232 1
46 245 1
46 416 1
49 394 1
53 395 1
53 403 1
55 117 1
56 286 1
56 352 1
59 8 1
59 60 1
64 54 1
64 61 1
64 62 1
64 96 1
64 112 1
64 122 1
64 133 1
64 256 1
64 333 1
66 1 1
66 7 1
66 14 1
66 19 1
66 20 1
66 21 1
66 28 1
66 34 1
66 37 1
66 45 1
66 56 1
66 65 1
66 78 1
66 79 1
66 85 1
66 86 1
66 92 1
66 95 1
66 100 1
66 105 1
66 118 1
66 121 1
66 136 1
66 137 1
66 144 1
66 145 1
66 157 1
66 165 1
66 169 1
66 171 1
66 186 1
66 194 1
66 200 1
66 209 1
66 210 1
66 216 1
66 235 1
66 237 1
66 240 1
66 241 1
66 243 1
66 245 1
66 252 1
66 262 1
66 270 1
66 271 1
66 277 1
66 283 1
66 289 1
66 290 1
66 291 1
66 292 1
66 299 1
66 303 1
66 305 1
66 310 1
66 314 1
66 334 1
66 335 1
66 345 1
66 347 1
66 349 1
66 351 1
66 356 1
66 357 1
66 359 1
66 369 1
66 382 1
66 383 1
66 384 1
66 396 1
66 422 1
68 84 1
69 174 1
69 308 1
74 176 1
77 1 1
77 50 1
77 98 1
77 228 1
77 307 1
82 58 1
82 60 1
82 146 1
82 173 1
82 329 1
82 372 1
82 419 1
88 87 1
88 149 1
88 406 1
90 17 1
90 93 1
94 231 1
97 277 1
111 162 1
111 340 1
113 268 1
114 31 1
114 297 1
114 353 1
119 46 1
119 183 1
119 341 1
119 366 1
119 375 1
123 108 1
127 182 1
127 203 1
127 264 1
136 13 1
136 56 1
136 81 1
136 155 1
136 173 1
136 290 1
136 369 1
137 2 1
137 10 1
137 24 1
137 71 1
137 85 1
137 153 1
137 191 1
137 225 1
137 254 1
137 273 1
137 290 1
137 369 1
143 16 1
143 32 1
143 85 1
143 86 1
143 150 1
143 163 1
143 170 1
143 202 1
143 221 1
143 238 1
143 244 1
143 267 1
143 276 1
143 280 1
143 285 1
143 301 1
143 316 1
143 345 1
143 355 1
143 369 1
143 392 1
143 423 1
148 38 1
148 92 1
148 129 1
148 159 1
148 271 1
148 323 1
148 416 1
151 354 1
154 5 1
154 135 1
154 144 1
154 162 1
154 196 1
154 217 1
154 272 1
154 291 1
154 390 1
156 44 1
156 255 1
157 56 1
158 166 1
160 357 1
161 387 1
164 142 1
169 172 1
169 382 1
175 200 1
175 234 1
175 267 1
175 392 1
181 246 1
181 248 1
181 285 1
188 236 1
190 18 1
190 23 1
190 42 1
190 80 1
190 103 1
190 106 1
190 172 1
190 182 1
190 218 1
190 273 1
190 281 1
190 287 1
190 326 1
190 332 1
190 350 1
190 351 1
190 357 1
190 367 1
190 379 1
190 388 1
190 393 1
193 7 1
193 87 1
193 89 1
193 185 1
193 275 1
193 362 1
193 365 1
198 197 1
203 22 1
203 27 1
207 266 1
213 374 1
215 355 1
219 321 1
222 25 1
222 33 1
222 47 1
222 67 1
222 180 1
222 199 1
222 220 1
222 294 1
222 317 1
222 345 1
222 365 1
227 23 1
227 83 1
227 128 1
227 162 1
227 184 1
227 189 1
227 196 1
227 226 1
227 250 1
227 263 1
227 272 1
227 290 1
227 300 1
227 404 1
229 3 1
229 390 1
233 168 1
237 13 1
237 130 1
237 134 1
237 200 1
237 357 1
241 1 1
241 57 1
241 249 1
241 283 1
241 314 1
246 115 1
251 223 1
251 239 1
251 319 1
251 401 1
252 118 1
252 165 1
252 240 1
257 167 1
258 5 1
258 101 1
258 155 1
258 311 1
261 375 1
267 309 1
267 371 1
269 178 1
269 266 1
270 14 1
270 137 1
270 368 1
274 12 1
274 21 1
274 99 1
274 127 1
274 129 1
274 152 1
274 171 1
274 206 1
274 287 1
274 294 1
274 348 1
274 382 1
274 407 1
279 141 1
282 11 1
282 16 1
282 36 1
282 58 1
282 107 1
282 110 1
282 171 1
282 177 1
282 216 1
282 264 1
282 278 1
282 312 1
282 318 1
282 320 1
292 63 1
292 86 1
292 165 1
292 169 1
292 172 1
292 210 1
298 73 1
298 153 1
298 176 1
298 212 1
304 5 1
304 351 1
304 400 1
304 411 1
315 197 1
324 7 1
324 35 1
324 48 1
324 124 1
324 146 1
324 172 1
324 180 1
324 193 1
324 214 1
324 233 1
324 238 1
324 318 1
324 338 1
324 343 1
324 351 1
324 381 1
330 414 1
331 7 1
331 260 1
337 135 1
337 399 1
339 39 1
339 49 1
339 68 1
339 91 1
339 131 1
339 195 1
339 293 1
339 296 1
339 325 1
339 369 1
339 398 1
339 406 1
342 26 1
344 13 1
344 72 1
344 96 1
344 118 1
344 136 1
344 139 1
344 140 1
344 144 1
344 149 1
344 177 1
344 179 1
344 197 1
344 202 1
344 232 1
344 255 1
344 277 1
344 280 1
344 291 1
344 328 1
344 336 1
344 360 1
344 368 1
344 422 1
344 423 1
345 86 1
345 120 1
345 132 1
345 144 1
345 187 1
345 208 1
345 224 1
345 285 1
345 338 1
345 357 1
346 5 1
346 67 1
346 73 1
346 116 1
346 147 1
346 155 1
346 230 1
346 237 1
346 272 1
346 306 1
346 381 1
346 397 1
346 410 1
349 75 1
358 41 1
359 57 1
359 121 1
359 126 1
359 151 1
359 290 1
359 336 1
370 37 1
376 291 1
378 117 1
380 17 1
380 56 1
380 136 1
380 157 1
385 76 1
385 102 1
385 145 1
385 202 1
385 247 1
385 287 1
385 373 1
389 57 1
391 103 1
401 314 1
405 288 1
408 312 1
413 19 1
413 29 1
413 70 1
413 76 1
413 87 1
413 92 1
413 120 1
413 142 1
413 144 1
413 154 1
413 174 1
413 179 1
413 211 1
413 236 1
413 240 1
413 284 1
413 285 1
413 294 1
413 308 1
413 312 1
413 318 1
413 327 1
413 345 1
413 357 1
413 402 1
413 423 1
415 89 1
417 377 1
418 95 1
418 313 1
418 361 1
420 18 1
