4 206 1
6 216 1
6 348 1
9 318 1
15 357 1
18 254 1
20 31 1
20 146 1
20 260 1
20 290 1
24 11 1
24 18 1
24 23 1
24 25 1
24 47 1
24 93 1
24 120 1
24 122 1
24 150 1
24 169 1
24 171 1
24 180 1
24 201 1
24 203 1
24 240 1
24 246 1
24 290 1
24 316 1
24 390 1
24 423 1
30 51 1
30 58 1
30 87 1
30 225 1
30 237 1
30 284 1
40 372 1
43 144 1
46 1 1
46 226 1
49 194 1
53 101 1
53 129 1
55 57 1
56 81 1
56 281 1
59 135 1
59 180 1
64 14 1
64 57 1
64 102 1
64 256 1
64 266 1
64 267 1
64 273 1
64 277 1
64 294 1
66 1 1
66 5 1
66 7 1
66 8 1
66 12 1
66 16 1
66 21 1
66 22 1
66 46 1
66 54 1
66 56 1
66 60 1
66 61 1
66 68 1
66 75 1
66 79 1
66 96 1
66 112 1
66 128 1
66 130 1
66 131 1
66 132 1
66 133 1
66 136 1
66 137 1
66 140 1
66 144 1
66 147 1
66 159 1
66 162 1
66 165 1
66 168 1
66 173 1
66 176 1
66 179 1
66 187 1
66 195 1
66 196 1
66 202 1
66 208 1
66 217 1
66 232 1
66 245 1
66 249 1
66 263 1
66 272 1
66 276 1
66 287 1
66 291 1
66 305 1
66 307 1
66 312 1
66 317 1
66 334 1
66 336 1
66 345 1
66 351 1
66 354 1
66 359 1
66 360 1
66 368 1
66 369 1
66 377 1
66 379 1
66 382 1
66 386 1
66 390 1
66 402 1
66 404 1
66 406 1
66 412 1
66 414 1
68 21 1
69 366 1
69 397 1
74 322 1
77 13 1
77 85 1
77 238 1
77 314 1
77 345 1
82 13 1
82 136 1
82 237 1
82 275 1
82 300 1
82 312 1
82 422 1
88 189 1
88 283 1
88 407 1
90 76 1
90 110 1
94 326 1
97 138 1
111 253 1
111 255 1
113 285 1
114 98 1
114 162 1
114 178 1
119 39 1
119 73 1
119 145 1
119 306 1
119 333 1
123 5 1
127 48 1
127 240 1
127 327 1
136 1 1
136 5 1
136 7 1
136 84 1
136 172 1
136 368 1
136 387 1
137 60 1
137 121 1
137 140 1
137 144 1
137 157 1
137 165 1
137 248 1
137 268 1
137 272 1
137 296 1
137 350 1
137 423 1
143 17 1
143 22 1
143 56 1
143 89 1
143 153 1
143 171 1
143 191 1
143 221 1
143 230 1
143 247 1
143 264 1
143 277 1
143 287 1
143 291 1
143 292 1
143 313 1
143 347 1
143 357 1
143 365 1
143 369 1
143 375 1
143 384 1
148 7 1
148 33 1
148 36 1
148 153 1
148 299 1
148 340 1
148 382 1
151 63 1
154 37 1
154 115 1
154 172 1
154 278 1
154 280 1
154 355 1
154 363 1
154 388 1
154 392 1
156 285 1
156 336 1
157 70 1
158 80 1
160 144 1
161 416 1
164 250 1
169 185 1
169 295 1
175 56 1
175 150 1
175 153 1
175 236 1
181 212 1
181 288 1
181 357 1
188 228 1
190 5 1
190 65 1
190 76 1
190 78 1
190 92 1
190 104 1
190 123 1
190 132 1
190 142 1
190 155 1
190 163 1
190 197 1
190 241 1
190 247 1
190 293 1
190 328 1
190 357 1
190 362 1
190 365 1
190 369 1
190 411 1
193 86 1
193 108 1
193 139 1
193 183 1
193 255 1
193 325 1
193 374 1
198 210 1
203 18 1
203 19 1
207 41 1
213 34 1
215 369 1
219 214 1
222 32 1
222 35 1
222 64 1
222 99 1
222 100 1
222 107 1
222 118 1
222 216 1
222 218 1
222 267 1
222 273 1
227 14 1
227 26 1
227 44 1
227 67 1
227 126 1
227 174 1
227 184 1
227 196 1
227 231 1
227 244 1
227 262 1
227 320 1
227 409 1
227 419 1
229 103 1
229 234 1
233 294 1
237 13 1
237 58 1
237 85 1
237 278 1
237 287 1
241 10 1
241 118 1
241 152 1
241 197 1
241 224 1
246 171 1
251 117 1
251 137 1
251 243 1
251 272 1
252 42 1
252 280 1
252 318 1
257 289 1
258 86 1
258 92 1
258 174 1
258 341 1
261 182 1
267 49 1
267 308 1
269 135 1
269 166 1
270 92 1
270 283 1
270 371 1
274 19 1
274 38 1
274 86 1
274 87 1
274 121 1
274 145 1
274 167 1
274 177 1
274 351 1
274 357 1
274 396 1
274 398 1
274 422 1
279 252 1
282 23 1
282 24 1
282 120 1
282 125 1
282 220 1
282 232 1
282 240 1
282 273 1
282 297 1
282 301 1
282 312 1
282 356 1
282 400 1
282 410 1
292 17 1
292 202 1
292 278 1
292 311 1
292 373 1
292 375 1
298 56 1
298 57 1
298 129 1
298 200 1
304 124 1
304 162 1
304 165 1
304 238 1
315 87 1
324 16 1
324 154 1
324 155 1
324 172 1
324 182 1
324 235 1
324 236 1
324 285 1
324 286 1
324 338 1
324 345 1
324 351 1
324 352 1
324 355 1
324 369 1
324 392 1
330 83 1
331 91 1
331 357 1
337 86 1
337 323 1
339 37 1
339 45 1
339 50 1
339 72 1
339 85 1
339 211 1
339 223 1
339 266 1
339 329 1
339 394 1
339 416 1
339 423 1
342 149 1
344 2 1
344 28 1
344 52 1
344 95 1
344 116 1
344 118 1
344 134 1
344 141 1
344 153 1
344 186 1
344 245 1
344 264 1
344 290 1
344 308 1
344 314 1
344 319 1
344 321 1
344 338 1
344 343 1
344 349 1
344 361 1
344 364 1
344 367 1
344 399 1
345 3 1
345 127 1
345 144 1
345 155 1
345 157 1
345 162 1
345 173 1
345 271 1
345 290 1
345 351 1
346 29 1
346 73 1
346 89 1
346 105 1
346 117 1
346 146 1
346 200 1
346 205 1
346 233 1
346 242 1
346 294 1
346 382 1
346 388 1
349 141 1
358 381 1
359 7 1
359 27 1
359 62 1
359 71 1
359 332 1
359 335 1
370 177 1
376 193 1
378 197 1
380 95 1
380 149 1
380 271 1
380 345 1
385 106 1
385 239 1
385 291 1
385 309 1
385 310 1
385 401 1
385 421 1
389 96 1
391 285 1
401 270 1
405 210 1
408 393 1
413 1 1
413 20 1
413 85 1
413 136 1
413 142 1
413 146 1
413 151 1
413 169 1
413 172 1
413 176 1
413 199 1
413 200 1
413 202 1
413 209 1
413 277 1
413 290 1
413 291 1
413 302 1
413 303 1
413 314 1
413 353 1
413 381 1
413 383 1
413 395 1
413 403 1
413 406 1
415 234 1
417 170 1
418 103 1
418 179 1
418 318 1
420 67 1
