4 397 1
6 146 1
6 273 1
9 232 1
15 311 1
18 285 1
20 118 1
20 141 1
20 297 1
20 326 1
24 23 1
24 67 1
24 81 1
24 83 1
24 96 1
24 106 1
24 134 1
24 197 1
24 242 1
24 245 1
24 247 1
24 264 1
24 314 1
24 318 1
24 350 1
24 351 1
24 357 1
24 388 1
24 403 1
24 421 1
30 85 1
30 121 1
30 155 1
30 162 1
30 267 1
30 278 1
40 272 1
43 348 1
46 150 1
46 197 1
49 271 1
53 189 1
53 254 1
55 73 1
56 5 1
56 157 1
59 5 1
59 404 1
64 87 1
64 129 1
64 142 1
64 165 1
64 196 1
64 277 1
64 283 1
64 328 1
64 351 1
66 2 1
66 13 1
66 16 1
66 21 1
66 22 1
66 27 1
66 28 1
66 41 1
66 56 1
66 57 1
66 60 1
66 62 1
66 64 1
66 65 1
66 76 1
66 85 1
66 86 1
66 87 1
66 93 1
66 102 1
66 117 1
66 123 1
66 126 1
66 136 1
66 137 1
66 142 1
66 151 1
66 153 1
66 154 1
66 157 1
66 162 1
66 165 1
66 174 1
66 183 1
66 194 1
66 196 1
66 208 1
66 211 1
66 216 1
66 236 1
66 244 1
66 245 1
66 247 1
66 250 1
66 260 1
66 277 1
66 283 1
66 284 1
66 286 1
66 291 1
66 292 1
66 296 1
66 314 1
66 318 1
66 319 1
66 321 1
66 322 1
66 323 1
66 327 1
66 347 1
66 351 1
66 352 1
66 357 1
66 362 1
66 372 1
66 373 1
66 375 1
66 392 1
66 393 1
66 398 1
66 406 1
66 423 1
68 382 1
69 182 1
69 371 1
74 363 1
77 100 1
77 231 1
77 360 1
77 368 1
77 369 1
82 104 1
82 121 1
82 124 1
82 140 1
82 172 1
82 275 1
82 285 1
88 19 1
88 44 1
88 246 1
90 12 1
90 86 1
94 214 1
97 39 1
111 266 1
111 307 1
113 290 1
114 115 1
114 221 1
114 308 1
119 60 1
119 79 1
119 163 1
119 179 1
119 273 1
123 85 1
127 110 1
127 167 1
127 170 1
136 68 1
136 209 1
136 225 1
136 226 1
136 309 1
136 379 1
136 382 1
137 5 1
137 51 1
137 56 1
137 127 1
137 162 1
137 165 1
137 172 1
137 186 1
137 202 1
137 290 1
137 310 1
137 375 1
143 1 1
143 10 1
143 48 1
143 56 1
143 70 1
143 103 1
143 135 1
143 137 1
143 180 1
143 202 1
143 248 1
143 252 1
143 266 1
143 272 1
143 273 1
143 277 1
143 303 1
143 332 1
143 333 1
143 336 1
143 357 1
143 416 1
148 18 1
148 26 1
148 130 1
148 195 1
148 255 1
148 271 1
148 285 1
151 216 1
154 16 1
154 57 1
154 193 1
154 203 1
154 233 1
154 262 1
154 312 1
154 394 1
154 395 1
156 75 1
156 365 1
157 291 1
158 98 1
160 336 1
161 414 1
164 155 1
169 191 1
169 280 1
175 46 1
175 236 1
175 280 1
175 305 1
181 294 1
181 382 1
181 406 1
188 144 1
190 1 1
190 13 1
190 34 1
190 42 1
190 50 1
190 95 1
190 122 1
190 140 1
190 169 1
190 171 1
190 172 1
190 210 1
190 230 1
190 237 1
190 285 1
190 294 1
190 299 1
190 301 1
190 302 1
190 401 1
190 402 1
193 8 1
193 18 1
193 63 1
193 171 1
193 218 1
193 264 1
193 357 1
198 166 1
203 235 1
203 390 1
207 108 1
213 67 1
215 99 1
219 383 1
222 23 1
222 24 1
222 54 1
222 117 1
222 139 1
222 153 1
222 176 1
222 238 1
222 281 1
222 314 1
222 387 1
227 57 1
227 101 1
227 120 1
227 128 1
227 138 1
227 169 1
227 172 1
227 178 1
227 205 1
227 217 1
227 234 1
227 368 1
227 377 1
227 422 1
229 294 1
229 357 1
233 355 1
237 14 1
237 92 1
237 120 1
237 171 1
237 210 1
241 7 1
241 49 1
241 116 1
241 144 1
241 238 1
246 19 1
251 36 1
251 149 1
251 152 1
251 276 1
252 290 1
252 291 1
252 295 1
257 313 1
258 145 1
258 173 1
258 357 1
258 399 1
261 58 1
267 31 1
267 396 1
269 249 1
269 345 1
270 89 1
270 145 1
270 409 1
274 37 1
274 61 1
274 131 1
274 150 1
274 159 1
274 179 1
274 223 1
274 224 1
274 317 1
274 338 1
274 367 1
274 369 1
274 407 1
279 423 1
282 7 1
282 35 1
282 73 1
282 85 1
282 105 1
282 112 1
282 118 1
282 144 1
282 173 1
282 197 1
282 201 1
282 240 1
282 345 1
282 369 1
292 87 1
292 136 1
292 212 1
292 318 1
292 392 1
292 411 1
298 92 1
298 132 1
298 168 1
298 253 1
304 340 1
304 374 1
304 386 1
304 412 1
315 84 1
324 1 1
324 14 1
324 29 1
324 125 1
324 129 1
324 185 1
324 240 1
324 268 1
324 272 1
324 278 1
324 287 1
324 291 1
324 316 1
324 359 1
324 364 1
324 369 1
330 45 1
331 147 1
331 239 1
337 200 1
337 341 1
339 33 1
339 47 1
339 91 1
339 146 1
339 174 1
339 182 1
339 184 1
339 232 1
339 289 1
339 349 1
339 366 1
339 384 1
342 17 1
344 7 1
344 11 1
344 37 1
344 86 1
344 89 1
344 103 1
344 118 1
344 132 1
344 144 1
344 176 1
344 177 1
344 199 1
344 267 1
344 270 1
344 278 1
344 290 1
344 300 1
344 308 1
344 312 1
344 345 1
344 355 1
344 356 1
344 400 1
344 410 1
345 1 1
345 21 1
345 72 1
345 144 1
345 153 1
345 200 1
345 240 1
345 290 1
345 312 1
345 351 1
346 7 1
346 71 1
346 76 1
346 135 1
346 149 1
346 177 1
346 241 1
346 325 1
346 334 1
346 353 1
346 369 1
346 381 1
346 416 1
349 38 1
358 256 1
359 32 1
359 96 1
359 146 1
359 162 1
359 287 1
359 335 1
370 293 1
376 381 1
378 390 1
380 153 1
380 306 1
380 345 1
380 365 1
385 22 1
385 25 1
385 136 1
385 155 1
385 200 1
385 237 1
385 329 1
389 255 1
391 361 1
401 133 1
405 17 1
408 180 1
413 3 1
413 5 1
413 20 1
413 52 1
413 56 1
413 58 1
413 80 1
413 86 1
413 92 1
413 95 1
413 107 1
413 141 1
413 187 1
413 206 1
413 220 1
413 228 1
413 234 1
413 243 1
413 263 1
413 288 1
413 338 1
413 354 1
413 388 1
413 419 1
413 422 1
413 423 1
415 13 1
417 78 1
418 202 1
418 287 1
418 320 1
420 343 1
