4 171 1
6 18 1
6 236 1
9 81 1
15 51 1
18 1 1
20 49 1
20 196 1
20 234 1
20 243 1
24 85 1
24 96 1
24 98 1
24 103 1
24 117 1
24 120 1
24 121 1
24 127 1
24 136 1
24 140 1
24 165 1
24 173 1
24 176 1
24 189 1
24 200 1
24 202 1
24 237 1
24 285 1
24 402 1
24 422 1
30 57 1
30 134 1
30 245 1
30 361 1
30 381 1
30 398 1
40 185 1
43 211 1
46 125 1
46 228 1
49 338 1
53 157 1
53 180 1
55 295 1
56 266 1
56 423 1
59 146 1
59 155 1
64 50 1
64 56 1
64 57 1
64 135 1
64 163 1
64 172 1
64 320 1
64 334 1
64 423 1
66 14 1
66 16 1
66 17 1
66 24 1
66 25 1
66 32 1
66 44 1
66 56 1
66 67 1
66 73 1
66 76 1
66 85 1
66 87 1
66 92 1
66 93 1
66 95 1
66 96 1
66 117 1
66 120 1
66 121 1
66 126 1
66 136 1
66 137 1
66 140 1
66 141 1
66 144 1
66 145 1
66 146 1
66 149 1
66 150 1
66 153 1
66 154 1
66 155 1
66 162 1
66 169 1
66 171 1
66 174 1
66 209 1
66 214 1
66 231 1
66 236 1
66 238 1
66 246 1
66 250 1
66 263 1
66 266 1
66 271 1
66 278 1
66 284 1
66 285 1
66 288 1
66 290 1
66 291 1
66 297 1
66 312 1
66 314 1
66 325 1
66 340 1
66 345 1
66 352 1
66 363 1
66 365 1
66 367 1
66 374 1
66 375 1
66 388 1
66 392 1
66 397 1
66 401 1
66 410 1
66 416 1
66 421 1
68 129 1
69 153 1
69 262 1
74 248 1
77 18 1
77 212 1
77 216 1
77 306 1
77 369 1
82 37 1
82 64 1
82 118 1
82 139 1
82 203 1
82 347 1
82 423 1
88 101 1
88 200 1
88 254 1
90 34 1
90 197 1
94 256 1
97 167 1
111 184 1
111 267 1
113 174 1
114 128 1
114 273 1
114 312 1
119 178 1
119 182 1
119 287 1
119 299 1
119 349 1
123 239 1
127 85 1
127 286 1
127 350 1
136 87 1
136 103 1
136 171 1
136 176 1
136 247 1
136 314 1
136 388 1
137 7 1
137 16 1
137 67 1
137 68 1
137 141 1
137 153 1
137 169 1
137 206 1
137 308 1
137 313 1
137 365 1
137 369 1
143 7 1
143 19 1
143 23 1
143 29 1
143 52 1
143 60 1
143 80 1
143 92 1
143 95 1
143 138 1
143 142 1
143 145 1
143 179 1
143 187 1
143 205 1
143 270 1
143 290 1
143 294 1
143 359 1
143 366 1
143 382 1
143 394 1
148 2 1
148 23 1
148 124 1
148 144 1
148 210 1
148 241 1
148 268 1
151 255 1
154 26 1
154 36 1
154 46 1
154 146 1
154 165 1
154 194 1
154 202 1
154 327 1
154 345 1
156 76 1
156 400 1
157 232 1
158 411 1
160 368 1
161 278 1
164 373 1
169 196 1
169 290 1
175 86 1
175 144 1
175 290 1
175 371 1
181 303 1
181 382 1
181 414 1
188 104 1
190 13 1
190 21 1
190 108 1
190 110 1
190 122 1
190 142 1
190 147 1
190 151 1
190 152 1
190 195 1
190 247 1
190 280 1
190 290 1
190 293 1
190 296 1
190 312 1
190 318 1
190 332 1
190 353 1
190 369 1
190 384 1
193 19 1
193 65 1
193 87 1
193 240 1
193 287 1
193 369 1
193 406 1
198 144 1
203 267 1
203 289 1
207 291 1
213 180 1
215 153 1
219 56 1
222 7 1
222 37 1
222 58 1
222 92 1
222 116 1
222 135 1
222 136 1
222 272 1
222 291 1
222 351 1
222 357 1
227 5 1
227 22 1
227 54 1
227 58 1
227 72 1
227 75 1
227 100 1
227 107 1
227 149 1
227 225 1
227 252 1
227 277 1
227 392 1
227 393 1
229 56 1
229 294 1
233 86 1
237 11 1
237 165 1
237 217 1
237 223 1
237 316 1
241 83 1
241 183 1
241 199 1
241 210 1
241 271 1
246 278 1
251 1 1
251 129 1
251 157 1
251 354 1
252 20 1
252 39 1
252 336 1
257 310 1
258 1 1
258 13 1
258 144 1
258 177 1
261 99 1
267 132 1
267 208 1
269 42 1
269 273 1
270 179 1
270 202 1
270 281 1
274 57 1
274 71 1
274 86 1
274 123 1
274 155 1
274 177 1
274 191 1
274 255 1
274 307 1
274 318 1
274 341 1
274 368 1
274 403 1
279 61 1
282 8 1
282 10 1
282 21 1
282 86 1
282 115 1
282 168 1
282 172 1
282 173 1
282 197 1
282 253 1
282 323 1
282 329 1
282 343 1
282 345 1
292 3 1
292 35 1
292 84 1
292 218 1
292 348 1
292 390 1
298 238 1
298 280 1
298 292 1
298 335 1
304 13 1
304 106 1
304 133 1
304 333 1
315 162 1
324 1 1
324 45 1
324 91 1
324 150 1
324 162 1
324 170 1
324 272 1
324 317 1
324 328 1
324 351 1
324 355 1
324 357 1
324 360 1
324 382 1
324 383 1
324 409 1
330 41 1
331 17 1
331 242 1
337 220 1
337 224 1
339 33 1
339 118 1
339 230 1
339 264 1
339 273 1
339 287 1
339 302 1
339 305 1
339 379 1
339 381 1
339 396 1
339 399 1
342 309 1
344 5 1
344 14 1
344 22 1
344 27 1
344 31 1
344 78 1
344 85 1
344 89 1
344 118 1
344 130 1
344 216 1
344 233 1
344 240 1
344 276 1
344 277 1
344 300 1
344 345 1
344 351 1
344 355 1
344 357 1
344 395 1
344 404 1
344 412 1
344 422 1
345 62 1
345 89 1
345 162 1
345 201 1
345 237 1
345 240 1
345 277 1
345 285 1
345 314 1
345 357 1
346 131 1
346 172 1
346 186 1
346 200 1
346 244 1
346 272 1
346 275 1
346 319 1
346 321 1
346 326 1
346 386 1
346 390 1
346 406 1
349 221 1
358 372 1
359 73 1
359 112 1
359 132 1
359 245 1
359 322 1
359 362 1
370 79 1
376 357 1
378 172 1
380 5 1
380 235 1
380 283 1
380 364 1
385 159 1
385 182 1
385 234 1
385 249 1
385 264 1
385 285 1
385 336 1
389 356 1
391 308 1
401 416 1
405 301 1
408 166 1
413 5 1
413 7 1
413 12 1
413 28 1
413 38 1
413 47 1
413 48 1
413 63 1
413 102 1
413 105 1
413 137 1
413 193 1
413 232 1
413 283 1
413 291 1
413 294 1
413 311 1
413 318 1
413 351 1
413 357 1
413 369 1
413 375 1
413 377 1
413 387 1
413 407 1
413 419 1
415 226 1
417 60 1
418 70 1
418 197 1
418 338 1
420 260 1
