4 253 1
6 351 1
6 401 1
9 98 1
15 84 1
18 390 1
20 5 1
20 129 1
20 147 1
20 153 1
24 3 1
24 26 1
24 58 1
24 149 1
24 194 1
24 203 1
24 218 1
24 238 1
24 267 1
24 271 1
24 273 1
24 275 1
24 278 1
24 280 1
24 287 1
24 294 1
24 295 1
24 316 1
24 357 1
24 393 1
30 7 1
30 72 1
30 73 1
30 128 1
30 290 1
30 291 1
40 191 1
43 202 1
46 58 1
46 357 1
49 112 1
53 260 1
53 386 1
55 323 1
56 144 1
56 338 1
59 159 1
59 352 1
64 85 1
64 87 1
64 172 1
64 247 1
64 278 1
64 283 1
64 287 1
64 312 1
64 365 1
66 1 1
66 5 1
66 7 1
66 13 1
66 14 1
66 20 1
66 28 1
66 52 1
66 56 1
66 64 1
66 79 1
66 85 1
66 87 1
66 96 1
66 103 1
66 116 1
66 120 1
66 129 1
66 130 1
66 135 1
66 136 1
66 139 1
66 144 1
66 152 1
66 162 1
66 169 1
66 172 1
66 173 1
66 177 1
66 179 1
66 187 1
66 193 1
66 197 1
66 202 1
66 223 1
66 228 1
66 233 1
66 236 1
66 241 1
66 244 1
66 246 1
66 248 1
66 252 1
66 254 1
66 264 1
66 267 1
66 268 1
66 270 1
66 272 1
66 278 1
66 281 1
66 287 1
66 292 1
66 308 1
66 312 1
66 314 1
66 338 1
66 343 1
66 348 1
66 350 1
66 351 1
66 355 1
66 362 1
66 364 1
66 365 1
66 366 1
66 369 1
66 371 1
66 375 1
66 395 1
66 416 1
66 423 1
68 231 1
69 210 1
69 294 1
74 13 1
77 80 1
77 91 1
77 312 1
77 322 1
77 397 1
82 2 1
82 47 1
82 140 1
82 176 1
82 220 1
82 336 1
82 349 1
88 104 1
88 212 1
88 320 1
90 21 1
90 179 1
94 7 1
97 61 1
111 76 1
111 92 1
113 185 1
114 12 1
114 34 1
114 37 1
119 214 1
119 286 1
119 367 1
119 368 1
119 374 1
123 327 1
127 117 1
127 146 1
127 234 1
136 14 1
136 118 1
136 138 1
136 236 1
136 272 1
136 335 1
136 387 1
137 18 1
137 35 1
137 44 1
137 60 1
137 83 1
137 124 1
137 206 1
137 240 1
137 303 1
137 318 1
137 336 1
137 411 1
143 7 1
143 23 1
143 57 1
143 62 1
143 70 1
143 157 1
143 162 1
143 167 1
143 182 1
143 197 1
143 209 1
143 224 1
143 242 1
143 247 1
143 266 1
143 272 1
143 277 1
143 285 1
143 314 1
143 381 1
143 396 1
143 406 1
148 16 1
148 92 1
148 154 1
148 155 1
148 163 1
148 318 1
148 328 1
151 171 1
154 22 1
154 29 1
154 42 1
154 121 1
154 155 1
154 239 1
154 250 1
154 283 1
154 357 1
156 89 1
156 108 1
157 65 1
158 407 1
160 216 1
161 92 1
164 57 1
169 144 1
169 403 1
175 273 1
175 301 1
175 314 1
175 369 1
181 140 1
181 234 1
181 398 1
188 32 1
190 39 1
190 54 1
190 57 1
190 85 1
190 123 1
190 141 1
190 144 1
190 165 1
190 166 1
190 170 1
190 173 1
190 195 1
190 210 1
190 232 1
190 255 1
190 284 1
190 285 1
190 290 1
190 300 1
190 357 1
190 421 1
193 23 1
193 85 1
193 110 1
193 120 1
193 150 1
193 379 1
193 382 1
198 68 1
203 36 1
203 357 1
207 313 1
213 243 1
215 245 1
219 145 1
222 1 1
222 19 1
222 81 1
222 100 1
222 105 1
222 200 1
222 276 1
222 317 1
222 361 1
222 381 1
222 404 1
227 17 1
227 33 1
227 37 1
227 127 1
227 157 1
227 199 1
227 208 1
227 277 1
227 291 1
227 307 1
227 308 1
227 319 1
227 325 1
227 388 1
229 22 1
229 369 1
233 414 1
237 118 1
237 171 1
237 205 1
237 305 1
237 373 1
241 99 1
241 200 1
241 221 1
241 262 1
241 423 1
246 351 1
251 162 1
251 171 1
251 184 1
251 310 1
252 96 1
252 216 1
252 302 1
257 256 1
258 132 1
258 137 1
258 402 1
258 409 1
261 146 1
267 1 1
267 369 1
269 289 1
269 422 1
270 196 1
270 291 1
270 422 1
274 18 1
274 101 1
274 102 1
274 121 1
274 135 1
274 150 1
274 176 1
274 177 1
274 225 1
274 240 1
274 245 1
274 345 1
274 416 1
279 46 1
282 21 1
282 31 1
282 49 1
282 89 1
282 122 1
282 131 1
282 151 1
282 226 1
282 271 1
282 277 1
282 285 1
282 290 1
282 311 1
282 334 1
292 56 1
292 165 1
292 174 1
292 200 1
292 264 1
292 351 1
298 172 1
298 266 1
298 288 1
298 318 1
304 117 1
304 211 1
304 238 1
304 368 1
315 63 1
324 10 1
324 16 1
324 25 1
324 38 1
324 48 1
324 67 1
324 145 1
324 153 1
324 178 1
324 230 1
324 255 1
324 296 1
324 333 1
324 363 1
324 383 1
324 410 1
330 27 1
331 75 1
331 394 1
337 71 1
337 165 1
339 11 1
339 41 1
339 51 1
339 56 1
339 125 1
339 136 1
339 144 1
339 162 1
339 172 1
339 326 1
339 400 1
339 423 1
342 392 1
344 5 1
344 8 1
344 24 1
344 45 1
344 67 1
344 106 1
344 118 1
344 126 1
344 136 1
344 149 1
344 174 1
344 182 1
344 186 1
344 237 1
344 273 1
344 280 1
344 291 1
344 294 1
344 345 1
344 347 1
344 356 1
344 372 1
344 392 1
344 399 1
345 73 1
345 86 1
345 137 1
345 142 1
345 153 1
345 196 1
345 237 1
345 263 1
345 285 1
345 412 1
346 5 1
346 60 1
346 86 1
346 103 1
346 169 1
346 197 1
346 290 1
346 297 1
346 332 1
346 353 1
346 354 1
346 357 1
346 377 1
349 134 1
358 133 1
359 19 1
359 86 1
359 95 1
359 293 1
359 345 1
359 382 1
370 341 1
376 388 1
378 369 1
380 115 1
380 235 1
380 240 1
380 306 1
385 299 1
385 321 1
385 329 1
385 375 1
385 390 1
385 406 1
385 419 1
389 217 1
391 180 1
401 78 1
405 309 1
408 76 1
413 1 1
413 13 1
413 17 1
413 50 1
413 56 1
413 86 1
413 87 1
413 93 1
413 132 1
413 141 1
413 142 1
413 153 1
413 180 1
413 183 1
413 189 1
413 201 1
413 202 1
413 232 1
413 249 1
413 290 1
413 340 1
413 345 1
413 355 1
413 359 1
413 382 1
413 384 1
415 107 1
417 146 1
418 95 1
418 155 1
418 360 1
420 168 1
