4 7 1
6 54 1
6 178 1
9 351 1
15 44 1
18 118 1
20 1 1
20 5 1
20 285 1
20 291 1
24 17 1
24 57 1
24 64 1
24 86 1
24 112 1
24 153 1
24 162 1
24 163 1
24 176 1
24 253 1
24 255 1
24 263 1
24 266 1
24 284 1
24 285 1
24 294 1
24 320 1
24 348 1
24 365 1
24 369 1
30 126 1
30 151 1
30 157 1
30 216 1
30 234 1
30 390 1
40 132 1
43 275 1
46 5 1
46 57 1
49 396 1
53 117 1
53 232 1
55 172 1
56 277 1
56 278 1
59 196 1
59 323 1
64 2 1
64 17 1
64 19 1
64 79 1
64 81 1
64 171 1
64 268 1
64 314 1
64 359 1
66 1 1
66 5 1
66 12 1
66 16 1
66 18 1
66 20 1
66 32 1
66 37 1
66 46 1
66 56 1
66 57 1
66 58 1
66 67 1
66 70 1
66 86 1
66 92 1
66 95 1
66 98 1
66 104 1
66 128 1
66 130 1
66 137 1
66 140 1
66 142 1
66 144 1
66 146 1
66 153 1
66 155 1
66 165 1
66 172 1
66 174 1
66 177 1
66 182 1
66 200 1
66 210 1
66 217 1
66 224 1
66 235 1
66 236 1
66 237 1
66 246 1
66 248 1
66 252 1
66 278 1
66 283 1
66 291 1
66 292 1
66 302 1
66 306 1
66 311 1
66 312 1
66 313 1
66 314 1
66 321 1
66 333 1
66 338 1
66 345 1
66 349 1
66 350 1
66 351 1
66 361 1
66 362 1
66 363 1
66 365 1
66 366 1
66 381 1
66 392 1
66 394 1
66 395 1
66 401 1
66 416 1
66 422 1
68 336 1
69 230 1
69 271 1
74 14 1
77 193 1
77 245 1
77 301 1
77 307 1
77 400 1
82 102 1
82 144 1
82 271 1
82 273 1
82 300 1
82 345 1
82 351 1
88 118 1
88 309 1
88 328 1
90 270 1
90 407 1
94 412 1
97 377 1
111 7 1
111 72 1
113 155 1
114 63 1
114 182 1
114 283 1
119 36 1
119 45 1
119 146 1
119 184 1
119 312 1
123 214 1
127 27 1
127 170 1
127 325 1
136 144 1
136 145 1
136 240 1
136 272 1
136 322 1
136 334 1
136 355 1
137 1 1
137 5 1
137 13 1
137 58 1
137 162 1
137 171 1
137 236 1
137 273 1
137 278 1
137 336 1
137 393 1
137 423 1
143 13 1
143 22 1
143 85 1
143 103 1
143 106 1
143 110 1
143 131 1
143 152 1
143 186 1
143 197 1
143 203 1
143 208 1
143 225 1
143 232 1
143 233 1
143 238 1
143 264 1
143 277 1
143 285 1
143 332 1
143 357 1
143 388 1
148 34 1
148 129 1
148 141 1
148 189 1
148 305 1
148 340 1
148 423 1
151 419 1
154 22 1
154 80 1
154 84 1
154 105 1
154 238 1
154 247 1
154 317 1
154 364 1
154 375 1
156 371 1
156 388 1
157 287 1
158 76 1
160 103 1
161 220 1
164 399 1
169 87 1
169 92 1
175 168 1
175 180 1
175 272 1
175 276 1
181 134 1
181 147 1
181 167 1
188 368 1
190 3 1
190 50 1
190 52 1
190 56 1
190 73 1
190 154 1
190 162 1
190 165 1
190 247 1
190 267 1
190 272 1
190 287 1
190 316 1
190 319 1
190 329 1
190 335 1
190 368 1
190 369 1
190 375 1
190 382 1
190 414 1
193 61 1
193 62 1
193 89 1
193 99 1
193 138 1
193 155 1
193 293 1
198 48 1
203 197 1
203 266 1
207 357 1
213 260 1
215 91 1
219 142 1
222 13 1
222 38 1
222 73 1
222 129 1
222 146 1
222 169 1
222 206 1
222 221 1
222 318 1
222 327 1
222 356 1
227 1 1
227 21 1
227 42 1
227 71 1
227 121 1
227 137 1
227 150 1
227 171 1
227 179 1
227 216 1
227 244 1
227 256 1
227 411 1
227 423 1
229 390 1
229 406 1
233 28 1
237 85 1
237 153 1
237 202 1
237 210 1
237 286 1
241 51 1
241 120 1
241 312 1
241 357 1
241 409 1
246 406 1
251 85 1
251 133 1
251 249 1
251 352 1
252 108 1
252 218 1
252 237 1
257 281 1
258 183 1
258 185 1
258 288 1
258 296 1
261 87 1
267 173 1
267 379 1
269 135 1
269 277 1
270 239 1
270 264 1
270 357 1
274 60 1
274 115 1
274 149 1
274 166 1
274 180 1
274 202 1
274 228 1
274 273 1
274 297 1
274 299 1
274 383 1
274 397 1
274 398 1
279 392 1
282 35 1
282 177 1
282 196 1
282 205 1
282 209 1
282 240 1
282 255 1
282 290 1
282 338 1
282 345 1
282 347 1
282 382 1
282 421 1
282 422 1
292 16 1
292 56 1
292 144 1
292 157 1
292 250 1
292 381 1
298 67 1
298 201 1
298 290 1
298 341 1
304 19 1
304 179 1
304 200 1
304 223 1
315 78 1
324 14 1
324 41 1
324 68 1
324 87 1
324 100 1
324 125 1
324 127 1
324 136 1
324 145 1
324 187 1
324 262 1
324 291 1
324 303 1
324 308 1
324 354 1
324 367 1
330 318 1
331 8 1
331 23 1
337 139 1
337 294 1
339 21 1
339 29 1
339 31 1
339 96 1
339 149 1
339 226 1
339 234 1
339 280 1
339 308 1
339 326 1
339 360 1
339 410 1
342 101 1
344 7 1
344 24 1
344 26 1
344 75 1
344 76 1
344 95 1
344 123 1
344 136 1
344 153 1
344 162 1
344 172 1
344 176 1
344 194 1
344 199 1
344 240 1
344 243 1
344 285 1
344 287 1
344 310 1
344 355 1
344 369 1
344 372 1
344 373 1
344 416 1
345 47 1
345 92 1
345 211 1
345 212 1
345 291 1
345 295 1
345 314 1
345 318 1
345 369 1
345 403 1
346 7 1
346 18 1
346 33 1
346 37 1
346 117 1
346 124 1
346 141 1
346 165 1
346 174 1
346 290 1
346 294 1
346 343 1
346 351 1
349 93 1
358 107 1
359 96 1
359 122 1
359 280 1
359 290 1
359 357 1
359 404 1
370 159 1
376 132 1
378 191 1
380 135 1
380 169 1
380 254 1
380 384 1
385 39 1
385 65 1
385 86 1
385 121 1
385 136 1
385 144 1
385 374 1
389 11 1
391 386 1
401 140 1
405 86 1
408 289 1
413 23 1
413 25 1
413 56 1
413 60 1
413 85 1
413 89 1
413 116 1
413 120 1
413 172 1
413 173 1
413 195 1
413 197 1
413 200 1
413 202 1
413 231 1
413 241 1
413 242 1
413 245 1
413 267 1
413 290 1
413 345 1
413 357 1
413 369 1
413 382 1
413 387 1
413 402 1
415 353 1
417 118 1
418 49 1
418 83 1
418 150 1
420 10 1
