4 67 1
6 68 1
6 83 1
9 267 1
15 171 1
18 176 1
20 5 1
20 150 1
20 300 1
20 341 1
24 3 1
24 17 1
24 56 1
24 86 1
24 112 1
24 121 1
24 144 1
24 169 1
24 172 1
24 191 1
24 195 1
24 202 1
24 249 1
24 291 1
24 308 1
24 309 1
24 357 1
24 372 1
24 390 1
24 393 1
30 10 1
30 62 1
30 163 1
30 172 1
30 287 1
30 398 1
40 312 1
43 239 1
46 303 1
46 363 1
49 285 1
53 132 1
53 180 1
55 278 1
56 13 1
56 162 1
59 245 1
59 350 1
64 18 1
64 151 1
64 155 1
64 197 1
64 277 1
64 312 1
64 336 1
64 359 1
64 369 1
66 1 1
66 13 1
66 17 1
66 19 1
66 24 1
66 39 1
66 50 1
66 56 1
66 57 1
66 60 1
66 64 1
66 85 1
66 86 1
66 87 1
66 89 1
66 95 1
66 100 1
66 123 1
66 127 1
66 128 1
66 135 1
66 136 1
66 144 1
66 152 1
66 153 1
66 155 1
66 159 1
66 165 1
66 168 1
66 169 1
66 172 1
66 173 1
66 177 1
66 185 1
66 189 1
66 196 1
66 197 1
66 200 1
66 202 1
66 210 1
66 217 1
66 221 1
66 233 1
66 246 1
66 252 1
66 254 1
66 255 1
66 272 1
66 275 1
66 277 1
66 290 1
66 291 1
66 292 1
66 311 1
66 312 1
66 314 1
66 321 1
66 343 1
66 345 1
66 351 1
66 357 1
66 366 1
66 369 1
66 373 1
66 377 1
66 384 1
66 386 1
66 388 1
66 411 1
66 416 1
66 422 1
66 423 1
68 23 1
69 122 1
69 197 1
74 57 1
77 45 1
77 84 1
77 255 1
77 266 1
77 283 1
82 76 1
82 142 1
82 200 1
82 338 1
82 355 1
82 369 1
82 419 1
88 41 1
88 52 1
88 237 1
90 236 1
90 247 1
94 63 1
97 167 1
111 294 1
111 409 1
113 290 1
114 57 1
114 381 1
114 396 1
119 155 1
119 178 1
119 184 1
119 297 1
119 333 1
123 371 1
127 314 1
127 349 1
127 374 1
136 1 1
136 199 1
136 244 1
136 272 1
136 294 1
136 382 1
136 402 1
137 2 1
137 7 1
137 47 1
137 76 1
137 118 1
137 124 1
137 130 1
137 145 1
137 174 1
137 277 1
137 338 1
137 360 1
143 14 1
143 25 1
143 72 1
143 86 1
143 92 1
143 96 1
143 103 1
143 131 1
143 144 1
143 176 1
143 193 1
143 203 1
143 240 1
143 242 1
143 250 1
143 256 1
143 291 1
143 293 1
143 354 1
143 368 1
143 382 1
143 423 1
148 106 1
148 120 1
148 238 1
148 263 1
148 301 1
148 364 1
148 394 1
151 133 1
154 28 1
154 78 1
154 85 1
154 98 1
154 157 1
154 273 1
154 283 1
154 299 1
154 361 1
156 21 1
156 56 1
157 264 1
158 210 1
160 138 1
161 171 1
164 352 1
169 81 1
169 375 1
175 139 1
175 153 1
175 216 1
175 382 1
181 126 1
181 141 1
181 320 1
188 383 1
190 13 1
190 16 1
190 33 1
190 46 1
190 49 1
190 75 1
190 79 1
190 117 1
190 118 1
190 132 1
190 140 1
190 153 1
190 162 1
190 214 1
190 240 1
190 248 1
190 270 1
190 285 1
190 286 1
190 290 1
190 390 1
193 103 1
193 104 1
193 232 1
193 287 1
193 291 1
193 318 1
193 345 1
198 335 1
203 173 1
203 273 1
207 271 1
213 80 1
215 223 1
219 325 1
222 19 1
222 107 1
222 110 1
222 121 1
222 266 1
222 285 1
222 296 1
222 313 1
222 334 1
222 395 1
222 407 1
227 16 1
227 42 1
227 89 1
227 120 1
227 146 1
227 162 1
227 216 1
227 268 1
227 288 1
227 290 1
227 308 1
227 340 1
227 369 1
227 399 1
229 101 1
229 345 1
233 416 1
237 196 1
237 347 1
237 351 1
237 406 1
237 421 1
241 87 1
241 99 1
241 154 1
241 186 1
241 273 1
246 177 1
251 172 1
251 224 1
251 310 1
251 412 1
252 1 1
252 86 1
252 368 1
257 7 1
258 61 1
258 71 1
258 209 1
258 365 1
261 241 1
267 29 1
267 260 1
269 302 1
269 305 1
270 272 1
270 388 1
270 403 1
274 21 1
274 38 1
274 44 1
274 96 1
274 105 1
274 108 1
274 125 1
274 135 1
274 140 1
274 150 1
274 351 1
274 401 1
274 423 1
279 147 1
282 7 1
282 26 1
282 60 1
282 73 1
282 116 1
282 137 1
282 144 1
282 165 1
282 205 1
282 230 1
282 281 1
282 348 1
282 357 1
282 367 1
292 51 1
292 85 1
292 236 1
292 314 1
292 323 1
292 357 1
298 35 1
298 67 1
298 179 1
298 226 1
304 137 1
304 142 1
304 211 1
304 294 1
315 228 1
324 31 1
324 56 1
324 85 1
324 87 1
324 91 1
324 102 1
324 115 1
324 118 1
324 129 1
324 187 1
324 240 1
324 284 1
324 332 1
324 381 1
324 400 1
324 410 1
330 231 1
331 5 1
331 316 1
337 7 1
337 117 1
339 5 1
339 73 1
339 93 1
339 129 1
339 134 1
339 149 1
339 220 1
339 234 1
339 278 1
339 317 1
339 357 1
339 397 1
342 202 1
344 5 1
344 14 1
344 20 1
344 22 1
344 23 1
344 58 1
344 65 1
344 70 1
344 92 1
344 146 1
344 153 1
344 157 1
344 171 1
344 180 1
344 182 1
344 183 1
344 243 1
344 253 1
344 264 1
344 267 1
344 290 1
344 356 1
344 362 1
344 392 1
345 144 1
345 179 1
345 232 1
345 238 1
345 262 1
345 271 1
345 280 1
345 306 1
345 318 1
345 369 1
346 48 1
346 54 1
346 146 1
346 162 1
346 182 1
346 245 1
346 247 1
346 276 1
346 280 1
346 318 1
346 345 1
346 353 1
346 387 1
349 326 1
358 165 1
359 8 1
359 32 1
359 145 1
359 170 1
359 336 1
359 379 1
370 27 1
376 322 1
378 287 1
380 37 1
380 58 1
380 136 1
380 355 1
385 92 1
385 95 1
385 166 1
385 218 1
385 285 1
385 289 1
385 404 1
389 12 1
391 225 1
401 375 1
405 37 1
408 234 1
413 1 1
413 11 1
413 18 1
413 22 1
413 36 1
413 136 1
413 141 1
413 174 1
413 194 1
413 200 1
413 201 1
413 206 1
413 208 1
413 212 1
413 235 1
413 237 1
413 278 1
413 295 1
413 319 1
413 328 1
413 351 1
413 357 1
413 392 1
413 406 1
413 414 1
413 422 1
415 307 1
417 34 1
418 149 1
418 327 1
418 329 1
420 365 1
