4 141 1
6 60 1
6 146 1
9 264 1
15 320 1
18 28 1
20 129 1
20 174 1
20 183 1
20 359 1
24 57 1
24 58 1
24 117 1
24 122 1
24 126 1
24 134 1
24 153 1
24 154 1
24 157 1
24 162 1
24 172 1
24 254 1
24 272 1
24 278 1
24 291 1
24 296 1
24 312 1
24 318 1
24 351 1
24 423 1
30 35 1
30 48 1
30 287 1
30 340 1
30 357 1
30 407 1
40 409 1
43 19 1
46 241 1
46 308 1
49 67 1
53 103 1
53 226 1
55 237 1
56 26 1
56 144 1
59 335 1
59 365 1
64 17 1
64 85 1
64 155 1
64 202 1
64 236 1
64 272 1
64 329 1
64 357 1
64 379 1
66 1 1
66 7 1
66 13 1
66 17 1
66 22 1
66 52 1
66 56 1
66 62 1
66 64 1
66 68 1
66 73 1
66 75 1
66 76 1
66 80 1
66 85 1
66 87 1
66 92 1
66 93 1
66 100 1
66 101 1
66 104 1
66 105 1
66 121 1
66 135 1
66 136 1
66 137 1
66 140 1
66 141 1
66 142 1
66 144 1
66 145 1
66 150 1
66 151 1
66 155 1
66 165 1
66 171 1
66 179 1
66 193 1
66 200 1
66 205 1
66 208 1
66 217 1
66 221 1
66 225 1
66 232 1
66 245 1
66 247 1
66 253 1
66 267 1
66 272 1
66 273 1
66 275 1
66 277 1
66 280 1
66 290 1
66 306 1
66 308 1
66 310 1
66 312 1
66 313 1
66 325 1
66 338 1
66 345 1
66 349 1
66 355 1
66 357 1
66 371 1
66 372 1
66 377 1
66 382 1
66 404 1
66 412 1
68 384 1
69 63 1
69 352 1
74 153 1
77 34 1
77 51 1
77 96 1
77 369 1
77 382 1
82 79 1
82 86 1
82 102 1
82 209 1
82 218 1
82 305 1
82 414 1
88 255 1
88 388 1
88 398 1
90 20 1
90 276 1
94 89 1
97 399 1
111 381 1
111 394 1
113 336 1
114 50 1
114 87 1
114 332 1
119 128 1
119 206 1
119 255 1
119 286 1
119 334 1
123 283 1
127 72 1
127 228 1
127 299 1
136 92 1
136 115 1
136 149 1
136 167 1
136 171 1
136 248 1
136 357 1
137 11 1
137 13 1
137 36 1
137 73 1
137 86 1
137 99 1
137 129 1
137 140 1
137 223 1
137 355 1
137 357 1
137 416 1
143 5 1
143 21 1
143 49 1
143 57 1
143 138 1
143 139 1
143 174 1
143 210 1
143 216 1
143 238 1
143 247 1
143 252 1
143 278 1
143 280 1
143 285 1
143 297 1
143 314 1
143 368 1
143 395 1
143 401 1
143 422 1
143 423 1
148 7 1
148 25 1
148 118 1
148 144 1
148 268 1
148 290 1
148 319 1
151 145 1
154 13 1
154 23 1
154 166 1
154 197 1
154 318 1
154 351 1
154 375 1
154 386 1
154 423 1
156 210 1
156 422 1
157 291 1
158 19 1
160 14 1
161 277 1
164 303 1
169 5 1
169 41 1
175 86 1
175 271 1
175 277 1
175 366 1
181 83 1
181 200 1
181 360 1
188 91 1
190 1 1
190 5 1
190 14 1
190 18 1
190 22 1
190 42 1
190 78 1
190 96 1
190 116 1
190 120 1
190 168 1
190 171 1
190 200 1
190 232 1
190 246 1
190 283 1
190 285 1
190 327 1
190 351 1
190 364 1
190 383 1
193 179 1
193 182 1
193 267 1
193 281 1
193 345 1
193 367 1
193 369 1
198 264 1
203 238 1
203 373 1
207 285 1
213 8 1
215 410 1
219 152 1
222 86 1
222 95 1
222 142 1
222 172 1
222 180 1
222 211 1
222 301 1
222 328 1
222 341 1
222 368 1
222 406 1
227 33 1
227 47 1
227 106 1
227 108 1
227 133 1
227 146 1
227 147 1
227 180 1
227 240 1
227 262 1
227 290 1
227 318 1
227 345 1
227 381 1
229 186 1
229 224 1
233 390 1
237 16 1
237 23 1
237 169 1
237 194 1
237 291 1
241 29 1
241 85 1
241 333 1
241 343 1
241 356 1
246 287 1
251 112 1
251 212 1
251 291 1
251 336 1
252 239 1
252 240 1
252 421 1
257 56 1
258 121 1
258 220 1
258 300 1
258 321 1
261 144 1
267 1 1
267 56 1
269 153 1
269 159 1
270 240 1
270 350 1
270 402 1
274 7 1
274 32 1
274 61 1
274 71 1
274 132 1
274 136 1
274 162 1
274 235 1
274 256 1
274 266 1
274 270 1
274 316 1
274 362 1
279 353 1
282 45 1
282 67 1
282 76 1
282 92 1
282 135 1
282 136 1
282 150 1
282 202 1
282 236 1
282 271 1
282 284 1
282 285 1
282 294 1
282 326 1
292 2 1
292 127 1
292 165 1
292 294 1
292 365 1
292 374 1
298 124 1
298 177 1
298 351 1
298 390 1
304 110 1
304 125 1
304 176 1
304 234 1
315 403 1
324 65 1
324 81 1
324 118 1
324 132 1
324 144 1
324 182 1
324 189 1
324 195 1
324 201 1
324 216 1
324 231 1
324 242 1
324 263 1
324 307 1
324 387 1
324 397 1
330 203 1
331 87 1
331 369 1
337 95 1
337 243 1
339 130 1
339 163 1
339 165 1
339 185 1
339 191 1
339 214 1
339 250 1
339 292 1
339 311 1
339 314 1
339 338 1
339 357 1
342 7 1
344 12 1
344 16 1
344 24 1
344 27 1
344 44 1
344 57 1
344 58 1
344 84 1
344 117 1
344 153 1
344 162 1
344 172 1
344 177 1
344 187 1
344 196 1
344 202 1
344 233 1
344 290 1
344 312 1
344 322 1
344 323 1
344 369 1
344 375 1
344 396 1
345 39 1
345 155 1
345 162 1
345 197 1
345 273 1
345 290 1
345 293 1
345 302 1
345 348 1
345 363 1
346 37 1
346 38 1
346 123 1
346 137 1
346 196 1
346 197 1
346 273 1
346 278 1
346 295 1
346 345 1
346 354 1
346 369 1
346 392 1
349 56 1
358 309 1
359 18 1
359 107 1
359 170 1
359 172 1
359 266 1
359 288 1
370 10 1
376 70 1
378 31 1
380 131 1
380 173 1
380 245 1
380 392 1
385 60 1
385 118 1
385 149 1
385 294 1
385 317 1
385 388 1
385 416 1
389 382 1
391 287 1
401 46 1
405 244 1
408 249 1
413 1 1
413 3 1
413 5 1
413 37 1
413 54 1
413 85 1
413 98 1
413 103 1
413 120 1
413 146 1
413 157 1
413 169 1
413 173 1
413 178 1
413 184 1
413 199 1
413 234 1
413 237 1
413 260 1
413 289 1
413 314 1
413 347 1
413 361 1
413 406 1
413 411 1
413 419 1
415 230 1
417 176 1
418 89 1
418 393 1
418 400 1
420 21 1
