1 50 1
1 78 1
1 89 1
1 105 1
1 106 1
2 72 1
3 10 1
3 31 1
3 71 1
3 105 1
3 110 1
3 117 1
4 80 1
5 2 1
5 7 1
5 16 1
5 74 1
5 98 1
6 116 1
7 21 1
7 77 1
7 90 1
7 93 1
7 103 1
7 119 1
8 108 1
9 56 1
9 61 1
9 103 1
10 75 1
11 14 1
11 17 1
11 78 1
11 100 1
12 14 1
13 4 1
13 22 1
13 31 1
13 59 1
13 83 1
13 95 1
14 86 1
15 79 1
15 87 1
15 95 1
15 114 1
16 57 1
17 89 1
18 28 1
18 74 1
18 98 1
19 88 1
20 122 1
21 58 1
21 98 1
22 113 1
23 52 1
24 107 1
25 9 1
25 13 1
25 35 1
25 63 1
25 66 1
25 71 1
25 88 1
25 93 1
25 114 1
25 116 1
26 54 1
26 112 1
27 8 1
28 41 1
28 73 1
28 77 1
29 118 1
30 76 1
31 32 1
31 46 1
31 85 1
31 104 1
32 81 1
33 39 1
34 4 1
35 39 1
35 84 1
35 121 1
36 23 1
36 29 1
36 122 1
37 120 1
38 112 1
39 47 1
40 18 1
40 89 1
41 27 1
42 2 1
42 111 1
43 67 1
43 87 1
44 65 1
45 115 1
46 51 1
47 16 1
47 82 1
48 118 1
49 66 1
49 110 1
50 26 1
50 72 1
51 76 1
52 36 1
53 12 1
54 18 1
54 109 1
55 91 1
56 24 1
57 5 1
58 43 1
59 97 1
60 37 1
61 8 1
62 48 1
63 10 1
64 113 1
65 53 1
66 108 1
67 83 1
68 20 1
69 6 1
70 33 1
71 119 1
72 47 1
73 1 1
74 45 1
75 3 1
76 108 1
77 117 1
78 12 1
79 6 1
80 84 1
81 100 1
82 21 1
83 34 1
84 86 1
84 90 1
84 104 1
84 114 1
85 103 1
86 11 1
87 54 1
88 49 1
89 73 1
90 55 1
91 97 1
92 79 1
93 40 1
94 42 1
95 102 1
96 69 1
97 15 1
98 82 1
99 58 1
100 64 1
101 38 1
102 85 1
103 102 1
104 44 1
104 105 1
104 115 1
105 80 1
106 91 1
106 107 1
107 102 1
108 30 1
109 19 1
110 84 1
111 115 1
112 82 1
113 56 1
114 111 1
115 84 1
117 75 1
118 64 1
119 81 1
119 121 1
120 35 1
120 106 1
121 109 1
122 120 1
