1 11 1
1 55 1
1 63 1
1 103 1
1 118 1
2 76 1
3 1 1
3 6 1
3 46 1
3 75 1
3 81 1
3 115 1
4 113 1
5 40 1
5 43 1
5 64 1
5 65 1
5 112 1
6 119 1
7 6 1
7 12 1
7 76 1
7 100 1
7 104 1
7 116 1
8 41 1
9 37 1
9 56 1
9 117 1
10 27 1
11 3 1
11 47 1
11 97 1
11 105 1
12 88 1
13 4 1
13 33 1
13 66 1
13 89 1
13 115 1
13 121 1
14 77 1
15 2 1
15 10 1
15 39 1
15 98 1
16 4 1
17 67 1
18 10 1
18 16 1
18 95 1
19 107 1
20 50 1
21 109 1
21 110 1
22 36 1
23 64 1
24 82 1
25 17 1
25 24 1
25 52 1
25 61 1
25 75 1
25 97 1
25 104 1
25 108 1
25 115 1
25 118 1
26 100 1
26 111 1
27 98 1
28 13 1
28 56 1
28 71 1
29 85 1
30 122 1
31 58 1
31 77 1
31 81 1
31 84 1
32 66 1
33 86 1
34 95 1
35 30 1
35 89 1
35 108 1
36 2 1
36 14 1
36 35 1
37 78 1
38 84 1
39 84 1
40 22 1
40 121 1
41 9 1
42 34 1
42 53 1
43 38 1
43 78 1
44 119 1
45 31 1
46 73 1
47 18 1
47 102 1
48 83 1
49 18 1
49 21 1
50 88 1
50 105 1
51 42 1
52 112 1
53 105 1
54 109 1
54 120 1
55 114 1
56 82 1
57 116 1
58 71 1
59 28 1
60 47 1
61 117 1
62 110 1
63 20 1
64 103 1
65 84 1
66 29 1
67 73 1
68 69 1
69 72 1
70 49 1
71 31 1
72 102 1
73 51 1
74 54 1
75 8 1
76 114 1
77 16 1
78 12 1
79 26 1
80 35 1
81 32 1
82 106 1
83 7 1
84 44 1
84 45 1
84 80 1
84 113 1
85 57 1
86 48 1
87 14 1
88 59 1
89 80 1
90 103 1
91 8 1
92 15 1
93 89 1
94 91 1
95 79 1
96 87 1
97 39 1
98 91 1
99 19 1
100 79 1
101 102 1
102 82 1
103 107 1
104 54 1
104 83 1
104 98 1
105 108 1
106 21 1
106 122 1
107 90 1
108 23 1
109 74 1
110 106 1
111 86 1
112 114 1
113 93 1
114 87 1
115 74 1
117 72 1
118 111 1
119 90 1
119 93 1
120 58 1
120 85 1
121 5 1
122 120 1
