1 26 1
1 48 1
1 65 1
1 86 1
1 105 1
2 12 1
3 6 1
3 22 1
3 73 1
3 80 1
3 84 1
3 89 1
4 19 1
5 6 1
5 39 1
5 81 1
5 83 1
5 110 1
6 82 1
7 14 1
7 21 1
7 50 1
7 73 1
7 112 1
7 118 1
8 79 1
9 40 1
9 51 1
9 115 1
10 76 1
11 15 1
11 71 1
11 75 1
11 116 1
12 55 1
13 18 1
13 45 1
13 67 1
13 77 1
13 84 1
13 115 1
14 43 1
15 4 1
15 86 1
15 111 1
15 113 1
16 95 1
17 58 1
18 69 1
18 71 1
18 119 1
19 102 1
20 106 1
21 33 1
21 63 1
22 35 1
23 103 1
24 59 1
25 1 1
25 3 1
25 32 1
25 53 1
25 56 1
25 57 1
25 61 1
25 64 1
25 100 1
25 104 1
26 5 1
26 52 1
27 85 1
28 49 1
28 103 1
28 107 1
29 122 1
30 114 1
31 2 1
31 46 1
31 66 1
31 87 1
32 118 1
33 75 1
34 47 1
35 14 1
35 97 1
35 112 1
36 93 1
36 106 1
36 108 1
37 35 1
38 98 1
39 31 1
40 21 1
40 98 1
41 58 1
42 31 1
42 116 1
43 2 1
43 109 1
44 119 1
45 37 1
46 42 1
47 28 1
47 114 1
48 122 1
49 76 1
49 90 1
50 84 1
50 105 1
51 8 1
52 29 1
53 121 1
54 18 1
54 36 1
55 115 1
56 102 1
57 20 1
58 97 1
59 82 1
60 47 1
61 9 1
62 78 1
63 109 1
64 84 1
65 91 1
66 120 1
67 30 1
68 74 1
69 90 1
70 117 1
71 54 1
72 16 1
73 95 1
74 83 1
75 16 1
76 108 1
77 120 1
78 8 1
79 78 1
80 41 1
81 91 1
82 24 1
83 87 1
84 7 1
84 10 1
84 85 1
84 93 1
85 13 1
86 27 1
87 77 1
88 38 1
89 107 1
90 81 1
91 82 1
92 4 1
93 98 1
94 113 1
95 72 1
96 56 1
97 17 1
98 114 1
99 100 1
100 80 1
101 74 1
102 103 1
103 117 1
104 39 1
104 105 1
104 121 1
105 66 1
106 54 1
106 111 1
107 79 1
108 89 1
109 108 1
110 10 1
111 102 1
112 110 1
113 23 1
114 34 1
115 88 1
117 72 1
118 44 1
119 88 1
119 104 1
120 12 1
120 64 1
121 89 1
122 11 1
