1 16 1
1 72 1
1 79 1
1 112 1
1 121 1
2 21 1
3 31 1
3 42 1
3 72 1
3 77 1
3 98 1
3 102 1
4 58 1
5 6 1
5 24 1
5 66 1
5 76 1
5 86 1
6 111 1
7 20 1
7 40 1
7 46 1
7 86 1
7 98 1
7 122 1
8 119 1
9 54 1
9 59 1
9 116 1
10 81 1
11 3 1
11 26 1
11 56 1
11 76 1
12 36 1
13 19 1
13 54 1
13 82 1
13 110 1
13 114 1
13 119 1
14 64 1
15 38 1
15 63 1
15 66 1
15 114 1
16 82 1
17 31 1
18 14 1
18 77 1
18 116 1
19 89 1
20 88 1
21 7 1
21 121 1
22 89 1
23 114 1
24 78 1
25 6 1
25 35 1
25 39 1
25 47 1
25 51 1
25 52 1
25 74 1
25 90 1
25 102 1
25 108 1
26 33 1
26 106 1
27 48 1
28 81 1
28 100 1
28 113 1
29 115 1
30 15 1
31 44 1
31 71 1
31 88 1
31 93 1
32 104 1
33 112 1
34 75 1
35 98 1
35 113 1
35 122 1
36 4 1
36 84 1
36 87 1
37 35 1
38 61 1
39 109 1
40 2 1
40 45 1
41 1 1
42 84 1
42 106 1
43 18 1
43 97 1
44 80 1
45 22 1
46 55 1
47 2 1
47 58 1
48 74 1
49 73 1
49 110 1
50 43 1
50 93 1
51 100 1
52 5 1
53 108 1
54 84 1
54 115 1
55 85 1
56 57 1
57 65 1
58 82 1
59 87 1
60 56 1
61 118 1
62 73 1
63 84 1
64 18 1
65 41 1
66 85 1
67 117 1
68 28 1
69 47 1
70 64 1
71 17 1
72 11 1
73 102 1
74 4 1
75 83 1
76 111 1
77 34 1
78 95 1
79 89 1
80 10 1
81 103 1
82 109 1
83 16 1
84 12 1
84 80 1
84 95 1
84 107 1
85 67 1
86 21 1
87 108 1
88 49 1
89 91 1
90 23 1
91 79 1
92 107 1
93 14 1
94 118 1
95 75 1
96 8 1
97 120 1
98 39 1
99 104 1
100 103 1
101 97 1
102 71 1
103 10 1
104 29 1
104 103 1
104 120 1
105 90 1
106 9 1
106 27 1
107 30 1
108 8 1
109 53 1
110 115 1
111 105 1
112 105 1
113 37 1
114 105 1
115 13 1
117 83 1
118 32 1
119 69 1
119 117 1
120 12 1
120 78 1
121 91 1
122 50 1
