1 49 1
1 64 1
1 71 1
1 74 1
1 105 1
2 111 1
3 1 1
3 72 1
3 84 1
3 89 1
3 93 1
3 107 1
4 108 1
5 16 1
5 97 1
5 100 1
5 115 1
5 119 1
6 46 1
7 10 1
7 19 1
7 56 1
7 64 1
7 87 1
7 108 1
8 122 1
9 45 1
9 76 1
9 120 1
10 114 1
11 89 1
11 117 1
11 121 1
11 122 1
12 78 1
13 44 1
13 65 1
13 82 1
13 106 1
13 112 1
13 113 1
14 4 1
15 58 1
15 90 1
15 106 1
15 110 1
16 17 1
17 57 1
18 36 1
18 40 1
18 80 1
19 119 1
20 22 1
21 31 1
21 83 1
22 116 1
23 118 1
24 84 1
25 2 1
25 20 1
25 27 1
25 38 1
25 55 1
25 66 1
25 75 1
25 80 1
25 85 1
25 114 1
26 81 1
26 104 1
27 6 1
28 10 1
28 35 1
28 42 1
29 115 1
30 39 1
31 11 1
31 28 1
31 43 1
31 109 1
32 2 1
33 114 1
34 91 1
35 18 1
35 30 1
35 82 1
36 32 1
36 47 1
36 54 1
37 50 1
38 87 1
39 52 1
40 75 1
40 118 1
41 98 1
42 7 1
42 31 1
43 6 1
43 61 1
44 79 1
45 117 1
46 98 1
47 53 1
47 81 1
48 35 1
49 8 1
49 56 1
50 24 1
50 72 1
51 111 1
52 103 1
53 67 1
54 78 1
54 121 1
55 100 1
56 103 1
57 77 1
58 77 1
59 54 1
60 63 1
61 34 1
62 29 1
63 103 1
64 107 1
65 86 1
66 9 1
67 95 1
68 86 1
69 79 1
70 58 1
71 21 1
72 82 1
73 76 1
74 12 1
75 26 1
76 102 1
77 59 1
78 88 1
79 16 1
80 105 1
81 116 1
82 8 1
83 4 1
84 37 1
84 47 1
84 91 1
84 110 1
85 5 1
86 13 1
87 14 1
88 33 1
89 41 1
90 108 1
91 73 1
92 112 1
93 51 1
94 104 1
95 71 1
96 97 1
97 85 1
98 89 1
99 74 1
100 69 1
101 23 1
102 48 1
103 84 1
104 90 1
104 98 1
104 113 1
105 3 1
106 83 1
106 115 1
107 105 1
108 14 1
109 21 1
110 12 1
111 93 1
112 109 1
113 102 1
114 73 1
115 15 1
117 66 1
118 120 1
119 18 1
119 84 1
120 88 1
120 102 1
121 95 1
122 39 1
