1 2 1
1 15 1
1 26 1
1 63 1
1 64 1
2 95 1
3 20 1
3 34 1
3 44 1
3 103 1
3 104 1
3 114 1
4 84 1
5 75 1
5 108 1
5 114 1
5 118 1
5 120 1
6 2 1
7 10 1
7 16 1
7 46 1
7 76 1
7 119 1
7 121 1
8 21 1
9 17 1
9 106 1
9 113 1
10 39 1
11 23 1
11 31 1
11 47 1
11 49 1
12 71 1
13 10 1
13 16 1
13 58 1
13 83 1
13 93 1
13 110 1
14 66 1
15 12 1
15 30 1
15 81 1
15 88 1
16 108 1
17 98 1
18 7 1
18 78 1
18 87 1
19 83 1
20 42 1
21 93 1
21 105 1
22 36 1
23 80 1
24 117 1
25 21 1
25 32 1
25 47 1
25 64 1
25 65 1
25 73 1
25 77 1
25 98 1
25 111 1
25 117 1
26 78 1
26 89 1
27 84 1
28 54 1
28 74 1
28 91 1
29 67 1
30 48 1
31 59 1
31 82 1
31 108 1
31 109 1
32 19 1
33 84 1
34 85 1
35 27 1
35 104 1
35 121 1
36 51 1
36 85 1
36 87 1
37 45 1
38 82 1
39 90 1
40 79 1
40 114 1
41 90 1
42 8 1
42 102 1
43 29 1
43 73 1
44 115 1
45 111 1
46 103 1
47 81 1
47 115 1
48 4 1
49 91 1
49 98 1
50 35 1
50 86 1
51 115 1
52 72 1
53 79 1
54 52 1
54 107 1
55 109 1
56 35 1
57 116 1
58 6 1
59 56 1
60 84 1
61 58 1
62 38 1
63 43 1
64 82 1
65 55 1
66 110 1
67 105 1
68 118 1
69 116 1
70 14 1
71 119 1
72 71 1
73 56 1
74 31 1
75 22 1
76 13 1
77 66 1
78 54 1
79 5 1
80 61 1
81 112 1
82 18 1
83 89 1
84 102 1
84 106 1
84 120 1
84 122 1
85 105 1
86 107 1
87 39 1
88 100 1
89 1 1
90 57 1
91 112 1
92 75 1
93 113 1
94 12 1
95 6 1
96 88 1
97 95 1
98 41 1
99 24 1
100 3 1
101 9 1
102 4 1
103 97 1
104 11 1
104 50 1
104 77 1
105 14 1
106 33 1
106 37 1
107 28 1
108 74 1
109 72 1
110 76 1
111 86 1
112 69 1
113 122 1
114 100 1
115 53 1
117 97 1
118 89 1
119 8 1
119 102 1
120 40 1
120 80 1
121 18 1
122 103 1
