1 3 1
1 39 1
1 45 1
1 56 1
1 98 1
2 85 1
3 63 1
3 82 1
3 88 1
3 108 1
3 111 1
3 113 1
4 6 1
5 6 1
5 11 1
5 73 1
5 98 1
5 116 1
6 27 1
7 10 1
7 34 1
7 58 1
7 103 1
7 104 1
7 114 1
8 30 1
9 4 1
9 50 1
9 64 1
10 64 1
11 67 1
11 103 1
11 118 1
11 119 1
12 75 1
13 19 1
13 37 1
13 66 1
13 69 1
13 107 1
13 112 1
14 117 1
15 58 1
15 71 1
15 80 1
15 118 1
16 84 1
17 100 1
18 28 1
18 78 1
18 87 1
19 24 1
20 17 1
21 43 1
21 52 1
22 73 1
23 44 1
24 36 1
25 9 1
25 14 1
25 16 1
25 29 1
25 66 1
25 81 1
25 98 1
25 104 1
25 109 1
25 114 1
26 71 1
26 102 1
27 21 1
28 12 1
28 77 1
28 119 1
29 48 1
30 2 1
31 49 1
31 80 1
31 87 1
31 89 1
32 95 1
33 79 1
34 106 1
35 40 1
35 103 1
35 115 1
36 76 1
36 77 1
36 82 1
37 7 1
38 109 1
39 95 1
40 5 1
40 26 1
41 110 1
42 51 1
42 91 1
43 97 1
43 102 1
44 56 1
45 117 1
46 42 1
47 31 1
47 54 1
48 122 1
49 47 1
49 100 1
50 20 1
50 76 1
51 90 1
52 108 1
53 83 1
54 33 1
54 85 1
55 111 1
56 86 1
57 105 1
58 84 1
59 72 1
60 107 1
61 108 1
62 22 1
63 1 1
64 120 1
65 55 1
66 74 1
67 88 1
68 39 1
69 105 1
70 116 1
71 86 1
72 115 1
73 114 1
74 78 1
75 97 1
76 35 1
77 23 1
78 90 1
79 46 1
80 79 1
81 121 1
82 83 1
83 81 1
84 14 1
84 32 1
84 93 1
84 112 1
85 106 1
86 110 1
87 72 1
88 57 1
89 47 1
90 18 1
91 12 1
92 102 1
93 8 1
94 61 1
95 54 1
96 35 1
97 10 1
98 113 1
99 31 1
100 38 1
101 89 1
102 91 1
103 84 1
104 2 1
104 93 1
104 115 1
105 13 1
106 8 1
106 21 1
107 74 1
108 4 1
109 41 1
110 121 1
111 65 1
112 16 1
113 53 1
114 84 1
115 59 1
117 122 1
118 120 1
119 18 1
119 89 1
120 15 1
120 82 1
121 75 1
122 105 1
