1 39 1
1 42 1
1 56 1
1 74 1
1 93 1
2 93 1
3 12 1
3 59 1
3 63 1
3 72 1
3 75 1
3 122 1
4 108 1
5 73 1
5 84 1
5 86 1
5 88 1
5 102 1
6 118 1
7 4 1
7 5 1
7 80 1
7 87 1
7 111 1
7 119 1
8 66 1
9 76 1
9 81 1
9 86 1
10 2 1
11 18 1
11 40 1
11 78 1
11 98 1
12 24 1
13 58 1
13 72 1
13 74 1
13 87 1
13 106 1
13 113 1
14 48 1
15 2 1
15 16 1
15 19 1
15 95 1
16 66 1
17 21 1
18 43 1
18 55 1
18 64 1
19 77 1
20 50 1
21 47 1
21 53 1
22 41 1
23 35 1
24 84 1
25 28 1
25 37 1
25 77 1
25 88 1
25 89 1
25 100 1
25 103 1
25 108 1
25 109 1
25 116 1
26 73 1
26 108 1
27 14 1
28 8 1
28 23 1
28 57 1
29 78 1
30 113 1
31 16 1
31 85 1
31 112 1
31 116 1
32 36 1
33 39 1
34 115 1
35 34 1
35 82 1
35 84 1
36 79 1
36 89 1
36 111 1
37 83 1
38 32 1
39 106 1
40 26 1
40 121 1
41 29 1
42 45 1
42 104 1
43 33 1
43 117 1
44 103 1
45 90 1
46 1 1
47 38 1
47 56 1
48 6 1
49 3 1
49 110 1
50 21 1
50 104 1
51 64 1
52 14 1
53 91 1
54 17 1
54 31 1
55 79 1
56 69 1
57 119 1
58 76 1
59 97 1
60 114 1
61 115 1
62 103 1
63 71 1
64 122 1
65 97 1
66 20 1
67 112 1
68 54 1
69 71 1
70 80 1
71 107 1
72 52 1
73 118 1
74 6 1
75 107 1
76 114 1
77 15 1
78 114 1
79 18 1
80 117 1
81 84 1
82 109 1
83 85 1
84 12 1
84 98 1
84 110 1
84 115 1
85 67 1
86 91 1
87 121 1
88 105 1
89 9 1
90 35 1
91 47 1
92 95 1
93 120 1
94 89 1
95 27 1
96 8 1
97 90 1
98 81 1
99 30 1
100 46 1
101 100 1
102 7 1
103 54 1
104 10 1
104 22 1
104 75 1
105 61 1
106 31 1
106 65 1
107 105 1
108 82 1
109 120 1
110 105 1
111 13 1
112 4 1
113 102 1
114 58 1
115 83 1
117 98 1
118 49 1
119 10 1
119 102 1
120 44 1
120 82 1
121 11 1
122 51 1
