1 6 1
1 52 1
1 89 1
1 108 1
1 110 1
2 121 1
3 30 1
3 57 1
3 64 1
3 97 1
3 109 1
3 118 1
4 116 1
5 38 1
5 40 1
5 63 1
5 72 1
5 102 1
6 64 1
7 75 1
7 82 1
7 88 1
7 97 1
7 104 1
7 112 1
8 14 1
9 19 1
9 120 1
9 122 1
10 83 1
11 18 1
11 84 1
11 98 1
11 106 1
12 58 1
13 12 1
13 23 1
13 77 1
13 117 1
13 120 1
13 122 1
14 18 1
15 26 1
15 36 1
15 84 1
15 114 1
16 84 1
17 115 1
18 21 1
18 47 1
18 103 1
19 39 1
20 105 1
21 71 1
21 109 1
22 74 1
23 103 1
24 121 1
25 8 1
25 20 1
25 32 1
25 47 1
25 54 1
25 56 1
25 82 1
25 85 1
25 89 1
25 118 1
26 5 1
26 17 1
27 108 1
28 6 1
28 100 1
28 108 1
29 74 1
30 86 1
31 29 1
31 35 1
31 67 1
31 78 1
32 81 1
33 116 1
34 100 1
35 10 1
35 46 1
35 71 1
36 13 1
36 87 1
36 110 1
37 113 1
38 79 1
39 91 1
40 76 1
40 89 1
41 87 1
42 85 1
42 86 1
43 75 1
43 76 1
44 4 1
45 114 1
46 48 1
47 73 1
47 117 1
48 59 1
49 51 1
49 104 1
50 34 1
50 58 1
51 106 1
52 4 1
53 69 1
54 21 1
54 31 1
55 90 1
56 102 1
57 79 1
58 102 1
59 12 1
60 98 1
61 41 1
62 45 1
63 11 1
64 105 1
65 77 1
66 28 1
67 10 1
68 9 1
69 33 1
70 81 1
71 54 1
72 7 1
73 115 1
74 8 1
75 65 1
76 112 1
77 16 1
78 55 1
79 66 1
80 37 1
81 91 1
82 72 1
83 2 1
84 22 1
84 43 1
84 78 1
84 107 1
85 3 1
86 35 1
87 80 1
88 56 1
89 111 1
90 2 1
91 103 1
92 80 1
93 53 1
94 95 1
95 1 1
96 73 1
97 111 1
98 39 1
99 83 1
100 66 1
101 114 1
102 50 1
103 42 1
104 14 1
104 44 1
104 93 1
105 61 1
106 49 1
106 105 1
107 15 1
108 119 1
109 16 1
110 95 1
111 98 1
112 115 1
113 93 1
114 107 1
115 88 1
117 84 1
118 31 1
119 27 1
119 82 1
120 24 1
120 113 1
121 90 1
122 119 1
