1 7 1
1 30 1
1 38 1
1 108 1
1 109 1
2 79 1
3 4 1
3 21 1
3 29 1
3 77 1
3 85 1
3 102 1
4 93 1
5 10 1
5 28 1
5 34 1
5 97 1
5 103 1
6 80 1
7 27 1
7 79 1
7 103 1
7 105 1
7 113 1
7 121 1
8 31 1
9 56 1
9 89 1
9 103 1
10 24 1
11 12 1
11 83 1
11 100 1
11 116 1
12 122 1
13 16 1
13 50 1
13 81 1
13 86 1
13 105 1
13 122 1
14 73 1
15 49 1
15 57 1
15 59 1
15 95 1
16 42 1
17 115 1
18 14 1
18 58 1
18 110 1
19 39 1
20 15 1
21 82 1
21 120 1
22 76 1
23 35 1
24 112 1
25 12 1
25 41 1
25 72 1
25 74 1
25 78 1
25 83 1
25 87 1
25 90 1
25 115 1
25 118 1
26 64 1
26 98 1
27 11 1
28 6 1
28 73 1
28 102 1
29 65 1
30 53 1
31 84 1
31 98 1
31 118 1
31 119 1
32 69 1
33 77 1
34 67 1
35 19 1
35 84 1
35 91 1
36 80 1
36 87 1
36 91 1
37 84 1
38 36 1
39 13 1
40 17 1
40 26 1
41 82 1
42 108 1
42 111 1
43 22 1
43 88 1
44 116 1
45 51 1
46 9 1
47 66 1
47 108 1
48 82 1
49 64 1
49 105 1
50 98 1
50 114 1
51 75 1
52 78 1
53 1 1
54 61 1
54 74 1
55 40 1
56 43 1
57 20 1
58 55 1
59 76 1
60 112 1
61 84 1
62 86 1
63 85 1
64 109 1
65 75 1
66 18 1
67 121 1
68 110 1
69 54 1
70 35 1
71 63 1
72 71 1
73 46 1
74 113 1
75 6 1
76 89 1
77 16 1
78 37 1
79 115 1
80 111 1
81 114 1
82 117 1
83 95 1
84 8 1
84 23 1
84 48 1
84 120 1
85 71 1
86 39 1
87 93 1
88 56 1
89 5 1
90 106 1
91 32 1
92 107 1
93 102 1
94 58 1
95 72 1
96 47 1
97 89 1
98 18 1
99 8 1
100 44 1
101 104 1
102 2 1
103 106 1
104 10 1
104 31 1
104 100 1
105 114 1
106 66 1
106 97 1
107 88 1
108 54 1
109 117 1
110 2 1
111 119 1
112 107 1
113 4 1
114 45 1
115 14 1
117 47 1
118 52 1
119 21 1
119 104 1
120 3 1
120 81 1
121 90 1
122 33 1
