1 4 1
1 10 1
1 26 1
1 45 1
1 105 1
2 36 1
3 2 1
3 73 1
3 111 1
3 112 1
3 115 1
3 120 1
4 91 1
5 13 1
5 61 1
5 103 1
5 112 1
5 120 1
6 113 1
7 9 1
7 38 1
7 84 1
7 89 1
7 109 1
7 115 1
8 79 1
9 35 1
9 56 1
9 80 1
10 88 1
11 12 1
11 42 1
11 49 1
11 53 1
12 17 1
13 11 1
13 21 1
13 30 1
13 55 1
13 90 1
13 122 1
14 108 1
15 31 1
15 56 1
15 79 1
15 88 1
16 102 1
17 114 1
18 97 1
18 100 1
18 103 1
19 43 1
20 98 1
21 32 1
21 116 1
22 83 1
23 47 1
24 39 1
25 40 1
25 54 1
25 59 1
25 64 1
25 69 1
25 78 1
25 85 1
25 102 1
25 111 1
25 117 1
26 46 1
26 114 1
27 37 1
28 8 1
28 82 1
28 90 1
29 14 1
30 82 1
31 10 1
31 48 1
31 84 1
31 115 1
32 41 1
33 100 1
34 6 1
35 7 1
35 108 1
35 119 1
36 34 1
36 107 1
36 121 1
37 14 1
38 93 1
39 16 1
40 51 1
40 71 1
41 86 1
42 27 1
42 106 1
43 18 1
43 65 1
44 106 1
45 72 1
46 86 1
47 63 1
47 74 1
48 95 1
49 75 1
49 81 1
50 2 1
50 89 1
51 28 1
52 98 1
53 76 1
54 16 1
54 57 1
55 8 1
56 24 1
57 67 1
58 77 1
59 108 1
60 19 1
61 107 1
62 22 1
63 23 1
64 3 1
65 15 1
66 1 1
67 54 1
68 118 1
69 98 1
70 58 1
71 121 1
72 66 1
73 64 1
74 84 1
75 74 1
76 119 1
77 47 1
78 116 1
79 33 1
80 73 1
81 89 1
82 44 1
83 29 1
84 18 1
84 77 1
84 80 1
84 95 1
85 12 1
86 75 1
87 83 1
88 66 1
89 103 1
90 118 1
91 5 1
92 85 1
93 71 1
94 4 1
95 87 1
96 72 1
97 84 1
98 117 1
99 31 1
100 50 1
101 104 1
102 81 1
103 39 1
104 52 1
104 58 1
104 109 1
105 76 1
106 82 1
106 93 1
107 122 1
108 110 1
109 113 1
110 35 1
111 87 1
112 21 1
113 78 1
114 20 1
115 114 1
117 104 1
118 97 1
119 105 1
119 110 1
120 6 1
120 91 1
121 105 1
122 102 1
