1 8 1
1 27 1
1 31 1
1 46 1
1 115 1
2 112 1
3 16 1
3 20 1
3 56 1
3 86 1
3 116 1
3 122 1
4 30 1
5 11 1
5 45 1
5 51 1
5 105 1
5 108 1
6 54 1
7 9 1
7 21 1
7 85 1
7 87 1
7 89 1
7 93 1
8 83 1
9 56 1
9 58 1
9 113 1
10 15 1
11 28 1
11 80 1
11 103 1
11 117 1
12 53 1
13 7 1
13 37 1
13 63 1
13 71 1
13 100 1
13 118 1
14 4 1
15 57 1
15 106 1
15 107 1
15 120 1
16 6 1
17 49 1
18 33 1
18 116 1
18 118 1
19 100 1
20 103 1
21 79 1
21 97 1
22 21 1
23 86 1
24 38 1
25 1 1
25 2 1
25 17 1
25 32 1
25 55 1
25 72 1
25 73 1
25 78 1
25 102 1
25 121 1
26 66 1
26 77 1
27 110 1
28 81 1
28 91 1
28 114 1
29 111 1
30 39 1
31 14 1
31 52 1
31 59 1
31 105 1
32 95 1
33 88 1
34 3 1
35 76 1
35 79 1
35 83 1
36 8 1
36 12 1
36 69 1
37 65 1
38 14 1
39 4 1
40 43 1
40 109 1
41 18 1
42 47 1
42 117 1
43 95 1
43 115 1
44 40 1
45 67 1
46 6 1
47 48 1
47 109 1
48 41 1
49 75 1
49 90 1
50 64 1
50 104 1
51 115 1
52 102 1
53 108 1
54 16 1
54 84 1
55 35 1
56 19 1
57 113 1
58 84 1
59 107 1
60 23 1
61 98 1
62 24 1
63 88 1
64 90 1
65 91 1
66 42 1
67 54 1
68 104 1
69 73 1
70 74 1
71 58 1
72 76 1
73 84 1
74 82 1
75 114 1
76 119 1
77 98 1
78 34 1
79 82 1
80 77 1
81 31 1
82 35 1
83 108 1
84 64 1
84 80 1
84 112 1
84 121 1
85 103 1
86 120 1
87 105 1
88 66 1
89 13 1
90 50 1
91 78 1
92 110 1
93 81 1
94 10 1
95 26 1
96 22 1
97 102 1
98 84 1
99 122 1
100 74 1
101 87 1
102 18 1
103 5 1
104 2 1
104 36 1
104 114 1
105 93 1
106 29 1
106 71 1
107 75 1
108 12 1
109 111 1
110 119 1
111 85 1
112 97 1
113 44 1
114 89 1
115 106 1
117 82 1
118 39 1
119 61 1
119 72 1
120 10 1
120 89 1
121 98 1
122 47 1
