1 2 1
1 20 1
1 35 1
1 51 1
1 120 1
2 26 1
3 19 1
3 21 1
3 82 1
3 90 1
3 115 1
3 116 1
4 86 1
5 12 1
5 31 1
5 108 1
5 116 1
5 122 1
6 112 1
7 14 1
7 48 1
7 66 1
7 78 1
7 89 1
7 109 1
8 80 1
9 41 1
9 47 1
9 82 1
10 56 1
11 34 1
11 43 1
11 64 1
11 118 1
12 18 1
13 33 1
13 50 1
13 71 1
13 76 1
13 79 1
13 119 1
14 75 1
15 91 1
15 98 1
15 103 1
15 112 1
16 42 1
17 57 1
18 39 1
18 88 1
18 102 1
19 118 1
20 47 1
21 10 1
21 111 1
22 73 1
23 49 1
24 100 1
25 6 1
25 14 1
25 23 1
25 52 1
25 54 1
25 61 1
25 74 1
25 105 1
25 114 1
25 115 1
26 67 1
26 104 1
27 24 1
28 9 1
28 45 1
28 65 1
29 15 1
30 3 1
31 6 1
31 8 1
31 53 1
31 76 1
32 113 1
33 80 1
34 106 1
35 18 1
35 37 1
35 108 1
36 93 1
36 115 1
36 119 1
37 21 1
38 13 1
39 97 1
40 7 1
40 11 1
41 28 1
42 71 1
42 89 1
43 16 1
43 88 1
44 54 1
45 108 1
46 35 1
47 5 1
47 39 1
48 74 1
49 58 1
49 114 1
50 87 1
50 95 1
51 79 1
52 86 1
53 63 1
54 103 1
54 106 1
55 46 1
56 105 1
57 90 1
58 32 1
59 114 1
60 77 1
61 84 1
62 85 1
63 82 1
64 121 1
65 8 1
66 117 1
67 66 1
68 78 1
69 58 1
70 93 1
71 38 1
72 107 1
73 69 1
74 4 1
75 105 1
76 91 1
77 4 1
78 84 1
79 1 1
80 83 1
81 102 1
82 29 1
83 102 1
84 16 1
84 59 1
84 77 1
84 81 1
85 55 1
86 95 1
87 122 1
88 2 1
89 40 1
90 17 1
91 117 1
92 109 1
93 56 1
94 27 1
95 89 1
96 85 1
97 121 1
98 75 1
99 111 1
100 31 1
101 120 1
102 113 1
103 83 1
104 36 1
104 97 1
104 103 1
105 98 1
106 30 1
106 44 1
107 64 1
108 73 1
109 22 1
110 100 1
111 72 1
112 84 1
113 81 1
114 110 1
115 12 1
117 98 1
118 110 1
119 10 1
119 104 1
120 84 1
120 87 1
121 107 1
122 72 1
