1 3 1
1 16 1
1 47 1
1 59 1
1 104 1
2 100 1
3 17 1
3 52 1
3 76 1
3 98 1
3 107 1
3 117 1
4 20 1
5 6 1
5 74 1
5 97 1
5 106 1
5 121 1
6 1 1
7 27 1
7 31 1
7 32 1
7 66 1
7 88 1
7 108 1
8 31 1
9 29 1
9 64 1
9 120 1
10 84 1
11 51 1
11 88 1
11 106 1
11 114 1
12 95 1
13 4 1
13 18 1
13 21 1
13 81 1
13 85 1
13 103 1
14 56 1
15 2 1
15 45 1
15 80 1
15 110 1
16 57 1
17 83 1
18 8 1
18 93 1
18 104 1
19 28 1
20 90 1
21 44 1
21 87 1
22 42 1
23 103 1
24 69 1
25 35 1
25 73 1
25 76 1
25 79 1
25 81 1
25 82 1
25 100 1
25 107 1
25 111 1
25 117 1
26 65 1
26 115 1
27 84 1
28 47 1
28 112 1
28 115 1
29 71 1
30 84 1
31 39 1
31 71 1
31 78 1
31 113 1
32 89 1
33 4 1
34 115 1
35 49 1
35 89 1
35 116 1
36 7 1
36 21 1
36 82 1
37 5 1
38 48 1
39 9 1
40 53 1
40 82 1
41 97 1
42 77 1
42 89 1
43 14 1
43 75 1
44 90 1
45 122 1
46 37 1
47 63 1
47 72 1
48 43 1
49 6 1
49 40 1
50 2 1
50 98 1
51 67 1
52 74 1
53 103 1
54 58 1
54 64 1
55 119 1
56 114 1
57 119 1
58 41 1
59 105 1
60 122 1
61 15 1
62 118 1
63 105 1
64 86 1
65 66 1
66 113 1
67 79 1
68 121 1
69 114 1
70 14 1
71 72 1
72 61 1
73 55 1
74 77 1
75 118 1
76 93 1
77 78 1
78 8 1
79 98 1
80 56 1
81 108 1
82 19 1
83 105 1
84 11 1
84 73 1
84 91 1
84 109 1
85 120 1
86 54 1
87 80 1
88 87 1
89 12 1
90 34 1
91 10 1
92 75 1
93 102 1
94 26 1
95 102 1
96 35 1
97 58 1
98 24 1
99 102 1
100 10 1
101 86 1
102 112 1
103 83 1
104 13 1
104 23 1
104 116 1
105 110 1
106 18 1
106 84 1
107 108 1
108 85 1
109 30 1
110 22 1
111 109 1
112 95 1
113 33 1
114 111 1
115 38 1
117 91 1
118 12 1
119 16 1
119 50 1
120 39 1
120 54 1
121 46 1
122 36 1
