1 10 1
1 40 1
1 72 1
1 115 1
1 116 1
2 61 1
3 8 1
3 18 1
3 55 1
3 56 1
3 75 1
3 81 1
4 80 1
5 54 1
5 87 1
5 105 1
5 108 1
5 122 1
6 46 1
7 2 1
7 15 1
7 16 1
7 76 1
7 89 1
7 112 1
8 104 1
9 6 1
9 82 1
9 110 1
10 84 1
11 17 1
11 27 1
11 81 1
11 89 1
12 121 1
13 16 1
13 58 1
13 74 1
13 77 1
13 87 1
13 88 1
14 77 1
15 82 1
15 95 1
15 104 1
15 110 1
16 106 1
17 31 1
18 26 1
18 82 1
18 100 1
19 114 1
20 71 1
21 1 1
21 103 1
22 105 1
23 74 1
24 85 1
25 4 1
25 28 1
25 45 1
25 73 1
25 91 1
25 103 1
25 106 1
25 107 1
25 117 1
25 122 1
26 78 1
26 116 1
27 118 1
28 38 1
28 65 1
28 102 1
29 41 1
30 48 1
31 39 1
31 43 1
31 98 1
31 119 1
32 98 1
33 35 1
34 79 1
35 6 1
35 69 1
35 86 1
36 9 1
36 98 1
36 113 1
37 117 1
38 108 1
39 89 1
40 21 1
40 35 1
41 7 1
42 4 1
42 34 1
43 83 1
43 120 1
44 76 1
45 47 1
46 36 1
47 64 1
47 75 1
48 54 1
49 79 1
49 80 1
50 42 1
50 118 1
51 109 1
52 2 1
53 97 1
54 8 1
54 51 1
55 29 1
56 114 1
57 93 1
58 121 1
59 47 1
60 49 1
61 56 1
62 90 1
63 23 1
64 72 1
65 112 1
66 3 1
67 24 1
68 39 1
69 14 1
70 66 1
71 32 1
72 84 1
73 19 1
74 90 1
75 57 1
76 86 1
77 95 1
78 12 1
79 83 1
80 44 1
81 93 1
82 113 1
83 102 1
84 5 1
84 22 1
84 50 1
84 120 1
85 31 1
86 33 1
87 97 1
88 67 1
89 111 1
90 13 1
91 71 1
92 100 1
93 64 1
94 108 1
95 111 1
96 115 1
97 107 1
98 105 1
99 66 1
100 114 1
101 20 1
102 88 1
103 109 1
104 37 1
104 52 1
104 115 1
105 84 1
106 58 1
106 63 1
107 102 1
108 73 1
109 21 1
110 14 1
111 30 1
112 11 1
113 18 1
114 91 1
115 12 1
117 78 1
118 84 1
119 59 1
119 85 1
120 10 1
120 119 1
121 103 1
122 53 1
