1 48 1
1 71 1
1 73 1
1 86 1
1 95 1
2 54 1
3 16 1
3 75 1
3 78 1
3 81 1
3 82 1
3 95 1
4 47 1
5 12 1
5 55 1
5 63 1
5 66 1
5 87 1
6 83 1
7 19 1
7 30 1
7 35 1
7 51 1
7 97 1
7 98 1
8 108 1
9 11 1
9 29 1
9 64 1
10 34 1
11 22 1
11 45 1
11 85 1
11 103 1
12 88 1
13 9 1
13 58 1
13 65 1
13 72 1
13 76 1
13 78 1
14 121 1
15 38 1
15 67 1
15 112 1
15 118 1
16 113 1
17 108 1
18 66 1
18 79 1
18 114 1
19 109 1
20 47 1
21 33 1
21 91 1
22 21 1
23 106 1
24 31 1
25 4 1
25 43 1
25 54 1
25 74 1
25 77 1
25 83 1
25 100 1
25 102 1
25 112 1
25 115 1
26 16 1
26 50 1
27 82 1
28 14 1
28 116 1
28 118 1
29 41 1
30 90 1
31 102 1
31 103 1
31 105 1
31 119 1
32 7 1
33 107 1
34 27 1
35 4 1
35 107 1
35 111 1
36 6 1
36 42 1
36 89 1
37 88 1
38 52 1
39 98 1
40 36 1
40 115 1
41 64 1
42 59 1
42 86 1
43 18 1
43 69 1
44 15 1
45 105 1
46 44 1
47 103 1
47 121 1
48 84 1
49 56 1
49 61 1
50 114 1
50 116 1
51 58 1
52 105 1
53 14 1
54 57 1
54 104 1
55 49 1
56 108 1
57 37 1
58 10 1
59 106 1
60 89 1
61 72 1
62 93 1
63 3 1
64 39 1
65 81 1
66 89 1
67 109 1
68 53 1
69 117 1
70 111 1
71 77 1
72 32 1
73 84 1
74 120 1
75 122 1
76 110 1
77 35 1
78 5 1
79 2 1
80 114 1
81 117 1
82 80 1
83 84 1
84 1 1
84 6 1
84 46 1
84 80 1
85 110 1
86 84 1
87 120 1
88 18 1
89 40 1
90 17 1
91 90 1
92 97 1
93 73 1
94 28 1
95 115 1
96 31 1
97 76 1
98 87 1
99 122 1
100 12 1
101 8 1
102 21 1
103 71 1
104 23 1
104 91 1
104 113 1
105 24 1
106 85 1
106 104 1
107 2 1
108 100 1
109 93 1
110 13 1
111 26 1
112 79 1
113 56 1
114 75 1
115 39 1
117 119 1
118 82 1
119 8 1
119 74 1
120 98 1
120 102 1
121 20 1
122 10 1
