1 5 1
1 90 1
1 98 1
1 104 1
1 120 1
2 53 1
3 6 1
3 13 1
3 30 1
3 80 1
3 120 1
3 122 1
4 56 1
5 31 1
5 43 1
5 46 1
5 89 1
5 119 1
6 58 1
7 14 1
7 19 1
7 47 1
7 73 1
7 114 1
7 116 1
8 95 1
9 50 1
9 93 1
9 119 1
10 54 1
11 10 1
11 47 1
11 103 1
11 118 1
12 84 1
13 14 1
13 24 1
13 48 1
13 83 1
13 95 1
13 117 1
14 107 1
15 10 1
15 71 1
15 80 1
15 100 1
16 59 1
17 67 1
18 9 1
18 73 1
18 87 1
19 52 1
20 64 1
21 40 1
21 55 1
22 21 1
23 7 1
24 8 1
25 21 1
25 61 1
25 71 1
25 72 1
25 76 1
25 87 1
25 89 1
25 108 1
25 109 1
25 115 1
26 1 1
26 34 1
27 18 1
28 18 1
28 38 1
28 100 1
29 98 1
30 83 1
31 32 1
31 45 1
31 66 1
31 78 1
32 51 1
33 109 1
34 116 1
35 29 1
35 56 1
35 103 1
36 84 1
36 93 1
36 118 1
37 28 1
38 37 1
39 44 1
40 112 1
40 114 1
41 20 1
42 105 1
42 108 1
43 84 1
43 102 1
44 49 1
45 111 1
46 98 1
47 23 1
47 115 1
48 16 1
49 103 1
49 113 1
50 106 1
50 117 1
51 8 1
52 42 1
53 77 1
54 33 1
54 105 1
55 79 1
56 88 1
57 69 1
58 16 1
59 22 1
60 85 1
61 102 1
62 72 1
63 17 1
64 12 1
65 4 1
66 57 1
67 82 1
68 6 1
69 102 1
70 27 1
71 111 1
72 15 1
73 39 1
74 2 1
75 114 1
76 91 1
77 54 1
78 115 1
79 90 1
80 36 1
81 82 1
82 63 1
83 75 1
84 31 1
84 75 1
84 86 1
84 91 1
85 39 1
86 85 1
87 77 1
88 4 1
89 113 1
90 110 1
91 104 1
92 121 1
93 74 1
94 64 1
95 66 1
96 12 1
97 108 1
98 35 1
99 97 1
100 122 1
101 35 1
102 2 1
103 107 1
104 74 1
104 76 1
104 81 1
105 112 1
106 89 1
106 121 1
107 11 1
108 41 1
109 3 1
110 79 1
111 78 1
112 58 1
113 106 1
114 84 1
115 81 1
117 82 1
118 88 1
119 105 1
119 110 1
120 26 1
120 97 1
121 65 1
122 86 1
