1 16 1
1 39 1
1 54 1
1 59 1
1 115 1
2 122 1
3 19 1
3 52 1
3 66 1
3 72 1
3 87 1
3 106 1
4 14 1
5 34 1
5 57 1
5 67 1
5 91 1
5 121 1
6 21 1
7 10 1
7 12 1
7 23 1
7 73 1
7 112 1
7 121 1
8 35 1
9 28 1
9 66 1
9 122 1
10 1 1
11 74 1
11 86 1
11 115 1
11 119 1
12 69 1
13 8 1
13 32 1
13 43 1
13 83 1
13 102 1
13 103 1
14 113 1
15 47 1
15 64 1
15 95 1
15 112 1
16 81 1
17 11 1
18 15 1
18 65 1
18 116 1
19 58 1
20 6 1
21 84 1
21 110 1
22 42 1
23 4 1
24 30 1
25 20 1
25 84 1
25 86 1
25 89 1
25 98 1
25 100 1
25 109 1
25 111 1
25 113 1
25 120 1
26 41 1
26 93 1
27 117 1
28 6 1
28 95 1
28 100 1
29 84 1
30 114 1
31 22 1
31 39 1
31 97 1
31 114 1
32 61 1
33 48 1
34 102 1
35 27 1
35 58 1
35 78 1
36 24 1
36 75 1
36 80 1
37 89 1
38 47 1
39 93 1
40 51 1
40 104 1
41 108 1
42 31 1
42 111 1
43 3 1
43 84 1
44 40 1
45 105 1
46 103 1
47 76 1
47 82 1
48 14 1
49 35 1
49 55 1
50 85 1
50 89 1
51 117 1
52 108 1
53 36 1
54 46 1
54 102 1
55 87 1
56 2 1
57 76 1
58 7 1
59 98 1
60 45 1
61 116 1
62 54 1
63 74 1
64 16 1
65 26 1
66 88 1
67 90 1
68 44 1
69 18 1
70 75 1
71 107 1
72 73 1
73 114 1
74 103 1
75 108 1
76 50 1
77 29 1
78 21 1
79 18 1
80 5 1
81 85 1
82 88 1
83 38 1
84 13 1
84 77 1
84 81 1
84 115 1
85 71 1
86 105 1
87 49 1
88 79 1
89 104 1
90 64 1
91 33 1
92 8 1
93 12 1
94 106 1
95 79 1
96 72 1
97 83 1
98 77 1
99 118 1
100 9 1
101 2 1
102 91 1
103 63 1
104 17 1
104 37 1
104 71 1
105 90 1
106 53 1
106 105 1
107 97 1
108 119 1
109 82 1
110 82 1
111 56 1
112 98 1
113 4 1
114 109 1
115 10 1
117 56 1
118 120 1
119 110 1
119 118 1
120 31 1
120 107 1
121 80 1
122 78 1
