1 6 1
1 40 1
1 102 1
1 104 1
1 114 1
2 121 1
3 8 1
3 21 1
3 52 1
3 85 1
3 98 1
3 108 1
4 3 1
5 16 1
5 42 1
5 47 1
5 77 1
5 107 1
6 115 1
7 9 1
7 63 1
7 91 1
7 97 1
7 107 1
7 119 1
8 46 1
9 12 1
9 72 1
9 117 1
10 16 1
11 6 1
11 13 1
11 27 1
11 100 1
12 82 1
13 65 1
13 73 1
13 88 1
13 116 1
13 120 1
13 122 1
14 72 1
15 17 1
15 81 1
15 87 1
15 115 1
16 43 1
17 67 1
18 39 1
18 85 1
18 114 1
19 118 1
20 77 1
21 35 1
21 110 1
22 109 1
23 86 1
24 66 1
25 4 1
25 8 1
25 12 1
25 64 1
25 66 1
25 79 1
25 91 1
25 97 1
25 98 1
25 100 1
26 93 1
26 105 1
27 82 1
28 11 1
28 88 1
28 108 1
29 104 1
30 118 1
31 14 1
31 102 1
31 103 1
31 113 1
32 80 1
33 95 1
34 90 1
35 54 1
35 74 1
35 75 1
36 33 1
36 41 1
36 81 1
37 10 1
38 80 1
39 44 1
40 29 1
40 84 1
41 14 1
42 15 1
42 38 1
43 5 1
43 111 1
44 58 1
45 82 1
46 10 1
47 51 1
47 71 1
48 98 1
49 83 1
49 86 1
50 28 1
50 56 1
51 49 1
52 45 1
53 57 1
54 55 1
54 89 1
55 113 1
56 93 1
57 78 1
58 2 1
59 95 1
60 37 1
61 26 1
62 103 1
63 103 1
64 120 1
65 117 1
66 87 1
67 19 1
68 110 1
69 2 1
70 23 1
71 75 1
72 7 1
73 34 1
74 90 1
75 39 1
76 114 1
77 24 1
78 53 1
79 20 1
80 109 1
81 47 1
82 71 1
83 31 1
84 56 1
84 58 1
84 89 1
84 102 1
85 4 1
86 22 1
87 35 1
88 18 1
89 105 1
90 121 1
91 116 1
92 78 1
93 84 1
94 119 1
95 36 1
96 50 1
97 112 1
98 83 1
99 30 1
100 84 1
101 89 1
102 105 1
103 115 1
104 79 1
104 106 1
104 108 1
105 84 1
106 48 1
106 76 1
107 54 1
108 111 1
109 69 1
110 61 1
111 18 1
112 59 1
113 1 1
114 106 1
115 32 1
117 122 1
118 73 1
119 64 1
119 112 1
120 21 1
120 76 1
121 74 1
122 31 1
