1 14 1
1 64 1
1 69 1
1 78 1
1 86 1
2 113 1
3 31 1
3 42 1
3 72 1
3 79 1
3 83 1
3 84 1
4 85 1
5 1 1
5 32 1
5 65 1
5 67 1
5 79 1
6 105 1
7 2 1
7 15 1
7 34 1
7 97 1
7 114 1
7 119 1
8 77 1
9 47 1
9 106 1
9 110 1
10 95 1
11 5 1
11 31 1
11 55 1
11 83 1
12 26 1
13 28 1
13 54 1
13 77 1
13 80 1
13 84 1
13 107 1
14 39 1
15 39 1
15 78 1
15 93 1
15 108 1
16 109 1
17 104 1
18 57 1
18 105 1
18 107 1
19 22 1
20 33 1
21 18 1
21 112 1
22 117 1
23 102 1
24 108 1
25 10 1
25 29 1
25 37 1
25 44 1
25 51 1
25 54 1
25 56 1
25 64 1
25 98 1
25 111 1
26 11 1
26 82 1
27 35 1
28 81 1
28 98 1
28 117 1
29 102 1
30 111 1
31 50 1
31 100 1
31 113 1
31 116 1
32 115 1
33 12 1
34 102 1
35 4 1
35 90 1
35 119 1
36 20 1
36 106 1
36 109 1
37 120 1
38 16 1
39 88 1
40 91 1
40 105 1
41 108 1
42 76 1
42 122 1
43 9 1
43 121 1
44 47 1
45 16 1
46 45 1
47 43 1
47 88 1
48 74 1
49 17 1
49 84 1
50 71 1
50 87 1
51 118 1
52 66 1
53 80 1
54 82 1
54 115 1
55 30 1
56 89 1
57 48 1
58 52 1
59 58 1
60 40 1
61 121 1
62 103 1
63 81 1
64 103 1
65 63 1
66 85 1
67 120 1
68 19 1
69 38 1
70 86 1
71 95 1
72 24 1
73 10 1
74 66 1
75 74 1
76 114 1
77 87 1
78 35 1
79 93 1
80 103 1
81 110 1
82 8 1
83 6 1
84 6 1
84 18 1
84 97 1
84 114 1
85 8 1
86 4 1
87 46 1
88 14 1
89 58 1
90 112 1
91 118 1
92 122 1
93 91 1
94 98 1
95 73 1
96 89 1
97 116 1
98 90 1
99 61 1
100 71 1
101 75 1
102 75 1
103 89 1
104 23 1
104 49 1
104 115 1
105 84 1
106 59 1
106 100 1
107 21 1
108 56 1
109 21 1
110 7 1
111 2 1
112 72 1
113 3 1
114 53 1
115 13 1
117 82 1
118 73 1
119 12 1
119 27 1
120 41 1
120 76 1
121 104 1
122 36 1
