1 30 1
1 31 1
1 51 1
1 71 1
1 115 1
2 119 1
3 22 1
3 61 1
3 78 1
3 100 1
3 108 1
3 110 1
4 86 1
5 2 1
5 8 1
5 46 1
5 50 1
5 118 1
6 83 1
7 2 1
7 12 1
7 21 1
7 32 1
7 57 1
7 86 1
8 56 1
9 67 1
9 87 1
9 105 1
10 98 1
11 43 1
11 93 1
11 95 1
11 98 1
12 103 1
13 4 1
13 14 1
13 84 1
13 95 1
13 97 1
13 102 1
14 8 1
15 27 1
15 75 1
15 80 1
15 89 1
16 13 1
17 102 1
18 83 1
18 85 1
18 117 1
19 6 1
20 36 1
21 17 1
21 80 1
22 26 1
23 78 1
24 91 1
25 12 1
25 16 1
25 33 1
25 35 1
25 56 1
25 65 1
25 88 1
25 106 1
25 107 1
25 122 1
26 63 1
26 115 1
27 93 1
28 72 1
28 108 1
28 113 1
29 110 1
30 3 1
31 7 1
31 69 1
31 75 1
31 88 1
32 117 1
33 54 1
34 91 1
35 41 1
35 73 1
35 77 1
36 97 1
36 104 1
36 115 1
37 113 1
38 82 1
39 100 1
40 55 1
40 104 1
41 34 1
42 49 1
42 105 1
43 84 1
43 111 1
44 114 1
45 109 1
46 109 1
47 82 1
47 116 1
48 73 1
49 37 1
49 108 1
50 74 1
50 79 1
51 74 1
52 120 1
53 81 1
54 18 1
54 45 1
55 103 1
56 10 1
57 81 1
58 85 1
59 118 1
60 14 1
61 114 1
62 29 1
63 122 1
64 10 1
65 66 1
66 47 1
67 58 1
68 71 1
69 111 1
70 47 1
71 39 1
72 82 1
73 102 1
74 77 1
75 58 1
76 90 1
77 114 1
78 90 1
79 84 1
80 84 1
81 9 1
82 11 1
83 4 1
84 15 1
84 16 1
84 23 1
84 121 1
85 112 1
86 31 1
87 19 1
88 5 1
89 121 1
90 98 1
91 44 1
92 105 1
93 52 1
94 39 1
95 106 1
96 6 1
97 20 1
98 76 1
99 1 1
100 120 1
101 64 1
102 21 1
103 112 1
104 28 1
104 87 1
104 89 1
105 64 1
106 59 1
106 72 1
107 116 1
108 40 1
109 53 1
110 76 1
111 42 1
112 18 1
113 79 1
114 35 1
115 107 1
117 54 1
118 38 1
119 89 1
119 103 1
120 24 1
120 66 1
121 119 1
122 48 1
