1 10 1
1 24 1
1 31 1
1 95 1
1 108 1
2 81 1
3 59 1
3 82 1
3 85 1
3 93 1
3 95 1
3 105 1
4 40 1
5 17 1
5 19 1
5 89 1
5 93 1
5 108 1
6 64 1
7 15 1
7 54 1
7 78 1
7 100 1
7 112 1
7 121 1
8 119 1
9 2 1
9 16 1
9 75 1
10 74 1
11 21 1
11 39 1
11 42 1
11 81 1
12 97 1
13 5 1
13 8 1
13 14 1
13 18 1
13 78 1
13 98 1
14 69 1
15 13 1
15 63 1
15 80 1
15 116 1
16 64 1
17 114 1
18 16 1
18 83 1
18 103 1
19 103 1
20 118 1
21 37 1
21 76 1
22 48 1
23 87 1
24 29 1
25 7 1
25 9 1
25 56 1
25 77 1
25 82 1
25 89 1
25 102 1
25 106 1
25 116 1
25 122 1
26 27 1
26 79 1
27 122 1
28 32 1
28 51 1
28 58 1
29 31 1
30 110 1
31 46 1
31 79 1
31 91 1
31 109 1
32 110 1
33 74 1
34 28 1
35 20 1
35 55 1
35 114 1
36 41 1
36 50 1
36 91 1
37 53 1
38 77 1
39 120 1
40 105 1
40 115 1
41 103 1
42 36 1
42 47 1
43 45 1
43 98 1
44 86 1
45 100 1
46 121 1
47 43 1
47 85 1
48 109 1
49 58 1
49 67 1
50 21 1
50 38 1
51 34 1
52 102 1
53 86 1
54 76 1
54 114 1
55 44 1
56 97 1
57 107 1
58 111 1
59 56 1
60 73 1
61 73 1
62 22 1
63 115 1
64 90 1
65 80 1
66 33 1
67 72 1
68 66 1
69 66 1
70 107 1
71 6 1
72 111 1
73 8 1
74 1 1
75 4 1
76 106 1
77 49 1
78 105 1
79 89 1
80 118 1
81 83 1
82 90 1
83 88 1
84 12 1
84 14 1
84 61 1
84 117 1
85 113 1
86 117 1
87 113 1
88 10 1
89 84 1
90 6 1
91 119 1
92 57 1
93 87 1
94 47 1
95 112 1
96 18 1
97 84 1
98 84 1
99 65 1
100 30 1
101 52 1
102 2 1
103 108 1
104 3 1
104 35 1
104 72 1
105 104 1
106 12 1
106 71 1
107 71 1
108 82 1
109 88 1
110 39 1
111 115 1
112 98 1
113 120 1
114 104 1
115 4 1
117 54 1
118 35 1
119 23 1
119 84 1
120 11 1
120 102 1
121 75 1
122 26 1
