1 31 1
1 46 1
1 63 1
1 118 1
1 120 1
2 80 1
3 2 1
3 56 1
3 66 1
3 79 1
3 82 1
3 90 1
4 22 1
5 84 1
5 90 1
5 97 1
5 98 1
5 121 1
6 8 1
7 71 1
7 77 1
7 78 1
7 102 1
7 103 1
7 121 1
8 72 1
9 48 1
9 76 1
9 112 1
10 103 1
11 21 1
11 47 1
11 74 1
11 117 1
12 93 1
13 31 1
13 81 1
13 98 1
13 108 1
13 110 1
13 119 1
14 4 1
15 1 1
15 54 1
15 88 1
15 93 1
16 21 1
17 12 1
18 8 1
18 88 1
18 100 1
19 45 1
20 104 1
21 37 1
21 111 1
22 81 1
23 33 1
24 115 1
25 3 1
25 18 1
25 19 1
25 34 1
25 36 1
25 77 1
25 97 1
25 102 1
25 107 1
25 119 1
26 67 1
26 75 1
27 39 1
28 14 1
28 89 1
28 95 1
29 98 1
30 83 1
31 23 1
31 73 1
31 87 1
31 89 1
32 20 1
33 13 1
34 117 1
35 17 1
35 75 1
35 109 1
36 30 1
36 89 1
36 103 1
37 106 1
38 57 1
39 6 1
40 7 1
40 74 1
41 115 1
42 4 1
42 65 1
43 86 1
43 116 1
44 82 1
45 80 1
46 73 1
47 91 1
47 104 1
48 84 1
49 50 1
49 72 1
50 26 1
50 83 1
51 118 1
52 122 1
53 52 1
54 76 1
54 100 1
55 114 1
56 112 1
57 84 1
58 11 1
59 87 1
60 16 1
61 86 1
62 95 1
63 10 1
64 102 1
65 105 1
66 64 1
67 115 1
68 116 1
69 78 1
70 106 1
71 14 1
72 6 1
73 105 1
74 29 1
75 58 1
76 105 1
77 110 1
78 40 1
79 5 1
80 47 1
81 59 1
82 24 1
83 82 1
84 38 1
84 43 1
84 108 1
84 114 1
85 12 1
86 84 1
87 61 1
88 55 1
89 107 1
90 91 1
91 113 1
92 111 1
93 49 1
94 2 1
95 18 1
96 28 1
97 53 1
98 66 1
99 27 1
100 122 1
101 10 1
102 54 1
103 114 1
104 32 1
104 58 1
104 113 1
105 42 1
106 35 1
106 69 1
107 109 1
108 51 1
109 64 1
110 44 1
111 9 1
112 85 1
113 85 1
114 56 1
115 120 1
117 35 1
118 108 1
119 16 1
119 39 1
120 15 1
120 41 1
121 79 1
122 71 1
