1 30 1
1 32 1
1 47 1
1 89 1
1 108 1
2 73 1
3 1 1
3 73 1
3 80 1
3 97 1
3 98 1
3 112 1
4 76 1
5 66 1
5 79 1
5 90 1
5 91 1
5 112 1
6 83 1
7 5 1
7 9 1
7 48 1
7 64 1
7 88 1
7 115 1
8 23 1
9 103 1
9 116 1
9 121 1
10 19 1
11 69 1
11 76 1
11 86 1
11 115 1
12 108 1
13 18 1
13 58 1
13 77 1
13 81 1
13 106 1
13 111 1
14 93 1
15 44 1
15 61 1
15 75 1
15 118 1
16 59 1
17 120 1
18 71 1
18 100 1
18 109 1
19 84 1
20 81 1
21 41 1
21 72 1
22 89 1
23 102 1
24 82 1
25 6 1
25 37 1
25 39 1
25 72 1
25 74 1
25 104 1
25 107 1
25 117 1
25 118 1
25 119 1
26 57 1
26 87 1
27 12 1
28 21 1
28 93 1
28 98 1
29 27 1
30 120 1
31 22 1
31 88 1
31 95 1
31 104 1
32 33 1
33 102 1
34 85 1
35 56 1
35 66 1
35 71 1
36 42 1
36 45 1
36 122 1
37 114 1
38 64 1
39 31 1
40 21 1
40 43 1
41 54 1
42 97 1
42 114 1
43 49 1
43 114 1
44 91 1
45 4 1
46 17 1
47 26 1
47 90 1
48 83 1
49 8 1
49 74 1
50 63 1
50 77 1
51 110 1
52 36 1
53 11 1
54 14 1
54 102 1
55 105 1
56 98 1
57 103 1
58 82 1
59 95 1
60 29 1
61 52 1
62 117 1
63 78 1
64 2 1
65 54 1
66 110 1
67 34 1
68 119 1
69 78 1
70 84 1
71 13 1
72 82 1
73 106 1
74 108 1
75 56 1
76 107 1
77 109 1
78 6 1
79 4 1
80 122 1
81 103 1
82 113 1
83 7 1
84 3 1
84 10 1
84 50 1
84 79 1
85 47 1
86 24 1
87 15 1
88 105 1
89 55 1
90 116 1
91 46 1
92 65 1
93 85 1
94 53 1
95 16 1
96 35 1
97 31 1
98 40 1
99 111 1
100 105 1
101 10 1
102 8 1
103 20 1
104 75 1
104 113 1
104 115 1
105 18 1
106 2 1
106 100 1
107 89 1
108 16 1
109 38 1
110 39 1
111 84 1
112 84 1
113 80 1
114 58 1
115 35 1
117 51 1
118 87 1
119 12 1
119 28 1
120 67 1
120 121 1
121 14 1
122 86 1
