1 3 1
1 37 1
1 39 1
1 75 1
1 89 1
2 21 1
3 6 1
3 21 1
3 59 1
3 79 1
3 83 1
3 122 1
4 103 1
5 17 1
5 34 1
5 58 1
5 91 1
5 100 1
6 56 1
7 24 1
7 35 1
7 53 1
7 82 1
7 97 1
7 114 1
8 102 1
9 15 1
9 26 1
9 41 1
10 90 1
11 8 1
11 66 1
11 75 1
11 85 1
12 98 1
13 6 1
13 12 1
13 52 1
13 76 1
13 90 1
13 95 1
14 30 1
15 48 1
15 79 1
15 105 1
15 116 1
16 67 1
17 119 1
18 107 1
18 108 1
18 113 1
19 111 1
20 103 1
21 45 1
21 85 1
22 23 1
23 28 1
24 104 1
25 46 1
25 55 1
25 64 1
25 71 1
25 74 1
25 81 1
25 89 1
25 111 1
25 114 1
25 117 1
26 1 1
26 47 1
27 54 1
28 47 1
28 65 1
28 73 1
29 8 1
30 113 1
31 43 1
31 54 1
31 84 1
31 120 1
32 19 1
33 87 1
34 119 1
35 106 1
35 107 1
35 108 1
36 50 1
36 66 1
36 73 1
37 12 1
38 82 1
39 16 1
40 2 1
40 110 1
41 20 1
42 110 1
42 112 1
43 11 1
43 61 1
44 80 1
45 102 1
46 14 1
47 35 1
47 63 1
48 118 1
49 76 1
49 114 1
50 89 1
50 105 1
51 77 1
52 121 1
53 42 1
54 38 1
54 115 1
55 57 1
56 93 1
57 56 1
58 121 1
59 71 1
60 10 1
61 84 1
62 22 1
63 29 1
64 69 1
65 88 1
66 44 1
67 102 1
68 49 1
69 98 1
70 14 1
71 91 1
72 87 1
73 115 1
74 18 1
75 40 1
76 31 1
77 10 1
78 117 1
79 13 1
80 51 1
81 109 1
82 108 1
83 31 1
84 33 1
84 72 1
84 77 1
84 86 1
85 78 1
86 116 1
87 84 1
88 39 1
89 93 1
90 72 1
91 82 1
92 84 1
93 86 1
94 105 1
95 104 1
96 32 1
97 106 1
98 64 1
99 81 1
100 74 1
101 95 1
102 58 1
103 78 1
104 2 1
104 4 1
104 109 1
105 18 1
106 7 1
106 112 1
107 103 1
108 100 1
109 16 1
110 120 1
111 98 1
112 97 1
113 88 1
114 9 1
115 27 1
117 80 1
118 36 1
119 5 1
119 118 1
120 83 1
120 122 1
121 115 1
122 4 1
