1 35 1
1 43 1
1 46 1
1 61 1
1 80 1
2 51 1
3 13 1
3 22 1
3 30 1
3 52 1
3 83 1
3 111 1
4 2 1
5 18 1
5 77 1
5 98 1
5 100 1
5 112 1
6 28 1
7 26 1
7 89 1
7 106 1
7 109 1
7 118 1
7 120 1
8 91 1
9 8 1
9 82 1
9 103 1
10 14 1
11 34 1
11 83 1
11 88 1
11 110 1
12 78 1
13 8 1
13 59 1
13 74 1
13 87 1
13 93 1
13 121 1
14 105 1
15 12 1
15 16 1
15 69 1
15 112 1
16 91 1
17 66 1
18 75 1
18 76 1
18 102 1
19 85 1
20 64 1
21 115 1
21 122 1
22 55 1
23 98 1
24 58 1
25 16 1
25 44 1
25 49 1
25 56 1
25 64 1
25 65 1
25 72 1
25 95 1
25 102 1
25 103 1
26 35 1
26 105 1
27 108 1
28 63 1
28 108 1
28 111 1
29 105 1
30 40 1
31 27 1
31 47 1
31 54 1
31 82 1
32 10 1
33 50 1
34 100 1
35 7 1
35 39 1
35 79 1
36 19 1
36 32 1
36 54 1
37 85 1
38 5 1
39 109 1
40 57 1
40 88 1
41 120 1
42 41 1
42 122 1
43 18 1
43 81 1
44 84 1
45 80 1
46 71 1
47 6 1
47 89 1
48 20 1
49 38 1
49 90 1
50 84 1
50 113 1
51 114 1
52 45 1
53 90 1
54 4 1
54 102 1
55 73 1
56 48 1
57 37 1
58 78 1
59 58 1
60 47 1
61 76 1
62 117 1
63 116 1
64 17 1
65 14 1
66 12 1
67 24 1
68 82 1
69 11 1
70 93 1
71 114 1
72 107 1
73 97 1
74 15 1
75 79 1
76 86 1
77 113 1
78 21 1
79 98 1
80 3 1
81 1 1
82 87 1
83 73 1
84 33 1
84 56 1
84 115 1
84 116 1
85 107 1
86 36 1
87 84 1
88 86 1
89 104 1
90 121 1
91 9 1
92 66 1
93 108 1
94 115 1
95 118 1
96 23 1
97 74 1
98 119 1
99 95 1
100 4 1
101 75 1
102 31 1
103 71 1
104 29 1
104 97 1
104 114 1
105 103 1
106 21 1
106 119 1
107 77 1
108 31 1
109 67 1
110 10 1
111 6 1
112 81 1
113 53 1
114 89 1
115 2 1
117 39 1
118 72 1
119 104 1
119 110 1
120 42 1
120 117 1
121 84 1
122 106 1
