1 15 1
1 26 1
1 39 1
1 93 1
1 105 1
2 24 1
3 17 1
3 53 1
3 56 1
3 112 1
3 114 1
3 115 1
4 6 1
5 4 1
5 80 1
5 81 1
5 85 1
5 107 1
6 91 1
7 5 1
7 29 1
7 31 1
7 47 1
7 54 1
7 98 1
8 35 1
9 19 1
9 82 1
9 106 1
10 118 1
11 2 1
11 78 1
11 103 1
11 117 1
12 81 1
13 42 1
13 50 1
13 82 1
13 95 1
13 98 1
13 115 1
14 100 1
15 77 1
15 86 1
15 88 1
15 110 1
16 18 1
17 58 1
18 10 1
18 61 1
18 100 1
19 103 1
20 2 1
21 66 1
21 87 1
22 73 1
23 114 1
24 20 1
25 8 1
25 21 1
25 34 1
25 77 1
25 83 1
25 86 1
25 103 1
25 117 1
25 120 1
25 121 1
26 111 1
26 113 1
27 63 1
28 7 1
28 79 1
28 83 1
29 28 1
30 57 1
31 27 1
31 58 1
31 104 1
31 122 1
32 90 1
33 56 1
34 116 1
35 44 1
35 48 1
35 108 1
36 16 1
36 54 1
36 75 1
37 67 1
38 64 1
39 95 1
40 98 1
40 110 1
41 1 1
42 6 1
42 105 1
43 40 1
43 114 1
44 74 1
45 109 1
46 71 1
47 13 1
47 71 1
48 111 1
49 72 1
49 76 1
50 18 1
50 108 1
51 10 1
52 59 1
53 78 1
54 37 1
54 88 1
55 43 1
56 30 1
57 82 1
58 21 1
59 102 1
60 64 1
61 32 1
62 14 1
63 102 1
64 84 1
65 104 1
66 90 1
67 49 1
68 12 1
69 116 1
70 89 1
71 97 1
72 84 1
73 89 1
74 122 1
75 51 1
76 65 1
77 4 1
78 112 1
79 36 1
80 9 1
81 39 1
82 79 1
83 107 1
84 35 1
84 38 1
84 69 1
84 105 1
85 73 1
86 23 1
87 31 1
88 84 1
89 85 1
90 12 1
91 14 1
92 3 1
93 120 1
94 89 1
95 47 1
96 93 1
97 55 1
98 16 1
99 84 1
100 45 1
101 75 1
102 118 1
103 22 1
104 87 1
104 97 1
104 108 1
105 72 1
106 80 1
106 115 1
107 76 1
108 8 1
109 11 1
110 113 1
111 46 1
112 106 1
113 91 1
114 74 1
115 52 1
117 109 1
118 119 1
119 33 1
119 41 1
120 66 1
120 102 1
121 119 1
122 121 1
