1 44 1
1 51 1
1 59 1
1 104 1
1 109 1
2 35 1
3 8 1
3 41 1
3 80 1
3 91 1
3 98 1
3 117 1
4 37 1
5 2 1
5 23 1
5 47 1
5 91 1
5 114 1
6 106 1
7 3 1
7 16 1
7 30 1
7 65 1
7 72 1
7 105 1
8 86 1
9 53 1
9 69 1
9 105 1
10 102 1
11 4 1
11 12 1
11 56 1
11 122 1
12 15 1
13 34 1
13 36 1
13 45 1
13 71 1
13 75 1
13 83 1
14 85 1
15 8 1
15 39 1
15 77 1
15 113 1
16 75 1
17 9 1
18 74 1
18 76 1
18 107 1
19 79 1
20 105 1
21 35 1
21 122 1
22 67 1
23 18 1
24 79 1
25 17 1
25 18 1
25 42 1
25 57 1
25 58 1
25 66 1
25 78 1
25 82 1
25 100 1
25 121 1
26 6 1
26 115 1
27 81 1
28 24 1
28 78 1
28 85 1
29 118 1
30 48 1
31 4 1
31 22 1
31 52 1
31 80 1
32 20 1
33 103 1
34 98 1
35 5 1
35 83 1
35 98 1
36 38 1
36 110 1
36 116 1
37 31 1
38 13 1
39 12 1
40 71 1
40 84 1
41 49 1
42 2 1
42 118 1
43 7 1
43 110 1
44 6 1
45 56 1
46 95 1
47 106 1
47 108 1
48 102 1
49 27 1
49 108 1
50 40 1
50 61 1
51 63 1
52 93 1
53 116 1
54 10 1
54 39 1
55 93 1
56 73 1
57 29 1
58 86 1
59 103 1
60 55 1
61 14 1
62 114 1
63 21 1
64 76 1
65 43 1
66 120 1
67 73 1
68 95 1
69 97 1
70 119 1
71 50 1
72 112 1
73 16 1
74 72 1
75 82 1
76 115 1
77 87 1
78 113 1
79 90 1
80 87 1
81 33 1
82 31 1
83 19 1
84 54 1
84 58 1
84 77 1
84 89 1
85 90 1
86 26 1
87 84 1
88 112 1
89 66 1
90 14 1
91 81 1
92 89 1
93 82 1
94 1 1
95 107 1
96 74 1
97 115 1
98 104 1
99 88 1
100 28 1
101 21 1
102 64 1
103 119 1
104 54 1
104 88 1
104 100 1
105 117 1
106 84 1
106 103 1
107 46 1
108 84 1
109 121 1
110 64 1
111 108 1
112 114 1
113 109 1
114 120 1
115 111 1
117 11 1
118 97 1
119 102 1
119 111 1
120 10 1
120 89 1
121 47 1
122 32 1
