1 3 1
1 76 1
1 107 1
1 120 1
1 121 1
2 98 1
3 14 1
3 19 1
3 21 1
3 30 1
3 111 1
3 118 1
4 122 1
5 14 1
5 45 1
5 82 1
5 84 1
5 105 1
6 58 1
7 8 1
7 47 1
7 79 1
7 95 1
7 106 1
7 115 1
8 67 1
9 55 1
9 98 1
9 103 1
10 114 1
11 88 1
11 104 1
11 111 1
11 112 1
12 56 1
13 29 1
13 38 1
13 39 1
13 77 1
13 81 1
13 90 1
14 59 1
15 4 1
15 11 1
15 32 1
15 36 1
16 95 1
17 57 1
18 50 1
18 80 1
18 98 1
19 51 1
20 97 1
21 82 1
21 108 1
22 85 1
23 21 1
24 93 1
25 24 1
25 35 1
25 54 1
25 83 1
25 84 1
25 89 1
25 90 1
25 103 1
25 110 1
25 113 1
26 65 1
26 122 1
27 102 1
28 89 1
28 104 1
28 108 1
29 119 1
30 34 1
31 9 1
31 46 1
31 83 1
31 86 1
32 116 1
33 109 1
34 66 1
35 48 1
35 56 1
35 74 1
36 54 1
36 81 1
36 115 1
37 66 1
38 109 1
39 75 1
40 77 1
40 117 1
41 20 1
42 7 1
42 43 1
43 10 1
43 52 1
44 16 1
45 102 1
46 113 1
47 6 1
47 108 1
48 100 1
49 2 1
49 120 1
50 64 1
50 73 1
51 53 1
52 86 1
53 13 1
54 15 1
54 44 1
55 1 1
56 110 1
57 10 1
58 114 1
59 8 1
60 31 1
61 76 1
62 87 1
63 35 1
64 18 1
65 69 1
66 89 1
67 91 1
68 114 1
69 91 1
70 105 1
71 93 1
72 33 1
73 106 1
74 26 1
75 72 1
76 118 1
77 112 1
78 119 1
79 105 1
80 28 1
81 116 1
82 71 1
83 41 1
84 16 1
84 100 1
84 102 1
84 121 1
85 58 1
86 115 1
87 73 1
88 12 1
89 117 1
90 97 1
91 75 1
92 103 1
93 61 1
94 37 1
95 84 1
96 71 1
97 49 1
98 85 1
99 78 1
100 12 1
101 2 1
102 5 1
103 31 1
104 27 1
104 39 1
104 80 1
105 47 1
106 42 1
106 72 1
107 23 1
108 79 1
109 107 1
110 4 1
111 64 1
112 78 1
113 63 1
114 6 1
115 18 1
117 84 1
118 40 1
119 22 1
119 87 1
120 82 1
120 88 1
121 17 1
122 74 1
