1 6 1
1 37 1
1 78 1
1 82 1
1 98 1
2 42 1
3 8 1
3 28 1
3 39 1
3 59 1
3 89 1
3 108 1
4 49 1
5 9 1
5 102 1
5 107 1
5 116 1
5 121 1
6 12 1
7 12 1
7 41 1
7 50 1
7 73 1
7 93 1
7 108 1
8 10 1
9 58 1
9 85 1
9 109 1
10 31 1
11 26 1
11 61 1
11 64 1
11 88 1
12 113 1
13 31 1
13 54 1
13 66 1
13 97 1
13 109 1
13 111 1
14 120 1
15 29 1
15 35 1
15 100 1
15 112 1
16 58 1
17 118 1
18 22 1
18 45 1
18 91 1
19 34 1
20 122 1
21 5 1
21 67 1
22 4 1
23 3 1
24 77 1
25 51 1
25 57 1
25 64 1
25 74 1
25 76 1
25 83 1
25 85 1
25 112 1
25 117 1
25 121 1
26 21 1
26 39 1
27 84 1
28 73 1
28 98 1
28 115 1
29 63 1
30 79 1
31 17 1
31 18 1
31 43 1
31 71 1
32 52 1
33 114 1
34 87 1
35 81 1
35 91 1
35 120 1
36 2 1
36 55 1
36 90 1
37 114 1
38 11 1
39 23 1
40 83 1
40 113 1
41 86 1
42 80 1
42 82 1
43 10 1
43 119 1
44 46 1
45 75 1
46 78 1
47 15 1
47 122 1
48 7 1
49 77 1
49 110 1
50 48 1
50 95 1
51 103 1
52 84 1
53 21 1
54 33 1
54 82 1
55 111 1
56 84 1
57 104 1
58 54 1
59 56 1
60 106 1
61 106 1
62 76 1
63 114 1
64 97 1
65 102 1
66 89 1
67 74 1
68 14 1
69 103 1
70 56 1
71 53 1
72 8 1
73 40 1
74 118 1
75 79 1
76 71 1
77 1 1
78 44 1
79 107 1
80 2 1
81 98 1
82 88 1
83 38 1
84 32 1
84 47 1
84 95 1
84 116 1
85 105 1
86 103 1
87 19 1
88 117 1
89 14 1
90 75 1
91 86 1
92 35 1
93 13 1
94 72 1
95 102 1
96 18 1
97 119 1
98 80 1
99 30 1
100 47 1
101 115 1
102 84 1
103 90 1
104 16 1
104 105 1
104 115 1
105 110 1
106 16 1
106 105 1
107 87 1
108 66 1
109 93 1
110 24 1
111 69 1
112 65 1
113 72 1
114 20 1
115 89 1
117 104 1
118 81 1
119 27 1
119 36 1
120 4 1
120 100 1
121 6 1
122 108 1
