1 4 1
1 54 1
1 109 1
1 110 1
1 115 1
2 54 1
3 7 1
3 28 1
3 56 1
3 69 1
3 72 1
3 89 1
4 6 1
5 10 1
5 21 1
5 50 1
5 66 1
5 112 1
6 121 1
7 19 1
7 42 1
7 71 1
7 91 1
7 103 1
7 111 1
8 108 1
9 41 1
9 74 1
9 97 1
10 118 1
11 12 1
11 27 1
11 64 1
11 84 1
12 77 1
13 30 1
13 32 1
13 43 1
13 74 1
13 88 1
13 122 1
14 26 1
15 8 1
15 56 1
15 97 1
15 114 1
16 15 1
17 78 1
18 5 1
18 58 1
18 83 1
19 23 1
20 114 1
21 87 1
21 104 1
22 38 1
23 105 1
24 89 1
25 24 1
25 55 1
25 73 1
25 81 1
25 82 1
25 95 1
25 100 1
25 105 1
25 116 1
25 117 1
26 17 1
26 121 1
27 90 1
28 71 1
28 79 1
28 86 1
29 78 1
30 16 1
31 11 1
31 88 1
31 91 1
31 112 1
32 111 1
33 81 1
34 12 1
35 10 1
35 13 1
35 65 1
36 6 1
36 14 1
36 39 1
37 75 1
38 120 1
39 93 1
40 16 1
40 113 1
41 75 1
42 3 1
42 20 1
43 80 1
43 98 1
44 29 1
45 73 1
46 67 1
47 77 1
47 110 1
48 102 1
49 53 1
49 57 1
50 18 1
50 104 1
51 2 1
52 45 1
53 105 1
54 51 1
54 114 1
55 66 1
56 113 1
57 107 1
58 46 1
59 84 1
60 64 1
61 98 1
62 76 1
63 4 1
64 18 1
65 117 1
66 34 1
67 58 1
68 76 1
69 37 1
70 119 1
71 39 1
72 100 1
73 87 1
74 95 1
75 82 1
76 49 1
77 103 1
78 63 1
79 106 1
80 106 1
81 108 1
82 118 1
83 52 1
84 31 1
84 40 1
84 47 1
84 93 1
85 120 1
86 115 1
87 122 1
88 85 1
89 102 1
90 35 1
91 35 1
92 102 1
93 59 1
94 83 1
95 9 1
96 98 1
97 31 1
98 108 1
99 82 1
100 80 1
101 85 1
102 44 1
103 1 1
104 8 1
104 36 1
104 115 1
105 86 1
106 2 1
106 47 1
107 84 1
108 109 1
109 48 1
110 72 1
111 89 1
112 84 1
113 116 1
114 22 1
115 33 1
117 90 1
118 61 1
119 79 1
119 103 1
120 107 1
120 119 1
121 14 1
122 21 1
