1 17 1
1 55 1
1 71 1
1 85 1
1 104 1
2 120 1
3 8 1
3 22 1
3 36 1
3 88 1
3 90 1
3 114 1
4 53 1
5 14 1
5 44 1
5 48 1
5 75 1
5 104 1
6 79 1
7 2 1
7 54 1
7 80 1
7 82 1
7 85 1
7 109 1
8 103 1
9 109 1
9 117 1
9 121 1
10 105 1
11 10 1
11 56 1
11 86 1
11 113 1
12 18 1
13 3 1
13 18 1
13 58 1
13 86 1
13 108 1
13 122 1
14 118 1
15 21 1
15 65 1
15 102 1
15 110 1
16 120 1
17 76 1
18 45 1
18 64 1
18 69 1
19 106 1
20 73 1
21 106 1
21 115 1
22 1 1
23 84 1
24 75 1
25 7 1
25 29 1
25 31 1
25 41 1
25 47 1
25 71 1
25 74 1
25 108 1
25 110 1
25 122 1
26 88 1
26 93 1
27 98 1
28 46 1
28 77 1
28 117 1
29 116 1
30 4 1
31 14 1
31 27 1
31 34 1
31 64 1
32 116 1
33 49 1
34 35 1
35 4 1
35 89 1
35 90 1
36 6 1
36 97 1
36 103 1
37 72 1
38 100 1
39 33 1
40 12 1
40 66 1
41 24 1
42 9 1
42 37 1
43 87 1
43 102 1
44 83 1
45 121 1
46 26 1
47 38 1
47 98 1
48 115 1
49 30 1
49 54 1
50 78 1
50 83 1
51 67 1
52 16 1
53 35 1
54 89 1
54 95 1
55 93 1
56 74 1
57 51 1
58 112 1
59 87 1
60 84 1
61 79 1
62 95 1
63 111 1
64 12 1
65 98 1
66 118 1
67 114 1
68 42 1
69 16 1
70 56 1
71 10 1
72 107 1
73 111 1
74 59 1
75 105 1
76 80 1
77 91 1
78 84 1
79 84 1
80 32 1
81 47 1
82 115 1
83 5 1
84 6 1
84 39 1
84 40 1
84 119 1
85 103 1
86 39 1
87 82 1
88 13 1
89 100 1
90 82 1
91 107 1
92 8 1
93 23 1
94 28 1
95 63 1
96 20 1
97 66 1
98 31 1
99 2 1
100 113 1
101 91 1
102 81 1
103 57 1
104 19 1
104 73 1
104 97 1
105 43 1
106 15 1
106 108 1
107 21 1
108 50 1
109 77 1
110 105 1
111 72 1
112 114 1
113 89 1
114 58 1
115 76 1
117 81 1
118 78 1
119 11 1
119 102 1
120 52 1
120 119 1
121 61 1
122 112 1
