1 49 1
1 78 1
1 79 1
1 104 1
1 122 1
2 38 1
3 21 1
3 67 1
3 83 1
3 100 1
3 106 1
3 118 1
4 26 1
5 16 1
5 39 1
5 58 1
5 98 1
5 117 1
6 82 1
7 18 1
7 19 1
7 35 1
7 39 1
7 45 1
7 76 1
8 41 1
9 12 1
9 64 1
9 84 1
10 57 1
11 6 1
11 21 1
11 79 1
11 88 1
12 102 1
13 2 1
13 11 1
13 23 1
13 46 1
13 80 1
13 89 1
14 27 1
15 8 1
15 85 1
15 89 1
15 103 1
16 54 1
17 107 1
18 81 1
18 87 1
18 108 1
19 105 1
20 108 1
21 53 1
21 122 1
22 31 1
23 116 1
24 51 1
25 31 1
25 40 1
25 63 1
25 82 1
25 90 1
25 103 1
25 105 1
25 118 1
25 119 1
25 121 1
26 84 1
26 114 1
27 4 1
28 33 1
28 83 1
28 95 1
29 2 1
30 32 1
31 75 1
31 77 1
31 100 1
31 108 1
32 65 1
33 90 1
34 115 1
35 6 1
35 47 1
35 54 1
36 24 1
36 35 1
36 91 1
37 64 1
38 56 1
39 97 1
40 78 1
40 95 1
41 43 1
42 37 1
42 98 1
43 15 1
43 18 1
44 56 1
45 91 1
46 12 1
47 9 1
47 117 1
48 4 1
49 55 1
49 105 1
50 5 1
50 86 1
51 10 1
52 114 1
53 74 1
54 73 1
54 114 1
55 36 1
56 76 1
57 7 1
58 75 1
59 84 1
60 110 1
61 104 1
62 113 1
63 28 1
64 52 1
65 74 1
66 81 1
67 85 1
68 29 1
69 59 1
70 98 1
71 116 1
72 103 1
73 112 1
74 88 1
75 113 1
76 120 1
77 72 1
78 109 1
79 89 1
80 121 1
81 50 1
82 93 1
83 73 1
84 69 1
84 80 1
84 107 1
84 115 1
85 61 1
86 14 1
87 82 1
88 13 1
89 111 1
90 30 1
91 10 1
92 16 1
93 87 1
94 42 1
95 72 1
96 86 1
97 20 1
98 34 1
99 71 1
100 22 1
101 66 1
102 112 1
103 77 1
104 66 1
104 93 1
104 120 1
105 1 1
106 8 1
106 47 1
107 97 1
108 110 1
109 102 1
110 58 1
111 17 1
112 109 1
113 44 1
114 119 1
115 48 1
117 106 1
118 115 1
119 14 1
119 102 1
120 71 1
120 111 1
121 84 1
122 3 1
