1 56 1
1 58 1
1 79 1
1 86 1
1 103 1
2 118 1
3 7 1
3 8 1
3 39 1
3 90 1
3 93 1
3 106 1
4 30 1
5 11 1
5 66 1
5 71 1
5 73 1
5 113 1
6 121 1
7 6 1
7 74 1
7 76 1
7 79 1
7 109 1
7 119 1
8 10 1
9 6 1
9 12 1
9 14 1
10 21 1
11 61 1
11 83 1
11 98 1
11 109 1
12 115 1
13 45 1
13 48 1
13 82 1
13 91 1
13 98 1
13 112 1
14 37 1
15 17 1
15 26 1
15 117 1
15 120 1
16 1 1
17 86 1
18 3 1
18 44 1
18 84 1
19 35 1
20 91 1
21 88 1
21 107 1
22 97 1
23 32 1
24 50 1
25 16 1
25 23 1
25 42 1
25 87 1
25 93 1
25 97 1
25 98 1
25 103 1
25 104 1
25 114 1
26 65 1
26 116 1
27 104 1
28 39 1
28 67 1
28 88 1
29 89 1
30 14 1
31 8 1
31 15 1
31 103 1
31 121 1
32 28 1
33 31 1
34 100 1
35 82 1
35 83 1
35 112 1
36 20 1
36 43 1
36 80 1
37 114 1
38 106 1
39 47 1
40 105 1
40 110 1
41 74 1
42 2 1
42 12 1
43 18 1
43 95 1
44 64 1
45 10 1
46 73 1
47 46 1
47 77 1
48 84 1
49 105 1
49 117 1
50 35 1
50 58 1
51 90 1
52 56 1
53 72 1
54 41 1
54 47 1
55 82 1
56 75 1
57 87 1
58 53 1
59 95 1
60 59 1
61 113 1
62 107 1
63 66 1
64 72 1
65 120 1
66 77 1
67 111 1
68 54 1
69 108 1
70 52 1
71 85 1
72 122 1
73 116 1
74 84 1
75 22 1
76 9 1
77 84 1
78 31 1
79 63 1
80 13 1
81 102 1
82 80 1
83 38 1
84 21 1
84 57 1
84 75 1
84 78 1
85 122 1
86 69 1
87 89 1
88 54 1
89 102 1
90 76 1
91 36 1
92 16 1
93 40 1
94 4 1
95 108 1
96 51 1
97 34 1
98 5 1
99 115 1
100 27 1
101 118 1
102 119 1
103 33 1
104 100 1
104 110 1
104 111 1
105 108 1
106 18 1
106 29 1
107 24 1
108 49 1
109 19 1
110 85 1
111 64 1
112 55 1
113 102 1
114 115 1
115 2 1
117 71 1
118 114 1
119 81 1
119 89 1
120 4 1
120 81 1
121 78 1
122 105 1
