1 20 1
1 22 1
1 23 1
1 32 1
1 38 1
1 41 1
1 48 1
1 49 1
1 52 1
1 54 1
1 58 1
1 65 1
1 73 1
1 75 1
1 76 1
1 77 1
1 82 1
1 84 1
1 85 1
1 88 1
1 90 1
1 93 1
1 105 1
1 109 1
1 112 1
1 120 1
1 121 1
1 122 1
1 123 1
1 125 1
1 126 1
1 129 1
2 52 1
2 75 1
2 88 1
3 58 1
3 111 1
4 6 1
4 11 1
4 12 1
4 14 1
4 19 1
4 20 1
4 21 1
4 23 1
4 24 1
4 32 1
4 38 1
4 48 1
4 49 1
4 50 1
4 52 1
4 53 1
4 54 1
4 55 1
4 61 1
4 64 1
4 65 1
4 75 1
4 76 1
4 80 1
4 82 1
4 84 1
4 85 1
4 86 1
4 88 1
4 90 1
4 93 1
4 95 1
4 96 1
4 98 1
4 101 1
4 104 1
4 107 1
4 108 1
4 109 1
4 111 1
4 112 1
4 118 1
4 119 1
4 121 1
4 122 1
4 124 1
4 127 1
4 128 1
4 129 1
5 129 1
6 5 1
6 9 1
6 11 1
6 12 1
6 16 1
6 18 1
6 20 1
6 21 1
6 22 1
6 23 1
6 24 1
6 30 1
6 31 1
6 32 1
6 35 1
6 38 1
6 41 1
6 44 1
6 48 1
6 49 1
6 50 1
6 52 1
6 53 1
6 54 1
6 55 1
6 56 1
6 57 1
6 61 1
6 63 1
6 64 1
6 65 1
6 73 1
6 75 1
6 76 1
6 80 1
6 81 1
6 82 1
6 84 1
6 85 1
6 86 1
6 87 1
6 88 1
6 89 1
6 93 1
6 97 1
6 101 1
6 103 1
6 104 1
6 109 1
6 110 1
6 111 1
6 112 1
6 113 1
6 116 1
6 118 1
6 119 1
6 120 1
6 121 1
6 122 1
6 123 1
6 124 1
6 126 1
6 127 1
6 128 1
6 129 1
7 95 1
7 104 1
7 129 1
8 16 1
8 85 1
8 90 1
8 111 1
9 14 1
9 25 1
9 48 1
9 50 1
9 52 1
9 63 1
9 65 1
9 76 1
9 80 1
9 82 1
9 85 1
9 88 1
9 96 1
9 97 1
9 102 1
9 104 1
9 109 1
9 111 1
9 116 1
9 119 1
9 122 1
9 127 1
9 129 1
10 124 1
11 49 1
11 54 1
11 55 1
11 57 1
11 61 1
11 63 1
11 64 1
11 65 1
11 75 1
11 80 1
11 84 1
11 86 1
11 87 1
11 88 1
11 97 1
11 109 1
11 112 1
11 116 1
11 119 1
11 120 1
11 122 1
11 123 1
11 128 1
11 129 1
12 3 1
12 38 1
13 38 1
13 64 1
13 112 1
13 116 1
13 128 1
14 112 1
16 87 1
16 112 1
17 101 1
18 25 1
18 38 1
18 52 1
18 54 1
18 57 1
18 65 1
18 76 1
18 97 1
18 116 1
19 11 1
19 18 1
19 57 1
19 61 1
19 64 1
19 80 1
19 85 1
19 87 1
19 97 1
19 116 1
19 122 1
19 128 1
19 129 1
20 129 1
21 2 1
21 11 1
21 20 1
21 24 1
21 35 1
21 38 1
21 43 1
21 52 1
21 58 1
21 61 1
21 64 1
21 65 1
21 75 1
21 76 1
21 79 1
21 80 1
21 82 1
21 84 1
21 85 1
21 86 1
21 88 1
21 93 1
21 97 1
21 107 1
21 108 1
21 111 1
21 112 1
21 116 1
21 119 1
21 121 1
21 126 1
21 128 1
21 129 1
22 11 1
22 17 1
22 23 1
22 38 1
22 48 1
22 49 1
22 52 1
22 54 1
22 76 1
22 82 1
22 88 1
22 98 1
22 109 1
22 110 1
22 116 1
22 122 1
22 124 1
22 128 1
23 16 1
23 19 1
23 21 1
23 24 1
23 32 1
23 38 1
23 49 1
23 50 1
23 52 1
23 53 1
23 61 1
23 64 1
23 65 1
23 75 1
23 76 1
23 81 1
23 82 1
23 84 1
23 85 1
23 87 1
23 88 1
23 95 1
23 96 1
23 97 1
23 98 1
23 101 1
23 105 1
23 107 1
23 108 1
23 112 1
23 118 1
23 119 1
23 122 1
23 128 1
23 129 1
25 57 1
26 18 1
26 43 1
26 50 1
26 65 1
26 101 1
27 118 1
28 30 1
29 108 1
30 65 1
30 82 1
30 126 1
31 38 1
31 109 1
31 116 1
31 129 1
32 20 1
32 25 1
32 53 1
32 54 1
32 55 1
32 65 1
32 74 1
32 80 1
32 84 1
32 93 1
32 96 1
32 98 1
32 101 1
32 119 1
32 126 1
32 129 1
33 122 1
34 61 1
35 17 1
35 22 1
35 32 1
35 48 1
35 55 1
35 57 1
35 61 1
35 64 1
35 65 1
35 82 1
35 84 1
35 85 1
35 88 1
35 89 1
35 97 1
35 98 1
35 103 1
35 104 1
35 107 1
35 109 1
35 110 1
35 111 1
35 112 1
35 124 1
35 127 1
35 129 1
41 16 1
41 63 1
41 82 1
41 84 1
41 88 1
41 129 1
42 76 1
42 120 1
43 25 1
43 61 1
43 96 1
44 11 1
44 31 1
44 57 1
45 28 1
45 57 1
45 75 1
45 129 1
46 11 1
46 57 1
46 64 1
46 65 1
46 79 1
46 104 1
47 79 1
47 96 1
47 127 1
48 49 1
48 52 1
48 75 1
48 76 1
48 84 1
48 85 1
48 101 1
48 111 1
48 127 1
48 129 1
49 38 1
49 54 1
49 64 1
49 65 1
49 76 1
49 88 1
49 93 1
49 101 1
49 104 1
49 128 1
50 64 1
50 109 1
50 110 1
50 129 1
52 14 1
52 38 1
52 44 1
52 65 1
52 80 1
52 82 1
52 84 1
52 88 1
52 89 1
52 109 1
52 112 1
52 119 1
52 126 1
52 129 1
54 98 1
54 112 1
54 129 1
55 93 1
55 104 1
55 111 1
55 122 1
55 127 1
55 129 1
56 24 1
56 75 1
56 102 1
56 116 1
57 82 1
57 89 1
58 30 1
58 86 1
58 90 1
59 111 1
60 8 1
61 76 1
61 126 1
62 65 1
62 124 1
63 88 1
64 76 1
64 81 1
64 112 1
65 38 1
65 104 1
65 112 1
65 129 1
67 30 1
67 88 1
69 36 1
69 48 1
69 89 1
70 49 1
70 95 1
71 112 1
72 55 1
72 107 1
72 122 1
73 81 1
74 65 1
74 116 1
74 127 1
75 18 1
75 77 1
75 121 1
77 20 1
77 111 1
77 112 1
79 122 1
81 20 1
81 61 1
81 75 1
81 84 1
81 96 1
81 119 1
82 63 1
82 64 1
82 76 1
82 85 1
82 88 1
82 93 1
82 97 1
82 104 1
82 112 1
82 126 1
82 129 1
83 64 1
84 20 1
84 65 1
84 98 1
84 123 1
84 129 1
85 24 1
85 61 1
85 112 1
85 116 1
85 129 1
86 16 1
86 18 1
86 76 1
86 98 1
86 112 1
86 116 1
86 126 1
87 55 1
87 65 1
87 109 1
87 128 1
88 61 1
88 64 1
88 76 1
88 79 1
88 80 1
88 84 1
88 101 1
88 129 1
90 84 1
92 75 1
92 84 1
92 101 1
92 103 1
93 65 1
93 85 1
93 121 1
93 129 1
95 103 1
96 38 1
96 128 1
97 54 1
97 128 1
98 64 1
99 64 1
99 80 1
100 118 1
101 65 1
101 129 1
102 12 1
102 35 1
102 88 1
102 97 1
102 109 1
102 129 1
103 73 1
104 54 1
104 64 1
105 104 1
106 110 1
107 58 1
107 61 1
107 76 1
107 93 1
107 109 1
108 38 1
108 61 1
108 82 1
108 116 1
108 118 1
108 123 1
109 54 1
111 85 1
112 113 1
114 12 1
114 65 1
117 128 1
118 98 1
119 88 1
120 27 1
120 98 1
123 43 1
123 112 1
124 73 1
124 82 1
125 48 1
125 89 1
127 97 1
128 120 1
