1 6 1
1 11 1
1 14 1
1 18 1
1 20 1
1 21 1
1 32 1
1 38 1
1 49 1
1 53 1
1 54 1
1 61 1
1 64 1
1 65 1
1 75 1
1 76 1
1 80 1
1 82 1
1 84 1
1 87 1
1 88 1
1 93 1
1 97 1
1 101 1
1 111 1
1 112 1
1 116 1
1 119 1
1 122 1
1 125 1
1 128 1
1 129 1
2 79 1
2 93 1
2 123 1
3 57 1
3 98 1
4 11 1
4 16 1
4 19 1
4 21 1
4 23 1
4 24 1
4 32 1
4 36 1
4 38 1
4 41 1
4 44 1
4 48 1
4 49 1
4 50 1
4 52 1
4 53 1
4 54 1
4 55 1
4 57 1
4 63 1
4 64 1
4 65 1
4 75 1
4 76 1
4 80 1
4 81 1
4 82 1
4 84 1
4 85 1
4 87 1
4 88 1
4 95 1
4 97 1
4 98 1
4 101 1
4 102 1
4 103 1
4 104 1
4 107 1
4 108 1
4 109 1
4 111 1
4 112 1
4 119 1
4 121 1
4 124 1
4 127 1
4 128 1
4 129 1
5 129 1
6 3 1
6 5 1
6 9 1
6 11 1
6 12 1
6 16 1
6 18 1
6 19 1
6 20 1
6 21 1
6 22 1
6 23 1
6 27 1
6 32 1
6 35 1
6 38 1
6 44 1
6 48 1
6 49 1
6 52 1
6 53 1
6 55 1
6 57 1
6 58 1
6 61 1
6 64 1
6 65 1
6 73 1
6 75 1
6 76 1
6 77 1
6 80 1
6 81 1
6 82 1
6 84 1
6 85 1
6 86 1
6 87 1
6 88 1
6 90 1
6 93 1
6 95 1
6 96 1
6 97 1
6 98 1
6 101 1
6 104 1
6 107 1
6 108 1
6 109 1
6 110 1
6 111 1
6 112 1
6 116 1
6 118 1
6 119 1
6 120 1
6 121 1
6 122 1
6 123 1
6 124 1
6 126 1
6 127 1
6 128 1
6 129 1
7 84 1
7 104 1
7 129 1
8 11 1
8 65 1
8 85 1
8 97 1
9 2 1
9 11 1
9 18 1
9 35 1
9 48 1
9 49 1
9 50 1
9 64 1
9 65 1
9 76 1
9 79 1
9 84 1
9 85 1
9 88 1
9 95 1
9 96 1
9 101 1
9 109 1
9 110 1
9 112 1
9 116 1
9 124 1
9 129 1
10 30 1
11 20 1
11 31 1
11 49 1
11 54 1
11 55 1
11 57 1
11 58 1
11 63 1
11 64 1
11 73 1
11 75 1
11 76 1
11 80 1
11 82 1
11 84 1
11 85 1
11 86 1
11 88 1
11 104 1
11 108 1
11 109 1
11 111 1
11 112 1
11 129 1
12 57 1
12 109 1
13 16 1
13 38 1
13 54 1
13 65 1
13 84 1
14 22 1
16 98 1
16 111 1
17 127 1
18 65 1
18 75 1
18 79 1
18 82 1
18 97 1
18 112 1
18 116 1
18 128 1
18 129 1
19 11 1
19 14 1
19 16 1
19 48 1
19 54 1
19 55 1
19 61 1
19 76 1
19 81 1
19 86 1
19 110 1
19 118 1
19 129 1
20 76 1
21 11 1
21 12 1
21 22 1
21 35 1
21 38 1
21 43 1
21 52 1
21 53 1
21 55 1
21 61 1
21 63 1
21 64 1
21 65 1
21 76 1
21 81 1
21 82 1
21 84 1
21 88 1
21 89 1
21 95 1
21 96 1
21 98 1
21 101 1
21 108 1
21 109 1
21 111 1
21 112 1
21 116 1
21 119 1
21 121 1
21 122 1
21 128 1
21 129 1
22 25 1
22 32 1
22 52 1
22 54 1
22 55 1
22 61 1
22 64 1
22 65 1
22 75 1
22 82 1
22 88 1
22 97 1
22 98 1
22 105 1
22 109 1
22 111 1
22 118 1
22 126 1
23 17 1
23 20 1
23 32 1
23 38 1
23 50 1
23 52 1
23 57 1
23 61 1
23 63 1
23 65 1
23 73 1
23 75 1
23 76 1
23 77 1
23 80 1
23 82 1
23 84 1
23 85 1
23 88 1
23 89 1
23 90 1
23 93 1
23 96 1
23 101 1
23 111 1
23 112 1
23 116 1
23 119 1
23 120 1
23 121 1
23 122 1
23 123 1
23 126 1
23 127 1
23 128 1
25 85 1
26 25 1
26 58 1
26 65 1
26 116 1
26 119 1
27 89 1
28 129 1
29 61 1
30 80 1
30 126 1
30 129 1
31 48 1
31 63 1
31 76 1
31 103 1
32 20 1
32 38 1
32 49 1
32 56 1
32 61 1
32 65 1
32 75 1
32 86 1
32 88 1
32 93 1
32 97 1
32 101 1
32 104 1
32 113 1
32 127 1
32 128 1
33 89 1
34 20 1
35 23 1
35 38 1
35 49 1
35 57 1
35 61 1
35 64 1
35 65 1
35 75 1
35 76 1
35 80 1
35 82 1
35 84 1
35 85 1
35 87 1
35 88 1
35 96 1
35 98 1
35 104 1
35 109 1
35 112 1
35 116 1
35 118 1
35 123 1
35 124 1
35 127 1
35 129 1
41 24 1
41 31 1
41 54 1
41 65 1
41 93 1
41 97 1
42 28 1
42 98 1
43 52 1
43 61 1
43 104 1
44 20 1
44 24 1
44 65 1
45 82 1
45 85 1
45 97 1
45 113 1
46 24 1
46 52 1
46 76 1
46 85 1
46 93 1
46 129 1
47 38 1
47 80 1
47 126 1
48 8 1
48 30 1
48 54 1
48 64 1
48 76 1
48 84 1
48 96 1
48 121 1
48 124 1
48 129 1
49 18 1
49 64 1
49 65 1
49 80 1
49 84 1
49 88 1
49 97 1
49 101 1
49 110 1
49 129 1
50 25 1
50 49 1
50 73 1
50 88 1
52 30 1
52 48 1
52 50 1
52 61 1
52 76 1
52 82 1
52 87 1
52 88 1
52 111 1
52 119 1
52 120 1
52 122 1
52 128 1
52 129 1
54 24 1
54 103 1
54 128 1
55 12 1
55 52 1
55 84 1
55 109 1
55 122 1
55 129 1
56 79 1
56 107 1
56 116 1
56 129 1
57 52 1
57 85 1
58 65 1
58 90 1
58 129 1
59 122 1
60 54 1
61 48 1
61 64 1
62 25 1
62 102 1
63 64 1
64 65 1
64 122 1
64 129 1
65 105 1
65 112 1
65 126 1
65 129 1
67 24 1
67 104 1
69 16 1
69 116 1
69 118 1
70 58 1
70 82 1
71 120 1
72 20 1
72 64 1
72 96 1
73 103 1
74 50 1
74 122 1
74 129 1
75 65 1
75 104 1
75 129 1
77 65 1
77 82 1
77 126 1
79 75 1
81 18 1
81 23 1
81 43 1
81 76 1
81 93 1
81 107 1
82 12 1
82 38 1
82 54 1
82 64 1
82 65 1
82 75 1
82 84 1
82 112 1
82 116 1
82 126 1
82 129 1
83 43 1
84 64 1
84 112 1
84 119 1
84 122 1
84 129 1
85 75 1
85 88 1
85 101 1
85 112 1
85 118 1
86 57 1
86 85 1
86 109 1
86 112 1
86 116 1
86 127 1
86 129 1
87 38 1
87 88 1
87 111 1
87 122 1
88 65 1
88 76 1
88 84 1
88 93 1
88 98 1
88 112 1
88 121 1
88 128 1
90 85 1
92 61 1
92 82 1
92 88 1
92 107 1
93 48 1
93 111 1
93 112 1
93 129 1
95 109 1
96 14 1
96 38 1
97 64 1
97 112 1
98 89 1
99 90 1
99 109 1
100 104 1
101 38 1
101 110 1
102 41 1
102 54 1
102 74 1
102 122 1
102 124 1
102 128 1
103 112 1
104 88 1
104 128 1
105 52 1
106 97 1
107 64 1
107 86 1
107 104 1
107 116 1
107 128 1
108 57 1
108 61 1
108 80 1
108 89 1
108 98 1
108 101 1
109 126 1
111 38 1
112 76 1
114 112 1
114 123 1
117 17 1
118 112 1
119 38 1
120 61 1
120 116 1
123 30 1
123 55 1
124 119 1
124 120 1
125 109 1
125 127 1
127 88 1
128 129 1
