1 23 1
1 31 1
1 32 1
1 38 1
1 44 1
1 48 1
1 49 1
1 52 1
1 53 1
1 55 1
1 61 1
1 64 1
1 65 1
1 75 1
1 76 1
1 80 1
1 82 1
1 84 1
1 85 1
1 87 1
1 88 1
1 90 1
1 93 1
1 98 1
1 107 1
1 111 1
1 116 1
1 119 1
1 121 1
1 122 1
1 128 1
1 129 1
2 38 1
2 80 1
2 122 1
3 64 1
3 108 1
4 6 1
4 9 1
4 11 1
4 12 1
4 16 1
4 18 1
4 20 1
4 23 1
4 30 1
4 32 1
4 35 1
4 38 1
4 48 1
4 50 1
4 52 1
4 54 1
4 57 1
4 61 1
4 63 1
4 64 1
4 65 1
4 75 1
4 76 1
4 80 1
4 81 1
4 82 1
4 84 1
4 85 1
4 87 1
4 88 1
4 89 1
4 90 1
4 93 1
4 95 1
4 101 1
4 102 1
4 103 1
4 104 1
4 108 1
4 109 1
4 112 1
4 116 1
4 119 1
4 121 1
4 122 1
4 125 1
4 126 1
4 128 1
4 129 1
5 16 1
6 2 1
6 8 1
6 11 1
6 12 1
6 16 1
6 17 1
6 18 1
6 19 1
6 20 1
6 21 1
6 22 1
6 23 1
6 24 1
6 25 1
6 38 1
6 41 1
6 44 1
6 48 1
6 49 1
6 50 1
6 52 1
6 54 1
6 55 1
6 57 1
6 58 1
6 61 1
6 64 1
6 65 1
6 73 1
6 75 1
6 76 1
6 77 1
6 79 1
6 80 1
6 82 1
6 84 1
6 85 1
6 86 1
6 88 1
6 89 1
6 93 1
6 95 1
6 96 1
6 97 1
6 98 1
6 101 1
6 103 1
6 104 1
6 107 1
6 109 1
6 110 1
6 111 1
6 112 1
6 113 1
6 116 1
6 118 1
6 119 1
6 121 1
6 122 1
6 123 1
6 124 1
6 126 1
6 127 1
6 128 1
6 129 1
7 23 1
7 119 1
7 126 1
8 36 1
8 43 1
8 48 1
8 65 1
9 5 1
9 11 1
9 24 1
9 25 1
9 27 1
9 38 1
9 48 1
9 49 1
9 54 1
9 55 1
9 56 1
9 65 1
9 84 1
9 88 1
9 96 1
9 101 1
9 107 1
9 109 1
9 119 1
9 123 1
9 126 1
9 127 1
9 129 1
10 55 1
11 18 1
11 24 1
11 38 1
11 50 1
11 53 1
11 64 1
11 65 1
11 75 1
11 76 1
11 80 1
11 84 1
11 85 1
11 88 1
11 93 1
11 107 1
11 108 1
11 109 1
11 112 1
11 119 1
11 120 1
11 121 1
11 126 1
11 128 1
11 129 1
12 25 1
12 75 1
13 54 1
13 61 1
13 82 1
13 88 1
13 112 1
14 12 1
16 97 1
16 129 1
17 127 1
18 38 1
18 49 1
18 65 1
18 76 1
18 86 1
18 88 1
18 93 1
18 111 1
18 116 1
19 24 1
19 25 1
19 48 1
19 49 1
19 82 1
19 87 1
19 93 1
19 109 1
19 112 1
19 116 1
19 121 1
19 124 1
19 128 1
20 74 1
21 11 1
21 18 1
21 20 1
21 22 1
21 32 1
21 35 1
21 38 1
21 49 1
21 52 1
21 55 1
21 63 1
21 65 1
21 73 1
21 76 1
21 82 1
21 84 1
21 85 1
21 86 1
21 88 1
21 90 1
21 93 1
21 98 1
21 105 1
21 107 1
21 109 1
21 110 1
21 111 1
21 112 1
21 122 1
21 124 1
21 126 1
21 128 1
21 129 1
22 48 1
22 49 1
22 52 1
22 54 1
22 55 1
22 64 1
22 65 1
22 76 1
22 82 1
22 84 1
22 85 1
22 88 1
22 96 1
22 111 1
22 112 1
22 120 1
22 122 1
22 129 1
23 3 1
23 11 1
23 16 1
23 18 1
23 20 1
23 21 1
23 22 1
23 31 1
23 32 1
23 35 1
23 50 1
23 52 1
23 54 1
23 58 1
23 64 1
23 65 1
23 73 1
23 75 1
23 76 1
23 80 1
23 82 1
23 84 1
23 85 1
23 88 1
23 93 1
23 95 1
23 96 1
23 101 1
23 111 1
23 112 1
23 118 1
23 122 1
23 123 1
23 126 1
23 129 1
25 75 1
26 20 1
26 97 1
26 101 1
26 105 1
26 127 1
27 110 1
28 30 1
29 127 1
30 57 1
30 84 1
30 113 1
31 88 1
31 120 1
31 128 1
31 129 1
32 11 1
32 30 1
32 38 1
32 55 1
32 57 1
32 61 1
32 65 1
32 75 1
32 80 1
32 82 1
32 95 1
32 110 1
32 116 1
32 118 1
32 122 1
32 129 1
33 61 1
34 81 1
35 11 1
35 19 1
35 28 1
35 43 1
35 52 1
35 54 1
35 57 1
35 61 1
35 64 1
35 76 1
35 77 1
35 80 1
35 82 1
35 85 1
35 86 1
35 88 1
35 96 1
35 101 1
35 103 1
35 104 1
35 109 1
35 112 1
35 119 1
35 120 1
35 122 1
35 129 1
41 84 1
41 89 1
41 102 1
41 104 1
41 111 1
41 129 1
42 58 1
42 112 1
43 76 1
43 104 1
43 128 1
44 84 1
44 88 1
44 124 1
45 54 1
45 97 1
45 127 1
45 129 1
46 41 1
46 80 1
46 96 1
46 97 1
46 116 1
46 129 1
47 32 1
47 61 1
47 104 1
48 52 1
48 53 1
48 65 1
48 98 1
48 101 1
48 109 1
48 118 1
48 119 1
48 128 1
48 129 1
49 61 1
49 63 1
49 64 1
49 76 1
49 82 1
49 84 1
49 85 1
49 104 1
49 112 1
49 129 1
50 38 1
50 65 1
50 110 1
50 129 1
52 49 1
52 64 1
52 65 1
52 79 1
52 84 1
52 85 1
52 88 1
52 98 1
52 101 1
52 104 1
52 108 1
52 111 1
52 116 1
52 129 1
54 76 1
54 80 1
54 112 1
55 65 1
55 84 1
55 97 1
55 116 1
55 122 1
55 128 1
56 38 1
56 85 1
56 89 1
56 104 1
57 116 1
57 124 1
58 20 1
58 52 1
58 101 1
59 65 1
60 98 1
61 81 1
61 96 1
62 75 1
62 86 1
63 57 1
64 65 1
64 116 1
64 126 1
65 76 1
65 88 1
65 109 1
65 129 1
67 98 1
67 129 1
69 63 1
69 97 1
69 128 1
70 64 1
70 65 1
71 38 1
72 79 1
72 82 1
72 97 1
73 50 1
74 64 1
74 111 1
74 118 1
75 61 1
75 88 1
75 116 1
77 61 1
77 73 1
77 98 1
79 120 1
81 21 1
81 52 1
81 65 1
81 103 1
81 109 1
81 129 1
82 38 1
82 48 1
82 61 1
82 63 1
82 65 1
82 76 1
82 97 1
82 112 1
82 121 1
82 124 1
82 129 1
83 87 1
84 38 1
84 57 1
84 76 1
84 85 1
84 129 1
85 54 1
85 64 1
85 76 1
85 112 1
85 128 1
86 20 1
86 75 1
86 76 1
86 82 1
86 104 1
86 123 1
86 127 1
87 14 1
87 20 1
87 119 1
87 123 1
88 17 1
88 24 1
88 57 1
88 79 1
88 93 1
88 98 1
88 112 1
88 129 1
90 12 1
92 16 1
92 43 1
92 112 1
92 129 1
93 82 1
93 84 1
93 128 1
93 129 1
95 30 1
96 109 1
96 122 1
97 58 1
97 88 1
98 64 1
99 14 1
99 24 1
100 97 1
101 53 1
101 116 1
102 54 1
102 64 1
102 65 1
102 81 1
102 111 1
102 129 1
103 87 1
104 38 1
104 112 1
105 112 1
106 126 1
107 65 1
107 88 1
107 89 1
107 98 1
107 112 1
108 14 1
108 54 1
108 61 1
108 75 1
108 109 1
108 122 1
109 85 1
111 57 1
112 127 1
114 61 1
114 118 1
117 90 1
118 111 1
119 129 1
120 64 1
120 75 1
123 104 1
123 112 1
124 101 1
124 116 1
125 89 1
125 97 1
127 109 1
128 64 1
