1 14 1
1 18 1
1 23 1
1 32 1
1 38 1
1 49 1
1 52 1
1 54 1
1 55 1
1 57 1
1 65 1
1 73 1
1 75 1
1 76 1
1 79 1
1 82 1
1 84 1
1 85 1
1 88 1
1 90 1
1 96 1
1 97 1
1 98 1
1 101 1
1 109 1
1 110 1
1 112 1
1 119 1
1 121 1
1 122 1
1 128 1
1 129 1
2 24 1
2 52 1
2 129 1
3 65 1
3 109 1
4 6 1
4 8 1
4 11 1
4 14 1
4 16 1
4 18 1
4 19 1
4 22 1
4 23 1
4 25 1
4 30 1
4 32 1
4 35 1
4 38 1
4 48 1
4 49 1
4 52 1
4 53 1
4 54 1
4 55 1
4 57 1
4 58 1
4 61 1
4 64 1
4 65 1
4 75 1
4 76 1
4 82 1
4 84 1
4 85 1
4 87 1
4 88 1
4 93 1
4 97 1
4 98 1
4 104 1
4 105 1
4 107 1
4 109 1
4 111 1
4 112 1
4 116 1
4 119 1
4 120 1
4 122 1
4 123 1
4 126 1
4 128 1
4 129 1
5 129 1
6 11 1
6 12 1
6 16 1
6 17 1
6 19 1
6 20 1
6 21 1
6 22 1
6 23 1
6 24 1
6 30 1
6 31 1
6 32 1
6 35 1
6 38 1
6 41 1
6 43 1
6 48 1
6 49 1
6 52 1
6 53 1
6 54 1
6 55 1
6 57 1
6 58 1
6 61 1
6 64 1
6 65 1
6 75 1
6 76 1
6 77 1
6 80 1
6 81 1
6 82 1
6 85 1
6 86 1
6 87 1
6 88 1
6 89 1
6 93 1
6 95 1
6 96 1
6 97 1
6 98 1
6 101 1
6 102 1
6 103 1
6 104 1
6 105 1
6 107 1
6 108 1
6 109 1
6 110 1
6 111 1
6 112 1
6 116 1
6 118 1
6 119 1
6 120 1
6 122 1
6 123 1
6 124 1
6 127 1
6 128 1
6 129 1
7 43 1
7 61 1
7 118 1
8 22 1
8 54 1
8 76 1
8 90 1
9 11 1
9 14 1
9 30 1
9 32 1
9 43 1
9 49 1
9 57 1
9 65 1
9 80 1
9 82 1
9 84 1
9 85 1
9 88 1
9 96 1
9 97 1
9 104 1
9 108 1
9 112 1
9 122 1
9 124 1
9 127 1
9 128 1
9 129 1
10 80 1
11 20 1
11 48 1
11 54 1
11 57 1
11 64 1
11 65 1
11 73 1
11 82 1
11 84 1
11 85 1
11 88 1
11 93 1
11 96 1
11 98 1
11 101 1
11 104 1
11 109 1
11 111 1
11 112 1
11 119 1
11 123 1
11 124 1
11 127 1
11 129 1
12 38 1
12 116 1
13 93 1
13 104 1
13 116 1
13 119 1
13 128 1
14 75 1
16 65 1
16 127 1
17 12 1
18 61 1
18 64 1
18 65 1
18 82 1
18 87 1
18 88 1
18 113 1
18 121 1
18 122 1
19 11 1
19 16 1
19 24 1
19 25 1
19 38 1
19 50 1
19 64 1
19 65 1
19 76 1
19 80 1
19 82 1
19 88 1
19 123 1
20 61 1
21 11 1
21 16 1
21 20 1
21 23 1
21 27 1
21 30 1
21 36 1
21 38 1
21 48 1
21 54 1
21 55 1
21 57 1
21 61 1
21 65 1
21 76 1
21 82 1
21 84 1
21 85 1
21 88 1
21 89 1
21 93 1
21 101 1
21 104 1
21 107 1
21 108 1
21 111 1
21 112 1
21 113 1
21 116 1
21 119 1
21 126 1
21 127 1
21 129 1
22 18 1
22 20 1
22 28 1
22 35 1
22 49 1
22 54 1
22 58 1
22 64 1
22 65 1
22 84 1
22 86 1
22 89 1
22 93 1
22 107 1
22 112 1
22 116 1
22 128 1
22 129 1
23 2 1
23 11 1
23 20 1
23 25 1
23 32 1
23 38 1
23 48 1
23 52 1
23 53 1
23 54 1
23 55 1
23 63 1
23 64 1
23 65 1
23 75 1
23 82 1
23 84 1
23 85 1
23 87 1
23 88 1
23 90 1
23 97 1
23 98 1
23 101 1
23 104 1
23 109 1
23 111 1
23 112 1
23 116 1
23 118 1
23 119 1
23 120 1
23 122 1
23 128 1
23 129 1
25 50 1
26 24 1
26 31 1
26 65 1
26 88 1
26 125 1
27 98 1
28 84 1
29 64 1
30 57 1
30 65 1
30 129 1
31 44 1
31 84 1
31 96 1
31 111 1
32 25 1
32 38 1
32 54 1
32 55 1
32 64 1
32 65 1
32 82 1
32 84 1
32 85 1
32 88 1
32 93 1
32 97 1
32 102 1
32 116 1
32 128 1
32 129 1
33 56 1
34 112 1
35 16 1
35 21 1
35 38 1
35 48 1
35 50 1
35 52 1
35 63 1
35 75 1
35 76 1
35 82 1
35 84 1
35 85 1
35 87 1
35 88 1
35 93 1
35 97 1
35 98 1
35 109 1
35 110 1
35 112 1
35 116 1
35 121 1
35 126 1
35 127 1
35 128 1
35 129 1
41 58 1
41 75 1
41 112 1
41 116 1
41 123 1
41 129 1
42 76 1
42 110 1
43 76 1
43 101 1
43 104 1
44 79 1
44 116 1
44 122 1
45 64 1
45 75 1
45 95 1
45 129 1
46 38 1
46 57 1
46 64 1
46 76 1
46 79 1
46 86 1
47 54 1
47 73 1
47 77 1
48 54 1
48 61 1
48 65 1
48 80 1
48 85 1
48 88 1
48 89 1
48 107 1
48 109 1
48 129 1
49 57 1
49 63 1
49 76 1
49 80 1
49 88 1
49 109 1
49 112 1
49 116 1
49 122 1
49 129 1
50 3 1
50 5 1
50 64 1
50 118 1
52 9 1
52 44 1
52 53 1
52 63 1
52 64 1
52 75 1
52 85 1
52 95 1
52 101 1
52 108 1
52 109 1
52 120 1
52 126 1
52 129 1
54 64 1
54 65 1
54 129 1
55 76 1
55 89 1
55 95 1
55 98 1
55 120 1
55 129 1
56 18 1
56 61 1
56 111 1
56 119 1
57 48 1
57 111 1
58 21 1
58 81 1
58 84 1
59 128 1
60 86 1
61 79 1
61 129 1
62 12 1
62 41 1
63 75 1
64 20 1
64 61 1
64 97 1
65 80 1
65 84 1
65 88 1
65 127 1
67 49 1
67 97 1
69 20 1
69 61 1
69 112 1
70 50 1
70 61 1
71 76 1
72 49 1
72 81 1
72 111 1
73 52 1
74 76 1
74 82 1
74 126 1
75 17 1
75 74 1
75 129 1
77 86 1
77 101 1
77 112 1
79 104 1
81 52 1
81 65 1
81 101 1
81 111 1
81 124 1
81 129 1
82 48 1
82 65 1
82 76 1
82 98 1
82 109 1
82 111 1
82 112 1
82 124 1
82 126 1
82 128 1
82 129 1
83 50 1
84 38 1
84 55 1
84 73 1
84 109 1
84 129 1
85 38 1
85 84 1
85 88 1
85 116 1
85 122 1
86 52 1
86 63 1
86 75 1
86 104 1
86 112 1
86 126 1
86 128 1
87 85 1
87 88 1
87 104 1
87 129 1
88 38 1
88 61 1
88 76 1
88 89 1
88 109 1
88 121 1
88 127 1
88 129 1
90 124 1
92 81 1
92 103 1
92 112 1
92 121 1
93 52 1
93 82 1
93 101 1
93 112 1
95 80 1
96 112 1
96 118 1
97 65 1
97 84 1
98 76 1
99 75 1
99 97 1
100 65 1
101 61 1
101 64 1
102 12 1
102 49 1
102 61 1
102 65 1
102 97 1
102 103 1
103 96 1
104 82 1
104 103 1
105 93 1
106 80 1
107 18 1
107 64 1
107 90 1
107 116 1
107 122 1
108 11 1
108 24 1
108 38 1
108 88 1
108 96 1
108 129 1
109 122 1
111 129 1
112 80 1
114 64 1
114 121 1
117 98 1
118 126 1
119 24 1
120 119 1
120 122 1
123 38 1
123 112 1
124 118 1
124 128 1
125 85 1
125 126 1
127 20 1
128 110 1
