1 11 1
1 16 1
1 21 1
1 30 1
1 31 1
1 38 1
1 48 1
1 49 1
1 52 1
1 53 1
1 57 1
1 61 1
1 64 1
1 65 1
1 75 1
1 76 1
1 84 1
1 85 1
1 86 1
1 87 1
1 89 1
1 93 1
1 95 1
1 96 1
1 97 1
1 103 1
1 107 1
1 109 1
1 110 1
1 123 1
1 124 1
1 129 1
2 38 1
2 44 1
2 112 1
3 101 1
3 116 1
4 6 1
4 11 1
4 19 1
4 20 1
4 23 1
4 24 1
4 25 1
4 30 1
4 32 1
4 35 1
4 38 1
4 44 1
4 48 1
4 49 1
4 50 1
4 52 1
4 54 1
4 57 1
4 58 1
4 61 1
4 64 1
4 65 1
4 76 1
4 77 1
4 79 1
4 80 1
4 81 1
4 82 1
4 85 1
4 87 1
4 88 1
4 93 1
4 95 1
4 96 1
4 97 1
4 98 1
4 101 1
4 104 1
4 107 1
4 109 1
4 111 1
4 112 1
4 116 1
4 118 1
4 120 1
4 121 1
4 127 1
4 128 1
4 129 1
5 129 1
6 9 1
6 11 1
6 12 1
6 16 1
6 18 1
6 19 1
6 20 1
6 21 1
6 22 1
6 23 1
6 24 1
6 25 1
6 28 1
6 32 1
6 35 1
6 38 1
6 41 1
6 48 1
6 49 1
6 50 1
6 52 1
6 53 1
6 54 1
6 55 1
6 57 1
6 61 1
6 63 1
6 64 1
6 65 1
6 75 1
6 76 1
6 80 1
6 81 1
6 82 1
6 84 1
6 85 1
6 86 1
6 87 1
6 88 1
6 90 1
6 93 1
6 96 1
6 97 1
6 98 1
6 101 1
6 103 1
6 104 1
6 105 1
6 107 1
6 108 1
6 109 1
6 111 1
6 112 1
6 113 1
6 116 1
6 118 1
6 119 1
6 120 1
6 121 1
6 122 1
6 124 1
6 125 1
6 126 1
6 128 1
6 129 1
7 61 1
7 85 1
7 97 1
8 79 1
8 85 1
8 121 1
8 129 1
9 23 1
9 52 1
9 61 1
9 63 1
9 65 1
9 75 1
9 80 1
9 81 1
9 82 1
9 84 1
9 85 1
9 86 1
9 88 1
9 89 1
9 93 1
9 101 1
9 102 1
9 109 1
9 111 1
9 112 1
9 122 1
9 127 1
9 129 1
10 76 1
11 8 1
11 12 1
11 16 1
11 18 1
11 24 1
11 32 1
11 38 1
11 43 1
11 64 1
11 65 1
11 75 1
11 76 1
11 82 1
11 84 1
11 88 1
11 89 1
11 95 1
11 96 1
11 111 1
11 112 1
11 121 1
11 126 1
11 128 1
11 129 1
12 104 1
12 119 1
13 2 1
13 86 1
13 88 1
13 109 1
13 128 1
14 116 1
16 30 1
16 109 1
17 116 1
18 14 1
18 25 1
18 54 1
18 58 1
18 63 1
18 82 1
18 84 1
18 85 1
18 101 1
19 20 1
19 31 1
19 38 1
19 49 1
19 54 1
19 77 1
19 85 1
19 97 1
19 98 1
19 109 1
19 118 1
19 121 1
19 122 1
20 24 1
21 16 1
21 20 1
21 32 1
21 38 1
21 41 1
21 48 1
21 49 1
21 50 1
21 54 1
21 55 1
21 57 1
21 61 1
21 64 1
21 65 1
21 75 1
21 76 1
21 80 1
21 82 1
21 84 1
21 85 1
21 87 1
21 88 1
21 97 1
21 98 1
21 101 1
21 108 1
21 109 1
21 112 1
21 116 1
21 119 1
21 126 1
21 128 1
21 129 1
22 16 1
22 49 1
22 52 1
22 54 1
22 58 1
22 61 1
22 65 1
22 76 1
22 82 1
22 85 1
22 88 1
22 98 1
22 103 1
22 104 1
22 116 1
22 118 1
22 128 1
22 129 1
23 5 1
23 11 1
23 14 1
23 18 1
23 20 1
23 21 1
23 22 1
23 38 1
23 43 1
23 48 1
23 49 1
23 50 1
23 52 1
23 53 1
23 54 1
23 64 1
23 65 1
23 75 1
23 76 1
23 80 1
23 82 1
23 85 1
23 88 1
23 93 1
23 96 1
23 97 1
23 101 1
23 104 1
23 108 1
23 111 1
23 112 1
23 119 1
23 120 1
23 124 1
23 129 1
25 12 1
26 24 1
26 65 1
26 97 1
26 104 1
26 111 1
27 79 1
28 124 1
29 129 1
30 61 1
30 104 1
30 128 1
31 57 1
31 58 1
31 90 1
31 116 1
32 17 1
32 22 1
32 36 1
32 54 1
32 64 1
32 65 1
32 73 1
32 80 1
32 88 1
32 104 1
32 108 1
32 110 1
32 112 1
32 116 1
32 122 1
32 124 1
33 101 1
34 129 1
35 18 1
35 20 1
35 23 1
35 32 1
35 49 1
35 52 1
35 55 1
35 57 1
35 61 1
35 64 1
35 65 1
35 75 1
35 79 1
35 82 1
35 84 1
35 88 1
35 98 1
35 101 1
35 104 1
35 111 1
35 112 1
35 119 1
35 126 1
35 127 1
35 128 1
35 129 1
41 20 1
41 54 1
41 65 1
41 97 1
41 105 1
41 122 1
42 55 1
42 84 1
43 56 1
43 64 1
43 112 1
44 11 1
44 48 1
44 103 1
45 12 1
45 64 1
45 76 1
45 112 1
46 20 1
46 54 1
46 76 1
46 93 1
46 126 1
46 128 1
47 50 1
47 110 1
47 122 1
48 38 1
48 53 1
48 55 1
48 57 1
48 64 1
48 76 1
48 84 1
48 89 1
48 111 1
48 121 1
49 38 1
49 52 1
49 65 1
49 76 1
49 84 1
49 93 1
49 98 1
49 110 1
49 126 1
49 129 1
50 11 1
50 65 1
50 84 1
50 87 1
52 17 1
52 65 1
52 75 1
52 82 1
52 85 1
52 88 1
52 96 1
52 98 1
52 107 1
52 112 1
52 116 1
52 119 1
52 124 1
52 129 1
54 38 1
54 65 1
54 127 1
55 52 1
55 65 1
55 80 1
55 82 1
55 84 1
55 129 1
56 38 1
56 82 1
56 119 1
56 123 1
57 65 1
57 112 1
58 109 1
58 110 1
58 127 1
59 76 1
60 89 1
61 75 1
61 109 1
62 48 1
62 80 1
63 55 1
64 63 1
64 75 1
64 116 1
65 80 1
65 111 1
65 128 1
65 129 1
67 43 1
67 82 1
69 64 1
69 88 1
69 118 1
70 24 1
70 122 1
71 123 1
72 75 1
72 123 1
72 126 1
73 18 1
74 88 1
74 109 1
74 129 1
75 97 1
75 112 1
75 129 1
77 30 1
77 64 1
77 111 1
79 57 1
81 55 1
81 61 1
81 73 1
81 104 1
81 122 1
81 126 1
82 54 1
82 61 1
82 65 1
82 76 1
82 84 1
82 93 1
82 102 1
82 109 1
82 116 1
82 126 1
82 129 1
83 90 1
84 38 1
84 64 1
84 74 1
84 112 1
84 129 1
85 61 1
85 65 1
85 81 1
85 97 1
85 122 1
86 52 1
86 65 1
86 73 1
86 85 1
86 95 1
86 96 1
86 129 1
87 25 1
87 84 1
87 107 1
87 112 1
88 64 1
88 80 1
88 98 1
88 112 1
88 118 1
88 120 1
88 122 1
88 129 1
90 64 1
92 35 1
92 101 1
92 113 1
92 123 1
93 88 1
93 112 1
93 116 1
93 129 1
95 119 1
96 3 1
96 82 1
97 48 1
97 104 1
98 112 1
99 57 1
99 88 1
100 112 1
101 61 1
101 86 1
102 38 1
102 76 1
102 84 1
102 88 1
102 98 1
102 109 1
103 76 1
104 61 1
104 129 1
105 64 1
106 63 1
107 11 1
107 76 1
107 119 1
107 120 1
107 127 1
108 14 1
108 27 1
108 65 1
108 75 1
108 116 1
108 129 1
109 89 1
111 127 1
112 129 1
114 122 1
114 127 1
117 38 1
118 128 1
119 88 1
120 122 1
120 128 1
123 73 1
123 93 1
124 111 1
124 128 1
125 88 1
125 90 1
127 129 1
128 129 1
