1 12 1
1 16 1
1 18 1
1 22 1
1 38 1
1 49 1
1 52 1
1 55 1
1 61 1
1 63 1
1 64 1
1 65 1
1 80 1
1 82 1
1 84 1
1 90 1
1 93 1
1 95 1
1 96 1
1 97 1
1 98 1
1 104 1
1 108 1
1 110 1
1 112 1
1 116 1
1 119 1
1 122 1
1 123 1
1 126 1
1 128 1
1 129 1
2 5 1
2 88 1
2 129 1
3 116 1
3 127 1
4 11 1
4 12 1
4 16 1
4 17 1
4 18 1
4 21 1
4 22 1
4 23 1
4 25 1
4 30 1
4 32 1
4 35 1
4 38 1
4 43 1
4 48 1
4 49 1
4 52 1
4 53 1
4 54 1
4 55 1
4 57 1
4 58 1
4 61 1
4 64 1
4 65 1
4 75 1
4 76 1
4 80 1
4 82 1
4 84 1
4 85 1
4 86 1
4 88 1
4 89 1
4 93 1
4 95 1
4 96 1
4 97 1
4 98 1
4 101 1
4 103 1
4 104 1
4 109 1
4 111 1
4 112 1
4 119 1
4 120 1
4 123 1
4 129 1
5 116 1
6 2 1
6 9 1
6 11 1
6 14 1
6 18 1
6 19 1
6 20 1
6 21 1
6 22 1
6 23 1
6 24 1
6 25 1
6 30 1
6 31 1
6 32 1
6 38 1
6 41 1
6 43 1
6 48 1
6 49 1
6 50 1
6 52 1
6 54 1
6 55 1
6 57 1
6 58 1
6 61 1
6 64 1
6 65 1
6 73 1
6 75 1
6 76 1
6 77 1
6 79 1
6 80 1
6 81 1
6 82 1
6 84 1
6 85 1
6 86 1
6 87 1
6 88 1
6 89 1
6 93 1
6 96 1
6 97 1
6 101 1
6 102 1
6 103 1
6 104 1
6 105 1
6 107 1
6 108 1
6 109 1
6 110 1
6 111 1
6 112 1
6 116 1
6 119 1
6 121 1
6 122 1
6 124 1
6 125 1
6 126 1
6 129 1
7 12 1
7 14 1
7 127 1
8 61 1
8 88 1
8 98 1
8 128 1
9 19 1
9 21 1
9 35 1
9 44 1
9 48 1
9 52 1
9 56 1
9 64 1
9 65 1
9 73 1
9 76 1
9 80 1
9 84 1
9 88 1
9 97 1
9 98 1
9 110 1
9 113 1
9 116 1
9 118 1
9 126 1
9 128 1
9 129 1
10 74 1
11 17 1
11 23 1
11 24 1
11 32 1
11 38 1
11 54 1
11 64 1
11 75 1
11 77 1
11 80 1
11 82 1
11 84 1
11 85 1
11 88 1
11 93 1
11 96 1
11 109 1
11 111 1
11 112 1
11 116 1
11 118 1
11 119 1
11 120 1
11 129 1
12 38 1
12 87 1
13 8 1
13 61 1
13 65 1
13 110 1
13 129 1
14 55 1
16 49 1
16 76 1
17 127 1
18 38 1
18 50 1
18 57 1
18 75 1
18 76 1
18 84 1
18 109 1
18 112 1
18 124 1
19 54 1
19 58 1
19 75 1
19 79 1
19 88 1
19 89 1
19 104 1
19 107 1
19 111 1
19 124 1
19 126 1
19 128 1
19 129 1
20 27 1
21 11 1
21 20 1
21 30 1
21 35 1
21 48 1
21 55 1
21 57 1
21 63 1
21 64 1
21 65 1
21 75 1
21 76 1
21 80 1
21 81 1
21 82 1
21 84 1
21 85 1
21 86 1
21 87 1
21 88 1
21 96 1
21 97 1
21 98 1
21 101 1
21 103 1
21 108 1
21 109 1
21 112 1
21 119 1
21 120 1
21 122 1
21 128 1
21 129 1
22 38 1
22 48 1
22 53 1
22 64 1
22 75 1
22 84 1
22 85 1
22 88 1
22 93 1
22 96 1
22 97 1
22 98 1
22 111 1
22 116 1
22 122 1
22 123 1
22 126 1
22 129 1
23 16 1
23 18 1
23 32 1
23 38 1
23 43 1
23 49 1
23 50 1
23 52 1
23 57 1
23 61 1
23 63 1
23 64 1
23 65 1
23 73 1
23 76 1
23 80 1
23 82 1
23 84 1
23 85 1
23 86 1
23 88 1
23 93 1
23 97 1
23 104 1
23 107 1
23 111 1
23 112 1
23 116 1
23 118 1
23 119 1
23 122 1
23 124 1
23 126 1
23 128 1
23 129 1
25 76 1
26 12 1
26 80 1
26 81 1
26 118 1
26 122 1
27 103 1
28 82 1
29 24 1
30 54 1
30 126 1
30 127 1
31 97 1
31 104 1
31 126 1
31 128 1
32 20 1
32 38 1
32 50 1
32 52 1
32 64 1
32 82 1
32 84 1
32 85 1
32 87 1
32 88 1
32 89 1
32 107 1
32 109 1
32 122 1
32 126 1
32 129 1
33 14 1
34 116 1
35 3 1
35 11 1
35 23 1
35 36 1
35 54 1
35 64 1
35 65 1
35 76 1
35 80 1
35 81 1
35 82 1
35 85 1
35 88 1
35 96 1
35 101 1
35 102 1
35 104 1
35 108 1
35 111 1
35 112 1
35 116 1
35 119 1
35 121 1
35 123 1
35 128 1
35 129 1
41 11 1
41 38 1
41 65 1
41 85 1
41 98 1
41 110 1
42 84 1
42 128 1
43 82 1
43 88 1
43 104 1
44 20 1
44 76 1
44 90 1
45 25 1
45 48 1
45 54 1
45 123 1
46 20 1
46 54 1
46 61 1
46 85 1
46 109 1
46 118 1
47 6 1
47 73 1
47 85 1
48 11 1
48 55 1
48 80 1
48 84 1
48 89 1
48 98 1
48 104 1
48 112 1
48 122 1
48 129 1
49 38 1
49 48 1
49 52 1
49 64 1
49 65 1
49 95 1
49 98 1
49 112 1
49 122 1
49 129 1
50 52 1
50 65 1
50 112 1
50 116 1
52 24 1
52 41 1
52 55 1
52 79 1
52 82 1
52 85 1
52 93 1
52 97 1
52 104 1
52 111 1
52 112 1
52 116 1
52 128 1
52 129 1
54 25 1
54 61 1
54 129 1
55 24 1
55 57 1
55 64 1
55 65 1
55 75 1
55 101 1
56 63 1
56 65 1
56 76 1
56 111 1
57 65 1
57 88 1
58 49 1
58 116 1
58 127 1
59 95 1
60 65 1
61 65 1
61 112 1
62 101 1
62 107 1
63 101 1
64 38 1
64 109 1
64 129 1
65 76 1
65 84 1
65 112 1
65 129 1
67 49 1
67 76 1
69 64 1
69 101 1
69 116 1
70 109 1
70 121 1
71 112 1
72 54 1
72 61 1
72 101 1
73 128 1
74 11 1
74 75 1
74 109 1
75 44 1
75 128 1
75 129 1
77 61 1
77 109 1
77 119 1
79 121 1
81 32 1
81 84 1
81 88 1
81 120 1
81 121 1
81 129 1
82 18 1
82 38 1
82 54 1
82 64 1
82 65 1
82 75 1
82 79 1
82 85 1
82 93 1
82 112 1
82 129 1
83 124 1
84 31 1
84 58 1
84 109 1
84 128 1
84 129 1
85 24 1
85 64 1
85 65 1
85 84 1
85 112 1
86 20 1
86 30 1
86 50 1
86 57 1
86 64 1
86 97 1
86 122 1
87 63 1
87 82 1
87 90 1
87 118 1
88 52 1
88 61 1
88 65 1
88 75 1
88 82 1
88 111 1
88 112 1
88 129 1
90 104 1
92 76 1
92 89 1
92 90 1
92 105 1
93 38 1
93 57 1
93 75 1
93 129 1
95 127 1
96 20 1
96 93 1
97 61 1
97 124 1
98 112 1
99 16 1
99 113 1
100 53 1
101 119 1
101 127 1
102 52 1
102 65 1
102 76 1
102 82 1
102 120 1
102 127 1
103 112 1
104 61 1
104 101 1
105 48 1
106 121 1
107 64 1
107 88 1
107 97 1
107 111 1
107 129 1
108 16 1
108 65 1
108 76 1
108 88 1
108 98 1
108 129 1
109 122 1
111 38 1
112 109 1
114 57 1
114 76 1
117 122 1
118 49 1
119 54 1
120 20 1
120 86 1
123 28 1
123 87 1
124 65 1
124 88 1
125 53 1
125 129 1
127 61 1
128 129 1
