1 5 1
1 11 1
1 18 1
1 20 1
1 24 1
1 32 1
1 36 1
1 48 1
1 49 1
1 50 1
1 52 1
1 57 1
1 58 1
1 64 1
1 65 1
1 75 1
1 80 1
1 82 1
1 84 1
1 85 1
1 88 1
1 89 1
1 90 1
1 95 1
1 101 1
1 104 1
1 109 1
1 111 1
1 118 1
1 119 1
1 120 1
1 129 1
2 48 1
2 95 1
2 112 1
3 38 1
3 64 1
4 6 1
4 11 1
4 12 1
4 14 1
4 19 1
4 20 1
4 21 1
4 23 1
4 24 1
4 31 1
4 35 1
4 38 1
4 41 1
4 43 1
4 48 1
4 49 1
4 50 1
4 52 1
4 54 1
4 55 1
4 57 1
4 61 1
4 64 1
4 65 1
4 73 1
4 75 1
4 76 1
4 80 1
4 82 1
4 84 1
4 86 1
4 88 1
4 89 1
4 93 1
4 97 1
4 98 1
4 104 1
4 107 1
4 109 1
4 110 1
4 111 1
4 112 1
4 118 1
4 119 1
4 121 1
4 122 1
4 123 1
4 127 1
4 129 1
5 85 1
6 11 1
6 12 1
6 16 1
6 17 1
6 18 1
6 19 1
6 21 1
6 22 1
6 23 1
6 25 1
6 32 1
6 35 1
6 38 1
6 41 1
6 43 1
6 44 1
6 48 1
6 49 1
6 50 1
6 52 1
6 53 1
6 55 1
6 57 1
6 61 1
6 63 1
6 64 1
6 65 1
6 74 1
6 75 1
6 76 1
6 77 1
6 79 1
6 80 1
6 81 1
6 82 1
6 84 1
6 85 1
6 86 1
6 87 1
6 88 1
6 89 1
6 93 1
6 95 1
6 96 1
6 97 1
6 98 1
6 101 1
6 102 1
6 103 1
6 104 1
6 107 1
6 108 1
6 109 1
6 110 1
6 111 1
6 112 1
6 116 1
6 119 1
6 121 1
6 122 1
6 123 1
6 124 1
6 127 1
6 128 1
6 129 1
7 11 1
7 38 1
7 112 1
8 95 1
8 112 1
8 122 1
8 128 1
9 16 1
9 23 1
9 52 1
9 61 1
9 64 1
9 65 1
9 76 1
9 82 1
9 84 1
9 85 1
9 88 1
9 93 1
9 96 1
9 104 1
9 108 1
9 112 1
9 116 1
9 118 1
9 124 1
9 125 1
9 126 1
9 128 1
9 129 1
10 129 1
11 25 1
11 32 1
11 38 1
11 49 1
11 52 1
11 64 1
11 65 1
11 75 1
11 79 1
11 82 1
11 84 1
11 87 1
11 88 1
11 89 1
11 96 1
11 105 1
11 111 1
11 112 1
11 116 1
11 119 1
11 122 1
11 123 1
11 128 1
11 129 1
12 96 1
12 122 1
13 23 1
13 76 1
13 87 1
13 119 1
13 120 1
14 76 1
16 11 1
16 126 1
17 122 1
18 30 1
18 55 1
18 64 1
18 76 1
18 97 1
18 98 1
18 103 1
18 109 1
18 129 1
19 22 1
19 38 1
19 48 1
19 54 1
19 57 1
19 80 1
19 82 1
19 89 1
19 108 1
19 112 1
19 116 1
19 122 1
19 129 1
20 43 1
21 8 1
21 12 1
21 30 1
21 38 1
21 49 1
21 52 1
21 54 1
21 55 1
21 57 1
21 64 1
21 65 1
21 75 1
21 76 1
21 80 1
21 82 1
21 84 1
21 85 1
21 86 1
21 88 1
21 93 1
21 97 1
21 98 1
21 103 1
21 110 1
21 111 1
21 112 1
21 113 1
21 119 1
21 121 1
21 122 1
21 126 1
21 128 1
21 129 1
22 16 1
22 18 1
22 25 1
22 30 1
22 31 1
22 48 1
22 52 1
22 55 1
22 57 1
22 61 1
22 64 1
22 65 1
22 98 1
22 101 1
22 108 1
22 116 1
22 120 1
22 129 1
23 11 1
23 14 1
23 21 1
23 32 1
23 38 1
23 48 1
23 49 1
23 52 1
23 53 1
23 54 1
23 58 1
23 61 1
23 64 1
23 65 1
23 75 1
23 76 1
23 80 1
23 82 1
23 84 1
23 85 1
23 88 1
23 90 1
23 93 1
23 96 1
23 97 1
23 98 1
23 101 1
23 103 1
23 107 1
23 109 1
23 112 1
23 116 1
23 119 1
23 128 1
23 129 1
25 65 1
26 65 1
26 88 1
26 96 1
26 104 1
26 118 1
27 75 1
28 110 1
29 129 1
30 53 1
30 55 1
30 126 1
31 52 1
31 85 1
31 93 1
31 129 1
32 12 1
32 20 1
32 22 1
32 48 1
32 61 1
32 64 1
32 65 1
32 84 1
32 85 1
32 88 1
32 90 1
32 101 1
32 109 1
32 122 1
32 124 1
32 128 1
33 121 1
34 73 1
35 9 1
35 11 1
35 18 1
35 24 1
35 32 1
35 38 1
35 50 1
35 61 1
35 64 1
35 65 1
35 75 1
35 76 1
35 81 1
35 82 1
35 84 1
35 85 1
35 86 1
35 88 1
35 90 1
35 96 1
35 111 1
35 112 1
35 116 1
35 122 1
35 128 1
35 129 1
41 20 1
41 27 1
41 53 1
41 63 1
41 98 1
41 129 1
42 76 1
42 80 1
43 18 1
43 61 1
43 84 1
44 24 1
44 25 1
44 64 1
45 85 1
45 104 1
45 116 1
45 129 1
46 54 1
46 87 1
46 119 1
46 124 1
46 126 1
46 129 1
47 20 1
47 65 1
47 101 1
48 30 1
48 57 1
48 64 1
48 75 1
48 79 1
48 81 1
48 82 1
48 88 1
48 112 1
48 129 1
49 38 1
49 57 1
49 58 1
49 61 1
49 82 1
49 88 1
49 107 1
49 116 1
49 126 1
49 129 1
50 17 1
50 49 1
50 120 1
50 128 1
52 20 1
52 44 1
52 49 1
52 54 1
52 56 1
52 65 1
52 76 1
52 82 1
52 84 1
52 85 1
52 101 1
52 104 1
52 112 1
52 129 1
54 93 1
54 97 1
54 101 1
55 75 1
55 79 1
55 84 1
55 85 1
55 88 1
55 127 1
56 35 1
56 50 1
56 61 1
56 76 1
57 121 1
57 129 1
58 38 1
58 65 1
58 129 1
59 116 1
60 127 1
61 24 1
61 63 1
62 38 1
62 84 1
63 124 1
64 82 1
64 101 1
64 116 1
65 20 1
65 76 1
65 127 1
65 129 1
67 38 1
67 65 1
69 65 1
69 104 1
69 118 1
70 127 1
70 129 1
71 104 1
72 28 1
72 58 1
72 116 1
73 63 1
74 77 1
74 86 1
74 111 1
75 80 1
75 88 1
75 129 1
77 81 1
77 109 1
77 126 1
79 88 1
81 54 1
81 65 1
81 85 1
81 101 1
81 111 1
81 112 1
82 24 1
82 38 1
82 65 1
82 75 1
82 76 1
82 88 1
82 97 1
82 102 1
82 107 1
82 128 1
82 129 1
83 121 1
84 54 1
84 64 1
84 97 1
84 98 1
84 112 1
85 2 1
85 63 1
85 112 1
85 122 1
85 124 1
86 55 1
86 75 1
86 88 1
86 104 1
86 109 1
86 112 1
86 128 1
87 76 1
87 93 1
87 118 1
87 129 1
88 38 1
88 61 1
88 76 1
88 87 1
88 109 1
88 123 1
88 128 1
88 129 1
90 65 1
92 54 1
92 105 1
92 113 1
92 128 1
93 111 1
93 116 1
93 126 1
93 129 1
95 127 1
96 61 1
96 84 1
97 61 1
97 76 1
98 109 1
99 116 1
99 127 1
100 98 1
101 89 1
101 119 1
102 16 1
102 20 1
102 57 1
102 84 1
102 109 1
102 112 1
103 64 1
104 16 1
104 111 1
105 93 1
106 123 1
107 14 1
107 73 1
107 80 1
107 110 1
107 126 1
108 52 1
108 64 1
108 97 1
108 98 1
108 104 1
108 122 1
109 112 1
111 3 1
112 111 1
114 54 1
114 65 1
117 97 1
118 65 1
119 82 1
120 97 1
120 109 1
123 61 1
123 73 1
124 80 1
124 109 1
125 112 1
125 120 1
127 88 1
128 54 1
