1 11 1
1 23 1
1 30 1
1 38 1
1 44 1
1 48 1
1 49 1
1 50 1
1 52 1
1 53 1
1 54 1
1 55 1
1 61 1
1 64 1
1 65 1
1 75 1
1 76 1
1 82 1
1 84 1
1 85 1
1 88 1
1 93 1
1 95 1
1 101 1
1 103 1
1 104 1
1 109 1
1 111 1
1 112 1
1 116 1
1 118 1
1 129 1
2 61 1
2 75 1
2 101 1
3 53 1
3 104 1
4 6 1
4 18 1
4 21 1
4 23 1
4 24 1
4 32 1
4 35 1
4 38 1
4 43 1
4 48 1
4 49 1
4 52 1
4 53 1
4 55 1
4 57 1
4 58 1
4 61 1
4 63 1
4 64 1
4 65 1
4 75 1
4 76 1
4 79 1
4 81 1
4 82 1
4 84 1
4 86 1
4 88 1
4 96 1
4 97 1
4 98 1
4 103 1
4 104 1
4 108 1
4 109 1
4 110 1
4 111 1
4 112 1
4 113 1
4 116 1
4 119 1
4 121 1
4 122 1
4 124 1
4 125 1
4 126 1
4 127 1
4 128 1
4 129 1
5 65 1
6 9 1
6 11 1
6 14 1
6 16 1
6 18 1
6 19 1
6 20 1
6 21 1
6 22 1
6 23 1
6 24 1
6 25 1
6 32 1
6 35 1
6 38 1
6 41 1
6 48 1
6 49 1
6 50 1
6 54 1
6 55 1
6 56 1
6 57 1
6 58 1
6 61 1
6 63 1
6 64 1
6 65 1
6 73 1
6 75 1
6 76 1
6 79 1
6 80 1
6 81 1
6 82 1
6 84 1
6 85 1
6 86 1
6 87 1
6 88 1
6 89 1
6 90 1
6 93 1
6 96 1
6 97 1
6 98 1
6 101 1
6 103 1
6 104 1
6 105 1
6 107 1
6 108 1
6 109 1
6 111 1
6 112 1
6 116 1
6 119 1
6 120 1
6 121 1
6 122 1
6 123 1
6 124 1
6 126 1
6 128 1
6 129 1
7 52 1
7 88 1
7 120 1
8 84 1
8 110 1
8 112 1
8 122 1
9 11 1
9 18 1
9 20 1
9 21 1
9 30 1
9 32 1
9 38 1
9 48 1
9 73 1
9 80 1
9 81 1
9 85 1
9 87 1
9 96 1
9 101 1
9 102 1
9 104 1
9 109 1
9 112 1
9 119 1
9 120 1
9 122 1
9 129 1
10 65 1
11 22 1
11 38 1
11 50 1
11 52 1
11 55 1
11 58 1
11 61 1
11 64 1
11 65 1
11 75 1
11 76 1
11 82 1
11 84 1
11 88 1
11 101 1
11 109 1
11 112 1
11 116 1
11 122 1
11 123 1
11 124 1
11 126 1
11 128 1
11 129 1
12 64 1
12 76 1
13 16 1
13 88 1
13 90 1
13 116 1
13 124 1
14 20 1
16 3 1
16 14 1
17 116 1
18 23 1
18 24 1
18 79 1
18 81 1
18 89 1
18 110 1
18 112 1
18 119 1
18 128 1
19 12 1
19 61 1
19 77 1
19 84 1
19 88 1
19 89 1
19 90 1
19 97 1
19 112 1
19 118 1
19 127 1
19 128 1
19 129 1
20 73 1
21 11 1
21 18 1
21 30 1
21 35 1
21 38 1
21 49 1
21 52 1
21 55 1
21 57 1
21 61 1
21 64 1
21 65 1
21 73 1
21 76 1
21 79 1
21 82 1
21 84 1
21 85 1
21 86 1
21 88 1
21 96 1
21 97 1
21 104 1
21 107 1
21 109 1
21 111 1
21 112 1
21 113 1
21 119 1
21 121 1
21 127 1
21 128 1
21 129 1
22 24 1
22 32 1
22 57 1
22 61 1
22 63 1
22 64 1
22 65 1
22 76 1
22 82 1
22 88 1
22 97 1
22 109 1
22 120 1
22 123 1
22 126 1
22 127 1
22 128 1
22 129 1
23 17 1
23 19 1
23 22 1
23 24 1
23 43 1
23 48 1
23 49 1
23 50 1
23 54 1
23 55 1
23 61 1
23 63 1
23 64 1
23 65 1
23 75 1
23 76 1
23 82 1
23 84 1
23 85 1
23 86 1
23 87 1
23 88 1
23 93 1
23 95 1
23 97 1
23 98 1
23 109 1
23 111 1
23 112 1
23 116 1
23 122 1
23 126 1
23 127 1
23 128 1
23 129 1
25 129 1
26 11 1
26 16 1
26 64 1
26 105 1
26 122 1
27 28 1
28 111 1
29 38 1
30 104 1
30 112 1
30 129 1
31 57 1
31 104 1
31 107 1
31 127 1
32 38 1
32 49 1
32 61 1
32 64 1
32 65 1
32 74 1
32 87 1
32 88 1
32 97 1
32 101 1
32 104 1
32 122 1
32 124 1
32 126 1
32 128 1
32 129 1
33 85 1
34 80 1
35 2 1
35 12 1
35 25 1
35 27 1
35 30 1
35 38 1
35 48 1
35 49 1
35 52 1
35 54 1
35 57 1
35 64 1
35 65 1
35 76 1
35 80 1
35 84 1
35 85 1
35 86 1
35 88 1
35 93 1
35 96 1
35 111 1
35 112 1
35 119 1
35 121 1
35 129 1
41 32 1
41 65 1
41 76 1
41 101 1
41 122 1
41 127 1
42 112 1
42 128 1
43 75 1
43 76 1
43 121 1
44 38 1
44 85 1
44 104 1
45 18 1
45 107 1
45 108 1
45 119 1
46 5 1
46 11 1
46 65 1
46 82 1
46 107 1
46 118 1
47 61 1
47 75 1
47 110 1
48 16 1
48 24 1
48 54 1
48 65 1
48 84 1
48 93 1
48 97 1
48 98 1
48 110 1
48 111 1
49 20 1
49 54 1
49 65 1
49 76 1
49 84 1
49 102 1
49 109 1
49 116 1
49 123 1
49 129 1
50 75 1
50 80 1
50 98 1
50 109 1
52 8 1
52 38 1
52 43 1
52 57 1
52 61 1
52 63 1
52 64 1
52 82 1
52 87 1
52 88 1
52 98 1
52 109 1
52 112 1
52 126 1
54 14 1
54 55 1
54 97 1
55 52 1
55 84 1
55 93 1
55 98 1
55 111 1
55 128 1
56 25 1
56 48 1
56 85 1
56 129 1
57 50 1
57 129 1
58 12 1
58 104 1
58 122 1
59 54 1
60 90 1
61 116 1
61 129 1
62 76 1
62 97 1
63 64 1
64 31 1
64 95 1
64 116 1
65 54 1
65 88 1
65 112 1
65 129 1
67 54 1
67 80 1
69 61 1
69 65 1
69 129 1
70 20 1
70 96 1
71 119 1
72 12 1
72 25 1
72 80 1
73 88 1
74 16 1
74 103 1
74 124 1
75 98 1
75 122 1
75 129 1
77 11 1
77 112 1
77 118 1
79 41 1
81 52 1
81 80 1
81 82 1
81 101 1
81 121 1
81 129 1
82 20 1
82 64 1
82 65 1
82 75 1
82 76 1
82 85 1
82 93 1
82 111 1
82 116 1
82 120 1
82 129 1
83 128 1
84 58 1
84 82 1
84 97 1
84 126 1
84 129 1
85 17 1
85 89 1
85 93 1
85 116 1
85 127 1
86 49 1
86 52 1
86 53 1
86 109 1
86 112 1
86 119 1
86 129 1
87 48 1
87 65 1
87 98 1
87 112 1
88 38 1
88 76 1
88 84 1
88 98 1
88 101 1
88 112 1
88 116 1
88 118 1
90 109 1
92 20 1
92 57 1
92 89 1
92 122 1
93 64 1
93 75 1
93 116 1
93 118 1
95 85 1
96 20 1
96 36 1
97 57 1
97 85 1
98 38 1
99 31 1
99 123 1
100 88 1
101 64 1
101 80 1
102 54 1
102 64 1
102 77 1
102 95 1
102 112 1
102 129 1
103 76 1
104 38 1
104 82 1
105 93 1
106 38 1
107 52 1
107 82 1
107 88 1
107 111 1
107 129 1
108 82 1
108 84 1
108 85 1
108 96 1
108 126 1
108 129 1
109 65 1
111 128 1
112 84 1
114 44 1
114 65 1
117 65 1
118 89 1
119 54 1
120 65 1
120 76 1
123 75 1
123 129 1
124 108 1
124 129 1
125 61 1
125 101 1
127 80 1
128 88 1
