1 6 1
1 11 1
1 17 1
1 20 1
1 21 1
1 22 1
1 24 1
1 25 1
1 32 1
1 48 1
1 49 1
1 61 1
1 63 1
1 65 1
1 74 1
1 75 1
1 76 1
1 79 1
1 80 1
1 88 1
1 89 1
1 109 1
1 110 1
1 111 1
1 112 1
1 116 1
1 118 1
1 121 1
1 122 1
1 125 1
1 126 1
1 129 1
2 55 1
2 64 1
2 111 1
3 41 1
3 129 1
4 11 1
4 12 1
4 14 1
4 17 1
4 19 1
4 20 1
4 21 1
4 22 1
4 23 1
4 32 1
4 35 1
4 38 1
4 41 1
4 49 1
4 50 1
4 52 1
4 54 1
4 57 1
4 58 1
4 61 1
4 64 1
4 65 1
4 76 1
4 81 1
4 82 1
4 85 1
4 86 1
4 87 1
4 88 1
4 89 1
4 90 1
4 93 1
4 96 1
4 97 1
4 98 1
4 101 1
4 103 1
4 104 1
4 108 1
4 109 1
4 111 1
4 112 1
4 116 1
4 122 1
4 123 1
4 124 1
4 127 1
4 128 1
4 129 1
5 20 1
6 5 1
6 11 1
6 16 1
6 18 1
6 19 1
6 20 1
6 21 1
6 22 1
6 23 1
6 24 1
6 25 1
6 27 1
6 28 1
6 30 1
6 31 1
6 35 1
6 38 1
6 48 1
6 49 1
6 50 1
6 52 1
6 53 1
6 54 1
6 55 1
6 57 1
6 58 1
6 61 1
6 63 1
6 64 1
6 65 1
6 73 1
6 75 1
6 76 1
6 79 1
6 80 1
6 81 1
6 82 1
6 84 1
6 85 1
6 86 1
6 87 1
6 88 1
6 89 1
6 93 1
6 97 1
6 98 1
6 101 1
6 102 1
6 103 1
6 104 1
6 105 1
6 107 1
6 108 1
6 109 1
6 110 1
6 113 1
6 116 1
6 118 1
6 119 1
6 120 1
6 122 1
6 126 1
6 127 1
6 128 1
6 129 1
7 20 1
7 43 1
7 113 1
8 25 1
8 63 1
8 77 1
8 127 1
9 11 1
9 25 1
9 50 1
9 52 1
9 54 1
9 61 1
9 64 1
9 65 1
9 75 1
9 79 1
9 82 1
9 84 1
9 85 1
9 88 1
9 97 1
9 98 1
9 101 1
9 104 1
9 110 1
9 116 1
9 119 1
9 124 1
9 129 1
10 98 1
11 16 1
11 30 1
11 38 1
11 50 1
11 52 1
11 53 1
11 64 1
11 65 1
11 75 1
11 76 1
11 82 1
11 84 1
11 86 1
11 88 1
11 93 1
11 98 1
11 101 1
11 109 1
11 111 1
11 112 1
11 116 1
11 120 1
11 128 1
11 129 1
12 55 1
12 64 1
13 48 1
13 65 1
13 85 1
13 104 1
13 109 1
14 16 1
16 38 1
16 64 1
17 97 1
18 38 1
18 54 1
18 75 1
18 80 1
18 82 1
18 120 1
18 122 1
18 126 1
18 129 1
19 16 1
19 43 1
19 64 1
19 65 1
19 73 1
19 90 1
19 96 1
19 107 1
19 109 1
19 111 1
19 122 1
19 126 1
19 129 1
20 112 1
21 11 1
21 12 1
21 23 1
21 24 1
21 38 1
21 48 1
21 49 1
21 52 1
21 53 1
21 57 1
21 61 1
21 64 1
21 65 1
21 75 1
21 76 1
21 80 1
21 82 1
21 84 1
21 85 1
21 88 1
21 97 1
21 102 1
21 108 1
21 111 1
21 112 1
21 116 1
21 118 1
21 119 1
21 122 1
21 126 1
21 127 1
21 128 1
21 129 1
22 11 1
22 20 1
22 32 1
22 48 1
22 57 1
22 58 1
22 61 1
22 64 1
22 75 1
22 76 1
22 88 1
22 101 1
22 119 1
22 120 1
22 121 1
22 122 1
22 127 1
22 129 1
23 9 1
23 18 1
23 32 1
23 38 1
23 48 1
23 49 1
23 52 1
23 54 1
23 58 1
23 61 1
23 64 1
23 65 1
23 76 1
23 80 1
23 81 1
23 84 1
23 86 1
23 88 1
23 97 1
23 101 1
23 104 1
23 107 1
23 108 1
23 109 1
23 111 1
23 112 1
23 116 1
23 118 1
23 119 1
23 122 1
23 123 1
23 124 1
23 127 1
23 128 1
23 129 1
25 55 1
26 57 1
26 65 1
26 89 1
26 96 1
26 110 1
27 79 1
28 116 1
29 110 1
30 65 1
30 87 1
30 118 1
31 65 1
31 75 1
31 103 1
31 112 1
32 30 1
32 38 1
32 61 1
32 82 1
32 85 1
32 88 1
32 93 1
32 96 1
32 97 1
32 104 1
32 109 1
32 112 1
32 122 1
32 123 1
32 128 1
32 129 1
33 90 1
34 12 1
35 3 1
35 11 1
35 14 1
35 23 1
35 38 1
35 43 1
35 49 1
35 52 1
35 63 1
35 64 1
35 65 1
35 81 1
35 82 1
35 84 1
35 85 1
35 87 1
35 88 1
35 93 1
35 97 1
35 101 1
35 104 1
35 107 1
35 112 1
35 116 1
35 128 1
35 129 1
41 65 1
41 85 1
41 95 1
41 97 1
41 118 1
41 129 1
42 52 1
42 95 1
43 16 1
43 84 1
43 129 1
44 54 1
44 73 1
44 84 1
45 24 1
45 54 1
45 76 1
45 88 1
46 65 1
46 75 1
46 82 1
46 101 1
46 104 1
46 127 1
47 38 1
47 95 1
47 97 1
48 20 1
48 24 1
48 55 1
48 65 1
48 85 1
48 88 1
48 89 1
48 93 1
48 104 1
48 112 1
49 61 1
49 75 1
49 82 1
49 84 1
49 85 1
49 88 1
49 95 1
49 116 1
49 119 1
49 129 1
50 88 1
50 109 1
50 112 1
50 129 1
52 12 1
52 38 1
52 61 1
52 63 1
52 82 1
52 88 1
52 98 1
52 104 1
52 109 1
52 112 1
52 119 1
52 120 1
52 126 1
52 129 1
54 84 1
54 119 1
54 129 1
55 38 1
55 76 1
55 107 1
55 122 1
55 126 1
55 128 1
56 24 1
56 38 1
56 80 1
56 111 1
57 98 1
57 116 1
58 90 1
58 122 1
58 124 1
59 49 1
60 35 1
61 85 1
61 129 1
62 54 1
62 97 1
63 18 1
64 76 1
64 80 1
64 112 1
65 64 1
65 98 1
65 112 1
65 129 1
67 112 1
67 123 1
69 20 1
69 55 1
69 126 1
70 61 1
70 101 1
71 101 1
72 38 1
72 77 1
72 109 1
73 126 1
74 32 1
74 44 1
74 54 1
75 61 1
75 84 1
75 129 1
77 80 1
77 109 1
77 121 1
79 18 1
81 8 1
81 52 1
81 57 1
81 80 1
81 116 1
81 119 1
82 30 1
82 31 1
82 38 1
82 54 1
82 57 1
82 75 1
82 88 1
82 98 1
82 111 1
82 112 1
82 129 1
83 76 1
84 64 1
84 96 1
84 109 1
84 111 1
84 128 1
85 84 1
85 86 1
85 96 1
85 112 1
85 128 1
86 64 1
86 65 1
86 76 1
86 82 1
86 112 1
86 122 1
86 124 1
87 18 1
87 48 1
87 56 1
87 112 1
88 44 1
88 65 1
88 84 1
88 85 1
88 93 1
88 112 1
88 121 1
88 129 1
90 76 1
92 14 1
92 65 1
92 96 1
92 124 1
93 84 1
93 121 1
93 128 1
93 129 1
95 55 1
96 80 1
96 111 1
97 65 1
97 123 1
98 116 1
99 88 1
99 129 1
100 104 1
101 76 1
101 93 1
102 54 1
102 65 1
102 76 1
102 98 1
102 127 1
102 128 1
103 61 1
104 65 1
104 82 1
105 50 1
106 85 1
107 61 1
107 75 1
107 76 1
107 88 1
107 116 1
108 49 1
108 82 1
108 87 1
108 89 1
108 103 1
108 105 1
109 57 1
111 36 1
112 129 1
114 2 1
114 128 1
117 73 1
118 84 1
119 48 1
120 57 1
120 129 1
123 76 1
123 121 1
124 52 1
124 93 1
125 53 1
125 129 1
127 64 1
128 64 1
