1 8 1
1 11 1
1 12 1
1 22 1
1 31 1
1 38 1
1 43 1
1 48 1
1 52 1
1 57 1
1 61 1
1 64 1
1 65 1
1 75 1
1 77 1
1 79 1
1 80 1
1 82 1
1 84 1
1 85 1
1 88 1
1 101 1
1 105 1
1 109 1
1 110 1
1 113 1
1 116 1
1 118 1
1 122 1
1 124 1
1 126 1
1 128 1
2 38 1
2 101 1
2 128 1
3 75 1
3 112 1
4 5 1
4 6 1
4 11 1
4 12 1
4 14 1
4 18 1
4 20 1
4 21 1
4 22 1
4 32 1
4 35 1
4 38 1
4 43 1
4 48 1
4 50 1
4 52 1
4 53 1
4 54 1
4 55 1
4 56 1
4 57 1
4 61 1
4 64 1
4 65 1
4 76 1
4 80 1
4 82 1
4 84 1
4 85 1
4 86 1
4 87 1
4 88 1
4 93 1
4 96 1
4 97 1
4 98 1
4 103 1
4 104 1
4 108 1
4 111 1
4 112 1
4 116 1
4 119 1
4 121 1
4 123 1
4 126 1
4 127 1
4 128 1
4 129 1
5 11 1
6 9 1
6 11 1
6 16 1
6 17 1
6 19 1
6 20 1
6 21 1
6 22 1
6 23 1
6 24 1
6 30 1
6 31 1
6 32 1
6 35 1
6 38 1
6 48 1
6 49 1
6 50 1
6 52 1
6 53 1
6 54 1
6 55 1
6 57 1
6 61 1
6 63 1
6 64 1
6 65 1
6 73 1
6 75 1
6 76 1
6 77 1
6 79 1
6 80 1
6 81 1
6 82 1
6 84 1
6 85 1
6 86 1
6 88 1
6 89 1
6 90 1
6 93 1
6 95 1
6 97 1
6 98 1
6 101 1
6 102 1
6 103 1
6 104 1
6 107 1
6 108 1
6 109 1
6 111 1
6 112 1
6 116 1
6 118 1
6 119 1
6 120 1
6 121 1
6 122 1
6 123 1
6 126 1
6 127 1
6 128 1
6 129 1
7 52 1
7 58 1
7 65 1
8 86 1
8 101 1
8 123 1
8 127 1
9 17 1
9 19 1
9 32 1
9 52 1
9 57 1
9 61 1
9 64 1
9 65 1
9 76 1
9 81 1
9 82 1
9 84 1
9 85 1
9 86 1
9 88 1
9 96 1
9 97 1
9 101 1
9 111 1
9 118 1
9 124 1
9 126 1
9 129 1
10 44 1
11 38 1
11 48 1
11 49 1
11 52 1
11 57 1
11 58 1
11 65 1
11 75 1
11 76 1
11 80 1
11 84 1
11 85 1
11 87 1
11 88 1
11 93 1
11 98 1
11 101 1
11 104 1
11 109 1
11 112 1
11 116 1
11 119 1
11 122 1
11 129 1
12 127 1
12 129 1
13 38 1
13 75 1
13 104 1
13 109 1
13 120 1
14 110 1
16 82 1
16 129 1
17 103 1
18 20 1
18 54 1
18 64 1
18 76 1
18 89 1
18 93 1
18 122 1
18 127 1
18 129 1
19 16 1
19 20 1
19 27 1
19 52 1
19 55 1
19 64 1
19 65 1
19 76 1
19 96 1
19 98 1
19 112 1
19 127 1
19 129 1
20 105 1
21 3 1
21 18 1
21 20 1
21 23 1
21 48 1
21 54 1
21 55 1
21 57 1
21 61 1
21 63 1
21 64 1
21 65 1
21 75 1
21 76 1
21 80 1
21 81 1
21 82 1
21 84 1
21 85 1
21 87 1
21 88 1
21 89 1
21 93 1
21 98 1
21 103 1
21 112 1
21 116 1
21 118 1
21 120 1
21 124 1
21 127 1
21 128 1
21 129 1
22 11 1
22 18 1
22 24 1
22 32 1
22 38 1
22 49 1
22 64 1
22 80 1
22 81 1
22 82 1
22 87 1
22 88 1
22 101 1
22 111 1
22 112 1
22 116 1
22 122 1
22 128 1
23 2 1
23 11 1
23 18 1
23 20 1
23 25 1
23 30 1
23 35 1
23 38 1
23 48 1
23 49 1
23 53 1
23 57 1
23 61 1
23 64 1
23 65 1
23 75 1
23 76 1
23 80 1
23 82 1
23 84 1
23 85 1
23 88 1
23 93 1
23 97 1
23 104 1
23 107 1
23 109 1
23 111 1
23 112 1
23 119 1
23 121 1
23 122 1
23 124 1
23 128 1
23 129 1
25 41 1
26 30 1
26 79 1
26 84 1
26 113 1
26 125 1
27 58 1
28 14 1
29 36 1
30 25 1
30 76 1
30 129 1
31 23 1
31 75 1
31 96 1
31 122 1
32 21 1
32 38 1
32 61 1
32 76 1
32 82 1
32 84 1
32 88 1
32 89 1
32 93 1
32 108 1
32 109 1
32 111 1
32 112 1
32 116 1
32 118 1
32 126 1
33 24 1
34 53 1
35 11 1
35 32 1
35 49 1
35 54 1
35 61 1
35 64 1
35 65 1
35 73 1
35 75 1
35 82 1
35 84 1
35 85 1
35 86 1
35 88 1
35 95 1
35 96 1
35 97 1
35 107 1
35 109 1
35 110 1
35 111 1
35 112 1
35 123 1
35 126 1
35 128 1
35 129 1
41 16 1
41 49 1
41 50 1
41 57 1
41 80 1
41 129 1
42 57 1
42 112 1
43 50 1
43 120 1
43 128 1
44 41 1
44 124 1
44 129 1
45 43 1
45 85 1
45 112 1
45 121 1
46 30 1
46 64 1
46 104 1
46 109 1
46 116 1
46 119 1
47 14 1
47 64 1
47 82 1
48 20 1
48 24 1
48 38 1
48 73 1
48 85 1
48 90 1
48 101 1
48 104 1
48 119 1
48 122 1
49 18 1
49 24 1
49 38 1
49 48 1
49 55 1
49 80 1
49 85 1
49 112 1
49 116 1
49 129 1
50 49 1
50 54 1
50 65 1
50 122 1
52 12 1
52 25 1
52 50 1
52 54 1
52 65 1
52 76 1
52 84 1
52 85 1
52 88 1
52 112 1
52 116 1
52 122 1
52 128 1
52 129 1
54 38 1
54 84 1
54 109 1
55 16 1
55 97 1
55 104 1
55 109 1
55 112 1
55 129 1
56 61 1
56 76 1
56 88 1
56 95 1
57 119 1
57 129 1
58 96 1
58 107 1
58 110 1
59 93 1
60 64 1
61 64 1
61 128 1
62 109 1
62 129 1
63 97 1
64 76 1
64 95 1
64 111 1
65 73 1
65 116 1
65 128 1
65 129 1
67 82 1
67 102 1
69 63 1
69 65 1
69 124 1
70 88 1
70 112 1
71 89 1
72 79 1
72 98 1
72 104 1
73 54 1
74 93 1
74 111 1
74 126 1
75 65 1
75 84 1
75 88 1
77 38 1
77 54 1
77 112 1
79 76 1
81 44 1
81 49 1
81 58 1
81 89 1
81 126 1
81 129 1
82 54 1
82 61 1
82 65 1
82 76 1
82 88 1
82 97 1
82 107 1
82 108 1
82 109 1
82 112 1
82 116 1
83 88 1
84 25 1
84 64 1
84 65 1
84 101 1
84 129 1
85 55 1
85 111 1
85 119 1
85 123 1
85 129 1
86 24 1
86 52 1
86 80 1
86 88 1
86 122 1
86 128 1
86 129 1
87 48 1
87 52 1
87 119 1
87 121 1
88 38 1
88 61 1
88 76 1
88 90 1
88 97 1
88 101 1
88 111 1
88 112 1
90 55 1
92 61 1
92 88 1
92 96 1
92 104 1
93 16 1
93 109 1
93 120 1
93 129 1
95 54 1
96 61 1
96 82 1
97 61 1
97 84 1
98 116 1
99 65 1
99 116 1
100 121 1
101 76 1
101 129 1
102 23 1
102 63 1
102 65 1
102 82 1
102 110 1
102 126 1
103 98 1
104 20 1
104 52 1
105 97 1
106 98 1
107 75 1
107 104 1
107 112 1
107 118 1
107 129 1
108 28 1
108 38 1
108 85 1
108 90 1
108 97 1
108 98 1
109 65 1
111 65 1
112 65 1
114 63 1
114 127 1
117 74 1
118 122 1
119 64 1
120 65 1
120 75 1
123 12 1
123 129 1
124 84 1
124 87 1
125 75 1
125 129 1
127 64 1
128 98 1
