1 11 1
1 19 1
1 20 1
1 21 1
1 35 1
1 38 1
1 43 1
1 48 1
1 49 1
1 52 1
1 56 1
1 57 1
1 61 1
1 64 1
1 65 1
1 80 1
1 82 1
1 84 1
1 88 1
1 89 1
1 93 1
1 96 1
1 97 1
1 101 1
1 104 1
1 107 1
1 109 1
1 111 1
1 112 1
1 118 1
1 122 1
1 129 1
2 38 1
2 54 1
2 65 1
3 89 1
3 96 1
4 6 1
4 11 1
4 12 1
4 20 1
4 21 1
4 22 1
4 23 1
4 24 1
4 25 1
4 30 1
4 32 1
4 41 1
4 48 1
4 50 1
4 54 1
4 55 1
4 57 1
4 63 1
4 64 1
4 65 1
4 73 1
4 75 1
4 76 1
4 80 1
4 82 1
4 84 1
4 85 1
4 87 1
4 88 1
4 89 1
4 96 1
4 97 1
4 98 1
4 102 1
4 103 1
4 107 1
4 109 1
4 111 1
4 112 1
4 116 1
4 118 1
4 119 1
4 120 1
4 122 1
4 124 1
4 126 1
4 127 1
4 128 1
4 129 1
5 121 1
6 3 1
6 8 1
6 9 1
6 11 1
6 12 1
6 16 1
6 18 1
6 19 1
6 20 1
6 21 1
6 23 1
6 24 1
6 25 1
6 28 1
6 31 1
6 32 1
6 35 1
6 38 1
6 44 1
6 48 1
6 49 1
6 50 1
6 52 1
6 54 1
6 55 1
6 57 1
6 58 1
6 61 1
6 63 1
6 64 1
6 65 1
6 73 1
6 74 1
6 76 1
6 79 1
6 80 1
6 81 1
6 82 1
6 84 1
6 85 1
6 86 1
6 87 1
6 88 1
6 90 1
6 93 1
6 97 1
6 98 1
6 101 1
6 103 1
6 104 1
6 107 1
6 108 1
6 109 1
6 110 1
6 111 1
6 112 1
6 116 1
6 118 1
6 120 1
6 121 1
6 122 1
6 124 1
6 126 1
6 128 1
6 129 1
7 64 1
7 80 1
7 116 1
8 75 1
8 85 1
8 116 1
8 129 1
9 32 1
9 36 1
9 38 1
9 44 1
9 49 1
9 52 1
9 53 1
9 58 1
9 64 1
9 65 1
9 76 1
9 84 1
9 85 1
9 86 1
9 88 1
9 97 1
9 110 1
9 111 1
9 120 1
9 121 1
9 122 1
9 127 1
9 128 1
10 105 1
11 2 1
11 18 1
11 38 1
11 49 1
11 54 1
11 61 1
11 64 1
11 65 1
11 75 1
11 76 1
11 82 1
11 85 1
11 86 1
11 88 1
11 93 1
11 98 1
11 102 1
11 104 1
11 112 1
11 116 1
11 118 1
11 119 1
11 128 1
11 129 1
12 11 1
12 93 1
13 16 1
13 54 1
13 61 1
13 123 1
13 128 1
14 65 1
16 18 1
16 112 1
17 84 1
18 38 1
18 76 1
18 80 1
18 89 1
18 95 1
18 104 1
18 109 1
18 112 1
18 129 1
19 11 1
19 16 1
19 22 1
19 52 1
19 53 1
19 76 1
19 88 1
19 89 1
19 90 1
19 101 1
19 112 1
19 122 1
19 129 1
20 38 1
21 11 1
21 14 1
21 31 1
21 38 1
21 48 1
21 49 1
21 52 1
21 55 1
21 61 1
21 64 1
21 65 1
21 75 1
21 76 1
21 77 1
21 79 1
21 81 1
21 82 1
21 84 1
21 85 1
21 86 1
21 88 1
21 93 1
21 98 1
21 101 1
21 109 1
21 110 1
21 111 1
21 112 1
21 113 1
21 116 1
21 118 1
21 124 1
21 129 1
22 23 1
22 38 1
22 50 1
22 52 1
22 61 1
22 65 1
22 76 1
22 79 1
22 81 1
22 82 1
22 84 1
22 85 1
22 88 1
22 97 1
22 109 1
22 121 1
22 124 1
22 128 1
23 11 1
23 12 1
23 14 1
23 16 1
23 20 1
23 32 1
23 38 1
23 43 1
23 49 1
23 50 1
23 52 1
23 53 1
23 55 1
23 57 1
23 58 1
23 64 1
23 65 1
23 73 1
23 76 1
23 79 1
23 82 1
23 84 1
23 85 1
23 87 1
23 88 1
23 93 1
23 97 1
23 104 1
23 108 1
23 109 1
23 112 1
23 123 1
23 125 1
23 128 1
23 129 1
25 128 1
26 55 1
26 65 1
26 119 1
26 126 1
26 127 1
27 30 1
28 32 1
29 124 1
30 89 1
30 120 1
30 122 1
31 93 1
31 97 1
31 121 1
31 124 1
32 24 1
32 27 1
32 53 1
32 54 1
32 55 1
32 57 1
32 61 1
32 64 1
32 80 1
32 88 1
32 98 1
32 108 1
32 118 1
32 122 1
32 128 1
32 129 1
33 127 1
34 126 1
35 18 1
35 23 1
35 24 1
35 38 1
35 48 1
35 49 1
35 52 1
35 54 1
35 61 1
35 64 1
35 65 1
35 75 1
35 76 1
35 82 1
35 85 1
35 86 1
35 87 1
35 88 1
35 93 1
35 95 1
35 104 1
35 108 1
35 116 1
35 122 1
35 126 1
35 129 1
41 24 1
41 54 1
41 84 1
41 122 1
41 126 1
41 129 1
42 43 1
42 127 1
43 61 1
43 65 1
43 107 1
44 84 1
44 112 1
44 116 1
45 52 1
45 63 1
45 64 1
45 119 1
46 12 1
46 18 1
46 63 1
46 77 1
46 80 1
46 127 1
47 63 1
47 84 1
47 116 1
48 38 1
48 75 1
48 76 1
48 82 1
48 88 1
48 101 1
48 103 1
48 105 1
48 112 1
48 119 1
49 17 1
49 48 1
49 82 1
49 85 1
49 88 1
49 101 1
49 111 1
49 112 1
49 120 1
49 129 1
50 65 1
50 75 1
50 104 1
50 121 1
52 30 1
52 38 1
52 41 1
52 50 1
52 61 1
52 64 1
52 76 1
52 84 1
52 88 1
52 104 1
52 111 1
52 116 1
52 128 1
52 129 1
54 61 1
54 64 1
54 75 1
55 48 1
55 73 1
55 85 1
55 93 1
55 96 1
55 112 1
56 84 1
56 90 1
56 96 1
56 129 1
57 97 1
57 109 1
58 20 1
58 64 1
58 104 1
59 129 1
60 97 1
61 116 1
61 129 1
62 95 1
62 97 1
63 123 1
64 65 1
64 84 1
64 111 1
65 57 1
65 76 1
65 126 1
65 129 1
67 49 1
67 84 1
69 57 1
69 111 1
69 122 1
70 119 1
70 129 1
71 80 1
72 38 1
72 98 1
72 112 1
73 80 1
74 58 1
74 82 1
74 129 1
75 103 1
75 104 1
75 129 1
77 110 1
77 126 1
77 127 1
79 48 1
81 65 1
81 104 1
81 112 1
81 126 1
81 128 1
81 129 1
82 17 1
82 57 1
82 61 1
82 65 1
82 75 1
82 85 1
82 97 1
82 111 1
82 112 1
82 119 1
82 129 1
83 22 1
84 5 1
84 119 1
84 123 1
84 128 1
84 129 1
85 54 1
85 57 1
85 65 1
85 109 1
85 111 1
86 25 1
86 64 1
86 65 1
86 82 1
86 112 1
86 116 1
86 129 1
87 52 1
87 76 1
87 88 1
87 109 1
88 64 1
88 65 1
88 76 1
88 82 1
88 101 1
88 122 1
88 123 1
88 129 1
90 75 1
92 38 1
92 76 1
92 98 1
92 122 1
93 20 1
93 54 1
93 85 1
93 95 1
95 96 1
96 61 1
96 116 1
97 98 1
97 112 1
98 75 1
99 14 1
99 30 1
100 88 1
101 24 1
101 116 1
102 16 1
102 55 1
102 76 1
102 80 1
102 98 1
102 112 1
103 109 1
104 101 1
104 109 1
105 61 1
106 54 1
107 20 1
107 35 1
107 64 1
107 101 1
107 128 1
108 65 1
108 81 1
108 87 1
108 88 1
108 109 1
108 129 1
109 129 1
111 129 1
112 25 1
114 75 1
114 119 1
117 110 1
118 88 1
119 20 1
120 65 1
120 82 1
123 112 1
123 127 1
124 90 1
124 107 1
125 96 1
125 98 1
127 113 1
128 101 1
