1 11 1
1 20 1
1 21 1
1 23 1
1 24 1
1 38 1
1 48 1
1 49 1
1 52 1
1 55 1
1 61 1
1 64 1
1 75 1
1 76 1
1 81 1
1 84 1
1 87 1
1 88 1
1 95 1
1 96 1
1 97 1
1 98 1
1 102 1
1 104 1
1 110 1
1 112 1
1 119 1
1 122 1
1 123 1
1 127 1
1 128 1
1 129 1
2 12 1
2 85 1
2 129 1
3 57 1
3 101 1
4 5 1
4 6 1
4 8 1
4 9 1
4 11 1
4 14 1
4 18 1
4 19 1
4 20 1
4 23 1
4 24 1
4 35 1
4 38 1
4 48 1
4 52 1
4 53 1
4 54 1
4 55 1
4 57 1
4 58 1
4 61 1
4 64 1
4 65 1
4 75 1
4 76 1
4 82 1
4 84 1
4 85 1
4 86 1
4 87 1
4 88 1
4 93 1
4 95 1
4 97 1
4 98 1
4 103 1
4 104 1
4 107 1
4 108 1
4 111 1
4 112 1
4 113 1
4 116 1
4 120 1
4 122 1
4 124 1
4 126 1
4 128 1
4 129 1
5 50 1
6 11 1
6 12 1
6 16 1
6 19 1
6 20 1
6 21 1
6 22 1
6 23 1
6 25 1
6 27 1
6 30 1
6 31 1
6 32 1
6 35 1
6 36 1
6 38 1
6 43 1
6 48 1
6 49 1
6 50 1
6 52 1
6 53 1
6 54 1
6 55 1
6 57 1
6 61 1
6 64 1
6 65 1
6 73 1
6 75 1
6 76 1
6 77 1
6 79 1
6 80 1
6 82 1
6 84 1
6 85 1
6 86 1
6 87 1
6 88 1
6 89 1
6 90 1
6 93 1
6 95 1
6 96 1
6 97 1
6 101 1
6 102 1
6 103 1
6 104 1
6 107 1
6 108 1
6 109 1
6 111 1
6 112 1
6 116 1
6 119 1
6 120 1
6 122 1
6 123 1
6 124 1
6 125 1
6 126 1
6 128 1
6 129 1
7 17 1
7 109 1
7 112 1
8 61 1
8 64 1
8 119 1
8 120 1
9 2 1
9 20 1
9 23 1
9 48 1
9 49 1
9 53 1
9 54 1
9 55 1
9 63 1
9 65 1
9 73 1
9 81 1
9 82 1
9 85 1
9 88 1
9 93 1
9 101 1
9 108 1
9 109 1
9 111 1
9 112 1
9 118 1
9 126 1
10 84 1
11 16 1
11 18 1
11 52 1
11 57 1
11 58 1
11 61 1
11 65 1
11 76 1
11 80 1
11 82 1
11 85 1
11 88 1
11 93 1
11 96 1
11 97 1
11 98 1
11 101 1
11 104 1
11 105 1
11 111 1
11 112 1
11 127 1
11 128 1
11 129 1
12 49 1
12 103 1
13 48 1
13 57 1
13 61 1
13 65 1
13 75 1
14 55 1
16 64 1
16 80 1
17 12 1
18 64 1
18 76 1
18 84 1
18 85 1
18 88 1
18 101 1
18 107 1
18 112 1
18 129 1
19 11 1
19 38 1
19 44 1
19 52 1
19 64 1
19 65 1
19 75 1
19 76 1
19 85 1
19 97 1
19 98 1
19 112 1
19 127 1
20 128 1
21 11 1
21 16 1
21 18 1
21 20 1
21 24 1
21 32 1
21 35 1
21 38 1
21 48 1
21 49 1
21 55 1
21 64 1
21 65 1
21 76 1
21 81 1
21 82 1
21 84 1
21 86 1
21 87 1
21 90 1
21 98 1
21 101 1
21 104 1
21 107 1
21 109 1
21 111 1
21 112 1
21 119 1
21 121 1
21 124 1
21 126 1
21 128 1
21 129 1
22 52 1
22 54 1
22 61 1
22 75 1
22 76 1
22 80 1
22 82 1
22 85 1
22 88 1
22 90 1
22 95 1
22 101 1
22 111 1
22 112 1
22 116 1
22 118 1
22 122 1
22 129 1
23 11 1
23 14 1
23 18 1
23 21 1
23 25 1
23 31 1
23 32 1
23 38 1
23 44 1
23 49 1
23 52 1
23 53 1
23 54 1
23 55 1
23 61 1
23 64 1
23 65 1
23 76 1
23 79 1
23 80 1
23 82 1
23 86 1
23 88 1
23 97 1
23 101 1
23 107 1
23 111 1
23 112 1
23 116 1
23 118 1
23 121 1
23 126 1
23 127 1
23 128 1
23 129 1
25 116 1
26 41 1
26 61 1
26 80 1
26 93 1
26 119 1
27 38 1
28 50 1
29 129 1
30 17 1
30 43 1
30 63 1
31 64 1
31 90 1
31 104 1
31 109 1
32 14 1
32 48 1
32 54 1
32 65 1
32 75 1
32 84 1
32 88 1
32 96 1
32 104 1
32 109 1
32 116 1
32 120 1
32 122 1
32 124 1
32 126 1
32 129 1
33 38 1
34 22 1
35 11 1
35 24 1
35 41 1
35 49 1
35 50 1
35 54 1
35 57 1
35 58 1
35 63 1
35 65 1
35 73 1
35 75 1
35 79 1
35 84 1
35 85 1
35 88 1
35 93 1
35 97 1
35 104 1
35 109 1
35 112 1
35 116 1
35 118 1
35 121 1
35 124 1
35 129 1
41 32 1
41 49 1
41 54 1
41 56 1
41 73 1
41 93 1
42 82 1
42 116 1
43 57 1
43 113 1
43 124 1
44 76 1
44 88 1
44 105 1
45 64 1
45 97 1
45 103 1
45 116 1
46 30 1
46 65 1
46 88 1
46 89 1
46 98 1
46 111 1
47 50 1
47 82 1
47 129 1
48 24 1
48 52 1
48 64 1
48 75 1
48 81 1
48 82 1
48 85 1
48 88 1
48 96 1
48 119 1
49 20 1
49 25 1
49 61 1
49 64 1
49 88 1
49 111 1
49 112 1
49 122 1
49 123 1
49 127 1
50 85 1
50 116 1
50 121 1
50 128 1
52 16 1
52 38 1
52 65 1
52 82 1
52 88 1
52 93 1
52 96 1
52 97 1
52 108 1
52 110 1
52 112 1
52 118 1
52 126 1
52 128 1
54 38 1
54 88 1
54 129 1
55 38 1
55 48 1
55 98 1
55 126 1
55 128 1
55 129 1
56 54 1
56 104 1
56 122 1
56 129 1
57 112 1
57 116 1
58 82 1
58 122 1
58 129 1
59 129 1
60 84 1
61 65 1
61 112 1
62 63 1
62 76 1
63 123 1
64 61 1
64 77 1
64 112 1
65 76 1
65 84 1
65 97 1
65 111 1
67 89 1
67 110 1
69 28 1
69 116 1
69 127 1
70 119 1
70 121 1
71 64 1
72 22 1
72 89 1
72 111 1
73 129 1
74 20 1
74 85 1
74 89 1
75 43 1
75 65 1
75 122 1
77 58 1
77 65 1
77 126 1
79 101 1
81 20 1
81 75 1
81 96 1
81 109 1
81 122 1
81 129 1
82 30 1
82 38 1
82 80 1
82 84 1
82 86 1
82 88 1
82 97 1
82 98 1
82 109 1
82 116 1
82 129 1
83 79 1
84 57 1
84 63 1
84 76 1
84 128 1
84 129 1
85 52 1
85 64 1
85 65 1
85 82 1
85 112 1
86 24 1
86 38 1
86 65 1
86 88 1
86 101 1
86 109 1
86 129 1
87 61 1
87 74 1
87 84 1
87 129 1
88 61 1
88 80 1
88 84 1
88 93 1
88 109 1
88 112 1
88 128 1
88 129 1
90 119 1
92 12 1
92 52 1
92 61 1
92 123 1
93 65 1
93 75 1
93 109 1
93 122 1
95 25 1
96 76 1
96 128 1
97 104 1
97 110 1
98 121 1
99 30 1
99 65 1
100 80 1
101 76 1
101 80 1
102 64 1
102 84 1
102 112 1
102 118 1
102 119 1
102 122 1
103 18 1
104 109 1
104 127 1
105 75 1
106 57 1
107 16 1
107 84 1
107 87 1
107 104 1
107 110 1
108 32 1
108 54 1
108 65 1
108 82 1
108 89 1
108 129 1
109 120 1
111 98 1
112 129 1
114 3 1
114 129 1
117 64 1
118 38 1
119 76 1
120 65 1
120 76 1
123 85 1
123 127 1
124 65 1
124 98 1
125 38 1
125 54 1
127 116 1
128 129 1
