1 6 1
1 11 1
1 16 1
1 17 1
1 21 1
1 30 1
1 36 1
1 52 1
1 57 1
1 61 1
1 64 1
1 65 1
1 75 1
1 76 1
1 81 1
1 82 1
1 85 1
1 86 1
1 88 1
1 90 1
1 96 1
1 97 1
1 98 1
1 103 1
1 104 1
1 105 1
1 111 1
1 112 1
1 119 1
1 127 1
1 128 1
1 129 1
2 38 1
2 88 1
2 98 1
3 93 1
3 129 1
4 3 1
4 8 1
4 11 1
4 12 1
4 18 1
4 20 1
4 21 1
4 22 1
4 23 1
4 24 1
4 30 1
4 35 1
4 38 1
4 48 1
4 49 1
4 52 1
4 54 1
4 57 1
4 61 1
4 63 1
4 64 1
4 65 1
4 75 1
4 76 1
4 79 1
4 80 1
4 82 1
4 84 1
4 85 1
4 86 1
4 88 1
4 89 1
4 93 1
4 95 1
4 96 1
4 97 1
4 98 1
4 101 1
4 109 1
4 111 1
4 112 1
4 113 1
4 118 1
4 120 1
4 122 1
4 124 1
4 126 1
4 128 1
4 129 1
5 75 1
6 2 1
6 9 1
6 11 1
6 16 1
6 18 1
6 19 1
6 20 1
6 22 1
6 23 1
6 25 1
6 32 1
6 35 1
6 38 1
6 41 1
6 43 1
6 44 1
6 48 1
6 49 1
6 50 1
6 52 1
6 54 1
6 55 1
6 57 1
6 58 1
6 61 1
6 63 1
6 64 1
6 65 1
6 73 1
6 74 1
6 75 1
6 76 1
6 77 1
6 79 1
6 81 1
6 82 1
6 84 1
6 85 1
6 86 1
6 87 1
6 88 1
6 89 1
6 93 1
6 95 1
6 96 1
6 97 1
6 98 1
6 101 1
6 102 1
6 104 1
6 105 1
6 107 1
6 108 1
6 109 1
6 110 1
6 111 1
6 112 1
6 116 1
6 118 1
6 119 1
6 120 1
6 121 1
6 126 1
6 127 1
6 129 1
7 38 1
7 76 1
7 85 1
8 23 1
8 90 1
8 109 1
8 129 1
9 16 1
9 20 1
9 31 1
9 54 1
9 57 1
9 61 1
9 64 1
9 65 1
9 75 1
9 82 1
9 84 1
9 88 1
9 96 1
9 107 1
9 109 1
9 112 1
9 116 1
9 119 1
9 123 1
9 124 1
9 126 1
9 127 1
9 129 1
10 80 1
11 17 1
11 24 1
11 48 1
11 52 1
11 54 1
11 57 1
11 61 1
11 64 1
11 65 1
11 75 1
11 76 1
11 82 1
11 84 1
11 87 1
11 98 1
11 104 1
11 111 1
11 112 1
11 116 1
11 119 1
11 122 1
11 127 1
11 128 1
11 129 1
12 19 1
12 122 1
13 61 1
13 88 1
13 112 1
13 124 1
13 129 1
14 121 1
16 112 1
16 123 1
17 24 1
18 22 1
18 43 1
18 52 1
18 54 1
18 55 1
18 65 1
18 80 1
18 84 1
18 129 1
19 11 1
19 50 1
19 52 1
19 55 1
19 65 1
19 75 1
19 93 1
19 97 1
19 104 1
19 109 1
19 112 1
19 127 1
19 129 1
20 90 1
21 16 1
21 18 1
21 20 1
21 24 1
21 38 1
21 43 1
21 48 1
21 49 1
21 52 1
21 54 1
21 56 1
21 57 1
21 61 1
21 64 1
21 75 1
21 76 1
21 80 1
21 82 1
21 84 1
21 86 1
21 88 1
21 90 1
21 93 1
21 97 1
21 101 1
21 104 1
21 109 1
21 116 1
21 122 1
21 124 1
21 127 1
21 128 1
21 129 1
22 11 1
22 54 1
22 65 1
22 75 1
22 76 1
22 82 1
22 85 1
22 88 1
22 89 1
22 96 1
22 98 1
22 108 1
22 112 1
22 118 1
22 121 1
22 123 1
22 124 1
22 126 1
23 11 1
23 12 1
23 21 1
23 24 1
23 25 1
23 30 1
23 32 1
23 35 1
23 38 1
23 48 1
23 49 1
23 52 1
23 54 1
23 58 1
23 63 1
23 64 1
23 65 1
23 76 1
23 82 1
23 84 1
23 85 1
23 87 1
23 88 1
23 89 1
23 98 1
23 101 1
23 102 1
23 109 1
23 111 1
23 112 1
23 116 1
23 120 1
23 121 1
23 122 1
23 129 1
25 121 1
26 58 1
26 101 1
26 103 1
26 104 1
26 128 1
27 63 1
28 14 1
29 88 1
30 38 1
30 116 1
30 126 1
31 64 1
31 80 1
31 116 1
31 122 1
32 41 1
32 49 1
32 50 1
32 61 1
32 64 1
32 65 1
32 73 1
32 76 1
32 85 1
32 86 1
32 87 1
32 88 1
32 96 1
32 104 1
32 107 1
32 129 1
33 93 1
34 44 1
35 18 1
35 25 1
35 32 1
35 48 1
35 49 1
35 50 1
35 52 1
35 54 1
35 55 1
35 64 1
35 65 1
35 76 1
35 80 1
35 82 1
35 84 1
35 85 1
35 88 1
35 101 1
35 107 1
35 108 1
35 109 1
35 110 1
35 111 1
35 112 1
35 128 1
35 129 1
41 12 1
41 61 1
41 65 1
41 88 1
41 97 1
41 104 1
42 64 1
42 128 1
43 20 1
43 80 1
43 112 1
44 116 1
44 120 1
44 123 1
45 58 1
45 84 1
45 97 1
45 119 1
46 16 1
46 32 1
46 38 1
46 122 1
46 123 1
46 129 1
47 79 1
47 122 1
47 128 1
48 18 1
48 30 1
48 65 1
48 75 1
48 79 1
48 85 1
48 87 1
48 111 1
48 116 1
48 128 1
49 24 1
49 38 1
49 52 1
49 54 1
49 65 1
49 109 1
49 110 1
49 118 1
49 122 1
49 129 1
50 38 1
50 64 1
50 93 1
50 127 1
52 20 1
52 63 1
52 64 1
52 75 1
52 76 1
52 82 1
52 84 1
52 85 1
52 93 1
52 96 1
52 112 1
52 126 1
52 128 1
52 129 1
54 27 1
54 108 1
54 116 1
55 49 1
55 76 1
55 88 1
55 109 1
55 112 1
55 129 1
56 97 1
56 112 1
56 128 1
56 129 1
57 112 1
57 116 1
58 38 1
58 81 1
58 126 1
59 25 1
60 5 1
61 111 1
61 119 1
62 65 1
62 84 1
63 38 1
64 81 1
64 93 1
64 129 1
65 14 1
65 119 1
65 122 1
65 129 1
67 95 1
67 112 1
69 48 1
69 61 1
69 101 1
70 65 1
70 95 1
71 118 1
72 20 1
72 88 1
72 109 1
73 38 1
74 55 1
74 98 1
74 110 1
75 61 1
75 84 1
75 128 1
77 54 1
77 124 1
77 129 1
79 32 1
81 97 1
81 107 1
81 110 1
81 111 1
81 126 1
81 129 1
82 48 1
82 65 1
82 75 1
82 84 1
82 85 1
82 97 1
82 101 1
82 112 1
82 120 1
82 127 1
82 128 1
83 53 1
84 12 1
84 28 1
84 57 1
84 109 1
84 112 1
85 64 1
85 65 1
85 76 1
85 119 1
85 122 1
86 11 1
86 61 1
86 82 1
86 85 1
86 103 1
86 104 1
86 119 1
87 73 1
87 89 1
87 116 1
87 122 1
88 53 1
88 64 1
88 65 1
88 85 1
88 98 1
88 104 1
88 113 1
88 129 1
90 80 1
92 23 1
92 38 1
92 55 1
92 76 1
93 80 1
93 89 1
93 97 1
93 101 1
95 103 1
96 65 1
96 82 1
97 73 1
97 129 1
98 38 1
99 49 1
99 129 1
100 88 1
101 57 1
101 126 1
102 50 1
102 53 1
102 61 1
102 104 1
102 111 1
102 129 1
103 111 1
104 65 1
104 116 1
105 112 1
106 80 1
107 31 1
107 82 1
107 84 1
107 125 1
107 129 1
108 20 1
108 57 1
108 64 1
108 84 1
108 98 1
108 118 1
109 76 1
111 53 1
112 129 1
114 64 1
114 121 1
117 77 1
118 101 1
119 76 1
120 55 1
120 65 1
123 82 1
123 88 1
124 14 1
124 88 1
125 76 1
125 109 1
127 116 1
128 61 1
