1 8 1
1 11 1
1 17 1
1 18 1
1 23 1
1 25 1
1 30 1
1 38 1
1 43 1
1 49 1
1 52 1
1 55 1
1 57 1
1 61 1
1 64 1
1 65 1
1 74 1
1 75 1
1 76 1
1 80 1
1 82 1
1 85 1
1 88 1
1 96 1
1 101 1
1 103 1
1 111 1
1 116 1
1 119 1
1 122 1
1 128 1
1 129 1
2 32 1
2 110 1
2 116 1
3 28 1
3 43 1
4 2 1
4 3 1
4 6 1
4 9 1
4 11 1
4 20 1
4 21 1
4 23 1
4 24 1
4 31 1
4 38 1
4 48 1
4 49 1
4 50 1
4 52 1
4 54 1
4 61 1
4 63 1
4 64 1
4 65 1
4 75 1
4 76 1
4 79 1
4 80 1
4 82 1
4 84 1
4 85 1
4 88 1
4 93 1
4 95 1
4 98 1
4 101 1
4 103 1
4 104 1
4 108 1
4 109 1
4 111 1
4 112 1
4 113 1
4 116 1
4 118 1
4 119 1
4 120 1
4 121 1
4 122 1
4 124 1
4 127 1
4 128 1
4 129 1
5 85 1
6 11 1
6 12 1
6 16 1
6 17 1
6 19 1
6 20 1
6 21 1
6 22 1
6 23 1
6 25 1
6 30 1
6 32 1
6 35 1
6 38 1
6 41 1
6 44 1
6 48 1
6 49 1
6 50 1
6 52 1
6 54 1
6 55 1
6 56 1
6 57 1
6 58 1
6 61 1
6 63 1
6 64 1
6 65 1
6 73 1
6 75 1
6 76 1
6 79 1
6 80 1
6 81 1
6 82 1
6 84 1
6 85 1
6 86 1
6 87 1
6 88 1
6 89 1
6 90 1
6 93 1
6 95 1
6 96 1
6 97 1
6 101 1
6 103 1
6 104 1
6 105 1
6 107 1
6 109 1
6 112 1
6 116 1
6 118 1
6 119 1
6 120 1
6 121 1
6 123 1
6 124 1
6 126 1
6 127 1
6 128 1
6 129 1
7 58 1
7 87 1
7 122 1
8 11 1
8 82 1
8 88 1
8 96 1
9 18 1
9 24 1
9 32 1
9 36 1
9 48 1
9 50 1
9 52 1
9 54 1
9 61 1
9 65 1
9 82 1
9 84 1
9 88 1
9 101 1
9 104 1
9 108 1
9 109 1
9 111 1
9 112 1
9 116 1
9 126 1
9 127 1
9 129 1
10 49 1
11 16 1
11 52 1
11 54 1
11 55 1
11 61 1
11 65 1
11 73 1
11 80 1
11 82 1
11 85 1
11 86 1
11 88 1
11 96 1
11 97 1
11 98 1
11 101 1
11 107 1
11 111 1
11 112 1
11 116 1
11 119 1
11 121 1
11 122 1
11 129 1
12 54 1
12 73 1
13 53 1
13 98 1
13 112 1
13 116 1
13 121 1
14 101 1
16 38 1
16 49 1
17 79 1
18 12 1
18 25 1
18 30 1
18 38 1
18 57 1
18 64 1
18 80 1
18 110 1
18 111 1
19 20 1
19 38 1
19 48 1
19 49 1
19 55 1
19 57 1
19 61 1
19 75 1
19 104 1
19 112 1
19 116 1
19 125 1
19 129 1
20 64 1
21 11 1
21 20 1
21 24 1
21 31 1
21 38 1
21 41 1
21 48 1
21 49 1
21 52 1
21 61 1
21 63 1
21 64 1
21 65 1
21 75 1
21 76 1
21 81 1
21 82 1
21 84 1
21 85 1
21 87 1
21 88 1
21 93 1
21 104 1
21 107 1
21 109 1
21 112 1
21 116 1
21 121 1
21 122 1
21 126 1
21 127 1
21 128 1
21 129 1
22 12 1
22 18 1
22 35 1
22 48 1
22 53 1
22 64 1
22 65 1
22 85 1
22 86 1
22 89 1
22 93 1
22 102 1
22 108 1
22 109 1
22 110 1
22 112 1
22 123 1
22 126 1
23 16 1
23 20 1
23 22 1
23 35 1
23 38 1
23 48 1
23 49 1
23 50 1
23 52 1
23 54 1
23 55 1
23 58 1
23 64 1
23 65 1
23 75 1
23 76 1
23 81 1
23 85 1
23 86 1
23 87 1
23 88 1
23 89 1
23 90 1
23 93 1
23 101 1
23 104 1
23 105 1
23 108 1
23 109 1
23 112 1
23 113 1
23 118 1
23 123 1
23 128 1
23 129 1
25 23 1
26 11 1
26 64 1
26 82 1
26 112 1
26 122 1
27 76 1
28 116 1
29 61 1
30 65 1
30 76 1
30 97 1
31 64 1
31 75 1
31 82 1
31 90 1
32 20 1
32 38 1
32 54 1
32 57 1
32 61 1
32 65 1
32 82 1
32 84 1
32 88 1
32 98 1
32 110 1
32 112 1
32 119 1
32 127 1
32 128 1
32 129 1
33 88 1
34 123 1
35 20 1
35 21 1
35 24 1
35 32 1
35 38 1
35 44 1
35 52 1
35 54 1
35 55 1
35 57 1
35 64 1
35 75 1
35 84 1
35 86 1
35 87 1
35 88 1
35 93 1
35 97 1
35 98 1
35 101 1
35 107 1
35 109 1
35 112 1
35 123 1
35 128 1
35 129 1
41 30 1
41 63 1
41 65 1
41 76 1
41 90 1
41 97 1
42 64 1
42 111 1
43 61 1
43 112 1
43 129 1
44 12 1
44 54 1
44 98 1
45 84 1
45 89 1
45 97 1
45 118 1
46 52 1
46 79 1
46 118 1
46 119 1
46 122 1
46 126 1
47 93 1
47 98 1
47 104 1
48 38 1
48 65 1
48 80 1
48 82 1
48 84 1
48 88 1
48 109 1
48 116 1
48 122 1
48 129 1
49 55 1
49 61 1
49 76 1
49 82 1
49 88 1
49 93 1
49 112 1
49 119 1
49 127 1
49 128 1
50 65 1
50 85 1
50 89 1
50 129 1
52 54 1
52 65 1
52 75 1
52 84 1
52 85 1
52 95 1
52 98 1
52 101 1
52 103 1
52 104 1
52 107 1
52 111 1
52 118 1
52 122 1
54 16 1
54 77 1
54 95 1
55 48 1
55 61 1
55 65 1
55 80 1
55 112 1
55 128 1
56 22 1
56 84 1
56 126 1
56 129 1
57 20 1
57 129 1
58 57 1
58 76 1
58 84 1
59 65 1
60 76 1
61 64 1
61 112 1
62 65 1
62 129 1
63 75 1
64 75 1
64 76 1
64 127 1
65 97 1
65 111 1
65 124 1
65 129 1
67 24 1
67 38 1
69 18 1
69 25 1
69 80 1
70 53 1
70 120 1
71 129 1
72 84 1
72 88 1
72 129 1
73 76 1
74 84 1
74 122 1
74 129 1
75 76 1
75 112 1
75 129 1
77 96 1
77 116 1
77 127 1
79 97 1
81 64 1
81 85 1
81 111 1
81 112 1
81 121 1
81 128 1
82 38 1
82 61 1
82 65 1
82 85 1
82 88 1
82 101 1
82 109 1
82 111 1
82 119 1
82 124 1
82 129 1
83 129 1
84 14 1
84 80 1
84 104 1
84 109 1
84 129 1
85 14 1
85 111 1
85 112 1
85 116 1
85 129 1
86 64 1
86 73 1
86 84 1
86 88 1
86 110 1
86 119 1
86 122 1
87 58 1
87 81 1
87 97 1
87 124 1
88 38 1
88 61 1
88 75 1
88 76 1
88 97 1
88 109 1
88 112 1
88 129 1
90 116 1
92 11 1
92 14 1
92 16 1
92 82 1
93 57 1
93 64 1
93 85 1
93 126 1
95 38 1
96 65 1
96 126 1
97 63 1
97 120 1
98 96 1
99 50 1
99 98 1
100 43 1
101 65 1
101 128 1
102 5 1
102 109 1
102 122 1
102 124 1
102 128 1
102 129 1
103 19 1
104 82 1
104 126 1
105 104 1
106 76 1
107 84 1
107 93 1
107 97 1
107 109 1
107 129 1
108 53 1
108 77 1
108 88 1
108 104 1
108 128 1
108 129 1
109 65 1
111 24 1
112 65 1
114 76 1
114 102 1
117 27 1
118 89 1
119 57 1
120 32 1
120 96 1
123 64 1
123 120 1
124 80 1
124 98 1
125 18 1
125 54 1
127 52 1
128 88 1
