1 5 1
1 11 1
1 32 1
1 38 1
1 43 1
1 50 1
1 54 1
1 55 1
1 61 1
1 63 1
1 64 1
1 65 1
1 75 1
1 76 1
1 80 1
1 82 1
1 84 1
1 85 1
1 88 1
1 93 1
1 95 1
1 96 1
1 104 1
1 107 1
1 108 1
1 110 1
1 112 1
1 116 1
1 119 1
1 122 1
1 127 1
1 129 1
2 85 1
2 120 1
2 128 1
3 85 1
3 97 1
4 3 1
4 6 1
4 9 1
4 11 1
4 12 1
4 16 1
4 18 1
4 19 1
4 21 1
4 23 1
4 31 1
4 32 1
4 35 1
4 48 1
4 49 1
4 50 1
4 52 1
4 57 1
4 58 1
4 61 1
4 63 1
4 64 1
4 65 1
4 75 1
4 76 1
4 80 1
4 81 1
4 82 1
4 84 1
4 85 1
4 87 1
4 88 1
4 93 1
4 97 1
4 101 1
4 109 1
4 110 1
4 111 1
4 113 1
4 116 1
4 119 1
4 120 1
4 121 1
4 122 1
4 123 1
4 124 1
4 125 1
4 127 1
4 129 1
5 20 1
6 11 1
6 12 1
6 16 1
6 17 1
6 20 1
6 21 1
6 22 1
6 23 1
6 24 1
6 25 1
6 30 1
6 32 1
6 35 1
6 38 1
6 41 1
6 44 1
6 48 1
6 49 1
6 52 1
6 53 1
6 54 1
6 55 1
6 57 1
6 58 1
6 61 1
6 63 1
6 64 1
6 65 1
6 75 1
6 76 1
6 77 1
6 80 1
6 81 1
6 82 1
6 84 1
6 85 1
6 86 1
6 87 1
6 88 1
6 89 1
6 93 1
6 96 1
6 97 1
6 101 1
6 102 1
6 103 1
6 105 1
6 107 1
6 108 1
6 109 1
6 111 1
6 112 1
6 113 1
6 116 1
6 118 1
6 119 1
6 120 1
6 121 1
6 122 1
6 123 1
6 124 1
6 126 1
6 127 1
6 128 1
6 129 1
7 65 1
7 82 1
7 104 1
8 28 1
8 50 1
8 105 1
8 110 1
9 11 1
9 19 1
9 27 1
9 32 1
9 38 1
9 49 1
9 54 1
9 55 1
9 61 1
9 64 1
9 65 1
9 73 1
9 75 1
9 80 1
9 82 1
9 93 1
9 96 1
9 98 1
9 102 1
9 104 1
9 112 1
9 124 1
9 126 1
10 57 1
11 24 1
11 25 1
11 49 1
11 52 1
11 54 1
11 65 1
11 76 1
11 82 1
11 84 1
11 86 1
11 88 1
11 96 1
11 98 1
11 101 1
11 110 1
11 111 1
11 112 1
11 116 1
11 118 1
11 119 1
11 123 1
11 124 1
11 128 1
11 129 1
12 65 1
12 77 1
13 18 1
13 23 1
13 82 1
13 127 1
13 129 1
14 61 1
16 52 1
16 116 1
17 36 1
18 53 1
18 87 1
18 90 1
18 97 1
18 109 1
18 111 1
18 121 1
18 126 1
18 128 1
19 11 1
19 18 1
19 32 1
19 49 1
19 56 1
19 64 1
19 65 1
19 84 1
19 85 1
19 98 1
19 124 1
19 128 1
19 129 1
20 38 1
21 2 1
21 11 1
21 20 1
21 23 1
21 38 1
21 43 1
21 48 1
21 49 1
21 52 1
21 58 1
21 61 1
21 64 1
21 65 1
21 76 1
21 79 1
21 80 1
21 82 1
21 84 1
21 85 1
21 86 1
21 88 1
21 93 1
21 97 1
21 98 1
21 104 1
21 107 1
21 108 1
21 109 1
21 111 1
21 112 1
21 116 1
21 121 1
21 129 1
22 20 1
22 30 1
22 48 1
22 57 1
22 65 1
22 75 1
22 76 1
22 80 1
22 85 1
22 88 1
22 93 1
22 97 1
22 103 1
22 108 1
22 112 1
22 116 1
22 128 1
22 129 1
23 11 1
23 14 1
23 22 1
23 38 1
23 41 1
23 48 1
23 50 1
23 52 1
23 53 1
23 54 1
23 55 1
23 61 1
23 64 1
23 65 1
23 75 1
23 76 1
23 79 1
23 81 1
23 84 1
23 87 1
23 88 1
23 90 1
23 95 1
23 97 1
23 98 1
23 101 1
23 104 1
23 109 1
23 112 1
23 119 1
23 122 1
23 123 1
23 127 1
23 128 1
23 129 1
25 127 1
26 49 1
26 65 1
26 111 1
26 116 1
26 123 1
27 84 1
28 111 1
29 126 1
30 38 1
30 73 1
30 88 1
31 50 1
31 79 1
31 90 1
31 127 1
32 14 1
32 38 1
32 49 1
32 52 1
32 64 1
32 65 1
32 80 1
32 82 1
32 84 1
32 85 1
32 88 1
32 89 1
32 97 1
32 98 1
32 109 1
32 119 1
33 48 1
34 111 1
35 21 1
35 22 1
35 25 1
35 52 1
35 54 1
35 57 1
35 61 1
35 63 1
35 64 1
35 65 1
35 75 1
35 80 1
35 82 1
35 85 1
35 88 1
35 89 1
35 90 1
35 93 1
35 95 1
35 98 1
35 101 1
35 104 1
35 107 1
35 112 1
35 116 1
35 129 1
41 16 1
41 57 1
41 65 1
41 107 1
41 126 1
41 129 1
42 53 1
42 54 1
43 20 1
43 104 1
43 120 1
44 104 1
44 109 1
44 119 1
45 38 1
45 109 1
45 122 1
45 129 1
46 38 1
46 81 1
46 82 1
46 85 1
46 109 1
46 122 1
47 24 1
47 76 1
47 98 1
48 57 1
48 61 1
48 65 1
48 75 1
48 88 1
48 89 1
48 97 1
48 116 1
48 118 1
48 126 1
49 63 1
49 64 1
49 65 1
49 75 1
49 76 1
49 84 1
49 112 1
49 119 1
49 127 1
49 128 1
50 24 1
50 76 1
50 98 1
50 101 1
52 25 1
52 48 1
52 54 1
52 57 1
52 64 1
52 65 1
52 76 1
52 88 1
52 97 1
52 112 1
52 119 1
52 122 1
52 128 1
52 129 1
54 64 1
54 101 1
54 129 1
55 61 1
55 64 1
55 85 1
55 96 1
55 112 1
55 129 1
56 20 1
56 30 1
56 126 1
56 128 1
57 64 1
57 129 1
58 76 1
58 84 1
58 118 1
59 44 1
60 129 1
61 75 1
61 76 1
62 88 1
62 120 1
63 64 1
64 65 1
64 76 1
64 129 1
65 88 1
65 111 1
65 128 1
65 129 1
67 16 1
67 73 1
69 97 1
69 112 1
69 121 1
70 16 1
70 118 1
71 112 1
72 103 1
72 112 1
72 129 1
73 101 1
74 38 1
74 65 1
74 84 1
75 31 1
75 87 1
75 122 1
77 55 1
77 74 1
77 104 1
79 129 1
81 35 1
81 84 1
81 89 1
81 96 1
81 111 1
81 122 1
82 12 1
82 58 1
82 65 1
82 76 1
82 80 1
82 85 1
82 88 1
82 112 1
82 116 1
82 126 1
82 129 1
83 109 1
84 80 1
84 88 1
84 96 1
84 122 1
84 129 1
85 24 1
85 54 1
85 61 1
85 112 1
85 129 1
86 17 1
86 48 1
86 57 1
86 75 1
86 82 1
86 112 1
86 121 1
87 30 1
87 38 1
87 43 1
87 52 1
88 8 1
88 18 1
88 54 1
88 104 1
88 109 1
88 112 1
88 122 1
88 129 1
90 128 1
92 20 1
92 84 1
92 103 1
92 118 1
93 82 1
93 95 1
93 109 1
93 116 1
95 55 1
96 61 1
96 104 1
97 12 1
97 129 1
98 129 1
99 88 1
99 116 1
100 101 1
101 75 1
101 98 1
102 18 1
102 38 1
102 93 1
102 126 1
102 128 1
102 129 1
103 38 1
104 86 1
104 112 1
105 89 1
106 61 1
107 55 1
107 64 1
107 65 1
107 82 1
107 101 1
108 24 1
108 76 1
108 86 1
108 109 1
108 112 1
108 116 1
109 76 1
111 124 1
112 14 1
114 20 1
114 52 1
117 73 1
118 88 1
119 64 1
120 38 1
120 93 1
123 84 1
123 111 1
124 61 1
124 110 1
125 54 1
125 122 1
127 79 1
128 129 1
