1 11 1
1 20 1
1 23 1
1 24 1
1 35 1
1 48 1
1 49 1
1 52 1
1 55 1
1 57 1
1 61 1
1 65 1
1 75 1
1 84 1
1 85 1
1 86 1
1 88 1
1 97 1
1 101 1
1 104 1
1 108 1
1 109 1
1 111 1
1 112 1
1 113 1
1 116 1
1 119 1
1 122 1
1 124 1
1 126 1
1 128 1
1 129 1
2 18 1
2 28 1
2 90 1
3 97 1
3 112 1
4 12 1
4 14 1
4 18 1
4 19 1
4 23 1
4 25 1
4 30 1
4 35 1
4 38 1
4 49 1
4 50 1
4 52 1
4 53 1
4 54 1
4 55 1
4 57 1
4 61 1
4 64 1
4 65 1
4 75 1
4 76 1
4 79 1
4 80 1
4 82 1
4 84 1
4 85 1
4 88 1
4 89 1
4 93 1
4 97 1
4 98 1
4 103 1
4 105 1
4 107 1
4 108 1
4 110 1
4 111 1
4 112 1
4 113 1
4 116 1
4 119 1
4 120 1
4 121 1
4 122 1
4 124 1
4 125 1
4 126 1
4 128 1
4 129 1
5 80 1
6 2 1
6 11 1
6 14 1
6 16 1
6 18 1
6 20 1
6 21 1
6 22 1
6 23 1
6 27 1
6 30 1
6 32 1
6 35 1
6 36 1
6 38 1
6 41 1
6 43 1
6 48 1
6 49 1
6 52 1
6 55 1
6 58 1
6 61 1
6 63 1
6 64 1
6 65 1
6 75 1
6 76 1
6 77 1
6 79 1
6 80 1
6 81 1
6 82 1
6 84 1
6 85 1
6 86 1
6 87 1
6 88 1
6 89 1
6 93 1
6 95 1
6 97 1
6 98 1
6 101 1
6 102 1
6 103 1
6 104 1
6 107 1
6 108 1
6 109 1
6 110 1
6 111 1
6 112 1
6 116 1
6 118 1
6 119 1
6 120 1
6 121 1
6 122 1
6 123 1
6 124 1
6 126 1
6 127 1
6 128 1
6 129 1
7 76 1
7 101 1
7 104 1
8 17 1
8 48 1
8 57 1
8 129 1
9 11 1
9 19 1
9 32 1
9 38 1
9 49 1
9 50 1
9 52 1
9 64 1
9 65 1
9 74 1
9 75 1
9 76 1
9 81 1
9 82 1
9 84 1
9 85 1
9 88 1
9 96 1
9 98 1
9 101 1
9 104 1
9 121 1
9 129 1
10 54 1
11 38 1
11 48 1
11 54 1
11 55 1
11 61 1
11 63 1
11 64 1
11 65 1
11 75 1
11 76 1
11 82 1
11 84 1
11 85 1
11 86 1
11 87 1
11 88 1
11 95 1
11 101 1
11 104 1
11 107 1
11 109 1
11 111 1
11 119 1
11 129 1
12 24 1
12 127 1
13 53 1
13 61 1
13 109 1
13 118 1
13 122 1
14 61 1
16 79 1
16 104 1
17 129 1
18 48 1
18 76 1
18 88 1
18 102 1
18 103 1
18 116 1
18 126 1
18 128 1
18 129 1
19 24 1
19 57 1
19 82 1
19 84 1
19 87 1
19 89 1
19 90 1
19 93 1
19 107 1
19 109 1
19 112 1
19 122 1
19 129 1
20 129 1
21 11 1
21 14 1
21 17 1
21 20 1
21 22 1
21 25 1
21 31 1
21 32 1
21 38 1
21 52 1
21 54 1
21 58 1
21 61 1
21 64 1
21 65 1
21 73 1
21 76 1
21 80 1
21 82 1
21 84 1
21 85 1
21 88 1
21 97 1
21 98 1
21 103 1
21 104 1
21 109 1
21 111 1
21 112 1
21 116 1
21 127 1
21 128 1
21 129 1
22 11 1
22 16 1
22 20 1
22 38 1
22 48 1
22 55 1
22 65 1
22 75 1
22 76 1
22 85 1
22 95 1
22 97 1
22 104 1
22 116 1
22 122 1
22 126 1
22 127 1
22 129 1
23 9 1
23 11 1
23 20 1
23 21 1
23 22 1
23 32 1
23 41 1
23 43 1
23 44 1
23 48 1
23 49 1
23 52 1
23 53 1
23 57 1
23 61 1
23 65 1
23 76 1
23 82 1
23 84 1
23 85 1
23 88 1
23 89 1
23 97 1
23 104 1
23 111 1
23 112 1
23 116 1
23 119 1
23 120 1
23 121 1
23 123 1
23 124 1
23 126 1
23 128 1
23 129 1
25 54 1
26 58 1
26 63 1
26 90 1
26 101 1
26 126 1
27 82 1
28 24 1
29 129 1
30 93 1
30 120 1
30 122 1
31 25 1
31 80 1
31 101 1
31 109 1
32 8 1
32 12 1
32 16 1
32 38 1
32 48 1
32 52 1
32 61 1
32 64 1
32 75 1
32 76 1
32 80 1
32 84 1
32 85 1
32 107 1
32 112 1
32 127 1
33 84 1
34 88 1
35 18 1
35 23 1
35 38 1
35 44 1
35 49 1
35 52 1
35 54 1
35 64 1
35 65 1
35 81 1
35 82 1
35 85 1
35 88 1
35 93 1
35 97 1
35 98 1
35 101 1
35 105 1
35 109 1
35 112 1
35 116 1
35 119 1
35 122 1
35 126 1
35 128 1
35 129 1
41 20 1
41 64 1
41 65 1
41 89 1
41 119 1
41 129 1
42 32 1
42 126 1
43 30 1
43 79 1
43 120 1
44 50 1
44 54 1
44 87 1
45 82 1
45 111 1
45 112 1
45 129 1
46 38 1
46 50 1
46 57 1
46 64 1
46 73 1
46 108 1
47 25 1
47 38 1
47 119 1
48 49 1
48 64 1
48 65 1
48 73 1
48 84 1
48 88 1
48 98 1
48 110 1
48 112 1
48 127 1
49 21 1
49 52 1
49 55 1
49 64 1
49 76 1
49 86 1
49 98 1
49 104 1
49 110 1
49 116 1
50 64 1
50 65 1
50 116 1
50 129 1
52 11 1
52 38 1
52 61 1
52 64 1
52 65 1
52 75 1
52 76 1
52 85 1
52 88 1
52 109 1
52 118 1
52 122 1
52 127 1
52 129 1
54 65 1
54 128 1
54 129 1
55 77 1
55 82 1
55 85 1
55 96 1
55 122 1
55 129 1
56 12 1
56 57 1
56 80 1
56 84 1
57 53 1
57 129 1
58 65 1
58 82 1
58 101 1
59 87 1
60 123 1
61 50 1
61 123 1
62 80 1
62 112 1
63 38 1
64 98 1
64 111 1
64 129 1
65 20 1
65 30 1
65 64 1
65 93 1
67 96 1
67 112 1
69 54 1
69 116 1
69 118 1
70 64 1
70 129 1
71 88 1
72 54 1
72 118 1
72 128 1
73 88 1
74 6 1
74 88 1
74 129 1
75 16 1
75 93 1
75 129 1
77 84 1
77 111 1
77 124 1
79 123 1
81 49 1
81 52 1
81 76 1
81 86 1
81 88 1
81 116 1
82 38 1
82 57 1
82 64 1
82 65 1
82 80 1
82 81 1
82 95 1
82 97 1
82 109 1
82 112 1
82 128 1
83 16 1
84 65 1
84 76 1
84 98 1
84 112 1
84 121 1
85 61 1
85 84 1
85 88 1
85 96 1
85 122 1
86 31 1
86 65 1
86 76 1
86 80 1
86 104 1
86 111 1
86 128 1
87 43 1
87 84 1
87 109 1
87 121 1
88 38 1
88 64 1
88 65 1
88 75 1
88 97 1
88 116 1
88 122 1
88 129 1
90 112 1
92 5 1
92 24 1
92 97 1
92 110 1
93 18 1
93 24 1
93 61 1
93 96 1
95 85 1
96 73 1
96 112 1
97 63 1
97 112 1
98 55 1
99 75 1
99 124 1
100 111 1
101 54 1
101 82 1
102 57 1
102 75 1
102 76 1
102 90 1
102 98 1
102 118 1
103 128 1
104 76 1
104 101 1
105 96 1
106 3 1
107 58 1
107 61 1
107 65 1
107 93 1
107 129 1
108 12 1
108 38 1
108 65 1
108 82 1
108 93 1
108 109 1
109 119 1
111 116 1
112 109 1
114 54 1
114 63 1
117 56 1
118 61 1
119 129 1
120 88 1
120 127 1
123 96 1
123 112 1
124 89 1
124 128 1
125 20 1
125 75 1
127 65 1
128 112 1
