1 11 1
1 18 1
1 21 1
1 32 1
1 35 1
1 38 1
1 43 1
1 48 1
1 50 1
1 54 1
1 55 1
1 57 1
1 61 1
1 64 1
1 65 1
1 75 1
1 76 1
1 79 1
1 82 1
1 85 1
1 86 1
1 87 1
1 88 1
1 89 1
1 90 1
1 98 1
1 109 1
1 111 1
1 119 1
1 120 1
1 127 1
1 129 1
2 8 1
2 23 1
2 93 1
3 20 1
3 98 1
4 6 1
4 9 1
4 11 1
4 16 1
4 17 1
4 18 1
4 23 1
4 24 1
4 30 1
4 32 1
4 35 1
4 38 1
4 41 1
4 48 1
4 49 1
4 50 1
4 52 1
4 57 1
4 58 1
4 61 1
4 64 1
4 65 1
4 75 1
4 76 1
4 79 1
4 81 1
4 82 1
4 84 1
4 85 1
4 86 1
4 88 1
4 96 1
4 97 1
4 98 1
4 101 1
4 103 1
4 107 1
4 108 1
4 111 1
4 112 1
4 116 1
4 119 1
4 120 1
4 122 1
4 124 1
4 126 1
4 127 1
4 128 1
4 129 1
5 129 1
6 2 1
6 3 1
6 11 1
6 12 1
6 16 1
6 17 1
6 18 1
6 19 1
6 20 1
6 21 1
6 22 1
6 23 1
6 25 1
6 31 1
6 32 1
6 35 1
6 38 1
6 43 1
6 48 1
6 49 1
6 50 1
6 52 1
6 54 1
6 55 1
6 56 1
6 58 1
6 61 1
6 63 1
6 64 1
6 65 1
6 75 1
6 76 1
6 77 1
6 79 1
6 80 1
6 81 1
6 82 1
6 84 1
6 85 1
6 86 1
6 87 1
6 88 1
6 90 1
6 93 1
6 95 1
6 96 1
6 97 1
6 98 1
6 102 1
6 103 1
6 104 1
6 107 1
6 108 1
6 109 1
6 111 1
6 112 1
6 116 1
6 119 1
6 120 1
6 121 1
6 122 1
6 124 1
6 126 1
6 128 1
6 129 1
7 61 1
7 96 1
7 110 1
8 52 1
8 93 1
8 96 1
8 129 1
9 14 1
9 31 1
9 32 1
9 38 1
9 52 1
9 53 1
9 55 1
9 57 1
9 65 1
9 73 1
9 76 1
9 82 1
9 84 1
9 85 1
9 88 1
9 97 1
9 103 1
9 112 1
9 113 1
9 116 1
9 119 1
9 122 1
9 128 1
10 61 1
11 22 1
11 24 1
11 25 1
11 38 1
11 52 1
11 53 1
11 58 1
11 65 1
11 76 1
11 82 1
11 84 1
11 85 1
11 87 1
11 88 1
11 93 1
11 101 1
11 104 1
11 107 1
11 112 1
11 116 1
11 119 1
11 124 1
11 127 1
11 129 1
12 121 1
12 129 1
13 54 1
13 76 1
13 93 1
13 98 1
13 112 1
14 82 1
16 82 1
16 95 1
17 27 1
18 11 1
18 24 1
18 64 1
18 75 1
18 85 1
18 108 1
18 118 1
18 128 1
18 129 1
19 14 1
19 16 1
19 49 1
19 54 1
19 61 1
19 65 1
19 73 1
19 76 1
19 84 1
19 85 1
19 89 1
19 97 1
19 109 1
20 111 1
21 19 1
21 20 1
21 22 1
21 36 1
21 38 1
21 49 1
21 52 1
21 54 1
21 55 1
21 61 1
21 64 1
21 65 1
21 73 1
21 80 1
21 82 1
21 84 1
21 88 1
21 89 1
21 93 1
21 97 1
21 101 1
21 102 1
21 107 1
21 109 1
21 112 1
21 116 1
21 118 1
21 122 1
21 123 1
21 125 1
21 126 1
21 127 1
21 129 1
22 12 1
22 20 1
22 24 1
22 52 1
22 55 1
22 64 1
22 65 1
22 75 1
22 76 1
22 82 1
22 88 1
22 93 1
22 97 1
22 98 1
22 110 1
22 111 1
22 122 1
22 129 1
23 11 1
23 21 1
23 32 1
23 38 1
23 48 1
23 49 1
23 53 1
23 54 1
23 64 1
23 65 1
23 74 1
23 75 1
23 76 1
23 81 1
23 84 1
23 85 1
23 86 1
23 88 1
23 89 1
23 93 1
23 95 1
23 97 1
23 101 1
23 109 1
23 111 1
23 112 1
23 116 1
23 118 1
23 119 1
23 120 1
23 121 1
23 122 1
23 124 1
23 126 1
23 129 1
25 65 1
26 30 1
26 63 1
26 76 1
26 112 1
26 129 1
27 129 1
28 128 1
29 129 1
30 18 1
30 61 1
30 80 1
31 20 1
31 30 1
31 44 1
31 104 1
32 16 1
32 18 1
32 54 1
32 55 1
32 57 1
32 64 1
32 75 1
32 76 1
32 82 1
32 84 1
32 85 1
32 88 1
32 104 1
32 110 1
32 112 1
32 119 1
33 129 1
34 5 1
35 11 1
35 23 1
35 38 1
35 48 1
35 50 1
35 52 1
35 54 1
35 61 1
35 64 1
35 65 1
35 76 1
35 82 1
35 84 1
35 85 1
35 88 1
35 89 1
35 97 1
35 98 1
35 103 1
35 107 1
35 108 1
35 109 1
35 111 1
35 112 1
35 116 1
35 129 1
41 80 1
41 105 1
41 111 1
41 124 1
41 128 1
41 129 1
42 82 1
42 120 1
43 65 1
43 82 1
43 127 1
44 25 1
44 116 1
44 122 1
45 20 1
45 58 1
45 63 1
45 93 1
46 50 1
46 52 1
46 63 1
46 64 1
46 96 1
46 127 1
47 38 1
47 98 1
47 128 1
48 16 1
48 30 1
48 54 1
48 57 1
48 64 1
48 87 1
48 88 1
48 109 1
48 127 1
48 129 1
49 38 1
49 61 1
49 76 1
49 84 1
49 97 1
49 98 1
49 104 1
49 122 1
49 126 1
49 129 1
50 65 1
50 80 1
50 126 1
50 128 1
52 24 1
52 53 1
52 57 1
52 61 1
52 65 1
52 76 1
52 84 1
52 85 1
52 86 1
52 90 1
52 112 1
52 116 1
52 121 1
52 128 1
54 64 1
54 75 1
54 80 1
55 49 1
55 61 1
55 65 1
55 88 1
55 104 1
55 128 1
56 65 1
56 77 1
56 90 1
56 109 1
57 126 1
57 127 1
58 73 1
58 116 1
58 123 1
59 75 1
60 38 1
61 38 1
61 97 1
62 64 1
62 122 1
63 113 1
64 38 1
64 122 1
64 129 1
65 28 1
65 49 1
65 76 1
65 122 1
67 57 1
67 75 1
69 24 1
69 49 1
69 101 1
70 65 1
70 128 1
71 123 1
72 48 1
72 85 1
72 101 1
73 61 1
74 38 1
74 88 1
74 104 1
75 65 1
75 80 1
75 129 1
77 80 1
77 105 1
77 109 1
79 88 1
81 41 1
81 57 1
81 76 1
81 110 1
81 112 1
81 128 1
82 38 1
82 44 1
82 52 1
82 61 1
82 64 1
82 65 1
82 96 1
82 119 1
82 121 1
82 123 1
82 129 1
83 85 1
84 75 1
84 88 1
84 104 1
84 112 1
84 129 1
85 64 1
85 88 1
85 101 1
85 112 1
85 129 1
86 12 1
86 48 1
86 65 1
86 79 1
86 84 1
86 112 1
86 129 1
87 20 1
87 25 1
87 84 1
87 116 1
88 65 1
88 80 1
88 104 1
88 109 1
88 112 1
88 122 1
88 128 1
88 129 1
90 97 1
92 48 1
92 63 1
92 110 1
92 116 1
93 75 1
93 116 1
93 118 1
93 124 1
95 123 1
96 12 1
96 87 1
97 43 1
97 101 1
98 54 1
99 64 1
99 81 1
100 101 1
101 82 1
101 84 1
102 11 1
102 20 1
102 84 1
102 104 1
102 116 1
102 129 1
103 109 1
104 112 1
104 129 1
105 80 1
106 88 1
107 109 1
107 111 1
107 119 1
107 121 1
107 126 1
108 55 1
108 65 1
108 88 1
108 101 1
108 112 1
108 129 1
109 112 1
111 14 1
112 57 1
114 98 1
114 111 1
117 118 1
118 89 1
119 126 1
120 64 1
120 96 1
123 104 1
123 118 1
124 76 1
124 112 1
125 95 1
125 111 1
127 109 1
128 54 1
