1 5 1
1 11 1
1 20 1
1 22 1
1 23 1
1 30 1
1 31 1
1 38 1
1 43 1
1 48 1
1 52 1
1 61 1
1 64 1
1 65 1
1 73 1
1 75 1
1 76 1
1 84 1
1 85 1
1 87 1
1 88 1
1 93 1
1 97 1
1 98 1
1 104 1
1 109 1
1 111 1
1 112 1
1 116 1
1 123 1
1 127 1
1 129 1
2 11 1
2 96 1
2 129 1
3 54 1
3 76 1
4 6 1
4 11 1
4 16 1
4 19 1
4 20 1
4 21 1
4 22 1
4 23 1
4 24 1
4 25 1
4 28 1
4 32 1
4 35 1
4 38 1
4 41 1
4 48 1
4 52 1
4 54 1
4 56 1
4 57 1
4 58 1
4 61 1
4 64 1
4 65 1
4 73 1
4 75 1
4 76 1
4 79 1
4 80 1
4 82 1
4 84 1
4 88 1
4 96 1
4 97 1
4 98 1
4 103 1
4 107 1
4 110 1
4 111 1
4 112 1
4 113 1
4 116 1
4 118 1
4 121 1
4 122 1
4 124 1
4 126 1
4 128 1
4 129 1
5 84 1
6 2 1
6 3 1
6 9 1
6 12 1
6 14 1
6 16 1
6 18 1
6 19 1
6 20 1
6 21 1
6 23 1
6 27 1
6 30 1
6 32 1
6 35 1
6 36 1
6 38 1
6 43 1
6 48 1
6 49 1
6 50 1
6 52 1
6 53 1
6 54 1
6 55 1
6 57 1
6 61 1
6 63 1
6 64 1
6 65 1
6 76 1
6 77 1
6 79 1
6 80 1
6 82 1
6 84 1
6 85 1
6 86 1
6 87 1
6 88 1
6 89 1
6 90 1
6 93 1
6 95 1
6 96 1
6 98 1
6 101 1
6 103 1
6 104 1
6 107 1
6 108 1
6 109 1
6 110 1
6 111 1
6 112 1
6 116 1
6 118 1
6 119 1
6 120 1
6 121 1
6 122 1
6 123 1
6 124 1
6 128 1
6 129 1
7 65 1
7 88 1
7 123 1
8 41 1
8 50 1
8 65 1
8 98 1
9 25 1
9 32 1
9 35 1
9 38 1
9 49 1
9 52 1
9 54 1
9 57 1
9 61 1
9 63 1
9 65 1
9 75 1
9 76 1
9 82 1
9 84 1
9 85 1
9 88 1
9 93 1
9 116 1
9 118 1
9 122 1
9 128 1
9 129 1
10 109 1
11 18 1
11 20 1
11 49 1
11 55 1
11 57 1
11 63 1
11 64 1
11 65 1
11 75 1
11 76 1
11 77 1
11 80 1
11 82 1
11 84 1
11 88 1
11 89 1
11 97 1
11 101 1
11 104 1
11 112 1
11 124 1
11 126 1
11 127 1
11 129 1
12 65 1
12 116 1
13 55 1
13 89 1
13 108 1
13 111 1
13 120 1
14 61 1
16 17 1
16 112 1
17 20 1
18 61 1
18 65 1
18 89 1
18 98 1
18 109 1
18 111 1
18 116 1
18 119 1
18 129 1
19 21 1
19 48 1
19 53 1
19 54 1
19 57 1
19 64 1
19 75 1
19 80 1
19 82 1
19 88 1
19 89 1
19 112 1
19 119 1
20 101 1
21 11 1
21 12 1
21 22 1
21 23 1
21 24 1
21 32 1
21 49 1
21 52 1
21 57 1
21 64 1
21 75 1
21 76 1
21 80 1
21 82 1
21 84 1
21 93 1
21 97 1
21 98 1
21 101 1
21 104 1
21 108 1
21 109 1
21 110 1
21 111 1
21 112 1
21 116 1
21 118 1
21 119 1
21 121 1
21 126 1
21 127 1
21 128 1
21 129 1
22 49 1
22 52 1
22 53 1
22 54 1
22 61 1
22 64 1
22 65 1
22 75 1
22 79 1
22 82 1
22 84 1
22 88 1
22 101 1
22 104 1
22 112 1
22 116 1
22 124 1
22 129 1
23 18 1
23 20 1
23 25 1
23 32 1
23 38 1
23 48 1
23 49 1
23 50 1
23 52 1
23 55 1
23 58 1
23 61 1
23 65 1
23 81 1
23 82 1
23 84 1
23 85 1
23 86 1
23 88 1
23 90 1
23 96 1
23 98 1
23 102 1
23 104 1
23 105 1
23 107 1
23 109 1
23 111 1
23 112 1
23 116 1
23 121 1
23 122 1
23 126 1
23 127 1
23 129 1
25 61 1
26 84 1
26 108 1
26 119 1
26 126 1
26 127 1
27 90 1
28 54 1
29 109 1
30 16 1
30 20 1
30 109 1
31 63 1
31 64 1
31 104 1
31 109 1
32 38 1
32 49 1
32 65 1
32 76 1
32 81 1
32 82 1
32 85 1
32 87 1
32 88 1
32 93 1
32 101 1
32 107 1
32 110 1
32 112 1
32 120 1
32 129 1
33 128 1
34 128 1
35 11 1
35 16 1
35 20 1
35 48 1
35 49 1
35 52 1
35 55 1
35 61 1
35 64 1
35 65 1
35 76 1
35 82 1
35 84 1
35 85 1
35 87 1
35 88 1
35 93 1
35 104 1
35 109 1
35 111 1
35 112 1
35 118 1
35 122 1
35 126 1
35 128 1
35 129 1
41 24 1
41 44 1
41 48 1
41 55 1
41 57 1
41 112 1
42 112 1
42 129 1
43 16 1
43 87 1
43 119 1
44 18 1
44 38 1
44 64 1
45 54 1
45 64 1
45 73 1
45 86 1
46 61 1
46 65 1
46 76 1
46 93 1
46 105 1
46 127 1
47 24 1
47 76 1
47 82 1
48 38 1
48 58 1
48 64 1
48 65 1
48 85 1
48 96 1
48 111 1
48 122 1
48 124 1
48 129 1
49 38 1
49 48 1
49 64 1
49 65 1
49 82 1
49 84 1
49 85 1
49 88 1
49 118 1
49 125 1
50 12 1
50 112 1
50 124 1
50 129 1
52 38 1
52 54 1
52 65 1
52 85 1
52 86 1
52 88 1
52 98 1
52 101 1
52 109 1
52 112 1
52 116 1
52 119 1
52 122 1
52 128 1
54 57 1
54 88 1
54 104 1
55 44 1
55 52 1
55 74 1
55 127 1
55 128 1
55 129 1
56 24 1
56 61 1
56 63 1
56 122 1
57 101 1
57 129 1
58 30 1
58 123 1
58 128 1
59 97 1
60 102 1
61 84 1
61 128 1
62 38 1
62 54 1
63 120 1
64 76 1
64 128 1
64 129 1
65 38 1
65 64 1
65 112 1
65 129 1
67 8 1
67 76 1
69 11 1
69 17 1
69 97 1
70 116 1
70 121 1
71 81 1
72 31 1
72 90 1
72 95 1
73 88 1
74 81 1
74 113 1
74 129 1
75 64 1
75 76 1
75 109 1
77 80 1
77 101 1
77 103 1
79 80 1
81 18 1
81 85 1
81 89 1
81 98 1
81 101 1
81 126 1
82 24 1
82 53 1
82 61 1
82 64 1
82 65 1
82 97 1
82 104 1
82 112 1
82 121 1
82 122 1
82 129 1
83 116 1
84 65 1
84 80 1
84 85 1
84 110 1
84 122 1
85 75 1
85 107 1
85 122 1
85 126 1
85 129 1
86 11 1
86 80 1
86 95 1
86 96 1
86 109 1
86 123 1
86 128 1
87 65 1
87 76 1
87 80 1
87 116 1
88 43 1
88 75 1
88 84 1
88 97 1
88 112 1
88 116 1
88 126 1
88 129 1
90 64 1
92 55 1
92 58 1
92 82 1
92 129 1
93 57 1
93 65 1
93 82 1
93 111 1
95 30 1
96 88 1
96 129 1
97 38 1
97 129 1
98 111 1
99 85 1
99 122 1
100 50 1
101 38 1
101 97 1
102 50 1
102 76 1
102 88 1
102 95 1
102 96 1
102 120 1
103 14 1
104 75 1
104 85 1
105 25 1
106 104 1
107 14 1
107 54 1
107 73 1
107 112 1
107 127 1
108 12 1
108 52 1
108 86 1
108 88 1
108 98 1
108 119 1
109 129 1
111 97 1
112 38 1
114 75 1
114 119 1
117 93 1
118 93 1
119 79 1
120 103 1
120 129 1
123 65 1
123 76 1
124 61 1
124 129 1
125 75 1
125 97 1
127 84 1
128 112 1
