1 11 1
1 20 1
1 32 1
1 38 1
1 41 1
1 48 1
1 56 1
1 61 1
1 63 1
1 64 1
1 65 1
1 73 1
1 75 1
1 76 1
1 79 1
1 80 1
1 82 1
1 85 1
1 87 1
1 88 1
1 93 1
1 96 1
1 98 1
1 104 1
1 109 1
1 111 1
1 112 1
1 113 1
1 119 1
1 124 1
1 126 1
1 129 1
2 90 1
2 112 1
2 116 1
3 50 1
3 80 1
4 6 1
4 11 1
4 16 1
4 18 1
4 21 1
4 22 1
4 23 1
4 24 1
4 30 1
4 32 1
4 35 1
4 38 1
4 50 1
4 52 1
4 54 1
4 55 1
4 57 1
4 61 1
4 64 1
4 65 1
4 73 1
4 75 1
4 76 1
4 77 1
4 80 1
4 82 1
4 84 1
4 85 1
4 86 1
4 88 1
4 90 1
4 93 1
4 96 1
4 98 1
4 101 1
4 103 1
4 108 1
4 109 1
4 110 1
4 111 1
4 112 1
4 116 1
4 118 1
4 120 1
4 122 1
4 123 1
4 125 1
4 128 1
4 129 1
5 57 1
6 9 1
6 11 1
6 14 1
6 16 1
6 17 1
6 18 1
6 19 1
6 20 1
6 21 1
6 22 1
6 23 1
6 24 1
6 25 1
6 31 1
6 32 1
6 35 1
6 38 1
6 43 1
6 44 1
6 48 1
6 49 1
6 50 1
6 52 1
6 54 1
6 55 1
6 61 1
6 63 1
6 64 1
6 65 1
6 73 1
6 74 1
6 75 1
6 76 1
6 79 1
6 80 1
6 81 1
6 82 1
6 84 1
6 85 1
6 86 1
6 87 1
6 88 1
6 89 1
6 90 1
6 93 1
6 95 1
6 97 1
6 98 1
6 101 1
6 102 1
6 104 1
6 107 1
6 108 1
6 109 1
6 110 1
6 111 1
6 112 1
6 116 1
6 119 1
6 120 1
6 121 1
6 122 1
6 127 1
6 128 1
6 129 1
7 24 1
7 109 1
7 123 1
8 76 1
8 88 1
8 123 1
8 127 1
9 16 1
9 52 1
9 55 1
9 61 1
9 65 1
9 75 1
9 76 1
9 82 1
9 84 1
9 86 1
9 88 1
9 97 1
9 98 1
9 104 1
9 107 1
9 109 1
9 112 1
9 119 1
9 120 1
9 121 1
9 124 1
9 128 1
9 129 1
10 49 1
11 18 1
11 23 1
11 24 1
11 30 1
11 32 1
11 48 1
11 52 1
11 54 1
11 61 1
11 65 1
11 75 1
11 76 1
11 81 1
11 82 1
11 84 1
11 85 1
11 88 1
11 90 1
11 93 1
11 104 1
11 105 1
11 110 1
11 112 1
11 129 1
12 57 1
12 119 1
13 19 1
13 20 1
13 80 1
13 97 1
13 121 1
14 129 1
16 104 1
16 109 1
17 93 1
18 43 1
18 49 1
18 53 1
18 57 1
18 64 1
18 85 1
18 88 1
18 97 1
18 127 1
19 20 1
19 38 1
19 54 1
19 64 1
19 84 1
19 87 1
19 96 1
19 97 1
19 98 1
19 102 1
19 112 1
19 128 1
19 129 1
20 85 1
21 11 1
21 20 1
21 30 1
21 32 1
21 35 1
21 48 1
21 49 1
21 52 1
21 53 1
21 57 1
21 58 1
21 61 1
21 65 1
21 76 1
21 77 1
21 80 1
21 82 1
21 85 1
21 86 1
21 88 1
21 93 1
21 101 1
21 104 1
21 109 1
21 111 1
21 112 1
21 116 1
21 122 1
21 123 1
21 126 1
21 127 1
21 128 1
21 129 1
22 5 1
22 18 1
22 21 1
22 38 1
22 52 1
22 55 1
22 57 1
22 63 1
22 65 1
22 76 1
22 80 1
22 88 1
22 89 1
22 97 1
22 109 1
22 122 1
22 128 1
22 129 1
23 3 1
23 12 1
23 20 1
23 22 1
23 24 1
23 41 1
23 48 1
23 50 1
23 52 1
23 55 1
23 58 1
23 61 1
23 64 1
23 65 1
23 75 1
23 76 1
23 80 1
23 82 1
23 84 1
23 85 1
23 88 1
23 93 1
23 95 1
23 101 1
23 107 1
23 108 1
23 109 1
23 111 1
23 112 1
23 120 1
23 121 1
23 124 1
23 126 1
23 128 1
23 129 1
25 53 1
26 17 1
26 38 1
26 54 1
26 89 1
26 116 1
27 126 1
28 82 1
29 54 1
30 76 1
30 118 1
30 121 1
31 11 1
31 61 1
31 65 1
31 98 1
32 20 1
32 23 1
32 30 1
32 38 1
32 64 1
32 65 1
32 76 1
32 79 1
32 85 1
32 97 1
32 101 1
32 110 1
32 119 1
32 122 1
32 128 1
32 129 1
33 84 1
34 129 1
35 11 1
35 16 1
35 44 1
35 49 1
35 52 1
35 54 1
35 57 1
35 58 1
35 65 1
35 82 1
35 84 1
35 85 1
35 87 1
35 88 1
35 93 1
35 95 1
35 101 1
35 107 1
35 109 1
35 111 1
35 112 1
35 119 1
35 122 1
35 124 1
35 127 1
35 129 1
41 58 1
41 61 1
41 75 1
41 84 1
41 88 1
41 103 1
42 96 1
42 129 1
43 76 1
43 80 1
43 104 1
44 14 1
44 112 1
44 122 1
45 16 1
45 55 1
45 65 1
45 98 1
46 38 1
46 82 1
46 84 1
46 112 1
46 116 1
46 118 1
47 31 1
47 107 1
47 127 1
48 49 1
48 61 1
48 75 1
48 76 1
48 80 1
48 98 1
48 101 1
48 116 1
48 124 1
48 129 1
49 36 1
49 82 1
49 88 1
49 89 1
49 103 1
49 116 1
49 118 1
49 119 1
49 122 1
49 126 1
50 14 1
50 85 1
50 103 1
50 129 1
52 28 1
52 38 1
52 48 1
52 64 1
52 65 1
52 76 1
52 82 1
52 84 1
52 95 1
52 110 1
52 112 1
52 126 1
52 128 1
52 129 1
54 25 1
54 111 1
54 122 1
55 61 1
55 64 1
55 101 1
55 113 1
55 124 1
55 129 1
56 11 1
56 20 1
56 53 1
56 84 1
57 65 1
57 119 1
58 64 1
58 126 1
58 129 1
59 55 1
60 119 1
61 104 1
61 122 1
62 79 1
62 116 1
63 48 1
64 25 1
64 75 1
64 112 1
65 97 1
65 98 1
65 112 1
65 129 1
67 18 1
67 88 1
69 75 1
69 109 1
69 128 1
70 109 1
70 118 1
71 112 1
72 65 1
72 104 1
72 129 1
73 108 1
74 27 1
74 64 1
74 76 1
75 81 1
75 116 1
75 128 1
77 8 1
77 61 1
77 73 1
79 111 1
81 2 1
81 52 1
81 54 1
81 111 1
81 120 1
81 129 1
82 63 1
82 64 1
82 65 1
82 85 1
82 88 1
82 105 1
82 111 1
82 112 1
82 116 1
82 128 1
82 129 1
83 101 1
84 63 1
84 64 1
84 76 1
84 111 1
84 129 1
85 57 1
85 65 1
85 84 1
85 116 1
85 129 1
86 38 1
86 82 1
86 85 1
86 88 1
86 96 1
86 123 1
86 129 1
87 38 1
87 64 1
87 89 1
87 122 1
88 38 1
88 43 1
88 65 1
88 84 1
88 96 1
88 104 1
88 116 1
88 129 1
90 65 1
92 65 1
92 81 1
92 88 1
92 109 1
93 49 1
93 61 1
93 82 1
93 112 1
95 57 1
96 54 1
96 65 1
97 87 1
97 98 1
98 112 1
99 50 1
99 97 1
100 126 1
101 54 1
101 126 1
102 54 1
102 64 1
102 75 1
102 97 1
102 112 1
102 127 1
103 38 1
104 12 1
104 122 1
105 129 1
106 38 1
107 12 1
107 49 1
107 61 1
107 93 1
107 97 1
108 24 1
108 76 1
108 86 1
108 101 1
108 118 1
108 127 1
109 48 1
111 116 1
112 128 1
114 65 1
114 121 1
117 64 1
118 75 1
119 38 1
120 12 1
120 25 1
123 52 1
123 104 1
124 84 1
124 88 1
125 89 1
125 96 1
127 64 1
128 129 1
