1 11 1
1 21 1
1 41 1
1 52 1
1 54 1
1 55 1
1 61 1
1 64 1
1 65 1
1 76 1
1 81 1
1 82 1
1 84 1
1 88 1
1 89 1
1 96 1
1 97 1
1 98 1
1 101 1
1 103 1
1 108 1
1 109 1
1 111 1
1 112 1
1 116 1
1 118 1
1 120 1
1 121 1
1 124 1
1 126 1
1 127 1
1 129 1
2 24 1
2 98 1
2 129 1
3 24 1
3 84 1
4 6 1
4 11 1
4 12 1
4 14 1
4 19 1
4 22 1
4 23 1
4 30 1
4 31 1
4 32 1
4 35 1
4 38 1
4 48 1
4 52 1
4 53 1
4 54 1
4 57 1
4 61 1
4 63 1
4 64 1
4 65 1
4 75 1
4 76 1
4 80 1
4 82 1
4 84 1
4 85 1
4 86 1
4 88 1
4 89 1
4 93 1
4 95 1
4 96 1
4 97 1
4 101 1
4 104 1
4 107 1
4 109 1
4 112 1
4 118 1
4 119 1
4 120 1
4 121 1
4 122 1
4 123 1
4 124 1
4 127 1
4 128 1
4 129 1
5 85 1
6 2 1
6 11 1
6 14 1
6 16 1
6 18 1
6 20 1
6 21 1
6 22 1
6 23 1
6 27 1
6 28 1
6 32 1
6 35 1
6 38 1
6 41 1
6 43 1
6 48 1
6 49 1
6 50 1
6 52 1
6 53 1
6 54 1
6 55 1
6 56 1
6 57 1
6 58 1
6 61 1
6 63 1
6 64 1
6 65 1
6 75 1
6 76 1
6 79 1
6 80 1
6 81 1
6 82 1
6 84 1
6 85 1
6 86 1
6 87 1
6 88 1
6 89 1
6 93 1
6 95 1
6 96 1
6 97 1
6 98 1
6 101 1
6 102 1
6 104 1
6 105 1
6 107 1
6 108 1
6 109 1
6 110 1
6 111 1
6 112 1
6 116 1
6 119 1
6 122 1
6 123 1
6 125 1
6 127 1
6 128 1
6 129 1
7 65 1
7 88 1
7 129 1
8 80 1
8 84 1
8 96 1
8 101 1
9 11 1
9 17 1
9 20 1
9 49 1
9 50 1
9 52 1
9 63 1
9 65 1
9 73 1
9 75 1
9 76 1
9 77 1
9 82 1
9 85 1
9 88 1
9 90 1
9 111 1
9 112 1
9 119 1
9 121 1
9 126 1
9 128 1
9 129 1
10 43 1
11 18 1
11 20 1
11 32 1
11 38 1
11 48 1
11 54 1
11 57 1
11 63 1
11 64 1
11 65 1
11 75 1
11 76 1
11 82 1
11 85 1
11 88 1
11 98 1
11 101 1
11 104 1
11 112 1
11 116 1
11 122 1
11 127 1
11 128 1
11 129 1
12 80 1
12 119 1
13 52 1
13 85 1
13 93 1
13 109 1
13 124 1
14 82 1
16 73 1
16 122 1
17 101 1
18 17 1
18 24 1
18 38 1
18 54 1
18 65 1
18 75 1
18 76 1
18 116 1
18 123 1
19 11 1
19 49 1
19 53 1
19 61 1
19 75 1
19 76 1
19 96 1
19 101 1
19 109 1
19 112 1
19 123 1
19 124 1
19 129 1
20 128 1
21 11 1
21 14 1
21 24 1
21 25 1
21 32 1
21 35 1
21 38 1
21 49 1
21 50 1
21 57 1
21 58 1
21 61 1
21 64 1
21 65 1
21 76 1
21 81 1
21 82 1
21 84 1
21 85 1
21 87 1
21 88 1
21 96 1
21 98 1
21 101 1
21 103 1
21 104 1
21 109 1
21 112 1
21 116 1
21 120 1
21 127 1
21 128 1
21 129 1
22 12 1
22 30 1
22 38 1
22 54 1
22 55 1
22 61 1
22 64 1
22 65 1
22 88 1
22 93 1
22 97 1
22 101 1
22 107 1
22 109 1
22 112 1
22 113 1
22 122 1
22 129 1
23 16 1
23 20 1
23 21 1
23 22 1
23 25 1
23 30 1
23 38 1
23 49 1
23 52 1
23 55 1
23 58 1
23 61 1
23 64 1
23 65 1
23 75 1
23 80 1
23 82 1
23 84 1
23 88 1
23 90 1
23 93 1
23 96 1
23 97 1
23 101 1
23 104 1
23 108 1
23 111 1
23 112 1
23 116 1
23 119 1
23 122 1
23 124 1
23 127 1
23 128 1
23 129 1
25 20 1
26 50 1
26 88 1
26 89 1
26 111 1
26 121 1
27 82 1
28 58 1
29 16 1
30 107 1
30 112 1
30 129 1
31 61 1
31 64 1
31 74 1
31 129 1
32 18 1
32 38 1
32 52 1
32 55 1
32 64 1
32 65 1
32 81 1
32 82 1
32 84 1
32 86 1
32 102 1
32 109 1
32 111 1
32 112 1
32 116 1
32 127 1
33 48 1
34 61 1
35 9 1
35 16 1
35 19 1
35 25 1
35 38 1
35 52 1
35 54 1
35 61 1
35 65 1
35 73 1
35 75 1
35 76 1
35 82 1
35 84 1
35 85 1
35 88 1
35 93 1
35 98 1
35 108 1
35 109 1
35 112 1
35 116 1
35 118 1
35 119 1
35 128 1
35 129 1
41 52 1
41 76 1
41 80 1
41 97 1
41 103 1
41 118 1
42 20 1
42 116 1
43 65 1
43 84 1
43 88 1
44 8 1
44 80 1
44 126 1
45 12 1
45 52 1
45 85 1
45 88 1
46 12 1
46 48 1
46 79 1
46 89 1
46 112 1
46 128 1
47 76 1
47 118 1
47 129 1
48 23 1
48 38 1
48 65 1
48 76 1
48 80 1
48 97 1
48 110 1
48 111 1
48 128 1
48 129 1
49 11 1
49 38 1
49 54 1
49 57 1
49 75 1
49 76 1
49 85 1
49 116 1
49 124 1
49 129 1
50 48 1
50 93 1
50 116 1
50 123 1
52 20 1
52 49 1
52 61 1
52 64 1
52 75 1
52 76 1
52 88 1
52 90 1
52 95 1
52 109 1
52 116 1
52 122 1
52 126 1
52 128 1
54 48 1
54 65 1
54 112 1
55 57 1
55 65 1
55 79 1
55 122 1
55 126 1
55 129 1
56 44 1
56 87 1
56 121 1
56 126 1
57 64 1
57 65 1
58 55 1
58 104 1
58 116 1
59 88 1
60 49 1
61 109 1
61 129 1
62 93 1
62 112 1
63 129 1
64 109 1
64 120 1
64 129 1
65 38 1
65 61 1
65 119 1
65 126 1
67 23 1
67 129 1
69 82 1
69 89 1
69 129 1
70 32 1
70 53 1
71 98 1
72 38 1
72 50 1
72 113 1
73 31 1
74 54 1
74 119 1
74 122 1
75 38 1
75 43 1
75 76 1
77 49 1
77 87 1
77 88 1
79 65 1
81 18 1
81 57 1
81 64 1
81 109 1
81 120 1
81 122 1
82 3 1
82 25 1
82 30 1
82 54 1
82 65 1
82 76 1
82 88 1
82 107 1
82 111 1
82 112 1
82 118 1
83 129 1
84 16 1
84 36 1
84 55 1
84 104 1
84 116 1
85 57 1
85 64 1
85 65 1
85 73 1
85 126 1
86 64 1
86 82 1
86 84 1
86 93 1
86 104 1
86 128 1
86 129 1
87 48 1
87 85 1
87 97 1
87 111 1
88 64 1
88 65 1
88 84 1
88 97 1
88 111 1
88 112 1
88 128 1
88 129 1
90 75 1
92 20 1
92 86 1
92 98 1
92 104 1
93 38 1
93 64 1
93 90 1
93 95 1
95 98 1
96 85 1
96 104 1
97 61 1
97 129 1
98 104 1
99 24 1
99 97 1
100 44 1
101 112 1
101 129 1
102 54 1
102 75 1
102 86 1
102 110 1
102 112 1
102 119 1
103 111 1
104 87 1
104 129 1
105 61 1
106 112 1
107 63 1
107 80 1
107 85 1
107 105 1
107 122 1
108 18 1
108 77 1
108 79 1
108 88 1
108 97 1
108 127 1
109 82 1
111 126 1
112 84 1
114 80 1
114 110 1
117 122 1
118 103 1
119 121 1
120 5 1
120 24 1
123 84 1
123 98 1
124 76 1
124 110 1
125 64 1
125 65 1
127 57 1
128 84 1
