1 6 1
1 11 1
1 14 1
1 20 1
1 21 1
1 22 1
1 25 1
1 52 1
1 54 1
1 55 1
1 57 1
1 61 1
1 64 1
1 65 1
1 73 1
1 75 1
1 76 1
1 81 1
1 82 1
1 86 1
1 88 1
1 96 1
1 97 1
1 101 1
1 105 1
1 107 1
1 112 1
1 116 1
1 120 1
1 126 1
1 127 1
1 129 1
2 18 1
2 30 1
2 75 1
3 58 1
3 103 1
4 11 1
4 12 1
4 16 1
4 18 1
4 19 1
4 20 1
4 22 1
4 23 1
4 32 1
4 35 1
4 38 1
4 41 1
4 48 1
4 49 1
4 52 1
4 54 1
4 55 1
4 58 1
4 61 1
4 64 1
4 65 1
4 75 1
4 76 1
4 80 1
4 82 1
4 84 1
4 85 1
4 86 1
4 87 1
4 88 1
4 89 1
4 96 1
4 97 1
4 98 1
4 104 1
4 107 1
4 109 1
4 111 1
4 112 1
4 113 1
4 116 1
4 118 1
4 119 1
4 122 1
4 123 1
4 124 1
4 126 1
4 128 1
4 129 1
5 119 1
6 2 1
6 3 1
6 9 1
6 11 1
6 12 1
6 14 1
6 18 1
6 19 1
6 21 1
6 22 1
6 25 1
6 32 1
6 35 1
6 38 1
6 48 1
6 49 1
6 50 1
6 52 1
6 53 1
6 55 1
6 58 1
6 61 1
6 63 1
6 64 1
6 65 1
6 73 1
6 75 1
6 76 1
6 79 1
6 80 1
6 81 1
6 82 1
6 84 1
6 85 1
6 86 1
6 87 1
6 88 1
6 89 1
6 90 1
6 93 1
6 95 1
6 96 1
6 97 1
6 98 1
6 101 1
6 103 1
6 104 1
6 107 1
6 108 1
6 109 1
6 110 1
6 112 1
6 116 1
6 118 1
6 119 1
6 120 1
6 121 1
6 122 1
6 123 1
6 124 1
6 125 1
6 126 1
6 127 1
6 128 1
6 129 1
7 43 1
7 111 1
7 128 1
8 30 1
8 75 1
8 76 1
8 129 1
9 11 1
9 23 1
9 24 1
9 32 1
9 43 1
9 49 1
9 52 1
9 57 1
9 61 1
9 64 1
9 65 1
9 75 1
9 76 1
9 81 1
9 82 1
9 84 1
9 87 1
9 88 1
9 89 1
9 97 1
9 98 1
9 123 1
9 127 1
10 118 1
11 20 1
11 38 1
11 44 1
11 52 1
11 55 1
11 61 1
11 64 1
11 65 1
11 76 1
11 79 1
11 80 1
11 82 1
11 85 1
11 86 1
11 88 1
11 93 1
11 96 1
11 101 1
11 102 1
11 109 1
11 111 1
11 112 1
11 119 1
11 129 1
12 20 1
12 122 1
13 8 1
13 89 1
13 101 1
13 109 1
13 126 1
14 124 1
16 38 1
16 64 1
17 121 1
18 24 1
18 25 1
18 38 1
18 63 1
18 76 1
18 79 1
18 88 1
18 110 1
18 129 1
19 53 1
19 57 1
19 58 1
19 76 1
19 82 1
19 84 1
19 97 1
19 110 1
19 111 1
19 118 1
19 119 1
19 126 1
19 127 1
20 129 1
21 11 1
21 18 1
21 23 1
21 38 1
21 49 1
21 50 1
21 52 1
21 53 1
21 54 1
21 61 1
21 63 1
21 64 1
21 65 1
21 73 1
21 74 1
21 76 1
21 79 1
21 80 1
21 82 1
21 85 1
21 88 1
21 93 1
21 97 1
21 102 1
21 103 1
21 107 1
21 110 1
21 112 1
21 119 1
21 120 1
21 122 1
21 124 1
21 129 1
22 11 1
22 21 1
22 23 1
22 30 1
22 38 1
22 50 1
22 52 1
22 64 1
22 65 1
22 75 1
22 80 1
22 85 1
22 89 1
22 97 1
22 104 1
22 109 1
22 111 1
22 128 1
23 16 1
23 25 1
23 30 1
23 35 1
23 38 1
23 48 1
23 49 1
23 52 1
23 54 1
23 55 1
23 57 1
23 61 1
23 64 1
23 65 1
23 75 1
23 76 1
23 80 1
23 82 1
23 84 1
23 85 1
23 87 1
23 88 1
23 90 1
23 97 1
23 101 1
23 103 1
23 104 1
23 109 1
23 112 1
23 116 1
23 122 1
23 123 1
23 127 1
23 128 1
23 129 1
25 88 1
26 5 1
26 50 1
26 77 1
26 128 1
26 129 1
27 111 1
28 101 1
29 64 1
30 76 1
30 82 1
30 109 1
31 54 1
31 93 1
31 96 1
31 126 1
32 17 1
32 24 1
32 27 1
32 55 1
32 65 1
32 75 1
32 85 1
32 87 1
32 88 1
32 90 1
32 97 1
32 98 1
32 111 1
32 112 1
32 124 1
32 129 1
33 18 1
34 95 1
35 12 1
35 16 1
35 17 1
35 32 1
35 38 1
35 43 1
35 48 1
35 50 1
35 54 1
35 57 1
35 61 1
35 65 1
35 75 1
35 76 1
35 80 1
35 81 1
35 82 1
35 90 1
35 95 1
35 96 1
35 104 1
35 109 1
35 116 1
35 124 1
35 128 1
35 129 1
41 84 1
41 88 1
41 93 1
41 111 1
41 112 1
41 126 1
42 97 1
42 116 1
43 12 1
43 84 1
43 116 1
44 54 1
44 110 1
44 122 1
45 61 1
45 76 1
45 84 1
45 128 1
46 63 1
46 65 1
46 85 1
46 107 1
46 116 1
46 128 1
47 49 1
47 104 1
47 116 1
48 24 1
48 31 1
48 32 1
48 65 1
48 82 1
48 85 1
48 96 1
48 109 1
48 112 1
48 129 1
49 11 1
49 65 1
49 84 1
49 101 1
49 116 1
49 119 1
49 120 1
49 122 1
49 126 1
49 129 1
50 20 1
50 38 1
50 128 1
50 129 1
52 14 1
52 20 1
52 24 1
52 64 1
52 73 1
52 76 1
52 84 1
52 88 1
52 101 1
52 108 1
52 112 1
52 121 1
52 128 1
52 129 1
54 57 1
54 104 1
54 122 1
55 52 1
55 84 1
55 88 1
55 98 1
55 121 1
55 129 1
56 41 1
56 61 1
56 80 1
56 82 1
57 105 1
57 120 1
58 63 1
58 64 1
58 129 1
59 93 1
60 109 1
61 65 1
61 123 1
62 16 1
62 118 1
63 98 1
64 54 1
64 128 1
64 129 1
65 28 1
65 38 1
65 64 1
65 128 1
67 76 1
67 129 1
69 48 1
69 54 1
69 129 1
70 53 1
70 121 1
71 121 1
72 20 1
72 31 1
72 80 1
73 57 1
74 65 1
74 93 1
74 118 1
75 109 1
75 112 1
75 129 1
77 24 1
77 36 1
77 65 1
79 127 1
81 44 1
81 65 1
81 76 1
81 88 1
81 98 1
81 112 1
82 38 1
82 52 1
82 57 1
82 61 1
82 65 1
82 88 1
82 98 1
82 111 1
82 112 1
82 119 1
82 129 1
83 104 1
84 38 1
84 61 1
84 89 1
84 95 1
84 116 1
85 75 1
85 77 1
85 112 1
85 122 1
85 129 1
86 48 1
86 82 1
86 85 1
86 101 1
86 111 1
86 112 1
86 119 1
87 49 1
87 64 1
87 84 1
87 116 1
88 16 1
88 64 1
88 65 1
88 76 1
88 84 1
88 104 1
88 112 1
88 129 1
90 98 1
92 20 1
92 48 1
92 108 1
92 129 1
93 109 1
93 111 1
93 112 1
93 127 1
95 61 1
96 112 1
96 122 1
97 65 1
97 98 1
98 104 1
99 88 1
99 127 1
100 85 1
101 97 1
101 109 1
102 55 1
102 80 1
102 88 1
102 93 1
102 122 1
102 129 1
103 75 1
104 65 1
104 93 1
105 116 1
106 54 1
107 64 1
107 82 1
107 88 1
107 101 1
107 104 1
108 48 1
108 49 1
108 64 1
108 65 1
108 84 1
108 85 1
109 122 1
111 129 1
112 57 1
114 56 1
114 108 1
117 126 1
118 84 1
119 85 1
120 116 1
120 129 1
123 54 1
123 112 1
124 61 1
124 112 1
125 38 1
125 86 1
127 38 1
128 113 1
