1 6 1
1 11 1
1 18 1
1 21 1
1 24 1
1 41 1
1 52 1
1 54 1
1 55 1
1 61 1
1 63 1
1 64 1
1 65 1
1 76 1
1 79 1
1 82 1
1 84 1
1 85 1
1 86 1
1 88 1
1 93 1
1 98 1
1 104 1
1 105 1
1 107 1
1 112 1
1 118 1
1 120 1
1 121 1
1 122 1
1 128 1
1 129 1
2 64 1
2 96 1
2 127 1
3 5 1
3 65 1
4 11 1
4 19 1
4 20 1
4 22 1
4 23 1
4 24 1
4 32 1
4 35 1
4 48 1
4 49 1
4 50 1
4 52 1
4 54 1
4 55 1
4 58 1
4 61 1
4 64 1
4 65 1
4 73 1
4 75 1
4 76 1
4 80 1
4 81 1
4 82 1
4 84 1
4 85 1
4 86 1
4 88 1
4 93 1
4 95 1
4 96 1
4 98 1
4 101 1
4 102 1
4 104 1
4 107 1
4 108 1
4 109 1
4 110 1
4 111 1
4 112 1
4 116 1
4 118 1
4 122 1
4 124 1
4 126 1
4 127 1
4 128 1
4 129 1
5 126 1
6 3 1
6 8 1
6 9 1
6 11 1
6 14 1
6 16 1
6 18 1
6 19 1
6 20 1
6 21 1
6 22 1
6 23 1
6 24 1
6 27 1
6 30 1
6 32 1
6 35 1
6 38 1
6 41 1
6 43 1
6 48 1
6 49 1
6 50 1
6 52 1
6 53 1
6 54 1
6 55 1
6 57 1
6 61 1
6 64 1
6 65 1
6 75 1
6 76 1
6 79 1
6 80 1
6 82 1
6 84 1
6 85 1
6 86 1
6 88 1
6 89 1
6 90 1
6 93 1
6 95 1
6 97 1
6 98 1
6 101 1
6 104 1
6 107 1
6 108 1
6 109 1
6 110 1
6 111 1
6 113 1
6 116 1
6 118 1
6 119 1
6 121 1
6 122 1
6 123 1
6 124 1
6 126 1
6 127 1
6 128 1
6 129 1
7 20 1
7 38 1
7 98 1
8 12 1
8 98 1
8 111 1
8 122 1
9 21 1
9 32 1
9 38 1
9 43 1
9 48 1
9 52 1
9 57 1
9 61 1
9 64 1
9 65 1
9 76 1
9 79 1
9 82 1
9 84 1
9 85 1
9 87 1
9 103 1
9 105 1
9 112 1
9 116 1
9 123 1
9 125 1
9 129 1
10 129 1
11 12 1
11 18 1
11 38 1
11 48 1
11 52 1
11 58 1
11 61 1
11 64 1
11 65 1
11 76 1
11 82 1
11 84 1
11 85 1
11 88 1
11 97 1
11 111 1
11 112 1
11 116 1
11 119 1
11 120 1
11 126 1
11 127 1
11 128 1
11 129 1
12 61 1
12 112 1
13 20 1
13 93 1
13 95 1
13 126 1
13 129 1
14 63 1
16 84 1
16 121 1
17 116 1
18 30 1
18 48 1
18 61 1
18 65 1
18 76 1
18 81 1
18 88 1
18 112 1
18 129 1
19 11 1
19 14 1
19 20 1
19 23 1
19 25 1
19 48 1
19 64 1
19 65 1
19 84 1
19 108 1
19 109 1
19 121 1
19 129 1
20 84 1
21 11 1
21 25 1
21 32 1
21 38 1
21 43 1
21 49 1
21 50 1
21 56 1
21 61 1
21 64 1
21 65 1
21 73 1
21 75 1
21 76 1
21 80 1
21 82 1
21 85 1
21 87 1
21 88 1
21 93 1
21 97 1
21 98 1
21 101 1
21 104 1
21 108 1
21 109 1
21 112 1
21 116 1
21 118 1
21 119 1
21 121 1
21 123 1
21 129 1
22 20 1
22 23 1
22 44 1
22 53 1
22 65 1
22 75 1
22 77 1
22 79 1
22 82 1
22 86 1
22 96 1
22 104 1
22 111 1
22 112 1
22 116 1
22 123 1
22 126 1
22 129 1
23 11 1
23 14 1
23 32 1
23 38 1
23 48 1
23 49 1
23 52 1
23 54 1
23 55 1
23 57 1
23 61 1
23 63 1
23 64 1
23 65 1
23 73 1
23 75 1
23 81 1
23 82 1
23 84 1
23 85 1
23 87 1
23 88 1
23 89 1
23 93 1
23 97 1
23 104 1
23 107 1
23 109 1
23 116 1
23 118 1
23 119 1
23 122 1
23 126 1
23 128 1
23 129 1
25 96 1
26 16 1
26 44 1
26 64 1
26 97 1
26 116 1
27 75 1
28 112 1
29 18 1
30 57 1
30 65 1
30 124 1
31 57 1
31 65 1
31 116 1
31 122 1
32 11 1
32 30 1
32 38 1
32 49 1
32 52 1
32 61 1
32 64 1
32 65 1
32 75 1
32 76 1
32 82 1
32 88 1
32 98 1
32 107 1
32 109 1
32 127 1
33 122 1
34 82 1
35 12 1
35 22 1
35 48 1
35 49 1
35 52 1
35 53 1
35 54 1
35 61 1
35 64 1
35 65 1
35 75 1
35 82 1
35 85 1
35 88 1
35 93 1
35 96 1
35 97 1
35 98 1
35 101 1
35 104 1
35 111 1
35 112 1
35 118 1
35 127 1
35 128 1
35 129 1
41 24 1
41 49 1
41 54 1
41 57 1
41 58 1
41 128 1
42 57 1
42 116 1
43 82 1
43 111 1
43 119 1
44 80 1
44 119 1
44 129 1
45 30 1
45 38 1
45 109 1
45 119 1
46 31 1
46 38 1
46 112 1
46 116 1
46 128 1
46 129 1
47 52 1
47 54 1
47 90 1
48 17 1
48 38 1
48 76 1
48 82 1
48 85 1
48 86 1
48 89 1
48 97 1
48 101 1
48 122 1
49 18 1
49 61 1
49 65 1
49 76 1
49 85 1
49 88 1
49 104 1
49 112 1
49 128 1
49 129 1
50 84 1
50 89 1
50 109 1
50 112 1
52 54 1
52 61 1
52 75 1
52 76 1
52 80 1
52 84 1
52 90 1
52 103 1
52 104 1
52 111 1
52 112 1
52 124 1
52 128 1
52 129 1
54 57 1
54 89 1
54 98 1
55 64 1
55 65 1
55 80 1
55 84 1
55 112 1
55 121 1
56 63 1
56 76 1
56 87 1
56 97 1
57 111 1
57 122 1
58 74 1
58 88 1
58 110 1
59 24 1
60 76 1
61 38 1
61 64 1
62 88 1
62 128 1
63 65 1
64 75 1
64 77 1
64 110 1
65 96 1
65 104 1
65 109 1
65 129 1
67 38 1
67 93 1
69 111 1
69 116 1
69 127 1
70 88 1
70 129 1
71 90 1
72 98 1
72 103 1
72 123 1
73 88 1
74 25 1
74 65 1
74 126 1
75 54 1
75 95 1
75 129 1
77 73 1
77 75 1
77 112 1
79 57 1
81 28 1
81 65 1
81 112 1
81 120 1
81 128 1
81 129 1
82 20 1
82 24 1
82 38 1
82 49 1
82 50 1
82 61 1
82 64 1
82 84 1
82 85 1
82 88 1
82 129 1
83 25 1
84 75 1
84 110 1
84 127 1
84 128 1
84 129 1
85 76 1
85 104 1
85 112 1
85 122 1
85 129 1
86 16 1
86 50 1
86 54 1
86 55 1
86 63 1
86 93 1
86 97 1
87 35 1
87 80 1
87 88 1
87 129 1
88 16 1
88 65 1
88 80 1
88 81 1
88 84 1
88 119 1
88 120 1
88 129 1
90 82 1
92 52 1
92 64 1
92 76 1
92 126 1
93 16 1
93 36 1
93 54 1
93 109 1
95 96 1
96 101 1
96 120 1
97 38 1
97 119 1
98 124 1
99 38 1
99 87 1
100 2 1
101 55 1
101 76 1
102 53 1
102 58 1
102 84 1
102 97 1
102 101 1
102 129 1
103 88 1
104 64 1
104 122 1
105 102 1
106 101 1
107 80 1
107 85 1
107 88 1
107 113 1
107 116 1
108 31 1
108 89 1
108 101 1
108 109 1
108 112 1
108 122 1
109 101 1
111 65 1
112 20 1
114 109 1
114 112 1
117 55 1
118 85 1
119 129 1
120 124 1
120 129 1
123 80 1
123 109 1
124 76 1
124 103 1
125 17 1
125 97 1
127 111 1
128 12 1
