1 20 1
1 22 1
1 23 1
1 24 1
1 32 1
1 38 1
1 41 1
1 43 1
1 48 1
1 54 1
1 64 1
1 65 1
1 76 1
1 77 1
1 80 1
1 81 1
1 84 1
1 85 1
1 86 1
1 93 1
1 96 1
1 97 1
1 103 1
1 104 1
1 105 1
1 108 1
1 111 1
1 112 1
1 118 1
1 122 1
1 126 1
1 129 1
2 18 1
2 75 1
2 121 1
3 18 1
3 79 1
4 6 1
4 9 1
4 11 1
4 12 1
4 16 1
4 18 1
4 19 1
4 20 1
4 21 1
4 22 1
4 24 1
4 32 1
4 35 1
4 38 1
4 43 1
4 48 1
4 49 1
4 52 1
4 53 1
4 55 1
4 56 1
4 57 1
4 61 1
4 64 1
4 65 1
4 75 1
4 76 1
4 82 1
4 84 1
4 85 1
4 87 1
4 88 1
4 89 1
4 90 1
4 93 1
4 96 1
4 98 1
4 101 1
4 102 1
4 104 1
4 108 1
4 111 1
4 112 1
4 116 1
4 119 1
4 124 1
4 126 1
4 128 1
4 129 1
5 112 1
6 2 1
6 3 1
6 11 1
6 12 1
6 16 1
6 18 1
6 19 1
6 20 1
6 22 1
6 23 1
6 24 1
6 25 1
6 30 1
6 32 1
6 38 1
6 41 1
6 43 1
6 44 1
6 48 1
6 49 1
6 50 1
6 52 1
6 53 1
6 54 1
6 55 1
6 57 1
6 61 1
6 64 1
6 65 1
6 73 1
6 74 1
6 75 1
6 76 1
6 77 1
6 79 1
6 80 1
6 81 1
6 82 1
6 84 1
6 85 1
6 86 1
6 87 1
6 88 1
6 89 1
6 93 1
6 95 1
6 96 1
6 98 1
6 101 1
6 102 1
6 107 1
6 108 1
6 109 1
6 110 1
6 111 1
6 112 1
6 116 1
6 119 1
6 120 1
6 122 1
6 124 1
6 126 1
6 127 1
6 128 1
6 129 1
7 52 1
7 116 1
7 122 1
8 87 1
8 97 1
8 109 1
8 112 1
9 11 1
9 17 1
9 28 1
9 32 1
9 52 1
9 54 1
9 57 1
9 64 1
9 65 1
9 79 1
9 81 1
9 82 1
9 85 1
9 88 1
9 97 1
9 98 1
9 103 1
9 107 1
9 111 1
9 112 1
9 116 1
9 128 1
9 129 1
10 126 1
11 16 1
11 20 1
11 24 1
11 53 1
11 54 1
11 55 1
11 57 1
11 63 1
11 65 1
11 76 1
11 80 1
11 82 1
11 85 1
11 93 1
11 95 1
11 97 1
11 104 1
11 107 1
11 111 1
11 112 1
11 120 1
11 121 1
11 128 1
11 129 1
12 52 1
12 97 1
13 21 1
13 101 1
13 109 1
13 112 1
13 119 1
14 65 1
16 80 1
16 122 1
17 65 1
18 50 1
18 61 1
18 65 1
18 84 1
18 96 1
18 98 1
18 112 1
18 121 1
18 129 1
19 21 1
19 35 1
19 54 1
19 65 1
19 75 1
19 82 1
19 85 1
19 88 1
19 93 1
19 101 1
19 120 1
19 122 1
19 129 1
20 122 1
21 11 1
21 20 1
21 25 1
21 32 1
21 35 1
21 38 1
21 48 1
21 49 1
21 52 1
21 61 1
21 63 1
21 65 1
21 75 1
21 80 1
21 82 1
21 84 1
21 88 1
21 89 1
21 90 1
21 97 1
21 101 1
21 103 1
21 104 1
21 109 1
21 112 1
21 113 1
21 116 1
21 119 1
21 121 1
21 123 1
21 127 1
21 128 1
21 129 1
22 14 1
22 20 1
22 23 1
22 24 1
22 31 1
22 48 1
22 49 1
22 52 1
22 55 1
22 65 1
22 84 1
22 88 1
22 101 1
22 108 1
22 109 1
22 112 1
22 124 1
22 128 1
23 11 1
23 30 1
23 38 1
23 48 1
23 49 1
23 55 1
23 57 1
23 58 1
23 61 1
23 63 1
23 64 1
23 75 1
23 76 1
23 80 1
23 82 1
23 84 1
23 85 1
23 87 1
23 88 1
23 89 1
23 93 1
23 96 1
23 101 1
23 104 1
23 109 1
23 111 1
23 112 1
23 116 1
23 121 1
23 122 1
23 123 1
23 124 1
23 127 1
23 128 1
23 129 1
25 104 1
26 54 1
26 104 1
26 127 1
26 128 1
26 129 1
27 129 1
28 75 1
29 87 1
30 12 1
30 118 1
30 125 1
31 25 1
31 81 1
31 97 1
31 124 1
32 11 1
32 24 1
32 54 1
32 57 1
32 58 1
32 61 1
32 64 1
32 65 1
32 75 1
32 84 1
32 89 1
32 97 1
32 98 1
32 104 1
32 110 1
32 128 1
33 103 1
34 96 1
35 11 1
35 20 1
35 30 1
35 36 1
35 38 1
35 48 1
35 49 1
35 52 1
35 54 1
35 61 1
35 64 1
35 65 1
35 76 1
35 82 1
35 84 1
35 85 1
35 88 1
35 98 1
35 101 1
35 109 1
35 111 1
35 112 1
35 119 1
35 123 1
35 128 1
35 129 1
41 52 1
41 58 1
41 82 1
41 86 1
41 88 1
41 98 1
42 85 1
42 123 1
43 54 1
43 79 1
43 110 1
44 65 1
44 118 1
44 127 1
45 64 1
45 80 1
45 98 1
45 116 1
46 17 1
46 38 1
46 95 1
46 109 1
46 116 1
46 126 1
47 16 1
47 64 1
47 85 1
48 30 1
48 38 1
48 61 1
48 76 1
48 82 1
48 88 1
48 97 1
48 101 1
48 127 1
48 129 1
49 50 1
49 55 1
49 82 1
49 84 1
49 88 1
49 104 1
49 107 1
49 112 1
49 116 1
49 128 1
50 57 1
50 86 1
50 88 1
50 122 1
52 14 1
52 23 1
52 49 1
52 64 1
52 80 1
52 82 1
52 84 1
52 88 1
52 93 1
52 104 1
52 111 1
52 112 1
52 128 1
52 129 1
54 58 1
54 112 1
54 129 1
55 65 1
55 80 1
55 85 1
55 86 1
55 88 1
55 116 1
56 16 1
56 75 1
56 85 1
56 109 1
57 98 1
57 129 1
58 65 1
58 76 1
58 123 1
59 84 1
60 61 1
61 84 1
61 129 1
62 76 1
62 98 1
63 90 1
64 57 1
64 84 1
64 127 1
65 64 1
65 73 1
65 85 1
65 129 1
67 38 1
67 64 1
69 64 1
69 109 1
69 111 1
70 76 1
70 105 1
71 63 1
72 90 1
72 110 1
72 118 1
73 97 1
74 48 1
74 54 1
74 97 1
75 65 1
75 76 1
75 113 1
77 52 1
77 120 1
77 128 1
79 55 1
81 54 1
81 80 1
81 89 1
81 93 1
81 116 1
81 129 1
82 27 1
82 38 1
82 53 1
82 61 1
82 64 1
82 76 1
82 88 1
82 111 1
82 112 1
82 116 1
82 129 1
83 31 1
84 38 1
84 104 1
84 118 1
84 122 1
84 129 1
85 64 1
85 82 1
85 109 1
85 116 1
85 129 1
86 61 1
86 73 1
86 84 1
86 110 1
86 119 1
86 120 1
86 129 1
87 61 1
87 73 1
87 76 1
87 111 1
88 38 1
88 64 1
88 65 1
88 75 1
88 76 1
88 112 1
88 116 1
88 129 1
90 14 1
92 44 1
92 50 1
92 88 1
92 122 1
93 76 1
93 82 1
93 101 1
93 129 1
95 122 1
96 20 1
96 65 1
97 38 1
97 112 1
98 75 1
99 25 1
99 63 1
100 118 1
101 61 1
101 107 1
102 38 1
102 49 1
102 50 1
102 96 1
102 122 1
102 124 1
103 95 1
104 38 1
104 65 1
105 12 1
106 119 1
107 57 1
107 65 1
107 112 1
107 126 1
107 129 1
108 5 1
108 8 1
108 88 1
108 119 1
108 126 1
108 129 1
109 121 1
111 64 1
112 119 1
114 109 1
114 126 1
117 93 1
118 76 1
119 65 1
120 75 1
120 126 1
123 76 1
123 129 1
124 18 1
124 109 1
125 88 1
125 127 1
127 61 1
128 129 1
