1 2 1
1 6 1
1 20 1
1 23 1
1 24 1
1 38 1
1 48 1
1 49 1
1 52 1
1 53 1
1 54 1
1 55 1
1 58 1
1 61 1
1 64 1
1 65 1
1 75 1
1 76 1
1 80 1
1 84 1
1 85 1
1 88 1
1 89 1
1 93 1
1 101 1
1 103 1
1 116 1
1 119 1
1 122 1
1 124 1
1 127 1
1 129 1
2 43 1
2 48 1
2 86 1
3 17 1
3 93 1
4 11 1
4 12 1
4 16 1
4 18 1
4 19 1
4 20 1
4 21 1
4 23 1
4 30 1
4 32 1
4 35 1
4 38 1
4 41 1
4 48 1
4 49 1
4 52 1
4 54 1
4 57 1
4 61 1
4 63 1
4 64 1
4 65 1
4 75 1
4 76 1
4 77 1
4 81 1
4 82 1
4 84 1
4 85 1
4 86 1
4 87 1
4 88 1
4 89 1
4 95 1
4 96 1
4 97 1
4 98 1
4 101 1
4 102 1
4 103 1
4 107 1
4 109 1
4 112 1
4 116 1
4 118 1
4 119 1
4 121 1
4 128 1
4 129 1
5 97 1
6 3 1
6 5 1
6 9 1
6 11 1
6 12 1
6 16 1
6 18 1
6 19 1
6 20 1
6 21 1
6 22 1
6 23 1
6 24 1
6 25 1
6 30 1
6 31 1
6 32 1
6 35 1
6 38 1
6 41 1
6 44 1
6 48 1
6 49 1
6 52 1
6 54 1
6 55 1
6 57 1
6 58 1
6 63 1
6 64 1
6 65 1
6 73 1
6 75 1
6 76 1
6 77 1
6 79 1
6 80 1
6 81 1
6 82 1
6 84 1
6 85 1
6 86 1
6 88 1
6 96 1
6 97 1
6 98 1
6 101 1
6 104 1
6 107 1
6 108 1
6 109 1
6 110 1
6 112 1
6 116 1
6 118 1
6 119 1
6 120 1
6 122 1
6 123 1
6 124 1
6 125 1
6 126 1
6 127 1
6 128 1
6 129 1
7 11 1
7 113 1
7 123 1
8 82 1
8 101 1
8 105 1
8 129 1
9 17 1
9 20 1
9 25 1
9 28 1
9 38 1
9 48 1
9 50 1
9 52 1
9 61 1
9 64 1
9 65 1
9 76 1
9 81 1
9 82 1
9 88 1
9 96 1
9 97 1
9 104 1
9 108 1
9 111 1
9 112 1
9 116 1
9 128 1
10 127 1
11 16 1
11 18 1
11 25 1
11 38 1
11 48 1
11 52 1
11 54 1
11 57 1
11 61 1
11 64 1
11 65 1
11 75 1
11 76 1
11 80 1
11 82 1
11 85 1
11 88 1
11 90 1
11 101 1
11 104 1
11 116 1
11 121 1
11 123 1
11 129 1
12 89 1
12 112 1
13 57 1
13 58 1
13 63 1
13 119 1
13 127 1
14 109 1
16 65 1
16 76 1
17 76 1
18 52 1
18 65 1
18 82 1
18 84 1
18 88 1
18 104 1
18 112 1
18 116 1
18 129 1
19 11 1
19 24 1
19 25 1
19 31 1
19 65 1
19 85 1
19 105 1
19 111 1
19 113 1
19 118 1
19 119 1
19 121 1
19 126 1
20 110 1
21 11 1
21 12 1
21 14 1
21 20 1
21 23 1
21 32 1
21 38 1
21 49 1
21 54 1
21 55 1
21 63 1
21 64 1
21 65 1
21 75 1
21 76 1
21 80 1
21 82 1
21 84 1
21 85 1
21 88 1
21 89 1
21 93 1
21 96 1
21 97 1
21 98 1
21 103 1
21 104 1
21 109 1
21 111 1
21 119 1
21 121 1
21 122 1
21 129 1
22 8 1
22 55 1
22 57 1
22 64 1
22 65 1
22 75 1
22 85 1
22 89 1
22 93 1
22 101 1
22 107 1
22 110 1
22 112 1
22 122 1
22 124 1
22 127 1
22 128 1
22 129 1
23 11 1
23 18 1
23 38 1
23 49 1
23 50 1
23 54 1
23 57 1
23 61 1
23 64 1
23 65 1
23 73 1
23 75 1
23 76 1
23 79 1
23 80 1
23 82 1
23 84 1
23 85 1
23 87 1
23 88 1
23 93 1
23 95 1
23 98 1
23 103 1
23 108 1
23 109 1
23 110 1
23 116 1
23 118 1
23 120 1
23 122 1
23 124 1
23 126 1
23 128 1
23 129 1
25 65 1
26 22 1
26 61 1
26 112 1
26 119 1
26 122 1
27 44 1
28 111 1
29 123 1
30 65 1
30 104 1
30 112 1
31 36 1
31 76 1
31 97 1
31 129 1
32 11 1
32 24 1
32 38 1
32 43 1
32 63 1
32 82 1
32 84 1
32 85 1
32 87 1
32 88 1
32 101 1
32 104 1
32 111 1
32 112 1
32 120 1
32 128 1
33 88 1
34 127 1
35 12 1
35 18 1
35 20 1
35 21 1
35 52 1
35 56 1
35 61 1
35 64 1
35 65 1
35 73 1
35 75 1
35 82 1
35 84 1
35 85 1
35 88 1
35 93 1
35 96 1
35 108 1
35 109 1
35 111 1
35 112 1
35 116 1
35 122 1
35 126 1
35 128 1
35 129 1
41 52 1
41 57 1
41 95 1
41 98 1
41 109 1
41 112 1
42 124 1
42 127 1
43 24 1
43 50 1
43 90 1
44 50 1
44 52 1
44 97 1
45 82 1
45 112 1
45 116 1
45 121 1
46 16 1
46 30 1
46 61 1
46 65 1
46 81 1
46 84 1
47 20 1
47 84 1
47 129 1
48 43 1
48 49 1
48 82 1
48 84 1
48 88 1
48 93 1
48 98 1
48 107 1
48 122 1
48 129 1
49 20 1
49 30 1
49 32 1
49 64 1
49 86 1
49 98 1
49 111 1
49 118 1
49 128 1
49 129 1
50 55 1
50 64 1
50 122 1
50 129 1
52 54 1
52 64 1
52 65 1
52 82 1
52 84 1
52 85 1
52 88 1
52 96 1
52 97 1
52 101 1
52 120 1
52 123 1
52 126 1
52 129 1
54 61 1
54 64 1
54 129 1
55 32 1
55 38 1
55 65 1
55 101 1
55 104 1
55 129 1
56 27 1
56 93 1
56 110 1
56 129 1
57 88 1
57 112 1
58 53 1
58 98 1
58 126 1
59 116 1
60 84 1
61 75 1
61 116 1
62 76 1
62 79 1
63 57 1
64 85 1
64 87 1
64 129 1
65 38 1
65 54 1
65 64 1
65 111 1
67 109 1
67 124 1
69 49 1
69 93 1
69 128 1
70 65 1
70 111 1
71 121 1
72 61 1
72 85 1
72 98 1
73 101 1
74 38 1
74 111 1
74 112 1
75 50 1
75 80 1
75 95 1
77 54 1
77 80 1
77 90 1
79 55 1
81 53 1
81 76 1
81 104 1
81 109 1
81 126 1
81 129 1
82 54 1
82 65 1
82 74 1
82 75 1
82 76 1
82 88 1
82 89 1
82 111 1
82 112 1
82 128 1
82 129 1
83 64 1
84 88 1
84 112 1
84 116 1
84 122 1
84 129 1
85 76 1
85 84 1
85 109 1
85 119 1
85 129 1
86 14 1
86 35 1
86 61 1
86 80 1
86 109 1
86 126 1
86 129 1
87 102 1
87 112 1
87 116 1
87 120 1
88 38 1
88 64 1
88 65 1
88 75 1
88 96 1
88 104 1
88 112 1
88 129 1
90 97 1
92 24 1
92 48 1
92 64 1
92 122 1
93 14 1
93 87 1
93 109 1
93 129 1
95 122 1
96 61 1
96 126 1
97 75 1
97 129 1
98 73 1
99 80 1
99 97 1
100 38 1
101 48 1
101 82 1
102 55 1
102 65 1
102 76 1
102 88 1
102 119 1
102 128 1
103 53 1
104 90 1
104 128 1
105 61 1
106 58 1
107 65 1
107 76 1
107 80 1
107 116 1
107 127 1
108 16 1
108 38 1
108 49 1
108 88 1
108 98 1
108 112 1
109 38 1
111 84 1
112 61 1
114 22 1
114 104 1
117 76 1
118 52 1
119 109 1
120 128 1
120 129 1
123 57 1
123 79 1
124 86 1
124 97 1
125 107 1
125 118 1
127 54 1
128 112 1
