1 6 1
1 11 1
1 20 1
1 21 1
1 22 1
1 23 1
1 32 1
1 38 1
1 43 1
1 52 1
1 55 1
1 57 1
1 61 1
1 65 1
1 75 1
1 76 1
1 80 1
1 82 1
1 85 1
1 86 1
1 89 1
1 90 1
1 93 1
1 97 1
1 109 1
1 111 1
1 112 1
1 118 1
1 120 1
1 127 1
1 128 1
1 129 1
2 53 1
2 98 1
2 121 1
3 54 1
3 109 1
4 11 1
4 12 1
4 14 1
4 19 1
4 21 1
4 22 1
4 23 1
4 30 1
4 32 1
4 35 1
4 38 1
4 48 1
4 49 1
4 50 1
4 52 1
4 54 1
4 57 1
4 61 1
4 64 1
4 65 1
4 75 1
4 76 1
4 79 1
4 81 1
4 82 1
4 84 1
4 85 1
4 87 1
4 88 1
4 90 1
4 93 1
4 95 1
4 96 1
4 97 1
4 98 1
4 101 1
4 104 1
4 107 1
4 109 1
4 111 1
4 112 1
4 116 1
4 120 1
4 122 1
4 123 1
4 126 1
4 127 1
4 128 1
4 129 1
5 32 1
6 5 1
6 11 1
6 12 1
6 16 1
6 18 1
6 19 1
6 20 1
6 22 1
6 23 1
6 25 1
6 27 1
6 30 1
6 32 1
6 38 1
6 41 1
6 43 1
6 48 1
6 49 1
6 50 1
6 52 1
6 54 1
6 55 1
6 56 1
6 57 1
6 61 1
6 63 1
6 64 1
6 65 1
6 73 1
6 75 1
6 76 1
6 77 1
6 79 1
6 80 1
6 82 1
6 84 1
6 85 1
6 86 1
6 87 1
6 88 1
6 89 1
6 93 1
6 97 1
6 98 1
6 101 1
6 103 1
6 104 1
6 105 1
6 107 1
6 108 1
6 109 1
6 111 1
6 112 1
6 116 1
6 118 1
6 119 1
6 120 1
6 122 1
6 123 1
6 124 1
6 125 1
6 126 1
6 127 1
6 128 1
6 129 1
7 44 1
7 55 1
7 119 1
8 25 1
8 38 1
8 88 1
8 119 1
9 24 1
9 28 1
9 38 1
9 52 1
9 54 1
9 61 1
9 64 1
9 65 1
9 73 1
9 75 1
9 76 1
9 82 1
9 85 1
9 93 1
9 101 1
9 104 1
9 109 1
9 112 1
9 119 1
9 122 1
9 126 1
9 127 1
9 129 1
10 65 1
11 25 1
11 31 1
11 32 1
11 38 1
11 55 1
11 57 1
11 61 1
11 64 1
11 65 1
11 81 1
11 85 1
11 88 1
11 97 1
11 101 1
11 109 1
11 110 1
11 111 1
11 112 1
11 116 1
11 121 1
11 124 1
11 126 1
11 127 1
11 129 1
12 16 1
12 80 1
13 14 1
13 61 1
13 84 1
13 86 1
13 89 1
14 50 1
16 20 1
16 80 1
17 20 1
18 38 1
18 84 1
18 85 1
18 88 1
18 101 1
18 103 1
18 108 1
18 112 1
18 119 1
19 18 1
19 48 1
19 53 1
19 65 1
19 75 1
19 76 1
19 84 1
19 88 1
19 98 1
19 109 1
19 111 1
19 112 1
19 127 1
20 63 1
21 3 1
21 35 1
21 36 1
21 38 1
21 48 1
21 49 1
21 52 1
21 54 1
21 57 1
21 61 1
21 64 1
21 65 1
21 75 1
21 76 1
21 79 1
21 82 1
21 84 1
21 85 1
21 88 1
21 96 1
21 104 1
21 108 1
21 109 1
21 111 1
21 112 1
21 116 1
21 118 1
21 120 1
21 121 1
21 122 1
21 123 1
21 128 1
21 129 1
22 11 1
22 20 1
22 52 1
22 58 1
22 61 1
22 64 1
22 76 1
22 77 1
22 82 1
22 88 1
22 89 1
22 97 1
22 98 1
22 110 1
22 111 1
22 113 1
22 126 1
22 129 1
23 2 1
23 9 1
23 11 1
23 16 1
23 18 1
23 38 1
23 48 1
23 49 1
23 52 1
23 54 1
23 55 1
23 57 1
23 58 1
23 64 1
23 65 1
23 76 1
23 80 1
23 82 1
23 84 1
23 88 1
23 93 1
23 97 1
23 101 1
23 104 1
23 107 1
23 108 1
23 109 1
23 112 1
23 118 1
23 119 1
23 121 1
23 123 1
23 127 1
23 128 1
23 129 1
25 129 1
26 23 1
26 54 1
26 64 1
26 81 1
26 97 1
27 113 1
28 128 1
29 85 1
30 58 1
30 84 1
30 116 1
31 25 1
31 98 1
31 124 1
31 129 1
32 21 1
32 49 1
32 52 1
32 57 1
32 65 1
32 73 1
32 97 1
32 103 1
32 104 1
32 107 1
32 111 1
32 116 1
32 121 1
32 122 1
32 124 1
32 129 1
33 24 1
34 16 1
35 11 1
35 18 1
35 38 1
35 43 1
35 48 1
35 49 1
35 50 1
35 52 1
35 54 1
35 61 1
35 65 1
35 75 1
35 76 1
35 84 1
35 85 1
35 88 1
35 90 1
35 101 1
35 102 1
35 109 1
35 112 1
35 116 1
35 122 1
35 124 1
35 127 1
35 129 1
41 17 1
41 30 1
41 82 1
41 96 1
41 110 1
41 128 1
42 111 1
42 129 1
43 24 1
43 98 1
43 122 1
44 65 1
44 112 1
44 119 1
45 50 1
45 86 1
45 89 1
45 129 1
46 65 1
46 84 1
46 93 1
46 122 1
46 124 1
46 129 1
47 88 1
47 103 1
47 128 1
48 16 1
48 18 1
48 38 1
48 65 1
48 82 1
48 84 1
48 85 1
48 87 1
48 112 1
48 120 1
49 38 1
49 55 1
49 57 1
49 58 1
49 74 1
49 75 1
49 88 1
49 104 1
49 110 1
49 128 1
50 76 1
50 93 1
50 104 1
50 105 1
52 48 1
52 49 1
52 61 1
52 64 1
52 75 1
52 76 1
52 79 1
52 82 1
52 85 1
52 87 1
52 101 1
52 112 1
52 128 1
52 129 1
54 102 1
54 111 1
54 129 1
55 17 1
55 65 1
55 75 1
55 85 1
55 88 1
55 121 1
56 31 1
56 116 1
56 128 1
56 129 1
57 86 1
57 112 1
58 76 1
58 112 1
58 129 1
59 54 1
60 49 1
61 64 1
61 126 1
62 24 1
62 97 1
63 80 1
64 76 1
64 116 1
64 122 1
65 64 1
65 75 1
65 93 1
65 97 1
67 41 1
67 109 1
69 30 1
69 118 1
69 126 1
70 57 1
70 80 1
71 96 1
72 35 1
72 53 1
72 116 1
73 65 1
74 88 1
74 98 1
74 107 1
75 24 1
75 84 1
75 98 1
77 80 1
77 82 1
77 101 1
79 122 1
81 12 1
81 44 1
81 85 1
81 87 1
81 104 1
81 126 1
82 54 1
82 61 1
82 64 1
82 65 1
82 75 1
82 76 1
82 80 1
82 84 1
82 88 1
82 118 1
82 129 1
83 63 1
84 11 1
84 64 1
84 88 1
84 112 1
84 129 1
85 38 1
85 65 1
85 73 1
85 95 1
85 116 1
86 20 1
86 63 1
86 95 1
86 112 1
86 119 1
86 123 1
86 129 1
87 24 1
87 98 1
87 128 1
87 129 1
88 61 1
88 64 1
88 76 1
88 109 1
88 110 1
88 112 1
88 116 1
88 129 1
90 122 1
92 84 1
92 96 1
92 126 1
92 129 1
93 53 1
93 61 1
93 96 1
93 129 1
95 88 1
96 64 1
96 129 1
97 61 1
97 80 1
98 84 1
99 48 1
99 82 1
100 38 1
101 112 1
101 116 1
102 12 1
102 52 1
102 89 1
102 109 1
102 122 1
102 129 1
103 64 1
104 65 1
104 116 1
105 63 1
106 96 1
107 20 1
107 38 1
107 76 1
107 82 1
107 119 1
108 14 1
108 65 1
108 90 1
108 95 1
108 104 1
108 112 1
109 65 1
111 129 1
112 93 1
114 81 1
114 128 1
117 104 1
118 88 1
119 64 1
120 20 1
120 111 1
123 8 1
123 55 1
124 82 1
124 101 1
125 65 1
125 97 1
127 76 1
128 54 1
