1 11 1
1 18 1
1 21 1
1 23 1
1 32 1
1 48 1
1 49 1
1 57 1
1 61 1
1 65 1
1 73 1
1 75 1
1 76 1
1 77 1
1 80 1
1 82 1
1 84 1
1 85 1
1 88 1
1 89 1
1 96 1
1 97 1
1 98 1
1 111 1
1 112 1
1 116 1
1 118 1
1 122 1
1 124 1
1 127 1
1 128 1
1 129 1
2 38 1
2 87 1
2 108 1
3 116 1
3 123 1
4 2 1
4 3 1
4 11 1
4 17 1
4 18 1
4 21 1
4 23 1
4 30 1
4 32 1
4 35 1
4 38 1
4 48 1
4 49 1
4 52 1
4 54 1
4 57 1
4 61 1
4 64 1
4 65 1
4 75 1
4 76 1
4 80 1
4 82 1
4 84 1
4 85 1
4 86 1
4 88 1
4 89 1
4 90 1
4 93 1
4 98 1
4 101 1
4 104 1
4 107 1
4 108 1
4 109 1
4 110 1
4 111 1
4 116 1
4 118 1
4 119 1
4 120 1
4 121 1
4 122 1
4 124 1
4 126 1
4 127 1
4 128 1
4 129 1
5 38 1
6 9 1
6 11 1
6 12 1
6 16 1
6 18 1
6 20 1
6 23 1
6 25 1
6 28 1
6 31 1
6 32 1
6 35 1
6 38 1
6 41 1
6 43 1
6 48 1
6 49 1
6 50 1
6 52 1
6 53 1
6 54 1
6 55 1
6 56 1
6 57 1
6 61 1
6 63 1
6 64 1
6 65 1
6 75 1
6 76 1
6 77 1
6 79 1
6 80 1
6 81 1
6 82 1
6 84 1
6 85 1
6 86 1
6 87 1
6 88 1
6 93 1
6 96 1
6 97 1
6 98 1
6 101 1
6 103 1
6 104 1
6 107 1
6 109 1
6 110 1
6 111 1
6 112 1
6 113 1
6 116 1
6 119 1
6 120 1
6 121 1
6 122 1
6 123 1
6 124 1
6 125 1
6 126 1
6 127 1
6 128 1
6 129 1
7 88 1
7 104 1
7 129 1
8 48 1
8 64 1
8 97 1
8 111 1
9 16 1
9 21 1
9 23 1
9 35 1
9 44 1
9 49 1
9 61 1
9 65 1
9 73 1
9 75 1
9 76 1
9 80 1
9 82 1
9 84 1
9 87 1
9 88 1
9 89 1
9 104 1
9 116 1
9 119 1
9 124 1
9 128 1
9 129 1
10 54 1
11 38 1
11 52 1
11 55 1
11 57 1
11 61 1
11 64 1
11 65 1
11 75 1
11 76 1
11 82 1
11 84 1
11 88 1
11 89 1
11 90 1
11 93 1
11 95 1
11 97 1
11 104 1
11 109 1
11 112 1
11 122 1
11 126 1
11 127 1
11 129 1
12 110 1
12 129 1
13 61 1
13 64 1
13 79 1
13 88 1
13 109 1
14 104 1
16 20 1
16 73 1
17 6 1
18 61 1
18 63 1
18 65 1
18 75 1
18 79 1
18 82 1
18 88 1
18 111 1
18 129 1
19 8 1
19 24 1
19 31 1
19 54 1
19 57 1
19 58 1
19 65 1
19 85 1
19 104 1
19 108 1
19 112 1
19 122 1
19 129 1
20 25 1
21 11 1
21 12 1
21 24 1
21 25 1
21 30 1
21 32 1
21 38 1
21 44 1
21 48 1
21 49 1
21 52 1
21 54 1
21 63 1
21 74 1
21 75 1
21 76 1
21 81 1
21 82 1
21 84 1
21 85 1
21 88 1
21 93 1
21 97 1
21 101 1
21 102 1
21 105 1
21 112 1
21 116 1
21 119 1
21 120 1
21 127 1
21 128 1
21 129 1
22 5 1
22 20 1
22 38 1
22 52 1
22 55 1
22 64 1
22 65 1
22 75 1
22 82 1
22 85 1
22 86 1
22 96 1
22 103 1
22 104 1
22 111 1
22 122 1
22 127 1
22 129 1
23 11 1
23 14 1
23 18 1
23 20 1
23 22 1
23 24 1
23 43 1
23 48 1
23 50 1
23 52 1
23 53 1
23 55 1
23 58 1
23 61 1
23 64 1
23 65 1
23 76 1
23 80 1
23 81 1
23 86 1
23 88 1
23 93 1
23 96 1
23 97 1
23 98 1
23 101 1
23 102 1
23 107 1
23 109 1
23 112 1
23 116 1
23 122 1
23 127 1
23 128 1
23 129 1
25 109 1
26 17 1
26 58 1
26 75 1
26 89 1
26 107 1
27 113 1
28 84 1
29 12 1
30 58 1
30 98 1
30 111 1
31 64 1
31 89 1
31 98 1
31 129 1
32 11 1
32 16 1
32 52 1
32 55 1
32 61 1
32 64 1
32 82 1
32 84 1
32 85 1
32 88 1
32 93 1
32 95 1
32 97 1
32 111 1
32 112 1
32 116 1
33 97 1
34 119 1
35 11 1
35 16 1
35 20 1
35 22 1
35 38 1
35 43 1
35 49 1
35 57 1
35 61 1
35 64 1
35 65 1
35 73 1
35 76 1
35 84 1
35 85 1
35 87 1
35 98 1
35 101 1
35 104 1
35 111 1
35 112 1
35 119 1
35 121 1
35 122 1
35 128 1
35 129 1
41 54 1
41 64 1
41 87 1
41 96 1
41 97 1
41 126 1
42 101 1
42 129 1
43 54 1
43 57 1
43 126 1
44 19 1
44 128 1
44 129 1
45 54 1
45 76 1
45 82 1
45 118 1
46 20 1
46 38 1
46 76 1
46 93 1
46 109 1
46 116 1
47 49 1
47 88 1
47 116 1
48 50 1
48 52 1
48 82 1
48 88 1
48 95 1
48 96 1
48 98 1
48 104 1
48 118 1
48 120 1
49 25 1
49 54 1
49 61 1
49 84 1
49 88 1
49 98 1
49 109 1
49 112 1
49 116 1
49 129 1
50 90 1
50 109 1
50 112 1
50 119 1
52 55 1
52 61 1
52 64 1
52 65 1
52 76 1
52 80 1
52 82 1
52 88 1
52 97 1
52 107 1
52 118 1
52 122 1
52 128 1
52 129 1
54 75 1
54 112 1
54 116 1
55 64 1
55 65 1
55 80 1
55 82 1
55 128 1
55 129 1
56 52 1
56 53 1
56 95 1
56 116 1
57 65 1
57 129 1
58 24 1
58 76 1
58 128 1
59 30 1
60 48 1
61 65 1
61 88 1
62 57 1
62 118 1
63 119 1
64 65 1
64 109 1
64 112 1
65 38 1
65 122 1
65 126 1
65 129 1
67 75 1
67 123 1
69 19 1
69 41 1
69 112 1
70 80 1
70 84 1
71 54 1
72 76 1
72 105 1
72 129 1
73 110 1
74 14 1
74 22 1
74 38 1
75 82 1
75 93 1
75 128 1
77 27 1
77 112 1
77 126 1
79 98 1
81 85 1
81 93 1
81 96 1
81 109 1
81 112 1
81 129 1
82 49 1
82 61 1
82 64 1
82 65 1
82 76 1
82 80 1
82 84 1
82 85 1
82 88 1
82 104 1
82 126 1
83 76 1
84 61 1
84 63 1
84 112 1
84 116 1
84 129 1
85 38 1
85 54 1
85 76 1
85 101 1
85 111 1
86 18 1
86 20 1
86 65 1
86 85 1
86 126 1
86 127 1
86 129 1
87 24 1
87 65 1
87 101 1
87 103 1
88 38 1
88 57 1
88 64 1
88 76 1
88 81 1
88 90 1
88 111 1
88 129 1
90 36 1
92 12 1
92 52 1
92 63 1
92 108 1
93 55 1
93 120 1
93 122 1
93 129 1
95 123 1
96 32 1
96 85 1
97 53 1
97 88 1
98 65 1
99 110 1
99 124 1
100 50 1
101 109 1
101 123 1
102 14 1
102 30 1
102 50 1
102 84 1
102 119 1
102 128 1
103 97 1
104 84 1
104 122 1
105 24 1
106 16 1
107 75 1
107 84 1
107 85 1
107 86 1
107 121 1
108 20 1
108 65 1
108 80 1
108 109 1
108 121 1
108 129 1
109 112 1
111 38 1
112 129 1
114 79 1
114 103 1
117 101 1
118 64 1
119 101 1
120 65 1
120 112 1
123 112 1
123 124 1
124 48 1
124 65 1
125 64 1
125 121 1
127 38 1
128 112 1
