1 11 1
1 14 1
1 18 1
1 19 1
1 31 1
1 32 1
1 44 1
1 50 1
1 52 1
1 53 1
1 61 1
1 64 1
1 65 1
1 73 1
1 76 1
1 80 1
1 85 1
1 86 1
1 87 1
1 88 1
1 89 1
1 90 1
1 96 1
1 97 1
1 98 1
1 101 1
1 107 1
1 111 1
1 116 1
1 120 1
1 123 1
1 129 1
2 20 1
2 111 1
2 112 1
3 32 1
3 65 1
4 6 1
4 17 1
4 18 1
4 20 1
4 21 1
4 22 1
4 23 1
4 24 1
4 30 1
4 32 1
4 35 1
4 38 1
4 41 1
4 48 1
4 49 1
4 54 1
4 55 1
4 57 1
4 58 1
4 61 1
4 63 1
4 64 1
4 65 1
4 73 1
4 76 1
4 80 1
4 82 1
4 84 1
4 85 1
4 86 1
4 89 1
4 90 1
4 96 1
4 97 1
4 101 1
4 103 1
4 104 1
4 105 1
4 108 1
4 109 1
4 111 1
4 112 1
4 118 1
4 119 1
4 122 1
4 124 1
4 126 1
4 127 1
4 129 1
5 97 1
6 8 1
6 11 1
6 12 1
6 16 1
6 17 1
6 18 1
6 20 1
6 21 1
6 22 1
6 23 1
6 24 1
6 25 1
6 30 1
6 32 1
6 35 1
6 36 1
6 38 1
6 41 1
6 48 1
6 49 1
6 50 1
6 52 1
6 54 1
6 55 1
6 57 1
6 61 1
6 63 1
6 64 1
6 65 1
6 73 1
6 75 1
6 76 1
6 77 1
6 79 1
6 80 1
6 81 1
6 82 1
6 84 1
6 85 1
6 86 1
6 87 1
6 88 1
6 89 1
6 93 1
6 95 1
6 97 1
6 98 1
6 101 1
6 102 1
6 103 1
6 104 1
6 105 1
6 107 1
6 108 1
6 109 1
6 111 1
6 112 1
6 116 1
6 118 1
6 119 1
6 120 1
6 121 1
6 126 1
6 128 1
6 129 1
7 88 1
7 98 1
7 111 1
8 14 1
8 30 1
8 112 1
8 129 1
9 16 1
9 20 1
9 38 1
9 49 1
9 54 1
9 61 1
9 65 1
9 75 1
9 81 1
9 82 1
9 84 1
9 87 1
9 93 1
9 98 1
9 104 1
9 107 1
9 109 1
9 110 1
9 119 1
9 123 1
9 124 1
9 127 1
9 129 1
10 38 1
11 20 1
11 52 1
11 53 1
11 57 1
11 64 1
11 65 1
11 76 1
11 80 1
11 82 1
11 84 1
11 85 1
11 86 1
11 87 1
11 93 1
11 109 1
11 110 1
11 113 1
11 116 1
11 118 1
11 121 1
11 123 1
11 126 1
11 127 1
11 129 1
12 65 1
12 76 1
13 18 1
13 24 1
13 84 1
13 88 1
13 112 1
14 128 1
16 58 1
16 98 1
17 122 1
18 2 1
18 38 1
18 50 1
18 55 1
18 64 1
18 65 1
18 96 1
18 97 1
18 112 1
19 16 1
19 54 1
19 55 1
19 76 1
19 77 1
19 84 1
19 97 1
19 112 1
19 116 1
19 120 1
19 126 1
19 127 1
19 129 1
20 128 1
21 11 1
21 23 1
21 35 1
21 43 1
21 52 1
21 54 1
21 58 1
21 61 1
21 64 1
21 65 1
21 76 1
21 80 1
21 82 1
21 84 1
21 85 1
21 86 1
21 88 1
21 89 1
21 93 1
21 95 1
21 97 1
21 101 1
21 104 1
21 108 1
21 109 1
21 110 1
21 111 1
21 112 1
21 122 1
21 123 1
21 127 1
21 128 1
21 129 1
22 11 1
22 20 1
22 21 1
22 38 1
22 52 1
22 64 1
22 65 1
22 74 1
22 76 1
22 82 1
22 85 1
22 88 1
22 96 1
22 97 1
22 98 1
22 112 1
22 122 1
22 129 1
23 9 1
23 11 1
23 16 1
23 18 1
23 28 1
23 38 1
23 48 1
23 49 1
23 52 1
23 54 1
23 56 1
23 57 1
23 58 1
23 64 1
23 65 1
23 75 1
23 80 1
23 82 1
23 84 1
23 85 1
23 88 1
23 89 1
23 93 1
23 97 1
23 98 1
23 101 1
23 104 1
23 107 1
23 111 1
23 112 1
23 116 1
23 119 1
23 121 1
23 126 1
23 129 1
25 116 1
26 65 1
26 96 1
26 104 1
26 109 1
26 122 1
27 112 1
28 24 1
29 125 1
30 25 1
30 101 1
30 104 1
31 20 1
31 48 1
31 50 1
31 76 1
32 22 1
32 24 1
32 54 1
32 61 1
32 64 1
32 65 1
32 73 1
32 84 1
32 97 1
32 103 1
32 111 1
32 112 1
32 122 1
32 124 1
32 126 1
32 129 1
33 84 1
34 54 1
35 14 1
35 23 1
35 25 1
35 48 1
35 49 1
35 52 1
35 54 1
35 61 1
35 63 1
35 64 1
35 65 1
35 75 1
35 76 1
35 79 1
35 82 1
35 84 1
35 85 1
35 88 1
35 93 1
35 104 1
35 116 1
35 118 1
35 119 1
35 122 1
35 128 1
35 129 1
41 55 1
41 61 1
41 64 1
41 79 1
41 112 1
41 126 1
42 24 1
42 124 1
43 38 1
43 98 1
43 121 1
44 12 1
44 32 1
44 121 1
45 16 1
45 110 1
45 112 1
45 128 1
46 19 1
46 53 1
46 57 1
46 65 1
46 98 1
46 122 1
47 25 1
47 96 1
47 124 1
48 5 1
48 38 1
48 52 1
48 57 1
48 63 1
48 82 1
48 88 1
48 109 1
48 128 1
48 129 1
49 61 1
49 65 1
49 76 1
49 80 1
49 96 1
49 101 1
49 104 1
49 107 1
49 112 1
49 118 1
50 55 1
50 64 1
50 126 1
50 128 1
52 55 1
52 61 1
52 63 1
52 64 1
52 65 1
52 75 1
52 85 1
52 87 1
52 88 1
52 95 1
52 111 1
52 127 1
52 128 1
52 129 1
54 12 1
54 122 1
54 129 1
55 49 1
55 64 1
55 75 1
55 82 1
55 109 1
55 128 1
56 38 1
56 65 1
56 75 1
56 129 1
57 30 1
57 116 1
58 76 1
58 84 1
58 129 1
59 116 1
60 119 1
61 75 1
61 127 1
62 53 1
62 127 1
63 103 1
64 38 1
64 61 1
64 128 1
65 64 1
65 76 1
65 122 1
65 129 1
67 48 1
67 88 1
69 81 1
69 112 1
69 129 1
70 104 1
70 119 1
71 75 1
72 79 1
72 81 1
72 112 1
73 128 1
74 89 1
74 126 1
74 128 1
75 80 1
75 109 1
75 129 1
77 48 1
77 54 1
77 116 1
79 93 1
81 76 1
81 93 1
81 108 1
81 109 1
81 120 1
81 129 1
82 27 1
82 49 1
82 80 1
82 84 1
82 85 1
82 88 1
82 90 1
82 109 1
82 116 1
82 120 1
82 129 1
83 52 1
84 61 1
84 65 1
84 88 1
84 116 1
84 129 1
85 64 1
85 65 1
85 116 1
85 122 1
85 129 1
86 64 1
86 93 1
86 102 1
86 109 1
86 111 1
86 119 1
86 121 1
87 65 1
87 75 1
87 118 1
87 129 1
88 57 1
88 61 1
88 75 1
88 76 1
88 85 1
88 101 1
88 124 1
88 129 1
90 111 1
92 82 1
92 88 1
92 98 1
92 122 1
93 75 1
93 85 1
93 88 1
93 119 1
95 38 1
96 84 1
96 101 1
97 11 1
97 49 1
98 38 1
99 11 1
99 110 1
100 12 1
101 44 1
101 61 1
102 38 1
102 43 1
102 48 1
102 84 1
102 88 1
102 123 1
103 38 1
104 20 1
104 129 1
105 112 1
106 112 1
107 3 1
107 43 1
107 57 1
107 85 1
107 116 1
108 76 1
108 88 1
108 95 1
108 97 1
108 109 1
108 129 1
109 90 1
111 88 1
112 129 1
114 54 1
114 113 1
117 101 1
118 65 1
119 82 1
120 31 1
120 52 1
123 80 1
123 104 1
124 50 1
124 57 1
125 82 1
125 112 1
127 76 1
128 82 1
