1 9 1
1 11 1
1 12 1
1 16 1
1 19 1
1 20 1
1 23 1
1 24 1
1 48 1
1 49 1
1 52 1
1 61 1
1 64 1
1 65 1
1 75 1
1 76 1
1 82 1
1 84 1
1 88 1
1 93 1
1 97 1
1 101 1
1 104 1
1 109 1
1 112 1
1 116 1
1 120 1
1 122 1
1 124 1
1 126 1
1 127 1
1 129 1
2 8 1
2 64 1
2 82 1
3 85 1
3 98 1
4 11 1
4 14 1
4 16 1
4 19 1
4 20 1
4 21 1
4 22 1
4 23 1
4 25 1
4 31 1
4 32 1
4 35 1
4 48 1
4 49 1
4 50 1
4 52 1
4 53 1
4 54 1
4 55 1
4 57 1
4 58 1
4 61 1
4 64 1
4 65 1
4 75 1
4 76 1
4 77 1
4 81 1
4 82 1
4 84 1
4 85 1
4 86 1
4 88 1
4 93 1
4 97 1
4 98 1
4 102 1
4 103 1
4 104 1
4 108 1
4 109 1
4 112 1
4 116 1
4 118 1
4 119 1
4 124 1
4 126 1
4 128 1
4 129 1
5 111 1
6 5 1
6 11 1
6 12 1
6 18 1
6 22 1
6 23 1
6 25 1
6 27 1
6 32 1
6 35 1
6 38 1
6 41 1
6 43 1
6 48 1
6 49 1
6 50 1
6 52 1
6 54 1
6 55 1
6 57 1
6 58 1
6 61 1
6 63 1
6 64 1
6 65 1
6 74 1
6 75 1
6 76 1
6 79 1
6 80 1
6 81 1
6 82 1
6 84 1
6 85 1
6 86 1
6 87 1
6 88 1
6 89 1
6 93 1
6 95 1
6 96 1
6 97 1
6 98 1
6 101 1
6 103 1
6 104 1
6 105 1
6 107 1
6 108 1
6 109 1
6 110 1
6 111 1
6 112 1
6 116 1
6 118 1
6 119 1
6 120 1
6 121 1
6 122 1
6 123 1
6 124 1
6 126 1
6 127 1
6 128 1
6 129 1
7 96 1
7 119 1
7 129 1
8 11 1
8 22 1
8 81 1
8 109 1
9 17 1
9 18 1
9 24 1
9 31 1
9 38 1
9 65 1
9 76 1
9 82 1
9 85 1
9 89 1
9 90 1
9 96 1
9 107 1
9 109 1
9 110 1
9 111 1
9 112 1
9 116 1
9 120 1
9 122 1
9 123 1
9 128 1
9 129 1
10 38 1
11 32 1
11 38 1
11 43 1
11 44 1
11 52 1
11 55 1
11 61 1
11 65 1
11 75 1
11 76 1
11 82 1
11 84 1
11 85 1
11 88 1
11 96 1
11 111 1
11 112 1
11 118 1
11 120 1
11 122 1
11 123 1
11 126 1
11 127 1
11 129 1
12 88 1
12 104 1
13 14 1
13 16 1
13 21 1
13 79 1
13 101 1
14 129 1
16 98 1
16 113 1
17 38 1
18 38 1
18 49 1
18 64 1
18 82 1
18 84 1
18 96 1
18 97 1
18 112 1
18 122 1
19 11 1
19 48 1
19 49 1
19 52 1
19 57 1
19 64 1
19 73 1
19 84 1
19 104 1
19 109 1
19 111 1
19 125 1
19 129 1
20 104 1
21 3 1
21 16 1
21 20 1
21 23 1
21 30 1
21 35 1
21 49 1
21 52 1
21 54 1
21 57 1
21 64 1
21 65 1
21 73 1
21 75 1
21 82 1
21 84 1
21 85 1
21 86 1
21 87 1
21 88 1
21 89 1
21 96 1
21 97 1
21 104 1
21 110 1
21 112 1
21 116 1
21 119 1
21 121 1
21 124 1
21 126 1
21 128 1
21 129 1
22 20 1
22 21 1
22 50 1
22 52 1
22 55 1
22 64 1
22 65 1
22 75 1
22 76 1
22 84 1
22 87 1
22 88 1
22 89 1
22 93 1
22 98 1
22 112 1
22 118 1
22 129 1
23 2 1
23 11 1
23 18 1
23 30 1
23 32 1
23 38 1
23 43 1
23 48 1
23 49 1
23 52 1
23 55 1
23 57 1
23 61 1
23 64 1
23 65 1
23 76 1
23 82 1
23 84 1
23 88 1
23 93 1
23 95 1
23 97 1
23 98 1
23 105 1
23 109 1
23 110 1
23 111 1
23 112 1
23 116 1
23 118 1
23 123 1
23 124 1
23 127 1
23 128 1
23 129 1
25 41 1
26 24 1
26 53 1
26 61 1
26 90 1
26 129 1
27 89 1
28 128 1
29 55 1
30 82 1
30 85 1
30 109 1
31 86 1
31 90 1
31 98 1
31 107 1
32 20 1
32 54 1
32 55 1
32 61 1
32 64 1
32 76 1
32 84 1
32 85 1
32 88 1
32 93 1
32 97 1
32 112 1
32 119 1
32 127 1
32 128 1
32 129 1
33 65 1
34 95 1
35 17 1
35 18 1
35 30 1
35 38 1
35 49 1
35 54 1
35 61 1
35 63 1
35 64 1
35 65 1
35 75 1
35 76 1
35 80 1
35 82 1
35 84 1
35 85 1
35 87 1
35 88 1
35 101 1
35 108 1
35 109 1
35 112 1
35 122 1
35 124 1
35 128 1
35 129 1
41 54 1
41 73 1
41 81 1
41 85 1
41 101 1
41 111 1
42 76 1
42 101 1
43 61 1
43 76 1
43 111 1
44 18 1
44 36 1
44 129 1
45 54 1
45 84 1
45 107 1
45 121 1
46 20 1
46 48 1
46 54 1
46 97 1
46 104 1
46 116 1
47 48 1
47 63 1
47 75 1
48 32 1
48 50 1
48 61 1
48 65 1
48 80 1
48 88 1
48 89 1
48 104 1
48 107 1
48 129 1
49 50 1
49 53 1
49 54 1
49 65 1
49 80 1
49 88 1
49 104 1
49 112 1
49 116 1
49 129 1
50 61 1
50 63 1
50 80 1
50 109 1
52 16 1
52 28 1
52 57 1
52 65 1
52 76 1
52 84 1
52 86 1
52 88 1
52 93 1
52 112 1
52 116 1
52 118 1
52 128 1
52 129 1
54 65 1
54 82 1
54 87 1
55 54 1
55 77 1
55 88 1
55 98 1
55 103 1
55 123 1
56 65 1
56 76 1
56 110 1
56 111 1
57 75 1
57 93 1
58 64 1
58 76 1
58 116 1
59 58 1
60 65 1
61 109 1
61 129 1
62 73 1
62 111 1
63 108 1
64 57 1
64 127 1
64 129 1
65 61 1
65 64 1
65 126 1
65 129 1
67 97 1
67 102 1
69 82 1
69 84 1
69 111 1
70 52 1
70 75 1
71 101 1
72 6 1
72 24 1
72 80 1
73 20 1
74 24 1
74 25 1
74 97 1
75 85 1
75 112 1
75 116 1
77 76 1
77 98 1
77 119 1
79 58 1
81 38 1
81 64 1
81 88 1
81 90 1
81 127 1
81 129 1
82 52 1
82 76 1
82 80 1
82 84 1
82 93 1
82 97 1
82 109 1
82 116 1
82 122 1
82 127 1
82 129 1
83 80 1
84 65 1
84 112 1
84 122 1
84 126 1
84 129 1
85 98 1
85 103 1
85 119 1
85 121 1
85 129 1
86 38 1
86 57 1
86 65 1
86 76 1
86 88 1
86 96 1
86 116 1
87 30 1
87 61 1
87 65 1
87 121 1
88 54 1
88 61 1
88 64 1
88 65 1
88 80 1
88 126 1
88 128 1
88 129 1
90 11 1
92 48 1
92 82 1
92 119 1
92 128 1
93 38 1
93 79 1
93 80 1
93 129 1
95 113 1
96 38 1
96 122 1
97 57 1
97 85 1
98 101 1
99 85 1
99 109 1
100 44 1
101 64 1
101 112 1
102 14 1
102 24 1
102 38 1
102 53 1
102 64 1
102 101 1
103 63 1
104 75 1
104 112 1
105 101 1
106 129 1
107 20 1
107 38 1
107 75 1
107 116 1
107 128 1
108 12 1
108 56 1
108 79 1
108 112 1
108 121 1
108 122 1
109 120 1
111 126 1
112 38 1
114 12 1
114 129 1
117 112 1
118 119 1
119 88 1
120 25 1
120 95 1
123 88 1
123 104 1
124 65 1
124 128 1
125 65 1
125 122 1
127 122 1
128 112 1
