1 6 1
1 11 1
1 18 1
1 23 1
1 24 1
1 32 1
1 35 1
1 38 1
1 49 1
1 52 1
1 53 1
1 57 1
1 64 1
1 65 1
1 84 1
1 85 1
1 86 1
1 88 1
1 90 1
1 93 1
1 97 1
1 98 1
1 101 1
1 103 1
1 104 1
1 108 1
1 112 1
1 116 1
1 118 1
1 122 1
1 128 1
1 129 1
2 55 1
2 97 1
2 129 1
3 122 1
3 129 1
4 11 1
4 14 1
4 18 1
4 20 1
4 21 1
4 23 1
4 35 1
4 38 1
4 48 1
4 49 1
4 52 1
4 54 1
4 55 1
4 57 1
4 58 1
4 61 1
4 63 1
4 64 1
4 65 1
4 73 1
4 75 1
4 76 1
4 80 1
4 82 1
4 84 1
4 85 1
4 86 1
4 87 1
4 88 1
4 89 1
4 90 1
4 93 1
4 95 1
4 97 1
4 98 1
4 101 1
4 104 1
4 108 1
4 109 1
4 111 1
4 112 1
4 113 1
4 116 1
4 119 1
4 120 1
4 122 1
4 123 1
4 126 1
4 129 1
5 129 1
6 8 1
6 11 1
6 12 1
6 16 1
6 18 1
6 19 1
6 20 1
6 21 1
6 22 1
6 23 1
6 24 1
6 31 1
6 32 1
6 35 1
6 38 1
6 48 1
6 49 1
6 52 1
6 54 1
6 55 1
6 57 1
6 61 1
6 64 1
6 65 1
6 73 1
6 75 1
6 76 1
6 77 1
6 79 1
6 80 1
6 81 1
6 82 1
6 84 1
6 85 1
6 86 1
6 87 1
6 88 1
6 90 1
6 93 1
6 95 1
6 96 1
6 97 1
6 98 1
6 101 1
6 102 1
6 103 1
6 104 1
6 105 1
6 107 1
6 108 1
6 109 1
6 111 1
6 112 1
6 116 1
6 118 1
6 119 1
6 120 1
6 122 1
6 123 1
6 124 1
6 125 1
6 126 1
6 127 1
6 128 1
6 129 1
7 81 1
7 109 1
7 116 1
8 52 1
8 57 1
8 85 1
8 96 1
9 25 1
9 38 1
9 49 1
9 50 1
9 53 1
9 57 1
9 61 1
9 65 1
9 74 1
9 75 1
9 76 1
9 77 1
9 82 1
9 85 1
9 88 1
9 96 1
9 104 1
9 107 1
9 116 1
9 122 1
9 124 1
9 128 1
9 129 1
10 110 1
11 30 1
11 38 1
11 48 1
11 49 1
11 50 1
11 54 1
11 57 1
11 61 1
11 64 1
11 65 1
11 75 1
11 80 1
11 82 1
11 84 1
11 88 1
11 96 1
11 97 1
11 98 1
11 111 1
11 112 1
11 113 1
11 118 1
11 128 1
11 129 1
12 38 1
12 84 1
13 44 1
13 63 1
13 76 1
13 110 1
13 128 1
14 129 1
16 3 1
16 85 1
17 82 1
18 14 1
18 20 1
18 43 1
18 64 1
18 84 1
18 88 1
18 93 1
18 97 1
18 129 1
19 11 1
19 31 1
19 54 1
19 61 1
19 64 1
19 65 1
19 75 1
19 80 1
19 82 1
19 84 1
19 85 1
19 88 1
19 119 1
20 86 1
21 18 1
21 22 1
21 23 1
21 30 1
21 32 1
21 48 1
21 52 1
21 55 1
21 64 1
21 65 1
21 75 1
21 76 1
21 80 1
21 82 1
21 84 1
21 85 1
21 87 1
21 88 1
21 89 1
21 93 1
21 97 1
21 98 1
21 101 1
21 103 1
21 104 1
21 107 1
21 110 1
21 119 1
21 121 1
21 123 1
21 127 1
21 128 1
21 129 1
22 24 1
22 25 1
22 52 1
22 63 1
22 76 1
22 80 1
22 85 1
22 86 1
22 89 1
22 90 1
22 97 1
22 104 1
22 109 1
22 112 1
22 121 1
22 122 1
22 124 1
22 129 1
23 9 1
23 12 1
23 18 1
23 19 1
23 24 1
23 28 1
23 32 1
23 38 1
23 48 1
23 52 1
23 54 1
23 58 1
23 61 1
23 64 1
23 65 1
23 73 1
23 76 1
23 79 1
23 81 1
23 82 1
23 84 1
23 85 1
23 88 1
23 89 1
23 98 1
23 105 1
23 107 1
23 109 1
23 112 1
23 116 1
23 119 1
23 123 1
23 127 1
23 128 1
23 129 1
25 38 1
26 11 1
26 79 1
26 112 1
26 122 1
26 129 1
27 129 1
28 116 1
29 81 1
30 65 1
30 82 1
30 104 1
31 54 1
31 65 1
31 75 1
31 112 1
32 22 1
32 30 1
32 36 1
32 48 1
32 52 1
32 55 1
32 61 1
32 64 1
32 76 1
32 80 1
32 84 1
32 104 1
32 107 1
32 112 1
32 122 1
32 129 1
33 127 1
34 82 1
35 11 1
35 24 1
35 38 1
35 49 1
35 52 1
35 55 1
35 61 1
35 64 1
35 75 1
35 76 1
35 80 1
35 85 1
35 88 1
35 89 1
35 93 1
35 98 1
35 101 1
35 104 1
35 111 1
35 112 1
35 119 1
35 123 1
35 124 1
35 127 1
35 128 1
35 129 1
41 16 1
41 27 1
41 65 1
41 84 1
41 95 1
41 109 1
42 44 1
42 76 1
43 63 1
43 109 1
43 111 1
44 50 1
44 104 1
44 111 1
45 65 1
45 76 1
45 104 1
45 128 1
46 65 1
46 76 1
46 82 1
46 108 1
46 110 1
46 120 1
47 88 1
47 112 1
47 124 1
48 38 1
48 61 1
48 64 1
48 76 1
48 80 1
48 87 1
48 95 1
48 101 1
48 109 1
48 116 1
49 43 1
49 64 1
49 65 1
49 75 1
49 88 1
49 96 1
49 98 1
49 112 1
49 118 1
49 129 1
50 64 1
50 84 1
50 88 1
50 116 1
52 58 1
52 61 1
52 64 1
52 76 1
52 88 1
52 96 1
52 97 1
52 101 1
52 111 1
52 119 1
52 121 1
52 122 1
52 128 1
52 129 1
54 65 1
54 96 1
54 126 1
55 16 1
55 20 1
55 64 1
55 111 1
55 119 1
55 129 1
56 21 1
56 52 1
56 61 1
56 111 1
57 2 1
57 75 1
58 38 1
58 65 1
58 85 1
59 112 1
60 85 1
61 49 1
61 76 1
62 41 1
62 54 1
63 87 1
64 80 1
64 101 1
64 116 1
65 50 1
65 88 1
65 109 1
65 129 1
67 98 1
67 127 1
69 20 1
69 57 1
69 65 1
70 17 1
70 127 1
71 25 1
72 17 1
72 88 1
72 124 1
73 116 1
74 32 1
74 102 1
74 112 1
75 58 1
75 65 1
75 101 1
77 76 1
77 97 1
77 129 1
79 126 1
81 56 1
81 82 1
81 98 1
81 121 1
81 126 1
81 129 1
82 49 1
82 54 1
82 65 1
82 75 1
82 84 1
82 88 1
82 110 1
82 112 1
82 118 1
82 126 1
82 128 1
83 93 1
84 16 1
84 20 1
84 79 1
84 112 1
84 129 1
85 38 1
85 61 1
85 64 1
85 111 1
85 120 1
86 5 1
86 25 1
86 65 1
86 93 1
86 109 1
86 116 1
86 129 1
87 65 1
87 84 1
87 109 1
87 112 1
88 12 1
88 16 1
88 48 1
88 64 1
88 112 1
88 126 1
88 128 1
88 129 1
90 121 1
92 11 1
92 20 1
92 38 1
92 128 1
93 43 1
93 53 1
93 116 1
93 129 1
95 109 1
96 57 1
96 93 1
97 101 1
97 129 1
98 119 1
99 73 1
99 103 1
100 14 1
101 89 1
101 111 1
102 24 1
102 41 1
102 53 1
102 75 1
102 116 1
102 126 1
103 57 1
104 84 1
104 112 1
105 54 1
106 55 1
107 48 1
107 61 1
107 76 1
107 121 1
107 122 1
108 20 1
108 30 1
108 54 1
108 112 1
108 122 1
108 126 1
109 12 1
111 38 1
112 54 1
114 109 1
114 129 1
117 88 1
118 38 1
119 127 1
120 65 1
120 82 1
123 61 1
123 97 1
124 50 1
124 120 1
125 82 1
125 118 1
127 63 1
128 122 1
