1 20 1
1 21 1
1 23 1
1 24 1
1 30 1
1 32 1
1 35 1
1 38 1
1 41 1
1 44 1
1 50 1
1 55 1
1 61 1
1 64 1
1 65 1
1 74 1
1 75 1
1 76 1
1 81 1
1 82 1
1 84 1
1 85 1
1 86 1
1 88 1
1 95 1
1 103 1
1 109 1
1 112 1
1 120 1
1 121 1
1 124 1
1 129 1
2 75 1
2 112 1
2 129 1
3 104 1
3 120 1
4 6 1
4 11 1
4 18 1
4 21 1
4 22 1
4 23 1
4 24 1
4 32 1
4 38 1
4 43 1
4 48 1
4 49 1
4 50 1
4 52 1
4 54 1
4 55 1
4 56 1
4 58 1
4 61 1
4 63 1
4 64 1
4 65 1
4 76 1
4 80 1
4 81 1
4 82 1
4 84 1
4 85 1
4 87 1
4 88 1
4 89 1
4 96 1
4 98 1
4 101 1
4 104 1
4 105 1
4 107 1
4 108 1
4 109 1
4 110 1
4 111 1
4 112 1
4 116 1
4 118 1
4 122 1
4 124 1
4 127 1
4 128 1
4 129 1
5 88 1
6 8 1
6 11 1
6 14 1
6 16 1
6 18 1
6 19 1
6 21 1
6 22 1
6 23 1
6 24 1
6 25 1
6 30 1
6 31 1
6 32 1
6 35 1
6 36 1
6 38 1
6 48 1
6 49 1
6 50 1
6 52 1
6 53 1
6 54 1
6 55 1
6 58 1
6 61 1
6 63 1
6 64 1
6 65 1
6 73 1
6 75 1
6 76 1
6 77 1
6 79 1
6 80 1
6 81 1
6 82 1
6 84 1
6 85 1
6 86 1
6 87 1
6 88 1
6 90 1
6 93 1
6 95 1
6 96 1
6 97 1
6 98 1
6 101 1
6 104 1
6 107 1
6 109 1
6 111 1
6 112 1
6 113 1
6 116 1
6 119 1
6 120 1
6 121 1
6 122 1
6 125 1
6 126 1
6 127 1
6 128 1
6 129 1
7 55 1
7 101 1
7 129 1
8 54 1
8 103 1
8 107 1
8 126 1
9 3 1
9 11 1
9 12 1
9 17 1
9 24 1
9 38 1
9 57 1
9 64 1
9 65 1
9 82 1
9 84 1
9 85 1
9 86 1
9 88 1
9 89 1
9 90 1
9 97 1
9 108 1
9 118 1
9 119 1
9 121 1
9 127 1
9 129 1
10 86 1
11 18 1
11 23 1
11 25 1
11 38 1
11 48 1
11 52 1
11 54 1
11 57 1
11 61 1
11 64 1
11 65 1
11 85 1
11 88 1
11 89 1
11 90 1
11 95 1
11 97 1
11 98 1
11 110 1
11 111 1
11 112 1
11 118 1
11 122 1
11 129 1
12 20 1
12 112 1
13 16 1
13 20 1
13 75 1
13 76 1
13 97 1
14 127 1
16 61 1
16 97 1
17 49 1
18 20 1
18 48 1
18 75 1
18 76 1
18 84 1
18 85 1
18 107 1
18 122 1
18 123 1
19 38 1
19 49 1
19 52 1
19 53 1
19 65 1
19 75 1
19 87 1
19 109 1
19 111 1
19 116 1
19 119 1
19 121 1
19 127 1
20 93 1
21 9 1
21 11 1
21 14 1
21 41 1
21 48 1
21 49 1
21 50 1
21 52 1
21 54 1
21 55 1
21 61 1
21 63 1
21 64 1
21 65 1
21 76 1
21 80 1
21 82 1
21 84 1
21 85 1
21 93 1
21 101 1
21 109 1
21 110 1
21 111 1
21 112 1
21 116 1
21 119 1
21 121 1
21 122 1
21 123 1
21 126 1
21 128 1
21 129 1
22 11 1
22 52 1
22 57 1
22 61 1
22 63 1
22 64 1
22 82 1
22 84 1
22 87 1
22 88 1
22 93 1
22 96 1
22 98 1
22 104 1
22 112 1
22 116 1
22 124 1
22 129 1
23 5 1
23 17 1
23 20 1
23 24 1
23 38 1
23 48 1
23 52 1
23 54 1
23 61 1
23 64 1
23 65 1
23 76 1
23 80 1
23 82 1
23 84 1
23 86 1
23 88 1
23 89 1
23 90 1
23 97 1
23 101 1
23 104 1
23 108 1
23 109 1
23 110 1
23 111 1
23 112 1
23 116 1
23 119 1
23 120 1
23 122 1
23 123 1
23 124 1
23 128 1
23 129 1
25 122 1
26 32 1
26 35 1
26 55 1
26 73 1
26 126 1
27 102 1
28 88 1
29 111 1
30 20 1
30 80 1
30 118 1
31 65 1
31 88 1
31 111 1
31 128 1
32 11 1
32 12 1
32 61 1
32 64 1
32 75 1
32 76 1
32 81 1
32 85 1
32 93 1
32 96 1
32 98 1
32 109 1
32 112 1
32 118 1
32 120 1
32 129 1
33 16 1
34 57 1
35 2 1
35 16 1
35 18 1
35 32 1
35 38 1
35 48 1
35 54 1
35 58 1
35 64 1
35 65 1
35 75 1
35 76 1
35 77 1
35 82 1
35 84 1
35 85 1
35 93 1
35 97 1
35 101 1
35 104 1
35 116 1
35 118 1
35 119 1
35 122 1
35 127 1
35 129 1
41 12 1
41 64 1
41 76 1
41 82 1
41 98 1
41 122 1
42 75 1
42 129 1
43 75 1
43 126 1
43 129 1
44 65 1
44 80 1
44 85 1
45 52 1
45 65 1
45 82 1
45 88 1
46 38 1
46 53 1
46 87 1
46 93 1
46 109 1
46 126 1
47 44 1
47 119 1
47 128 1
48 49 1
48 65 1
48 88 1
48 93 1
48 97 1
48 98 1
48 104 1
48 107 1
48 116 1
48 129 1
49 38 1
49 54 1
49 58 1
49 64 1
49 65 1
49 97 1
49 101 1
49 116 1
49 123 1
49 128 1
50 52 1
50 64 1
50 128 1
50 129 1
52 24 1
52 38 1
52 49 1
52 57 1
52 61 1
52 64 1
52 65 1
52 84 1
52 85 1
52 88 1
52 98 1
52 101 1
52 124 1
52 129 1
54 73 1
54 122 1
54 129 1
55 38 1
55 73 1
55 103 1
55 109 1
55 116 1
55 129 1
56 65 1
56 116 1
56 128 1
56 129 1
57 65 1
57 84 1
58 82 1
58 88 1
58 112 1
59 121 1
60 57 1
61 89 1
61 124 1
62 76 1
62 109 1
63 79 1
64 38 1
64 98 1
64 112 1
65 38 1
65 54 1
65 111 1
65 127 1
67 112 1
67 113 1
69 25 1
69 27 1
69 126 1
70 103 1
70 112 1
71 80 1
72 50 1
72 57 1
72 129 1
73 61 1
74 76 1
74 109 1
74 112 1
75 20 1
75 61 1
75 95 1
77 57 1
77 75 1
77 96 1
79 30 1
81 16 1
81 30 1
81 64 1
81 75 1
81 88 1
81 96 1
82 54 1
82 57 1
82 65 1
82 76 1
82 104 1
82 112 1
82 116 1
82 119 1
82 126 1
82 127 1
82 129 1
83 76 1
84 64 1
84 65 1
84 85 1
84 128 1
84 129 1
85 38 1
85 65 1
85 76 1
85 82 1
85 111 1
86 22 1
86 48 1
86 49 1
86 82 1
86 84 1
86 88 1
86 129 1
87 11 1
87 80 1
87 89 1
87 110 1
88 43 1
88 54 1
88 61 1
88 65 1
88 84 1
88 101 1
88 122 1
88 129 1
90 19 1
92 14 1
92 80 1
92 84 1
92 122 1
93 52 1
93 63 1
93 112 1
93 126 1
95 79 1
96 88 1
96 102 1
97 25 1
97 123 1
98 129 1
99 55 1
99 129 1
100 85 1
101 80 1
101 112 1
102 18 1
102 43 1
102 64 1
102 104 1
102 108 1
102 129 1
103 104 1
104 111 1
104 116 1
105 97 1
106 31 1
107 76 1
107 79 1
107 84 1
107 96 1
107 116 1
108 12 1
108 82 1
108 97 1
108 101 1
108 109 1
108 119 1
109 93 1
111 112 1
112 128 1
114 28 1
114 128 1
117 61 1
118 88 1
119 128 1
120 98 1
120 104 1
123 53 1
123 65 1
124 76 1
124 112 1
125 105 1
125 109 1
127 20 1
128 129 1
