1 14 1
1 16 1
1 19 1
1 23 1
1 24 1
1 35 1
1 38 1
1 41 1
1 43 1
1 48 1
1 49 1
1 50 1
1 53 1
1 55 1
1 61 1
1 63 1
1 64 1
1 76 1
1 80 1
1 84 1
1 85 1
1 89 1
1 97 1
1 98 1
1 107 1
1 108 1
1 111 1
1 112 1
1 116 1
1 120 1
1 122 1
1 124 1
2 61 1
2 109 1
2 126 1
3 101 1
3 111 1
4 6 1
4 11 1
4 18 1
4 21 1
4 22 1
4 23 1
4 25 1
4 31 1
4 32 1
4 38 1
4 49 1
4 50 1
4 52 1
4 54 1
4 55 1
4 57 1
4 58 1
4 61 1
4 64 1
4 65 1
4 73 1
4 75 1
4 76 1
4 77 1
4 80 1
4 81 1
4 82 1
4 84 1
4 85 1
4 88 1
4 89 1
4 93 1
4 95 1
4 96 1
4 97 1
4 98 1
4 101 1
4 102 1
4 104 1
4 109 1
4 111 1
4 116 1
4 118 1
4 119 1
4 124 1
4 126 1
4 127 1
4 128 1
4 129 1
5 107 1
6 11 1
6 12 1
6 14 1
6 16 1
6 17 1
6 18 1
6 19 1
6 20 1
6 21 1
6 23 1
6 25 1
6 30 1
6 31 1
6 35 1
6 38 1
6 43 1
6 44 1
6 48 1
6 49 1
6 52 1
6 53 1
6 54 1
6 55 1
6 56 1
6 57 1
6 58 1
6 61 1
6 64 1
6 65 1
6 73 1
6 75 1
6 76 1
6 79 1
6 80 1
6 82 1
6 84 1
6 85 1
6 86 1
6 87 1
6 88 1
6 89 1
6 90 1
6 93 1
6 96 1
6 97 1
6 98 1
6 101 1
6 103 1
6 104 1
6 107 1
6 108 1
6 109 1
6 110 1
6 111 1
6 112 1
6 116 1
6 119 1
6 120 1
6 121 1
6 122 1
6 123 1
6 126 1
6 127 1
6 128 1
6 129 1
7 52 1
7 84 1
7 116 1
8 89 1
8 110 1
8 116 1
8 129 1
9 20 1
9 21 1
9 30 1
9 44 1
9 52 1
9 54 1
9 58 1
9 61 1
9 63 1
9 64 1
9 65 1
9 75 1
9 80 1
9 81 1
9 82 1
9 85 1
9 88 1
9 93 1
9 98 1
9 104 1
9 112 1
9 116 1
9 129 1
10 104 1
11 12 1
11 16 1
11 28 1
11 48 1
11 52 1
11 54 1
11 61 1
11 65 1
11 75 1
11 76 1
11 77 1
11 82 1
11 84 1
11 85 1
11 88 1
11 90 1
11 97 1
11 109 1
11 112 1
11 119 1
11 121 1
11 123 1
11 128 1
11 129 1
12 61 1
12 112 1
13 17 1
13 65 1
13 108 1
13 122 1
13 129 1
14 112 1
16 79 1
16 110 1
17 112 1
18 14 1
18 54 1
18 64 1
18 75 1
18 82 1
18 88 1
18 97 1
18 121 1
18 129 1
19 11 1
19 64 1
19 65 1
19 76 1
19 80 1
19 82 1
19 85 1
19 88 1
19 101 1
19 104 1
19 111 1
19 112 1
19 129 1
20 38 1
21 11 1
21 18 1
21 20 1
21 22 1
21 23 1
21 38 1
21 49 1
21 52 1
21 53 1
21 54 1
21 55 1
21 57 1
21 64 1
21 65 1
21 75 1
21 76 1
21 82 1
21 84 1
21 85 1
21 88 1
21 90 1
21 93 1
21 96 1
21 97 1
21 102 1
21 104 1
21 110 1
21 112 1
21 118 1
21 124 1
21 127 1
21 128 1
21 129 1
22 3 1
22 25 1
22 35 1
22 52 1
22 57 1
22 64 1
22 75 1
22 84 1
22 93 1
22 96 1
22 97 1
22 101 1
22 104 1
22 119 1
22 120 1
22 122 1
22 127 1
22 128 1
23 2 1
23 11 1
23 20 1
23 24 1
23 32 1
23 38 1
23 48 1
23 49 1
23 50 1
23 52 1
23 53 1
23 57 1
23 58 1
23 61 1
23 65 1
23 75 1
23 76 1
23 80 1
23 82 1
23 84 1
23 85 1
23 86 1
23 88 1
23 93 1
23 95 1
23 97 1
23 104 1
23 107 1
23 109 1
23 111 1
23 116 1
23 120 1
23 122 1
23 127 1
23 129 1
25 129 1
26 18 1
26 20 1
26 88 1
26 122 1
26 126 1
27 20 1
28 118 1
29 64 1
30 43 1
30 104 1
30 113 1
31 64 1
31 65 1
31 74 1
31 122 1
32 52 1
32 55 1
32 57 1
32 61 1
32 65 1
32 82 1
32 84 1
32 85 1
32 86 1
32 89 1
32 108 1
32 109 1
32 116 1
32 118 1
32 124 1
32 129 1
33 54 1
34 36 1
35 11 1
35 24 1
35 38 1
35 48 1
35 49 1
35 50 1
35 52 1
35 61 1
35 64 1
35 65 1
35 73 1
35 75 1
35 76 1
35 79 1
35 82 1
35 85 1
35 93 1
35 105 1
35 110 1
35 112 1
35 119 1
35 122 1
35 124 1
35 126 1
35 128 1
35 129 1
41 30 1
41 49 1
41 75 1
41 82 1
41 84 1
41 85 1
42 63 1
42 112 1
43 38 1
43 122 1
43 126 1
44 54 1
44 98 1
44 101 1
45 76 1
45 86 1
45 116 1
45 119 1
46 11 1
46 18 1
46 76 1
46 112 1
46 121 1
46 127 1
47 96 1
47 116 1
47 123 1
48 55 1
48 65 1
48 76 1
48 88 1
48 96 1
48 103 1
48 109 1
48 111 1
48 121 1
48 129 1
49 50 1
49 55 1
49 64 1
49 65 1
49 85 1
49 87 1
49 88 1
49 95 1
49 97 1
49 129 1
50 24 1
50 32 1
50 57 1
50 61 1
52 48 1
52 57 1
52 61 1
52 64 1
52 65 1
52 75 1
52 81 1
52 82 1
52 88 1
52 109 1
52 112 1
52 118 1
52 122 1
52 129 1
54 38 1
54 75 1
54 125 1
55 38 1
55 96 1
55 98 1
55 120 1
55 126 1
55 129 1
56 87 1
56 89 1
56 119 1
56 129 1
57 20 1
57 98 1
58 8 1
58 48 1
58 112 1
59 25 1
60 128 1
61 64 1
61 76 1
62 76 1
62 101 1
63 65 1
64 54 1
64 84 1
64 116 1
65 64 1
65 76 1
65 103 1
65 129 1
67 97 1
67 127 1
69 38 1
69 87 1
69 111 1
70 24 1
70 113 1
71 112 1
72 5 1
72 104 1
72 129 1
73 65 1
74 9 1
74 80 1
74 111 1
75 38 1
75 82 1
75 128 1
77 32 1
77 57 1
77 104 1
79 76 1
81 49 1
81 88 1
81 109 1
81 116 1
81 118 1
81 128 1
82 12 1
82 38 1
82 64 1
82 65 1
82 84 1
82 85 1
82 109 1
82 116 1
82 123 1
82 124 1
82 129 1
83 65 1
84 79 1
84 88 1
84 90 1
84 111 1
84 116 1
85 64 1
85 65 1
85 88 1
85 109 1
85 112 1
86 22 1
86 24 1
86 61 1
86 63 1
86 80 1
86 93 1
86 97 1
87 16 1
87 93 1
87 109 1
87 121 1
88 12 1
88 61 1
88 65 1
88 80 1
88 86 1
88 101 1
88 111 1
88 129 1
90 126 1
92 27 1
92 76 1
92 88 1
92 123 1
93 73 1
93 98 1
93 126 1
93 129 1
95 129 1
96 128 1
96 129 1
97 80 1
97 129 1
98 101 1
99 16 1
99 32 1
100 112 1
101 65 1
101 128 1
102 54 1
102 82 1
102 105 1
102 112 1
102 128 1
102 129 1
103 122 1
104 88 1
104 119 1
105 128 1
106 48 1
107 54 1
107 63 1
107 98 1
107 101 1
107 112 1
108 81 1
108 84 1
108 87 1
108 88 1
108 122 1
108 129 1
109 107 1
111 38 1
112 84 1
114 76 1
114 95 1
117 98 1
118 129 1
119 41 1
120 20 1
120 38 1
123 84 1
123 103 1
124 112 1
124 119 1
125 109 1
125 127 1
127 30 1
128 65 1
