1 16 1
1 17 1
1 22 1
1 24 1
1 36 1
1 38 1
1 49 1
1 50 1
1 52 1
1 57 1
1 61 1
1 63 1
1 65 1
1 73 1
1 76 1
1 77 1
1 81 1
1 82 1
1 85 1
1 88 1
1 90 1
1 95 1
1 101 1
1 104 1
1 111 1
1 112 1
1 116 1
1 119 1
1 121 1
1 122 1
1 127 1
1 129 1
2 64 1
2 118 1
2 119 1
3 12 1
3 61 1
4 9 1
4 11 1
4 20 1
4 21 1
4 22 1
4 23 1
4 30 1
4 31 1
4 32 1
4 35 1
4 38 1
4 43 1
4 44 1
4 48 1
4 49 1
4 52 1
4 54 1
4 55 1
4 57 1
4 61 1
4 63 1
4 64 1
4 65 1
4 75 1
4 76 1
4 79 1
4 82 1
4 84 1
4 86 1
4 88 1
4 90 1
4 93 1
4 96 1
4 97 1
4 98 1
4 101 1
4 103 1
4 107 1
4 108 1
4 110 1
4 111 1
4 112 1
4 116 1
4 119 1
4 124 1
4 126 1
4 127 1
4 128 1
4 129 1
5 58 1
6 3 1
6 11 1
6 12 1
6 17 1
6 18 1
6 19 1
6 20 1
6 21 1
6 22 1
6 25 1
6 27 1
6 30 1
6 32 1
6 35 1
6 38 1
6 41 1
6 44 1
6 48 1
6 49 1
6 52 1
6 53 1
6 54 1
6 55 1
6 57 1
6 61 1
6 64 1
6 65 1
6 74 1
6 75 1
6 76 1
6 77 1
6 79 1
6 80 1
6 82 1
6 85 1
6 86 1
6 87 1
6 88 1
6 89 1
6 93 1
6 95 1
6 96 1
6 97 1
6 98 1
6 101 1
6 102 1
6 103 1
6 105 1
6 107 1
6 108 1
6 109 1
6 110 1
6 111 1
6 112 1
6 116 1
6 118 1
6 119 1
6 120 1
6 121 1
6 123 1
6 125 1
6 126 1
6 127 1
6 128 1
6 129 1
7 61 1
7 64 1
7 128 1
8 31 1
8 64 1
8 111 1
8 122 1
9 2 1
9 5 1
9 11 1
9 12 1
9 32 1
9 35 1
9 38 1
9 52 1
9 57 1
9 61 1
9 64 1
9 65 1
9 75 1
9 82 1
9 84 1
9 87 1
9 88 1
9 104 1
9 111 1
9 112 1
9 119 1
9 128 1
9 129 1
10 48 1
11 18 1
11 32 1
11 49 1
11 52 1
11 55 1
11 57 1
11 61 1
11 64 1
11 65 1
11 75 1
11 76 1
11 80 1
11 88 1
11 93 1
11 97 1
11 103 1
11 108 1
11 110 1
11 112 1
11 116 1
11 120 1
11 122 1
11 123 1
11 129 1
12 30 1
12 76 1
13 96 1
13 98 1
13 109 1
13 124 1
13 126 1
14 84 1
16 75 1
16 80 1
17 122 1
18 52 1
18 58 1
18 61 1
18 75 1
18 76 1
18 85 1
18 97 1
18 105 1
18 116 1
19 20 1
19 38 1
19 52 1
19 64 1
19 65 1
19 84 1
19 85 1
19 111 1
19 112 1
19 118 1
19 124 1
19 128 1
19 129 1
20 124 1
21 11 1
21 18 1
21 23 1
21 30 1
21 38 1
21 43 1
21 49 1
21 52 1
21 54 1
21 55 1
21 58 1
21 61 1
21 64 1
21 65 1
21 75 1
21 80 1
21 82 1
21 84 1
21 86 1
21 88 1
21 93 1
21 96 1
21 97 1
21 98 1
21 101 1
21 104 1
21 109 1
21 112 1
21 116 1
21 119 1
21 127 1
21 128 1
21 129 1
22 20 1
22 23 1
22 43 1
22 48 1
22 52 1
22 75 1
22 81 1
22 82 1
22 84 1
22 85 1
22 88 1
22 104 1
22 107 1
22 110 1
22 112 1
22 121 1
22 122 1
22 129 1
23 11 1
23 16 1
23 18 1
23 19 1
23 24 1
23 38 1
23 48 1
23 49 1
23 52 1
23 61 1
23 63 1
23 65 1
23 73 1
23 75 1
23 76 1
23 81 1
23 82 1
23 84 1
23 85 1
23 88 1
23 89 1
23 90 1
23 96 1
23 97 1
23 98 1
23 101 1
23 109 1
23 111 1
23 112 1
23 116 1
23 119 1
23 120 1
23 123 1
23 124 1
23 129 1
25 82 1
26 14 1
26 41 1
26 65 1
26 101 1
26 104 1
27 55 1
28 96 1
29 126 1
30 20 1
30 48 1
30 129 1
31 24 1
31 38 1
31 85 1
31 126 1
32 25 1
32 38 1
32 55 1
32 57 1
32 61 1
32 65 1
32 80 1
32 82 1
32 84 1
32 97 1
32 98 1
32 104 1
32 112 1
32 123 1
32 127 1
32 129 1
33 84 1
34 111 1
35 11 1
35 21 1
35 24 1
35 32 1
35 38 1
35 50 1
35 53 1
35 57 1
35 64 1
35 65 1
35 75 1
35 80 1
35 81 1
35 82 1
35 84 1
35 88 1
35 97 1
35 98 1
35 104 1
35 109 1
35 112 1
35 116 1
35 118 1
35 119 1
35 128 1
35 129 1
41 61 1
41 82 1
41 88 1
41 89 1
41 95 1
41 116 1
42 6 1
42 104 1
43 49 1
43 76 1
43 116 1
44 54 1
44 79 1
44 119 1
45 38 1
45 76 1
45 107 1
45 118 1
46 54 1
46 80 1
46 98 1
46 109 1
46 126 1
46 127 1
47 24 1
47 48 1
47 49 1
48 38 1
48 54 1
48 80 1
48 84 1
48 93 1
48 95 1
48 96 1
48 103 1
48 104 1
48 120 1
49 50 1
49 61 1
49 65 1
49 73 1
49 76 1
49 89 1
49 93 1
49 97 1
49 101 1
49 112 1
50 54 1
50 101 1
50 122 1
50 126 1
52 16 1
52 28 1
52 63 1
52 64 1
52 76 1
52 82 1
52 84 1
52 85 1
52 88 1
52 93 1
52 112 1
52 116 1
52 122 1
52 129 1
54 80 1
54 82 1
54 86 1
55 65 1
55 85 1
55 88 1
55 116 1
55 124 1
55 129 1
56 53 1
56 112 1
56 113 1
56 129 1
57 24 1
57 129 1
58 20 1
58 50 1
58 122 1
59 101 1
60 25 1
61 88 1
61 127 1
62 8 1
62 88 1
63 88 1
64 20 1
64 112 1
64 122 1
65 104 1
65 112 1
65 128 1
65 129 1
67 16 1
67 53 1
69 55 1
69 61 1
69 85 1
70 58 1
70 109 1
71 14 1
72 54 1
72 118 1
72 129 1
73 50 1
74 65 1
74 75 1
74 87 1
75 57 1
75 64 1
75 128 1
77 64 1
77 87 1
77 112 1
79 57 1
81 11 1
81 63 1
81 65 1
81 112 1
81 123 1
81 129 1
82 38 1
82 64 1
82 84 1
82 88 1
82 109 1
82 110 1
82 112 1
82 121 1
82 122 1
82 127 1
82 129 1
83 111 1
84 38 1
84 76 1
84 109 1
84 128 1
84 129 1
85 64 1
85 65 1
85 80 1
85 109 1
85 122 1
86 14 1
86 65 1
86 76 1
86 85 1
86 90 1
86 121 1
86 126 1
87 20 1
87 93 1
87 109 1
87 120 1
88 48 1
88 73 1
88 76 1
88 97 1
88 98 1
88 101 1
88 116 1
88 129 1
90 79 1
92 25 1
92 76 1
92 84 1
92 88 1
93 54 1
93 84 1
93 116 1
93 121 1
95 129 1
96 54 1
96 85 1
97 109 1
97 128 1
98 18 1
99 76 1
99 89 1
100 104 1
101 65 1
101 122 1
102 56 1
102 64 1
102 65 1
102 75 1
102 76 1
102 89 1
103 113 1
104 107 1
104 128 1
105 129 1
106 109 1
107 54 1
107 85 1
107 86 1
107 87 1
107 129 1
108 12 1
108 64 1
108 102 1
108 111 1
108 126 1
108 129 1
109 98 1
111 65 1
112 129 1
114 23 1
114 82 1
117 93 1
118 65 1
119 38 1
120 65 1
120 129 1
123 16 1
123 97 1
124 88 1
124 128 1
125 108 1
125 111 1
127 112 1
128 129 1
