1 11 1
1 22 1
1 24 1
1 32 1
1 38 1
1 41 1
1 48 1
1 49 1
1 50 1
1 54 1
1 64 1
1 65 1
1 75 1
1 76 1
1 82 1
1 84 1
1 85 1
1 87 1
1 88 1
1 93 1
1 98 1
1 102 1
1 104 1
1 107 1
1 108 1
1 109 1
1 111 1
1 112 1
1 119 1
1 122 1
1 126 1
1 129 1
2 64 1
2 82 1
2 129 1
3 28 1
3 119 1
4 6 1
4 11 1
4 16 1
4 17 1
4 19 1
4 21 1
4 23 1
4 30 1
4 32 1
4 35 1
4 38 1
4 43 1
4 48 1
4 49 1
4 52 1
4 54 1
4 57 1
4 61 1
4 63 1
4 64 1
4 65 1
4 76 1
4 79 1
4 80 1
4 82 1
4 84 1
4 85 1
4 86 1
4 87 1
4 88 1
4 90 1
4 93 1
4 95 1
4 96 1
4 97 1
4 98 1
4 101 1
4 103 1
4 104 1
4 108 1
4 109 1
4 111 1
4 112 1
4 116 1
4 120 1
4 122 1
4 124 1
4 127 1
4 129 1
5 58 1
6 9 1
6 11 1
6 12 1
6 14 1
6 16 1
6 18 1
6 19 1
6 20 1
6 21 1
6 22 1
6 23 1
6 24 1
6 25 1
6 30 1
6 32 1
6 35 1
6 38 1
6 41 1
6 43 1
6 44 1
6 48 1
6 49 1
6 50 1
6 52 1
6 54 1
6 55 1
6 57 1
6 61 1
6 63 1
6 64 1
6 65 1
6 75 1
6 76 1
6 79 1
6 80 1
6 82 1
6 84 1
6 85 1
6 88 1
6 89 1
6 90 1
6 93 1
6 95 1
6 96 1
6 97 1
6 98 1
6 101 1
6 102 1
6 103 1
6 104 1
6 107 1
6 109 1
6 110 1
6 111 1
6 112 1
6 116 1
6 118 1
6 120 1
6 122 1
6 123 1
6 124 1
6 126 1
6 127 1
6 128 1
6 129 1
7 76 1
7 111 1
7 116 1
8 24 1
8 38 1
8 88 1
8 122 1
9 20 1
9 30 1
9 38 1
9 48 1
9 49 1
9 50 1
9 52 1
9 54 1
9 57 1
9 63 1
9 65 1
9 75 1
9 81 1
9 82 1
9 86 1
9 97 1
9 98 1
9 104 1
9 109 1
9 112 1
9 122 1
9 124 1
9 129 1
10 88 1
11 3 1
11 24 1
11 38 1
11 57 1
11 61 1
11 63 1
11 75 1
11 82 1
11 84 1
11 87 1
11 88 1
11 89 1
11 97 1
11 101 1
11 105 1
11 107 1
11 109 1
11 112 1
11 113 1
11 116 1
11 118 1
11 122 1
11 128 1
11 129 1
12 97 1
12 127 1
13 64 1
13 96 1
13 107 1
13 128 1
13 129 1
14 38 1
16 98 1
16 129 1
17 119 1
18 38 1
18 61 1
18 64 1
18 65 1
18 75 1
18 104 1
18 123 1
18 127 1
18 129 1
19 21 1
19 52 1
19 64 1
19 65 1
19 79 1
19 81 1
19 85 1
19 95 1
19 104 1
19 116 1
19 122 1
19 126 1
19 127 1
20 30 1
21 18 1
21 20 1
21 22 1
21 23 1
21 25 1
21 31 1
21 48 1
21 52 1
21 53 1
21 54 1
21 55 1
21 61 1
21 64 1
21 65 1
21 74 1
21 76 1
21 82 1
21 84 1
21 85 1
21 88 1
21 90 1
21 93 1
21 98 1
21 103 1
21 105 1
21 109 1
21 112 1
21 116 1
21 120 1
21 124 1
21 126 1
21 128 1
21 129 1
22 20 1
22 38 1
22 48 1
22 58 1
22 76 1
22 81 1
22 82 1
22 84 1
22 88 1
22 93 1
22 98 1
22 112 1
22 116 1
22 118 1
22 119 1
22 121 1
22 122 1
22 129 1
23 16 1
23 18 1
23 32 1
23 38 1
23 48 1
23 49 1
23 52 1
23 54 1
23 55 1
23 57 1
23 58 1
23 61 1
23 64 1
23 65 1
23 75 1
23 76 1
23 80 1
23 84 1
23 85 1
23 88 1
23 96 1
23 101 1
23 107 1
23 109 1
23 110 1
23 112 1
23 116 1
23 118 1
23 119 1
23 121 1
23 122 1
23 126 1
23 127 1
23 128 1
23 129 1
25 61 1
26 16 1
26 64 1
26 75 1
26 77 1
26 129 1
27 110 1
28 57 1
29 121 1
30 64 1
30 65 1
30 109 1
31 11 1
31 18 1
31 97 1
31 128 1
32 14 1
32 54 1
32 61 1
32 65 1
32 76 1
32 82 1
32 88 1
32 89 1
32 93 1
32 112 1
32 116 1
32 118 1
32 121 1
32 123 1
32 126 1
32 129 1
33 80 1
34 123 1
35 11 1
35 12 1
35 32 1
35 38 1
35 49 1
35 52 1
35 53 1
35 55 1
35 57 1
35 64 1
35 65 1
35 80 1
35 82 1
35 84 1
35 85 1
35 88 1
35 89 1
35 97 1
35 104 1
35 109 1
35 112 1
35 120 1
35 123 1
35 127 1
35 128 1
35 129 1
41 84 1
41 88 1
41 97 1
41 109 1
41 116 1
41 126 1
42 76 1
42 121 1
43 54 1
43 61 1
43 116 1
44 14 1
44 24 1
44 57 1
45 48 1
45 50 1
45 84 1
45 89 1
46 65 1
46 81 1
46 111 1
46 112 1
46 119 1
46 129 1
47 52 1
47 98 1
47 116 1
48 5 1
48 38 1
48 52 1
48 54 1
48 80 1
48 84 1
48 87 1
48 88 1
48 113 1
48 122 1
49 55 1
49 64 1
49 88 1
49 89 1
49 101 1
49 104 1
49 109 1
49 112 1
49 126 1
49 129 1
50 61 1
50 73 1
50 104 1
50 119 1
52 38 1
52 44 1
52 54 1
52 56 1
52 64 1
52 76 1
52 82 1
52 85 1
52 86 1
52 112 1
52 122 1
52 126 1
52 128 1
52 129 1
54 53 1
54 112 1
54 128 1
55 52 1
55 76 1
55 85 1
55 90 1
55 109 1
55 127 1
56 12 1
56 31 1
56 49 1
56 65 1
57 65 1
57 110 1
58 64 1
58 75 1
58 85 1
59 11 1
60 112 1
61 116 1
61 129 1
62 65 1
62 128 1
63 20 1
64 43 1
64 65 1
64 96 1
65 86 1
65 93 1
65 112 1
65 121 1
67 20 1
67 108 1
69 8 1
69 35 1
69 119 1
70 58 1
70 119 1
71 111 1
72 25 1
72 65 1
72 80 1
73 80 1
74 85 1
74 93 1
74 129 1
75 61 1
75 97 1
75 129 1
77 76 1
77 103 1
77 111 1
79 87 1
81 24 1
81 77 1
81 79 1
81 82 1
81 112 1
81 129 1
82 20 1
82 25 1
82 65 1
82 75 1
82 76 1
82 80 1
82 85 1
82 88 1
82 112 1
82 122 1
82 129 1
83 129 1
84 76 1
84 101 1
84 116 1
84 128 1
84 129 1
85 61 1
85 75 1
85 76 1
85 96 1
85 104 1
86 27 1
86 96 1
86 97 1
86 101 1
86 109 1
86 111 1
86 120 1
87 12 1
87 50 1
87 84 1
87 112 1
88 18 1
88 57 1
88 65 1
88 75 1
88 76 1
88 84 1
88 128 1
88 129 1
90 85 1
92 55 1
92 73 1
92 101 1
92 124 1
93 49 1
93 84 1
93 98 1
93 129 1
95 111 1
96 38 1
96 128 1
97 101 1
97 111 1
98 88 1
99 2 1
99 36 1
100 65 1
101 55 1
101 64 1
102 17 1
102 23 1
102 63 1
102 93 1
102 97 1
102 110 1
103 82 1
104 11 1
104 61 1
105 75 1
106 129 1
107 38 1
107 64 1
107 65 1
107 82 1
107 88 1
108 16 1
108 54 1
108 61 1
108 73 1
108 95 1
108 124 1
109 129 1
111 80 1
112 111 1
114 86 1
114 88 1
117 73 1
118 84 1
119 101 1
120 20 1
120 112 1
123 76 1
123 125 1
124 53 1
124 98 1
125 104 1
125 118 1
127 108 1
128 65 1
