1 11 1
1 22 1
1 24 1
1 35 1
1 36 1
1 48 1
1 54 1
1 55 1
1 56 1
1 61 1
1 64 1
1 65 1
1 74 1
1 76 1
1 81 1
1 82 1
1 84 1
1 86 1
1 88 1
1 93 1
1 95 1
1 98 1
1 102 1
1 107 1
1 110 1
1 111 1
1 112 1
1 116 1
1 118 1
1 122 1
1 126 1
1 129 1
2 85 1
2 116 1
2 119 1
3 54 1
3 120 1
4 2 1
4 6 1
4 11 1
4 17 1
4 18 1
4 20 1
4 23 1
4 24 1
4 28 1
4 30 1
4 35 1
4 38 1
4 41 1
4 43 1
4 44 1
4 48 1
4 49 1
4 52 1
4 54 1
4 57 1
4 64 1
4 65 1
4 75 1
4 76 1
4 81 1
4 82 1
4 84 1
4 85 1
4 86 1
4 88 1
4 93 1
4 96 1
4 97 1
4 98 1
4 101 1
4 104 1
4 105 1
4 107 1
4 108 1
4 109 1
4 111 1
4 112 1
4 116 1
4 119 1
4 124 1
4 126 1
4 127 1
4 128 1
4 129 1
5 124 1
6 9 1
6 11 1
6 12 1
6 18 1
6 19 1
6 20 1
6 21 1
6 22 1
6 23 1
6 24 1
6 25 1
6 30 1
6 32 1
6 38 1
6 43 1
6 48 1
6 49 1
6 52 1
6 54 1
6 55 1
6 57 1
6 61 1
6 63 1
6 64 1
6 65 1
6 73 1
6 75 1
6 76 1
6 77 1
6 79 1
6 81 1
6 82 1
6 84 1
6 85 1
6 86 1
6 88 1
6 89 1
6 90 1
6 95 1
6 96 1
6 97 1
6 98 1
6 101 1
6 102 1
6 103 1
6 104 1
6 107 1
6 108 1
6 109 1
6 110 1
6 111 1
6 112 1
6 113 1
6 116 1
6 118 1
6 119 1
6 120 1
6 121 1
6 122 1
6 123 1
6 124 1
6 126 1
6 127 1
6 128 1
6 129 1
7 77 1
7 109 1
7 128 1
8 18 1
8 64 1
8 76 1
8 86 1
9 18 1
9 19 1
9 24 1
9 32 1
9 38 1
9 49 1
9 50 1
9 52 1
9 53 1
9 64 1
9 65 1
9 82 1
9 88 1
9 101 1
9 104 1
9 109 1
9 110 1
9 112 1
9 116 1
9 121 1
9 127 1
9 128 1
9 129 1
10 128 1
11 24 1
11 38 1
11 54 1
11 55 1
11 57 1
11 58 1
11 61 1
11 64 1
11 65 1
11 75 1
11 79 1
11 80 1
11 85 1
11 88 1
11 101 1
11 104 1
11 107 1
11 111 1
11 112 1
11 116 1
11 119 1
11 120 1
11 122 1
11 129 1
12 89 1
12 108 1
13 16 1
13 50 1
13 63 1
13 104 1
13 129 1
14 44 1
16 111 1
16 129 1
17 111 1
18 65 1
18 75 1
18 76 1
18 81 1
18 82 1
18 111 1
18 119 1
18 128 1
18 129 1
19 3 1
19 12 1
19 14 1
19 16 1
19 48 1
19 52 1
19 64 1
19 65 1
19 76 1
19 82 1
19 87 1
19 88 1
19 104 1
20 101 1
21 11 1
21 12 1
21 23 1
21 25 1
21 32 1
21 35 1
21 38 1
21 50 1
21 52 1
21 53 1
21 57 1
21 61 1
21 63 1
21 73 1
21 75 1
21 76 1
21 80 1
21 82 1
21 84 1
21 88 1
21 93 1
21 96 1
21 97 1
21 101 1
21 103 1
21 109 1
21 110 1
21 112 1
21 116 1
21 118 1
21 122 1
21 127 1
21 129 1
22 21 1
22 48 1
22 61 1
22 80 1
22 82 1
22 84 1
22 85 1
22 88 1
22 93 1
22 97 1
22 103 1
22 110 1
22 112 1
22 116 1
22 118 1
22 122 1
22 127 1
22 129 1
23 11 1
23 16 1
23 20 1
23 30 1
23 38 1
23 48 1
23 49 1
23 52 1
23 53 1
23 54 1
23 58 1
23 61 1
23 64 1
23 65 1
23 73 1
23 75 1
23 76 1
23 79 1
23 80 1
23 82 1
23 84 1
23 85 1
23 88 1
23 93 1
23 96 1
23 97 1
23 101 1
23 103 1
23 107 1
23 108 1
23 111 1
23 112 1
23 116 1
23 122 1
23 129 1
25 76 1
26 31 1
26 52 1
26 55 1
26 64 1
26 112 1
27 96 1
28 98 1
29 84 1
30 89 1
30 109 1
30 124 1
31 8 1
31 88 1
31 97 1
31 126 1
32 14 1
32 20 1
32 38 1
32 43 1
32 52 1
32 65 1
32 75 1
32 84 1
32 85 1
32 97 1
32 104 1
32 109 1
32 112 1
32 121 1
32 122 1
32 125 1
33 58 1
34 124 1
35 5 1
35 18 1
35 23 1
35 25 1
35 48 1
35 49 1
35 50 1
35 55 1
35 58 1
35 61 1
35 65 1
35 75 1
35 76 1
35 79 1
35 80 1
35 82 1
35 84 1
35 88 1
35 89 1
35 93 1
35 97 1
35 98 1
35 105 1
35 112 1
35 122 1
35 128 1
41 38 1
41 50 1
41 57 1
41 63 1
41 95 1
41 123 1
42 61 1
42 126 1
43 101 1
43 104 1
43 109 1
44 55 1
44 85 1
44 90 1
45 54 1
45 75 1
45 84 1
45 127 1
46 11 1
46 21 1
46 57 1
46 85 1
46 87 1
46 129 1
47 27 1
47 38 1
47 97 1
48 16 1
48 24 1
48 25 1
48 38 1
48 57 1
48 65 1
48 82 1
48 93 1
48 98 1
48 120 1
49 11 1
49 64 1
49 85 1
49 98 1
49 104 1
49 112 1
49 119 1
49 123 1
49 126 1
49 129 1
50 88 1
50 112 1
50 127 1
50 129 1
52 20 1
52 53 1
52 54 1
52 55 1
52 57 1
52 76 1
52 82 1
52 84 1
52 87 1
52 88 1
52 112 1
52 116 1
52 121 1
52 129 1
54 65 1
54 124 1
54 128 1
55 20 1
55 64 1
55 75 1
55 80 1
55 87 1
55 111 1
56 38 1
56 89 1
56 109 1
56 116 1
57 17 1
57 126 1
58 57 1
58 65 1
58 127 1
59 95 1
60 65 1
61 38 1
61 129 1
62 86 1
62 90 1
63 123 1
64 16 1
64 112 1
64 119 1
65 61 1
65 64 1
65 76 1
65 129 1
67 38 1
67 96 1
69 84 1
69 109 1
69 126 1
70 32 1
70 63 1
71 128 1
72 54 1
72 65 1
72 118 1
73 93 1
74 64 1
74 111 1
74 129 1
75 54 1
75 65 1
75 128 1
77 31 1
77 54 1
77 96 1
79 97 1
81 22 1
81 52 1
81 101 1
81 112 1
81 119 1
81 123 1
82 20 1
82 61 1
82 64 1
82 76 1
82 85 1
82 88 1
82 98 1
82 112 1
82 120 1
82 128 1
82 129 1
83 64 1
84 30 1
84 61 1
84 65 1
84 76 1
84 116 1
85 65 1
85 80 1
85 84 1
85 88 1
85 129 1
86 84 1
86 85 1
86 87 1
86 88 1
86 90 1
86 98 1
86 128 1
87 12 1
87 76 1
87 80 1
87 97 1
88 61 1
88 65 1
88 76 1
88 80 1
88 104 1
88 121 1
88 122 1
88 129 1
90 82 1
92 49 1
92 75 1
92 112 1
92 119 1
93 20 1
93 49 1
93 64 1
93 129 1
95 116 1
96 112 1
96 129 1
97 48 1
97 84 1
98 32 1
99 109 1
99 129 1
100 104 1
101 38 1
101 89 1
102 61 1
102 65 1
102 73 1
102 76 1
102 118 1
102 129 1
103 129 1
104 14 1
104 109 1
105 98 1
106 109 1
107 61 1
107 65 1
107 112 1
107 122 1
107 129 1
108 38 1
108 49 1
108 82 1
108 88 1
108 128 1
108 129 1
109 116 1
111 101 1
112 122 1
114 113 1
114 122 1
117 126 1
118 64 1
119 85 1
120 65 1
120 121 1
123 52 1
123 75 1
124 41 1
124 111 1
125 80 1
125 88 1
127 93 1
128 129 1
