1 11 1
1 19 1
1 30 1
1 31 1
1 32 1
1 38 1
1 48 1
1 49 1
1 52 1
1 53 1
1 54 1
1 55 1
1 56 1
1 61 1
1 64 1
1 65 1
1 75 1
1 76 1
1 80 1
1 85 1
1 86 1
1 87 1
1 88 1
1 93 1
1 95 1
1 111 1
1 112 1
1 116 1
1 118 1
1 122 1
1 128 1
1 129 1
2 12 1
2 58 1
2 122 1
3 52 1
3 121 1
4 6 1
4 11 1
4 16 1
4 22 1
4 23 1
4 24 1
4 30 1
4 32 1
4 35 1
4 38 1
4 48 1
4 49 1
4 50 1
4 52 1
4 54 1
4 55 1
4 57 1
4 61 1
4 63 1
4 64 1
4 65 1
4 75 1
4 76 1
4 79 1
4 80 1
4 82 1
4 84 1
4 85 1
4 86 1
4 87 1
4 89 1
4 93 1
4 95 1
4 96 1
4 97 1
4 98 1
4 101 1
4 103 1
4 104 1
4 111 1
4 112 1
4 116 1
4 119 1
4 122 1
4 123 1
4 124 1
4 127 1
4 128 1
4 129 1
5 76 1
6 2 1
6 5 1
6 11 1
6 12 1
6 14 1
6 16 1
6 18 1
6 19 1
6 21 1
6 22 1
6 23 1
6 24 1
6 25 1
6 31 1
6 32 1
6 35 1
6 38 1
6 41 1
6 43 1
6 48 1
6 49 1
6 52 1
6 53 1
6 54 1
6 55 1
6 57 1
6 58 1
6 61 1
6 63 1
6 64 1
6 65 1
6 74 1
6 75 1
6 76 1
6 80 1
6 81 1
6 82 1
6 84 1
6 85 1
6 86 1
6 87 1
6 88 1
6 89 1
6 96 1
6 97 1
6 98 1
6 101 1
6 102 1
6 104 1
6 107 1
6 108 1
6 109 1
6 110 1
6 111 1
6 112 1
6 116 1
6 118 1
6 119 1
6 120 1
6 122 1
6 123 1
6 126 1
6 127 1
6 128 1
6 129 1
7 65 1
7 84 1
7 110 1
8 61 1
8 73 1
8 96 1
8 129 1
9 11 1
9 18 1
9 21 1
9 43 1
9 48 1
9 52 1
9 53 1
9 55 1
9 64 1
9 73 1
9 76 1
9 84 1
9 85 1
9 88 1
9 103 1
9 104 1
9 107 1
9 109 1
9 112 1
9 116 1
9 118 1
9 126 1
9 129 1
10 16 1
11 23 1
11 27 1
11 36 1
11 38 1
11 48 1
11 57 1
11 64 1
11 65 1
11 76 1
11 81 1
11 87 1
11 88 1
11 93 1
11 97 1
11 98 1
11 104 1
11 108 1
11 111 1
11 112 1
11 118 1
11 119 1
11 121 1
11 128 1
11 129 1
12 116 1
12 127 1
13 35 1
13 38 1
13 97 1
13 104 1
13 108 1
14 38 1
16 64 1
16 105 1
17 77 1
18 16 1
18 52 1
18 65 1
18 82 1
18 88 1
18 101 1
18 104 1
18 107 1
18 119 1
19 21 1
19 22 1
19 53 1
19 64 1
19 65 1
19 75 1
19 82 1
19 85 1
19 88 1
19 98 1
19 112 1
19 119 1
19 129 1
20 116 1
21 8 1
21 18 1
21 20 1
21 23 1
21 24 1
21 25 1
21 38 1
21 52 1
21 55 1
21 61 1
21 64 1
21 65 1
21 75 1
21 76 1
21 82 1
21 85 1
21 93 1
21 96 1
21 102 1
21 104 1
21 108 1
21 109 1
21 111 1
21 112 1
21 116 1
21 119 1
21 120 1
21 122 1
21 123 1
21 124 1
21 126 1
21 128 1
21 129 1
22 50 1
22 57 1
22 64 1
22 65 1
22 75 1
22 76 1
22 79 1
22 81 1
22 82 1
22 85 1
22 87 1
22 88 1
22 97 1
22 101 1
22 119 1
22 120 1
22 126 1
22 129 1
23 17 1
23 20 1
23 32 1
23 38 1
23 41 1
23 44 1
23 48 1
23 49 1
23 52 1
23 54 1
23 55 1
23 64 1
23 65 1
23 76 1
23 80 1
23 82 1
23 84 1
23 88 1
23 89 1
23 90 1
23 93 1
23 97 1
23 101 1
23 104 1
23 110 1
23 111 1
23 112 1
23 116 1
23 120 1
23 121 1
23 122 1
23 126 1
23 127 1
23 128 1
23 129 1
25 50 1
26 20 1
26 49 1
26 64 1
26 65 1
26 88 1
27 112 1
28 85 1
29 50 1
30 79 1
30 122 1
30 124 1
31 57 1
31 96 1
31 116 1
31 124 1
32 38 1
32 49 1
32 61 1
32 75 1
32 76 1
32 80 1
32 84 1
32 85 1
32 88 1
32 97 1
32 101 1
32 107 1
32 112 1
32 113 1
32 116 1
32 129 1
33 30 1
34 95 1
35 11 1
35 20 1
35 25 1
35 49 1
35 52 1
35 54 1
35 63 1
35 64 1
35 65 1
35 75 1
35 82 1
35 84 1
35 88 1
35 93 1
35 97 1
35 98 1
35 107 1
35 109 1
35 110 1
35 111 1
35 112 1
35 119 1
35 123 1
35 124 1
35 126 1
35 127 1
41 20 1
41 30 1
41 52 1
41 76 1
41 86 1
41 109 1
42 28 1
42 90 1
43 64 1
43 65 1
43 80 1
44 49 1
44 104 1
44 109 1
45 43 1
45 104 1
45 113 1
45 129 1
46 58 1
46 61 1
46 80 1
46 89 1
46 98 1
46 129 1
47 109 1
47 121 1
47 128 1
48 57 1
48 58 1
48 61 1
48 75 1
48 96 1
48 112 1
48 118 1
48 125 1
48 128 1
48 129 1
49 3 1
49 24 1
49 65 1
49 80 1
49 82 1
49 98 1
49 101 1
49 109 1
49 112 1
49 122 1
50 9 1
50 73 1
50 76 1
50 88 1
52 38 1
52 54 1
52 64 1
52 65 1
52 73 1
52 76 1
52 82 1
52 85 1
52 86 1
52 90 1
52 93 1
52 104 1
52 128 1
52 129 1
54 64 1
54 80 1
54 129 1
55 54 1
55 65 1
55 80 1
55 82 1
55 101 1
55 127 1
56 50 1
56 64 1
56 121 1
56 123 1
57 84 1
57 112 1
58 61 1
58 116 1
58 129 1
59 18 1
60 77 1
61 20 1
61 129 1
62 18 1
62 110 1
63 48 1
64 65 1
64 122 1
64 129 1
65 48 1
65 122 1
65 128 1
65 129 1
67 93 1
67 101 1
69 88 1
69 103 1
69 121 1
70 25 1
70 116 1
71 57 1
72 20 1
72 98 1
72 128 1
73 119 1
74 20 1
74 61 1
74 84 1
75 84 1
75 109 1
75 129 1
77 82 1
77 88 1
77 120 1
79 129 1
81 24 1
81 32 1
81 61 1
81 97 1
81 116 1
81 126 1
82 54 1
82 61 1
82 65 1
82 75 1
82 81 1
82 85 1
82 88 1
82 97 1
82 101 1
82 109 1
82 112 1
83 57 1
84 17 1
84 38 1
84 109 1
84 118 1
84 129 1
85 24 1
85 63 1
85 76 1
85 124 1
85 129 1
86 11 1
86 12 1
86 54 1
86 64 1
86 82 1
86 105 1
86 122 1
87 65 1
87 76 1
87 89 1
87 97 1
88 84 1
88 85 1
88 89 1
88 98 1
88 109 1
88 111 1
88 112 1
88 127 1
90 129 1
92 54 1
92 103 1
92 109 1
92 111 1
93 61 1
93 82 1
93 84 1
93 112 1
95 98 1
96 14 1
96 129 1
97 84 1
97 88 1
98 16 1
99 44 1
99 75 1
100 126 1
101 65 1
101 75 1
102 63 1
102 76 1
102 84 1
102 93 1
102 116 1
102 129 1
103 88 1
104 55 1
104 111 1
105 12 1
106 61 1
107 54 1
107 84 1
107 88 1
107 95 1
107 127 1
108 38 1
108 65 1
108 79 1
108 90 1
108 112 1
108 129 1
109 112 1
111 38 1
112 129 1
114 38 1
114 96 1
117 126 1
118 14 1
119 65 1
120 111 1
120 128 1
123 11 1
123 76 1
124 112 1
124 122 1
125 38 1
125 128 1
127 57 1
128 85 1
