1 6 1
1 16 1
1 18 1
1 20 1
1 21 1
1 23 1
1 32 1
1 38 1
1 48 1
1 52 1
1 57 1
1 64 1
1 65 1
1 75 1
1 76 1
1 81 1
1 82 1
1 84 1
1 85 1
1 88 1
1 97 1
1 98 1
1 101 1
1 107 1
1 109 1
1 110 1
1 111 1
1 116 1
1 121 1
1 127 1
1 128 1
1 129 1
2 25 1
2 80 1
2 104 1
3 63 1
3 80 1
4 5 1
4 9 1
4 11 1
4 12 1
4 18 1
4 23 1
4 38 1
4 44 1
4 48 1
4 49 1
4 52 1
4 53 1
4 54 1
4 55 1
4 57 1
4 58 1
4 61 1
4 63 1
4 65 1
4 73 1
4 76 1
4 77 1
4 79 1
4 80 1
4 82 1
4 84 1
4 85 1
4 86 1
4 87 1
4 88 1
4 90 1
4 93 1
4 96 1
4 97 1
4 98 1
4 101 1
4 102 1
4 109 1
4 110 1
4 111 1
4 112 1
4 116 1
4 119 1
4 120 1
4 121 1
4 122 1
4 127 1
4 128 1
4 129 1
5 75 1
6 3 1
6 11 1
6 16 1
6 18 1
6 19 1
6 21 1
6 22 1
6 23 1
6 24 1
6 25 1
6 27 1
6 30 1
6 32 1
6 35 1
6 41 1
6 43 1
6 48 1
6 49 1
6 52 1
6 54 1
6 55 1
6 56 1
6 57 1
6 58 1
6 61 1
6 64 1
6 65 1
6 73 1
6 74 1
6 75 1
6 76 1
6 77 1
6 79 1
6 80 1
6 82 1
6 84 1
6 85 1
6 86 1
6 88 1
6 89 1
6 90 1
6 93 1
6 95 1
6 96 1
6 97 1
6 98 1
6 101 1
6 103 1
6 104 1
6 107 1
6 108 1
6 109 1
6 110 1
6 111 1
6 112 1
6 113 1
6 118 1
6 119 1
6 120 1
6 122 1
6 123 1
6 126 1
6 127 1
6 128 1
6 129 1
7 61 1
7 80 1
7 122 1
8 52 1
8 61 1
8 98 1
8 102 1
9 23 1
9 30 1
9 38 1
9 48 1
9 54 1
9 61 1
9 63 1
9 64 1
9 65 1
9 75 1
9 76 1
9 84 1
9 86 1
9 88 1
9 96 1
9 98 1
9 101 1
9 104 1
9 108 1
9 109 1
9 111 1
9 112 1
9 129 1
10 129 1
11 16 1
11 32 1
11 38 1
11 50 1
11 53 1
11 64 1
11 65 1
11 75 1
11 80 1
11 82 1
11 85 1
11 88 1
11 89 1
11 97 1
11 101 1
11 104 1
11 110 1
11 112 1
11 118 1
11 120 1
11 121 1
11 127 1
11 128 1
11 129 1
12 96 1
12 109 1
13 63 1
13 64 1
13 65 1
13 76 1
13 107 1
14 43 1
16 61 1
16 122 1
17 123 1
18 64 1
18 82 1
18 85 1
18 93 1
18 109 1
18 111 1
18 116 1
18 124 1
18 126 1
19 61 1
19 63 1
19 76 1
19 82 1
19 85 1
19 88 1
19 104 1
19 112 1
19 116 1
19 119 1
19 121 1
19 123 1
19 128 1
20 38 1
21 11 1
21 16 1
21 20 1
21 22 1
21 28 1
21 32 1
21 35 1
21 38 1
21 52 1
21 53 1
21 54 1
21 61 1
21 64 1
21 65 1
21 76 1
21 79 1
21 80 1
21 81 1
21 82 1
21 85 1
21 86 1
21 87 1
21 88 1
21 95 1
21 97 1
21 101 1
21 109 1
21 112 1
21 116 1
21 118 1
21 122 1
21 124 1
21 129 1
22 11 1
22 31 1
22 54 1
22 55 1
22 57 1
22 58 1
22 64 1
22 65 1
22 82 1
22 84 1
22 85 1
22 88 1
22 97 1
22 109 1
22 113 1
22 118 1
22 124 1
22 129 1
23 11 1
23 18 1
23 19 1
23 20 1
23 22 1
23 31 1
23 35 1
23 38 1
23 48 1
23 49 1
23 50 1
23 52 1
23 57 1
23 64 1
23 65 1
23 73 1
23 75 1
23 76 1
23 82 1
23 84 1
23 85 1
23 88 1
23 96 1
23 97 1
23 98 1
23 111 1
23 112 1
23 116 1
23 119 1
23 121 1
23 122 1
23 126 1
23 127 1
23 128 1
23 129 1
25 108 1
26 76 1
26 84 1
26 101 1
26 109 1
26 112 1
27 105 1
28 118 1
29 90 1
30 38 1
30 54 1
30 124 1
31 65 1
31 111 1
31 123 1
31 129 1
32 25 1
32 43 1
32 44 1
32 52 1
32 64 1
32 75 1
32 76 1
32 82 1
32 85 1
32 93 1
32 98 1
32 107 1
32 109 1
32 112 1
32 119 1
32 129 1
33 52 1
34 112 1
35 11 1
35 12 1
35 14 1
35 17 1
35 24 1
35 25 1
35 32 1
35 48 1
35 52 1
35 54 1
35 61 1
35 64 1
35 75 1
35 76 1
35 82 1
35 84 1
35 88 1
35 95 1
35 97 1
35 108 1
35 112 1
35 122 1
35 123 1
35 127 1
35 128 1
35 129 1
41 20 1
41 21 1
41 97 1
41 111 1
41 126 1
41 129 1
42 55 1
42 105 1
43 65 1
43 93 1
43 101 1
44 49 1
44 64 1
44 129 1
45 12 1
45 14 1
45 88 1
45 120 1
46 54 1
46 80 1
46 84 1
46 107 1
46 112 1
46 129 1
47 76 1
47 88 1
47 93 1
48 64 1
48 76 1
48 82 1
48 84 1
48 88 1
48 96 1
48 104 1
48 109 1
48 128 1
48 129 1
49 24 1
49 38 1
49 48 1
49 57 1
49 61 1
49 65 1
49 76 1
49 93 1
49 126 1
49 129 1
50 20 1
50 65 1
50 87 1
50 116 1
52 49 1
52 50 1
52 64 1
52 65 1
52 75 1
52 82 1
52 84 1
52 85 1
52 87 1
52 93 1
52 112 1
52 122 1
52 127 1
52 128 1
54 53 1
54 93 1
54 103 1
55 18 1
55 36 1
55 49 1
55 76 1
55 111 1
55 128 1
56 14 1
56 75 1
56 116 1
56 119 1
57 38 1
57 65 1
58 61 1
58 104 1
58 126 1
59 129 1
60 126 1
61 85 1
61 88 1
62 65 1
62 122 1
63 88 1
64 96 1
64 112 1
64 129 1
65 16 1
65 112 1
65 116 1
65 127 1
67 38 1
67 112 1
69 20 1
69 89 1
69 129 1
70 2 1
70 124 1
71 57 1
72 54 1
72 81 1
72 89 1
73 119 1
74 61 1
74 95 1
74 104 1
75 41 1
75 49 1
75 88 1
77 84 1
77 111 1
77 112 1
79 121 1
81 12 1
81 54 1
81 55 1
81 86 1
81 89 1
81 90 1
82 20 1
82 50 1
82 64 1
82 65 1
82 76 1
82 85 1
82 88 1
82 98 1
82 116 1
82 118 1
82 129 1
83 116 1
84 57 1
84 73 1
84 81 1
84 97 1
84 129 1
85 38 1
85 57 1
85 65 1
85 76 1
85 116 1
86 38 1
86 55 1
86 61 1
86 75 1
86 79 1
86 103 1
86 122 1
87 65 1
87 98 1
87 101 1
87 129 1
88 20 1
88 38 1
88 50 1
88 65 1
88 84 1
88 101 1
88 109 1
88 129 1
90 65 1
92 84 1
92 88 1
92 109 1
92 125 1
93 61 1
93 65 1
93 112 1
93 116 1
95 116 1
96 122 1
96 128 1
97 87 1
97 124 1
98 112 1
99 17 1
99 58 1
100 8 1
101 38 1
101 129 1
102 11 1
102 24 1
102 64 1
102 104 1
102 120 1
102 128 1
103 119 1
104 52 1
104 84 1
105 24 1
106 129 1
107 30 1
107 48 1
107 49 1
107 54 1
107 129 1
108 82 1
108 98 1
108 103 1
108 110 1
108 111 1
108 122 1
109 104 1
111 129 1
112 80 1
114 119 1
114 128 1
117 126 1
118 80 1
119 97 1
120 30 1
120 75 1
123 55 1
123 64 1
124 112 1
124 126 1
125 89 1
125 104 1
127 129 1
128 24 1
