1 6 1
1 11 1
1 16 1
1 23 1
1 38 1
1 48 1
1 49 1
1 50 1
1 52 1
1 54 1
1 55 1
1 57 1
1 61 1
1 63 1
1 64 1
1 65 1
1 73 1
1 75 1
1 76 1
1 80 1
1 82 1
1 86 1
1 88 1
1 93 1
1 101 1
1 107 1
1 109 1
1 112 1
1 116 1
1 119 1
1 122 1
1 129 1
2 20 1
2 48 1
2 64 1
3 93 1
3 110 1
4 3 1
4 11 1
4 16 1
4 18 1
4 20 1
4 21 1
4 22 1
4 23 1
4 30 1
4 31 1
4 32 1
4 35 1
4 41 1
4 44 1
4 48 1
4 49 1
4 50 1
4 52 1
4 55 1
4 57 1
4 61 1
4 64 1
4 65 1
4 74 1
4 76 1
4 79 1
4 80 1
4 82 1
4 85 1
4 86 1
4 87 1
4 88 1
4 90 1
4 93 1
4 96 1
4 98 1
4 103 1
4 104 1
4 107 1
4 109 1
4 111 1
4 112 1
4 113 1
4 120 1
4 121 1
4 126 1
4 127 1
4 128 1
4 129 1
5 124 1
6 9 1
6 11 1
6 12 1
6 14 1
6 18 1
6 21 1
6 22 1
6 23 1
6 24 1
6 28 1
6 30 1
6 31 1
6 32 1
6 35 1
6 38 1
6 41 1
6 43 1
6 49 1
6 50 1
6 52 1
6 55 1
6 56 1
6 57 1
6 58 1
6 61 1
6 63 1
6 64 1
6 65 1
6 75 1
6 76 1
6 77 1
6 79 1
6 80 1
6 81 1
6 82 1
6 84 1
6 85 1
6 86 1
6 87 1
6 88 1
6 89 1
6 90 1
6 93 1
6 95 1
6 98 1
6 101 1
6 104 1
6 107 1
6 108 1
6 109 1
6 110 1
6 111 1
6 112 1
6 113 1
6 116 1
6 119 1
6 120 1
6 122 1
6 123 1
6 124 1
6 125 1
6 126 1
6 127 1
6 128 1
6 129 1
7 25 1
7 52 1
7 116 1
8 19 1
8 82 1
8 111 1
8 129 1
9 11 1
9 14 1
9 17 1
9 18 1
9 21 1
9 48 1
9 52 1
9 57 1
9 63 1
9 64 1
9 65 1
9 75 1
9 76 1
9 84 1
9 88 1
9 89 1
9 93 1
9 103 1
9 104 1
9 108 1
9 111 1
9 118 1
9 129 1
10 89 1
11 2 1
11 30 1
11 38 1
11 58 1
11 61 1
11 64 1
11 65 1
11 75 1
11 76 1
11 80 1
11 81 1
11 82 1
11 85 1
11 87 1
11 93 1
11 96 1
11 101 1
11 104 1
11 109 1
11 116 1
11 119 1
11 120 1
11 127 1
11 129 1
12 98 1
12 112 1
13 65 1
13 75 1
13 105 1
13 123 1
13 126 1
14 54 1
16 97 1
16 116 1
17 96 1
18 24 1
18 48 1
18 55 1
18 84 1
18 88 1
18 108 1
18 112 1
18 119 1
18 129 1
19 14 1
19 49 1
19 61 1
19 65 1
19 75 1
19 82 1
19 105 1
19 118 1
19 119 1
19 122 1
19 124 1
19 128 1
19 129 1
20 65 1
21 11 1
21 19 1
21 20 1
21 22 1
21 32 1
21 48 1
21 49 1
21 50 1
21 52 1
21 53 1
21 57 1
21 61 1
21 63 1
21 65 1
21 76 1
21 79 1
21 84 1
21 85 1
21 86 1
21 88 1
21 89 1
21 96 1
21 98 1
21 101 1
21 103 1
21 104 1
21 109 1
21 110 1
21 116 1
21 121 1
21 126 1
21 128 1
21 129 1
22 32 1
22 38 1
22 52 1
22 54 1
22 64 1
22 65 1
22 87 1
22 88 1
22 95 1
22 98 1
22 101 1
22 107 1
22 109 1
22 112 1
22 116 1
22 127 1
22 128 1
22 129 1
23 11 1
23 38 1
23 44 1
23 48 1
23 49 1
23 50 1
23 52 1
23 54 1
23 55 1
23 61 1
23 64 1
23 65 1
23 75 1
23 76 1
23 82 1
23 84 1
23 85 1
23 87 1
23 88 1
23 90 1
23 93 1
23 96 1
23 97 1
23 98 1
23 102 1
23 104 1
23 109 1
23 112 1
23 116 1
23 119 1
23 123 1
23 126 1
23 127 1
23 128 1
23 129 1
25 5 1
26 77 1
26 88 1
26 103 1
26 104 1
26 121 1
27 89 1
28 49 1
29 73 1
30 84 1
30 97 1
30 108 1
31 64 1
31 88 1
31 93 1
31 111 1
32 16 1
32 18 1
32 23 1
32 25 1
32 52 1
32 58 1
32 65 1
32 86 1
32 88 1
32 90 1
32 95 1
32 98 1
32 123 1
32 126 1
32 127 1
32 129 1
33 65 1
34 128 1
35 43 1
35 49 1
35 53 1
35 55 1
35 63 1
35 65 1
35 76 1
35 80 1
35 81 1
35 82 1
35 84 1
35 85 1
35 88 1
35 97 1
35 98 1
35 101 1
35 109 1
35 110 1
35 111 1
35 112 1
35 118 1
35 121 1
35 122 1
35 126 1
35 127 1
35 129 1
41 36 1
41 57 1
41 80 1
41 82 1
41 109 1
41 128 1
42 35 1
42 118 1
43 84 1
43 88 1
43 111 1
44 20 1
44 65 1
44 122 1
45 61 1
45 85 1
45 95 1
45 128 1
46 38 1
46 54 1
46 82 1
46 121 1
46 122 1
46 128 1
47 82 1
47 97 1
47 129 1
48 27 1
48 38 1
48 75 1
48 80 1
48 84 1
48 93 1
48 98 1
48 101 1
48 110 1
48 112 1
49 43 1
49 53 1
49 64 1
49 76 1
49 88 1
49 101 1
49 104 1
49 111 1
49 112 1
49 116 1
50 65 1
50 88 1
50 104 1
50 112 1
52 20 1
52 38 1
52 54 1
52 61 1
52 65 1
52 75 1
52 82 1
52 84 1
52 85 1
52 88 1
52 97 1
52 112 1
52 116 1
52 129 1
54 38 1
54 84 1
54 112 1
55 25 1
55 54 1
55 84 1
55 109 1
55 111 1
55 129 1
56 16 1
56 116 1
56 118 1
56 122 1
57 12 1
57 102 1
58 61 1
58 107 1
58 119 1
59 58 1
60 85 1
61 76 1
61 126 1
62 55 1
62 129 1
63 61 1
64 54 1
64 89 1
64 112 1
65 38 1
65 61 1
65 84 1
65 122 1
67 20 1
67 79 1
69 98 1
69 109 1
69 116 1
70 24 1
70 118 1
71 112 1
72 16 1
72 73 1
72 111 1
73 38 1
74 64 1
74 85 1
74 129 1
75 64 1
75 65 1
75 129 1
77 97 1
77 101 1
77 124 1
79 124 1
81 17 1
81 52 1
81 80 1
81 111 1
81 122 1
81 129 1
82 18 1
82 38 1
82 61 1
82 76 1
82 80 1
82 84 1
82 85 1
82 109 1
82 112 1
82 128 1
82 129 1
83 129 1
84 24 1
84 97 1
84 122 1
84 126 1
84 128 1
85 54 1
85 97 1
85 101 1
85 120 1
85 129 1
86 64 1
86 65 1
86 76 1
86 88 1
86 96 1
86 97 1
86 119 1
87 76 1
87 85 1
87 109 1
87 129 1
88 11 1
88 64 1
88 75 1
88 76 1
88 80 1
88 96 1
88 112 1
88 129 1
90 129 1
92 38 1
92 57 1
92 104 1
92 129 1
93 30 1
93 64 1
93 82 1
93 112 1
95 104 1
96 82 1
96 112 1
97 88 1
97 116 1
98 129 1
99 75 1
99 123 1
100 73 1
101 57 1
101 76 1
102 65 1
102 76 1
102 81 1
102 85 1
102 122 1
102 124 1
103 120 1
104 38 1
104 76 1
105 12 1
106 24 1
107 61 1
107 64 1
107 65 1
107 116 1
107 121 1
108 12 1
108 24 1
108 53 1
108 54 1
108 57 1
108 119 1
109 112 1
111 128 1
112 84 1
114 8 1
114 65 1
117 97 1
118 129 1
119 38 1
120 20 1
120 127 1
123 25 1
123 48 1
124 75 1
124 122 1
125 32 1
125 54 1
127 64 1
128 20 1
