
   Summary motif results
   =====================
mfinder Version 1.20

MOTIF FINDER RESULTS:

	Network name: neuralCElegansmFinder.txt
	Network type: Directed
	Num of Nodes: 297 Num of Edges: 2345
	Num of Nodes with edges: 297
	Maximal out degree (out-hub) : 134
	Maximal in degree (in-hub) : 39
	Roots num: 3 Leaves num: 27
	Single Edges num: 1951 Mutual Edges num: 197

	Motif size searched  4
	Total number of 4-node subgraphs : 1394259
	Number of random networks generated : 100
	Random networks generation method: Switches (with metropolis)

The following motifs were found:

Criteria taken : Nreal Zscore > 2.00
                 Pval ignored (due to small number of random networks)
                 Mfactor > 1.10
                 Uniqueness >= 4


	Top Motifs List

MOTIF	NREAL	NRAND		NREAL	NREAL	UNIQ	CREAL
ID		STATS		ZSCORE	PVAL	VAL	[MILI]	

222	803	525.8+-64.4	4.31	0.000	17	0.58

0 1 1 1 
1 0 1 1 
0 0 0 0 
0 0 0 0 

904	5110	2274.0+-117.1	24.22	0.000	32	3.67

0 0 0 1 
0 0 0 1 
1 1 0 0 
0 0 0 0 

906	2110	1575.8+-134.9	3.96	0.000	22	1.51

0 1 0 1 
0 0 0 1 
1 1 0 0 
0 0 0 0 

922	2199	892.2+-113.5	11.52	0.000	19	1.58

0 1 0 1 
1 0 0 1 
1 1 0 0 
0 0 0 0 

4548	1200	847.1+-63.5	5.56	0.000	20	0.86

0 0 1 0 
0 0 1 1 
1 0 0 0 
1 0 0 0 

5018	586	285.9+-37.4	8.02	0.000	12	0.42

0 1 0 1 
1 0 0 1 
1 1 0 0 
1 0 0 0 

6552	1665	663.6+-65.5	15.29	0.000	19	1.19

0 0 0 1 
1 0 0 1 
1 0 0 1 
1 0 0 0 



	(Total No. of non-dangling motifs : 17)



	Full list includes 34 motifs
MOTIF	NREAL	NRAND		NREAL	NREAL	UNIQ	CREAL
ID		STATS		ZSCORE	PVAL	VAL	[MILI]	

14	384900	338705.8+-2368.2	19.51	0.000	44	276.06

0 1 1 1 
0 0 0 0 
0 0 0 0 
0 0 0 0 

90	9033	7287.4+-442.6	3.94	0.000	29	6.48

0 1 0 1 
1 0 1 0 
0 0 0 0 
0 0 0 0 

222	803	525.8+-64.4	4.31	0.000	17	0.58

0 1 1 1 
1 0 1 1 
0 0 0 0 
0 0 0 0 

280	85447	74086.8+-708.6	16.03	0.000	41	61.28

0 0 0 1 
1 0 0 0 
1 0 0 0 
0 0 0 0 

286	2322	2060.4+-94.3	2.77	0.000	22	1.67

0 1 1 1 
1 0 0 0 
1 0 0 0 
0 0 0 0 

348	7945	6384.2+-311.2	5.02	0.000	30	5.70

0 0 1 1 
1 0 1 0 
1 0 0 0 
0 0 0 0 

350	1110	916.4+-68.4	2.83	0.010	17	0.80

0 1 1 1 
1 0 1 0 
1 0 0 0 
0 0 0 0 

394	13141	9439.4+-478.3	7.74	0.000	31	9.43

0 1 0 1 
0 0 0 1 
1 0 0 0 
0 0 0 0 

398	1892	1326.2+-94.1	6.01	0.000	27	1.36

0 1 1 1 
0 0 0 1 
1 0 0 0 
0 0 0 0 

904	5110	2274.0+-117.1	24.22	0.000	32	3.67

0 0 0 1 
0 0 0 1 
1 1 0 0 
0 0 0 0 

906	2110	1575.8+-134.9	3.96	0.000	22	1.51

0 1 0 1 
0 0 0 1 
1 1 0 0 
0 0 0 0 

908	759	564.5+-45.3	4.30	0.000	21	0.54

0 0 1 1 
0 0 0 1 
1 1 0 0 
0 0 0 0 

922	2199	892.2+-113.5	11.52	0.000	19	1.58

0 1 0 1 
1 0 0 1 
1 1 0 0 
0 0 0 0 

972	217	82.7+-13.3	10.09	0.000	15	0.16

0 0 1 1 
0 0 1 1 
1 1 0 0 
0 0 0 0 

2184	30403	26193.2+-326.2	12.91	0.000	40	21.81

0 0 0 1 
0 0 0 1 
0 0 0 1 
0 0 0 0 

4370	14563	12858.7+-334.0	5.10	0.000	29	10.44

0 1 0 0 
1 0 0 0 
1 0 0 0 
1 0 0 0 

4374	2442	2132.7+-88.9	3.48	0.000	21	1.75

0 1 1 0 
1 0 0 0 
1 0 0 0 
1 0 0 0 

4382	163	132.9+-11.9	2.53	0.020	13	0.12

0 1 1 1 
1 0 0 0 
1 0 0 0 
1 0 0 0 

4420	9561	7728.2+-375.5	4.88	0.000	25	6.86

0 0 1 0 
0 0 1 0 
1 0 0 0 
1 0 0 0 

4422	1602	1209.5+-105.8	3.71	0.000	17	1.15

0 1 1 0 
0 0 1 0 
1 0 0 0 
1 0 0 0 

4424	17777	15220.6+-333.2	7.67	0.000	33	12.75

0 0 0 1 
0 0 1 0 
1 0 0 0 
1 0 0 0 

4440	2195	1837.3+-103.3	3.46	0.000	27	1.57

0 0 0 1 
1 0 1 0 
1 0 0 0 
1 0 0 0 

4546	56	32.0+-7.5	3.21	0.010	7	0.04

0 1 0 0 
0 0 1 1 
1 0 0 0 
1 0 0 0 

4548	1200	847.1+-63.5	5.56	0.000	20	0.86

0 0 1 0 
0 0 1 1 
1 0 0 0 
1 0 0 0 

4556	248	115.2+-16.9	7.84	0.000	12	0.18

0 0 1 1 
0 0 1 1 
1 0 0 0 
1 0 0 0 

4678	4008	3166.6+-187.3	4.49	0.000	25	2.87

0 1 1 0 
0 0 1 0 
0 1 0 0 
1 0 0 0 

5018	586	285.9+-37.4	8.02	0.000	12	0.42

0 1 0 1 
1 0 0 1 
1 1 0 0 
1 0 0 0 

5064	112	64.0+-10.3	4.66	0.000	10	0.08

0 0 0 1 
0 0 1 1 
1 1 0 0 
1 0 0 0 

5068	58	37.8+-8.8	2.30	0.010	9	0.04

0 0 1 1 
0 0 1 1 
1 1 0 0 
1 0 0 0 

6552	1665	663.6+-65.5	15.29	0.000	19	1.19

0 0 0 1 
1 0 0 1 
1 0 0 1 
1 0 0 0 

13142	105	74.3+-11.4	2.69	0.000	9	0.08

0 1 1 0 
1 0 1 0 
1 1 0 0 
1 1 0 0 

13148	31	16.7+-5.1	2.82	0.010	5	0.02

0 0 1 1 
1 0 1 0 
1 1 0 0 
1 1 0 0 

13260	8	1.4+-1.2	5.44	0.000	5	0.01

0 0 1 1 
0 0 1 1 
1 1 0 0 
1 1 0 0 

13262	28	6.4+-2.9	7.55	0.000	4	0.02

0 1 1 1 
0 0 1 1 
1 1 0 0 
1 1 0 0 




Full list of subgraphs size 4 ids:

	( Total num of different subgraphs size 4 is : 199 )

MOTIF	NREAL	NRAND		NREAL	NREAL	CREAL	UNIQ
ID		STATS		ZSCORE	PVAL	[MILI]	
14	384900	338705.8+-2368.2	19.51	0.000	276.06	44

28	95347	88889.2+-899.3	7.18	0.000	68.39	43

30	12890	13327.8+-311.4	-1.41	0.950	9.25	34

74	132325	137333.7+-2485.9	-2.01	0.980	94.91	52

76	121601	174906.3+-2363.7	-22.55	1.000	87.22	46

78	60269	84413.3+-1846.7	-13.07	1.000	43.23	39

90	9033	7287.4+-442.6	3.94	0.000	6.48	29

92	12715	18427.8+-508.6	-11.23	1.000	9.12	35

94	5678	5766.0+-227.3	-0.39	0.660	4.07	24

204	3184	2900.0+-143.6	1.98	0.030	2.28	31

206	2436	4330.7+-213.6	-8.87	1.000	1.75	30

222	803	525.8+-64.4	4.31	0.000	0.58	17

280	85447	74086.8+-708.6	16.03	0.000	61.28	41

282	22448	22550.8+-596.4	-0.17	0.580	16.10	35

286	2322	2060.4+-94.3	2.77	0.000	1.67	22

328	64639	63937.8+-1144.0	0.61	0.310	46.36	40

330	1470	2332.1+-96.0	-8.98	1.000	1.05	14

332	14861	15034.3+-567.8	-0.31	0.600	10.66	29

334	1561	1512.4+-103.2	0.47	0.300	1.12	21

344	11276	11067.8+-536.2	0.39	0.380	8.09	36

346	857	1243.2+-131.1	-2.95	1.000	0.61	18

348	7945	6384.2+-311.2	5.02	0.000	5.70	30

350	1110	916.4+-68.4	2.83	0.010	0.80	17

390	10518	13518.4+-387.5	-7.74	1.000	7.54	30

392	84670	82497.9+-1293.7	1.68	0.010	60.73	42

394	13141	9439.4+-478.3	7.74	0.000	9.43	31

396	15407	17252.0+-318.4	-5.79	1.000	11.05	33

398	1892	1326.2+-94.1	6.01	0.000	1.36	27

404	25807	28080.4+-765.6	-2.97	1.000	18.51	33

406	3348	3490.2+-130.8	-1.09	0.870	2.40	21

408	11165	15999.5+-515.5	-9.38	1.000	8.01	36

410	4003	4841.6+-218.3	-3.84	1.000	2.87	23

412	1811	2018.2+-122.1	-1.70	0.960	1.30	26

414	653	834.0+-58.6	-3.09	1.000	0.47	18

454	1028	2193.8+-152.9	-7.62	1.000	0.74	20

456	3443	4101.0+-171.6	-3.83	1.000	2.47	27

458	187	332.0+-44.6	-3.25	1.000	0.13	14

460	1064	1094.6+-71.3	-0.43	0.670	0.76	27

462	221	240.9+-32.5	-0.61	0.790	0.16	16

468	7966	19112.9+-557.5	-20.00	1.000	5.71	28

470	1216	1350.2+-82.5	-1.63	0.950	0.87	17

472	1503	5194.8+-222.1	-16.62	1.000	1.08	27

474	296	419.6+-48.3	-2.56	1.000	0.21	18

476	890	2130.5+-84.1	-14.75	1.000	0.64	22

478	365	316.9+-35.9	1.34	0.090	0.26	16

856	1175	2132.3+-197.3	-4.85	1.000	0.84	21

858	647	1035.9+-99.7	-3.90	1.000	0.46	17

862	243	308.9+-27.2	-2.42	0.990	0.17	10

904	5110	2274.0+-117.1	24.22	0.000	3.67	32

906	2110	1575.8+-134.9	3.96	0.000	1.51	22

908	759	564.5+-45.3	4.30	0.000	0.54	21

910	331	428.4+-47.0	-2.07	1.000	0.24	20

922	2199	892.2+-113.5	11.52	0.000	1.58	19

924	159	189.7+-32.6	-0.94	0.830	0.11	13

926	200	242.8+-35.1	-1.22	0.910	0.14	10

972	217	82.7+-13.3	10.09	0.000	0.16	15

974	134	108.8+-18.0	1.40	0.060	0.10	9

990	74	66.0+-11.6	0.69	0.270	0.05	8

2184	30403	26193.2+-326.2	12.91	0.000	21.81	40

2186	12524	13092.4+-244.8	-2.32	0.990	8.98	36

2190	1343	2574.6+-165.9	-7.42	1.000	0.96	26

2202	1692	2500.9+-122.9	-6.58	1.000	1.21	24

2204	929	1132.3+-78.9	-2.58	1.000	0.67	25

2206	317	368.1+-30.3	-1.69	0.960	0.23	18

2252	1001	1106.6+-95.7	-1.10	0.870	0.72	25

2254	491	1141.3+-82.4	-7.89	1.000	0.35	18

2270	125	124.3+-19.2	0.04	0.470	0.09	13

2458	315	577.4+-46.0	-5.70	1.000	0.23	21

2462	86	112.6+-16.6	-1.60	0.970	0.06	8

2506	10	31.2+-10.4	-2.04	1.000	0.01	6

2510	112	111.0+-18.8	0.05	0.430	0.08	7

2524	166	421.0+-32.0	-7.96	1.000	0.12	14

2526	109	119.5+-19.0	-0.55	0.710	0.08	10

3038	0	16.4+-5.9	-2.80	1.000	0.00	0

4370	14563	12858.7+-334.0	5.10	0.000	10.44	29

4374	2442	2132.7+-88.9	3.48	0.000	1.75	21

4382	163	132.9+-11.9	2.53	0.020	0.12	13

4418	1712	1953.6+-85.2	-2.84	1.000	1.23	15

4420	9561	7728.2+-375.5	4.88	0.000	6.86	25

4422	1602	1209.5+-105.8	3.71	0.000	1.15	17

4424	17777	15220.6+-333.2	7.67	0.000	12.75	33

4426	296	279.4+-21.4	0.78	0.160	0.21	14

4428	3604	3668.9+-149.5	-0.43	0.660	2.58	21

4430	229	217.2+-18.6	0.63	0.300	0.16	14

4434	1197	1380.6+-90.4	-2.03	0.980	0.86	23

4436	6167	7069.2+-214.0	-4.22	1.000	4.42	29

4438	890	893.1+-62.9	-0.05	0.570	0.64	17

4440	2195	1837.3+-103.3	3.46	0.000	1.57	27

4442	190	214.9+-20.3	-1.23	0.860	0.14	15

4444	1081	1069.3+-58.6	0.20	0.450	0.78	19

4446	182	161.3+-12.4	1.66	0.040	0.13	10

4546	56	32.0+-7.5	3.21	0.010	0.04	7

4548	1200	847.1+-63.5	5.56	0.000	0.86	20

4550	42	44.0+-8.8	-0.23	0.650	0.03	9

4556	248	115.2+-16.9	7.84	0.000	0.18	12

4558	17	18.6+-5.9	-0.28	0.630	0.01	6

4562	51	57.3+-10.1	-0.62	0.750	0.04	10

4564	691	1904.1+-80.4	-15.09	1.000	0.50	20

4566	66	75.7+-11.7	-0.83	0.810	0.05	9

4572	247	417.3+-27.3	-6.25	1.000	0.18	12

4574	26	28.9+-5.9	-0.50	0.680	0.02	6

4678	4008	3166.6+-187.3	4.49	0.000	2.87	25

4682	2928	3256.1+-77.6	-4.23	1.000	2.10	23

4686	545	474.2+-36.8	1.92	0.020	0.39	18

4692	1041	1817.4+-106.3	-7.31	1.000	0.75	20

4694	1030	1097.9+-102.2	-0.66	0.750	0.74	17

4698	347	433.7+-22.4	-3.87	1.000	0.25	15

4700	191	265.6+-22.6	-3.30	1.000	0.14	17

4702	152	198.3+-19.2	-2.41	0.990	0.11	12

4740	118	367.3+-40.8	-6.11	1.000	0.08	15

4742	104	160.9+-22.0	-2.59	1.000	0.07	10

4748	195	405.9+-36.1	-5.84	1.000	0.14	14

4750	80	111.7+-15.9	-2.00	0.990	0.06	14

4758	26	39.7+-10.2	-1.34	0.910	0.02	5

4764	61	99.7+-14.4	-2.68	1.000	0.04	10

4766	56	60.0+-11.9	-0.33	0.660	0.04	11

4812	70	61.7+-11.5	0.72	0.240	0.05	11

4814	52	75.8+-13.2	-1.80	0.960	0.04	11

4830	28	22.8+-5.7	0.92	0.190	0.02	6

4946	802	1159.4+-73.4	-4.87	1.000	0.58	21

4950	228	303.9+-22.9	-3.31	1.000	0.16	10

4952	333	421.4+-31.6	-2.80	0.990	0.24	17

4954	134	189.6+-18.9	-2.95	1.000	0.10	11

4958	50	56.5+-7.7	-0.84	0.810	0.04	7

4994	210	291.4+-26.6	-3.06	1.000	0.15	13

4998	43	82.5+-12.8	-3.07	1.000	0.03	10

5002	174	182.3+-24.2	-0.34	0.610	0.12	19

5004	77	121.5+-14.1	-3.15	1.000	0.06	14

5006	47	66.9+-11.5	-1.73	0.960	0.03	9

5010	404	453.5+-48.4	-1.02	0.820	0.29	16

5012	77	138.2+-20.3	-3.01	1.000	0.06	10

5014	39	58.6+-9.6	-2.04	0.990	0.03	9

5016	517	665.3+-53.8	-2.76	1.000	0.37	22

5018	586	285.9+-37.4	8.02	0.000	0.42	12

5020	47	80.8+-12.6	-2.68	1.000	0.03	7

5022	30	41.7+-7.1	-1.65	0.990	0.02	9

5058	37	36.6+-7.7	0.05	0.490	0.03	8

5062	23	21.0+-5.0	0.39	0.440	0.02	7

5064	112	64.0+-10.3	4.66	0.000	0.08	10

5066	18	23.4+-6.4	-0.84	0.850	0.01	5

5068	58	37.8+-8.8	2.30	0.010	0.04	9

5070	11	17.2+-5.3	-1.16	0.910	0.01	5

5074	69	69.5+-10.6	-0.05	0.500	0.05	10

5076	50	82.8+-11.2	-2.94	1.000	0.04	11

5078	13	34.2+-7.1	-2.99	1.000	0.01	5

5080	160	226.2+-20.3	-3.26	1.000	0.11	15

5082	25	42.3+-6.3	-2.75	1.000	0.02	7

5084	35	50.7+-8.5	-1.86	0.990	0.03	5

5086	22	24.3+-5.3	-0.44	0.770	0.02	7

6342	16	19.4+-6.9	-0.49	0.710	0.01	7

6348	141	229.7+-26.9	-3.30	1.000	0.10	16

6350	20	36.5+-8.6	-1.93	1.000	0.01	5

6356	14	73.7+-11.0	-5.42	1.000	0.01	6

6358	14	21.1+-6.6	-1.08	0.890	0.01	6

6364	151	280.6+-22.2	-5.85	1.000	0.11	14

6366	37	41.4+-8.0	-0.54	0.700	0.03	9

6550	13	13.7+-4.4	-0.15	0.550	0.01	6

6552	1665	663.6+-65.5	15.29	0.000	1.19	19

6554	335	319.1+-34.1	0.47	0.280	0.24	16

6558	35	25.1+-5.7	1.75	0.060	0.03	5

6598	6	9.2+-3.6	-0.89	0.860	0.00	3

6602	16	29.6+-7.5	-1.81	1.000	0.01	6

6604	151	124.3+-17.6	1.52	0.060	0.11	14

6606	7	17.8+-4.8	-2.25	1.000	0.01	3

6614	8	14.9+-4.3	-1.60	0.970	0.01	5

6616	277	500.1+-41.8	-5.34	1.000	0.20	16

6618	25	48.9+-9.6	-2.49	1.000	0.02	7

6620	192	306.6+-27.7	-4.14	1.000	0.14	13

6622	15	22.7+-5.2	-1.49	0.940	0.01	3

6854	5	7.9+-3.3	-0.88	0.850	0.00	3

6858	39	72.3+-12.8	-2.60	1.000	0.03	8

6862	7	14.9+-4.1	-1.93	0.990	0.01	4

6870	8	10.1+-3.5	-0.59	0.790	0.01	3

6874	31	48.6+-7.5	-2.35	0.990	0.02	7

6876	12	31.2+-6.3	-3.03	1.000	0.01	5

6878	6	17.4+-4.7	-2.42	1.000	0.00	2

7126	8	6.7+-2.6	0.50	0.340	0.01	5

7128	50	70.0+-13.6	-1.47	0.960	0.04	7

7130	31	48.2+-8.6	-2.01	0.970	0.02	5

7134	4	9.2+-3.5	-1.46	0.960	0.00	4

13142	105	74.3+-11.4	2.69	0.000	0.08	9

13146	18	21.1+-5.9	-0.52	0.750	0.01	5

13148	31	16.7+-5.1	2.82	0.010	0.02	5

13150	11	23.8+-4.6	-2.80	0.990	0.01	5

13260	8	1.4+-1.2	5.44	0.000	0.01	5

13262	28	6.4+-2.9	7.55	0.000	0.02	4

13278	1	3.3+-1.7	-1.38	0.940	0.00	1

14678	5	10.7+-4.1	-1.40	0.950	0.00	2

14686	1	2.0+-1.4	-0.74	0.840	0.00	1

14790	2	1.1+-1.3	0.70	0.310	0.00	1

14798	5	6.4+-2.8	-0.51	0.700	0.00	4

14810	4	7.9+-3.4	-1.17	0.930	0.00	3

14812	10	17.0+-4.7	-1.49	0.970	0.01	6

14814	7	7.6+-2.9	-0.21	0.620	0.01	4

15258	11	39.8+-7.6	-3.80	1.000	0.01	4

15262	4	9.6+-3.4	-1.64	0.970	0.00	3

15310	15	4.7+-2.4	4.26	0.000	0.01	3

15326	4	3.6+-1.9	0.21	0.490	0.00	2

31710	0	0.1+-0.3	-0.37	1.000	0.00	0



 (Application total runtime was:  12.71 hours.)

 (Real network processing runtime was:   24.0 seconds.)

 (Single Random network processing runtime was:   7.62 minutes).
