22	7141	1
22	4269	1
522	22	1
22	522	1
22	515	1
522	515	1
1592	22	1
22	1592	1
1603	22	1
1603	1592	1
22	4435	1
22	4643	1
22	5007	1
22	136	1
1052	22	1
1052	136	1
22	1052	1
1554	1052	1
22	1554	1
1554	533	1
94	522	1
94	533	1
22	94	1
136	94	1
1052	94	1
922	94	1
94	922	1
16	522	1
16	533	1
16	922	1
16	1052	1
16	1592	1
22	16	1
94	16	1
136	16	1
522	16	1
1554	16	1
16	4175	1
4176	22	1
4175	4176	1
2462	22	1
16	2462	1
22	2462	1
6362	2462	1
16	6362	1
16	3301	1
6362	3301	1
1089	16	1
1089	22	1
16	1089	1
22	1089	1
1554	1089	1
881	16	1
16	881	1
1089	881	1
45	16	1
45	22	1
45	533	1
45	922	1
45	1052	1
22	45	1
881	45	1
1089	45	1
348	22	1
348	94	1
348	136	1
16	348	1
22	348	1
45	348	1
5039	348	1
22	2653	1
104	16	1
104	22	1
104	45	1
104	348	1
22	104	1
2653	104	1
1192	22	1
1192	45	1
1192	104	1
1270	1192	1
879	16	1
879	45	1
22	879	1
111	16	1
111	22	1
111	45	1
111	94	1
111	104	1
111	879	1
16	111	1
22	111	1
45	111	1
94	111	1
136	111	1
1052	111	1
111	4820	1
4065	22	1
45	4065	1
3952	4065	1
16	3952	1
111	3952	1
58	16	1
58	45	1
58	94	1
58	104	1
58	111	1
58	881	1
58	1089	1
58	1554	1
58	3952	1
22	58	1
111	58	1
1052	58	1
1554	58	1
1879	45	1
58	1879	1
9	16	1
9	111	1
9	1879	1
22	9	1
2554	22	1
2554	348	1
16	2554	1
22	2554	1
45	2554	1
844	16	1
844	348	1
844	2554	1
22	844	1
94	844	1
879	844	1
1052	844	1
1192	844	1
725	9	1
725	22	1
725	45	1
725	94	1
725	104	1
725	844	1
16	725	1
111	725	1
136	725	1
12	16	1
12	94	1
12	111	1
12	348	1
12	1592	1
12	2554	1
9	12	1
22	12	1
58	12	1
136	12	1
533	12	1
1089	12	1
1192	12	1
1554	12	1
1879	12	1
4435	12	1
72	725	1
12	72	1
22	72	1
45	72	1
58	72	1
94	72	1
104	72	1
111	72	1
844	72	1
879	72	1
1228	22	1
16	1228	1
803	58	1
803	844	1
16	803	1
22	803	1
45	803	1
879	803	1
881	803	1
1228	803	1
46	9	1
46	12	1
46	94	1
46	104	1
46	111	1
46	844	1
9	46	1
12	46	1
16	46	1
22	46	1
45	46	1
58	46	1
72	46	1
94	46	1
104	46	1
111	46	1
725	46	1
844	46	1
1089	46	1
307	16	1
307	46	1
307	136	1
22	307	1
72	307	1
104	307	1
111	307	1
22	2866	1
46	2866	1
307	2866	1
22	1166	1
474	12	1
474	16	1
474	72	1
474	104	1
474	111	1
474	881	1
474	1089	1
474	1166	1
22	474	1
348	474	1
522	474	1
533	474	1
1052	474	1
111	2203	1
474	2203	1
371	16	1
371	22	1
371	94	1
371	522	1
16	371	1
22	371	1
45	371	1
46	371	1
72	371	1
474	371	1
844	371	1
582	16	1
582	45	1
582	58	1
582	72	1
582	111	1
582	136	1
582	371	1
582	474	1
582	879	1
582	1052	1
22	582	1
371	582	1
22	3950	1
979	522	1
16	979	1
22	979	1
58	979	1
22	2141	1
15	16	1
15	45	1
15	46	1
15	72	1
15	104	1
15	111	1
15	307	1
15	371	1
15	844	1
15	1052	1
9	15	1
12	15	1
22	15	1
46	15	1
58	15	1
72	15	1
104	15	1
111	15	1
136	15	1
348	15	1
371	15	1
474	15	1
515	15	1
582	15	1
725	15	1
803	15	1
881	15	1
1052	15	1
1089	15	1
1192	15	1
1554	15	1
1879	15	1
2141	15	1
2866	15	1
4820	15	1
231	15	1
231	16	1
231	22	1
231	58	1
231	94	1
231	136	1
231	474	1
231	515	1
231	725	1
231	879	1
231	881	1
22	231	1
307	231	1
474	231	1
582	231	1
41	9	1
41	12	1
41	15	1
41	45	1
41	58	1
41	72	1
41	104	1
41	111	1
41	231	1
22	41	1
45	41	1
94	41	1
104	41	1
111	41	1
136	41	1
307	41	1
582	41	1
725	41	1
879	41	1
1889	15	1
1889	16	1
1889	45	1
1889	111	1
41	1889	1
58	1889	1
104	1889	1
111	1889	1
474	1889	1
15	4515	1
7452	15	1
16	7452	1
5518	22	1
16	5518	1
16	1398	1
22	1398	1
16	4094	1
1398	4094	1
5750	4094	1
16	5750	1
18	15	1
18	16	1
18	22	1
18	41	1
18	45	1
18	46	1
18	72	1
18	94	1
18	111	1
18	348	1
18	371	1
18	533	1
18	725	1
18	803	1
18	1052	1
18	1089	1
18	1398	1
18	1592	1
18	2462	1
18	2554	1
18	4094	1
18	4269	1
18	4820	1
18	5039	1
18	5750	1
9	18	1
15	18	1
22	18	1
46	18	1
58	18	1
72	18	1
111	18	1
136	18	1
231	18	1
348	18	1
474	18	1
522	18	1
533	18	1
582	18	1
725	18	1
803	18	1
1052	18	1
1166	18	1
1889	18	1
2866	18	1
3301	18	1
4094	18	1
5518	18	1
4402	18	1
16	4402	1
18	4402	1
104	4402	1
22	5866	1
2299	9	1
2299	15	1
2299	18	1
2299	22	1
2299	94	1
2299	474	1
12	2299	1
16	2299	1
18	2299	1
2554	2299	1
1293	22	1
12	1293	1
16	1293	1
18	1293	1
22	1293	1
286	111	1
286	371	1
286	803	1
286	1052	1
286	1089	1
286	1293	1
286	3952	1
286	4402	1
12	286	1
15	286	1
18	286	1
22	286	1
45	286	1
58	286	1
94	286	1
104	286	1
111	286	1
136	286	1
474	286	1
582	286	1
844	286	1
1986	18	1
286	1986	1
1510	15	1
1510	18	1
1510	22	1
1510	136	1
16	1510	1
22	1510	1
286	1510	1
294	15	1
294	16	1
294	94	1
294	111	1
294	231	1
294	286	1
294	1089	1
294	1192	1
294	1554	1
294	2462	1
22	294	1
41	294	1
46	294	1
104	294	1
111	294	1
348	294	1
371	294	1
582	294	1
1052	294	1
1510	294	1
2299	294	1
2	15	1
2	16	1
2	22	1
2	41	1
2	45	1
2	46	1
2	72	1
2	104	1
2	286	1
2	348	1
2	533	1
2	844	1
2	1052	1
18	2	1
22	2	1
58	2	1
104	2	1
111	2	1
136	2	1
294	2	1
348	2	1
371	2	1
474	2	1
582	2	1
1192	2	1
1889	2	1
3108	22	1
2	3108	1
18	3108	1
22	1691	1
361	18	1
361	22	1
361	474	1
16	361	1
286	361	1
123	2	1
123	12	1
123	15	1
123	16	1
123	18	1
123	41	1
123	45	1
123	46	1
123	58	1
123	72	1
123	94	1
123	104	1
123	111	1
123	286	1
123	474	1
123	844	1
123	1554	1
123	2462	1
123	7452	1
2	123	1
46	123	1
111	123	1
348	123	1
361	123	1
522	123	1
725	123	1
1166	123	1
2405	18	1
2405	22	1
2405	123	1
15	2405	1
16	2405	1
18	2405	1
22	2405	1
94	2405	1
6	2	1
6	9	1
6	12	1
6	15	1
6	16	1
6	18	1
6	41	1
6	45	1
6	46	1
6	72	1
6	94	1
6	111	1
6	136	1
6	231	1
6	286	1
6	371	1
6	474	1
6	582	1
6	1052	1
6	1510	1
6	1889	1
6	2554	1
2	6	1
9	6	1
15	6	1
18	6	1
22	6	1
41	6	1
45	6	1
46	6	1
58	6	1
104	6	1
111	6	1
123	6	1
371	6	1
474	6	1
522	6	1
582	6	1
725	6	1
803	6	1
1192	6	1
1554	6	1
1889	6	1
2405	6	1
6	7017	1
18	7017	1
718	18	1
16	718	1
371	718	1
1341	22	1
1341	718	1
2	1341	1
15	1341	1
16	1341	1
18	1341	1
72	1341	1
286	1341	1
2303	22	1
2303	123	1
2	2303	1
6	2303	1
16	2303	1
104	2303	1
1341	2303	1
6	5227	1
45	5227	1
91	15	1
91	474	1
16	91	1
22	91	1
2966	22	1
16	2966	1
286	2966	1
1289	6	1
1289	12	1
1289	15	1
1289	18	1
1289	22	1
1289	41	1
1289	123	1
12	1289	1
15	1289	1
16	1289	1
22	1289	1
123	1289	1
286	1289	1
294	1289	1
2966	1289	1
5449	22	1
16	5449	1
16	6673	1
18	6673	1
22	6673	1
42	2	1
42	6	1
42	15	1
42	16	1
42	41	1
42	45	1
42	72	1
42	111	1
42	231	1
42	294	1
42	881	1
6	42	1
22	42	1
41	42	1
46	42	1
123	42	1
231	42	1
307	42	1
582	42	1
725	42	1
6673	42	1
838	12	1
838	15	1
838	16	1
838	18	1
838	22	1
838	42	1
838	123	1
838	136	1
838	474	1
16	838	1
22	838	1
46	838	1
123	838	1
286	838	1
120	2	1
120	15	1
120	16	1
120	41	1
120	45	1
120	58	1
120	104	1
120	111	1
120	123	1
120	136	1
120	231	1
120	286	1
120	515	1
120	879	1
120	1554	1
120	1889	1
6	120	1
16	120	1
22	120	1
41	120	1
46	120	1
725	120	1
838	120	1
1052	120	1
1341	120	1
5406	6	1
5406	18	1
5406	22	1
5406	42	1
5406	45	1
5406	94	1
5406	104	1
5406	120	1
5406	844	1
16	5406	1
18	5406	1
45	5406	1
104	5406	1
123	5406	1
286	5406	1
1341	5406	1
16	4330	1
18	4330	1
22	4330	1
5533	22	1
16	5533	1
124	18	1
124	123	1
124	371	1
124	4330	1
124	5533	1
2	124	1
6	124	1
12	124	1
15	124	1
16	124	1
18	124	1
94	124	1
123	124	1
294	124	1
474	124	1
124	6660	1
6263	2	1
6263	18	1
6263	22	1
6263	120	1
6263	474	1
124	6263	1
6660	6263	1
4714	22	1
4714	2299	1
4714	6263	1
12	4714	1
15	4714	1
16	4714	1
18	4714	1
45	4714	1
124	4714	1
371	4714	1
474	4714	1
1955	4714	1
6	1955	1
16	1955	1
22	1955	1
45	1955	1
258	6	1
258	15	1
258	18	1
258	22	1
258	120	1
258	136	1
258	474	1
18	258	1
45	258	1
104	258	1
307	258	1
1955	258	1
139	9	1
139	15	1
139	42	1
139	104	1
139	120	1
139	136	1
139	294	1
22	139	1
46	139	1
258	139	1
207	12	1
207	15	1
207	16	1
207	22	1
207	41	1
207	45	1
207	58	1
207	72	1
207	136	1
207	231	1
207	879	1
22	207	1
41	207	1
46	207	1
123	207	1
139	207	1
258	207	1
307	207	1
348	207	1
119	2	1
119	6	1
119	12	1
119	15	1
119	16	1
119	18	1
119	41	1
119	42	1
119	45	1
119	46	1
119	58	1
119	72	1
119	94	1
119	104	1
119	111	1
119	120	1
119	136	1
119	139	1
119	207	1
119	231	1
119	258	1
119	286	1
119	294	1
119	307	1
119	474	1
119	582	1
119	844	1
119	1052	1
119	1889	1
72	119	1
371	119	1
879	119	1
358	12	1
358	15	1
358	16	1
358	18	1
358	22	1
358	45	1
358	94	1
358	123	1
358	474	1
358	522	1
2	358	1
12	358	1
15	358	1
16	358	1
18	358	1
22	358	1
45	358	1
94	358	1
119	358	1
123	358	1
1592	358	1
2554	358	1
4714	358	1
7683	22	1
16	7683	1
4818	45	1
22	4818	1
5280	22	1
5280	4818	1
9	5280	1
4843	9	1
89	22	1
89	111	1
89	120	1
89	123	1
89	371	1
89	533	1
89	725	1
89	1341	1
89	1592	1
89	1889	1
89	1955	1
89	2554	1
89	3301	1
89	4065	1
89	4094	1
89	4714	1
89	4843	1
2	89	1
6	89	1
9	89	1
12	89	1
15	89	1
18	89	1
22	89	1
42	89	1
45	89	1
58	89	1
94	89	1
104	89	1
111	89	1
119	89	1
120	89	1
123	89	1
207	89	1
231	89	1
294	89	1
307	89	1
582	89	1
838	89	1
844	89	1
879	89	1
979	89	1
1889	89	1
4818	89	1
2490	16	1
2490	41	1
2490	89	1
2490	286	1
2763	18	1
15	2763	1
22	2763	1
28	2	1
28	6	1
28	12	1
28	15	1
28	16	1
28	18	1
28	41	1
28	45	1
28	46	1
28	72	1
28	89	1
28	94	1
28	104	1
28	111	1
28	119	1
28	120	1
28	124	1
28	207	1
28	258	1
28	286	1
28	294	1
28	358	1
28	474	1
28	533	1
28	803	1
28	844	1
28	1052	1
28	1341	1
28	2299	1
28	2462	1
28	2490	1
28	2554	1
28	2763	1
28	4714	1
28	5406	1
2	28	1
6	28	1
9	28	1
12	28	1
15	28	1
18	28	1
22	28	1
41	28	1
45	28	1
58	28	1
91	28	1
94	28	1
104	28	1
111	28	1
119	28	1
120	28	1
123	28	1
258	28	1
348	28	1
582	28	1
844	28	1
1052	28	1
2140	2	1
2140	15	1
2140	28	1
2140	104	1
236	2	1
236	12	1
236	15	1
236	18	1
236	28	1
236	45	1
236	94	1
236	104	1
236	139	1
236	258	1
236	348	1
236	358	1
236	474	1
236	844	1
236	1052	1
236	2405	1
2	236	1
6	236	1
12	236	1
15	236	1
18	236	1
22	236	1
28	236	1
45	236	1
58	236	1
94	236	1
104	236	1
111	236	1
123	236	1
136	236	1
474	236	1
844	236	1
2140	236	1
735	2	1
735	15	1
735	22	1
735	123	1
735	258	1
735	2299	1
735	4843	1
12	735	1
15	735	1
16	735	1
18	735	1
22	735	1
46	735	1
89	735	1
94	735	1
236	735	1
286	735	1
358	735	1
844	735	1
6598	2299	1
735	6598	1
7154	22	1
16	7154	1
7469	16	1
903	15	1
903	123	1
903	358	1
903	838	1
12	903	1
15	903	1
16	903	1
18	903	1
46	903	1
72	903	1
89	903	1
123	903	1
2592	16	1
2592	22	1
2592	41	1
2592	94	1
2197	15	1
16	2197	1
28	2197	1
46	2197	1
72	2197	1
89	2197	1
765	18	1
765	22	1
765	123	1
765	294	1
765	371	1
765	474	1
16	765	1
46	765	1
72	765	1
89	765	1
123	765	1
371	765	1
4868	18	1
4868	765	1
16	4868	1
89	4868	1
1376	15	1
1376	18	1
1376	42	1
1376	45	1
1376	89	1
1376	120	1
1376	123	1
1376	294	1
1376	474	1
12	1376	1
15	1376	1
16	1376	1
18	1376	1
22	1376	1
46	1376	1
72	1376	1
89	1376	1
123	1376	1
371	1376	1
2554	1376	1
4868	1376	1
227	46	1
227	838	1
227	1376	1
18	227	1
46	227	1
72	227	1
89	227	1
123	227	1
136	227	1
245	15	1
245	18	1
245	22	1
245	42	1
245	89	1
245	120	1
245	227	1
245	294	1
245	1341	1
245	1376	1
245	2197	1
245	4843	1
2	245	1
6	245	1
12	245	1
15	245	1
18	245	1
22	245	1
28	245	1
45	245	1
58	245	1
94	245	1
104	245	1
119	245	1
123	245	1
294	245	1
307	245	1
474	245	1
582	245	1
844	245	1
15	631	1
16	631	1
245	631	1
30	22	1
30	45	1
30	58	1
30	89	1
30	94	1
30	120	1
30	124	1
30	294	1
30	348	1
30	358	1
30	474	1
30	522	1
30	631	1
30	1052	1
30	1554	1
30	2299	1
30	5039	1
30	5533	1
2	30	1
6	30	1
12	30	1
15	30	1
18	30	1
22	30	1
28	30	1
45	30	1
94	30	1
104	30	1
111	30	1
119	30	1
123	30	1
474	30	1
582	30	1
844	30	1
456	6	1
456	15	1
456	22	1
456	28	1
456	89	1
456	119	1
456	286	1
456	725	1
16	456	1
18	456	1
22	456	1
28	456	1
30	456	1
45	456	1
58	456	1
72	456	1
89	456	1
245	456	1
307	456	1
879	456	1
147	6	1
147	15	1
147	58	1
147	72	1
147	286	1
2	147	1
9	147	1
12	147	1
15	147	1
16	147	1
18	147	1
22	147	1
28	147	1
42	147	1
58	147	1
94	147	1
104	147	1
120	147	1
123	147	1
139	147	1
286	147	1
474	147	1
725	147	1
1052	147	1
2674	22	1
2674	515	1
42	2674	1
58	2674	1
111	2674	1
120	2674	1
147	2674	1
515	2674	1
886	18	1
886	94	1
18	886	1
22	886	1
2305	886	1
16	2305	1
1561	6	1
1561	9	1
1561	15	1
1561	18	1
1561	45	1
1561	2305	1
15	1561	1
124	1561	1
1341	1561	1
624	2	1
624	12	1
624	15	1
624	16	1
624	18	1
624	22	1
624	42	1
624	120	1
624	123	1
624	147	1
624	474	1
624	844	1
15	624	1
16	624	1
18	624	1
22	624	1
28	624	1
30	624	1
123	624	1
124	624	1
236	624	1
371	624	1
735	624	1
844	624	1
1293	624	1
3750	22	1
3750	123	1
3750	358	1
3750	624	1
3750	2303	1
12	3750	1
16	3750	1
18	3750	1
45	3750	1
46	3750	1
58	3750	1
474	3750	1
653	2	1
653	9	1
653	15	1
653	16	1
653	18	1
653	22	1
653	89	1
653	94	1
653	120	1
653	474	1
16	653	1
735	653	1
1293	653	1
2303	653	1
2554	653	1
3750	653	1
4714	653	1
1182	12	1
1182	15	1
1182	16	1
1182	46	1
6	1182	1
46	1182	1
58	1182	1
474	1182	1
653	1182	1
1469	16	1
342	15	1
342	18	1
342	42	1
342	1469	1
16	342	1
18	342	1
22	342	1
72	342	1
89	342	1
340	342	1
340	653	1
340	838	1
340	886	1
340	903	1
340	1052	1
340	1289	1
340	1341	1
340	3750	1
2	340	1
6	340	1
12	340	1
15	340	1
18	340	1
22	340	1
28	340	1
41	340	1
42	340	1
45	340	1
58	340	1
94	340	1
104	340	1
119	340	1
120	340	1
123	340	1
294	340	1
725	340	1
844	340	1
548	15	1
548	22	1
548	147	1
548	1289	1
16	548	1
18	548	1
45	548	1
58	548	1
294	548	1
340	548	1
474	548	1
71	2	1
71	6	1
71	12	1
71	15	1
71	16	1
71	41	1
71	45	1
71	72	1
71	89	1
71	94	1
71	104	1
71	111	1
71	124	1
71	147	1
71	231	1
71	236	1
71	286	1
71	294	1
71	340	1
71	371	1
71	548	1
71	735	1
71	881	1
71	1089	1
71	1192	1
71	1289	1
71	1879	1
71	2462	1
71	2592	1
71	2674	1
6	71	1
22	71	1
28	71	1
30	71	1
46	71	1
91	71	1
111	71	1
119	71	1
120	71	1
123	71	1
139	71	1
207	71	1
231	71	1
258	71	1
307	71	1
348	71	1
358	71	1
582	71	1
624	71	1
653	71	1
765	71	1
1052	71	1
1289	71	1
1376	71	1
1510	71	1
5533	71	1
2566	71	1
99	2	1
99	6	1
99	12	1
99	15	1
99	22	1
99	42	1
99	123	1
99	624	1
99	765	1
99	903	1
99	1052	1
99	1289	1
99	1376	1
99	2566	1
16	99	1
30	99	1
3691	18	1
3691	71	1
6	3691	1
16	3691	1
22	3691	1
30	3691	1
99	3691	1
123	3691	1
371	3691	1
489	16	1
489	18	1
489	42	1
489	624	1
489	765	1
489	1376	1
489	2197	1
489	3691	1
489	5750	1
16	489	1
18	489	1
22	489	1
28	489	1
46	489	1
72	489	1
89	489	1
123	489	1
136	489	1
236	489	1
245	489	1
286	489	1
340	489	1
2182	15	1
2182	1289	1
16	2182	1
115	2	1
115	6	1
115	12	1
115	15	1
115	16	1
115	18	1
115	28	1
115	41	1
115	45	1
115	46	1
115	72	1
115	89	1
115	104	1
115	111	1
115	147	1
115	231	1
115	236	1
115	286	1
115	844	1
115	1089	1
115	1182	1
115	1879	1
115	1889	1
115	2182	1
115	2653	1
115	2966	1
115	4435	1
6	115	1
22	115	1
28	115	1
30	115	1
41	115	1
45	115	1
46	115	1
119	115	1
123	115	1
139	115	1
245	115	1
258	115	1
307	115	1
342	115	1
348	115	1
358	115	1
456	115	1
489	115	1
725	115	1
765	115	1
803	115	1
1052	115	1
1089	115	1
1376	115	1
2674	115	1
3108	115	1
5406	115	1
6673	115	1
6381	28	1
115	6381	1
474	6381	1
3552	15	1
3552	22	1
3552	104	1
3552	123	1
15	3552	1
16	3552	1
18	3552	1
22	3552	1
28	3552	1
30	3552	1
45	3552	1
58	3552	1
72	3552	1
89	3552	1
94	3552	1
115	3552	1
123	3552	1
286	3552	1
932	6	1
932	15	1
932	18	1
932	22	1
932	111	1
932	123	1
932	474	1
932	515	1
2	932	1
15	932	1
16	932	1
18	932	1
28	932	1
30	932	1
45	932	1
94	932	1
99	932	1
123	932	1
236	932	1
286	932	1
340	932	1
371	932	1
879	932	1
3552	932	1
4330	932	1
4102	22	1
4102	123	1
4102	653	1
4102	932	1
16	4102	1
89	4102	1
1659	15	1
1659	22	1
1659	94	1
1659	932	1
2	1659	1
6	1659	1
15	1659	1
16	1659	1
18	1659	1
22	1659	1
30	1659	1
46	1659	1
89	1659	1
94	1659	1
104	1659	1
231	1659	1
312	2	1
312	6	1
312	12	1
312	15	1
312	16	1
312	28	1
312	41	1
312	45	1
312	58	1
312	71	1
312	115	1
312	120	1
312	136	1
312	231	1
312	371	1
312	456	1
312	979	1
312	1554	1
312	1659	1
312	4065	1
6	312	1
9	312	1
15	312	1
18	312	1
22	312	1
28	312	1
41	312	1
42	312	1
45	312	1
58	312	1
71	312	1
94	312	1
104	312	1
111	312	1
115	312	1
119	312	1
123	312	1
136	312	1
207	312	1
231	312	1
307	312	1
474	312	1
582	312	1
2405	312	1
1559	18	1
1559	115	1
1559	312	1
16	1559	1
1617	16	1
1617	1559	1
16	1617	1
124	1617	1
286	1617	1
191	18	1
191	474	1
16	191	1
30	191	1
1617	191	1
257	2	1
257	6	1
257	18	1
257	22	1
257	71	1
257	89	1
257	120	1
257	191	1
257	258	1
257	348	1
257	358	1
257	371	1
257	456	1
257	474	1
257	489	1
257	522	1
257	624	1
257	735	1
257	932	1
257	1052	1
257	1293	1
257	1561	1
257	1592	1
257	1659	1
257	2299	1
257	2405	1
257	2554	1
257	4102	1
2	257	1
6	257	1
12	257	1
15	257	1
16	257	1
18	257	1
22	257	1
28	257	1
30	257	1
45	257	1
71	257	1
94	257	1
104	257	1
111	257	1
119	257	1
123	257	1
286	257	1
307	257	1
312	257	1
474	257	1
582	257	1
844	257	1
879	257	1
932	257	1
1345	22	1
16	1345	1
18	1345	1
28	1345	1
45	1345	1
94	1345	1
123	1345	1
257	1345	1
286	1345	1
888	2	1
888	15	1
888	16	1
888	18	1
888	94	1
888	120	1
16	888	1
72	888	1
1345	888	1
530	15	1
530	16	1
530	18	1
530	22	1
530	94	1
530	119	1
530	123	1
530	888	1
12	530	1
15	530	1
16	530	1
18	530	1
22	530	1
28	530	1
30	530	1
42	530	1
58	530	1
71	530	1
89	530	1
119	530	1
123	530	1
245	530	1
307	530	1
312	530	1
879	530	1
4065	530	1
16	6703	1
22	6703	1
1085	6	1
1085	18	1
1085	22	1
1085	115	1
1085	120	1
15	1085	1
16	1085	1
286	1085	1
1345	1085	1
443	15	1
443	18	1
443	22	1
443	46	1
443	71	1
443	89	1
443	94	1
443	207	1
443	231	1
443	631	1
443	1085	1
443	1089	1
443	1192	1
443	4843	1
9	443	1
15	443	1
16	443	1
18	443	1
41	443	1
46	443	1
89	443	1
94	443	1
115	443	1
119	443	1
120	443	1
124	443	1
139	443	1
236	443	1
286	443	1
474	443	1
725	443	1
37	2	1
37	6	1
37	9	1
37	12	1
37	15	1
37	16	1
37	18	1
37	22	1
37	28	1
37	42	1
37	45	1
37	46	1
37	58	1
37	71	1
37	89	1
37	94	1
37	104	1
37	115	1
37	119	1
37	120	1
37	123	1
37	207	1
37	231	1
37	294	1
37	443	1
37	474	1
37	515	1
37	735	1
37	1166	1
37	3750	1
37	4435	1
6	37	1
12	37	1
15	37	1
16	37	1
18	37	1
22	37	1
28	37	1
30	37	1
45	37	1
46	37	1
58	37	1
71	37	1
72	37	1
89	37	1
94	37	1
99	37	1
104	37	1
123	37	1
124	37	1
227	37	1
236	37	1
245	37	1
257	37	1
286	37	1
307	37	1
340	37	1
371	37	1
474	37	1
735	37	1
838	37	1
844	37	1
903	37	1
1089	37	1
1293	37	1
1341	37	1
2303	37	1
2554	37	1
2763	37	1
3750	37	1
4820	37	1
212	2	1
212	6	1
212	12	1
212	15	1
212	16	1
212	18	1
212	28	1
212	37	1
212	41	1
212	42	1
212	45	1
212	58	1
212	89	1
212	94	1
212	111	1
212	115	1
212	120	1
212	307	1
212	474	1
15	212	1
16	212	1
18	212	1
22	212	1
30	212	1
119	212	1
236	212	1
257	212	1
371	212	1
1617	212	1
2738	2	1
2738	15	1
2738	1889	1
22	2738	1
37	2738	1
41	2738	1
119	2738	1
212	2738	1
2197	2738	1
478	18	1
478	22	1
478	28	1
478	115	1
478	123	1
478	474	1
478	2738	1
16	478	1
18	478	1
22	478	1
104	478	1
286	478	1
340	478	1
1341	478	1
4146	15	1
4146	115	1
4146	474	1
4146	735	1
16	4146	1
18	4146	1
22	4146	1
236	4146	1
68	2	1
68	6	1
68	9	1
68	15	1
68	16	1
68	18	1
68	30	1
68	37	1
68	41	1
68	42	1
68	45	1
68	71	1
68	72	1
68	89	1
68	94	1
68	104	1
68	111	1
68	115	1
68	120	1
68	136	1
68	147	1
68	207	1
68	227	1
68	231	1
68	245	1
68	257	1
68	258	1
68	286	1
68	294	1
68	312	1
68	340	1
68	358	1
68	443	1
68	474	1
68	489	1
68	879	1
68	1192	1
68	1293	1
68	1554	1
68	4714	1
2	68	1
12	68	1
15	68	1
18	68	1
22	68	1
28	68	1
37	68	1
45	68	1
46	68	1
72	68	1
94	68	1
119	68	1
123	68	1
124	68	1
212	68	1
236	68	1
348	68	1
358	68	1
443	68	1
474	68	1
522	68	1
624	68	1
725	68	1
803	68	1
888	68	1
932	68	1
1052	68	1
1192	68	1
1510	68	1
2299	68	1
2490	68	1
4146	68	1
5007	68	1
68	5976	1
6152	2	1
6152	22	1
6152	45	1
43	6	1
43	12	1
43	15	1
43	16	1
43	18	1
43	89	1
43	104	1
43	119	1
43	147	1
43	257	1
43	286	1
43	312	1
43	443	1
43	530	1
43	881	1
43	1089	1
43	1879	1
43	6152	1
42	43	1
71	43	1
111	43	1
231	43	1
245	43	1
294	43	1
443	43	1
582	43	1
2674	43	1
801	2	1
801	9	1
801	18	1
801	22	1
801	28	1
801	68	1
801	89	1
801	94	1
801	111	1
801	115	1
801	474	1
16	801	1
18	801	1
72	801	1
286	801	1
340	801	1
879	801	1
1089	801	1
2517	71	1
9	2517	1
22	2517	1
41	2517	1
42	2517	1
43	2517	1
71	2517	1
474	2517	1
801	2517	1
932	2517	1
1078	104	1
16	1078	1
71	1078	1
72	1078	1
99	1078	1
115	1078	1
123	1078	1
582	1078	1
3163	9	1
3163	18	1
3163	89	1
104	3163	1
9	1676	1
58	1676	1
60	2	1
60	12	1
60	15	1
60	16	1
60	18	1
60	22	1
60	28	1
60	104	1
60	124	1
60	340	1
22	60	1
28	60	1
37	60	1
104	60	1
111	60	1
1617	60	1
1676	60	1
7294	2	1
337	478	1
337	7294	1
6	337	1
16	337	1
18	337	1
28	337	1
89	337	1
94	337	1
104	337	1
123	337	1
83	2	1
83	15	1
83	16	1
83	18	1
83	22	1
83	45	1
83	71	1
83	89	1
83	94	1
83	104	1
83	286	1
83	337	1
83	340	1
5409	83	1
3857	15	1
3857	18	1
3857	22	1
1659	3857	1
6703	3857	1
3606	15	1
3606	45	1
508	6	1
508	12	1
508	15	1
508	22	1
508	58	1
508	104	1
508	120	1
508	3606	1
6	508	1
16	508	1
18	508	1
22	508	1
43	508	1
45	508	1
58	508	1
71	508	1
89	508	1
104	508	1
123	508	1
245	508	1
294	508	1
530	508	1
4549	18	1
4549	22	1
4549	68	1
89	4549	1
942	22	1
942	37	1
942	123	1
942	4549	1
12	942	1
16	942	1
22	942	1
89	942	1
115	942	1
294	942	1
844	942	1
1793	15	1
1793	45	1
1793	104	1
22	1793	1
43	1793	1
508	1793	1
1172	6	1
1172	12	1
1172	15	1
1172	16	1
1172	22	1
1172	41	1
1172	236	1
1172	844	1
1172	1182	1
6	1172	1
12	1172	1
15	1172	1
16	1172	1
18	1172	1
37	1172	1
43	1172	1
45	1172	1
58	1172	1
68	1172	1
71	1172	1
89	1172	1
94	1172	1
111	1172	1
123	1172	1
257	1172	1
307	1172	1
312	1172	1
474	1172	1
582	1172	1
844	1172	1
494	12	1
494	15	1
494	22	1
494	68	1
494	1172	1
6	494	1
43	494	1
58	494	1
443	494	1
474	494	1
561	2	1
561	15	1
561	16	1
561	22	1
561	30	1
561	41	1
561	46	1
561	72	1
561	89	1
561	111	1
561	257	1
561	286	1
561	340	1
561	371	1
561	443	1
561	456	1
561	494	1
561	735	1
561	803	1
561	1089	1
561	1182	1
6	561	1
9	561	1
22	561	1
28	561	1
37	561	1
58	561	1
68	561	1
99	561	1
104	561	1
115	561	1
119	561	1
120	561	1
123	561	1
212	561	1
342	561	1
358	561	1
582	561	1
801	561	1
803	561	1
1554	561	1
125	6	1
125	15	1
125	18	1
125	22	1
125	37	1
125	41	1
125	89	1
125	94	1
125	115	1
125	123	1
125	212	1
125	231	1
125	286	1
125	371	1
125	561	1
125	624	1
125	735	1
125	801	1
125	881	1
125	888	1
125	903	1
125	1078	1
125	1172	1
125	1955	1
125	3552	1
2	125	1
12	125	1
15	125	1
16	125	1
18	125	1
22	125	1
28	125	1
37	125	1
43	125	1
45	125	1
46	125	1
58	125	1
68	125	1
71	125	1
72	125	1
89	125	1
104	125	1
111	125	1
115	125	1
119	125	1
123	125	1
124	125	1
231	125	1
236	125	1
245	125	1
257	125	1
286	125	1
294	125	1
361	125	1
474	125	1
522	125	1
530	125	1
561	125	1
725	125	1
844	125	1
879	125	1
1192	125	1
1341	125	1
1510	125	1
3963	22	1
3963	42	1
3963	120	1
3963	125	1
22	3963	1
37	3963	1
94	3963	1
299	2	1
299	6	1
299	12	1
299	15	1
299	18	1
299	22	1
299	42	1
299	58	1
299	68	1
299	71	1
299	104	1
299	115	1
299	119	1
299	120	1
299	123	1
299	136	1
299	207	1
299	231	1
299	294	1
299	474	1
299	561	1
299	844	1
6	299	1
12	299	1
15	299	1
16	299	1
18	299	1
22	299	1
28	299	1
30	299	1
58	299	1
94	299	1
99	299	1
111	299	1
123	299	1
124	299	1
125	299	1
236	299	1
257	299	1
286	299	1
337	299	1
340	299	1
371	299	1
456	299	1
474	299	1
561	299	1
844	299	1
1089	299	1
1889	299	1
320	22	1
320	43	1
320	58	1
320	515	1
18	320	1
22	320	1
42	320	1
43	320	1
58	320	1
115	320	1
120	320	1
258	320	1
299	320	1
474	320	1
854	2	1
854	15	1
854	28	1
854	37	1
854	111	1
854	227	1
16	854	1
18	854	1
30	854	1
43	854	1
58	854	1
71	854	1
89	854	1
111	854	1
115	854	1
245	854	1
340	854	1
474	854	1
725	854	1
2048	12	1
2048	16	1
2048	18	1
2048	22	1
2048	45	1
2048	71	1
15	2048	1
18	2048	1
22	2048	1
695	2	1
695	16	1
695	68	1
695	71	1
695	474	1
18	695	1
30	695	1
45	695	1
94	695	1
125	695	1
530	695	1
5987	695	1
18	5987	1
3878	22	1
3878	42	1
3877	3878	1
22	3877	1
45	3877	1
315	2	1
315	6	1
315	12	1
315	15	1
315	16	1
315	18	1
315	22	1
315	42	1
315	68	1
315	94	1
315	111	1
315	115	1
315	120	1
315	123	1
315	207	1
315	294	1
315	474	1
315	844	1
315	1172	1
315	1192	1
315	2140	1
2	315	1
15	315	1
16	315	1
18	315	1
22	315	1
28	315	1
72	315	1
89	315	1
94	315	1
123	315	1
245	315	1
286	315	1
340	315	1
196	18	1
196	42	1
12	196	1
16	196	1
42	196	1
72	196	1
286	196	1
3607	68	1
22	3607	1
99	3607	1
257	3607	1
631	3607	1
26	15	1
26	16	1
26	18	1
26	28	1
26	30	1
26	37	1
26	41	1
26	45	1
26	46	1
26	58	1
26	68	1
26	71	1
26	72	1
26	89	1
26	91	1
26	94	1
26	123	1
26	124	1
26	125	1
26	136	1
26	147	1
26	227	1
26	236	1
26	245	1
26	257	1
26	286	1
26	299	1
26	312	1
26	315	1
26	337	1
26	340	1
26	348	1
26	358	1
26	371	1
26	456	1
26	489	1
26	548	1
26	624	1
26	725	1
26	735	1
26	803	1
26	879	1
26	922	1
26	932	1
26	1052	1
26	1289	1
26	1293	1
26	1341	1
26	1376	1
26	1469	1
26	1659	1
26	2048	1
26	2405	1
26	2966	1
26	4102	1
26	7469	1
2	26	1
6	26	1
22	26	1
28	26	1
30	26	1
37	26	1
41	26	1
42	26	1
43	26	1
46	26	1
58	26	1
60	26	1
68	26	1
71	26	1
83	26	1
89	26	1
99	26	1
104	26	1
111	26	1
115	26	1
119	26	1
120	26	1
123	26	1
125	26	1
147	26	1
191	26	1
231	26	1
236	26	1
245	26	1
258	26	1
294	26	1
299	26	1
307	26	1
312	26	1
315	26	1
342	26	1
348	26	1
358	26	1
371	26	1
443	26	1
456	26	1
474	26	1
508	26	1
515	26	1
530	26	1
582	26	1
624	26	1
653	26	1
725	26	1
801	26	1
803	26	1
838	26	1
854	26	1
881	26	1
1052	26	1
1078	26	1
1166	26	1
1172	26	1
1182	26	1
1289	26	1
1376	26	1
1510	26	1
1554	26	1
1559	26	1
1592	26	1
1793	26	1
1889	26	1
2197	26	1
2405	26	1
2674	26	1
2738	26	1
2866	26	1
3607	26	1
3691	26	1
4843	26	1
6673	26	1
6068	26	1
5921	15	1
5921	18	1
5921	22	1
5921	26	1
5921	115	1
5921	123	1
5921	844	1
5921	6068	1
16	5921	1
18	5921	1
45	5921	1
123	5921	1
286	5921	1
1647	12	1
1647	474	1
22	1647	1
30	1647	1
4166	22	1
241	22	1
240	6	1
240	22	1
240	26	1
240	45	1
240	241	1
12	240	1
45	240	1
58	240	1
89	240	1
111	240	1
115	240	1
125	240	1
245	240	1
312	240	1
474	240	1
582	240	1
280	6	1
280	371	1
2	280	1
15	280	1
16	280	1
18	280	1
22	280	1
26	280	1
28	280	1
43	280	1
45	280	1
46	280	1
58	280	1
71	280	1
89	280	1
94	280	1
111	280	1
115	280	1
123	280	1
443	280	1
474	280	1
522	280	1
561	280	1
582	280	1
844	280	1
6	5024	1
16	5024	1
197	46	1
197	125	1
197	227	1
197	299	1
197	456	1
197	508	1
197	801	1
197	1078	1
197	1172	1
197	5024	1
2	197	1
12	197	1
15	197	1
18	197	1
22	197	1
26	197	1
28	197	1
42	197	1
43	197	1
45	197	1
58	197	1
60	197	1
68	197	1
71	197	1
83	197	1
94	197	1
104	197	1
115	197	1
119	197	1
120	197	1
123	197	1
136	197	1
207	197	1
294	197	1
582	197	1
879	197	1
3731	2	1
3731	22	1
3731	45	1
3731	123	1
16	3731	1
46	3731	1
99	3731	1
226	72	1
226	89	1
226	125	1
22	226	1
28	226	1
115	226	1
7340	226	1
271	37	1
271	46	1
271	227	1
271	456	1
271	735	1
271	1078	1
271	7340	1
2	271	1
6	271	1
12	271	1
15	271	1
18	271	1
22	271	1
26	271	1
28	271	1
45	271	1
68	271	1
71	271	1
94	271	1
104	271	1
111	271	1
115	271	1
119	271	1
147	271	1
582	271	1
302	2	1
302	15	1
302	16	1
302	18	1
302	28	1
302	30	1
302	37	1
302	41	1
302	45	1
302	46	1
302	72	1
302	89	1
302	104	1
302	111	1
302	197	1
302	245	1
302	257	1
302	271	1
302	286	1
302	299	1
302	312	1
302	340	1
302	508	1
6	302	1
22	302	1
28	302	1
37	302	1
68	302	1
104	302	1
115	302	1
119	302	1
123	302	1
508	302	1
582	302	1
514	12	1
514	15	1
514	18	1
514	22	1
514	26	1
514	42	1
514	58	1
514	104	1
514	115	1
514	119	1
514	120	1
514	123	1
514	207	1
514	302	1
514	474	1
514	561	1
514	1554	1
15	514	1
16	514	1
46	514	1
68	514	1
89	514	1
99	514	1
123	514	1
227	514	1
245	514	1
337	514	1
371	514	1
854	514	1
1339	12	1
1339	15	1
1339	22	1
1339	37	1
1339	123	1
1339	299	1
1339	315	1
1339	514	1
1339	844	1
1339	1052	1
1339	4102	1
6	1339	1
9	1339	1
12	1339	1
15	1339	1
16	1339	1
18	1339	1
22	1339	1
28	1339	1
30	1339	1
45	1339	1
58	1339	1
68	1339	1
83	1339	1
115	1339	1
123	1339	1
197	1339	1
257	1339	1
271	1339	1
286	1339	1
299	1339	1
474	1339	1
704	16	1
704	22	1
704	803	1
6	704	1
16	704	1
18	704	1
22	704	1
68	704	1
125	704	1
286	704	1
22	3480	1
16	3481	1
3480	3481	1
435	15	1
435	18	1
435	22	1
435	26	1
435	68	1
435	72	1
435	115	1
435	125	1
435	844	1
15	435	1
16	435	1
18	435	1
26	435	1
123	435	1
434	6	1
434	15	1
434	22	1
434	89	1
434	435	1
2	434	1
15	434	1
16	434	1
18	434	1
45	434	1
89	434	1
286	434	1
312	434	1
844	434	1
5340	434	1
2467	435	1
2467	1052	1
6	2467	1
16	2467	1
18	2467	1
22	2467	1
28	2467	1
30	2467	1
89	2467	1
99	2467	1
1816	6	1
1816	15	1
1816	41	1
18	1816	1
104	1816	1
257	1816	1
2467	1816	1
133	18	1
133	26	1
125	133	1
24	2	1
24	12	1
24	18	1
24	26	1
24	71	1
24	120	1
24	207	1
24	474	1
16	24	1
22	24	1
30	24	1
340	24	1
3596	22	1
3596	26	1
3596	42	1
3596	207	1
16	3596	1
3261	22	1
3261	123	1
12	3261	1
22	3261	1
71	3261	1
89	3261	1
197	3261	1
633	12	1
633	15	1
633	26	1
633	60	1
633	89	1
633	104	1
22	633	1
26	633	1
111	633	1
139	633	1
3261	633	1
8	9	1
8	43	1
8	45	1
8	71	1
8	104	1
8	120	1
8	136	1
8	207	1
8	240	1
8	294	1
8	633	1
8	1089	1
8	1182	1
8	1554	1
6	8	1
18	8	1
22	8	1
28	8	1
30	8	1
46	8	1
68	8	1
71	8	1
94	8	1
104	8	1
119	8	1
136	8	1
191	8	1
207	8	1
212	8	1
302	8	1
307	8	1
312	8	1
489	8	1
561	8	1
582	8	1
725	8	1
838	8	1
888	8	1
685	8	1
685	15	1
685	16	1
685	18	1
685	30	1
685	37	1
685	41	1
685	45	1
685	72	1
685	89	1
685	123	1
685	257	1
685	456	1
685	1289	1
2	685	1
22	685	1
104	685	1
119	685	1
123	685	1
152	42	1
152	115	1
152	120	1
152	139	1
152	207	1
152	231	1
152	240	1
152	294	1
152	443	1
6	152	1
22	152	1
28	152	1
68	152	1
104	152	1
119	152	1
123	152	1
207	152	1
302	152	1
358	152	1
561	152	1
582	152	1
685	152	1
92	6	1
92	8	1
92	15	1
92	16	1
92	18	1
92	26	1
92	41	1
92	45	1
92	58	1
92	71	1
92	89	1
92	94	1
92	115	1
92	152	1
92	286	1
92	294	1
92	302	1
92	312	1
92	443	1
92	474	1
92	1192	1
92	1554	1
8	92	1
22	92	1
30	92	1
41	92	1
68	92	1
104	92	1
119	92	1
120	92	1
152	92	1
294	92	1
302	92	1
474	92	1
653	92	1
7143	18	1
7143	474	1
16	7143	1
286	7143	1
3166	15	1
3166	18	1
3166	45	1
16	3166	1
18	3166	1
45	3166	1
286	3166	1
322	22	1
322	315	1
322	932	1
322	1052	1
322	1085	1
322	3166	1
2	322	1
15	322	1
16	322	1
18	322	1
22	322	1
26	322	1
45	322	1
271	322	1
337	322	1
340	322	1
2040	15	1
26	2040	1
4437	18	1
4437	22	1
16	4437	1
89	4437	1
1720	15	1
1720	94	1
22	1720	1
71	1720	1
231	1720	1
733	2	1
733	6	1
733	15	1
733	561	1
733	1720	1
6	733	1
8	733	1
26	733	1
58	733	1
71	733	1
83	733	1
111	733	1
125	733	1
280	733	1
302	733	1
312	733	1
1192	733	1
5976	733	1
2609	15	1
2609	16	1
2609	26	1
2609	41	1
2609	844	1
8	2609	1
22	2609	1
58	2609	1
561	2609	1
5938	12	1
5938	22	1
16	5938	1
89	5938	1
1354	26	1
22	1354	1
71	1354	1
294	1354	1
582	1354	1
1326	6	1
1326	15	1
1326	16	1
1326	26	1
1326	28	1
1326	71	1
1326	307	1
1326	340	1
26	1326	1
111	1326	1
120	1326	1
139	1326	1
240	1326	1
582	1326	1
733	1326	1
2343	1326	1
71	2343	1
186	2	1
186	58	1
186	71	1
186	104	1
186	136	1
186	2343	1
8	186	1
22	186	1
28	186	1
30	186	1
41	186	1
68	186	1
123	186	1
152	186	1
1376	186	1
369	18	1
369	42	1
369	45	1
369	68	1
369	104	1
2	369	1
8	369	1
26	369	1
46	369	1
120	369	1
186	369	1
207	369	1
1120	6	1
1120	15	1
1120	26	1
1120	28	1
1120	104	1
1120	302	1
1120	474	1
1120	5518	1
6	1120	1
16	1120	1
18	1120	1
22	1120	1
58	1120	1
89	1120	1
115	1120	1
125	1120	1
147	1120	1
280	1120	1
312	1120	1
2573	18	1
2573	115	1
16	2573	1
631	2573	1
2612	18	1
2612	22	1
18	2612	1
28	2612	1
123	2612	1
612	6	1
612	16	1
612	26	1
612	104	1
612	280	1
612	371	1
22	612	1
120	612	1
231	612	1
582	612	1
540	2	1
540	15	1
540	22	1
540	68	1
540	71	1
540	120	1
540	474	1
540	612	1
16	540	1
18	540	1
30	540	1
257	540	1
3815	26	1
3815	540	1
15	3815	1
16	3815	1
43	3815	1
115	3815	1
190	15	1
190	18	1
190	24	1
190	37	1
190	68	1
190	191	1
190	212	1
190	258	1
190	280	1
190	299	1
190	358	1
190	371	1
190	474	1
190	522	1
190	530	1
190	540	1
190	624	1
190	695	1
190	903	1
190	932	1
190	1052	1
190	1293	1
190	1659	1
190	3857	1
190	5518	1
2	190	1
6	190	1
12	190	1
15	190	1
16	190	1
18	190	1
22	190	1
26	190	1
28	190	1
30	190	1
45	190	1
68	190	1
71	190	1
92	190	1
94	190	1
104	190	1
119	190	1
123	190	1
286	190	1
302	190	1
340	190	1
474	190	1
561	190	1
844	190	1
1659	190	1
1314	26	1
1314	42	1
15	1314	1
18	1314	1
26	1314	1
28	1314	1
94	1314	1
333	2	1
333	15	1
333	16	1
333	26	1
333	28	1
333	30	1
333	41	1
333	46	1
333	72	1
333	89	1
333	190	1
333	197	1
333	307	1
333	312	1
333	340	1
333	474	1
333	685	1
333	844	1
333	1078	1
333	1314	1
333	2674	1
8	333	1
22	333	1
26	333	1
92	333	1
111	333	1
120	333	1
136	333	1
186	333	1
207	333	1
231	333	1
240	333	1
320	333	1
2674	333	1
2597	45	1
89	2597	1
5101	115	1
89	5101	1
25	12	1
25	15	1
25	16	1
25	26	1
25	37	1
25	58	1
25	72	1
25	89	1
25	125	1
25	197	1
25	257	1
25	299	1
25	315	1
25	456	1
25	1052	1
25	2303	1
16	25	1
22	25	1
26	25	1
37	25	1
68	25	1
111	25	1
231	25	1
286	25	1
340	25	1
474	25	1
624	25	1
34	6	1
34	18	1
34	25	1
34	26	1
34	37	1
34	45	1
34	46	1
34	68	1
34	89	1
34	94	1
34	125	1
34	212	1
34	258	1
34	280	1
34	294	1
34	348	1
34	371	1
34	456	1
34	474	1
34	489	1
34	530	1
34	624	1
34	725	1
34	888	1
34	932	1
34	1052	1
34	1078	1
34	1120	1
34	1289	1
34	1293	1
34	1341	1
34	1603	1
34	1659	1
34	2554	1
34	2763	1
34	3166	1
34	4146	1
34	4330	1
34	4714	1
2	34	1
6	34	1
12	34	1
15	34	1
18	34	1
22	34	1
26	34	1
28	34	1
41	34	1
42	34	1
45	34	1
58	34	1
68	34	1
71	34	1
83	34	1
94	34	1
104	34	1
111	34	1
115	34	1
119	34	1
120	34	1
123	34	1
136	34	1
294	34	1
302	34	1
307	34	1
333	34	1
474	34	1
582	34	1
624	34	1
685	34	1
735	34	1
844	34	1
879	34	1
1089	34	1
33	34	1
33	83	1
26	33	1
212	33	1
2308	2	1
2308	15	1
2308	16	1
2308	22	1
2308	28	1
2308	33	1
2308	41	1
2308	45	1
2308	89	1
2308	307	1
2308	844	1
6	2308	1
8	2308	1
42	2308	1
43	2308	1
58	2308	1
71	2308	1
294	2308	1
530	2308	1
1030	15	1
41	1030	1
74	16	1
74	34	1
74	41	1
74	72	1
74	89	1
74	190	1
74	245	1
74	735	1
22	74	1
28	74	1
46	74	1
119	74	1
139	74	1
231	74	1
358	74	1
548	74	1
1030	74	1
5480	74	1
47	25	1
47	111	1
47	190	1
47	257	1
47	371	1
47	695	1
47	704	1
47	854	1
47	1078	1
47	1293	1
47	1398	1
47	2303	1
2	47	1
6	47	1
12	47	1
15	47	1
18	47	1
26	47	1
28	47	1
45	47	1
68	47	1
94	47	1
104	47	1
115	47	1
136	47	1
302	47	1
434	47	1
844	47	1
714	46	1
15	714	1
16	714	1
47	714	1
532	2	1
532	12	1
532	15	1
532	18	1
532	68	1
532	474	1
16	532	1
22	532	1
30	532	1
45	532	1
99	532	1
190	532	1
286	532	1
714	532	1
979	532	1
1295	15	1
1295	18	1
1295	45	1
15	1295	1
16	1295	1
18	1295	1
22	1295	1
26	1295	1
286	1295	1
3829	1295	1
18	3829	1
7419	18	1
16	7419	1
22	7419	1
89	7419	1
892	18	1
892	22	1
892	28	1
892	123	1
89	892	1
123	892	1
903	892	1
908	22	1
908	26	1
908	28	1
908	68	1
908	94	1
908	111	1
908	136	1
908	231	1
908	474	1
908	1172	1
15	908	1
16	908	1
22	908	1
30	908	1
94	908	1
124	908	1
190	908	1
257	908	1
333	908	1
1659	908	1
22	1336	1
903	1336	1
2096	2	1
2096	12	1
2096	903	1
16	2096	1
37	2096	1
45	2096	1
89	2096	1
299	2096	1
561	2096	1
4827	18	1
16	4827	1
2096	4827	1
1188	6	1
1188	12	1
1188	15	1
1188	16	1
1188	45	1
37	1188	1
43	1188	1
58	1188	1
115	1188	1
443	1188	1
474	1188	1
623	15	1
623	26	1
6	623	1
22	623	1
37	623	1
236	623	1
624	623	1
1063	2	1
1063	6	1
1063	15	1
1063	16	1
1063	18	1
1063	26	1
1063	28	1
1063	42	1
1063	45	1
1063	46	1
1063	71	1
1063	94	1
1063	104	1
1063	111	1
1063	125	1
1063	136	1
1063	286	1
1063	299	1
1063	735	1
1063	838	1
2	1063	1
6	1063	1
9	1063	1
12	1063	1
15	1063	1
18	1063	1
26	1063	1
28	1063	1
37	1063	1
45	1063	1
58	1063	1
68	1063	1
94	1063	1
115	1063	1
136	1063	1
315	1063	1
474	1063	1
561	1063	1
623	1063	1
879	1063	1
1085	1063	1
1172	1063	1
1793	1063	1
506	15	1
506	16	1
506	18	1
506	26	1
506	41	1
506	43	1
506	45	1
506	46	1
506	58	1
506	89	1
506	111	1
506	115	1
506	125	1
506	280	1
506	333	1
506	474	1
506	508	1
506	515	1
506	2738	1
6	506	1
22	506	1
30	506	1
41	506	1
42	506	1
58	506	1
71	506	1
115	506	1
119	506	1
120	506	1
136	506	1
207	506	1
474	506	1
932	506	1
1167	2	1
1167	6	1
1167	12	1
1167	15	1
1167	26	1
1167	474	1
26	1167	1
37	1167	1
68	1167	1
111	1167	1
120	1167	1
136	1167	1
212	1167	1
506	1167	1
624	1167	1
1052	1167	1
526	2	1
526	6	1
526	12	1
526	15	1
526	16	1
526	18	1
526	22	1
526	26	1
526	28	1
526	42	1
526	45	1
526	58	1
526	68	1
526	71	1
526	89	1
526	115	1
526	120	1
526	123	1
526	125	1
526	147	1
526	207	1
526	231	1
526	294	1
526	312	1
526	474	1
526	735	1
526	844	1
526	1167	1
526	1339	1
16	526	1
18	526	1
26	526	1
28	526	1
34	526	1
41	526	1
68	526	1
99	526	1
104	526	1
123	526	1
124	526	1
236	526	1
257	526	1
286	526	1
548	526	1
561	526	1
735	526	1
838	526	1
844	526	1
1293	526	1
1339	526	1
2303	526	1
2467	526	1
69	6	1
69	15	1
69	16	1
69	45	1
69	58	1
69	71	1
69	72	1
69	89	1
69	111	1
69	312	1
69	879	1
8	69	1
22	69	1
30	69	1
37	69	1
41	69	1
68	69	1
119	69	1
123	69	1
152	69	1
212	69	1
257	69	1
299	69	1
302	69	1
307	69	1
312	69	1
315	69	1
358	69	1
443	69	1
478	69	1
526	69	1
908	69	1
1289	69	1
1376	69	1
3596	69	1
1355	12	1
1355	16	1
1355	22	1
1355	42	1
1355	58	1
1355	69	1
1355	115	1
1355	120	1
1355	123	1
1355	286	1
1355	844	1
26	1355	1
37	1355	1
68	1355	1
89	1355	1
186	1355	1
197	1355	1
443	1355	1
506	1355	1
733	1355	1
1345	1355	1
18	3375	1
22	3375	1
1131	6	1
1131	15	1
1131	16	1
1131	18	1
1131	26	1
1131	41	1
1131	68	1
1131	89	1
1131	92	1
1131	111	1
1131	125	1
1131	231	1
1131	257	1
1131	312	1
1131	320	1
1131	443	1
1131	854	1
1131	903	1
1131	1166	1
1131	1172	1
1131	1554	1
1131	2517	1
1131	2609	1
1131	3375	1
1131	5280	1
6	1131	1
22	1131	1
30	1131	1
37	1131	1
41	1131	1
68	1131	1
89	1131	1
123	1131	1
124	1131	1
152	1131	1
257	1131	1
299	1131	1
315	1131	1
348	1131	1
358	1131	1
514	1131	1
526	1131	1
532	1131	1
624	1131	1
653	1131	1
1314	1131	1
2299	1131	1
3857	1131	1
19	12	1
19	18	1
19	46	1
19	120	1
19	474	1
19	1131	1
12	19	1
16	19	1
18	19	1
25	19	1
43	19	1
236	19	1
286	19	1
340	19	1
1341	19	1
2303	19	1
3750	19	1
4714	19	1
5457	22	1
438	25	1
438	43	1
438	58	1
438	69	1
438	71	1
438	92	1
438	111	1
438	120	1
438	136	1
438	147	1
438	186	1
438	207	1
438	231	1
438	294	1
438	443	1
438	474	1
438	515	1
438	582	1
438	704	1
438	879	1
438	1063	1
438	1131	1
438	1167	1
438	1172	1
438	1192	1
438	1326	1
438	1554	1
438	1720	1
438	2517	1
438	5280	1
438	5457	1
6	438	1
22	438	1
28	438	1
68	438	1
69	438	1
104	438	1
111	438	1
119	438	1
120	438	1
123	438	1
125	438	1
136	438	1
294	438	1
299	438	1
302	438	1
307	438	1
333	438	1
474	438	1
530	438	1
561	438	1
582	438	1
624	438	1
685	438	1
1131	438	1
2573	438	1
1285	8	1
1285	15	1
1285	22	1
1285	26	1
16	1285	1
18	1285	1
46	1285	1
89	1285	1
903	1285	1
6019	1285	1
4877	22	1
398	6	1
398	8	1
398	15	1
398	16	1
398	18	1
398	26	1
398	30	1
398	41	1
398	69	1
398	71	1
398	111	1
398	136	1
398	186	1
22	398	1
474	398	1
1276	16	1
1276	22	1
1276	28	1
1276	30	1
1276	41	1
1276	72	1
1276	104	1
1276	152	1
1276	236	1
1276	286	1
1276	438	1
6	1276	1
22	1276	1
28	1276	1
71	1276	1
94	1276	1
315	1276	1
398	1276	1
2592	1276	1
2682	26	1
2682	104	1
2682	1276	1
115	2682	1
1738	115	1
16	1738	1
89	1738	1
952	474	1
22	952	1
16	6226	1
22	6226	1
6376	526	1
6376	624	1
16	6376	1
26	6376	1
34	6376	1
6226	6376	1
290	6	1
290	15	1
290	19	1
290	22	1
290	28	1
290	37	1
290	45	1
290	68	1
290	71	1
290	94	1
290	104	1
290	115	1
290	123	1
290	125	1
290	212	1
290	258	1
290	299	1
290	315	1
290	348	1
290	358	1
290	489	1
290	522	1
290	526	1
290	624	1
290	653	1
290	725	1
290	765	1
290	908	1
290	932	1
290	1052	1
290	1172	1
290	1289	1
290	1561	1
290	1659	1
290	2490	1
290	4714	1
290	5039	1
290	6376	1
2	290	1
6	290	1
12	290	1
15	290	1
16	290	1
18	290	1
22	290	1
26	290	1
28	290	1
34	290	1
45	290	1
46	290	1
60	290	1
71	290	1
72	290	1
94	290	1
104	290	1
119	290	1
123	290	1
124	290	1
125	290	1
136	290	1
190	290	1
197	290	1
245	290	1
257	290	1
271	290	1
286	290	1
302	290	1
879	290	1
1879	290	1
529	6	1
529	9	1
529	15	1
529	18	1
529	22	1
529	26	1
529	68	1
529	69	1
529	94	1
529	115	1
529	207	1
529	474	1
529	844	1
15	529	1
16	529	1
18	529	1
25	529	1
28	529	1
34	529	1
72	529	1
89	529	1
99	529	1
123	529	1
227	529	1
271	529	1
1339	529	1
2467	529	1
4644	529	1
4644	1052	1
16	4644	1
18	4644	1
26	4644	1
126	2	1
126	6	1
126	15	1
126	18	1
126	26	1
126	42	1
126	45	1
126	71	1
126	89	1
126	94	1
126	104	1
126	280	1
18	126	1
22	126	1
30	126	1
45	126	1
104	126	1
123	126	1
124	126	1
125	126	1
190	126	1
257	126	1
1617	126	1
2763	126	1