
   Summary motif results
   =====================
mfinder Version 1.20

MOTIF FINDER RESULTS:

	Network name: JapDSNet.txt
	Network type: Directed
	Num of Nodes: 3175 Num of Edges: 2306
	Num of Nodes with edges: 402
	Maximal out degree (out-hub) : 123
	Maximal in degree (in-hub) : 113
	Roots num: 39 Leaves num: 23
	Single Edges num: 1978 Mutual Edges num: 164

	Motif size searched  4
	Total number of 4-node subgraphs : 3895613
	Number of random networks generated : 100
	Random networks generation method: Switches (with metropolis)

The following motifs were found:

Criteria taken : Nreal Zscore > 2.00
                 Pval ignored (due to small number of random networks)
                 Mfactor > 1.10
                 Uniqueness >= 4


	Top Motifs List

MOTIF	NREAL	NRAND		NREAL	NREAL	UNIQ	CREAL
ID		STATS		ZSCORE	PVAL	VAL	[MILI]	

204	4334	2212.0+-148.2	14.32	0.000	15	1.11

0 0 1 1 
0 0 1 1 
0 0 0 0 
0 0 0 0 

460	3095	2091.6+-164.0	6.12	0.000	10	0.79

0 0 1 1 
0 0 1 1 
1 0 0 0 
0 0 0 0 

904	5191	3779.7+-219.3	6.43	0.000	17	1.33

0 0 0 1 
0 0 0 1 
1 1 0 0 
0 0 0 0 

908	2500	1862.6+-157.5	4.05	0.000	11	0.64

0 0 1 1 
0 0 0 1 
1 1 0 0 
0 0 0 0 

2190	1996	1461.0+-91.3	5.86	0.000	10	0.51

0 1 1 1 
0 0 0 1 
0 0 0 1 
0 0 0 0 

2252	1980	1496.4+-89.2	5.42	0.000	10	0.51

0 0 1 1 
0 0 1 1 
0 0 0 1 
0 0 0 0 

4742	2706	2324.0+-104.0	3.67	0.000	9	0.69

0 1 1 0 
0 0 0 1 
0 1 0 0 
1 0 0 0 



	(Total No. of non-dangling motifs : 35)



	Full list includes 40 motifs
MOTIF	NREAL	NRAND		NREAL	NREAL	UNIQ	CREAL
ID		STATS		ZSCORE	PVAL	VAL	[MILI]	

204	4334	2212.0+-148.2	14.32	0.000	15	1.11

0 0 1 1 
0 0 1 1 
0 0 0 0 
0 0 0 0 

206	1966	1448.8+-94.4	5.48	0.000	13	0.50

0 1 1 1 
0 0 1 1 
0 0 0 0 
0 0 0 0 

390	21365	18735.1+-700.8	3.75	0.000	14	5.48

0 1 1 0 
0 0 0 1 
1 0 0 0 
0 0 0 0 

394	35644	31283.3+-1612.1	2.70	0.010	17	9.15

0 1 0 1 
0 0 0 1 
1 0 0 0 
0 0 0 0 

460	3095	2091.6+-164.0	6.12	0.000	10	0.79

0 0 1 1 
0 0 1 1 
1 0 0 0 
0 0 0 0 

904	5191	3779.7+-219.3	6.43	0.000	17	1.33

0 0 0 1 
0 0 0 1 
1 1 0 0 
0 0 0 0 

908	2500	1862.6+-157.5	4.05	0.000	11	0.64

0 0 1 1 
0 0 0 1 
1 1 0 0 
0 0 0 0 

972	871	402.9+-64.3	7.28	0.000	6	0.22

0 0 1 1 
0 0 1 1 
1 1 0 0 
0 0 0 0 

974	603	459.1+-42.1	3.41	0.000	5	0.15

0 1 1 1 
0 0 1 1 
1 1 0 0 
0 0 0 0 

2190	1996	1461.0+-91.3	5.86	0.000	10	0.51

0 1 1 1 
0 0 0 1 
0 0 0 1 
0 0 0 0 

2206	1373	1160.5+-91.7	2.32	0.020	9	0.35

0 1 1 1 
1 0 0 1 
0 0 0 1 
0 0 0 0 

2252	1980	1496.4+-89.2	5.42	0.000	10	0.51

0 0 1 1 
0 0 1 1 
0 0 0 1 
0 0 0 0 

2254	609	477.6+-32.6	4.03	0.000	8	0.16

0 1 1 1 
0 0 1 1 
0 0 0 1 
0 0 0 0 

2270	198	140.7+-16.8	3.41	0.000	5	0.05

0 1 1 1 
1 0 1 1 
0 0 0 1 
0 0 0 0 

2458	1267	1099.3+-77.0	2.18	0.010	10	0.33

0 1 0 1 
1 0 0 1 
1 0 0 1 
0 0 0 0 

2462	525	325.7+-33.7	5.92	0.000	5	0.13

0 1 1 1 
1 0 0 1 
1 0 0 1 
0 0 0 0 

2510	299	246.0+-18.4	2.89	0.000	6	0.08

0 1 1 1 
0 0 1 1 
1 0 0 1 
0 0 0 0 

2526	254	191.8+-16.5	3.76	0.000	4	0.07

0 1 1 1 
1 0 1 1 
1 0 0 1 
0 0 0 0 

4422	21989	19309.2+-889.9	3.01	0.000	11	5.64

0 1 1 0 
0 0 1 0 
1 0 0 0 
1 0 0 0 

4438	13252	11214.9+-487.5	4.18	0.000	7	3.40

0 1 1 0 
1 0 1 0 
1 0 0 0 
1 0 0 0 

4546	1369	1210.8+-68.1	2.32	0.010	13	0.35

0 1 0 0 
0 0 1 1 
1 0 0 0 
1 0 0 0 

4556	917	472.3+-56.7	7.85	0.000	9	0.24

0 0 1 1 
0 0 1 1 
1 0 0 0 
1 0 0 0 

4558	437	296.4+-35.9	3.92	0.000	5	0.11

0 1 1 1 
0 0 1 1 
1 0 0 0 
1 0 0 0 

4564	1058	921.5+-54.8	2.49	0.010	8	0.27

0 0 1 0 
1 0 1 1 
1 0 0 0 
1 0 0 0 

4678	3589	2752.8+-257.2	3.25	0.000	10	0.92

0 1 1 0 
0 0 1 0 
0 1 0 0 
1 0 0 0 

4742	2706	2324.0+-104.0	3.67	0.000	9	0.69

0 1 1 0 
0 0 0 1 
0 1 0 0 
1 0 0 0 

4764	1059	856.7+-65.1	3.11	0.000	7	0.27

0 0 1 1 
1 0 0 1 
0 1 0 0 
1 0 0 0 

4814	287	214.6+-34.8	2.08	0.020	5	0.07

0 1 1 1 
0 0 1 1 
0 1 0 0 
1 0 0 0 

5068	475	252.3+-67.1	3.32	0.010	4	0.12

0 0 1 1 
0 0 1 1 
1 1 0 0 
1 0 0 0 

6350	260	208.1+-19.4	2.68	0.020	7	0.07

0 1 1 1 
0 0 1 1 
0 0 0 1 
1 0 0 0 

6364	263	226.9+-17.1	2.11	0.020	4	0.07

0 0 1 1 
1 0 1 1 
0 0 0 1 
1 0 0 0 

6552	849	638.3+-60.8	3.47	0.000	7	0.22

0 0 0 1 
1 0 0 1 
1 0 0 1 
1 0 0 0 

6554	1227	973.1+-69.0	3.68	0.000	6	0.31

0 1 0 1 
1 0 0 1 
1 0 0 1 
1 0 0 0 

6558	383	267.7+-28.2	4.08	0.000	5	0.10

0 1 1 1 
1 0 0 1 
1 0 0 1 
1 0 0 0 

6606	191	159.0+-14.9	2.14	0.020	4	0.05

0 1 1 1 
0 0 1 1 
1 0 0 1 
1 0 0 0 

6616	152	111.4+-13.6	2.99	0.000	4	0.04

0 0 0 1 
1 0 1 1 
1 0 0 1 
1 0 0 0 

6620	203	164.6+-16.9	2.27	0.020	6	0.05

0 0 1 1 
1 0 1 1 
1 0 0 1 
1 0 0 0 

6854	134	103.9+-12.1	2.49	0.010	5	0.03

0 1 1 0 
0 0 1 1 
0 1 0 1 
1 0 0 0 

6876	88	63.1+-11.3	2.20	0.030	4	0.02

0 0 1 1 
1 0 1 1 
0 1 0 1 
1 0 0 0 

13150	371	304.5+-28.0	2.38	0.010	4	0.10

0 1 1 1 
1 0 1 0 
1 1 0 0 
1 1 0 0 




Full list of subgraphs size 4 ids:

	( Total num of different subgraphs size 4 is : 199 )

MOTIF	NREAL	NRAND		NREAL	NREAL	CREAL	UNIQ
ID		STATS		ZSCORE	PVAL	[MILI]	
14	207108	207446.1+-1725.0	-0.20	0.610	53.16	32

28	584618	582422.0+-1959.2	1.12	0.130	150.07	31

30	212480	212517.9+-1894.7	-0.02	0.460	54.54	14

74	130492	133570.3+-1908.4	-1.61	0.940	33.50	33

76	143649	158510.9+-1971.3	-7.54	1.000	36.87	36

78	31507	32393.1+-1512.1	-0.59	0.690	8.09	21

90	30122	29513.0+-1339.3	0.45	0.310	7.73	14

92	25394	30322.6+-766.8	-6.43	1.000	6.52	19

94	20370	20799.8+-553.2	-0.78	0.800	5.23	12

204	4334	2212.0+-148.2	14.32	0.000	1.11	15

206	1966	1448.8+-94.4	5.48	0.000	0.50	13

222	822	769.9+-65.5	0.79	0.210	0.21	6

280	576655	569908.9+-2006.0	3.36	0.000	148.03	33

282	380963	377438.5+-2017.0	1.75	0.080	97.79	14

286	78860	78125.5+-867.7	0.85	0.180	20.24	10

328	137916	134554.4+-1951.5	1.72	0.050	35.40	32

330	24641	26903.2+-613.7	-3.69	0.990	6.33	16

332	66770	66206.8+-2201.6	0.26	0.390	17.14	13

334	21302	20285.2+-844.1	1.20	0.100	5.47	11

344	23863	26294.4+-1364.8	-1.78	0.940	6.13	18

346	14474	15518.5+-798.0	-1.31	0.920	3.72	12

348	16189	18356.0+-585.2	-3.70	1.000	4.16	10

350	13364	12442.8+-499.8	1.84	0.040	3.43	8

390	21365	18735.1+-700.8	3.75	0.000	5.48	14

392	158606	159720.4+-2200.3	-0.51	0.650	40.71	30

394	35644	31283.3+-1612.1	2.70	0.010	9.15	17

396	21038	22616.7+-766.4	-2.06	0.990	5.40	15

398	7227	8168.6+-636.3	-1.48	0.960	1.86	11

404	16381	18656.2+-714.3	-3.19	1.000	4.20	15

406	12211	12766.5+-714.1	-0.78	0.770	3.13	11

408	28679	32353.9+-774.0	-4.75	1.000	7.36	18

410	20447	19952.1+-599.8	0.83	0.180	5.25	9

412	5328	7205.0+-326.7	-5.74	1.000	1.37	12

414	5083	6192.4+-213.1	-5.21	1.000	1.30	7

454	4761	4762.8+-325.0	-0.01	0.470	1.22	11

456	6287	7539.3+-418.1	-2.99	1.000	1.61	18

458	1981	2449.4+-95.5	-4.90	1.000	0.51	13

460	3095	2091.6+-164.0	6.12	0.000	0.79	10

462	1199	1027.1+-87.4	1.97	0.030	0.31	7

468	2959	2826.0+-231.2	0.58	0.260	0.76	8

470	4992	5123.3+-423.0	-0.31	0.670	1.28	8

472	2381	2725.6+-101.3	-3.40	1.000	0.61	12

474	2076	2640.9+-156.8	-3.60	1.000	0.53	7

476	1067	1021.1+-65.5	0.70	0.220	0.27	8

478	1107	1245.1+-88.8	-1.56	0.920	0.28	5

856	2867	2420.9+-225.7	1.98	0.030	0.74	8

858	3734	4124.6+-344.8	-1.13	0.890	0.96	6

862	3076	3007.7+-146.7	0.47	0.250	0.79	5

904	5191	3779.7+-219.3	6.43	0.000	1.33	17

906	2759	2578.4+-102.8	1.76	0.050	0.71	12

908	2500	1862.6+-157.5	4.05	0.000	0.64	11

910	1037	1017.0+-84.2	0.24	0.360	0.27	7

922	1441	1297.5+-115.3	1.24	0.140	0.37	8

924	714	801.6+-74.4	-1.18	0.920	0.18	6

926	1093	1079.5+-84.3	0.16	0.390	0.28	6

972	871	402.9+-64.3	7.28	0.000	0.22	6

974	603	459.1+-42.1	3.41	0.000	0.15	5

990	518	463.3+-39.5	1.38	0.080	0.13	4

2184	199327	196249.9+-1280.7	2.40	0.000	51.17	22

2186	27314	31066.3+-1118.9	-3.35	1.000	7.01	19

2190	1996	1461.0+-91.3	5.86	0.000	0.51	10

2202	2593	3174.6+-260.0	-2.24	1.000	0.67	9

2204	2140	2769.6+-105.8	-5.95	1.000	0.55	12

2206	1373	1160.5+-91.7	2.32	0.020	0.35	9

2252	1980	1496.4+-89.2	5.42	0.000	0.51	10

2254	609	477.6+-32.6	4.03	0.000	0.16	8

2270	198	140.7+-16.8	3.41	0.000	0.05	5

2458	1267	1099.3+-77.0	2.18	0.010	0.33	10

2462	525	325.7+-33.7	5.92	0.000	0.13	5

2506	98	138.4+-13.5	-2.99	1.000	0.03	6

2510	299	246.0+-18.4	2.89	0.000	0.08	6

2524	160	139.5+-15.2	1.35	0.100	0.04	6

2526	254	191.8+-16.5	3.76	0.000	0.07	4

3038	42	37.7+-7.5	0.58	0.300	0.01	2

4370	178828	174450.5+-1281.6	3.42	0.000	45.90	14

4374	64497	64262.1+-640.1	0.37	0.340	16.56	9

4382	10951	9956.8+-254.1	3.91	0.000	2.81	6

4418	28084	28690.8+-512.3	-1.18	0.910	7.21	16

4420	35055	36614.2+-1302.7	-1.20	0.890	9.00	15

4422	21989	19309.2+-889.9	3.01	0.000	5.64	11

4424	18406	18772.1+-765.9	-0.48	0.640	4.72	14

4426	5514	6337.4+-311.4	-2.64	0.990	1.42	12

4428	15235	15379.7+-695.1	-0.21	0.580	3.91	9

4430	5592	6212.4+-316.3	-1.96	0.990	1.44	8

4434	14902	16038.0+-678.7	-1.67	0.960	3.83	12

4436	17528	18752.2+-438.8	-2.79	1.000	4.50	9

4438	13252	11214.9+-487.5	4.18	0.000	3.40	7

4440	3789	5668.9+-425.4	-4.42	1.000	0.97	11

4442	3335	4172.4+-268.3	-3.12	0.990	0.86	7

4444	3562	5102.8+-218.6	-7.05	1.000	0.91	9

4446	3066	3913.2+-199.3	-4.25	1.000	0.79	6

4546	1369	1210.8+-68.1	2.32	0.010	0.35	13

4548	2013	1962.6+-165.6	0.30	0.330	0.52	12

4550	852	887.0+-64.0	-0.55	0.740	0.22	9

4556	917	472.3+-56.7	7.85	0.000	0.24	9

4558	437	296.4+-35.9	3.92	0.000	0.11	5

4562	1279	1229.4+-80.8	0.61	0.280	0.33	7

4564	1058	921.5+-54.8	2.49	0.010	0.27	8

4566	905	976.8+-75.7	-0.95	0.840	0.23	6

4572	271	264.8+-27.9	0.22	0.340	0.07	5

4574	244	290.3+-32.2	-1.44	0.930	0.06	5

4678	3589	2752.8+-257.2	3.25	0.000	0.92	10

4682	1676	1444.7+-160.1	1.44	0.060	0.43	7

4686	492	454.6+-82.9	0.45	0.330	0.13	5

4692	5406	5443.6+-322.3	-0.12	0.570	1.39	9

4694	5197	5268.5+-387.1	-0.18	0.620	1.33	6

4698	772	914.8+-128.3	-1.11	0.850	0.20	5

4700	752	714.4+-92.0	0.41	0.310	0.19	6

4702	1036	1208.3+-136.6	-1.26	0.910	0.27	4

4740	1521	1594.3+-121.0	-0.61	0.680	0.39	15

4742	2706	2324.0+-104.0	3.67	0.000	0.69	9

4748	1775	1773.7+-152.2	0.01	0.480	0.46	9

4750	1142	1013.9+-83.9	1.53	0.070	0.29	7

4758	1137	1085.2+-94.9	0.55	0.270	0.29	7

4764	1059	856.7+-65.1	3.11	0.000	0.27	7

4766	1056	1124.0+-74.0	-0.92	0.830	0.27	5

4812	159	153.6+-38.2	0.14	0.410	0.04	4

4814	287	214.6+-34.8	2.08	0.020	0.07	5

4830	125	197.0+-34.1	-2.11	1.000	0.03	4

4946	4078	4753.9+-283.9	-2.38	0.970	1.05	7

4950	3003	2987.4+-122.1	0.13	0.440	0.77	5

4952	243	318.0+-61.5	-1.22	0.890	0.06	5

4954	607	843.6+-104.6	-2.26	0.980	0.16	5

4958	446	738.4+-50.0	-5.84	1.000	0.11	3

4994	1925	2519.4+-94.8	-6.27	1.000	0.49	12

4998	734	870.6+-64.5	-2.12	0.990	0.19	10

5002	855	966.9+-63.4	-1.76	0.970	0.22	7

5004	923	812.1+-103.9	1.07	0.120	0.24	9

5006	505	579.0+-45.4	-1.63	0.950	0.13	6

5010	1954	2382.9+-145.3	-2.95	1.000	0.50	7

5012	561	729.8+-63.8	-2.65	0.980	0.14	8

5014	719	823.7+-61.6	-1.70	0.980	0.18	5

5016	701	862.8+-61.4	-2.64	1.000	0.18	7

5018	966	1008.6+-76.5	-0.56	0.690	0.25	5

5020	344	404.3+-44.0	-1.37	0.950	0.09	4

5022	448	518.0+-35.2	-1.99	0.970	0.12	4

5058	705	821.8+-80.5	-1.45	0.940	0.18	8

5062	388	442.4+-41.3	-1.32	0.910	0.10	4

5064	206	154.7+-41.0	1.25	0.120	0.05	4

5066	200	184.3+-32.7	0.48	0.280	0.05	5

5068	475	252.3+-67.1	3.32	0.010	0.12	4

5070	230	198.2+-25.3	1.26	0.130	0.06	4

5074	1096	1093.1+-72.5	0.04	0.490	0.28	5

5076	492	488.3+-51.5	0.07	0.510	0.13	4

5078	740	810.5+-55.3	-1.27	0.900	0.19	4

5080	181	208.0+-33.3	-0.81	0.740	0.05	5

5082	305	310.2+-40.4	-0.13	0.560	0.08	4

5084	167	163.6+-23.6	0.15	0.450	0.04	3

5086	335	354.3+-39.0	-0.50	0.740	0.09	3

6342	419	373.2+-31.7	1.44	0.090	0.11	8

6348	809	831.1+-73.3	-0.30	0.620	0.21	9

6350	260	208.1+-19.4	2.68	0.020	0.07	7

6356	66	142.4+-12.9	-5.93	1.000	0.02	5

6358	229	220.4+-16.7	0.51	0.330	0.06	6

6364	263	226.9+-17.1	2.11	0.020	0.07	4

6366	186	171.0+-17.8	0.84	0.250	0.05	5

6550	228	192.2+-32.8	1.09	0.110	0.06	5

6552	849	638.3+-60.8	3.47	0.000	0.22	7

6554	1227	973.1+-69.0	3.68	0.000	0.31	6

6558	383	267.7+-28.2	4.08	0.000	0.10	5

6598	154	191.7+-19.3	-1.95	1.000	0.04	6

6602	147	192.4+-17.6	-2.58	1.000	0.04	4

6604	589	499.6+-48.0	1.86	0.030	0.15	5

6606	191	159.0+-14.9	2.14	0.020	0.05	4

6614	147	125.6+-14.2	1.50	0.050	0.04	3

6616	152	111.4+-13.6	2.99	0.000	0.04	4

6618	115	139.3+-13.5	-1.81	0.990	0.03	3

6620	203	164.6+-16.9	2.27	0.020	0.05	6

6622	145	113.2+-10.6	2.99	0.000	0.04	3

6854	134	103.9+-12.1	2.49	0.010	0.03	5

6858	186	175.6+-29.1	0.36	0.370	0.05	4

6862	38	31.3+-6.7	1.01	0.190	0.01	4

6870	157	154.7+-15.0	0.15	0.440	0.04	3

6874	255	208.9+-29.1	1.59	0.080	0.07	4

6876	88	63.1+-11.3	2.20	0.030	0.02	4

6878	92	84.2+-12.0	0.65	0.250	0.02	4

7126	62	84.4+-10.7	-2.09	1.000	0.02	2

7128	27	17.6+-5.6	1.68	0.050	0.01	3

7130	100	76.2+-10.1	2.35	0.010	0.03	3

7134	49	54.9+-8.7	-0.67	0.790	0.01	2

13142	527	394.2+-37.6	3.53	0.000	0.14	3

13146	93	122.4+-23.3	-1.26	0.920	0.02	3

13148	159	148.9+-28.8	0.35	0.350	0.04	4

13150	371	304.5+-28.0	2.38	0.010	0.10	4

13260	38	17.4+-8.1	2.53	0.030	0.01	3

13262	60	55.4+-10.7	0.43	0.360	0.02	3

13278	75	65.1+-11.4	0.87	0.190	0.02	2

14678	100	126.5+-15.4	-1.73	0.960	0.03	4

14686	30	33.0+-6.2	-0.49	0.700	0.01	2

14790	15	13.1+-5.5	0.34	0.350	0.00	2

14798	76	64.8+-9.5	1.18	0.140	0.02	3

14810	74	77.0+-10.6	-0.29	0.550	0.02	2

14812	50	57.2+-11.2	-0.64	0.740	0.01	3

14814	93	89.6+-9.6	0.35	0.380	0.02	3

15258	36	31.6+-7.0	0.62	0.360	0.01	3

15262	65	41.4+-7.2	3.29	0.000	0.02	2

15310	32	24.9+-5.3	1.34	0.130	0.01	3

15326	63	46.9+-7.0	2.28	0.010	0.02	2

31710	5	5.7+-2.1	-0.31	0.670	0.00	1



 (Application total runtime was:  29.75 hours.)

 (Real network processing runtime was:   1.58 minutes).

 (Single Random network processing runtime was:  17.83 minutes).
