
   Summary motif results
   =====================
mfinder Version 1.20

MOTIF FINDER RESULTS:

	Network name: synt2.txt
	Network type: Directed
	Num of Nodes: 60 Num of Edges: 70
	Num of Nodes with edges: 46
	Maximal out degree (out-hub) : 5
	Maximal in degree (in-hub) : 3
	Roots num: 11 Leaves num: 12
	Single Edges num: 66 Mutual Edges num: 2

	Motif size searched  4
	Total number of 4-node subgraphs : 247
	Number of random networks generated : 100
	Random networks generation method: Switches (with metropolis)

The following motifs were found:

Criteria taken : Nreal Zscore > 2.00
                 Pval ignored (due to small number of random networks)
                 Mfactor > 1.10
                 Uniqueness >= 4



	Full list includes 3 motifs
MOTIF	NREAL	NRAND		NREAL	NREAL	UNIQ	CREAL
ID		STATS		ZSCORE	PVAL	VAL	[MILI]	

14	12	7.0+-2.0	2.47	0.020	5	48.58

0 1 1 1 
0 0 0 0 
0 0 0 0 
0 0 0 0 

206	12	1.7+-1.2	8.95	0.000	6	48.58

0 1 1 1 
0 0 1 1 
0 0 0 0 
0 0 0 0 

2186	7	3.3+-1.2	3.02	0.000	5	28.34

0 1 0 1 
0 0 0 1 
0 0 0 1 
0 0 0 0 




Full list of subgraphs size 4 ids:

	( Total num of different subgraphs size 4 is : 199 )

MOTIF	NREAL	NRAND		NREAL	NREAL	CREAL	UNIQ
ID		STATS		ZSCORE	PVAL	[MILI]	
14	12	7.0+-2.0	2.47	0.020	48.58	5

28	19	17.7+-3.4	0.37	0.370	76.92	4

30	3	2.8+-1.2	0.17	0.480	12.15	1

74	49	49.4+-9.2	-0.04	0.570	198.38	4

76	34	44.9+-7.4	-1.47	0.970	137.65	4

78	2	12.7+-2.5	-4.35	1.000	8.10	1

90	0	0.7+-1.4	-0.49	1.000	0.00	0

92	0	14.2+-2.7	-5.30	1.000	0.00	0

94	0	0.0+-0.0	888888	1.000	0.00	0

204	0	0.1+-0.3	-0.33	1.000	0.00	0

206	12	1.7+-1.2	8.95	0.000	48.58	6

222	0	0.0+-0.0	888888	1.000	0.00	0

280	9	6.6+-2.6	0.95	0.250	36.44	2

282	3	1.5+-1.3	1.23	0.280	12.15	1

286	0	0.0+-0.0	888888	1.000	0.00	0

328	25	30.7+-6.6	-0.86	0.820	101.21	3

330	0	0.0+-0.0	888888	1.000	0.00	0

332	0	0.2+-0.6	-0.33	1.000	0.00	0

334	0	1.5+-1.3	-1.15	1.000	0.00	0

344	6	5.6+-2.5	0.16	0.490	24.29	4

346	0	0.2+-0.5	-0.32	1.000	0.00	0

348	1	1.6+-1.6	-0.36	0.660	4.05	1

350	0	0.0+-0.0	888888	1.000	0.00	0

390	0	2.4+-1.8	-1.33	1.000	0.00	0

392	29	30.0+-5.2	-0.19	0.550	117.41	3

394	14	9.4+-2.6	1.77	0.050	56.68	3

396	4	2.5+-1.4	1.08	0.240	16.19	2

398	0	1.2+-1.0	-1.26	1.000	0.00	0

404	3	1.2+-1.1	1.72	0.110	12.15	1

406	0	0.0+-0.0	888888	1.000	0.00	0

408	10	6.9+-2.1	1.49	0.100	40.49	3

410	0	0.0+-0.0	888888	1.000	0.00	0

412	0	0.4+-0.6	-0.67	1.000	0.00	0

414	0	0.0+-0.0	888888	1.000	0.00	0

454	0	0.9+-1.0	-0.91	1.000	0.00	0

456	0	0.3+-0.6	-0.48	1.000	0.00	0

458	0	0.0+-0.0	888888	1.000	0.00	0

460	0	0.0+-0.0	888888	1.000	0.00	0

462	3	0.2+-0.5	5.66	0.000	12.15	1

468	0	1.0+-0.8	-1.32	1.000	0.00	0

470	0	0.0+-0.0	888888	1.000	0.00	0

472	0	1.9+-1.2	-1.51	1.000	0.00	0

474	0	0.0+-0.0	888888	1.000	0.00	0

476	0	0.4+-0.6	-0.72	1.000	0.00	0

478	0	0.0+-0.0	888888	1.000	0.00	0

856	0	0.0+-0.0	888888	1.000	0.00	0

858	0	0.0+-0.0	888888	1.000	0.00	0

862	0	0.0+-0.0	888888	1.000	0.00	0

904	0	0.2+-0.4	-0.41	1.000	0.00	0

906	0	2.0+-1.4	-1.40	1.000	0.00	0

908	0	0.0+-0.1	-0.10	1.000	0.00	0

910	0	0.0+-0.0	888888	1.000	0.00	0

922	0	0.0+-0.0	888888	1.000	0.00	0

924	0	0.0+-0.2	-0.16	1.000	0.00	0

926	0	0.0+-0.0	888888	1.000	0.00	0

972	0	0.0+-0.0	888888	1.000	0.00	0

974	0	0.0+-0.0	888888	1.000	0.00	0

990	0	0.0+-0.0	888888	1.000	0.00	0

2184	0	0.9+-0.8	-1.14	1.000	0.00	0

2186	7	3.3+-1.2	3.02	0.000	28.34	5

2190	0	0.5+-0.7	-0.71	1.000	0.00	0

2202	0	0.0+-0.0	888888	1.000	0.00	0

2204	0	1.1+-1.1	-0.98	1.000	0.00	0

2206	0	0.0+-0.0	888888	1.000	0.00	0

2252	0	0.4+-0.7	-0.63	1.000	0.00	0

2254	0	0.8+-0.7	-1.14	1.000	0.00	0

2270	0	0.0+-0.0	888888	1.000	0.00	0

2458	0	0.0+-0.0	888888	1.000	0.00	0

2462	0	0.0+-0.0	888888	1.000	0.00	0

2506	0	0.0+-0.0	888888	1.000	0.00	0

2510	0	0.0+-0.0	888888	1.000	0.00	0

2524	0	0.0+-0.0	888888	1.000	0.00	0

2526	0	0.0+-0.0	888888	1.000	0.00	0

3038	0	0.0+-0.0	888888	1.000	0.00	0

4370	0	0.0+-0.0	888888	1.000	0.00	0

4374	0	0.0+-0.0	888888	1.000	0.00	0

4382	0	0.0+-0.0	888888	1.000	0.00	0

4418	0	0.0+-0.0	888888	1.000	0.00	0

4420	0	0.1+-0.2	-0.23	1.000	0.00	0

4422	1	0.8+-0.4	0.47	0.820	4.05	1

4424	0	0.8+-0.9	-0.84	1.000	0.00	0

4426	0	0.0+-0.0	888888	1.000	0.00	0

4428	0	0.0+-0.0	888888	1.000	0.00	0

4430	0	0.0+-0.0	888888	1.000	0.00	0

4434	0	0.0+-0.0	888888	1.000	0.00	0

4436	0	0.0+-0.0	888888	1.000	0.00	0

4438	0	0.0+-0.0	888888	1.000	0.00	0

4440	0	0.0+-0.0	888888	1.000	0.00	0

4442	0	0.0+-0.0	888888	1.000	0.00	0

4444	0	0.0+-0.0	888888	1.000	0.00	0

4446	0	0.0+-0.0	888888	1.000	0.00	0

4546	0	0.0+-0.0	888888	1.000	0.00	0

4548	0	0.0+-0.0	888888	1.000	0.00	0

4550	0	0.0+-0.0	888888	1.000	0.00	0

4556	0	0.0+-0.0	888888	1.000	0.00	0

4558	0	0.0+-0.0	888888	1.000	0.00	0

4562	0	0.0+-0.0	888888	1.000	0.00	0

4564	0	0.0+-0.0	888888	1.000	0.00	0

4566	0	0.0+-0.0	888888	1.000	0.00	0

4572	0	0.0+-0.0	888888	1.000	0.00	0

4574	0	0.0+-0.0	888888	1.000	0.00	0

4678	1	0.8+-0.9	0.17	0.530	4.05	1

4682	0	0.0+-0.1	-0.10	1.000	0.00	0

4686	0	0.1+-0.2	-0.25	1.000	0.00	0

4692	0	0.5+-0.5	-1.00	1.000	0.00	0

4694	0	0.0+-0.0	888888	1.000	0.00	0

4698	0	0.0+-0.0	888888	1.000	0.00	0

4700	0	0.0+-0.0	888888	1.000	0.00	0

4702	0	0.0+-0.0	888888	1.000	0.00	0

4740	0	0.1+-0.3	-0.27	1.000	0.00	0

4742	0	0.0+-0.0	888888	1.000	0.00	0

4748	0	0.0+-0.0	888888	1.000	0.00	0

4750	0	0.2+-0.4	-0.42	1.000	0.00	0

4758	0	0.0+-0.0	888888	1.000	0.00	0

4764	0	0.0+-0.0	888888	1.000	0.00	0

4766	0	0.0+-0.0	888888	1.000	0.00	0

4812	0	0.0+-0.0	888888	1.000	0.00	0

4814	0	0.0+-0.1	-0.10	1.000	0.00	0

4830	0	0.0+-0.0	888888	1.000	0.00	0

4946	0	0.0+-0.0	888888	1.000	0.00	0

4950	0	0.0+-0.0	888888	1.000	0.00	0

4952	0	0.0+-0.0	888888	1.000	0.00	0

4954	0	0.0+-0.0	888888	1.000	0.00	0

4958	0	0.0+-0.0	888888	1.000	0.00	0

4994	0	0.0+-0.0	888888	1.000	0.00	0

4998	0	0.0+-0.0	888888	1.000	0.00	0

5002	0	0.1+-0.3	-0.29	1.000	0.00	0

5004	0	0.0+-0.0	888888	1.000	0.00	0

5006	0	0.0+-0.0	888888	1.000	0.00	0

5010	0	0.0+-0.0	888888	1.000	0.00	0

5012	0	0.0+-0.0	888888	1.000	0.00	0

5014	0	0.0+-0.0	888888	1.000	0.00	0

5016	0	0.0+-0.0	888888	1.000	0.00	0

5018	0	0.0+-0.0	888888	1.000	0.00	0

5020	0	0.0+-0.0	888888	1.000	0.00	0

5022	0	0.0+-0.0	888888	1.000	0.00	0

5058	0	0.0+-0.0	888888	1.000	0.00	0

5062	0	0.0+-0.0	888888	1.000	0.00	0

5064	0	0.0+-0.0	888888	1.000	0.00	0

5066	0	0.0+-0.0	888888	1.000	0.00	0

5068	0	0.0+-0.0	888888	1.000	0.00	0

5070	0	0.0+-0.0	888888	1.000	0.00	0

5074	0	0.0+-0.0	888888	1.000	0.00	0

5076	0	0.0+-0.0	888888	1.000	0.00	0

5078	0	0.0+-0.0	888888	1.000	0.00	0

5080	0	0.0+-0.0	888888	1.000	0.00	0

5082	0	0.0+-0.0	888888	1.000	0.00	0

5084	0	0.0+-0.0	888888	1.000	0.00	0

5086	0	0.0+-0.0	888888	1.000	0.00	0

6342	0	0.0+-0.0	888888	1.000	0.00	0

6348	0	0.0+-0.0	888888	1.000	0.00	0

6350	0	0.0+-0.0	888888	1.000	0.00	0

6356	0	0.0+-0.0	888888	1.000	0.00	0

6358	0	0.0+-0.0	888888	1.000	0.00	0

6364	0	0.0+-0.0	888888	1.000	0.00	0

6366	0	0.0+-0.0	888888	1.000	0.00	0

6550	0	0.0+-0.0	888888	1.000	0.00	0

6552	0	0.0+-0.0	888888	1.000	0.00	0

6554	0	0.0+-0.0	888888	1.000	0.00	0

6558	0	0.0+-0.0	888888	1.000	0.00	0

6598	0	0.0+-0.0	888888	1.000	0.00	0

6602	0	0.0+-0.0	888888	1.000	0.00	0

6604	0	0.0+-0.0	888888	1.000	0.00	0

6606	0	0.0+-0.0	888888	1.000	0.00	0

6614	0	0.0+-0.0	888888	1.000	0.00	0

6616	0	0.0+-0.0	888888	1.000	0.00	0

6618	0	0.0+-0.0	888888	1.000	0.00	0

6620	0	0.0+-0.0	888888	1.000	0.00	0

6622	0	0.0+-0.0	888888	1.000	0.00	0

6854	0	0.0+-0.0	888888	1.000	0.00	0

6858	0	0.0+-0.0	888888	1.000	0.00	0

6862	0	0.0+-0.0	888888	1.000	0.00	0

6870	0	0.0+-0.0	888888	1.000	0.00	0

6874	0	0.0+-0.0	888888	1.000	0.00	0

6876	0	0.0+-0.0	888888	1.000	0.00	0

6878	0	0.0+-0.0	888888	1.000	0.00	0

7126	0	0.0+-0.0	888888	1.000	0.00	0

7128	0	0.0+-0.0	888888	1.000	0.00	0

7130	0	0.0+-0.0	888888	1.000	0.00	0

7134	0	0.0+-0.0	888888	1.000	0.00	0

13142	0	0.0+-0.0	888888	1.000	0.00	0

13146	0	0.0+-0.0	888888	1.000	0.00	0

13148	0	0.0+-0.0	888888	1.000	0.00	0

13150	0	0.0+-0.0	888888	1.000	0.00	0

13260	0	0.0+-0.0	888888	1.000	0.00	0

13262	0	0.0+-0.0	888888	1.000	0.00	0

13278	0	0.0+-0.0	888888	1.000	0.00	0

14678	0	0.0+-0.0	888888	1.000	0.00	0

14686	0	0.0+-0.0	888888	1.000	0.00	0

14790	0	0.0+-0.0	888888	1.000	0.00	0

14798	0	0.0+-0.0	888888	1.000	0.00	0

14810	0	0.0+-0.0	888888	1.000	0.00	0

14812	0	0.0+-0.0	888888	1.000	0.00	0

14814	0	0.0+-0.0	888888	1.000	0.00	0

15258	0	0.0+-0.0	888888	1.000	0.00	0

15262	0	0.0+-0.0	888888	1.000	0.00	0

15310	0	0.0+-0.0	888888	1.000	0.00	0

15326	0	0.0+-0.0	888888	1.000	0.00	0

31710	0	0.0+-0.0	888888	1.000	0.00	0



 (Application total runtime was:   10.0 seconds.)

 (Real network processing runtime was:    0.0 seconds.)

 (Single Random network processing runtime was:    0.1 seconds.)
