1 117 1
1 192 1
2 4 1
2 13 1
2 14 1
2 20 1
2 31 1
2 43 1
2 64 1
2 91 1
2 111 1
2 124 1
2 125 1
2 133 1
2 134 1
2 157 1
2 173 1
2 178 1
2 186 1
2 190 1
2 192 1
2 200 1
2 204 1
2 208 1
2 246 1
2 283 1
3 5 1
3 9 1
3 10 1
3 13 1
3 16 1
3 17 1
3 19 1
3 25 1
3 28 1
3 43 1
3 53 1
3 64 1
3 68 1
3 72 1
3 78 1
3 85 1
3 99 1
3 103 1
3 104 1
3 106 1
3 110 1
3 112 1
3 119 1
3 122 1
3 126 1
3 131 1
3 133 1
3 138 1
3 143 1
3 149 1
3 151 1
3 192 1
3 203 1
3 204 1
3 208 1
3 214 1
3 216 1
3 217 1
3 225 1
3 246 1
3 260 1
4 2 1
4 3 1
4 14 1
4 26 1
4 31 1
4 32 1
4 33 1
4 43 1
4 64 1
4 68 1
4 72 1
4 85 1
4 91 1
4 94 1
4 103 1
4 110 1
4 114 1
4 119 1
4 120 1
4 124 1
4 126 1
4 133 1
4 134 1
4 138 1
4 143 1
4 160 1
4 178 1
4 192 1
4 199 1
4 200 1
4 204 1
4 227 1
4 230 1
5 9 1
5 22 1
5 43 1
5 55 1
5 57 1
5 60 1
5 63 1
5 67 1
5 68 1
5 78 1
5 91 1
5 94 1
5 112 1
5 117 1
5 118 1
5 119 1
5 123 1
5 142 1
5 143 1
5 150 1
5 162 1
5 173 1
5 186 1
5 187 1
5 188 1
5 192 1
5 194 1
5 196 1
5 201 1
5 208 1
5 226 1
5 227 1
5 231 1
5 246 1
5 258 1
6 88 1
6 136 1
6 190 1
6 192 1
6 195 1
6 219 1
6 260 1
6 286 1
7 3 1
7 5 1
7 16 1
7 17 1
7 28 1
7 42 1
7 53 1
7 55 1
7 64 1
7 68 1
7 85 1
7 99 1
7 103 1
7 112 1
7 116 1
7 120 1
7 126 1
7 130 1
7 131 1
7 133 1
7 143 1
7 192 1
7 202 1
7 203 1
7 240 1
7 246 1
7 260 1
8 13 1
8 38 1
8 53 1
8 70 1
8 74 1
8 92 1
8 120 1
8 133 1
8 140 1
8 180 1
8 186 1
8 188 1
8 227 1
8 230 1
9 72 1
9 93 1
9 94 1
9 99 1
9 119 1
9 142 1
9 143 1
9 236 1
9 253 1
9 257 1
10 8 1
10 22 1
10 56 1
10 140 1
10 166 1
10 210 1
10 241 1
10 280 1
11 44 1
11 64 1
11 72 1
11 88 1
11 126 1
11 138 1
11 200 1
11 212 1
11 225 1
12 72 1
12 84 1
12 90 1
12 126 1
12 137 1
12 185 1
12 254 1
13 1 1
13 7 1
13 11 1
13 15 1
13 19 1
13 20 1
13 21 1
13 28 1
13 32 1
13 36 1
13 60 1
13 64 1
13 67 1
13 70 1
13 71 1
13 72 1
13 88 1
13 103 1
13 104 1
13 113 1
13 115 1
13 116 1
13 122 1
13 126 1
13 130 1
13 133 1
13 135 1
13 173 1
13 192 1
13 194 1
13 196 1
13 199 1
13 202 1
13 203 1
13 204 1
13 205 1
13 208 1
13 214 1
13 217 1
13 218 1
13 219 1
13 225 1
13 229 1
13 238 1
13 279 1
14 3 1
14 20 1
14 34 1
14 48 1
14 59 1
14 71 1
14 76 1
14 85 1
14 108 1
14 115 1
14 118 1
14 119 1
14 122 1
14 125 1
14 126 1
14 133 1
14 134 1
14 138 1
14 143 1
14 170 1
14 196 1
14 205 1
14 208 1
14 213 1
14 215 1
14 285 1
15 13 1
15 28 1
15 31 1
15 43 1
15 87 1
15 115 1
15 119 1
15 135 1
15 143 1
15 149 1
15 178 1
15 188 1
15 199 1
15 210 1
15 216 1
15 277 1
15 279 1
16 17 1
16 88 1
16 92 1
16 188 1
17 16 1
17 42 1
17 110 1
18 5 1
18 69 1
18 117 1
18 227 1
18 239 1
18 260 1
19 103 1
19 171 1
19 205 1
19 229 1
20 3 1
20 14 1
20 32 1
20 126 1
20 208 1
20 215 1
21 60 1
21 68 1
21 71 1
21 92 1
21 101 1
21 121 1
21 138 1
21 219 1
21 275 1
22 9 1
22 32 1
22 55 1
22 67 1
22 87 1
22 91 1
22 121 1
22 134 1
22 168 1
22 186 1
22 204 1
22 227 1
22 245 1
23 39 1
23 51 1
23 52 1
23 65 1
23 71 1
23 85 1
23 86 1
23 87 1
23 97 1
23 180 1
23 182 1
23 245 1
23 251 1
23 256 1
24 3 1
24 7 1
24 17 1
24 49 1
24 55 1
24 78 1
24 85 1
24 90 1
24 94 1
24 112 1
24 118 1
24 119 1
24 126 1
24 133 1
24 173 1
24 192 1
24 203 1
24 231 1
24 281 1
25 83 1
25 110 1
25 203 1
25 231 1
25 268 1
26 3 1
26 54 1
26 93 1
26 169 1
26 262 1
27 124 1
27 229 1
28 91 1
28 108 1
28 110 1
28 112 1
28 185 1
29 71 1
29 110 1
29 178 1
29 180 1
30 49 1
30 59 1
30 78 1
30 79 1
30 110 1
30 150 1
31 126 1
31 134 1
31 230 1
32 2 1
32 53 1
32 88 1
32 92 1
32 96 1
32 99 1
32 186 1
32 214 1
33 139 1
33 142 1
33 163 1
33 200 1
33 280 1
34 13 1
34 19 1
34 31 1
34 54 1
34 55 1
34 84 1
34 90 1
34 97 1
34 135 1
34 188 1
34 199 1
34 226 1
34 244 1
35 98 1
35 137 1
35 138 1
35 161 1
35 210 1
36 1 1
36 9 1
36 59 1
36 63 1
36 118 1
36 119 1
36 123 1
36 140 1
36 154 1
36 182 1
36 212 1
36 218 1
36 220 1
36 248 1
36 283 1
36 284 1
37 12 1
37 83 1
37 101 1
37 176 1
37 245 1
37 252 1
37 263 1
38 61 1
38 63 1
38 185 1
38 282 1
38 284 1
39 125 1
39 158 1
39 264 1
40 1 1
40 23 1
40 35 1
40 136 1
40 151 1
40 154 1
40 164 1
40 170 1
40 254 1
40 271 1
41 3 1
41 60 1
41 74 1
41 147 1
41 198 1
42 53 1
42 131 1
42 152 1
42 207 1
42 226 1
42 254 1
43 2 1
43 19 1
43 33 1
43 55 1
43 91 1
43 103 1
43 130 1
43 173 1
43 178 1
43 287 1
44 3 1
44 11 1
44 15 1
44 27 1
44 67 1
44 68 1
44 77 1
44 96 1
44 107 1
44 118 1
44 119 1
44 126 1
44 131 1
44 143 1
44 214 1
45 2 1
45 3 1
45 4 1
45 5 1
45 7 1
45 8 1
45 10 1
45 13 1
45 14 1
45 15 1
45 16 1
45 17 1
45 18 1
45 19 1
45 20 1
45 21 1
45 22 1
45 24 1
45 29 1
45 32 1
45 35 1
45 41 1
45 43 1
45 47 1
45 48 1
45 49 1
45 51 1
45 54 1
45 56 1
45 60 1
45 64 1
45 65 1
45 67 1
45 68 1
45 70 1
45 71 1
45 73 1
45 74 1
45 76 1
45 78 1
45 85 1
45 86 1
45 87 1
45 88 1
45 91 1
45 94 1
45 96 1
45 98 1
45 99 1
45 102 1
45 103 1
45 104 1
45 106 1
45 107 1
45 108 1
45 109 1
45 110 1
45 111 1
45 112 1
45 114 1
45 115 1
45 116 1
45 118 1
45 119 1
45 120 1
45 121 1
45 122 1
45 123 1
45 124 1
45 125 1
45 126 1
45 130 1
45 131 1
45 133 1
45 134 1
45 136 1
45 137 1
45 138 1
45 139 1
45 140 1
45 143 1
45 146 1
45 148 1
45 149 1
45 150 1
45 151 1
45 154 1
45 155 1
45 156 1
45 159 1
45 169 1
45 171 1
45 173 1
45 174 1
45 178 1
45 182 1
45 184 1
45 185 1
45 186 1
45 188 1
45 190 1
45 192 1
45 193 1
45 194 1
45 195 1
45 196 1
45 198 1
45 199 1
45 200 1
45 202 1
45 203 1
45 204 1
45 205 1
45 206 1
45 207 1
45 208 1
45 210 1
45 214 1
45 215 1
45 218 1
45 219 1
45 225 1
45 226 1
45 227 1
45 229 1
45 231 1
45 246 1
45 256 1
45 268 1
45 270 1
45 274 1
45 276 1
45 284 1
45 285 1
46 117 1
46 192 1
46 207 1
46 224 1
46 232 1
47 2 1
47 3 1
47 49 1
47 62 1
47 99 1
47 118 1
47 128 1
47 136 1
47 138 1
47 139 1
47 173 1
47 193 1
47 226 1
47 252 1
48 2 1
48 3 1
48 4 1
48 14 1
48 76 1
48 118 1
48 123 1
48 126 1
48 133 1
48 134 1
48 138 1
48 143 1
48 157 1
48 171 1
48 196 1
48 208 1
48 245 1
48 288 1
49 3 1
49 10 1
49 13 1
49 17 1
49 24 1
49 37 1
49 47 1
49 60 1
49 96 1
49 99 1
49 103 1
49 109 1
49 117 1
49 126 1
49 139 1
49 151 1
49 173 1
49 242 1
49 278 1
49 283 1
50 1 1
50 4 1
50 13 1
50 18 1
50 64 1
50 69 1
50 72 1
50 115 1
50 143 1
50 160 1
50 175 1
50 235 1
50 246 1
51 87 1
51 135 1
51 219 1
51 225 1
51 259 1
51 285 1
52 12 1
52 70 1
52 85 1
52 177 1
52 179 1
52 222 1
52 240 1
52 266 1
52 273 1
53 42 1
53 71 1
53 151 1
53 168 1
53 181 1
53 207 1
53 249 1
54 188 1
56 64 1
56 90 1
56 208 1
56 240 1
56 258 1
57 126 1
57 146 1
57 153 1
59 13 1
59 15 1
59 63 1
59 94 1
59 101 1
59 208 1
59 233 1
60 13 1
60 27 1
60 32 1
60 35 1
60 67 1
60 94 1
60 103 1
60 130 1
60 194 1
60 197 1
60 199 1
60 207 1
60 225 1
61 107 1
61 128 1
61 149 1
61 167 1
61 273 1
62 46 1
62 207 1
62 211 1
63 59 1
64 106 1
64 130 1
64 208 1
64 213 1
64 217 1
65 35 1
65 44 1
65 58 1
65 73 1
65 91 1
65 96 1
65 97 1
65 132 1
65 178 1
65 262 1
65 272 1
66 62 1
66 153 1
66 154 1
66 206 1
66 246 1
67 130 1
67 150 1
67 195 1
68 119 1
68 123 1
68 137 1
68 143 1
68 214 1
68 219 1
69 83 1
69 112 1
69 138 1
69 177 1
70 139 1
70 248 1
71 195 1
72 11 1
72 73 1
72 87 1
72 138 1
72 165 1
72 225 1
72 246 1
73 5 1
73 51 1
73 70 1
73 72 1
73 87 1
73 111 1
73 161 1
73 226 1
73 246 1
73 262 1
73 276 1
74 3 1
74 6 1
74 8 1
74 13 1
74 41 1
74 60 1
74 63 1
74 91 1
74 92 1
74 126 1
74 136 1
74 146 1
74 182 1
74 194 1
74 199 1
74 254 1
74 279 1
75 1 1
75 3 1
75 8 1
75 13 1
75 54 1
75 85 1
75 96 1
75 115 1
75 118 1
75 119 1
75 120 1
75 126 1
75 138 1
75 143 1
75 167 1
75 173 1
75 194 1
75 245 1
76 3 1
76 5 1
76 14 1
76 48 1
76 110 1
76 118 1
76 123 1
76 124 1
76 138 1
76 143 1
76 205 1
76 226 1
76 273 1
77 131 1
77 230 1
78 9 1
78 43 1
78 59 1
78 63 1
78 66 1
78 88 1
78 94 1
78 121 1
78 173 1
78 208 1
79 10 1
79 13 1
79 87 1
79 138 1
79 146 1
79 251 1
80 13 1
80 70 1
80 210 1
80 285 1
81 183 1
82 54 1
82 209 1
83 12 1
83 86 1
84 201 1
84 212 1
85 5 1
85 13 1
85 15 1
85 19 1
85 30 1
85 33 1
85 62 1
85 99 1
85 103 1
85 110 1
85 112 1
85 118 1
85 122 1
85 128 1
85 131 1
85 138 1
85 148 1
85 151 1
85 165 1
85 188 1
85 193 1
85 200 1
85 202 1
85 205 1
85 211 1
85 221 1
85 228 1
85 229 1
85 230 1
85 241 1
85 242 1
85 246 1
85 247 1
85 249 1
85 260 1
85 285 1
86 19 1
86 27 1
86 84 1
86 102 1
86 104 1
86 150 1
86 166 1
86 170 1
86 225 1
86 229 1
86 255 1
87 4 1
87 7 1
87 13 1
87 14 1
87 20 1
87 28 1
87 37 1
87 56 1
87 70 1
87 85 1
87 94 1
87 99 1
87 102 1
87 116 1
87 126 1
87 128 1
87 134 1
87 135 1
87 143 1
87 144 1
87 148 1
87 158 1
87 167 1
87 171 1
87 173 1
87 192 1
87 196 1
87 206 1
87 208 1
87 221 1
87 225 1
87 227 1
87 230 1
87 233 1
87 234 1
87 262 1
88 22 1
88 32 1
88 51 1
88 112 1
88 137 1
88 176 1
88 227 1
89 172 1
89 223 1
89 249 1
89 267 1
89 285 1
90 14 1
90 60 1
90 94 1
90 109 1
90 141 1
90 189 1
90 203 1
90 233 1
91 92 1
91 96 1
91 108 1
91 199 1
91 227 1
91 264 1
91 277 1
92 163 1
92 227 1
93 101 1
94 60 1
94 64 1
94 78 1
94 119 1
94 173 1
94 219 1
94 273 1
95 72 1
95 234 1
95 257 1
96 32 1
96 49 1
96 109 1
96 120 1
96 227 1
96 242 1
97 102 1
97 171 1
97 173 1
97 181 1
98 13 1
98 15 1
98 33 1
98 55 1
98 114 1
98 124 1
98 138 1
98 140 1
98 155 1
98 173 1
98 188 1
98 204 1
98 225 1
98 231 1
99 3 1
99 5 1
99 7 1
99 13 1
99 28 1
99 42 1
99 43 1
99 64 1
99 68 1
99 102 1
99 106 1
99 112 1
99 118 1
99 130 1
99 173 1
99 192 1
99 203 1
99 208 1
99 246 1
100 43 1
100 51 1
100 60 1
100 221 1
100 261 1
101 37 1
101 63 1
101 173 1
102 1 1
102 136 1
102 146 1
102 247 1
102 251 1
102 275 1
103 7 1
103 19 1
103 30 1
103 43 1
103 60 1
103 85 1
103 94 1
103 118 1
103 130 1
103 179 1
103 214 1
103 246 1
104 12 1
104 22 1
104 31 1
104 62 1
104 130 1
104 143 1
104 202 1
104 213 1
104 231 1
104 258 1
104 294 1
105 72 1
105 88 1
105 100 1
105 117 1
105 165 1
105 238 1
105 262 1
106 64 1
106 123 1
106 124 1
106 133 1
106 146 1
106 173 1
106 203 1
106 208 1
107 44 1
107 60 1
107 96 1
107 109 1
107 119 1
107 164 1
107 197 1
108 91 1
108 118 1
108 152 1
108 162 1
108 189 1
108 205 1
108 247 1
109 43 1
109 54 1
109 63 1
109 96 1
109 120 1
109 121 1
109 182 1
109 199 1
109 267 1
109 278 1
109 284 1
110 30 1
110 100 1
110 138 1
110 150 1
110 153 1
110 209 1
111 54 1
111 107 1
111 148 1
111 172 1
112 17 1
112 28 1
112 192 1
112 226 1
112 242 1
112 246 1
112 295 1
113 6 1
113 22 1
113 63 1
113 112 1
113 170 1
113 200 1
113 285 1
114 102 1
114 106 1
114 110 1
114 124 1
114 138 1
114 146 1
114 173 1
114 203 1
114 220 1
114 257 1
114 276 1
114 289 1
115 3 1
115 7 1
115 11 1
115 13 1
115 17 1
115 21 1
115 68 1
115 72 1
115 119 1
115 120 1
115 122 1
115 126 1
115 131 1
115 133 1
115 138 1
115 141 1
115 143 1
115 173 1
115 193 1
115 196 1
115 202 1
115 205 1
115 214 1
115 227 1
115 258 1
116 7 1
116 13 1
116 42 1
116 88 1
116 119 1
116 120 1
116 122 1
116 173 1
116 205 1
117 81 1
117 119 1
117 218 1
118 7 1
118 13 1
118 42 1
118 60 1
118 64 1
118 68 1
118 98 1
118 99 1
118 100 1
118 105 1
118 115 1
118 117 1
118 119 1
118 131 1
118 138 1
118 146 1
118 149 1
118 192 1
118 202 1
118 205 1
118 206 1
118 225 1
118 229 1
118 240 1
118 246 1
118 258 1
119 7 1
119 10 1
119 13 1
119 16 1
119 17 1
119 32 1
119 46 1
119 60 1
119 64 1
119 68 1
119 72 1
119 88 1
119 92 1
119 104 1
119 116 1
119 126 1
119 131 1
119 136 1
119 138 1
119 143 1
119 149 1
119 164 1
119 173 1
119 192 1
119 196 1
119 202 1
119 205 1
119 214 1
119 217 1
119 219 1
119 227 1
120 3 1
120 4 1
120 7 1
120 13 1
120 16 1
120 32 1
120 64 1
120 72 1
120 75 1
120 94 1
120 116 1
120 119 1
120 122 1
120 126 1
120 133 1
120 149 1
120 173 1
120 202 1
120 205 1
120 215 1
121 93 1
121 238 1
121 249 1
121 285 1
122 14 1
122 202 1
122 205 1
123 36 1
123 39 1
123 48 1
123 68 1
123 76 1
123 109 1
123 126 1
123 138 1
123 143 1
123 210 1
123 241 1
124 3 1
124 5 1
124 51 1
124 76 1
124 106 1
124 114 1
124 118 1
124 138 1
124 200 1
124 205 1
124 206 1
125 3 1
125 14 1
125 85 1
125 122 1
125 134 1
125 199 1
125 208 1
125 231 1
126 3 1
126 7 1
126 10 1
126 16 1
126 17 1
126 21 1
126 28 1
126 64 1
126 72 1
126 116 1
126 119 1
126 120 1
126 122 1
126 131 1
126 132 1
126 143 1
126 156 1
126 163 1
126 173 1
126 194 1
126 196 1
126 204 1
126 205 1
126 215 1
126 217 1
127 18 1
127 132 1
127 163 1
128 209 1
128 230 1
129 167 1
129 234 1
129 239 1
130 43 1
130 64 1
130 67 1
130 68 1
130 150 1
130 213 1
131 3 1
131 4 1
131 7 1
131 17 1
131 58 1
131 68 1
131 103 1
131 104 1
131 112 1
131 122 1
131 126 1
131 143 1
131 173 1
131 192 1
131 202 1
131 204 1
131 205 1
131 222 1
132 32 1
132 87 1
132 100 1
132 111 1
132 118 1
132 127 1
132 154 1
132 185 1
133 3 1
133 5 1
133 6 1
133 16 1
133 41 1
133 106 1
133 119 1
133 120 1
133 143 1
133 150 1
133 202 1
133 208 1
133 211 1
133 214 1
133 218 1
134 11 1
134 14 1
134 31 1
134 85 1
134 208 1
136 3 1
136 60 1
136 117 1
136 140 1
136 166 1
136 180 1
137 35 1
138 28 1
138 51 1
138 54 1
138 72 1
138 73 1
138 84 1
138 88 1
138 98 1
138 99 1
138 110 1
138 114 1
138 118 1
138 124 1
138 127 1
138 173 1
138 204 1
138 212 1
138 220 1
138 225 1
138 245 1
138 246 1
138 281 1
139 13 1
139 70 1
139 87 1
139 131 1
139 205 1
139 254 1
140 8 1
140 106 1
140 135 1
140 284 1
141 39 1
141 91 1
141 145 1
142 4 1
142 9 1
142 33 1
142 55 1
142 58 1
142 91 1
142 104 1
142 162 1
142 237 1
143 3 1
143 5 1
143 9 1
143 10 1
143 19 1
143 28 1
143 68 1
143 88 1
143 115 1
143 118 1
143 119 1
143 122 1
143 126 1
143 196 1
143 205 1
143 211 1
145 141 1
145 241 1
146 43 1
146 70 1
146 71 1
146 96 1
146 109 1
146 114 1
146 138 1
146 171 1
146 177 1
146 203 1
146 248 1
146 278 1
147 4 1
147 211 1
148 69 1
148 111 1
148 265 1
149 19 1
149 176 1
149 204 1
149 205 1
149 227 1
149 237 1
149 240 1
149 275 1
150 67 1
150 226 1
151 256 1
152 49 1
152 85 1
152 135 1
152 136 1
152 144 1
152 170 1
152 205 1
152 210 1
152 212 1
152 227 1
152 255 1
152 259 1
153 53 1
153 58 1
153 151 1
153 160 1
153 181 1
153 259 1
153 283 1
154 28 1
154 59 1
154 64 1
154 107 1
154 169 1
154 217 1
155 3 1
155 88 1
155 124 1
155 204 1
155 247 1
155 257 1
155 263 1
156 3 1
156 5 1
156 13 1
156 28 1
156 126 1
156 143 1
156 189 1
156 215 1
156 218 1
157 13 1
157 32 1
157 83 1
157 126 1
157 131 1
157 196 1
157 248 1
158 3 1
158 48 1
158 61 1
158 62 1
158 66 1
158 76 1
158 123 1
158 159 1
158 205 1
159 3 1
159 30 1
159 117 1
159 195 1
159 221 1
160 3 1
160 5 1
160 13 1
160 71 1
160 75 1
160 100 1
160 195 1
160 220 1
160 238 1
161 4 1
161 93 1
161 125 1
161 128 1
161 137 1
161 152 1
161 199 1
161 208 1
161 242 1
161 285 1
162 58 1
162 84 1
162 91 1
162 118 1
162 142 1
162 202 1
162 219 1
162 266 1
162 296 1
163 72 1
163 86 1
163 131 1
163 170 1
163 178 1
163 207 1
163 217 1
163 237 1
163 258 1
164 4 1
164 59 1
164 140 1
164 159 1
164 161 1
164 179 1
164 209 1
164 257 1
164 285 1
164 290 1
165 51 1
165 72 1
165 101 1
165 107 1
165 109 1
165 193 1
166 82 1
166 147 1
166 150 1
166 197 1
166 205 1
167 1 1
167 9 1
167 39 1
167 51 1
167 92 1
167 111 1
167 169 1
167 170 1
167 172 1
167 216 1
167 217 1
168 4 1
168 13 1
168 15 1
168 54 1
168 84 1
168 85 1
168 113 1
168 117 1
168 150 1
168 223 1
169 58 1
169 59 1
169 67 1
169 102 1
169 177 1
169 189 1
169 250 1
169 281 1
170 35 1
170 57 1
170 58 1
170 112 1
170 147 1
170 158 1
171 48 1
171 117 1
171 134 1
171 180 1
171 206 1
171 227 1
172 80 1
172 88 1
172 92 1
172 167 1
172 238 1
172 249 1
173 1 1
173 7 1
173 13 1
173 19 1
173 21 1
173 30 1
173 59 1
173 64 1
173 75 1
173 78 1
173 88 1
173 94 1
173 99 1
173 105 1
173 116 1
173 118 1
173 192 1
173 194 1
173 196 1
173 203 1
173 205 1
173 208 1
173 210 1
173 219 1
173 238 1
173 255 1
174 8 1
174 21 1
174 59 1
174 109 1
174 134 1
174 141 1
174 149 1
174 154 1
174 193 1
174 206 1
174 237 1
175 77 1
175 119 1
175 136 1
175 194 1
175 210 1
176 62 1
176 168 1
176 236 1
176 279 1
176 285 1
177 16 1
177 17 1
177 21 1
177 39 1
177 197 1
177 200 1
177 209 1
178 2 1
178 6 1
178 33 1
178 43 1
178 87 1
178 102 1
178 144 1
178 149 1
178 173 1
178 193 1
178 200 1
178 214 1
178 240 1
179 11 1
179 92 1
179 105 1
179 150 1
179 206 1
179 216 1
179 221 1
179 254 1
179 282 1
179 285 1
180 4 1
180 13 1
180 83 1
180 140 1
180 169 1
180 192 1
180 233 1
180 242 1
181 41 1
181 58 1
181 59 1
181 107 1
181 124 1
181 146 1
181 212 1
182 25 1
182 155 1
182 192 1
182 202 1
182 260 1
182 283 1
183 42 1
183 53 1
183 107 1
183 137 1
183 151 1
183 168 1
183 196 1
183 240 1
183 276 1
184 9 1
184 32 1
184 186 1
184 227 1
185 12 1
185 207 1
185 239 1
185 257 1
186 2 1
186 4 1
186 32 1
186 83 1
186 119 1
186 184 1
186 214 1
186 227 1
187 4 1
187 43 1
187 91 1
187 180 1
187 188 1
187 241 1
188 13 1
188 15 1
188 28 1
188 43 1
188 54 1
188 102 1
188 113 1
188 115 1
188 139 1
188 143 1
188 151 1
188 178 1
188 179 1
188 229 1
188 231 1
188 256 1
189 17 1
189 150 1
189 204 1
190 2 1
190 3 1
190 4 1
190 6 1
190 13 1
190 31 1
190 42 1
190 91 1
190 116 1
190 120 1
190 124 1
190 173 1
190 178 1
190 185 1
190 192 1
190 200 1
190 237 1
191 3 1
191 4 1
191 5 1
191 7 1
191 13 1
191 54 1
191 60 1
191 67 1
191 77 1
191 85 1
191 87 1
191 94 1
191 99 1
191 103 1
191 106 1
191 116 1
191 118 1
191 119 1
191 120 1
191 126 1
191 138 1
191 146 1
191 149 1
191 150 1
191 156 1
191 173 1
191 188 1
191 192 1
191 199 1
191 239 1
191 285 1
192 7 1
192 16 1
192 17 1
192 42 1
192 77 1
192 112 1
192 116 1
192 126 1
192 173 1
192 196 1
192 221 1
193 183 1
193 206 1
193 207 1
193 227 1
193 268 1
194 21 1
194 60 1
194 103 1
194 113 1
194 189 1
194 207 1
194 209 1
194 210 1
194 242 1
194 247 1
195 57 1
195 67 1
195 71 1
195 117 1
195 169 1
196 10 1
196 17 1
196 60 1
196 77 1
196 112 1
196 126 1
196 194 1
196 207 1
197 91 1
197 169 1
197 177 1
197 209 1
198 3 1
198 4 1
198 5 1
198 9 1
198 13 1
198 41 1
198 43 1
198 120 1
198 143 1
198 166 1
198 173 1
198 218 1
198 245 1
198 279 1
199 13 1
199 19 1
199 74 1
199 104 1
199 125 1
199 219 1
199 279 1
199 292 1
200 17 1
200 33 1
200 44 1
200 64 1
200 91 1
200 124 1
200 163 1
200 178 1
200 192 1
200 284 1
200 285 1
201 5 1
201 13 1
201 53 1
201 59 1
201 60 1
201 68 1
201 119 1
201 161 1
201 173 1
201 194 1
201 208 1
201 227 1
201 233 1
201 246 1
201 264 1
202 3 1
202 77 1
202 104 1
202 122 1
202 131 1
202 151 1
203 3 1
203 5 1
203 7 1
203 16 1
203 64 1
203 91 1
203 106 1
203 114 1
203 130 1
203 132 1
203 173 1
203 246 1
204 112 1
204 196 1
204 210 1
204 217 1
204 225 1
205 19 1
205 59 1
205 60 1
205 108 1
205 118 1
205 122 1
205 131 1
205 229 1
206 84 1
206 118 1
206 138 1
206 185 1
206 194 1
206 196 1
206 225 1
206 229 1
207 35 1
207 60 1
207 162 1
208 14 1
208 20 1
208 59 1
208 122 1
208 125 1
208 205 1
209 197 1
210 35 1
210 63 1
210 134 1
210 194 1
210 297 1
211 59 1
211 60 1
211 68 1
211 124 1
211 208 1
211 216 1
212 11 1
212 14 1
212 84 1
212 159 1
212 278 1
213 14 1
213 101 1
213 106 1
213 130 1
213 138 1
213 260 1
214 1 1
214 17 1
214 32 1
214 96 1
214 119 1
214 126 1
214 143 1
214 150 1
214 196 1
214 251 1
214 271 1
215 3 1
215 85 1
215 150 1
215 156 1
215 196 1
215 205 1
215 208 1
216 63 1
216 69 1
216 153 1
216 183 1
217 64 1
217 91 1
217 204 1
217 256 1
218 133 1
218 198 1
218 254 1
218 284 1
219 16 1
219 27 1
219 32 1
219 59 1
219 60 1
219 64 1
219 135 1
219 193 1
219 208 1
220 3 1
220 9 1
220 27 1
220 89 1
220 94 1
220 95 1
220 96 1
220 105 1
220 114 1
220 146 1
220 164 1
220 170 1
220 173 1
220 207 1
220 246 1
220 257 1
221 87 1
221 100 1
221 101 1
221 196 1
222 104 1
222 122 1
222 131 1
222 202 1
222 216 1
222 233 1
222 240 1
222 256 1
223 219 1
224 259 1
225 109 1
225 204 1
225 206 1
226 150 1
226 172 1
226 238 1
226 269 1
227 59 1
227 91 1
227 96 1
227 171 1
227 186 1
227 201 1
227 236 1
228 39 1
228 51 1
228 58 1
228 94 1
228 126 1
228 138 1
228 165 1
228 214 1
228 224 1
228 254 1
229 19 1
229 205 1
230 31 1
230 128 1
232 2 1
232 3 1
232 5 1
232 13 1
232 66 1
232 68 1
232 85 1
232 87 1
232 92 1
232 126 1
232 143 1
232 150 1
232 172 1
232 246 1
232 277 1
233 51 1
233 57 1
233 66 1
233 110 1
234 6 1
234 21 1
234 33 1
234 60 1
234 83 1
234 99 1
234 115 1
234 129 1
234 134 1
234 137 1
234 158 1
234 161 1
234 172 1
234 217 1
234 242 1
235 5 1
235 28 1
235 31 1
235 63 1
235 87 1
235 132 1
235 143 1
235 239 1
235 240 1
235 248 1
236 50 1
236 178 1
237 72 1
237 169 1
238 172 1
238 226 1
239 5 1
239 18 1
239 57 1
239 138 1
239 144 1
239 200 1
239 262 1
240 149 1
241 145 1
242 66 1
245 4 1
245 48 1
245 112 1
245 173 1
246 31 1
246 112 1
246 126 1
246 188 1
247 166 1
247 215 1
247 259 1
248 70 1
249 172 1
250 22 1
250 43 1
250 47 1
250 66 1
250 87 1
250 219 1
250 233 1
251 233 1
253 118 1
253 227 1
253 234 1
253 241 1
253 279 1
254 19 1
254 70 1
254 185 1
254 216 1
255 227 1
255 229 1
255 279 1
256 118 1
256 126 1
256 151 1
256 193 1
257 15 1
257 64 1
257 91 1
257 114 1
257 185 1
258 151 1
258 163 1
258 170 1
259 66 1
263 20 1
263 46 1
264 243 1
264 271 1
265 9 1
265 94 1
266 151 1
266 164 1
267 87 1
267 216 1
268 165 1
268 277 1
269 10 1
269 13 1
269 18 1
269 96 1
269 102 1
269 111 1
269 181 1
269 208 1
270 59 1
270 102 1
270 118 1
270 121 1
270 128 1
270 139 1
270 162 1
270 258 1
270 285 1
270 291 1
270 293 1
271 204 1
272 5 1
272 32 1
272 61 1
272 70 1
272 73 1
272 99 1
272 106 1
272 129 1
272 258 1
272 280 1
273 87 1
274 4 1
274 53 1
274 94 1
274 114 1
274 171 1
274 199 1
274 202 1
274 206 1
274 225 1
275 144 1
276 4 1
276 21 1
276 53 1
276 69 1
276 73 1
276 120 1
276 124 1
276 226 1
276 266 1
276 285 1
277 28 1
277 53 1
277 91 1
277 108 1
277 118 1
277 138 1
277 157 1
277 179 1
277 199 1
277 206 1
277 221 1
277 265 1
278 3 1
278 6 1
278 22 1
278 35 1
278 73 1
278 104 1
278 106 1
278 199 1
280 29 1
283 206 1
284 128 1
284 140 1
