1 136 1
1 194 1
2 4 1
2 5 1
2 7 1
2 13 1
2 15 1
2 35 1
2 53 1
2 64 1
2 72 1
2 87 1
2 91 1
2 115 1
2 118 1
2 119 1
2 126 1
2 138 1
2 141 1
2 143 1
2 173 1
2 194 1
2 199 1
2 203 1
2 205 1
2 208 1
3 7 1
3 14 1
3 16 1
3 32 1
3 51 1
3 64 1
3 72 1
3 85 1
3 91 1
3 94 1
3 96 1
3 98 1
3 103 1
3 104 1
3 106 1
3 110 1
3 112 1
3 114 1
3 119 1
3 120 1
3 122 1
3 126 1
3 131 1
3 134 1
3 143 1
3 149 1
3 150 1
3 160 1
3 173 1
3 177 1
3 192 1
3 196 1
3 205 1
3 208 1
3 218 1
3 229 1
3 240 1
3 246 1
3 258 1
3 285 1
3 294 1
4 2 1
4 7 1
4 10 1
4 13 1
4 19 1
4 21 1
4 31 1
4 48 1
4 54 1
4 59 1
4 64 1
4 71 1
4 87 1
4 94 1
4 116 1
4 118 1
4 119 1
4 126 1
4 139 1
4 143 1
4 173 1
4 176 1
4 194 1
4 200 1
4 202 1
4 203 1
4 205 1
4 206 1
4 208 1
4 220 1
4 225 1
4 226 1
4 279 1
5 3 1
5 9 1
5 10 1
5 13 1
5 16 1
5 28 1
5 53 1
5 60 1
5 64 1
5 66 1
5 71 1
5 78 1
5 87 1
5 91 1
5 103 1
5 110 1
5 116 1
5 119 1
5 120 1
5 124 1
5 126 1
5 130 1
5 143 1
5 163 1
5 173 1
5 176 1
5 185 1
5 202 1
5 206 1
5 226 1
5 238 1
5 239 1
5 245 1
5 281 1
5 288 1
6 26 1
6 60 1
6 166 1
6 178 1
6 189 1
6 195 1
6 258 1
6 286 1
7 3 1
7 5 1
7 13 1
7 15 1
7 32 1
7 60 1
7 64 1
7 72 1
7 85 1
7 87 1
7 93 1
7 94 1
7 99 1
7 110 1
7 116 1
7 119 1
7 126 1
7 131 1
7 143 1
7 150 1
7 173 1
7 192 1
7 196 1
7 205 1
7 208 1
7 234 1
7 258 1
8 11 1
8 27 1
8 77 1
8 92 1
8 96 1
8 98 1
8 102 1
8 155 1
8 165 1
8 170 1
8 192 1
8 203 1
8 221 1
8 238 1
9 3 1
9 42 1
9 67 1
9 68 1
9 83 1
9 192 1
9 227 1
9 266 1
9 282 1
9 283 1
10 133 1
10 163 1
10 164 1
10 205 1
10 226 1
10 251 1
10 268 1
10 276 1
11 7 1
11 13 1
11 67 1
11 113 1
11 137 1
11 142 1
11 171 1
11 207 1
11 231 1
12 3 1
12 58 1
12 59 1
12 124 1
12 174 1
12 178 1
12 242 1
13 1 1
13 3 1
13 6 1
13 7 1
13 9 1
13 19 1
13 21 1
13 29 1
13 30 1
13 32 1
13 33 1
13 60 1
13 64 1
13 67 1
13 70 1
13 78 1
13 85 1
13 88 1
13 91 1
13 96 1
13 106 1
13 110 1
13 115 1
13 119 1
13 121 1
13 126 1
13 137 1
13 138 1
13 143 1
13 150 1
13 151 1
13 173 1
13 192 1
13 202 1
13 204 1
13 205 1
13 206 1
13 207 1
13 208 1
13 225 1
13 226 1
13 227 1
13 239 1
13 246 1
13 258 1
14 3 1
14 13 1
14 33 1
14 43 1
14 60 1
14 64 1
14 72 1
14 84 1
14 118 1
14 119 1
14 120 1
14 123 1
14 125 1
14 126 1
14 131 1
14 143 1
14 150 1
14 169 1
14 173 1
14 185 1
14 186 1
14 188 1
14 196 1
14 204 1
14 210 1
14 285 1
15 3 1
15 5 1
15 6 1
15 7 1
15 13 1
15 54 1
15 60 1
15 72 1
15 85 1
15 103 1
15 106 1
15 131 1
15 137 1
15 143 1
15 192 1
15 202 1
15 226 1
16 27 1
16 122 1
16 173 1
16 199 1
17 28 1
17 117 1
17 252 1
18 37 1
18 109 1
18 133 1
18 188 1
18 204 1
18 228 1
19 151 1
19 217 1
19 226 1
19 280 1
20 5 1
20 63 1
20 109 1
20 120 1
20 130 1
20 210 1
21 1 1
21 55 1
21 58 1
21 110 1
21 112 1
21 126 1
21 188 1
21 199 1
21 200 1
22 11 1
22 13 1
22 64 1
22 88 1
22 106 1
22 111 1
22 112 1
22 115 1
22 166 1
22 172 1
22 192 1
22 204 1
22 289 1
23 3 1
23 4 1
23 13 1
23 41 1
23 43 1
23 85 1
23 86 1
23 88 1
23 102 1
23 117 1
23 138 1
23 143 1
23 170 1
23 232 1
24 3 1
24 7 1
24 13 1
24 14 1
24 17 1
24 20 1
24 43 1
24 59 1
24 64 1
24 72 1
24 106 1
24 115 1
24 126 1
24 131 1
24 136 1
24 173 1
24 188 1
24 237 1
24 255 1
25 70 1
25 111 1
25 169 1
25 199 1
25 212 1
26 2 1
26 156 1
26 210 1
26 216 1
26 252 1
27 63 1
27 167 1
28 17 1
28 108 1
28 128 1
28 138 1
28 284 1
29 43 1
29 154 1
29 247 1
29 264 1
30 88 1
30 172 1
30 180 1
30 188 1
30 207 1
30 218 1
31 61 1
31 123 1
31 134 1
32 49 1
32 107 1
32 124 1
32 134 1
32 193 1
32 208 1
32 214 1
32 219 1
33 3 1
33 60 1
33 72 1
33 123 1
33 211 1
34 2 1
34 4 1
34 35 1
34 54 1
34 100 1
34 118 1
34 122 1
34 128 1
34 135 1
34 167 1
34 199 1
34 238 1
34 247 1
35 2 1
35 5 1
35 77 1
35 118 1
35 199 1
36 37 1
36 39 1
36 42 1
36 53 1
36 55 1
36 58 1
36 69 1
36 88 1
36 94 1
36 133 1
36 157 1
36 162 1
36 185 1
36 194 1
36 211 1
36 258 1
37 36 1
37 42 1
37 43 1
37 88 1
37 104 1
37 128 1
37 204 1
38 124 1
38 146 1
38 150 1
38 260 1
38 279 1
39 42 1
39 138 1
39 278 1
40 3 1
40 4 1
40 10 1
40 68 1
40 118 1
40 120 1
40 137 1
40 138 1
40 265 1
40 285 1
41 67 1
41 78 1
41 116 1
41 151 1
41 186 1
42 3 1
42 120 1
42 136 1
42 143 1
42 162 1
42 273 1
43 14 1
43 60 1
43 84 1
43 125 1
43 131 1
43 142 1
43 159 1
43 196 1
43 254 1
43 256 1
44 8 1
44 13 1
44 22 1
44 68 1
44 106 1
44 110 1
44 111 1
44 118 1
44 130 1
44 138 1
44 163 1
44 202 1
44 208 1
44 229 1
44 238 1
45 2 1
45 3 1
45 4 1
45 5 1
45 7 1
45 8 1
45 9 1
45 10 1
45 11 1
45 13 1
45 14 1
45 15 1
45 17 1
45 19 1
45 20 1
45 21 1
45 28 1
45 30 1
45 31 1
45 32 1
45 33 1
45 35 1
45 39 1
45 41 1
45 43 1
45 46 1
45 47 1
45 48 1
45 49 1
45 50 1
45 51 1
45 54 1
45 57 1
45 60 1
45 63 1
45 64 1
45 67 1
45 68 1
45 69 1
45 72 1
45 73 1
45 84 1
45 85 1
45 87 1
45 88 1
45 90 1
45 91 1
45 93 1
45 94 1
45 96 1
45 99 1
45 103 1
45 104 1
45 108 1
45 112 1
45 113 1
45 114 1
45 115 1
45 116 1
45 117 1
45 118 1
45 119 1
45 120 1
45 122 1
45 123 1
45 124 1
45 125 1
45 126 1
45 128 1
45 129 1
45 130 1
45 131 1
45 132 1
45 133 1
45 134 1
45 135 1
45 137 1
45 138 1
45 140 1
45 143 1
45 146 1
45 147 1
45 149 1
45 153 1
45 154 1
45 158 1
45 160 1
45 165 1
45 169 1
45 172 1
45 173 1
45 177 1
45 178 1
45 185 1
45 186 1
45 188 1
45 192 1
45 194 1
45 196 1
45 197 1
45 198 1
45 199 1
45 200 1
45 202 1
45 203 1
45 204 1
45 205 1
45 206 1
45 208 1
45 209 1
45 211 1
45 214 1
45 215 1
45 217 1
45 218 1
45 219 1
45 221 1
45 223 1
45 225 1
45 226 1
45 227 1
45 229 1
45 231 1
45 234 1
45 236 1
45 238 1
45 240 1
45 241 1
45 244 1
45 246 1
45 257 1
45 260 1
45 273 1
45 284 1
46 13 1
46 166 1
46 178 1
46 195 1
46 227 1
47 10 1
47 23 1
47 28 1
47 54 1
47 63 1
47 99 1
47 104 1
47 110 1
47 166 1
47 172 1
47 229 1
47 245 1
47 246 1
47 260 1
48 4 1
48 13 1
48 59 1
48 64 1
48 71 1
48 87 1
48 94 1
48 99 1
48 118 1
48 138 1
48 143 1
48 173 1
48 190 1
48 202 1
48 203 1
48 205 1
48 226 1
48 279 1
49 3 1
49 19 1
49 32 1
49 64 1
49 66 1
49 85 1
49 112 1
49 119 1
49 121 1
49 124 1
49 134 1
49 138 1
49 140 1
49 219 1
49 225 1
49 246 1
49 254 1
49 262 1
49 270 1
49 285 1
50 2 1
50 4 1
50 54 1
50 66 1
50 83 1
50 91 1
50 107 1
50 121 1
50 126 1
50 146 1
50 185 1
50 205 1
50 279 1
51 92 1
51 102 1
51 111 1
51 170 1
51 216 1
51 224 1
52 9 1
52 87 1
52 138 1
52 171 1
52 216 1
52 241 1
52 255 1
52 256 1
52 267 1
53 55 1
53 92 1
53 178 1
53 204 1
53 212 1
53 262 1
53 285 1
54 73 1
56 12 1
56 133 1
56 139 1
56 216 1
56 237 1
57 58 1
57 117 1
57 184 1
59 43 1
59 92 1
59 126 1
59 150 1
59 168 1
59 208 1
59 275 1
60 33 1
60 71 1
60 91 1
60 102 1
60 110 1
60 123 1
60 131 1
60 143 1
60 171 1
60 177 1
60 188 1
60 208 1
60 283 1
61 68 1
61 147 1
61 155 1
61 186 1
61 230 1
62 32 1
62 134 1
62 248 1
63 229 1
64 1 1
64 3 1
64 7 1
64 131 1
64 143 1
65 55 1
65 94 1
65 102 1
65 125 1
65 134 1
65 151 1
65 163 1
65 214 1
65 215 1
65 278 1
65 279 1
66 84 1
66 194 1
66 207 1
66 214 1
66 245 1
67 11 1
67 140 1
67 165 1
68 9 1
68 88 1
68 112 1
68 134 1
68 138 1
68 227 1
69 22 1
69 35 1
69 149 1
69 285 1
70 101 1
70 207 1
71 94 1
72 6 1
72 14 1
72 58 1
72 64 1
72 94 1
72 99 1
72 131 1
73 28 1
73 54 1
73 144 1
73 154 1
73 161 1
73 173 1
73 198 1
73 220 1
73 221 1
73 239 1
73 296 1
74 63 1
74 68 1
74 93 1
74 104 1
74 105 1
74 112 1
74 118 1
74 119 1
74 136 1
74 138 1
74 143 1
74 173 1
74 180 1
74 202 1
74 212 1
74 251 1
74 268 1
75 5 1
75 13 1
75 83 1
75 91 1
75 100 1
75 107 1
75 118 1
75 121 1
75 126 1
75 138 1
75 178 1
75 179 1
75 202 1
75 205 1
75 213 1
75 225 1
75 239 1
75 256 1
76 10 1
76 119 1
76 132 1
76 142 1
76 149 1
76 167 1
76 170 1
76 194 1
76 205 1
76 233 1
76 260 1
76 281 1
76 287 1
77 3 1
77 222 1
78 30 1
78 41 1
78 51 1
78 53 1
78 116 1
78 130 1
78 177 1
78 204 1
78 238 1
78 266 1
79 65 1
79 66 1
79 115 1
79 126 1
79 146 1
79 164 1
80 88 1
80 139 1
80 150 1
80 178 1
81 70 1
82 144 1
82 284 1
83 87 1
83 210 1
84 170 1
84 249 1
85 1 1
85 18 1
85 41 1
85 43 1
85 56 1
85 57 1
85 60 1
85 110 1
85 112 1
85 114 1
85 117 1
85 118 1
85 119 1
85 132 1
85 133 1
85 134 1
85 137 1
85 138 1
85 149 1
85 153 1
85 171 1
85 173 1
85 192 1
85 193 1
85 199 1
85 204 1
85 205 1
85 208 1
85 209 1
85 210 1
85 216 1
85 225 1
85 227 1
85 229 1
85 256 1
85 284 1
86 3 1
86 60 1
86 100 1
86 146 1
86 147 1
86 168 1
86 192 1
86 193 1
86 214 1
86 233 1
86 240 1
87 2 1
87 3 1
87 12 1
87 13 1
87 14 1
87 33 1
87 51 1
87 53 1
87 55 1
87 60 1
87 64 1
87 68 1
87 70 1
87 76 1
87 91 1
87 101 1
87 102 1
87 112 1
87 118 1
87 119 1
87 126 1
87 131 1
87 138 1
87 143 1
87 146 1
87 162 1
87 183 1
87 185 1
87 193 1
87 197 1
87 205 1
87 207 1
87 214 1
87 237 1
87 245 1
87 269 1
88 1 1
88 9 1
88 13 1
88 94 1
88 119 1
88 192 1
88 230 1
89 5 1
89 13 1
89 20 1
89 193 1
89 263 1
90 42 1
90 52 1
90 83 1
90 157 1
90 168 1
90 185 1
90 214 1
90 295 1
91 4 1
91 31 1
91 126 1
91 173 1
91 205 1
91 208 1
91 285 1
92 32 1
92 99 1
93 237 1
94 5 1
94 71 1
94 72 1
94 99 1
94 102 1
94 103 1
94 153 1
95 117 1
95 196 1
95 248 1
96 43 1
96 98 1
96 194 1
96 208 1
96 227 1
96 240 1
97 5 1
97 136 1
97 275 1
97 283 1
98 16 1
98 17 1
98 44 1
98 85 1
98 92 1
98 94 1
98 96 1
98 99 1
98 104 1
98 112 1
98 217 1
98 227 1
98 271 1
98 285 1
99 3 1
99 4 1
99 17 1
99 32 1
99 48 1
99 49 1
99 60 1
99 71 1
99 72 1
99 91 1
99 94 1
99 103 1
99 110 1
99 122 1
99 124 1
99 158 1
99 181 1
99 203 1
99 285 1
100 105 1
100 122 1
100 154 1
100 162 1
100 170 1
101 53 1
101 70 1
101 260 1
102 1 1
102 16 1
102 62 1
102 204 1
102 236 1
102 246 1
103 5 1
103 10 1
103 43 1
103 60 1
103 71 1
103 99 1
103 131 1
103 143 1
103 154 1
103 173 1
103 186 1
103 203 1
104 22 1
104 95 1
104 112 1
104 122 1
104 126 1
104 156 1
104 164 1
104 173 1
104 193 1
104 242 1
104 254 1
105 68 1
105 138 1
105 181 1
105 247 1
105 256 1
105 273 1
105 297 1
106 13 1
106 15 1
106 115 1
106 151 1
106 192 1
106 205 1
106 207 1
106 258 1
107 6 1
107 75 1
107 128 1
107 204 1
107 211 1
107 225 1
107 291 1
108 87 1
108 130 1
108 156 1
108 195 1
108 254 1
108 257 1
108 279 1
109 11 1
109 13 1
109 17 1
109 106 1
109 117 1
109 159 1
109 188 1
109 189 1
109 190 1
109 259 1
109 280 1
110 60 1
110 102 1
110 131 1
110 196 1
110 206 1
110 238 1
111 3 1
111 44 1
111 83 1
111 219 1
112 17 1
112 68 1
112 72 1
112 104 1
112 135 1
112 144 1
112 214 1
113 13 1
113 22 1
113 115 1
113 134 1
113 139 1
113 211 1
113 234 1
114 5 1
114 60 1
114 85 1
114 88 1
114 97 1
114 118 1
114 119 1
114 138 1
114 149 1
114 192 1
114 197 1
114 208 1
115 3 1
115 21 1
115 39 1
115 54 1
115 59 1
115 85 1
115 87 1
115 97 1
115 104 1
115 106 1
115 112 1
115 118 1
115 119 1
115 124 1
115 126 1
115 161 1
115 175 1
115 192 1
115 200 1
115 203 1
115 205 1
115 214 1
115 230 1
115 254 1
115 258 1
116 5 1
116 7 1
116 32 1
116 130 1
116 173 1
116 195 1
116 203 1
116 206 1
116 226 1
117 4 1
117 259 1
117 264 1
118 9 1
118 13 1
118 19 1
118 36 1
118 60 1
118 67 1
118 68 1
118 88 1
118 114 1
118 119 1
118 123 1
118 126 1
118 128 1
118 135 1
118 138 1
118 140 1
118 146 1
118 151 1
118 165 1
118 192 1
118 205 1
118 208 1
118 225 1
118 243 1
118 245 1
118 279 1
119 17 1
119 28 1
119 31 1
119 32 1
119 35 1
119 49 1
119 59 1
119 64 1
119 72 1
119 92 1
119 94 1
119 96 1
119 99 1
119 106 1
119 124 1
119 126 1
119 134 1
119 140 1
119 143 1
119 149 1
119 150 1
119 182 1
119 192 1
119 196 1
119 200 1
119 202 1
119 205 1
119 208 1
119 219 1
119 225 1
119 285 1
120 4 1
120 13 1
120 20 1
120 39 1
120 59 1
120 60 1
120 70 1
120 118 1
120 124 1
120 133 1
120 138 1
120 143 1
120 188 1
120 196 1
120 208 1
120 214 1
120 219 1
120 227 1
120 246 1
120 248 1
121 84 1
121 148 1
121 249 1
121 277 1
122 16 1
122 100 1
122 128 1
123 3 1
123 21 1
123 31 1
123 33 1
123 60 1
123 79 1
123 91 1
123 131 1
123 136 1
123 240 1
123 241 1
124 32 1
124 49 1
124 91 1
124 120 1
124 121 1
124 122 1
124 155 1
124 196 1
124 219 1
124 248 1
124 274 1
125 14 1
125 18 1
125 43 1
125 118 1
125 169 1
125 204 1
125 208 1
125 240 1
126 2 1
126 17 1
126 28 1
126 32 1
126 47 1
126 53 1
126 54 1
126 59 1
126 64 1
126 85 1
126 90 1
126 91 1
126 115 1
126 116 1
126 119 1
126 124 1
126 150 1
126 169 1
126 173 1
126 192 1
126 196 1
126 205 1
126 208 1
126 215 1
126 285 1
127 109 1
127 140 1
127 179 1
128 112 1
128 122 1
129 99 1
129 194 1
129 221 1
130 78 1
130 108 1
130 116 1
130 172 1
130 202 1
130 203 1
131 3 1
131 7 1
131 14 1
131 16 1
131 33 1
131 60 1
131 71 1
131 72 1
131 91 1
131 94 1
131 99 1
131 103 1
131 122 1
131 126 1
131 150 1
131 178 1
131 196 1
131 231 1
132 2 1
132 4 1
132 60 1
132 62 1
132 76 1
132 135 1
132 242 1
132 267 1
133 3 1
133 5 1
133 15 1
133 18 1
133 21 1
133 24 1
133 51 1
133 68 1
133 70 1
133 120 1
133 143 1
133 183 1
133 194 1
133 200 1
133 227 1
134 8 1
134 31 1
134 32 1
134 107 1
134 124 1
136 109 1
136 138 1
136 186 1
136 212 1
136 246 1
136 276 1
137 209 1
138 4 1
138 5 1
138 9 1
138 13 1
138 16 1
138 21 1
138 64 1
138 67 1
138 68 1
138 88 1
138 91 1
138 103 1
138 114 1
138 118 1
138 119 1
138 127 1
138 143 1
138 202 1
138 205 1
138 227 1
138 246 1
138 268 1
139 5 1
139 39 1
139 59 1
139 117 1
139 145 1
139 284 1
140 21 1
140 67 1
140 109 1
140 127 1
141 158 1
141 200 1
141 204 1
142 11 1
142 43 1
142 59 1
142 76 1
142 92 1
142 105 1
142 113 1
142 150 1
142 207 1
143 3 1
143 13 1
143 17 1
143 49 1
143 62 1
143 64 1
143 96 1
143 119 1
143 120 1
143 126 1
143 134 1
143 149 1
143 150 1
143 208 1
143 213 1
143 220 1
145 139 1
145 284 1
146 19 1
146 22 1
146 68 1
146 118 1
146 128 1
146 138 1
146 139 1
146 172 1
146 192 1
146 208 1
146 215 1
146 231 1
147 179 1
147 246 1
148 140 1
148 184 1
148 247 1
149 1 1
149 16 1
149 54 1
149 88 1
149 114 1
149 122 1
149 171 1
149 196 1
150 59 1
150 225 1
151 19 1
152 3 1
152 10 1
152 37 1
152 57 1
152 58 1
152 69 1
152 86 1
152 111 1
152 141 1
152 143 1
152 171 1
152 264 1
153 16 1
153 102 1
153 130 1
153 209 1
153 212 1
153 219 1
153 246 1
154 9 1
154 19 1
154 63 1
154 83 1
154 104 1
154 227 1
155 122 1
155 142 1
155 146 1
155 151 1
155 170 1
155 193 1
155 242 1
156 51 1
156 107 1
156 108 1
156 141 1
156 144 1
156 180 1
156 217 1
156 254 1
156 257 1
157 4 1
157 17 1
157 44 1
157 84 1
157 187 1
157 193 1
157 207 1
158 9 1
158 31 1
158 58 1
158 66 1
158 173 1
158 180 1
158 217 1
158 236 1
158 282 1
159 4 1
159 28 1
159 46 1
159 101 1
159 229 1
160 34 1
160 56 1
160 137 1
160 150 1
160 219 1
160 233 1
160 246 1
160 250 1
160 262 1
161 13 1
161 21 1
161 70 1
161 72 1
161 102 1
161 106 1
161 117 1
161 139 1
161 257 1
161 262 1
162 22 1
162 42 1
162 53 1
162 67 1
162 68 1
162 120 1
162 161 1
162 169 1
162 215 1
163 6 1
163 13 1
163 25 1
163 44 1
163 92 1
163 126 1
163 208 1
163 223 1
163 255 1
164 13 1
164 51 1
164 85 1
164 109 1
164 126 1
164 173 1
164 181 1
164 207 1
164 209 1
164 273 1
165 59 1
165 67 1
165 189 1
165 194 1
165 196 1
165 227 1
166 42 1
166 55 1
166 107 1
166 161 1
166 266 1
167 3 1
167 67 1
167 76 1
167 111 1
167 170 1
167 194 1
167 219 1
167 229 1
167 262 1
167 271 1
167 284 1
168 3 1
168 29 1
168 32 1
168 57 1
168 113 1
168 114 1
168 172 1
168 192 1
168 218 1
168 246 1
169 39 1
169 71 1
169 92 1
169 180 1
169 206 1
169 216 1
169 240 1
169 285 1
170 27 1
170 53 1
170 66 1
170 78 1
170 240 1
170 285 1
171 11 1
171 13 1
171 15 1
171 60 1
171 71 1
171 123 1
172 30 1
172 47 1
172 99 1
172 138 1
172 151 1
172 218 1
173 7 1
173 19 1
173 32 1
173 48 1
173 54 1
173 59 1
173 64 1
173 72 1
173 74 1
173 87 1
173 91 1
173 96 1
173 107 1
173 118 1
173 119 1
173 126 1
173 169 1
173 192 1
173 199 1
173 200 1
173 202 1
173 205 1
173 206 1
173 208 1
173 219 1
173 226 1
174 4 1
174 15 1
174 16 1
174 55 1
174 120 1
174 126 1
174 133 1
174 207 1
174 210 1
174 246 1
174 290 1
175 5 1
175 135 1
175 151 1
175 260 1
175 285 1
176 18 1
176 62 1
176 112 1
176 151 1
176 208 1
177 4 1
177 62 1
177 88 1
177 151 1
177 165 1
177 246 1
177 259 1
178 3 1
178 6 1
178 12 1
178 13 1
178 59 1
178 100 1
178 106 1
178 182 1
178 207 1
178 225 1
178 227 1
178 233 1
178 246 1
179 17 1
179 31 1
179 42 1
179 73 1
179 86 1
179 87 1
179 160 1
179 199 1
179 203 1
179 233 1
180 3 1
180 35 1
180 108 1
180 118 1
180 138 1
180 148 1
180 199 1
180 241 1
181 35 1
181 43 1
181 55 1
181 85 1
181 118 1
181 157 1
181 218 1
182 28 1
182 136 1
182 159 1
182 168 1
182 240 1
182 293 1
183 3 1
183 17 1
183 53 1
183 154 1
183 210 1
183 217 1
183 224 1
183 225 1
183 247 1
184 73 1
184 112 1
184 148 1
184 217 1
185 14 1
185 120 1
185 132 1
185 210 1
186 14 1
186 41 1
186 60 1
186 103 1
186 173 1
186 226 1
186 230 1
186 234 1
187 6 1
187 93 1
187 117 1
187 173 1
187 225 1
187 263 1
188 3 1
188 4 1
188 14 1
188 24 1
188 43 1
188 59 1
188 74 1
188 101 1
188 118 1
188 119 1
188 126 1
188 131 1
188 143 1
188 196 1
188 204 1
188 262 1
189 7 1
189 28 1
189 135 1
190 48 1
190 51 1
190 57 1
190 58 1
190 64 1
190 91 1
190 94 1
190 96 1
190 104 1
190 109 1
190 188 1
190 189 1
190 202 1
190 227 1
190 233 1
190 257 1
190 285 1
191 3 1
191 5 1
191 7 1
191 13 1
191 14 1
191 17 1
191 19 1
191 28 1
191 31 1
191 32 1
191 64 1
191 76 1
191 85 1
191 90 1
191 91 1
191 103 1
191 114 1
191 119 1
191 125 1
191 126 1
191 131 1
191 138 1
191 143 1
191 150 1
191 173 1
191 190 1
191 199 1
191 200 1
191 204 1
191 205 1
191 227 1
192 3 1
192 59 1
192 63 1
192 72 1
192 94 1
192 99 1
192 119 1
192 149 1
192 150 1
192 166 1
192 205 1
193 12 1
193 13 1
193 33 1
193 77 1
193 225 1
194 43 1
194 68 1
194 94 1
194 96 1
194 98 1
194 121 1
194 126 1
194 133 1
194 164 1
194 206 1
195 4 1
195 116 1
195 201 1
195 210 1
195 257 1
196 27 1
196 51 1
196 91 1
196 92 1
196 122 1
196 124 1
196 205 1
196 242 1
197 68 1
197 114 1
197 181 1
197 241 1
198 5 1
198 73 1
198 85 1
198 86 1
198 87 1
198 118 1
198 133 1
198 163 1
198 167 1
198 171 1
198 173 1
198 206 1
198 210 1
198 216 1
199 2 1
199 4 1
199 35 1
199 64 1
199 118 1
199 130 1
199 173 1
199 182 1
200 72 1
200 94 1
200 96 1
200 117 1
200 119 1
200 126 1
200 141 1
200 173 1
200 208 1
200 219 1
200 227 1
201 3 1
201 7 1
201 13 1
201 14 1
201 60 1
201 85 1
201 131 1
201 152 1
201 164 1
201 178 1
201 183 1
201 203 1
201 212 1
201 213 1
201 221 1
202 13 1
202 74 1
202 138 1
202 176 1
202 227 1
202 229 1
203 5 1
203 7 1
203 48 1
203 72 1
203 87 1
203 103 1
203 116 1
203 130 1
203 173 1
203 192 1
203 201 1
203 259 1
204 43 1
204 125 1
204 205 1
204 215 1
204 237 1
205 59 1
205 76 1
205 91 1
205 118 1
205 126 1
205 192 1
205 206 1
205 214 1
206 87 1
206 92 1
206 182 1
206 198 1
206 205 1
206 217 1
206 230 1
206 242 1
207 70 1
207 111 1
207 245 1
208 32 1
208 75 1
208 96 1
208 114 1
208 126 1
208 169 1
209 137 1
210 20 1
210 185 1
210 202 1
210 214 1
210 283 1
211 4 1
211 61 1
211 73 1
211 77 1
211 99 1
211 206 1
212 53 1
212 63 1
212 74 1
212 83 1
212 96 1
213 3 1
213 103 1
213 143 1
213 152 1
213 201 1
213 227 1
214 8 1
214 61 1
214 63 1
214 70 1
214 104 1
214 112 1
214 120 1
214 133 1
214 196 1
214 206 1
214 277 1
215 20 1
215 38 1
215 56 1
215 167 1
215 199 1
215 204 1
215 246 1
216 19 1
216 110 1
216 146 1
216 279 1
217 19 1
217 135 1
217 156 1
217 254 1
218 63 1
218 172 1
218 199 1
218 229 1
219 10 1
219 89 1
219 91 1
219 125 1
219 140 1
219 149 1
219 216 1
219 229 1
219 280 1
220 3 1
220 17 1
220 18 1
220 28 1
220 42 1
220 64 1
220 119 1
220 126 1
220 133 1
220 134 1
220 143 1
220 221 1
220 231 1
220 242 1
220 258 1
220 285 1
221 8 1
221 22 1
221 25 1
221 129 1
222 59 1
222 81 1
222 85 1
222 109 1
222 161 1
222 171 1
222 186 1
222 230 1
223 196 1
224 148 1
225 1 1
225 150 1
225 178 1
226 19 1
226 150 1
226 173 1
226 261 1
227 9 1
227 96 1
227 120 1
227 133 1
227 138 1
227 173 1
227 241 1
228 28 1
228 112 1
228 132 1
228 163 1
228 231 1
228 249 1
228 253 1
228 276 1
228 277 1
228 292 1
229 63 1
229 218 1
230 186 1
230 222 1
232 9 1
232 13 1
232 58 1
232 68 1
232 88 1
232 122 1
232 138 1
232 143 1
232 144 1
232 179 1
232 188 1
232 197 1
232 210 1
232 260 1
232 275 1
233 35 1
233 217 1
233 225 1
233 227 1
234 5 1
234 7 1
234 13 1
234 78 1
234 87 1
234 101 1
234 103 1
234 115 1
234 116 1
234 126 1
234 143 1
234 178 1
234 179 1
234 202 1
234 246 1
235 15 1
235 43 1
235 63 1
235 70 1
235 77 1
235 101 1
235 102 1
235 109 1
235 173 1
235 256 1
236 195 1
236 233 1
237 100 1
237 227 1
238 8 1
238 110 1
239 12 1
239 14 1
239 68 1
239 75 1
239 112 1
239 158 1
239 213 1
240 123 1
241 197 1
242 28 1
245 119 1
245 173 1
245 220 1
245 257 1
246 16 1
246 151 1
246 177 1
246 196 1
247 77 1
247 97 1
247 278 1
248 124 1
249 84 1
250 15 1
250 73 1
250 90 1
250 178 1
250 180 1
250 215 1
250 283 1
251 170 1
253 22 1
253 185 1
253 219 1
253 221 1
253 271 1
254 48 1
254 136 1
254 140 1
254 200 1
255 3 1
255 46 1
255 108 1
256 43 1
256 138 1
256 231 1
256 259 1
257 118 1
257 136 1
257 195 1
257 239 1
257 245 1
258 106 1
258 192 1
258 209 1
259 64 1
263 28 1
263 51 1
264 122 1
264 146 1
265 133 1
265 194 1
266 107 1
266 227 1
267 101 1
267 265 1
268 21 1
268 278 1
269 13 1
269 16 1
269 65 1
269 109 1
269 138 1
269 152 1
269 189 1
269 242 1
270 3 1
270 13 1
270 17 1
270 19 1
270 130 1
270 151 1
270 182 1
270 188 1
270 196 1
270 217 1
270 249 1
271 51 1
272 31 1
272 69 1
272 78 1
272 87 1
272 124 1
272 130 1
272 193 1
272 233 1
272 246 1
272 248 1
273 146 1
274 85 1
274 110 1
274 117 1
274 122 1
274 149 1
274 159 1
274 162 1
274 231 1
274 254 1
275 230 1
276 1 1
276 69 1
276 80 1
276 82 1
276 173 1
276 199 1
276 200 1
276 251 1
276 272 1
276 277 1
277 27 1
277 62 1
277 66 1
277 91 1
277 105 1
277 106 1
277 173 1
277 200 1
277 235 1
277 251 1
277 276 1
277 281 1
278 19 1
278 20 1
278 30 1
278 84 1
278 153 1
278 209 1
278 214 1
278 249 1
280 17 1
283 70 1
284 87 1
284 145 1
