1 52 1
1 66 1
2 4 1
2 10 1
2 13 1
2 14 1
2 32 1
2 42 1
2 60 1
2 63 1
2 65 1
2 71 1
2 85 1
2 91 1
2 99 1
2 126 1
2 133 1
2 143 1
2 146 1
2 151 1
2 170 1
2 173 1
2 206 1
2 207 1
2 208 1
2 218 1
3 5 1
3 7 1
3 13 1
3 14 1
3 16 1
3 19 1
3 23 1
3 25 1
3 28 1
3 33 1
3 60 1
3 64 1
3 71 1
3 72 1
3 85 1
3 91 1
3 93 1
3 94 1
3 95 1
3 104 1
3 106 1
3 112 1
3 116 1
3 119 1
3 122 1
3 124 1
3 126 1
3 131 1
3 133 1
3 138 1
3 139 1
3 143 1
3 150 1
3 199 1
3 204 1
3 205 1
3 213 1
3 214 1
3 219 1
3 227 1
3 246 1
4 13 1
4 14 1
4 32 1
4 51 1
4 64 1
4 67 1
4 72 1
4 85 1
4 87 1
4 88 1
4 91 1
4 106 1
4 116 1
4 118 1
4 120 1
4 124 1
4 131 1
4 133 1
4 138 1
4 143 1
4 150 1
4 159 1
4 172 1
4 173 1
4 174 1
4 188 1
4 194 1
4 196 1
4 205 1
4 208 1
4 210 1
4 218 1
4 227 1
5 10 1
5 19 1
5 43 1
5 60 1
5 63 1
5 78 1
5 90 1
5 91 1
5 104 1
5 111 1
5 115 1
5 116 1
5 118 1
5 119 1
5 127 1
5 132 1
5 133 1
5 141 1
5 143 1
5 147 1
5 151 1
5 160 1
5 185 1
5 192 1
5 193 1
5 200 1
5 204 1
5 205 1
5 207 1
5 216 1
5 225 1
5 231 1
5 233 1
5 234 1
5 254 1
6 3 1
6 13 1
6 107 1
6 108 1
6 136 1
6 138 1
6 206 1
6 225 1
7 3 1
7 14 1
7 28 1
7 38 1
7 49 1
7 60 1
7 85 1
7 96 1
7 99 1
7 103 1
7 118 1
7 119 1
7 122 1
7 126 1
7 133 1
7 138 1
7 140 1
7 143 1
7 173 1
7 196 1
7 214 1
7 215 1
7 225 1
7 229 1
7 238 1
7 262 1
7 277 1
8 19 1
8 43 1
8 66 1
8 71 1
8 100 1
8 128 1
8 130 1
8 134 1
8 151 1
8 196 1
8 203 1
8 204 1
8 214 1
8 217 1
9 104 1
9 117 1
9 119 1
9 142 1
9 180 1
9 205 1
9 229 1
9 257 1
9 260 1
9 295 1
10 27 1
10 84 1
10 134 1
10 150 1
10 192 1
10 203 1
10 226 1
10 282 1
11 3 1
11 13 1
11 22 1
11 97 1
11 146 1
11 192 1
11 202 1
11 213 1
11 221 1
12 92 1
12 96 1
12 125 1
12 151 1
12 152 1
12 185 1
12 194 1
13 3 1
13 7 1
13 9 1
13 14 1
13 16 1
13 19 1
13 28 1
13 39 1
13 43 1
13 55 1
13 60 1
13 64 1
13 68 1
13 72 1
13 78 1
13 87 1
13 91 1
13 92 1
13 93 1
13 94 1
13 103 1
13 106 1
13 112 1
13 117 1
13 119 1
13 120 1
13 126 1
13 128 1
13 130 1
13 134 1
13 138 1
13 143 1
13 173 1
13 186 1
13 188 1
13 194 1
13 197 1
13 199 1
13 202 1
13 203 1
13 204 1
13 205 1
13 207 1
13 214 1
13 259 1
14 4 1
14 11 1
14 13 1
14 53 1
14 64 1
14 67 1
14 68 1
14 72 1
14 85 1
14 88 1
14 112 1
14 114 1
14 116 1
14 118 1
14 119 1
14 126 1
14 130 1
14 131 1
14 133 1
14 138 1
14 139 1
14 143 1
14 173 1
14 188 1
14 205 1
14 285 1
15 3 1
15 10 1
15 13 1
15 21 1
15 58 1
15 59 1
15 73 1
15 87 1
15 101 1
15 112 1
15 123 1
15 126 1
15 155 1
15 198 1
15 202 1
15 271 1
15 285 1
16 55 1
16 104 1
16 130 1
16 279 1
17 31 1
17 103 1
17 225 1
18 71 1
18 86 1
18 110 1
18 136 1
18 180 1
18 192 1
19 91 1
19 129 1
19 204 1
19 209 1
20 42 1
20 104 1
20 137 1
20 178 1
20 246 1
20 268 1
21 7 1
21 61 1
21 118 1
21 183 1
21 192 1
21 226 1
21 240 1
21 266 1
21 288 1
22 20 1
22 28 1
22 42 1
22 58 1
22 59 1
22 97 1
22 105 1
22 178 1
22 212 1
22 215 1
22 241 1
22 246 1
22 283 1
23 13 1
23 17 1
23 35 1
23 53 1
23 83 1
23 93 1
23 126 1
23 170 1
23 192 1
23 215 1
23 221 1
23 231 1
23 243 1
23 251 1
24 3 1
24 10 1
24 13 1
24 28 1
24 31 1
24 43 1
24 62 1
24 68 1
24 69 1
24 70 1
24 92 1
24 106 1
24 118 1
24 177 1
24 219 1
24 236 1
24 246 1
24 254 1
24 259 1
25 56 1
25 118 1
25 195 1
25 216 1
25 217 1
26 3 1
26 60 1
26 119 1
26 150 1
26 283 1
27 1 1
27 129 1
28 41 1
28 101 1
28 132 1
28 166 1
28 216 1
29 86 1
29 117 1
29 150 1
29 168 1
30 4 1
30 62 1
30 142 1
30 173 1
30 245 1
30 251 1
31 17 1
31 24 1
31 141 1
32 5 1
32 73 1
32 85 1
32 126 1
32 143 1
32 149 1
32 202 1
32 227 1
33 35 1
33 48 1
33 62 1
33 113 1
33 131 1
34 12 1
34 27 1
34 28 1
34 35 1
34 39 1
34 44 1
34 69 1
34 81 1
34 169 1
34 173 1
34 184 1
34 208 1
34 232 1
35 33 1
35 54 1
35 88 1
35 140 1
35 179 1
36 37 1
36 43 1
36 61 1
36 85 1
36 87 1
36 91 1
36 108 1
36 131 1
36 136 1
36 161 1
36 200 1
36 202 1
36 208 1
36 217 1
36 231 1
36 249 1
37 44 1
37 70 1
37 85 1
37 126 1
37 131 1
37 155 1
37 188 1
38 41 1
38 94 1
38 103 1
38 164 1
38 285 1
39 169 1
39 228 1
39 283 1
40 5 1
40 13 1
40 64 1
40 98 1
40 115 1
40 116 1
40 193 1
40 214 1
40 233 1
40 234 1
41 94 1
41 138 1
41 199 1
41 225 1
41 258 1
42 10 1
42 20 1
42 106 1
42 196 1
42 204 1
42 240 1
43 16 1
43 21 1
43 70 1
43 78 1
43 122 1
43 128 1
43 181 1
43 188 1
43 227 1
43 260 1
44 3 1
44 9 1
44 13 1
44 37 1
44 43 1
44 48 1
44 60 1
44 72 1
44 87 1
44 118 1
44 119 1
44 122 1
44 126 1
44 173 1
44 259 1
45 2 1
45 3 1
45 4 1
45 5 1
45 6 1
45 7 1
45 10 1
45 11 1
45 13 1
45 14 1
45 15 1
45 16 1
45 17 1
45 20 1
45 22 1
45 28 1
45 32 1
45 33 1
45 35 1
45 36 1
45 41 1
45 42 1
45 44 1
45 48 1
45 49 1
45 53 1
45 54 1
45 56 1
45 59 1
45 60 1
45 65 1
45 68 1
45 70 1
45 72 1
45 73 1
45 74 1
45 76 1
45 78 1
45 83 1
45 85 1
45 87 1
45 88 1
45 91 1
45 94 1
45 96 1
45 99 1
45 100 1
45 101 1
45 102 1
45 103 1
45 106 1
45 107 1
45 109 1
45 110 1
45 111 1
45 112 1
45 114 1
45 115 1
45 116 1
45 118 1
45 119 1
45 120 1
45 122 1
45 123 1
45 124 1
45 125 1
45 126 1
45 130 1
45 131 1
45 133 1
45 134 1
45 136 1
45 137 1
45 138 1
45 139 1
45 140 1
45 143 1
45 150 1
45 151 1
45 156 1
45 160 1
45 162 1
45 163 1
45 165 1
45 166 1
45 169 1
45 170 1
45 172 1
45 173 1
45 175 1
45 177 1
45 178 1
45 185 1
45 188 1
45 190 1
45 192 1
45 193 1
45 194 1
45 196 1
45 198 1
45 199 1
45 200 1
45 202 1
45 203 1
45 205 1
45 206 1
45 207 1
45 208 1
45 209 1
45 210 1
45 218 1
45 219 1
45 220 1
45 221 1
45 225 1
45 226 1
45 227 1
45 229 1
45 230 1
45 231 1
45 237 1
45 240 1
45 241 1
45 242 1
45 245 1
45 246 1
45 254 1
45 256 1
45 257 1
45 260 1
45 269 1
45 277 1
45 278 1
45 285 1
46 126 1
46 144 1
46 169 1
46 189 1
46 218 1
47 28 1
47 53 1
47 79 1
47 94 1
47 120 1
47 173 1
47 189 1
47 196 1
47 199 1
47 217 1
47 242 1
47 248 1
47 249 1
47 285 1
48 3 1
48 13 1
48 33 1
48 44 1
48 55 1
48 60 1
48 64 1
48 119 1
48 120 1
48 124 1
48 131 1
48 138 1
48 143 1
48 150 1
48 173 1
48 205 1
48 227 1
48 257 1
49 3 1
49 4 1
49 7 1
49 13 1
49 31 1
49 33 1
49 35 1
49 51 1
49 58 1
49 59 1
49 102 1
49 138 1
49 140 1
49 143 1
49 154 1
49 172 1
49 190 1
49 196 1
49 208 1
49 225 1
50 1 1
50 3 1
50 4 1
50 5 1
50 39 1
50 59 1
50 78 1
50 119 1
50 188 1
50 196 1
50 205 1
50 219 1
50 273 1
51 70 1
51 147 1
51 150 1
51 204 1
51 216 1
51 219 1
52 51 1
52 124 1
52 173 1
52 178 1
52 187 1
52 196 1
52 206 1
52 212 1
52 218 1
53 90 1
53 94 1
53 108 1
53 180 1
53 209 1
53 220 1
53 239 1
54 63 1
56 2 1
56 32 1
56 59 1
56 117 1
56 282 1
57 19 1
57 100 1
57 245 1
59 1 1
59 8 1
59 77 1
59 94 1
59 112 1
59 116 1
59 246 1
60 1 1
60 63 1
60 68 1
60 72 1
60 73 1
60 99 1
60 109 1
60 126 1
60 143 1
60 173 1
60 192 1
60 208 1
60 219 1
61 136 1
61 160 1
61 173 1
61 229 1
61 242 1
62 17 1
62 196 1
62 204 1
63 54 1
64 5 1
64 103 1
64 200 1
64 214 1
64 227 1
65 83 1
65 85 1
65 92 1
65 99 1
65 110 1
65 135 1
65 154 1
65 176 1
65 178 1
65 179 1
65 284 1
66 7 1
66 46 1
66 126 1
66 206 1
66 219 1
67 130 1
67 131 1
67 208 1
68 91 1
68 118 1
68 194 1
68 203 1
68 216 1
68 276 1
69 118 1
69 180 1
69 208 1
69 265 1
70 43 1
70 199 1
71 8 1
72 1 1
72 59 1
72 60 1
72 124 1
72 130 1
72 138 1
72 205 1
73 13 1
73 32 1
73 60 1
73 69 1
73 126 1
73 143 1
73 151 1
73 157 1
73 251 1
73 258 1
73 264 1
74 4 1
74 31 1
74 39 1
74 59 1
74 67 1
74 68 1
74 76 1
74 91 1
74 96 1
74 100 1
74 105 1
74 130 1
74 146 1
74 149 1
74 151 1
74 196 1
74 203 1
75 16 1
75 46 1
75 88 1
75 92 1
75 96 1
75 99 1
75 120 1
75 126 1
75 128 1
75 135 1
75 154 1
75 173 1
75 186 1
75 192 1
75 221 1
75 235 1
75 268 1
75 280 1
76 5 1
76 13 1
76 74 1
76 78 1
76 91 1
76 135 1
76 146 1
76 149 1
76 178 1
76 226 1
76 238 1
76 240 1
76 245 1
77 128 1
77 166 1
78 18 1
78 21 1
78 43 1
78 153 1
78 158 1
78 165 1
78 190 1
78 202 1
78 217 1
78 226 1
79 7 1
79 13 1
79 72 1
79 163 1
79 192 1
79 196 1
80 130 1
80 185 1
80 209 1
80 247 1
81 164 1
82 54 1
82 233 1
83 106 1
83 200 1
84 145 1
84 259 1
85 5 1
85 9 1
85 30 1
85 32 1
85 39 1
85 53 1
85 55 1
85 59 1
85 60 1
85 72 1
85 73 1
85 91 1
85 94 1
85 102 1
85 107 1
85 109 1
85 116 1
85 120 1
85 122 1
85 124 1
85 131 1
85 143 1
85 149 1
85 156 1
85 173 1
85 188 1
85 196 1
85 202 1
85 205 1
85 208 1
85 225 1
85 227 1
85 242 1
85 250 1
85 284 1
85 285 1
86 4 1
86 22 1
86 47 1
86 63 1
86 73 1
86 98 1
86 105 1
86 110 1
86 111 1
86 153 1
86 167 1
87 1 1
87 3 1
87 7 1
87 17 1
87 31 1
87 32 1
87 43 1
87 47 1
87 57 1
87 60 1
87 64 1
87 68 1
87 70 1
87 88 1
87 96 1
87 99 1
87 117 1
87 118 1
87 119 1
87 120 1
87 121 1
87 124 1
87 126 1
87 138 1
87 158 1
87 167 1
87 173 1
87 182 1
87 186 1
87 202 1
87 205 1
87 208 1
87 214 1
87 226 1
87 227 1
87 246 1
88 107 1
88 149 1
88 173 1
88 208 1
88 246 1
88 260 1
88 262 1
89 21 1
89 62 1
89 63 1
89 131 1
89 164 1
90 6 1
90 8 1
90 57 1
90 122 1
90 168 1
90 196 1
90 233 1
90 254 1
91 8 1
91 111 1
91 163 1
91 200 1
91 203 1
91 207 1
91 237 1
92 102 1
92 245 1
93 256 1
94 17 1
94 41 1
94 51 1
94 59 1
94 84 1
94 126 1
94 199 1
95 28 1
95 87 1
95 266 1
96 75 1
96 120 1
96 125 1
96 195 1
96 221 1
96 227 1
97 1 1
97 144 1
97 196 1
97 241 1
98 3 1
98 4 1
98 46 1
98 87 1
98 112 1
98 114 1
98 115 1
98 118 1
98 149 1
98 150 1
98 162 1
98 173 1
98 178 1
98 246 1
99 4 1
99 7 1
99 14 1
99 32 1
99 94 1
99 112 1
99 118 1
99 119 1
99 143 1
99 146 1
99 148 1
99 156 1
99 157 1
99 173 1
99 186 1
99 199 1
99 202 1
99 221 1
99 238 1
100 4 1
100 74 1
100 137 1
100 149 1
100 294 1
101 49 1
101 229 1
101 277 1
102 29 1
102 59 1
102 64 1
102 136 1
102 210 1
102 283 1
103 3 1
103 5 1
103 7 1
103 60 1
103 64 1
103 119 1
103 126 1
103 139 1
103 143 1
103 150 1
103 206 1
103 284 1
104 51 1
104 71 1
104 76 1
104 94 1
104 99 1
104 135 1
104 164 1
104 176 1
104 199 1
104 240 1
104 279 1
105 10 1
105 17 1
105 53 1
105 118 1
105 171 1
105 192 1
105 252 1
106 32 1
106 64 1
106 112 1
106 138 1
106 194 1
106 202 1
106 204 1
106 213 1
107 111 1
107 140 1
107 150 1
107 168 1
107 195 1
107 234 1
107 247 1
108 3 1
108 53 1
108 102 1
108 112 1
108 121 1
108 159 1
108 197 1
109 12 1
109 51 1
109 72 1
109 114 1
109 120 1
109 162 1
109 206 1
109 208 1
109 238 1
109 239 1
109 255 1
110 18 1
110 109 1
110 123 1
110 126 1
110 166 1
110 214 1
111 107 1
111 115 1
111 179 1
111 287 1
112 3 1
112 14 1
112 15 1
112 71 1
112 94 1
112 246 1
112 285 1
113 58 1
113 68 1
113 90 1
113 137 1
113 155 1
113 276 1
113 285 1
114 4 1
114 71 1
114 98 1
114 109 1
114 118 1
114 122 1
114 149 1
114 172 1
114 178 1
114 216 1
114 239 1
114 281 1
115 3 1
115 13 1
115 32 1
115 60 1
115 66 1
115 71 1
115 87 1
115 88 1
115 101 1
115 104 1
115 119 1
115 126 1
115 138 1
115 143 1
115 167 1
115 171 1
115 173 1
115 192 1
115 194 1
115 204 1
115 212 1
115 234 1
115 255 1
115 279 1
115 284 1
116 6 1
116 14 1
116 59 1
116 112 1
116 119 1
116 122 1
116 205 1
116 227 1
116 247 1
117 88 1
117 258 1
117 285 1
118 54 1
118 60 1
118 63 1
118 68 1
118 70 1
118 88 1
118 90 1
118 91 1
118 96 1
118 114 1
118 133 1
118 138 1
118 143 1
118 149 1
118 173 1
118 199 1
118 205 1
118 207 1
118 208 1
118 209 1
118 211 1
118 219 1
118 224 1
118 225 1
118 227 1
118 261 1
119 3 1
119 4 1
119 9 1
119 14 1
119 28 1
119 32 1
119 33 1
119 60 1
119 72 1
119 85 1
119 88 1
119 109 1
119 118 1
119 122 1
119 124 1
119 126 1
119 133 1
119 138 1
119 173 1
119 180 1
119 194 1
119 204 1
119 205 1
119 207 1
119 208 1
119 215 1
119 222 1
119 227 1
119 240 1
119 248 1
119 257 1
120 3 1
120 5 1
120 17 1
120 48 1
120 51 1
120 55 1
120 64 1
120 68 1
120 70 1
120 87 1
120 96 1
120 118 1
120 134 1
120 138 1
120 150 1
120 188 1
120 202 1
120 205 1
120 214 1
120 227 1
121 119 1
121 125 1
121 245 1
121 246 1
122 116 1
122 165 1
122 194 1
123 1 1
123 5 1
123 6 1
123 9 1
123 20 1
123 110 1
123 192 1
123 193 1
123 212 1
123 231 1
123 241 1
124 2 1
124 13 1
124 48 1
124 72 1
124 118 1
124 122 1
124 131 1
124 138 1
124 205 1
124 208 1
124 257 1
125 12 1
125 15 1
125 96 1
125 135 1
125 136 1
125 151 1
125 185 1
125 201 1
126 2 1
126 5 1
126 7 1
126 9 1
126 21 1
126 28 1
126 60 1
126 72 1
126 85 1
126 99 1
126 103 1
126 109 1
126 119 1
126 130 1
126 138 1
126 173 1
126 185 1
126 192 1
126 207 1
126 215 1
126 219 1
126 254 1
126 257 1
126 268 1
126 279 1
127 54 1
127 118 1
127 148 1
128 35 1
128 43 1
129 19 1
129 164 1
129 246 1
130 16 1
130 17 1
130 67 1
130 72 1
130 74 1
130 84 1
131 13 1
131 21 1
131 36 1
131 48 1
131 59 1
131 64 1
131 67 1
131 72 1
131 88 1
131 91 1
131 112 1
131 124 1
131 138 1
131 173 1
131 208 1
131 227 1
131 257 1
131 275 1
132 28 1
132 92 1
132 146 1
132 170 1
132 179 1
132 220 1
132 253 1
132 258 1
133 2 1
133 14 1
133 57 1
133 60 1
133 63 1
133 64 1
133 67 1
133 110 1
133 118 1
133 131 1
133 132 1
133 143 1
133 161 1
133 173 1
133 219 1
134 3 1
134 17 1
134 55 1
134 120 1
134 150 1
136 138 1
136 159 1
136 181 1
136 210 1
136 260 1
136 276 1
137 151 1
138 1 1
138 13 1
138 16 1
138 17 1
138 19 1
138 54 1
138 64 1
138 68 1
138 91 1
138 92 1
138 106 1
138 120 1
138 134 1
138 167 1
138 186 1
138 202 1
138 205 1
138 207 1
138 208 1
138 227 1
138 275 1
138 278 1
139 5 1
139 31 1
139 60 1
139 103 1
139 143 1
139 159 1
140 19 1
140 35 1
140 172 1
140 262 1
141 3 1
141 200 1
141 217 1
142 15 1
142 30 1
142 60 1
142 101 1
142 122 1
142 161 1
142 200 1
142 230 1
142 245 1
143 4 1
143 5 1
143 13 1
143 14 1
143 28 1
143 32 1
143 60 1
143 63 1
143 91 1
143 138 1
143 173 1
143 205 1
143 207 1
143 218 1
143 219 1
143 227 1
145 84 1
145 220 1
146 2 1
146 13 1
146 32 1
146 68 1
146 85 1
146 143 1
146 150 1
146 151 1
146 194 1
146 203 1
146 210 1
146 246 1
147 177 1
147 178 1
148 58 1
148 127 1
148 273 1
149 5 1
149 64 1
149 114 1
149 153 1
149 178 1
149 192 1
149 229 1
149 231 1
150 3 1
150 134 1
151 137 1
152 28 1
152 30 1
152 42 1
152 101 1
152 126 1
152 157 1
152 169 1
152 183 1
152 192 1
152 211 1
152 238 1
152 258 1
153 15 1
153 19 1
153 109 1
153 117 1
153 197 1
153 237 1
153 264 1
154 15 1
154 30 1
154 92 1
154 173 1
154 205 1
154 239 1
155 4 1
155 16 1
155 31 1
155 53 1
155 188 1
155 233 1
155 239 1
156 37 1
156 59 1
156 94 1
156 99 1
156 137 1
156 154 1
156 193 1
156 195 1
156 199 1
157 21 1
157 27 1
157 104 1
157 117 1
157 166 1
157 226 1
157 297 1
158 3 1
158 16 1
158 19 1
158 100 1
158 124 1
158 144 1
158 148 1
158 200 1
158 273 1
159 22 1
159 51 1
159 53 1
159 98 1
159 225 1
160 13 1
160 28 1
160 64 1
160 77 1
160 91 1
160 133 1
160 200 1
160 203 1
160 242 1
161 30 1
161 43 1
161 87 1
161 96 1
161 134 1
161 141 1
161 172 1
161 196 1
161 229 1
161 290 1
162 10 1
162 34 1
162 83 1
162 146 1
162 163 1
162 192 1
162 210 1
162 281 1
162 296 1
163 4 1
163 5 1
163 17 1
163 64 1
163 84 1
163 111 1
163 194 1
163 218 1
163 233 1
164 20 1
164 43 1
164 54 1
164 70 1
164 167 1
164 206 1
164 258 1
164 259 1
164 274 1
164 279 1
165 42 1
165 84 1
165 122 1
165 171 1
165 173 1
165 254 1
166 87 1
166 140 1
166 189 1
166 199 1
166 219 1
167 6 1
167 135 1
167 138 1
167 148 1
167 171 1
167 183 1
167 186 1
167 208 1
167 225 1
167 251 1
167 258 1
168 4 1
168 19 1
168 39 1
168 94 1
168 104 1
168 117 1
168 150 1
168 188 1
168 209 1
168 210 1
169 9 1
169 57 1
169 92 1
169 107 1
169 121 1
169 242 1
169 271 1
169 291 1
170 51 1
170 54 1
170 202 1
170 203 1
170 215 1
170 256 1
171 217 1
171 222 1
171 224 1
171 266 1
171 279 1
171 284 1
172 114 1
172 140 1
172 179 1
172 189 1
172 225 1
172 262 1
173 3 1
173 14 1
173 21 1
173 60 1
173 63 1
173 67 1
173 68 1
173 72 1
173 88 1
173 109 1
173 110 1
173 114 1
173 118 1
173 120 1
173 126 1
173 130 1
173 131 1
173 133 1
173 139 1
173 143 1
173 205 1
173 208 1
173 214 1
173 219 1
173 229 1
173 262 1
174 3 1
174 15 1
174 16 1
174 85 1
174 115 1
174 125 1
174 181 1
174 192 1
174 217 1
174 233 1
174 244 1
175 49 1
175 66 1
175 151 1
175 177 1
175 223 1
176 64 1
176 182 1
176 192 1
176 208 1
176 231 1
177 35 1
177 54 1
177 82 1
177 96 1
177 193 1
177 204 1
177 230 1
178 3 1
178 13 1
178 20 1
178 42 1
178 76 1
178 77 1
178 87 1
178 110 1
178 128 1
178 139 1
178 221 1
178 238 1
178 246 1
179 3 1
179 10 1
179 12 1
179 24 1
179 31 1
179 85 1
179 102 1
179 204 1
179 233 1
179 254 1
180 27 1
180 62 1
180 94 1
180 108 1
180 110 1
180 144 1
180 149 1
180 161 1
181 18 1
181 75 1
181 99 1
181 170 1
181 206 1
181 273 1
181 277 1
182 5 1
182 22 1
182 84 1
182 119 1
182 204 1
182 252 1
183 3 1
183 15 1
183 19 1
183 53 1
183 73 1
183 85 1
183 112 1
183 140 1
183 265 1
184 43 1
184 67 1
184 132 1
184 226 1
185 125 1
185 139 1
185 151 1
185 249 1
186 75 1
186 99 1
186 112 1
186 149 1
186 154 1
186 197 1
186 202 1
186 271 1
187 13 1
187 55 1
187 59 1
187 117 1
187 237 1
187 248 1
188 16 1
188 17 1
188 35 1
188 43 1
188 70 1
188 87 1
188 107 1
188 120 1
188 131 1
188 133 1
188 134 1
188 146 1
188 181 1
188 225 1
188 230 1
188 263 1
189 114 1
189 267 1
189 285 1
190 3 1
190 4 1
190 8 1
190 13 1
190 33 1
190 42 1
190 43 1
190 49 1
190 60 1
190 78 1
190 102 1
190 119 1
190 138 1
190 143 1
190 195 1
190 210 1
190 225 1
191 2 1
191 3 1
191 4 1
191 13 1
191 14 1
191 16 1
191 33 1
191 50 1
191 51 1
191 67 1
191 68 1
191 72 1
191 103 1
191 105 1
191 110 1
191 112 1
191 118 1
191 119 1
191 124 1
191 126 1
191 131 1
191 138 1
191 143 1
191 146 1
191 173 1
191 205 1
191 208 1
191 211 1
191 214 1
191 227 1
191 285 1
192 9 1
192 55 1
192 115 1
192 123 1
192 135 1
192 136 1
192 138 1
192 171 1
192 193 1
192 210 1
192 212 1
193 17 1
193 91 1
193 122 1
193 126 1
193 230 1
194 19 1
194 64 1
194 106 1
194 112 1
194 122 1
194 152 1
194 214 1
194 248 1
194 267 1
194 278 1
195 96 1
195 156 1
195 162 1
195 229 1
195 270 1
196 7 1
196 113 1
196 120 1
196 121 1
196 138 1
196 169 1
196 199 1
196 216 1
197 53 1
197 108 1
197 110 1
197 186 1
198 3 1
198 7 1
198 13 1
198 15 1
198 88 1
198 103 1
198 126 1
198 185 1
198 194 1
198 196 1
198 201 1
198 249 1
198 256 1
198 285 1
199 43 1
199 66 1
199 70 1
199 84 1
199 89 1
199 94 1
199 104 1
199 283 1
200 5 1
200 11 1
200 31 1
200 58 1
200 85 1
200 91 1
200 111 1
200 115 1
200 170 1
200 227 1
200 242 1
201 3 1
201 4 1
201 13 1
201 87 1
201 118 1
201 133 1
201 152 1
201 173 1
201 198 1
201 206 1
201 208 1
201 210 1
201 212 1
201 230 1
201 258 1
202 3 1
202 11 1
202 22 1
202 32 1
202 112 1
202 186 1
203 8 1
203 9 1
203 13 1
203 57 1
203 68 1
203 91 1
203 119 1
203 128 1
203 134 1
203 199 1
203 256 1
203 289 1
204 19 1
204 106 1
204 171 1
204 217 1
204 225 1
205 13 1
205 43 1
205 72 1
205 116 1
205 124 1
205 138 1
205 226 1
205 227 1
206 6 1
206 11 1
206 59 1
206 87 1
206 100 1
206 103 1
206 119 1
206 143 1
207 91 1
207 154 1
207 200 1
208 2 1
208 13 1
208 67 1
208 124 1
208 131 1
208 262 1
209 19 1
210 58 1
210 158 1
210 162 1
210 201 1
210 281 1
211 26 1
211 31 1
211 58 1
211 69 1
211 128 1
211 236 1
212 9 1
212 119 1
212 123 1
212 182 1
212 192 1
213 11 1
213 12 1
213 13 1
213 104 1
213 106 1
213 150 1
214 5 1
214 7 1
214 64 1
214 99 1
214 126 1
214 143 1
214 205 1
214 215 1
214 227 1
214 229 1
214 241 1
215 59 1
215 96 1
215 109 1
215 126 1
215 168 1
215 246 1
215 279 1
216 48 1
216 169 1
216 254 1
216 276 1
217 126 1
217 141 1
217 171 1
217 237 1
218 2 1
218 32 1
218 140 1
218 163 1
219 9 1
219 32 1
219 64 1
219 102 1
219 123 1
219 150 1
219 192 1
219 241 1
219 246 1
220 5 1
220 17 1
220 18 1
220 43 1
220 64 1
220 110 1
220 143 1
220 145 1
220 170 1
220 180 1
220 196 1
220 223 1
220 226 1
220 227 1
220 285 1
220 292 1
221 11 1
221 22 1
221 99 1
221 205 1
222 25 1
222 99 1
222 102 1
222 113 1
222 119 1
222 122 1
222 230 1
222 284 1
223 280 1
224 83 1
225 49 1
225 172 1
225 247 1
226 76 1
226 125 1
226 184 1
226 211 1
227 64 1
227 116 1
227 138 1
227 200 1
227 205 1
227 207 1
227 246 1
228 3 1
228 13 1
228 63 1
228 77 1
228 83 1
228 130 1
228 182 1
228 188 1
228 192 1
228 263 1
229 101 1
229 238 1
230 142 1
230 177 1
232 4 1
232 83 1
232 86 1
232 87 1
232 117 1
232 118 1
232 133 1
232 146 1
232 153 1
232 173 1
232 176 1
232 206 1
232 208 1
232 209 1
232 293 1
233 13 1
233 21 1
233 108 1
233 255 1
234 3 1
234 13 1
234 29 1
234 88 1
234 102 1
234 104 1
234 115 1
234 117 1
234 121 1
234 124 1
234 143 1
234 170 1
234 173 1
234 260 1
234 280 1
235 61 1
235 85 1
235 88 1
235 118 1
235 121 1
235 134 1
235 161 1
235 213 1
235 217 1
235 240 1
236 193 1
236 242 1
237 22 1
237 56 1
238 178 1
238 229 1
239 42 1
239 54 1
239 66 1
239 114 1
239 117 1
239 172 1
239 204 1
240 76 1
241 123 1
242 204 1
245 21 1
245 106 1
245 142 1
245 165 1
246 3 1
246 94 1
246 103 1
246 138 1
247 106 1
247 126 1
247 205 1
248 47 1
249 185 1
250 32 1
250 110 1
250 134 1
250 194 1
250 206 1
250 248 1
250 285 1
251 275 1
253 115 1
253 134 1
253 165 1
253 189 1
253 285 1
254 7 1
254 62 1
254 97 1
254 192 1
255 147 1
255 178 1
255 216 1
256 17 1
256 68 1
256 203 1
256 264 1
257 9 1
257 126 1
257 207 1
257 240 1
257 285 1
258 27 1
258 41 1
258 193 1
259 197 1
263 69 1
263 71 1
264 103 1
264 236 1
265 135 1
265 231 1
266 102 1
266 118 1
267 59 1
267 170 1
268 68 1
268 113 1
269 63 1
269 77 1
269 137 1
269 151 1
269 169 1
269 182 1
269 246 1
269 247 1
270 3 1
270 67 1
270 77 1
270 87 1
270 119 1
270 126 1
270 136 1
270 144 1
270 158 1
270 210 1
270 246 1
271 58 1
272 71 1
272 96 1
272 107 1
272 132 1
272 185 1
272 195 1
272 199 1
272 211 1
272 260 1
272 284 1
273 17 1
274 7 1
274 20 1
274 70 1
274 80 1
274 86 1
274 146 1
274 196 1
274 272 1
274 278 1
275 6 1
276 64 1
276 68 1
276 91 1
276 92 1
276 93 1
276 203 1
276 208 1
276 256 1
276 279 1
276 286 1
277 3 1
277 7 1
277 13 1
277 51 1
277 66 1
277 92 1
277 119 1
277 123 1
277 126 1
277 173 1
277 202 1
277 214 1
278 2 1
278 5 1
278 18 1
278 94 1
278 112 1
278 206 1
278 226 1
278 249 1
280 137 1
283 240 1
284 163 1
284 171 1
