1 96 1
1 109 1
2 3 1
2 7 1
2 32 1
2 60 1
2 64 1
2 83 1
2 85 1
2 100 1
2 103 1
2 112 1
2 114 1
2 118 1
2 119 1
2 120 1
2 138 1
2 143 1
2 173 1
2 194 1
2 205 1
2 214 1
2 225 1
2 226 1
2 233 1
2 246 1
3 2 1
3 5 1
3 15 1
3 19 1
3 28 1
3 32 1
3 43 1
3 56 1
3 60 1
3 64 1
3 66 1
3 74 1
3 91 1
3 106 1
3 112 1
3 115 1
3 119 1
3 126 1
3 130 1
3 133 1
3 138 1
3 143 1
3 149 1
3 167 1
3 173 1
3 178 1
3 181 1
3 194 1
3 196 1
3 199 1
3 200 1
3 202 1
3 204 1
3 205 1
3 207 1
3 208 1
3 214 1
3 227 1
3 246 1
3 251 1
3 278 1
4 5 1
4 10 1
4 13 1
4 14 1
4 16 1
4 31 1
4 60 1
4 64 1
4 68 1
4 83 1
4 87 1
4 88 1
4 94 1
4 110 1
4 111 1
4 118 1
4 119 1
4 122 1
4 126 1
4 127 1
4 130 1
4 131 1
4 138 1
4 143 1
4 144 1
4 147 1
4 173 1
4 189 1
4 207 1
4 214 1
4 240 1
4 246 1
4 266 1
5 19 1
5 41 1
5 42 1
5 43 1
5 53 1
5 60 1
5 63 1
5 64 1
5 68 1
5 72 1
5 94 1
5 102 1
5 105 1
5 108 1
5 110 1
5 118 1
5 119 1
5 122 1
5 123 1
5 126 1
5 131 1
5 138 1
5 143 1
5 157 1
5 169 1
5 173 1
5 192 1
5 202 1
5 203 1
5 206 1
5 208 1
5 214 1
5 234 1
5 251 1
5 278 1
6 3 1
6 17 1
6 68 1
6 151 1
6 204 1
6 216 1
6 219 1
6 242 1
7 3 1
7 4 1
7 16 1
7 28 1
7 44 1
7 54 1
7 59 1
7 64 1
7 68 1
7 94 1
7 106 1
7 114 1
7 126 1
7 138 1
7 150 1
7 169 1
7 199 1
7 205 1
7 208 1
7 215 1
7 217 1
7 220 1
7 225 1
7 227 1
7 240 1
7 246 1
7 259 1
8 2 1
8 3 1
8 4 1
8 11 1
8 35 1
8 53 1
8 99 1
8 126 1
8 159 1
8 173 1
8 207 1
8 212 1
8 221 1
8 256 1
9 5 1
9 39 1
9 72 1
9 90 1
9 124 1
9 125 1
9 149 1
9 151 1
9 271 1
9 284 1
10 13 1
10 73 1
10 93 1
10 101 1
10 102 1
10 138 1
10 179 1
10 254 1
11 8 1
11 17 1
11 59 1
11 85 1
11 91 1
11 104 1
11 135 1
11 173 1
11 199 1
12 9 1
12 59 1
12 94 1
12 121 1
12 139 1
12 163 1
12 188 1
13 2 1
13 3 1
13 6 1
13 7 1
13 14 1
13 19 1
13 28 1
13 32 1
13 35 1
13 52 1
13 59 1
13 64 1
13 68 1
13 70 1
13 72 1
13 83 1
13 88 1
13 91 1
13 96 1
13 102 1
13 103 1
13 109 1
13 110 1
13 114 1
13 116 1
13 119 1
13 122 1
13 126 1
13 138 1
13 143 1
13 148 1
13 149 1
13 150 1
13 173 1
13 185 1
13 200 1
13 204 1
13 205 1
13 208 1
13 227 1
13 230 1
13 231 1
13 233 1
13 240 1
13 246 1
14 13 1
14 59 1
14 64 1
14 72 1
14 90 1
14 91 1
14 96 1
14 103 1
14 119 1
14 120 1
14 126 1
14 131 1
14 138 1
14 140 1
14 143 1
14 149 1
14 150 1
14 171 1
14 173 1
14 193 1
14 196 1
14 203 1
14 205 1
14 208 1
14 210 1
14 225 1
15 13 1
15 18 1
15 32 1
15 69 1
15 87 1
15 88 1
15 99 1
15 109 1
15 110 1
15 112 1
15 117 1
15 118 1
15 133 1
15 134 1
15 208 1
15 236 1
15 246 1
16 32 1
16 137 1
16 221 1
16 266 1
17 120 1
17 229 1
17 284 1
18 5 1
18 109 1
18 129 1
18 138 1
18 194 1
18 277 1
19 64 1
19 70 1
19 173 1
19 176 1
20 4 1
20 31 1
20 172 1
20 178 1
20 203 1
20 239 1
21 20 1
21 88 1
21 100 1
21 144 1
21 161 1
21 173 1
21 263 1
21 279 1
21 285 1
22 3 1
22 13 1
22 36 1
22 46 1
22 63 1
22 87 1
22 119 1
22 126 1
22 140 1
22 173 1
22 223 1
22 231 1
22 241 1
23 14 1
23 87 1
23 90 1
23 91 1
23 110 1
23 126 1
23 130 1
23 170 1
23 187 1
23 197 1
23 214 1
23 219 1
23 246 1
23 260 1
24 4 1
24 5 1
24 13 1
24 19 1
24 60 1
24 67 1
24 74 1
24 87 1
24 90 1
24 99 1
24 119 1
24 136 1
24 138 1
24 143 1
24 173 1
24 179 1
24 206 1
24 256 1
24 268 1
25 86 1
25 102 1
25 138 1
25 162 1
25 182 1
26 7 1
26 32 1
26 225 1
26 230 1
26 234 1
27 94 1
27 233 1
28 143 1
28 196 1
28 205 1
28 239 1
28 283 1
29 9 1
29 87 1
29 144 1
29 194 1
30 27 1
30 94 1
30 182 1
30 195 1
30 218 1
30 295 1
31 48 1
31 96 1
31 117 1
32 2 1
32 3 1
32 64 1
32 88 1
32 112 1
32 205 1
32 221 1
32 226 1
33 37 1
33 165 1
33 192 1
33 231 1
33 252 1
34 4 1
34 16 1
34 21 1
34 55 1
34 58 1
34 59 1
34 62 1
34 64 1
34 92 1
34 173 1
34 195 1
34 221 1
34 268 1
35 28 1
35 47 1
35 72 1
35 177 1
35 185 1
36 2 1
36 3 1
36 13 1
36 46 1
36 85 1
36 94 1
36 115 1
36 126 1
36 151 1
36 164 1
36 186 1
36 230 1
36 240 1
36 247 1
36 277 1
36 278 1
37 88 1
37 102 1
37 118 1
37 192 1
37 196 1
37 261 1
37 279 1
38 28 1
38 71 1
38 125 1
38 159 1
38 218 1
39 3 1
39 237 1
39 245 1
40 4 1
40 5 1
40 42 1
40 115 1
40 116 1
40 139 1
40 161 1
40 188 1
40 214 1
40 285 1
41 8 1
41 63 1
41 83 1
41 130 1
41 207 1
42 15 1
42 33 1
42 53 1
42 135 1
42 165 1
42 181 1
43 13 1
43 21 1
43 55 1
43 60 1
43 91 1
43 101 1
43 192 1
43 196 1
43 208 1
43 284 1
44 13 1
44 63 1
44 72 1
44 76 1
44 118 1
44 120 1
44 126 1
44 131 1
44 143 1
44 200 1
44 205 1
44 206 1
44 208 1
44 219 1
44 227 1
45 2 1
45 3 1
45 4 1
45 5 1
45 7 1
45 8 1
45 10 1
45 11 1
45 13 1
45 14 1
45 15 1
45 17 1
45 19 1
45 20 1
45 21 1
45 24 1
45 26 1
45 27 1
45 28 1
45 30 1
45 31 1
45 32 1
45 35 1
45 39 1
45 43 1
45 48 1
45 49 1
45 50 1
45 53 1
45 54 1
45 55 1
45 60 1
45 61 1
45 63 1
45 64 1
45 66 1
45 67 1
45 71 1
45 72 1
45 73 1
45 74 1
45 75 1
45 76 1
45 77 1
45 78 1
45 84 1
45 85 1
45 87 1
45 88 1
45 91 1
45 92 1
45 94 1
45 96 1
45 98 1
45 99 1
45 100 1
45 102 1
45 103 1
45 104 1
45 106 1
45 108 1
45 110 1
45 111 1
45 112 1
45 114 1
45 115 1
45 116 1
45 118 1
45 119 1
45 120 1
45 122 1
45 124 1
45 126 1
45 131 1
45 132 1
45 133 1
45 134 1
45 138 1
45 140 1
45 142 1
45 143 1
45 144 1
45 146 1
45 149 1
45 150 1
45 151 1
45 154 1
45 161 1
45 163 1
45 169 1
45 170 1
45 171 1
45 172 1
45 173 1
45 177 1
45 178 1
45 180 1
45 185 1
45 186 1
45 188 1
45 192 1
45 194 1
45 196 1
45 200 1
45 202 1
45 203 1
45 204 1
45 205 1
45 208 1
45 210 1
45 211 1
45 213 1
45 214 1
45 215 1
45 217 1
45 225 1
45 226 1
45 227 1
45 228 1
45 230 1
45 234 1
45 236 1
45 238 1
45 239 1
45 240 1
45 241 1
45 242 1
45 246 1
45 251 1
45 260 1
45 264 1
45 276 1
45 279 1
45 280 1
46 6 1
46 17 1
46 103 1
46 109 1
46 169 1
47 17 1
47 29 1
47 85 1
47 109 1
47 148 1
47 149 1
47 185 1
47 188 1
47 189 1
47 192 1
47 203 1
47 207 1
47 231 1
47 254 1
48 10 1
48 31 1
48 64 1
48 66 1
48 70 1
48 77 1
48 85 1
48 96 1
48 99 1
48 120 1
48 124 1
48 133 1
48 169 1
48 181 1
48 193 1
48 230 1
48 245 1
48 253 1
49 3 1
49 5 1
49 9 1
49 13 1
49 58 1
49 72 1
49 84 1
49 108 1
49 111 1
49 118 1
49 122 1
49 124 1
49 126 1
49 133 1
49 138 1
49 143 1
49 151 1
49 199 1
49 204 1
49 254 1
50 16 1
50 35 1
50 53 1
50 67 1
50 70 1
50 91 1
50 164 1
50 170 1
50 185 1
50 189 1
50 217 1
50 238 1
50 241 1
51 21 1
51 72 1
51 94 1
51 128 1
51 136 1
51 292 1
52 5 1
52 70 1
52 87 1
52 91 1
52 118 1
52 133 1
52 188 1
52 245 1
52 284 1
53 13 1
53 39 1
53 42 1
53 135 1
53 172 1
53 217 1
53 259 1
54 210 1
56 94 1
56 123 1
56 151 1
56 170 1
56 202 1
57 25 1
57 111 1
57 210 1
59 7 1
59 78 1
59 106 1
59 196 1
59 215 1
59 220 1
59 229 1
60 13 1
60 43 1
60 64 1
60 85 1
60 91 1
60 109 1
60 110 1
60 119 1
60 126 1
60 143 1
60 173 1
60 193 1
60 249 1
61 3 1
61 80 1
61 87 1
61 92 1
61 122 1
62 13 1
62 87 1
62 257 1
63 145 1
64 19 1
64 138 1
64 171 1
64 208 1
64 240 1
65 2 1
65 21 1
65 58 1
65 67 1
65 70 1
65 76 1
65 192 1
65 200 1
65 222 1
65 270 1
65 283 1
66 154 1
66 155 1
66 201 1
66 203 1
66 248 1
67 70 1
67 91 1
67 239 1
68 7 1
68 17 1
68 104 1
68 126 1
68 155 1
68 240 1
69 61 1
69 65 1
69 225 1
69 258 1
70 19 1
70 67 1
71 107 1
72 14 1
72 35 1
72 59 1
72 93 1
72 124 1
72 131 1
72 225 1
73 13 1
73 76 1
73 98 1
73 131 1
73 143 1
73 151 1
73 192 1
73 205 1
73 208 1
73 265 1
73 285 1
74 3 1
74 5 1
74 13 1
74 17 1
74 24 1
74 30 1
74 60 1
74 91 1
74 113 1
74 119 1
74 126 1
74 131 1
74 133 1
74 143 1
74 173 1
74 258 1
74 273 1
75 1 1
75 4 1
75 13 1
75 43 1
75 49 1
75 55 1
75 87 1
75 105 1
75 118 1
75 119 1
75 138 1
75 151 1
75 196 1
75 197 1
75 203 1
75 206 1
75 214 1
75 274 1
76 13 1
76 27 1
76 44 1
76 72 1
76 73 1
76 85 1
76 106 1
76 116 1
76 118 1
76 131 1
76 208 1
76 285 1
76 294 1
77 71 1
77 215 1
78 10 1
78 20 1
78 22 1
78 106 1
78 146 1
78 176 1
78 196 1
78 201 1
78 217 1
78 249 1
79 3 1
79 4 1
79 19 1
79 94 1
79 193 1
79 208 1
80 22 1
80 60 1
80 134 1
80 173 1
81 31 1
82 28 1
82 66 1
83 28 1
83 138 1
84 122 1
84 260 1
85 3 1
85 7 1
85 12 1
85 13 1
85 14 1
85 32 1
85 51 1
85 67 1
85 68 1
85 70 1
85 72 1
85 88 1
85 91 1
85 92 1
85 94 1
85 96 1
85 115 1
85 116 1
85 118 1
85 119 1
85 121 1
85 124 1
85 126 1
85 138 1
85 140 1
85 143 1
85 166 1
85 170 1
85 173 1
85 192 1
85 205 1
85 206 1
85 207 1
85 245 1
85 256 1
85 260 1
86 13 1
86 103 1
86 130 1
86 139 1
86 146 1
86 149 1
86 178 1
86 202 1
86 205 1
86 216 1
86 246 1
87 3 1
87 5 1
87 11 1
87 19 1
87 43 1
87 51 1
87 54 1
87 60 1
87 64 1
87 75 1
87 84 1
87 85 1
87 86 1
87 99 1
87 108 1
87 110 1
87 118 1
87 119 1
87 122 1
87 126 1
87 131 1
87 138 1
87 143 1
87 151 1
87 153 1
87 173 1
87 179 1
87 194 1
87 196 1
87 199 1
87 206 1
87 246 1
87 249 1
87 284 1
87 285 1
87 286 1
88 39 1
88 106 1
88 116 1
88 130 1
88 219 1
88 262 1
88 272 1
89 60 1
89 83 1
89 119 1
89 125 1
89 275 1
90 43 1
90 60 1
90 72 1
90 85 1
90 110 1
90 141 1
90 143 1
90 258 1
91 67 1
91 71 1
91 126 1
91 149 1
91 150 1
91 166 1
91 205 1
92 13 1
92 285 1
93 151 1
94 12 1
94 57 1
94 59 1
94 119 1
94 126 1
94 139 1
94 173 1
95 62 1
95 123 1
95 215 1
96 31 1
96 48 1
96 103 1
96 117 1
96 136 1
96 277 1
97 62 1
97 71 1
97 77 1
97 158 1
98 3 1
98 16 1
98 37 1
98 54 1
98 70 1
98 118 1
98 126 1
98 170 1
98 192 1
98 198 1
98 209 1
98 226 1
98 231 1
98 258 1
99 3 1
99 8 1
99 13 1
99 15 1
99 32 1
99 88 1
99 97 1
99 103 1
99 112 1
99 119 1
99 120 1
99 124 1
99 132 1
99 133 1
99 139 1
99 173 1
99 226 1
99 241 1
99 256 1
100 1 1
100 2 1
100 9 1
100 163 1
100 248 1
101 43 1
101 55 1
101 104 1
102 15 1
102 186 1
102 242 1
102 267 1
102 273 1
102 282 1
103 31 1
103 57 1
103 96 1
103 117 1
103 120 1
103 126 1
103 138 1
103 139 1
103 146 1
103 153 1
103 173 1
103 205 1
104 3 1
104 11 1
104 27 1
104 32 1
104 87 1
104 91 1
104 117 1
104 148 1
104 226 1
104 227 1
104 235 1
105 9 1
105 16 1
105 66 1
105 218 1
105 221 1
105 259 1
105 289 1
106 78 1
106 116 1
106 119 1
106 133 1
106 146 1
106 150 1
106 212 1
106 227 1
107 35 1
107 71 1
107 111 1
107 154 1
107 199 1
107 206 1
107 248 1
108 3 1
108 49 1
108 84 1
108 166 1
108 168 1
108 186 1
108 242 1
109 18 1
109 77 1
109 99 1
109 117 1
109 125 1
109 153 1
109 160 1
109 195 1
109 214 1
109 268 1
109 275 1
110 60 1
110 85 1
110 122 1
110 143 1
110 185 1
110 211 1
111 29 1
111 51 1
111 73 1
111 118 1
112 32 1
112 64 1
112 128 1
112 134 1
112 161 1
112 226 1
112 229 1
113 9 1
113 15 1
113 42 1
113 104 1
113 179 1
113 207 1
113 285 1
114 2 1
114 3 1
114 5 1
114 7 1
114 13 1
114 118 1
114 150 1
114 200 1
114 205 1
114 208 1
114 217 1
114 225 1
115 3 1
115 5 1
115 13 1
115 14 1
115 19 1
115 32 1
115 64 1
115 104 1
115 112 1
115 116 1
115 119 1
115 126 1
115 134 1
115 138 1
115 143 1
115 167 1
115 173 1
115 178 1
115 202 1
115 204 1
115 205 1
115 208 1
115 218 1
115 227 1
115 229 1
116 51 1
116 64 1
116 76 1
116 88 1
116 106 1
116 119 1
116 208 1
116 218 1
116 262 1
117 54 1
117 177 1
117 285 1
118 5 1
118 7 1
118 13 1
118 43 1
118 59 1
118 60 1
118 63 1
118 64 1
118 68 1
118 72 1
118 86 1
118 91 1
118 107 1
118 111 1
118 122 1
118 137 1
118 138 1
118 143 1
118 184 1
118 192 1
118 196 1
118 205 1
118 208 1
118 227 1
118 240 1
118 285 1
119 13 1
119 14 1
119 28 1
119 59 1
119 64 1
119 70 1
119 91 1
119 96 1
119 99 1
119 103 1
119 106 1
119 120 1
119 124 1
119 126 1
119 131 1
119 138 1
119 149 1
119 150 1
119 171 1
119 173 1
119 193 1
119 196 1
119 199 1
119 204 1
119 205 1
119 225 1
119 227 1
119 229 1
119 246 1
119 247 1
119 285 1
120 7 1
120 14 1
120 17 1
120 48 1
120 49 1
120 63 1
120 85 1
120 96 1
120 103 1
120 124 1
120 146 1
120 149 1
120 171 1
120 192 1
120 202 1
120 205 1
120 210 1
120 225 1
120 227 1
120 247 1
121 32 1
121 104 1
121 151 1
121 219 1
122 84 1
122 118 1
122 246 1
123 100 1
123 102 1
123 125 1
123 142 1
123 178 1
123 194 1
123 210 1
123 215 1
123 220 1
123 257 1
123 296 1
124 9 1
124 41 1
124 48 1
124 72 1
124 120 1
124 121 1
124 149 1
124 206 1
124 210 1
124 216 1
124 233 1
125 9 1
125 100 1
125 117 1
125 123 1
125 124 1
125 167 1
125 210 1
125 288 1
126 3 1
126 7 1
126 12 1
126 14 1
126 17 1
126 19 1
126 58 1
126 59 1
126 64 1
126 68 1
126 91 1
126 94 1
126 115 1
126 131 1
126 143 1
126 150 1
126 163 1
126 173 1
126 178 1
126 194 1
126 196 1
126 202 1
126 204 1
126 208 1
126 227 1
127 130 1
127 205 1
127 285 1
128 209 1
128 216 1
129 147 1
129 151 1
129 258 1
130 41 1
130 127 1
130 140 1
130 141 1
130 205 1
130 214 1
131 6 1
131 17 1
131 60 1
131 64 1
131 68 1
131 72 1
131 74 1
131 76 1
131 118 1
131 126 1
131 128 1
131 137 1
131 143 1
131 164 1
131 173 1
131 203 1
131 204 1
131 208 1
132 30 1
132 87 1
132 92 1
132 134 1
132 219 1
132 233 1
132 243 1
132 255 1
133 15 1
133 21 1
133 41 1
133 48 1
133 53 1
133 99 1
133 107 1
133 112 1
133 132 1
133 134 1
133 148 1
133 162 1
133 207 1
133 211 1
133 236 1
134 112 1
134 132 1
134 182 1
134 233 1
134 255 1
136 43 1
136 70 1
136 134 1
136 158 1
136 247 1
136 293 1
137 212 1
138 4 1
138 7 1
138 13 1
138 19 1
138 59 1
138 64 1
138 68 1
138 94 1
138 122 1
138 126 1
138 131 1
138 134 1
138 150 1
138 202 1
138 203 1
138 204 1
138 205 1
138 207 1
138 227 1
138 240 1
138 246 1
138 281 1
139 53 1
139 60 1
139 103 1
139 143 1
139 173 1
139 285 1
140 14 1
140 171 1
140 210 1
140 280 1
141 4 1
141 130 1
141 206 1
142 28 1
142 71 1
142 91 1
142 96 1
142 117 1
142 123 1
142 165 1
142 177 1
142 197 1
143 5 1
143 13 1
143 44 1
143 60 1
143 63 1
143 68 1
143 72 1
143 105 1
143 110 1
143 118 1
143 122 1
143 131 1
143 205 1
143 210 1
143 219 1
143 244 1
145 63 1
145 195 1
146 21 1
146 79 1
146 85 1
146 102 1
146 103 1
146 119 1
146 140 1
146 194 1
146 196 1
146 247 1
146 259 1
146 276 1
147 192 1
147 248 1
148 118 1
148 133 1
148 135 1
149 28 1
149 91 1
149 150 1
149 197 1
149 231 1
149 232 1
149 257 1
149 279 1
150 163 1
150 205 1
151 49 1
152 4 1
152 12 1
152 17 1
152 44 1
152 94 1
152 105 1
152 135 1
152 138 1
152 164 1
152 204 1
152 246 1
152 256 1
153 10 1
153 136 1
153 155 1
153 189 1
153 192 1
153 237 1
153 254 1
154 17 1
154 54 1
154 73 1
154 192 1
154 202 1
154 203 1
155 18 1
155 130 1
155 136 1
155 141 1
155 165 1
155 186 1
155 258 1
156 4 1
156 101 1
156 104 1
156 150 1
156 163 1
156 199 1
156 211 1
156 219 1
156 238 1
157 22 1
157 33 1
157 56 1
157 135 1
157 171 1
157 202 1
157 229 1
158 17 1
158 43 1
158 51 1
158 60 1
158 101 1
158 110 1
158 192 1
158 208 1
158 277 1
159 17 1
159 69 1
159 180 1
159 225 1
159 258 1
160 54 1
160 59 1
160 71 1
160 99 1
160 119 1
160 134 1
160 156 1
160 188 1
160 199 1
161 18 1
161 59 1
161 81 1
161 99 1
161 107 1
161 117 1
161 119 1
161 173 1
161 229 1
161 273 1
162 66 1
162 111 1
162 118 1
162 120 1
162 173 1
162 202 1
162 219 1
162 238 1
162 252 1
163 10 1
163 42 1
163 62 1
163 114 1
163 150 1
163 169 1
163 170 1
163 180 1
163 212 1
164 9 1
164 28 1
164 31 1
164 63 1
164 82 1
164 115 1
164 128 1
164 157 1
164 227 1
164 275 1
165 33 1
165 51 1
165 93 1
165 137 1
165 208 1
165 231 1
166 4 1
166 97 1
166 168 1
166 267 1
166 285 1
167 107 1
167 123 1
167 125 1
167 134 1
167 188 1
167 192 1
167 209 1
167 250 1
167 259 1
167 271 1
167 276 1
168 4 1
168 22 1
168 56 1
168 92 1
168 206 1
168 214 1
168 219 1
168 226 1
168 264 1
168 279 1
169 3 1
169 17 1
169 42 1
169 43 1
169 53 1
169 69 1
169 110 1
169 182 1
170 17 1
170 19 1
170 35 1
170 71 1
170 173 1
170 273 1
171 14 1
171 51 1
171 91 1
171 107 1
171 140 1
171 237 1
172 20 1
172 78 1
172 132 1
172 178 1
172 200 1
172 201 1
173 1 1
173 2 1
173 11 1
173 19 1
173 57 1
173 59 1
173 60 1
173 64 1
173 68 1
173 70 1
173 85 1
173 91 1
173 94 1
173 96 1
173 100 1
173 103 1
173 106 1
173 119 1
173 120 1
173 124 1
173 136 1
173 143 1
173 146 1
173 192 1
173 202 1
173 227 1
174 34 1
174 54 1
174 58 1
174 87 1
174 89 1
174 97 1
174 112 1
174 224 1
174 229 1
174 237 1
174 265 1
175 43 1
175 84 1
175 159 1
175 176 1
175 224 1
176 1 1
176 16 1
176 84 1
176 109 1
176 227 1
177 31 1
177 63 1
177 66 1
177 88 1
177 99 1
177 102 1
177 142 1
178 4 1
178 13 1
178 20 1
178 43 1
178 128 1
178 130 1
178 193 1
178 195 1
178 200 1
178 214 1
178 220 1
178 234 1
178 283 1
179 3 1
179 7 1
179 68 1
179 85 1
179 126 1
179 138 1
179 199 1
179 200 1
179 225 1
179 227 1
180 19 1
180 87 1
180 92 1
180 96 1
180 134 1
180 156 1
180 183 1
180 254 1
181 9 1
181 51 1
181 71 1
181 115 1
181 196 1
181 213 1
181 216 1
182 3 1
182 6 1
182 59 1
182 185 1
182 198 1
182 260 1
183 6 1
183 22 1
183 28 1
183 57 1
183 60 1
183 116 1
183 146 1
183 152 1
183 229 1
184 99 1
184 249 1
184 255 1
184 276 1
185 15 1
185 35 1
185 47 1
185 72 1
186 13 1
186 36 1
186 63 1
186 108 1
186 194 1
186 202 1
186 213 1
186 230 1
187 5 1
187 83 1
187 140 1
187 154 1
187 196 1
187 245 1
188 1 1
188 53 1
188 87 1
188 104 1
188 112 1
188 115 1
188 117 1
188 126 1
188 137 1
188 190 1
188 196 1
188 205 1
188 212 1
188 226 1
188 257 1
188 260 1
189 33 1
189 143 1
189 166 1
190 3 1
190 9 1
190 21 1
190 69 1
190 87 1
190 98 1
190 118 1
190 126 1
190 137 1
190 175 1
190 188 1
190 204 1
190 206 1
190 216 1
190 233 1
190 241 1
190 246 1
191 3 1
191 4 1
191 5 1
191 6 1
191 7 1
191 13 1
191 16 1
191 21 1
191 47 1
191 60 1
191 68 1
191 87 1
191 92 1
191 93 1
191 112 1
191 117 1
191 118 1
191 126 1
191 131 1
191 134 1
191 138 1
191 143 1
191 150 1
191 192 1
191 203 1
191 205 1
191 225 1
191 227 1
191 238 1
191 242 1
191 291 1
192 33 1
192 37 1
192 38 1
192 43 1
192 88 1
192 94 1
192 101 1
192 102 1
192 179 1
192 186 1
192 214 1
193 1 1
193 10 1
193 167 1
193 239 1
193 297 1
194 5 1
194 118 1
194 123 1
194 125 1
194 141 1
194 229 1
194 246 1
194 271 1
194 278 1
194 279 1
195 30 1
195 145 1
195 180 1
195 182 1
195 290 1
196 5 1
196 43 1
196 117 1
196 152 1
196 158 1
196 169 1
196 192 1
196 231 1
197 142 1
197 199 1
197 226 1
197 269 1
198 3 1
198 91 1
198 98 1
198 101 1
198 133 1
198 170 1
198 189 1
198 190 1
198 206 1
198 209 1
198 241 1
198 251 1
198 254 1
198 263 1
199 9 1
199 55 1
199 124 1
199 156 1
199 197 1
199 219 1
199 221 1
199 248 1
200 3 1
200 5 1
200 8 1
200 22 1
200 112 1
200 122 1
200 146 1
200 172 1
200 227 1
200 245 1
200 246 1
201 14 1
201 21 1
201 22 1
201 78 1
201 94 1
201 101 1
201 114 1
201 120 1
201 122 1
201 124 1
201 161 1
201 172 1
201 178 1
201 216 1
201 217 1
202 23 1
202 106 1
202 120 1
202 183 1
202 203 1
202 227 1
203 10 1
203 14 1
203 60 1
203 68 1
203 75 1
203 85 1
203 118 1
203 131 1
203 138 1
203 143 1
203 202 1
203 284 1
204 6 1
204 49 1
204 58 1
204 218 1
204 266 1
205 7 1
205 13 1
205 28 1
205 68 1
205 73 1
205 114 1
205 150 1
205 258 1
206 54 1
206 86 1
206 126 1
206 143 1
206 173 1
206 190 1
206 242 1
206 256 1
207 41 1
207 51 1
207 281 1
208 64 1
208 92 1
208 116 1
208 173 1
208 217 1
208 218 1
209 128 1
210 46 1
210 54 1
210 121 1
210 124 1
210 151 1
211 113 1
211 124 1
211 144 1
211 162 1
211 172 1
211 227 1
212 51 1
212 137 1
212 254 1
212 257 1
212 283 1
213 55 1
213 72 1
213 186 1
213 221 1
213 262 1
213 264 1
214 4 1
214 31 1
214 88 1
214 110 1
214 118 1
214 121 1
214 122 1
214 130 1
214 136 1
214 164 1
214 180 1
215 1 1
215 113 1
215 123 1
215 160 1
215 193 1
215 194 1
215 229 1
216 4 1
216 22 1
216 166 1
216 192 1
217 13 1
217 114 1
217 192 1
217 208 1
218 116 1
218 208 1
218 219 1
218 257 1
219 3 1
219 12 1
219 16 1
219 30 1
219 150 1
219 237 1
219 238 1
219 280 1
219 282 1
220 3 1
220 18 1
220 57 1
220 58 1
220 112 1
220 126 1
220 135 1
220 146 1
220 178 1
220 183 1
220 194 1
220 199 1
220 200 1
220 204 1
220 257 1
220 283 1
221 16 1
221 185 1
221 213 1
221 287 1
222 3 1
222 138 1
222 150 1
222 158 1
222 216 1
222 226 1
222 245 1
222 279 1
223 246 1
224 209 1
225 7 1
225 114 1
225 157 1
226 32 1
226 112 1
226 159 1
226 225 1
227 1 1
227 7 1
227 68 1
227 106 1
227 138 1
227 200 1
227 202 1
228 11 1
228 53 1
228 78 1
228 104 1
228 140 1
228 147 1
228 168 1
228 185 1
228 188 1
228 204 1
229 59 1
229 194 1
230 186 1
230 284 1
232 13 1
232 16 1
232 33 1
232 42 1
232 54 1
232 85 1
232 102 1
232 107 1
232 138 1
232 167 1
232 195 1
232 196 1
232 210 1
232 227 1
232 238 1
233 11 1
233 69 1
233 170 1
233 285 1
234 3 1
234 4 1
234 33 1
234 42 1
234 43 1
234 62 1
234 67 1
234 128 1
234 165 1
234 178 1
234 180 1
234 188 1
234 208 1
234 209 1
234 242 1
235 3 1
235 13 1
235 16 1
235 32 1
235 95 1
235 112 1
235 153 1
235 171 1
235 199 1
235 217 1
236 160 1
236 168 1
237 61 1
237 77 1
238 156 1
238 162 1
239 39 1
239 65 1
239 67 1
239 118 1
239 138 1
239 162 1
239 207 1
240 68 1
241 198 1
242 106 1
245 3 1
245 27 1
245 84 1
245 222 1
246 85 1
246 122 1
246 242 1
246 285 1
247 25 1
247 139 1
247 285 1
248 199 1
249 60 1
250 58 1
250 62 1
250 107 1
250 109 1
250 126 1
250 177 1
250 233 1
251 192 1
253 112 1
253 133 1
253 136 1
253 137 1
253 260 1
254 17 1
254 152 1
254 219 1
254 246 1
255 3 1
255 126 1
255 217 1
256 104 1
256 133 1
256 173 1
256 206 1
257 119 1
257 188 1
257 193 1
257 212 1
257 262 1
258 77 1
258 129 1
258 174 1
259 121 1
263 204 1
263 223 1
264 20 1
264 109 1
265 67 1
265 112 1
266 92 1
266 279 1
267 39 1
267 204 1
268 136 1
268 146 1
269 3 1
269 5 1
269 32 1
269 35 1
269 42 1
269 115 1
269 172 1
269 249 1
270 13 1
270 28 1
270 33 1
270 120 1
270 130 1
270 131 1
270 154 1
270 193 1
270 200 1
270 209 1
270 211 1
271 78 1
272 3 1
272 13 1
272 58 1
272 83 1
272 114 1
272 133 1
272 172 1
272 178 1
272 188 1
272 225 1
273 281 1
274 1 1
274 4 1
274 15 1
274 32 1
274 53 1
274 67 1
274 135 1
274 254 1
274 262 1
275 73 1
276 8 1
276 59 1
276 60 1
276 88 1
276 99 1
276 119 1
276 128 1
276 184 1
276 199 1
276 207 1
277 13 1
277 20 1
277 48 1
277 51 1
277 96 1
277 99 1
277 108 1
277 119 1
277 154 1
277 169 1
277 173 1
277 196 1
278 43 1
278 55 1
278 88 1
278 92 1
278 113 1
278 181 1
278 207 1
278 262 1
280 215 1
283 10 1
284 208 1
284 230 1
