1 117 1
1 165 1
2 13 1
2 15 1
2 22 1
2 32 1
2 60 1
2 66 1
2 68 1
2 73 1
2 88 1
2 99 1
2 114 1
2 119 1
2 130 1
2 138 1
2 170 1
2 173 1
2 192 1
2 195 1
2 196 1
2 203 1
2 205 1
2 214 1
2 227 1
2 293 1
3 7 1
3 13 1
3 17 1
3 19 1
3 32 1
3 48 1
3 49 1
3 51 1
3 53 1
3 59 1
3 60 1
3 68 1
3 72 1
3 78 1
3 83 1
3 88 1
3 92 1
3 94 1
3 103 1
3 110 1
3 111 1
3 118 1
3 124 1
3 126 1
3 150 1
3 157 1
3 160 1
3 164 1
3 173 1
3 178 1
3 192 1
3 202 1
3 205 1
3 208 1
3 210 1
3 216 1
3 219 1
3 241 1
3 254 1
3 263 1
3 283 1
4 1 1
4 3 1
4 9 1
4 13 1
4 17 1
4 27 1
4 54 1
4 60 1
4 61 1
4 64 1
4 72 1
4 87 1
4 92 1
4 99 1
4 102 1
4 106 1
4 108 1
4 112 1
4 115 1
4 118 1
4 120 1
4 126 1
4 134 1
4 138 1
4 143 1
4 146 1
4 147 1
4 169 1
4 188 1
4 208 1
4 225 1
4 227 1
4 279 1
5 7 1
5 19 1
5 24 1
5 28 1
5 43 1
5 60 1
5 64 1
5 68 1
5 91 1
5 92 1
5 96 1
5 97 1
5 101 1
5 112 1
5 114 1
5 119 1
5 122 1
5 126 1
5 135 1
5 138 1
5 139 1
5 143 1
5 149 1
5 169 1
5 173 1
5 179 1
5 194 1
5 202 1
5 203 1
5 204 1
5 214 1
5 220 1
5 221 1
5 226 1
5 227 1
6 64 1
6 148 1
6 169 1
6 170 1
6 229 1
6 240 1
6 252 1
6 262 1
7 3 1
7 17 1
7 32 1
7 48 1
7 53 1
7 54 1
7 59 1
7 72 1
7 88 1
7 91 1
7 103 1
7 104 1
7 112 1
7 118 1
7 122 1
7 124 1
7 131 1
7 138 1
7 150 1
7 154 1
7 173 1
7 202 1
7 205 1
7 206 1
7 208 1
7 210 1
7 214 1
8 9 1
8 10 1
8 15 1
8 18 1
8 52 1
8 55 1
8 60 1
8 82 1
8 90 1
8 120 1
8 126 1
8 136 1
8 162 1
8 269 1
9 8 1
9 60 1
9 106 1
9 118 1
9 120 1
9 126 1
9 160 1
9 173 1
9 208 1
9 217 1
10 70 1
10 77 1
10 84 1
10 144 1
10 214 1
10 237 1
10 254 1
10 266 1
11 7 1
11 38 1
11 134 1
11 142 1
11 158 1
11 171 1
11 197 1
11 212 1
11 214 1
12 62 1
12 128 1
12 151 1
12 198 1
12 199 1
12 242 1
12 295 1
13 3 1
13 4 1
13 5 1
13 7 1
13 17 1
13 32 1
13 49 1
13 54 1
13 59 1
13 60 1
13 64 1
13 68 1
13 72 1
13 88 1
13 90 1
13 96 1
13 103 1
13 104 1
13 112 1
13 115 1
13 118 1
13 124 1
13 126 1
13 149 1
13 150 1
13 169 1
13 173 1
13 178 1
13 192 1
13 194 1
13 205 1
13 206 1
13 208 1
13 210 1
13 215 1
13 225 1
13 227 1
13 228 1
13 229 1
13 233 1
13 246 1
13 248 1
13 254 1
13 256 1
13 257 1
14 3 1
14 4 1
14 9 1
14 13 1
14 15 1
14 30 1
14 48 1
14 60 1
14 66 1
14 85 1
14 87 1
14 91 1
14 112 1
14 118 1
14 120 1
14 126 1
14 131 1
14 143 1
14 149 1
14 173 1
14 199 1
14 202 1
14 205 1
14 225 1
14 227 1
14 246 1
15 3 1
15 4 1
15 13 1
15 14 1
15 48 1
15 64 1
15 91 1
15 103 1
15 115 1
15 120 1
15 126 1
15 131 1
15 143 1
15 173 1
15 178 1
15 205 1
15 246 1
16 96 1
16 117 1
16 119 1
16 200 1
17 88 1
17 178 1
17 205 1
18 3 1
18 68 1
18 137 1
18 151 1
18 173 1
18 214 1
19 94 1
19 110 1
19 122 1
19 278 1
20 5 1
20 57 1
20 107 1
20 168 1
20 203 1
20 238 1
21 59 1
21 64 1
21 73 1
21 140 1
21 151 1
21 214 1
21 221 1
21 246 1
21 277 1
22 3 1
22 13 1
22 27 1
22 64 1
22 96 1
22 107 1
22 159 1
22 164 1
22 192 1
22 207 1
22 247 1
22 249 1
22 278 1
23 3 1
23 13 1
23 14 1
23 21 1
23 91 1
23 99 1
23 116 1
23 118 1
23 119 1
23 126 1
23 131 1
23 140 1
23 143 1
23 173 1
24 9 1
24 11 1
24 13 1
24 19 1
24 31 1
24 90 1
24 110 1
24 115 1
24 118 1
24 120 1
24 122 1
24 126 1
24 156 1
24 179 1
24 180 1
24 219 1
24 226 1
24 262 1
24 284 1
25 42 1
25 51 1
25 168 1
25 181 1
25 279 1
26 71 1
26 87 1
26 98 1
26 100 1
26 209 1
27 128 1
27 199 1
28 37 1
28 75 1
28 119 1
28 165 1
28 202 1
29 93 1
29 135 1
29 188 1
29 233 1
30 5 1
30 9 1
30 76 1
30 91 1
30 208 1
30 272 1
31 84 1
31 142 1
31 199 1
32 21 1
32 39 1
32 64 1
32 93 1
32 101 1
32 103 1
32 120 1
32 124 1
33 10 1
33 91 1
33 177 1
33 284 1
33 285 1
34 3 1
34 27 1
34 141 1
34 172 1
34 173 1
34 195 1
34 200 1
34 231 1
34 234 1
34 256 1
34 277 1
34 285 1
34 286 1
35 59 1
35 68 1
35 94 1
35 118 1
35 279 1
36 3 1
36 4 1
36 5 1
36 12 1
36 13 1
36 53 1
36 55 1
36 74 1
36 126 1
36 133 1
36 135 1
36 138 1
36 173 1
36 196 1
36 219 1
36 246 1
37 106 1
37 120 1
37 137 1
37 158 1
37 221 1
37 239 1
37 245 1
38 69 1
38 135 1
38 189 1
38 209 1
38 258 1
39 102 1
39 144 1
39 166 1
40 5 1
40 42 1
40 43 1
40 63 1
40 85 1
40 167 1
40 180 1
40 183 1
40 262 1
40 265 1
41 141 1
41 165 1
41 184 1
41 188 1
41 196 1
42 13 1
42 118 1
42 129 1
42 179 1
42 219 1
42 248 1
43 32 1
43 57 1
43 87 1
43 111 1
43 122 1
43 138 1
43 192 1
43 205 1
43 246 1
43 275 1
44 3 1
44 5 1
44 17 1
44 19 1
44 85 1
44 126 1
44 149 1
44 153 1
44 156 1
44 172 1
44 196 1
44 216 1
44 256 1
44 271 1
44 285 1
45 1 1
45 2 1
45 3 1
45 4 1
45 5 1
45 7 1
45 11 1
45 13 1
45 14 1
45 17 1
45 19 1
45 20 1
45 22 1
45 28 1
45 31 1
45 32 1
45 33 1
45 35 1
45 36 1
45 43 1
45 44 1
45 48 1
45 49 1
45 53 1
45 54 1
45 58 1
45 59 1
45 60 1
45 63 1
45 64 1
45 67 1
45 68 1
45 70 1
45 71 1
45 72 1
45 74 1
45 75 1
45 76 1
45 78 1
45 85 1
45 87 1
45 91 1
45 94 1
45 96 1
45 98 1
45 99 1
45 101 1
45 103 1
45 104 1
45 106 1
45 108 1
45 109 1
45 110 1
45 111 1
45 112 1
45 113 1
45 114 1
45 115 1
45 116 1
45 118 1
45 119 1
45 120 1
45 121 1
45 122 1
45 123 1
45 124 1
45 125 1
45 126 1
45 130 1
45 131 1
45 133 1
45 134 1
45 135 1
45 137 1
45 138 1
45 139 1
45 141 1
45 142 1
45 143 1
45 146 1
45 150 1
45 169 1
45 171 1
45 172 1
45 173 1
45 174 1
45 176 1
45 177 1
45 178 1
45 180 1
45 182 1
45 188 1
45 189 1
45 190 1
45 192 1
45 196 1
45 197 1
45 199 1
45 200 1
45 201 1
45 202 1
45 203 1
45 204 1
45 205 1
45 206 1
45 208 1
45 210 1
45 211 1
45 214 1
45 215 1
45 216 1
45 217 1
45 220 1
45 225 1
45 227 1
45 229 1
45 238 1
45 242 1
45 243 1
45 246 1
45 249 1
45 255 1
45 256 1
45 257 1
45 259 1
45 260 1
45 277 1
45 278 1
45 279 1
45 280 1
45 281 1
45 284 1
45 285 1
45 296 1
46 64 1
46 71 1
46 123 1
46 207 1
46 271 1
47 13 1
47 43 1
47 63 1
47 86 1
47 96 1
47 112 1
47 132 1
47 143 1
47 155 1
47 192 1
47 194 1
47 202 1
47 206 1
47 215 1
48 3 1
48 4 1
48 7 1
48 14 1
48 15 1
48 19 1
48 51 1
48 72 1
48 74 1
48 91 1
48 94 1
48 103 1
48 110 1
48 115 1
48 173 1
48 205 1
48 208 1
48 219 1
49 4 1
49 8 1
49 35 1
49 59 1
49 60 1
49 63 1
49 78 1
49 85 1
49 94 1
49 107 1
49 143 1
49 173 1
49 190 1
49 192 1
49 208 1
49 233 1
49 257 1
49 259 1
49 276 1
49 285 1
50 31 1
50 58 1
50 71 1
50 72 1
50 118 1
50 187 1
50 207 1
50 218 1
50 225 1
50 242 1
50 246 1
50 260 1
50 285 1
51 5 1
51 70 1
51 121 1
51 132 1
51 231 1
51 275 1
52 43 1
52 58 1
52 73 1
52 100 1
52 118 1
52 121 1
52 193 1
52 195 1
52 217 1
53 64 1
53 66 1
53 67 1
53 85 1
53 131 1
53 152 1
53 178 1
54 4 1
56 15 1
56 28 1
56 32 1
56 159 1
56 246 1
57 31 1
57 128 1
57 219 1
59 35 1
59 64 1
59 68 1
59 102 1
59 117 1
59 196 1
59 248 1
60 8 1
60 48 1
60 91 1
60 126 1
60 135 1
60 138 1
60 150 1
60 173 1
60 194 1
60 206 1
60 210 1
60 217 1
60 227 1
61 16 1
61 22 1
61 162 1
61 204 1
61 273 1
62 112 1
62 143 1
62 181 1
63 67 1
64 14 1
64 104 1
64 112 1
64 120 1
64 149 1
65 4 1
65 33 1
65 54 1
65 57 1
65 130 1
65 136 1
65 204 1
65 218 1
65 255 1
65 260 1
65 283 1
66 20 1
66 21 1
66 143 1
66 205 1
66 258 1
67 63 1
67 96 1
67 203 1
68 35 1
68 57 1
68 59 1
68 126 1
68 138 1
68 143 1
69 64 1
69 89 1
69 159 1
69 264 1
70 91 1
70 208 1
71 140 1
72 55 1
72 58 1
72 108 1
72 127 1
72 137 1
72 206 1
72 225 1
73 65 1
73 102 1
73 105 1
73 131 1
73 136 1
73 152 1
73 180 1
73 185 1
73 197 1
73 200 1
73 239 1
74 3 1
74 4 1
74 13 1
74 36 1
74 48 1
74 60 1
74 63 1
74 75 1
74 91 1
74 110 1
74 126 1
74 133 1
74 138 1
74 150 1
74 173 1
74 227 1
74 254 1
75 3 1
75 5 1
75 7 1
75 13 1
75 16 1
75 28 1
75 60 1
75 74 1
75 91 1
75 92 1
75 124 1
75 126 1
75 131 1
75 173 1
75 208 1
75 227 1
75 229 1
75 256 1
76 19 1
76 30 1
76 72 1
76 77 1
76 115 1
76 117 1
76 137 1
76 138 1
76 146 1
76 171 1
76 199 1
76 206 1
76 279 1
77 62 1
77 259 1
78 4 1
78 85 1
78 94 1
78 103 1
78 108 1
78 114 1
78 128 1
78 150 1
78 208 1
78 255 1
79 2 1
79 4 1
79 13 1
79 166 1
79 199 1
79 206 1
80 42 1
80 53 1
80 168 1
80 196 1
81 88 1
82 113 1
82 214 1
83 9 1
83 15 1
84 97 1
84 230 1
85 2 1
85 3 1
85 4 1
85 12 1
85 13 1
85 27 1
85 28 1
85 35 1
85 43 1
85 68 1
85 72 1
85 104 1
85 114 1
85 116 1
85 118 1
85 119 1
85 122 1
85 124 1
85 133 1
85 138 1
85 143 1
85 148 1
85 150 1
85 151 1
85 173 1
85 192 1
85 194 1
85 196 1
85 203 1
85 204 1
85 205 1
85 206 1
85 227 1
85 230 1
85 238 1
85 267 1
86 31 1
86 37 1
86 67 1
86 69 1
86 87 1
86 110 1
86 137 1
86 139 1
86 165 1
86 185 1
86 202 1
87 3 1
87 5 1
87 16 1
87 18 1
87 29 1
87 39 1
87 53 1
87 56 1
87 66 1
87 68 1
87 70 1
87 85 1
87 88 1
87 103 1
87 106 1
87 107 1
87 118 1
87 119 1
87 123 1
87 128 1
87 134 1
87 138 1
87 143 1
87 144 1
87 146 1
87 150 1
87 169 1
87 173 1
87 188 1
87 194 1
87 205 1
87 206 1
87 208 1
87 217 1
87 226 1
87 280 1
88 58 1
88 60 1
88 91 1
88 189 1
88 205 1
88 217 1
88 279 1
89 53 1
89 59 1
89 95 1
89 170 1
89 204 1
90 9 1
90 28 1
90 43 1
90 88 1
90 92 1
90 107 1
90 216 1
90 251 1
91 60 1
91 70 1
91 104 1
91 150 1
91 151 1
91 177 1
91 246 1
92 53 1
92 178 1
93 136 1
94 19 1
94 93 1
94 104 1
94 110 1
94 145 1
94 167 1
94 236 1
95 133 1
95 158 1
95 220 1
96 67 1
96 116 1
96 122 1
96 194 1
96 229 1
96 237 1
97 29 1
97 62 1
97 143 1
97 268 1
98 5 1
98 43 1
98 77 1
98 85 1
98 119 1
98 126 1
98 138 1
98 139 1
98 151 1
98 170 1
98 176 1
98 202 1
98 229 1
98 285 1
99 2 1
99 3 1
99 5 1
99 11 1
99 13 1
99 28 1
99 42 1
99 43 1
99 68 1
99 88 1
99 130 1
99 131 1
99 133 1
99 138 1
99 143 1
99 192 1
99 205 1
99 227 1
99 250 1
100 21 1
100 195 1
100 207 1
100 239 1
100 266 1
101 32 1
101 210 1
101 215 1
102 152 1
102 181 1
102 199 1
102 231 1
102 245 1
102 289 1
103 7 1
103 16 1
103 32 1
103 59 1
103 78 1
103 101 1
103 106 1
103 112 1
103 124 1
103 150 1
103 205 1
103 208 1
104 17 1
104 32 1
104 41 1
104 64 1
104 87 1
104 123 1
104 180 1
104 192 1
104 196 1
104 230 1
104 236 1
105 4 1
105 25 1
105 39 1
105 83 1
105 149 1
105 151 1
105 200 1
106 9 1
106 16 1
106 118 1
106 134 1
106 173 1
106 188 1
106 212 1
106 245 1
107 20 1
107 104 1
107 136 1
107 170 1
107 194 1
107 229 1
107 291 1
108 18 1
108 51 1
108 72 1
108 80 1
108 106 1
108 204 1
108 257 1
109 41 1
109 77 1
109 103 1
109 117 1
109 136 1
109 199 1
109 204 1
109 207 1
109 234 1
109 246 1
109 253 1
110 10 1
110 19 1
110 196 1
110 201 1
110 227 1
110 242 1
111 43 1
111 177 1
111 179 1
111 205 1
112 14 1
112 87 1
112 94 1
112 102 1
112 143 1
112 202 1
112 205 1
113 9 1
113 13 1
113 51 1
113 102 1
113 119 1
113 186 1
113 258 1
114 2 1
114 4 1
114 13 1
114 56 1
114 78 1
114 126 1
114 133 1
114 138 1
114 146 1
114 192 1
114 208 1
114 227 1
115 3 1
115 5 1
115 13 1
115 50 1
115 54 1
115 68 1
115 72 1
115 76 1
115 83 1
115 112 1
115 117 1
115 138 1
115 146 1
115 166 1
115 167 1
115 171 1
115 173 1
115 192 1
115 197 1
115 204 1
115 206 1
115 225 1
115 237 1
115 246 1
115 247 1
116 96 1
116 119 1
116 122 1
116 126 1
116 143 1
116 149 1
116 203 1
116 225 1
116 285 1
117 65 1
117 94 1
117 202 1
118 6 1
118 14 1
118 32 1
118 51 1
118 64 1
118 67 1
118 88 1
118 96 1
118 106 1
118 111 1
118 112 1
118 116 1
118 120 1
118 126 1
118 134 1
118 147 1
118 162 1
118 199 1
118 202 1
118 203 1
118 226 1
118 227 1
118 246 1
118 260 1
118 264 1
118 282 1
119 3 1
119 9 1
119 13 1
119 14 1
119 16 1
119 19 1
119 32 1
119 33 1
119 67 1
119 72 1
119 85 1
119 86 1
119 91 1
119 96 1
119 106 1
119 118 1
119 122 1
119 140 1
119 143 1
119 161 1
119 163 1
119 178 1
119 188 1
119 192 1
119 196 1
119 203 1
119 205 1
119 212 1
119 224 1
119 242 1
119 246 1
120 14 1
120 32 1
120 64 1
120 87 1
120 102 1
120 106 1
120 111 1
120 116 1
120 118 1
120 124 1
120 126 1
120 131 1
120 134 1
120 143 1
120 186 1
120 202 1
120 205 1
120 226 1
120 227 1
120 267 1
121 78 1
121 99 1
121 133 1
121 247 1
122 19 1
122 96 1
122 116 1
123 16 1
123 35 1
123 69 1
123 87 1
123 119 1
123 169 1
123 172 1
123 200 1
123 217 1
123 220 1
123 226 1
124 4 1
124 7 1
124 32 1
124 92 1
124 105 1
124 125 1
124 126 1
124 131 1
124 149 1
124 154 1
124 173 1
125 10 1
125 124 1
125 126 1
125 137 1
125 146 1
125 149 1
125 163 1
125 254 1
126 5 1
126 7 1
126 13 1
126 32 1
126 64 1
126 67 1
126 72 1
126 92 1
126 101 1
126 104 1
126 112 1
126 116 1
126 120 1
126 124 1
126 125 1
126 131 1
126 143 1
126 149 1
126 173 1
126 194 1
126 202 1
126 208 1
126 225 1
126 227 1
126 229 1
127 72 1
127 85 1
127 233 1
128 245 1
128 259 1
129 42 1
129 138 1
129 211 1
130 33 1
130 91 1
130 99 1
130 138 1
130 172 1
130 249 1
131 7 1
131 13 1
131 14 1
131 53 1
131 64 1
131 66 1
131 85 1
131 99 1
131 102 1
131 104 1
131 118 1
131 122 1
131 124 1
131 126 1
131 149 1
131 155 1
131 173 1
131 227 1
132 59 1
132 91 1
132 96 1
132 100 1
132 185 1
132 219 1
132 234 1
132 240 1
133 3 1
133 5 1
133 6 1
133 21 1
133 43 1
133 99 1
133 114 1
133 117 1
133 138 1
133 156 1
133 176 1
133 190 1
133 192 1
133 195 1
133 227 1
134 106 1
134 143 1
134 216 1
134 245 1
134 292 1
136 3 1
136 27 1
136 46 1
136 68 1
136 133 1
136 219 1
137 76 1
138 3 1
138 7 1
138 13 1
138 17 1
138 43 1
138 53 1
138 54 1
138 68 1
138 88 1
138 91 1
138 113 1
138 119 1
138 130 1
138 150 1
138 163 1
138 194 1
138 205 1
138 208 1
138 226 1
138 227 1
138 231 1
138 284 1
139 148 1
139 150 1
139 204 1
139 235 1
139 284 1
139 285 1
140 42 1
140 71 1
140 164 1
140 165 1
141 41 1
141 168 1
141 232 1
142 1 1
142 11 1
142 31 1
142 61 1
142 119 1
142 133 1
142 199 1
142 202 1
142 214 1
143 14 1
143 91 1
143 112 1
143 116 1
143 118 1
143 119 1
143 128 1
143 134 1
143 138 1
143 151 1
143 173 1
143 186 1
143 188 1
143 203 1
143 208 1
143 246 1
145 94 1
145 226 1
146 16 1
146 17 1
146 39 1
146 55 1
146 90 1
146 102 1
146 111 1
146 114 1
146 123 1
146 171 1
146 182 1
146 218 1
147 109 1
147 226 1
148 6 1
148 209 1
148 285 1
149 17 1
149 64 1
149 110 1
149 139 1
149 140 1
149 223 1
149 256 1
149 282 1
150 3 1
150 7 1
151 200 1
152 64 1
152 70 1
152 71 1
152 78 1
152 108 1
152 134 1
152 151 1
152 154 1
152 171 1
152 184 1
152 230 1
152 238 1
153 12 1
153 55 1
153 101 1
153 151 1
153 162 1
153 211 1
153 241 1
154 10 1
154 28 1
154 58 1
154 83 1
154 131 1
154 159 1
155 4 1
155 42 1
155 43 1
155 166 1
155 180 1
155 212 1
155 233 1
156 24 1
156 94 1
156 130 1
156 133 1
156 138 1
156 172 1
156 185 1
156 226 1
156 262 1
157 58 1
157 61 1
157 64 1
157 69 1
157 163 1
157 219 1
157 271 1
158 70 1
158 92 1
158 104 1
158 119 1
158 178 1
158 183 1
158 205 1
158 208 1
158 214 1
159 10 1
159 64 1
159 194 1
159 225 1
159 247 1
160 13 1
160 46 1
160 51 1
160 66 1
160 69 1
160 79 1
160 144 1
160 204 1
160 209 1
161 7 1
161 18 1
161 86 1
161 121 1
161 125 1
161 175 1
161 185 1
161 216 1
161 238 1
161 251 1
162 6 1
162 66 1
162 118 1
162 134 1
162 193 1
162 200 1
162 205 1
162 246 1
162 258 1
163 10 1
163 16 1
163 81 1
163 99 1
163 125 1
163 130 1
163 153 1
163 246 1
163 254 1
164 67 1
164 107 1
164 114 1
164 116 1
164 124 1
164 126 1
164 157 1
164 189 1
164 231 1
164 260 1
165 19 1
165 63 1
165 71 1
165 77 1
165 115 1
165 140 1
166 1 1
166 13 1
166 59 1
166 179 1
166 182 1
167 21 1
167 34 1
167 68 1
167 73 1
167 84 1
167 94 1
167 110 1
167 118 1
167 138 1
167 186 1
167 273 1
168 6 1
168 42 1
168 47 1
168 64 1
168 84 1
168 109 1
168 131 1
168 151 1
168 161 1
168 261 1
169 32 1
169 56 1
169 117 1
169 163 1
169 182 1
169 211 1
169 213 1
169 257 1
170 22 1
170 188 1
170 219 1
170 236 1
170 239 1
170 262 1
171 9 1
171 11 1
171 30 1
171 57 1
171 76 1
171 199 1
172 3 1
172 44 1
172 84 1
172 103 1
172 130 1
172 196 1
173 2 1
173 3 1
173 7 1
173 13 1
173 17 1
173 18 1
173 32 1
173 60 1
173 68 1
173 72 1
173 88 1
173 94 1
173 99 1
173 119 1
173 138 1
173 140 1
173 143 1
173 150 1
173 193 1
173 208 1
173 210 1
173 217 1
173 233 1
173 246 1
173 266 1
173 268 1
174 7 1
174 28 1
174 47 1
174 86 1
174 97 1
174 99 1
174 131 1
174 193 1
174 231 1
174 259 1
174 262 1
175 1 1
175 22 1
175 100 1
175 147 1
175 283 1
176 5 1
176 87 1
176 94 1
176 122 1
176 146 1
177 33 1
177 51 1
177 71 1
177 117 1
177 150 1
177 153 1
177 290 1
178 17 1
178 55 1
178 59 1
178 106 1
178 118 1
178 119 1
178 143 1
178 188 1
178 203 1
178 225 1
178 241 1
178 264 1
178 287 1
179 59 1
179 85 1
179 88 1
179 119 1
179 126 1
179 130 1
179 164 1
179 218 1
179 242 1
179 275 1
180 12 1
180 14 1
180 119 1
180 196 1
180 200 1
180 234 1
180 237 1
180 285 1
181 4 1
181 13 1
181 15 1
181 121 1
181 126 1
181 136 1
181 227 1
182 44 1
182 59 1
182 110 1
182 135 1
182 172 1
182 196 1
183 3 1
183 67 1
183 93 1
183 107 1
183 133 1
183 136 1
183 138 1
183 170 1
183 213 1
184 41 1
184 170 1
184 188 1
184 207 1
185 121 1
185 186 1
185 200 1
185 230 1
186 72 1
186 120 1
186 143 1
186 185 1
186 206 1
186 221 1
186 265 1
186 278 1
187 20 1
187 21 1
187 70 1
187 85 1
187 245 1
187 247 1
188 3 1
188 13 1
188 16 1
188 43 1
188 59 1
188 106 1
188 117 1
188 118 1
188 122 1
188 134 1
188 162 1
188 173 1
188 178 1
188 192 1
188 211 1
188 285 1
189 141 1
189 204 1
189 281 1
190 3 1
190 8 1
190 13 1
190 19 1
190 28 1
190 49 1
190 60 1
190 63 1
190 115 1
190 126 1
190 133 1
190 173 1
190 193 1
190 208 1
190 227 1
190 239 1
190 284 1
191 3 1
191 4 1
191 5 1
191 7 1
191 13 1
191 14 1
191 43 1
191 58 1
191 70 1
191 85 1
191 87 1
191 99 1
191 101 1
191 112 1
191 117 1
191 119 1
191 120 1
191 124 1
191 125 1
191 126 1
191 131 1
191 134 1
191 138 1
191 143 1
191 173 1
191 192 1
191 205 1
191 208 1
191 225 1
191 227 1
191 276 1
192 5 1
192 43 1
192 54 1
192 63 1
192 88 1
192 114 1
192 122 1
192 144 1
192 178 1
192 205 1
192 284 1
193 62 1
193 150 1
193 196 1
193 241 1
193 246 1
194 17 1
194 47 1
194 63 1
194 96 1
194 100 1
194 132 1
194 207 1
194 229 1
194 231 1
194 260 1
195 28 1
195 100 1
195 154 1
195 212 1
195 240 1
196 31 1
196 55 1
196 105 1
196 146 1
196 153 1
196 161 1
196 172 1
196 257 1
197 73 1
197 112 1
197 158 1
197 229 1
198 2 1
198 6 1
198 12 1
198 13 1
198 59 1
198 98 1
198 109 1
198 139 1
198 196 1
198 199 1
198 240 1
198 241 1
198 251 1
198 273 1
199 31 1
199 64 1
199 109 1
199 133 1
199 142 1
199 204 1
199 215 1
199 279 1
200 28 1
200 53 1
200 73 1
200 117 1
200 119 1
200 123 1
200 143 1
200 151 1
200 181 1
200 204 1
200 217 1
201 19 1
201 41 1
201 94 1
201 107 1
201 109 1
201 110 1
201 136 1
201 156 1
201 161 1
201 167 1
201 193 1
201 196 1
201 199 1
201 202 1
201 216 1
202 98 1
202 109 1
202 112 1
202 194 1
202 201 1
202 240 1
203 2 1
203 33 1
203 67 1
203 84 1
203 94 1
203 96 1
203 113 1
203 116 1
203 119 1
203 140 1
203 238 1
203 297 1
204 3 1
204 31 1
204 92 1
204 139 1
204 229 1
205 3 1
205 14 1
205 43 1
205 60 1
205 88 1
205 103 1
205 192 1
205 210 1
206 70 1
206 72 1
206 120 1
206 127 1
206 167 1
206 170 1
206 186 1
206 276 1
207 208 1
207 213 1
207 258 1
208 70 1
208 103 1
208 110 1
208 114 1
208 173 1
208 249 1
209 215 1
210 51 1
210 60 1
210 91 1
210 200 1
210 217 1
211 20 1
211 21 1
211 71 1
211 87 1
211 183 1
211 281 1
212 11 1
212 122 1
212 160 1
212 171 1
212 195 1
213 3 1
213 83 1
213 207 1
213 218 1
213 258 1
213 270 1
214 2 1
214 60 1
214 109 1
214 118 1
214 119 1
214 186 1
214 196 1
214 199 1
214 221 1
214 258 1
214 285 1
215 5 1
215 102 1
215 189 1
215 192 1
215 209 1
215 237 1
215 273 1
216 71 1
216 223 1
216 248 1
216 260 1
217 17 1
217 123 1
217 210 1
217 257 1
218 43 1
218 154 1
218 213 1
218 241 1
219 4 1
219 8 1
219 17 1
219 85 1
219 91 1
219 94 1
219 118 1
219 173 1
219 207 1
220 8 1
220 16 1
220 21 1
220 28 1
220 51 1
220 68 1
220 85 1
220 112 1
220 123 1
220 138 1
220 140 1
220 169 1
220 185 1
220 207 1
220 233 1
220 252 1
221 109 1
221 182 1
221 214 1
221 277 1
222 2 1
222 3 1
222 13 1
222 28 1
222 62 1
222 164 1
222 214 1
222 225 1
223 134 1
224 13 1
225 72 1
225 131 1
225 222 1
226 17 1
226 138 1
226 145 1
226 198 1
227 5 1
227 13 1
227 60 1
227 126 1
227 138 1
227 173 1
227 194 1
228 3 1
228 26 1
228 39 1
228 83 1
228 87 1
228 166 1
228 186 1
228 192 1
228 204 1
228 240 1
229 197 1
229 204 1
230 84 1
230 185 1
232 3 1
232 4 1
232 5 1
232 13 1
232 19 1
232 22 1
232 39 1
232 54 1
232 59 1
232 60 1
232 68 1
232 83 1
232 126 1
232 173 1
232 192 1
233 63 1
233 129 1
233 132 1
233 249 1
234 11 1
234 15 1
234 87 1
234 99 1
234 118 1
234 132 1
234 138 1
234 206 1
234 212 1
234 219 1
234 233 1
234 240 1
234 244 1
234 268 1
234 285 1
235 3 1
235 128 1
235 151 1
235 170 1
235 173 1
235 207 1
235 209 1
235 215 1
235 254 1
235 285 1
236 1 1
236 125 1
237 84 1
237 242 1
238 20 1
238 203 1
239 16 1
239 37 1
239 92 1
239 105 1
239 154 1
239 221 1
239 225 1
240 198 1
241 218 1
242 279 1
245 128 1
245 130 1
245 222 1
245 280 1
246 30 1
246 31 1
246 60 1
246 91 1
247 35 1
247 263 1
247 276 1
248 258 1
249 130 1
250 10 1
250 13 1
250 55 1
250 193 1
250 210 1
250 224 1
250 240 1
251 242 1
253 28 1
253 60 1
253 99 1
253 178 1
253 226 1
254 30 1
254 111 1
254 137 1
254 283 1
255 1 1
255 76 1
255 122 1
256 33 1
256 44 1
256 171 1
256 274 1
257 23 1
257 49 1
257 108 1
257 115 1
257 192 1
258 205 1
258 230 1
258 248 1
259 63 1
263 25 1
263 283 1
264 135 1
264 161 1
265 46 1
265 119 1
266 193 1
266 251 1
267 157 1
267 188 1
268 209 1
268 210 1
269 1 1
269 6 1
269 42 1
269 124 1
269 177 1
269 193 1
269 207 1
269 245 1
270 3 1
270 15 1
270 17 1
270 20 1
270 21 1
270 35 1
270 58 1
270 85 1
270 92 1
270 102 1
270 150 1
271 219 1
272 13 1
272 51 1
272 87 1
272 126 1
272 208 1
272 216 1
272 230 1
272 238 1
272 254 1
272 285 1
273 143 1
274 54 1
274 87 1
274 99 1
274 126 1
274 146 1
274 163 1
274 192 1
274 219 1
274 240 1
275 60 1
276 3 1
276 49 1
276 109 1
276 119 1
276 143 1
276 148 1
276 155 1
276 196 1
276 208 1
276 231 1
277 9 1
277 22 1
277 54 1
277 70 1
277 77 1
277 87 1
277 94 1
277 119 1
277 185 1
277 200 1
277 221 1
277 288 1
278 1 1
278 35 1
278 62 1
278 73 1
278 130 1
278 146 1
278 218 1
278 294 1
280 225 1
283 10 1
284 22 1
284 33 1
