1 68 1
1 109 1
2 12 1
2 13 1
2 14 1
2 16 1
2 27 1
2 43 1
2 48 1
2 85 1
2 91 1
2 99 1
2 103 1
2 118 1
2 126 1
2 138 1
2 140 1
2 150 1
2 173 1
2 201 1
2 204 1
2 206 1
2 210 1
2 221 1
2 227 1
2 285 1
3 2 1
3 4 1
3 7 1
3 17 1
3 19 1
3 39 1
3 51 1
3 64 1
3 68 1
3 99 1
3 107 1
3 110 1
3 112 1
3 119 1
3 122 1
3 124 1
3 126 1
3 133 1
3 134 1
3 138 1
3 150 1
3 167 1
3 170 1
3 173 1
3 180 1
3 192 1
3 194 1
3 196 1
3 199 1
3 202 1
3 204 1
3 206 1
3 208 1
3 210 1
3 214 1
3 225 1
3 226 1
3 227 1
3 231 1
3 240 1
3 245 1
4 19 1
4 27 1
4 32 1
4 35 1
4 54 1
4 58 1
4 59 1
4 63 1
4 66 1
4 68 1
4 72 1
4 77 1
4 83 1
4 91 1
4 94 1
4 102 1
4 112 1
4 119 1
4 120 1
4 121 1
4 122 1
4 135 1
4 137 1
4 138 1
4 150 1
4 173 1
4 196 1
4 205 1
4 208 1
4 212 1
4 226 1
4 230 1
4 295 1
5 3 1
5 4 1
5 9 1
5 13 1
5 31 1
5 60 1
5 64 1
5 67 1
5 72 1
5 87 1
5 103 1
5 114 1
5 118 1
5 119 1
5 124 1
5 126 1
5 130 1
5 131 1
5 133 1
5 134 1
5 138 1
5 143 1
5 173 1
5 192 1
5 203 1
5 205 1
5 208 1
5 226 1
5 227 1
5 242 1
5 246 1
5 252 1
5 256 1
5 279 1
5 282 1
6 18 1
6 42 1
6 60 1
6 102 1
6 114 1
6 131 1
6 200 1
6 275 1
7 3 1
7 13 1
7 17 1
7 64 1
7 68 1
7 87 1
7 103 1
7 112 1
7 118 1
7 119 1
7 120 1
7 122 1
7 131 1
7 133 1
7 143 1
7 173 1
7 178 1
7 194 1
7 196 1
7 202 1
7 206 1
7 207 1
7 208 1
7 218 1
7 225 1
7 227 1
7 234 1
8 7 1
8 76 1
8 80 1
8 119 1
8 126 1
8 133 1
8 140 1
8 143 1
8 173 1
8 179 1
8 193 1
8 196 1
8 209 1
8 285 1
9 30 1
9 58 1
9 60 1
9 87 1
9 88 1
9 92 1
9 98 1
9 107 1
9 163 1
9 258 1
10 32 1
10 59 1
10 100 1
10 116 1
10 173 1
10 196 1
10 211 1
10 283 1
11 16 1
11 91 1
11 117 1
11 123 1
11 155 1
11 161 1
11 186 1
11 209 1
11 212 1
12 30 1
12 46 1
12 107 1
12 151 1
12 207 1
12 233 1
12 284 1
13 3 1
13 14 1
13 19 1
13 28 1
13 31 1
13 43 1
13 51 1
13 58 1
13 60 1
13 64 1
13 72 1
13 91 1
13 94 1
13 106 1
13 111 1
13 112 1
13 117 1
13 118 1
13 119 1
13 122 1
13 128 1
13 130 1
13 133 1
13 146 1
13 151 1
13 153 1
13 174 1
13 178 1
13 185 1
13 192 1
13 196 1
13 199 1
13 200 1
13 202 1
13 204 1
13 205 1
13 207 1
13 208 1
13 219 1
13 229 1
13 238 1
13 241 1
13 246 1
13 263 1
13 277 1
14 3 1
14 13 1
14 28 1
14 43 1
14 72 1
14 85 1
14 102 1
14 117 1
14 119 1
14 120 1
14 125 1
14 126 1
14 131 1
14 138 1
14 150 1
14 173 1
14 178 1
14 192 1
14 194 1
14 196 1
14 202 1
14 205 1
14 208 1
14 214 1
14 217 1
14 218 1
15 5 1
15 13 1
15 31 1
15 43 1
15 53 1
15 60 1
15 74 1
15 91 1
15 123 1
15 133 1
15 138 1
15 143 1
15 240 1
15 246 1
15 249 1
15 259 1
15 285 1
16 20 1
16 27 1
16 144 1
16 238 1
17 46 1
17 112 1
17 119 1
18 5 1
18 109 1
18 110 1
18 204 1
18 230 1
18 279 1
19 128 1
19 151 1
19 198 1
19 204 1
20 13 1
20 49 1
20 103 1
20 119 1
20 166 1
20 205 1
21 92 1
21 100 1
21 112 1
21 115 1
21 171 1
21 206 1
21 224 1
21 255 1
21 266 1
22 7 1
22 15 1
22 24 1
22 43 1
22 54 1
22 66 1
22 102 1
22 143 1
22 173 1
22 195 1
22 200 1
22 231 1
22 279 1
23 3 1
23 5 1
23 57 1
23 60 1
23 63 1
23 140 1
23 151 1
23 199 1
23 203 1
23 213 1
23 225 1
23 228 1
23 236 1
23 289 1
24 3 1
24 4 1
24 5 1
24 13 1
24 14 1
24 17 1
24 37 1
24 49 1
24 85 1
24 94 1
24 108 1
24 119 1
24 126 1
24 138 1
24 154 1
24 173 1
24 202 1
24 208 1
24 260 1
25 10 1
25 53 1
25 115 1
25 136 1
25 219 1
26 84 1
26 206 1
26 219 1
26 221 1
26 227 1
27 22 1
27 28 1
28 10 1
28 69 1
28 105 1
28 130 1
28 193 1
29 6 1
29 143 1
29 194 1
29 200 1
30 12 1
30 32 1
30 109 1
30 122 1
30 138 1
30 271 1
31 35 1
31 192 1
31 199 1
32 59 1
32 73 1
32 78 1
32 138 1
32 167 1
32 170 1
32 204 1
32 251 1
33 3 1
33 114 1
33 185 1
33 214 1
33 226 1
34 7 1
34 15 1
34 51 1
34 52 1
34 64 1
34 109 1
34 115 1
34 116 1
34 131 1
34 146 1
34 173 1
34 193 1
34 246 1
35 15 1
35 31 1
35 54 1
35 123 1
35 250 1
36 19 1
36 88 1
36 99 1
36 109 1
36 124 1
36 125 1
36 126 1
36 128 1
36 138 1
36 172 1
36 177 1
36 182 1
36 189 1
36 211 1
36 212 1
36 284 1
37 5 1
37 8 1
37 62 1
37 67 1
37 145 1
37 146 1
37 215 1
38 4 1
38 15 1
38 29 1
38 193 1
38 246 1
39 4 1
39 66 1
39 207 1
40 21 1
40 59 1
40 76 1
40 85 1
40 126 1
40 136 1
40 159 1
40 226 1
40 239 1
40 278 1
41 96 1
41 139 1
41 168 1
41 176 1
41 230 1
42 28 1
42 172 1
42 177 1
42 207 1
42 246 1
42 286 1
43 13 1
43 21 1
43 74 1
43 76 1
43 96 1
43 106 1
43 126 1
43 192 1
43 199 1
43 208 1
44 8 1
44 31 1
44 41 1
44 64 1
44 91 1
44 96 1
44 142 1
44 150 1
44 180 1
44 186 1
44 199 1
44 229 1
44 240 1
44 249 1
44 277 1
45 2 1
45 3 1
45 4 1
45 5 1
45 7 1
45 8 1
45 9 1
45 11 1
45 12 1
45 13 1
45 14 1
45 15 1
45 16 1
45 17 1
45 19 1
45 20 1
45 22 1
45 30 1
45 31 1
45 32 1
45 33 1
45 35 1
45 41 1
45 43 1
45 46 1
45 48 1
45 49 1
45 50 1
45 51 1
45 53 1
45 55 1
45 57 1
45 58 1
45 59 1
45 60 1
45 62 1
45 63 1
45 64 1
45 67 1
45 68 1
45 72 1
45 73 1
45 74 1
45 76 1
45 78 1
45 82 1
45 85 1
45 87 1
45 88 1
45 91 1
45 94 1
45 95 1
45 96 1
45 97 1
45 99 1
45 100 1
45 103 1
45 106 1
45 107 1
45 108 1
45 110 1
45 111 1
45 112 1
45 114 1
45 115 1
45 116 1
45 117 1
45 118 1
45 119 1
45 120 1
45 122 1
45 123 1
45 124 1
45 126 1
45 128 1
45 130 1
45 131 1
45 133 1
45 134 1
45 135 1
45 136 1
45 137 1
45 138 1
45 139 1
45 140 1
45 143 1
45 146 1
45 148 1
45 149 1
45 150 1
45 151 1
45 155 1
45 159 1
45 161 1
45 163 1
45 167 1
45 168 1
45 171 1
45 173 1
45 178 1
45 183 1
45 185 1
45 186 1
45 188 1
45 189 1
45 192 1
45 193 1
45 196 1
45 197 1
45 198 1
45 199 1
45 202 1
45 203 1
45 205 1
45 206 1
45 207 1
45 208 1
45 214 1
45 216 1
45 217 1
45 218 1
45 220 1
45 225 1
45 227 1
45 233 1
45 234 1
45 238 1
45 239 1
45 255 1
45 258 1
45 265 1
45 273 1
45 280 1
45 285 1
46 33 1
46 53 1
46 112 1
46 134 1
46 236 1
47 3 1
47 53 1
47 54 1
47 99 1
47 117 1
47 119 1
47 138 1
47 143 1
47 156 1
47 190 1
47 203 1
47 229 1
47 272 1
47 285 1
48 2 1
48 13 1
48 16 1
48 17 1
48 64 1
48 81 1
48 85 1
48 118 1
48 119 1
48 126 1
48 130 1
48 131 1
48 150 1
48 173 1
48 192 1
48 201 1
48 206 1
48 218 1
49 3 1
49 13 1
49 14 1
49 17 1
49 20 1
49 24 1
49 71 1
49 72 1
49 85 1
49 86 1
49 118 1
49 119 1
49 126 1
49 138 1
49 205 1
49 208 1
49 239 1
49 241 1
49 258 1
49 264 1
50 10 1
50 13 1
50 32 1
50 43 1
50 54 1
50 59 1
50 90 1
50 106 1
50 143 1
50 182 1
50 229 1
50 242 1
50 251 1
51 54 1
51 90 1
51 112 1
51 117 1
51 192 1
51 245 1
52 54 1
52 71 1
52 98 1
52 113 1
52 121 1
52 139 1
52 220 1
52 240 1
52 284 1
53 3 1
53 55 1
53 85 1
53 143 1
53 147 1
53 217 1
53 260 1
54 35 1
56 25 1
56 32 1
56 103 1
56 113 1
56 247 1
57 12 1
57 116 1
57 241 1
59 32 1
59 67 1
59 73 1
59 77 1
59 88 1
59 116 1
59 167 1
60 3 1
60 9 1
60 13 1
60 92 1
60 96 1
60 106 1
60 118 1
60 130 1
60 138 1
60 192 1
60 205 1
60 208 1
60 283 1
61 87 1
61 124 1
61 136 1
61 154 1
61 231 1
62 21 1
62 55 1
62 151 1
63 203 1
64 117 1
64 118 1
64 134 1
64 207 1
64 246 1
65 10 1
65 21 1
65 22 1
65 51 1
65 83 1
65 126 1
65 141 1
65 172 1
65 189 1
65 204 1
65 285 1
66 94 1
66 143 1
66 151 1
66 187 1
66 227 1
67 106 1
67 165 1
67 246 1
68 7 1
68 16 1
68 112 1
68 119 1
68 122 1
68 196 1
69 58 1
69 100 1
69 195 1
69 284 1
70 149 1
70 221 1
71 185 1
72 49 1
72 124 1
72 173 1
72 202 1
72 205 1
72 216 1
72 237 1
73 32 1
73 44 1
73 71 1
73 101 1
73 116 1
73 126 1
73 171 1
73 188 1
73 195 1
73 196 1
73 215 1
74 11 1
74 13 1
74 15 1
74 43 1
74 60 1
74 61 1
74 67 1
74 91 1
74 96 1
74 109 1
74 123 1
74 178 1
74 186 1
74 205 1
74 231 1
74 233 1
74 246 1
75 7 1
75 36 1
75 39 1
75 66 1
75 69 1
75 73 1
75 88 1
75 92 1
75 98 1
75 129 1
75 143 1
75 166 1
75 170 1
75 173 1
75 203 1
75 211 1
75 227 1
75 262 1
76 4 1
76 8 1
76 43 1
76 64 1
76 94 1
76 118 1
76 126 1
76 134 1
76 135 1
76 173 1
76 208 1
76 241 1
76 246 1
77 18 1
77 35 1
78 5 1
78 32 1
78 59 1
78 83 1
78 132 1
78 171 1
78 172 1
78 178 1
78 251 1
78 258 1
79 5 1
79 18 1
79 28 1
79 42 1
79 188 1
79 267 1
80 5 1
80 33 1
80 85 1
80 214 1
81 43 1
82 54 1
82 137 1
83 28 1
83 296 1
84 21 1
84 116 1
85 3 1
85 5 1
85 7 1
85 9 1
85 13 1
85 14 1
85 42 1
85 55 1
85 60 1
85 70 1
85 72 1
85 87 1
85 101 1
85 106 1
85 115 1
85 118 1
85 119 1
85 125 1
85 130 1
85 131 1
85 138 1
85 143 1
85 148 1
85 150 1
85 178 1
85 182 1
85 192 1
85 194 1
85 204 1
85 205 1
85 208 1
85 210 1
85 214 1
85 216 1
85 217 1
85 227 1
86 3 1
86 5 1
86 12 1
86 35 1
86 59 1
86 60 1
86 71 1
86 91 1
86 196 1
86 242 1
86 285 1
87 3 1
87 7 1
87 13 1
87 14 1
87 43 1
87 60 1
87 64 1
87 77 1
87 99 1
87 106 1
87 115 1
87 118 1
87 119 1
87 120 1
87 126 1
87 133 1
87 138 1
87 139 1
87 143 1
87 149 1
87 169 1
87 173 1
87 178 1
87 202 1
87 203 1
87 205 1
87 206 1
87 207 1
87 208 1
87 216 1
87 217 1
87 219 1
87 225 1
87 227 1
87 242 1
87 279 1
88 64 1
88 71 1
88 94 1
88 109 1
88 227 1
88 229 1
88 288 1
89 26 1
89 55 1
89 217 1
89 268 1
89 290 1
90 68 1
90 101 1
90 104 1
90 120 1
90 134 1
90 196 1
90 248 1
90 284 1
91 11 1
91 44 1
91 126 1
91 161 1
91 186 1
91 194 1
91 229 1
92 64 1
92 211 1
93 158 1
94 85 1
94 91 1
94 102 1
94 108 1
94 120 1
94 130 1
94 209 1
95 126 1
95 275 1
95 276 1
96 41 1
96 70 1
96 109 1
96 135 1
96 192 1
96 199 1
97 22 1
97 42 1
97 88 1
97 204 1
98 30 1
98 70 1
98 72 1
98 75 1
98 84 1
98 87 1
98 88 1
98 116 1
98 160 1
98 170 1
98 212 1
98 225 1
98 259 1
98 283 1
99 2 1
99 3 1
99 19 1
99 59 1
99 63 1
99 79 1
99 136 1
99 138 1
99 150 1
99 151 1
99 158 1
99 172 1
99 173 1
99 198 1
99 204 1
99 206 1
99 210 1
99 221 1
99 260 1
100 20 1
100 42 1
100 102 1
100 185 1
100 222 1
101 167 1
101 215 1
101 280 1
102 91 1
102 192 1
102 199 1
102 202 1
102 214 1
102 243 1
103 2 1
103 9 1
103 20 1
103 60 1
103 111 1
103 114 1
103 130 1
103 131 1
103 155 1
103 196 1
103 227 1
103 291 1
104 61 1
104 67 1
104 71 1
104 86 1
104 146 1
104 151 1
104 166 1
104 192 1
104 245 1
104 264 1
104 281 1
105 53 1
105 120 1
105 122 1
105 151 1
105 196 1
105 239 1
105 254 1
106 13 1
106 60 1
106 67 1
106 162 1
106 171 1
106 192 1
106 199 1
106 208 1
107 37 1
107 102 1
107 110 1
107 124 1
107 143 1
107 144 1
107 227 1
108 16 1
108 85 1
108 94 1
108 106 1
108 110 1
108 141 1
108 225 1
109 5 1
109 7 1
109 60 1
109 62 1
109 67 1
109 87 1
109 93 1
109 96 1
109 106 1
109 135 1
109 137 1
110 97 1
110 108 1
110 143 1
110 163 1
110 223 1
110 230 1
111 47 1
111 103 1
111 133 1
111 143 1
112 1 1
112 16 1
112 68 1
112 83 1
112 122 1
112 128 1
112 152 1
113 1 1
113 32 1
113 63 1
113 69 1
113 88 1
113 120 1
113 259 1
114 5 1
114 6 1
114 13 1
114 33 1
114 60 1
114 119 1
114 129 1
114 131 1
114 140 1
114 157 1
114 205 1
114 257 1
115 4 1
115 5 1
115 9 1
115 13 1
115 17 1
115 60 1
115 102 1
115 107 1
115 118 1
115 119 1
115 126 1
115 131 1
115 134 1
115 138 1
115 141 1
115 163 1
115 173 1
115 205 1
115 208 1
115 210 1
115 215 1
115 216 1
115 225 1
115 267 1
115 284 1
116 11 1
116 59 1
116 84 1
116 123 1
116 148 1
116 170 1
116 188 1
116 229 1
116 238 1
117 160 1
117 170 1
117 285 1
118 3 1
118 4 1
118 16 1
118 17 1
118 19 1
118 64 1
118 68 1
118 77 1
118 92 1
118 101 1
118 106 1
118 112 1
118 119 1
118 126 1
118 133 1
118 156 1
118 178 1
118 185 1
118 197 1
118 205 1
118 208 1
118 217 1
118 219 1
118 221 1
118 248 1
118 271 1
119 3 1
119 7 1
119 13 1
119 14 1
119 17 1
119 32 1
119 51 1
119 58 1
119 64 1
119 72 1
119 73 1
119 94 1
119 112 1
119 117 1
119 120 1
119 124 1
119 126 1
119 130 1
119 131 1
119 151 1
119 173 1
119 180 1
119 200 1
119 202 1
119 204 1
119 207 1
119 208 1
119 226 1
119 227 1
119 246 1
119 257 1
120 7 1
120 13 1
120 14 1
120 17 1
120 59 1
120 60 1
120 84 1
120 94 1
120 106 1
120 110 1
120 112 1
120 117 1
120 122 1
120 125 1
120 131 1
120 173 1
120 194 1
120 205 1
120 218 1
120 257 1
121 5 1
121 70 1
121 240 1
121 256 1
122 68 1
122 112 1
122 227 1
123 10 1
123 11 1
123 15 1
123 22 1
123 41 1
123 53 1
123 105 1
123 116 1
123 143 1
123 164 1
123 212 1
124 21 1
124 72 1
124 87 1
124 88 1
124 107 1
124 138 1
124 200 1
124 202 1
124 205 1
124 208 1
124 216 1
125 3 1
125 13 1
125 58 1
125 120 1
125 133 1
125 143 1
125 171 1
125 200 1
126 10 1
126 13 1
126 14 1
126 22 1
126 43 1
126 48 1
126 56 1
126 64 1
126 68 1
126 76 1
126 99 1
126 103 1
126 118 1
126 131 1
126 150 1
126 173 1
126 178 1
126 192 1
126 193 1
126 201 1
126 208 1
126 218 1
126 226 1
126 241 1
126 246 1
127 56 1
127 69 1
127 162 1
128 10 1
128 112 1
129 114 1
129 126 1
129 148 1
130 28 1
130 60 1
130 94 1
130 103 1
130 152 1
130 158 1
131 5 1
131 9 1
131 13 1
131 17 1
131 19 1
131 48 1
131 60 1
131 102 1
131 103 1
131 104 1
131 114 1
131 115 1
131 130 1
131 132 1
131 146 1
131 173 1
131 196 1
131 205 1
132 3 1
132 5 1
132 35 1
132 54 1
132 64 1
132 85 1
132 140 1
132 245 1
133 3 1
133 8 1
133 19 1
133 68 1
133 99 1
133 125 1
133 126 1
133 128 1
133 143 1
133 164 1
133 168 1
133 200 1
133 207 1
133 219 1
133 237 1
134 28 1
134 64 1
134 87 1
134 208 1
134 219 1
136 1 1
136 88 1
136 92 1
136 219 1
136 242 1
136 254 1
137 213 1
138 3 1
138 6 1
138 51 1
138 53 1
138 59 1
138 64 1
138 68 1
138 96 1
138 99 1
138 112 1
138 115 1
138 118 1
138 124 1
138 190 1
138 192 1
138 194 1
138 199 1
138 208 1
138 210 1
138 225 1
138 227 1
138 231 1
139 5 1
139 35 1
139 41 1
139 85 1
139 132 1
139 245 1
140 13 1
140 77 1
140 114 1
140 257 1
141 20 1
141 172 1
141 173 1
142 13 1
142 17 1
142 78 1
142 86 1
142 172 1
142 221 1
142 227 1
142 277 1
142 284 1
143 3 1
143 7 1
143 13 1
143 53 1
143 60 1
143 99 1
143 103 1
143 110 1
143 119 1
143 120 1
143 133 1
143 200 1
143 205 1
143 206 1
143 227 1
143 239 1
145 37 1
145 171 1
146 4 1
146 23 1
146 49 1
146 62 1
146 72 1
146 73 1
146 104 1
146 188 1
146 189 1
146 205 1
146 256 1
146 279 1
147 149 1
147 196 1
148 59 1
148 116 1
148 254 1
149 33 1
149 68 1
149 70 1
149 91 1
149 94 1
149 108 1
149 196 1
149 297 1
150 48 1
150 204 1
151 19 1
152 3 1
152 42 1
152 99 1
152 118 1
152 126 1
152 170 1
152 180 1
152 194 1
152 229 1
152 245 1
152 269 1
152 274 1
153 63 1
153 117 1
153 134 1
153 138 1
153 173 1
153 207 1
153 247 1
154 4 1
154 85 1
154 139 1
154 169 1
154 225 1
154 268 1
155 15 1
155 18 1
155 149 1
155 150 1
155 188 1
155 209 1
155 233 1
156 13 1
156 17 1
156 32 1
156 70 1
156 72 1
156 118 1
156 178 1
156 205 1
156 219 1
157 3 1
157 28 1
157 113 1
157 166 1
157 194 1
157 283 1
157 285 1
158 28 1
158 51 1
158 72 1
158 104 1
158 124 1
158 146 1
158 159 1
158 164 1
158 231 1
159 21 1
159 84 1
159 96 1
159 149 1
159 164 1
160 4 1
160 6 1
160 90 1
160 123 1
160 137 1
160 182 1
160 219 1
160 246 1
160 268 1
161 1 1
161 63 1
161 72 1
161 90 1
161 100 1
161 109 1
161 128 1
161 188 1
161 237 1
161 278 1
162 20 1
162 85 1
162 110 1
162 115 1
162 122 1
162 127 1
162 161 1
162 166 1
162 179 1
163 9 1
163 31 1
163 39 1
163 64 1
163 93 1
163 104 1
163 118 1
163 146 1
163 294 1
164 1 1
164 93 1
164 110 1
164 147 1
164 149 1
164 169 1
164 172 1
164 209 1
164 210 1
164 240 1
165 67 1
165 85 1
165 154 1
165 162 1
165 192 1
165 263 1
166 147 1
166 223 1
166 251 1
166 256 1
166 258 1
167 1 1
167 4 1
167 32 1
167 64 1
167 94 1
167 121 1
167 183 1
167 199 1
167 212 1
167 227 1
167 244 1
168 3 1
168 9 1
168 10 1
168 59 1
168 63 1
168 68 1
168 135 1
168 146 1
168 197 1
168 246 1
169 17 1
169 57 1
169 77 1
169 78 1
169 135 1
169 214 1
169 231 1
169 254 1
170 59 1
170 61 1
170 99 1
170 124 1
170 138 1
170 173 1
171 87 1
171 88 1
171 93 1
171 106 1
171 145 1
171 278 1
172 3 1
172 42 1
172 78 1
172 113 1
172 141 1
172 260 1
173 2 1
173 4 1
173 7 1
173 13 1
173 14 1
173 43 1
173 54 1
173 63 1
173 76 1
173 88 1
173 91 1
173 92 1
173 103 1
173 112 1
173 122 1
173 126 1
173 135 1
173 150 1
173 202 1
173 203 1
173 206 1
173 208 1
173 227 1
173 233 1
173 246 1
173 262 1
174 3 1
174 87 1
174 154 1
174 165 1
174 169 1
174 181 1
174 196 1
174 247 1
174 279 1
174 282 1
174 285 1
175 5 1
175 33 1
175 122 1
175 188 1
175 214 1
176 27 1
176 58 1
176 87 1
176 150 1
176 265 1
177 15 1
177 137 1
177 203 1
177 209 1
177 233 1
177 236 1
177 237 1
178 4 1
178 17 1
178 19 1
178 55 1
178 68 1
178 72 1
178 118 1
178 156 1
178 169 1
178 175 1
178 192 1
178 205 1
178 219 1
179 3 1
179 4 1
179 13 1
179 21 1
179 22 1
179 42 1
179 91 1
179 153 1
179 173 1
179 242 1
180 17 1
180 91 1
180 133 1
180 144 1
180 189 1
180 192 1
180 249 1
180 285 1
181 43 1
181 118 1
181 126 1
181 164 1
181 173 1
181 179 1
181 260 1
182 53 1
182 62 1
182 72 1
182 91 1
182 94 1
182 287 1
183 1 1
183 4 1
183 115 1
183 131 1
183 138 1
183 146 1
183 169 1
183 259 1
183 285 1
184 57 1
184 92 1
184 181 1
184 249 1
185 33 1
185 71 1
185 193 1
185 202 1
186 4 1
186 11 1
186 16 1
186 74 1
186 83 1
186 84 1
186 91 1
186 229 1
187 9 1
187 21 1
187 185 1
187 237 1
187 247 1
187 260 1
188 10 1
188 44 1
188 47 1
188 59 1
188 84 1
188 91 1
188 96 1
188 109 1
188 116 1
188 240 1
188 242 1
188 246 1
188 249 1
188 258 1
188 280 1
188 285 1
189 55 1
189 96 1
189 204 1
190 3 1
190 6 1
190 13 1
190 43 1
190 51 1
190 63 1
190 64 1
190 67 1
190 134 1
190 138 1
190 182 1
190 185 1
190 199 1
190 203 1
190 246 1
190 248 1
190 256 1
191 2 1
191 3 1
191 7 1
191 9 1
191 13 1
191 28 1
191 32 1
191 49 1
191 71 1
191 87 1
191 94 1
191 99 1
191 110 1
191 111 1
191 118 1
191 119 1
191 120 1
191 126 1
191 143 1
191 173 1
191 194 1
191 195 1
191 200 1
191 203 1
191 205 1
191 214 1
191 216 1
191 226 1
191 242 1
191 252 1
191 281 1
192 70 1
192 92 1
192 96 1
192 118 1
192 134 1
192 149 1
192 199 1
192 219 1
192 238 1
192 259 1
192 261 1
193 70 1
193 124 1
193 199 1
193 257 1
193 293 1
194 3 1
194 68 1
194 126 1
194 173 1
194 196 1
194 206 1
194 214 1
194 225 1
194 226 1
194 256 1
195 73 1
195 102 1
195 157 1
195 217 1
195 276 1
196 19 1
196 89 1
196 131 1
196 173 1
196 180 1
196 231 1
196 234 1
196 273 1
197 51 1
197 60 1
197 220 1
197 248 1
198 3 1
198 19 1
198 91 1
198 99 1
198 118 1
198 119 1
198 136 1
198 137 1
198 138 1
198 204 1
198 207 1
198 213 1
198 262 1
198 279 1
199 29 1
199 31 1
199 57 1
199 70 1
199 96 1
199 134 1
199 192 1
199 271 1
200 3 1
200 53 1
200 87 1
200 107 1
200 124 1
200 125 1
200 138 1
200 143 1
200 205 1
200 227 1
200 234 1
201 13 1
201 28 1
201 48 1
201 85 1
201 119 1
201 126 1
201 151 1
201 160 1
201 162 1
201 165 1
201 181 1
201 188 1
201 193 1
201 220 1
201 292 1
202 72 1
202 104 1
202 124 1
202 138 1
202 225 1
202 254 1
203 2 1
203 3 1
203 4 1
203 47 1
203 63 1
203 75 1
203 124 1
203 143 1
203 173 1
203 177 1
203 205 1
203 225 1
204 7 1
204 19 1
204 66 1
204 150 1
204 170 1
205 4 1
205 13 1
205 60 1
205 72 1
205 140 1
205 173 1
205 178 1
205 217 1
206 59 1
206 64 1
206 118 1
206 126 1
206 139 1
206 150 1
206 173 1
206 227 1
207 33 1
207 64 1
207 118 1
208 14 1
208 30 1
208 112 1
208 134 1
208 138 1
208 241 1
209 240 1
210 16 1
210 162 1
210 169 1
210 214 1
210 225 1
211 8 1
211 28 1
211 121 1
211 130 1
211 169 1
211 204 1
212 36 1
212 123 1
212 153 1
212 211 1
212 214 1
213 13 1
213 48 1
213 137 1
213 146 1
213 183 1
213 226 1
214 68 1
214 97 1
214 122 1
214 127 1
214 136 1
214 158 1
214 194 1
214 210 1
214 225 1
214 262 1
214 278 1
215 65 1
215 101 1
215 185 1
215 188 1
215 257 1
215 258 1
215 260 1
216 39 1
216 133 1
216 204 1
216 248 1
217 4 1
217 110 1
217 205 1
217 230 1
218 14 1
218 117 1
218 120 1
218 192 1
219 55 1
219 126 1
219 149 1
219 150 1
219 177 1
219 215 1
219 226 1
219 275 1
219 285 1
220 3 1
220 13 1
220 39 1
220 60 1
220 87 1
220 104 1
220 105 1
220 132 1
220 139 1
220 143 1
220 193 1
220 197 1
220 215 1
220 233 1
220 264 1
220 266 1
221 70 1
221 119 1
221 142 1
221 156 1
222 71 1
222 75 1
222 100 1
222 104 1
222 151 1
222 230 1
222 257 1
222 266 1
223 245 1
224 229 1
225 28 1
225 202 1
225 210 1
226 43 1
226 126 1
226 208 1
226 213 1
227 2 1
227 88 1
227 122 1
227 143 1
227 150 1
227 206 1
227 235 1
228 3 1
228 35 1
228 70 1
228 98 1
228 118 1
228 119 1
228 163 1
228 176 1
228 181 1
228 273 1
229 44 1
229 186 1
230 18 1
230 217 1
232 32 1
232 39 1
232 51 1
232 54 1
232 56 1
232 86 1
232 103 1
232 104 1
232 136 1
232 138 1
232 165 1
232 221 1
232 253 1
232 276 1
232 277 1
233 43 1
233 110 1
233 202 1
233 279 1
234 1 1
234 7 1
234 13 1
234 70 1
234 101 1
234 105 1
234 114 1
234 118 1
234 125 1
234 126 1
234 176 1
234 184 1
234 219 1
234 233 1
234 285 1
235 1 1
235 21 1
235 28 1
235 31 1
235 64 1
235 83 1
235 99 1
235 111 1
235 195 1
235 246 1
236 62 1
236 161 1
237 247 1
237 254 1
238 16 1
238 192 1
239 13 1
239 91 1
239 119 1
239 143 1
239 153 1
239 200 1
239 262 1
240 209 1
241 208 1
242 281 1
245 6 1
245 66 1
245 132 1
245 171 1
246 14 1
246 67 1
246 152 1
246 276 1
247 144 1
247 149 1
247 224 1
248 197 1
249 184 1
250 19 1
250 34 1
250 42 1
250 85 1
250 107 1
250 111 1
250 136 1
251 114 1
253 5 1
253 43 1
253 71 1
253 159 1
253 165 1
254 59 1
254 186 1
254 238 1
254 255 1
255 138 1
255 143 1
255 200 1
256 68 1
256 94 1
256 190 1
256 203 1
257 3 1
257 120 1
257 131 1
257 138 1
257 140 1
258 88 1
258 170 1
258 188 1
259 63 1
263 104 1
263 154 1
264 122 1
264 216 1
265 91 1
265 270 1
266 17 1
266 96 1
267 92 1
267 262 1
268 6 1
268 202 1
269 3 1
269 9 1
269 22 1
269 117 1
269 121 1
269 179 1
269 194 1
269 210 1
270 5 1
270 11 1
270 58 1
270 104 1
270 108 1
270 140 1
270 144 1
270 163 1
270 186 1
270 188 1
270 246 1
271 92 1
272 32 1
272 65 1
272 78 1
272 84 1
272 101 1
272 121 1
272 149 1
272 215 1
272 230 1
272 232 1
273 179 1
274 25 1
274 27 1
274 32 1
274 38 1
274 87 1
274 110 1
274 177 1
274 229 1
274 238 1
275 2 1
276 88 1
276 102 1
276 128 1
276 154 1
276 168 1
276 195 1
276 218 1
276 222 1
276 240 1
276 283 1
277 31 1
277 60 1
277 78 1
277 91 1
277 94 1
277 111 1
277 126 1
277 142 1
277 157 1
277 180 1
277 254 1
277 285 1
278 16 1
278 66 1
278 69 1
278 83 1
278 87 1
278 94 1
278 210 1
278 258 1
280 143 1
283 254 1
284 142 1
284 273 1
