1 60 1
1 88 1
2 3 1
2 5 1
2 13 1
2 14 1
2 17 1
2 53 1
2 60 1
2 64 1
2 78 1
2 94 1
2 99 1
2 117 1
2 119 1
2 126 1
2 136 1
2 143 1
2 149 1
2 192 1
2 200 1
2 204 1
2 205 1
2 208 1
2 221 1
2 254 1
3 6 1
3 7 1
3 11 1
3 13 1
3 41 1
3 54 1
3 57 1
3 60 1
3 64 1
3 67 1
3 70 1
3 91 1
3 94 1
3 99 1
3 106 1
3 112 1
3 117 1
3 119 1
3 126 1
3 131 1
3 133 1
3 134 1
3 137 1
3 143 1
3 146 1
3 148 1
3 149 1
3 171 1
3 185 1
3 193 1
3 196 1
3 199 1
3 205 1
3 206 1
3 207 1
3 208 1
3 225 1
3 226 1
3 227 1
3 246 1
3 283 1
4 3 1
4 5 1
4 6 1
4 7 1
4 13 1
4 19 1
4 32 1
4 60 1
4 67 1
4 70 1
4 91 1
4 93 1
4 99 1
4 112 1
4 118 1
4 122 1
4 126 1
4 131 1
4 133 1
4 138 1
4 143 1
4 146 1
4 173 1
4 181 1
4 196 1
4 201 1
4 203 1
4 205 1
4 208 1
4 210 1
4 248 1
4 279 1
4 282 1
5 3 1
5 7 1
5 13 1
5 14 1
5 19 1
5 35 1
5 42 1
5 43 1
5 60 1
5 64 1
5 76 1
5 91 1
5 112 1
5 116 1
5 118 1
5 122 1
5 126 1
5 130 1
5 138 1
5 150 1
5 158 1
5 163 1
5 173 1
5 178 1
5 202 1
5 204 1
5 206 1
5 208 1
5 214 1
5 221 1
5 226 1
5 231 1
5 233 1
5 241 1
5 246 1
6 5 1
6 100 1
6 105 1
6 122 1
6 126 1
6 221 1
6 247 1
6 259 1
7 3 1
7 4 1
7 5 1
7 6 1
7 43 1
7 60 1
7 64 1
7 85 1
7 91 1
7 103 1
7 106 1
7 112 1
7 117 1
7 126 1
7 131 1
7 133 1
7 138 1
7 143 1
7 150 1
7 165 1
7 173 1
7 179 1
7 196 1
7 205 1
7 208 1
7 246 1
7 274 1
8 3 1
8 16 1
8 18 1
8 62 1
8 64 1
8 96 1
8 118 1
8 119 1
8 139 1
8 163 1
8 192 1
8 198 1
8 251 1
8 277 1
9 16 1
9 35 1
9 72 1
9 98 1
9 100 1
9 116 1
9 179 1
9 188 1
9 245 1
9 284 1
10 17 1
10 58 1
10 110 1
10 155 1
10 167 1
10 185 1
10 188 1
10 268 1
11 21 1
11 28 1
11 48 1
11 73 1
11 117 1
11 118 1
11 124 1
11 182 1
11 205 1
12 49 1
12 77 1
12 173 1
12 177 1
12 194 1
12 203 1
12 206 1
13 5 1
13 7 1
13 14 1
13 17 1
13 28 1
13 31 1
13 33 1
13 42 1
13 43 1
13 60 1
13 64 1
13 67 1
13 87 1
13 91 1
13 94 1
13 103 1
13 104 1
13 112 1
13 114 1
13 116 1
13 122 1
13 126 1
13 138 1
13 143 1
13 150 1
13 163 1
13 170 1
13 173 1
13 177 1
13 178 1
13 180 1
13 192 1
13 204 1
13 208 1
13 210 1
13 214 1
13 225 1
13 226 1
13 227 1
13 231 1
13 238 1
13 241 1
13 246 1
13 256 1
13 285 1
14 2 1
14 3 1
14 13 1
14 17 1
14 28 1
14 31 1
14 33 1
14 39 1
14 42 1
14 55 1
14 64 1
14 68 1
14 94 1
14 106 1
14 114 1
14 120 1
14 121 1
14 126 1
14 151 1
14 167 1
14 204 1
14 205 1
14 222 1
14 225 1
14 227 1
14 241 1
15 2 1
15 4 1
15 17 1
15 63 1
15 85 1
15 117 1
15 119 1
15 126 1
15 154 1
15 172 1
15 192 1
15 198 1
15 218 1
15 231 1
15 256 1
15 258 1
15 278 1
16 5 1
16 18 1
16 25 1
16 57 1
17 2 1
17 77 1
17 111 1
18 16 1
18 85 1
18 126 1
18 160 1
18 178 1
18 189 1
19 60 1
19 112 1
19 173 1
19 214 1
20 16 1
20 30 1
20 71 1
20 108 1
20 156 1
20 219 1
21 1 1
21 9 1
21 17 1
21 30 1
21 46 1
21 69 1
21 202 1
21 207 1
21 247 1
22 12 1
22 19 1
22 24 1
22 54 1
22 55 1
22 86 1
22 92 1
22 99 1
22 135 1
22 137 1
22 150 1
22 153 1
22 182 1
23 9 1
23 30 1
23 55 1
23 57 1
23 72 1
23 84 1
23 95 1
23 123 1
23 127 1
23 156 1
23 176 1
23 209 1
23 229 1
23 230 1
24 5 1
24 13 1
24 44 1
24 55 1
24 84 1
24 88 1
24 93 1
24 118 1
24 119 1
24 130 1
24 131 1
24 138 1
24 143 1
24 151 1
24 166 1
24 170 1
24 187 1
24 207 1
24 226 1
25 54 1
25 59 1
25 109 1
25 110 1
25 128 1
26 21 1
26 43 1
26 115 1
26 125 1
26 144 1
27 130 1
27 281 1
28 18 1
28 116 1
28 138 1
28 141 1
28 279 1
29 28 1
29 112 1
29 202 1
29 277 1
30 20 1
30 98 1
30 119 1
30 168 1
30 209 1
30 257 1
31 14 1
31 108 1
31 192 1
32 63 1
32 73 1
32 102 1
32 116 1
32 118 1
32 130 1
32 185 1
32 201 1
33 14 1
33 28 1
33 125 1
33 188 1
33 285 1
34 3 1
34 12 1
34 13 1
34 28 1
34 43 1
34 70 1
34 71 1
34 83 1
34 92 1
34 128 1
34 219 1
34 246 1
34 293 1
35 83 1
35 127 1
35 205 1
35 210 1
35 248 1
36 13 1
36 21 1
36 22 1
36 43 1
36 60 1
36 85 1
36 135 1
36 136 1
36 161 1
36 199 1
36 202 1
36 206 1
36 214 1
36 228 1
36 259 1
36 277 1
37 11 1
37 72 1
37 79 1
37 101 1
37 104 1
37 203 1
37 231 1
38 1 1
38 54 1
38 113 1
38 249 1
38 279 1
39 58 1
39 180 1
39 206 1
40 32 1
40 33 1
40 102 1
40 125 1
40 132 1
40 158 1
40 205 1
40 220 1
40 246 1
40 248 1
41 92 1
41 102 1
41 119 1
41 142 1
41 238 1
42 16 1
42 87 1
42 106 1
42 111 1
42 205 1
42 283 1
43 59 1
43 87 1
43 110 1
43 116 1
43 118 1
43 138 1
43 150 1
43 159 1
43 170 1
43 192 1
44 32 1
44 91 1
44 96 1
44 126 1
44 130 1
44 134 1
44 150 1
44 165 1
44 177 1
44 185 1
44 207 1
44 217 1
44 230 1
44 246 1
44 278 1
45 1 1
45 2 1
45 3 1
45 4 1
45 5 1
45 7 1
45 8 1
45 9 1
45 12 1
45 13 1
45 14 1
45 17 1
45 19 1
45 28 1
45 31 1
45 32 1
45 33 1
45 34 1
45 37 1
45 38 1
45 39 1
45 43 1
45 48 1
45 49 1
45 51 1
45 53 1
45 56 1
45 59 1
45 60 1
45 61 1
45 63 1
45 64 1
45 65 1
45 67 1
45 68 1
45 70 1
45 72 1
45 74 1
45 75 1
45 78 1
45 83 1
45 85 1
45 87 1
45 90 1
45 94 1
45 98 1
45 99 1
45 101 1
45 103 1
45 104 1
45 106 1
45 107 1
45 110 1
45 112 1
45 114 1
45 115 1
45 116 1
45 117 1
45 118 1
45 119 1
45 120 1
45 122 1
45 123 1
45 124 1
45 125 1
45 126 1
45 128 1
45 129 1
45 130 1
45 131 1
45 132 1
45 133 1
45 134 1
45 138 1
45 140 1
45 141 1
45 143 1
45 146 1
45 149 1
45 150 1
45 151 1
45 152 1
45 154 1
45 155 1
45 160 1
45 162 1
45 164 1
45 167 1
45 169 1
45 170 1
45 171 1
45 172 1
45 173 1
45 174 1
45 178 1
45 188 1
45 189 1
45 190 1
45 192 1
45 193 1
45 194 1
45 195 1
45 196 1
45 199 1
45 200 1
45 203 1
45 204 1
45 205 1
45 206 1
45 208 1
45 210 1
45 211 1
45 212 1
45 214 1
45 215 1
45 217 1
45 219 1
45 220 1
45 224 1
45 225 1
45 226 1
45 227 1
45 229 1
45 239 1
45 240 1
45 242 1
45 245 1
45 246 1
45 248 1
45 249 1
45 256 1
45 264 1
45 276 1
45 279 1
46 51 1
46 58 1
46 59 1
46 62 1
46 109 1
47 21 1
47 54 1
47 55 1
47 99 1
47 107 1
47 119 1
47 128 1
47 131 1
47 164 1
47 185 1
47 205 1
47 225 1
47 253 1
47 266 1
48 3 1
48 11 1
48 19 1
48 68 1
48 72 1
48 94 1
48 104 1
48 115 1
48 119 1
48 126 1
48 133 1
48 138 1
48 173 1
48 186 1
48 194 1
48 218 1
48 225 1
48 251 1
49 3 1
49 4 1
49 5 1
49 13 1
49 46 1
49 51 1
49 74 1
49 85 1
49 87 1
49 88 1
49 94 1
49 108 1
49 126 1
49 138 1
49 143 1
49 173 1
49 210 1
49 247 1
49 276 1
49 281 1
50 4 1
50 20 1
50 53 1
50 91 1
50 119 1
50 125 1
50 132 1
50 133 1
50 169 1
50 212 1
50 231 1
50 256 1
50 285 1
51 16 1
51 96 1
51 169 1
51 170 1
51 209 1
51 246 1
52 4 1
52 6 1
52 68 1
52 77 1
52 87 1
52 169 1
52 197 1
52 207 1
52 279 1
53 10 1
53 85 1
53 110 1
53 194 1
53 200 1
53 212 1
53 223 1
54 99 1
56 65 1
56 122 1
56 130 1
56 200 1
56 226 1
57 96 1
57 169 1
57 192 1
59 35 1
59 124 1
59 150 1
59 157 1
59 190 1
59 229 1
59 283 1
60 7 1
60 10 1
60 19 1
60 94 1
60 96 1
60 102 1
60 154 1
60 177 1
60 178 1
60 208 1
60 212 1
60 217 1
60 254 1
61 59 1
61 85 1
61 94 1
61 178 1
61 231 1
62 10 1
62 39 1
62 204 1
63 15 1
64 14 1
64 78 1
64 96 1
64 170 1
64 192 1
65 15 1
65 63 1
65 68 1
65 90 1
65 110 1
65 143 1
65 149 1
65 154 1
65 180 1
65 237 1
65 239 1
66 92 1
66 112 1
66 159 1
66 179 1
66 205 1
67 70 1
67 122 1
67 143 1
68 48 1
68 118 1
68 136 1
68 139 1
68 158 1
68 186 1
69 44 1
69 51 1
69 206 1
69 225 1
70 67 1
70 134 1
71 205 1
72 46 1
72 87 1
72 117 1
72 124 1
72 128 1
72 129 1
72 257 1
73 3 1
73 5 1
73 8 1
73 11 1
73 58 1
73 61 1
73 90 1
73 217 1
73 241 1
73 280 1
73 285 1
74 3 1
74 9 1
74 13 1
74 49 1
74 75 1
74 92 1
74 94 1
74 109 1
74 114 1
74 116 1
74 124 1
74 126 1
74 138 1
74 140 1
74 173 1
74 193 1
74 276 1
75 4 1
75 9 1
75 42 1
75 59 1
75 67 1
75 74 1
75 86 1
75 87 1
75 94 1
75 109 1
75 111 1
75 112 1
75 124 1
75 126 1
75 199 1
75 202 1
75 219 1
75 238 1
76 62 1
76 102 1
76 103 1
76 112 1
76 152 1
76 173 1
76 181 1
76 194 1
76 197 1
76 202 1
76 203 1
76 207 1
76 251 1
77 117 1
77 183 1
78 2 1
78 3 1
78 64 1
78 94 1
78 188 1
78 192 1
78 207 1
78 208 1
78 254 1
78 262 1
79 64 1
79 161 1
79 222 1
79 233 1
79 270 1
79 286 1
80 59 1
80 73 1
80 212 1
80 215 1
81 157 1
82 15 1
82 196 1
83 10 1
83 99 1
84 130 1
84 172 1
85 2 1
85 3 1
85 4 1
85 5 1
85 10 1
85 14 1
85 19 1
85 32 1
85 35 1
85 60 1
85 64 1
85 69 1
85 78 1
85 91 1
85 106 1
85 119 1
85 120 1
85 126 1
85 131 1
85 143 1
85 149 1
85 171 1
85 173 1
85 199 1
85 200 1
85 205 1
85 206 1
85 208 1
85 209 1
85 217 1
85 221 1
85 226 1
85 227 1
85 229 1
85 269 1
85 285 1
86 87 1
86 102 1
86 112 1
86 113 1
86 119 1
86 179 1
86 200 1
86 217 1
86 232 1
86 254 1
86 273 1
87 3 1
87 5 1
87 7 1
87 15 1
87 16 1
87 19 1
87 27 1
87 32 1
87 43 1
87 60 1
87 64 1
87 66 1
87 68 1
87 85 1
87 88 1
87 91 1
87 94 1
87 111 1
87 118 1
87 131 1
87 138 1
87 143 1
87 150 1
87 168 1
87 173 1
87 188 1
87 192 1
87 205 1
87 208 1
87 214 1
87 219 1
87 220 1
87 227 1
87 229 1
87 246 1
87 291 1
88 15 1
88 138 1
88 143 1
88 189 1
88 204 1
88 227 1
88 245 1
89 13 1
89 88 1
89 136 1
89 214 1
89 229 1
90 102 1
90 156 1
90 215 1
90 216 1
90 262 1
90 280 1
90 283 1
90 297 1
91 85 1
91 106 1
91 131 1
91 194 1
91 196 1
91 199 1
91 285 1
92 10 1
92 204 1
93 21 1
94 3 1
94 53 1
94 57 1
94 110 1
94 124 1
94 208 1
94 282 1
95 3 1
95 181 1
95 199 1
96 44 1
96 123 1
96 134 1
96 153 1
96 185 1
96 230 1
97 33 1
97 196 1
97 233 1
97 283 1
98 3 1
98 5 1
98 13 1
98 67 1
98 91 1
98 119 1
98 120 1
98 126 1
98 138 1
98 143 1
98 173 1
98 178 1
98 245 1
98 276 1
99 29 1
99 47 1
99 54 1
99 59 1
99 89 1
99 107 1
99 114 1
99 119 1
99 131 1
99 133 1
99 146 1
99 171 1
99 185 1
99 209 1
99 214 1
99 219 1
99 225 1
99 285 1
99 296 1
100 22 1
100 27 1
100 146 1
100 221 1
100 260 1
101 37 1
101 102 1
101 107 1
102 97 1
102 119 1
102 147 1
102 198 1
102 233 1
102 258 1
103 59 1
103 63 1
103 66 1
103 76 1
103 112 1
103 124 1
103 134 1
103 164 1
103 203 1
103 207 1
103 208 1
103 218 1
104 16 1
104 18 1
104 19 1
104 43 1
104 48 1
104 68 1
104 83 1
104 121 1
104 155 1
104 173 1
104 259 1
105 20 1
105 120 1
105 147 1
105 150 1
105 205 1
105 238 1
105 275 1
106 3 1
106 109 1
106 131 1
106 171 1
106 186 1
106 199 1
106 205 1
106 240 1
107 15 1
107 28 1
107 56 1
107 100 1
107 149 1
107 151 1
107 163 1
108 4 1
108 5 1
108 19 1
108 31 1
108 49 1
108 199 1
108 262 1
109 53 1
109 66 1
109 99 1
109 114 1
109 119 1
109 160 1
109 168 1
109 188 1
109 192 1
109 210 1
109 215 1
110 51 1
110 96 1
110 123 1
110 148 1
110 180 1
110 245 1
111 42 1
111 211 1
111 257 1
111 285 1
112 19 1
112 103 1
112 138 1
112 203 1
112 226 1
112 227 1
112 272 1
113 3 1
113 13 1
113 53 1
113 69 1
113 126 1
113 137 1
113 173 1
114 13 1
114 14 1
114 28 1
114 74 1
114 83 1
114 87 1
114 99 1
114 116 1
114 120 1
114 126 1
114 138 1
114 173 1
115 3 1
115 13 1
115 21 1
115 32 1
115 39 1
115 48 1
115 72 1
115 78 1
115 91 1
115 94 1
115 99 1
115 119 1
115 124 1
115 125 1
115 128 1
115 133 1
115 138 1
115 161 1
115 173 1
115 186 1
115 194 1
115 196 1
115 208 1
115 233 1
115 262 1
116 9 1
116 28 1
116 32 1
116 43 1
116 118 1
116 140 1
116 141 1
116 173 1
116 179 1
117 10 1
117 97 1
117 161 1
118 3 1
118 7 1
118 8 1
118 16 1
118 27 1
118 32 1
118 51 1
118 59 1
118 60 1
118 73 1
118 88 1
118 90 1
118 96 1
118 131 1
118 135 1
118 143 1
118 146 1
118 192 1
118 204 1
118 208 1
118 227 1
118 230 1
118 240 1
118 254 1
118 260 1
118 268 1
119 13 1
119 64 1
119 68 1
119 70 1
119 91 1
119 92 1
119 118 1
119 120 1
119 122 1
119 126 1
119 131 1
119 133 1
119 135 1
119 139 1
119 149 1
119 162 1
119 194 1
119 196 1
119 208 1
119 210 1
119 215 1
119 219 1
119 220 1
119 225 1
119 240 1
119 256 1
119 258 1
119 279 1
119 281 1
119 285 1
119 288 1
120 3 1
120 5 1
120 13 1
120 14 1
120 17 1
120 32 1
120 42 1
120 43 1
120 87 1
120 114 1
120 116 1
120 118 1
120 126 1
120 130 1
120 138 1
120 143 1
120 172 1
120 173 1
120 206 1
120 219 1
121 67 1
121 70 1
121 195 1
121 234 1
122 6 1
122 67 1
122 143 1
123 13 1
123 51 1
123 96 1
123 110 1
123 134 1
123 141 1
123 169 1
123 172 1
123 216 1
123 224 1
123 229 1
124 13 1
124 35 1
124 59 1
124 72 1
124 94 1
124 128 1
124 143 1
124 150 1
124 190 1
124 203 1
124 207 1
125 13 1
125 33 1
125 53 1
125 87 1
125 115 1
125 170 1
125 196 1
125 212 1
126 2 1
126 3 1
126 13 1
126 17 1
126 20 1
126 42 1
126 43 1
126 60 1
126 94 1
126 115 1
126 117 1
126 118 1
126 120 1
126 138 1
126 143 1
126 146 1
126 172 1
126 173 1
126 185 1
126 204 1
126 208 1
126 219 1
126 225 1
126 227 1
126 246 1
127 4 1
127 35 1
127 146 1
128 72 1
128 218 1
129 72 1
129 135 1
129 196 1
130 32 1
130 59 1
130 84 1
130 120 1
130 172 1
130 192 1
131 32 1
131 63 1
131 64 1
131 68 1
131 91 1
131 92 1
131 106 1
131 118 1
131 119 1
131 143 1
131 171 1
131 180 1
131 196 1
131 205 1
131 207 1
131 227 1
131 240 1
131 285 1
132 47 1
132 68 1
132 87 1
132 104 1
132 110 1
132 117 1
132 140 1
132 247 1
133 3 1
133 4 1
133 5 1
133 42 1
133 49 1
133 70 1
133 88 1
133 91 1
133 119 1
133 126 1
133 149 1
133 194 1
133 196 1
133 208 1
133 246 1
134 70 1
134 199 1
134 216 1
134 235 1
134 259 1
136 17 1
136 51 1
136 87 1
136 100 1
136 106 1
136 252 1
137 213 1
138 7 1
138 13 1
138 24 1
138 31 1
138 43 1
138 60 1
138 64 1
138 103 1
138 118 1
138 119 1
138 131 1
138 143 1
138 150 1
138 173 1
138 178 1
138 192 1
138 210 1
138 214 1
138 225 1
138 227 1
138 233 1
138 284 1
139 54 1
139 68 1
139 118 1
139 186 1
139 242 1
139 248 1
140 110 1
140 132 1
140 204 1
140 225 1
141 63 1
141 123 1
141 151 1
142 39 1
142 41 1
142 63 1
142 107 1
142 118 1
142 151 1
142 201 1
142 240 1
142 277 1
143 3 1
143 5 1
143 13 1
143 60 1
143 67 1
143 91 1
143 94 1
143 118 1
143 122 1
143 126 1
143 146 1
143 154 1
143 208 1
143 227 1
143 246 1
143 273 1
145 195 1
145 197 1
146 19 1
146 43 1
146 54 1
146 60 1
146 62 1
146 71 1
146 101 1
146 117 1
146 126 1
146 171 1
146 225 1
146 230 1
147 124 1
147 151 1
148 96 1
148 110 1
148 252 1
149 59 1
149 68 1
149 88 1
149 133 1
149 140 1
149 196 1
149 227 1
149 285 1
150 43 1
150 246 1
151 107 1
152 1 1
152 53 1
152 61 1
152 66 1
152 72 1
152 121 1
152 134 1
152 166 1
152 169 1
152 221 1
152 260 1
152 271 1
153 118 1
153 170 1
153 192 1
153 205 1
153 208 1
153 231 1
153 238 1
154 82 1
154 106 1
154 193 1
154 204 1
154 231 1
154 240 1
155 3 1
155 25 1
155 105 1
155 124 1
155 144 1
155 192 1
155 207 1
156 3 1
156 20 1
156 64 1
156 78 1
156 111 1
156 186 1
156 219 1
156 234 1
156 242 1
157 71 1
157 96 1
157 109 1
157 189 1
157 213 1
157 247 1
157 268 1
158 31 1
158 53 1
158 64 1
158 72 1
158 73 1
158 100 1
158 112 1
158 122 1
158 244 1
159 21 1
159 22 1
159 86 1
159 137 1
159 196 1
160 9 1
160 12 1
160 71 1
160 78 1
160 85 1
160 91 1
160 139 1
160 233 1
160 285 1
161 1 1
161 28 1
161 64 1
161 81 1
161 85 1
161 101 1
161 136 1
161 194 1
161 257 1
161 285 1
162 4 1
162 13 1
162 64 1
162 71 1
162 119 1
162 133 1
162 146 1
162 164 1
162 258 1
163 57 1
163 84 1
163 106 1
163 136 1
163 173 1
163 186 1
163 197 1
163 219 1
163 230 1
164 16 1
164 58 1
164 87 1
164 109 1
164 165 1
164 205 1
164 218 1
164 227 1
164 237 1
164 246 1
165 7 1
165 123 1
165 188 1
165 208 1
165 216 1
165 257 1
166 27 1
166 59 1
166 68 1
166 71 1
166 105 1
167 7 1
167 32 1
167 112 1
167 115 1
167 126 1
167 140 1
167 195 1
167 203 1
167 211 1
167 273 1
167 290 1
168 3 1
168 28 1
168 35 1
168 85 1
168 88 1
168 92 1
168 118 1
168 139 1
168 143 1
168 243 1
169 104 1
169 126 1
169 183 1
169 193 1
169 199 1
169 202 1
169 214 1
169 284 1
170 60 1
170 68 1
170 122 1
170 254 1
170 257 1
170 279 1
171 4 1
171 6 1
171 99 1
171 122 1
171 131 1
171 285 1
172 3 1
172 17 1
172 115 1
172 120 1
172 126 1
172 130 1
173 3 1
173 7 1
173 8 1
173 14 1
173 17 1
173 19 1
173 28 1
173 31 1
173 32 1
173 88 1
173 103 1
173 112 1
173 114 1
173 116 1
173 118 1
173 120 1
173 126 1
173 138 1
173 143 1
173 151 1
173 172 1
173 178 1
173 203 1
173 214 1
173 225 1
173 227 1
174 13 1
174 52 1
174 91 1
174 126 1
174 150 1
174 175 1
174 188 1
174 192 1
174 208 1
174 215 1
174 217 1
175 13 1
175 16 1
175 120 1
175 121 1
175 267 1
176 84 1
176 85 1
176 196 1
176 239 1
176 255 1
177 4 1
177 21 1
177 60 1
177 99 1
177 102 1
177 132 1
177 217 1
178 1 1
178 3 1
178 15 1
178 58 1
178 60 1
178 98 1
178 114 1
178 118 1
178 119 1
178 120 1
178 138 1
178 171 1
178 245 1
179 32 1
179 62 1
179 110 1
179 123 1
179 130 1
179 151 1
179 173 1
179 176 1
179 242 1
179 285 1
180 20 1
180 101 1
180 173 1
180 176 1
180 182 1
180 193 1
180 214 1
180 265 1
181 5 1
181 7 1
181 13 1
181 162 1
181 165 1
181 173 1
181 254 1
182 43 1
182 112 1
182 137 1
182 138 1
182 230 1
182 271 1
183 28 1
183 91 1
183 93 1
183 133 1
183 139 1
183 148 1
183 167 1
183 199 1
183 275 1
184 21 1
184 66 1
184 136 1
184 221 1
185 96 1
185 180 1
185 189 1
185 225 1
186 68 1
186 156 1
186 163 1
186 170 1
186 196 1
186 202 1
186 241 1
186 256 1
187 18 1
187 32 1
187 72 1
187 73 1
187 193 1
187 240 1
188 3 1
188 5 1
188 13 1
188 22 1
188 30 1
188 56 1
188 115 1
188 138 1
188 142 1
188 143 1
188 144 1
188 151 1
188 192 1
188 194 1
188 242 1
188 257 1
189 108 1
189 118 1
189 246 1
190 3 1
190 6 1
190 13 1
190 16 1
190 31 1
190 37 1
190 59 1
190 72 1
190 83 1
190 124 1
190 126 1
190 135 1
190 138 1
190 143 1
190 144 1
190 150 1
190 229 1
191 2 1
191 3 1
191 4 1
191 7 1
191 10 1
191 13 1
191 14 1
191 17 1
191 19 1
191 22 1
191 31 1
191 60 1
191 99 1
191 122 1
191 126 1
191 133 1
191 134 1
191 138 1
191 143 1
191 168 1
191 173 1
191 178 1
191 205 1
191 210 1
191 216 1
191 219 1
191 227 1
191 245 1
191 264 1
191 271 1
191 275 1
192 3 1
192 64 1
192 69 1
192 143 1
192 188 1
192 195 1
192 204 1
192 216 1
192 227 1
192 233 1
192 255 1
193 92 1
193 101 1
193 126 1
193 148 1
193 150 1
194 12 1
194 13 1
194 14 1
194 39 1
194 48 1
194 64 1
194 114 1
194 120 1
194 173 1
194 216 1
195 51 1
195 108 1
195 145 1
195 167 1
195 237 1
196 23 1
196 77 1
196 138 1
196 164 1
196 202 1
196 210 1
196 234 1
196 246 1
197 9 1
197 33 1
197 76 1
197 145 1
198 4 1
198 8 1
198 15 1
198 64 1
198 96 1
198 104 1
198 107 1
198 140 1
198 146 1
198 192 1
198 205 1
198 238 1
198 246 1
198 287 1
199 13 1
199 22 1
199 91 1
199 104 1
199 134 1
199 151 1
199 196 1
199 202 1
200 2 1
200 3 1
200 5 1
200 55 1
200 60 1
200 63 1
200 110 1
200 122 1
200 136 1
200 206 1
200 209 1
201 3 1
201 32 1
201 63 1
201 64 1
201 85 1
201 102 1
201 104 1
201 142 1
201 173 1
201 182 1
201 188 1
201 236 1
201 240 1
201 242 1
201 284 1
202 4 1
202 13 1
202 137 1
202 199 1
202 241 1
202 249 1
203 76 1
203 88 1
203 91 1
203 103 1
203 105 1
203 112 1
203 118 1
203 124 1
203 153 1
203 207 1
203 226 1
203 227 1
204 22 1
204 134 1
204 140 1
204 229 1
204 254 1
205 11 1
205 71 1
205 106 1
205 109 1
205 131 1
205 158 1
205 210 1
205 227 1
206 36 1
206 42 1
206 59 1
206 60 1
206 70 1
206 134 1
206 195 1
206 200 1
207 76 1
207 84 1
207 181 1
208 7 1
208 58 1
208 60 1
208 94 1
208 103 1
208 122 1
209 200 1
210 99 1
210 124 1
210 196 1
210 205 1
210 223 1
211 8 1
211 31 1
211 173 1
211 217 1
211 280 1
211 284 1
212 11 1
212 53 1
212 115 1
212 125 1
212 238 1
213 137 1
213 152 1
213 200 1
213 204 1
213 217 1
213 236 1
214 43 1
214 84 1
214 151 1
214 173 1
214 192 1
214 206 1
214 211 1
214 226 1
214 237 1
214 263 1
214 265 1
215 2 1
215 20 1
215 63 1
215 109 1
215 136 1
215 159 1
215 200 1
216 29 1
216 67 1
216 202 1
216 208 1
217 73 1
217 137 1
217 213 1
217 262 1
218 103 1
218 149 1
218 258 1
218 279 1
219 51 1
219 102 1
219 166 1
219 202 1
219 239 1
219 249 1
219 255 1
219 258 1
219 260 1
220 3 1
220 4 1
220 7 1
220 13 1
220 22 1
220 41 1
220 118 1
220 119 1
220 120 1
220 126 1
220 130 1
220 135 1
220 138 1
220 173 1
220 193 1
220 263 1
221 71 1
221 100 1
221 184 1
221 205 1
222 14 1
222 55 1
222 113 1
222 205 1
222 246 1
222 262 1
222 264 1
222 294 1
223 62 1
224 59 1
225 92 1
225 119 1
225 185 1
226 72 1
226 200 1
226 214 1
226 227 1
227 103 1
227 143 1
227 192 1
227 203 1
227 205 1
227 208 1
227 226 1
228 13 1
228 87 1
228 93 1
228 103 1
228 138 1
228 199 1
228 208 1
228 251 1
228 278 1
228 284 1
229 123 1
229 204 1
230 44 1
230 96 1
232 9 1
232 13 1
232 15 1
232 68 1
232 80 1
232 103 1
232 108 1
232 149 1
232 178 1
232 202 1
232 218 1
232 229 1
232 258 1
232 261 1
232 278 1
233 1 1
233 47 1
233 121 1
233 173 1
234 5 1
234 17 1
234 68 1
234 72 1
234 77 1
234 97 1
234 128 1
234 139 1
234 153 1
234 192 1
234 193 1
234 216 1
234 239 1
234 249 1
234 266 1
235 7 1
235 50 1
235 70 1
235 71 1
235 91 1
235 138 1
235 140 1
235 183 1
235 211 1
235 229 1
236 119 1
236 162 1
237 147 1
237 154 1
238 41 1
238 75 1
239 21 1
239 66 1
239 91 1
239 144 1
239 203 1
239 234 1
239 285 1
240 106 1
241 202 1
242 206 1
245 1 1
245 88 1
245 115 1
245 242 1
246 84 1
246 86 1
246 111 1
246 150 1
247 92 1
247 242 1
247 260 1
248 35 1
249 202 1
250 11 1
250 17 1
250 77 1
250 88 1
250 104 1
250 258 1
250 259 1
251 63 1
253 27 1
253 36 1
253 41 1
253 54 1
253 273 1
254 70 1
254 111 1
254 215 1
254 227 1
255 4 1
255 166 1
255 266 1
256 182 1
256 186 1
256 202 1
256 295 1
257 10 1
257 72 1
257 87 1
257 188 1
257 289 1
258 157 1
258 218 1
258 292 1
259 83 1
263 64 1
263 69 1
264 213 1
264 260 1
265 88 1
265 101 1
266 161 1
266 209 1
267 177 1
267 260 1
268 26 1
268 197 1
269 4 1
269 43 1
269 76 1
269 87 1
269 121 1
269 150 1
269 173 1
269 184 1
270 4 1
270 17 1
270 30 1
270 35 1
270 59 1
270 72 1
270 88 1
270 124 1
270 169 1
270 199 1
270 206 1
271 250 1
272 53 1
272 54 1
272 107 1
272 113 1
272 119 1
272 151 1
272 162 1
272 163 1
272 200 1
272 284 1
273 58 1
274 9 1
274 13 1
274 33 1
274 55 1
274 134 1
274 135 1
274 166 1
274 204 1
274 237 1
275 117 1
276 1 1
276 9 1
276 49 1
276 51 1
276 68 1
276 85 1
276 131 1
276 138 1
276 159 1
276 178 1
277 17 1
277 28 1
277 48 1
277 58 1
277 66 1
277 72 1
277 104 1
277 118 1
277 122 1
277 142 1
277 194 1
277 236 1
278 19 1
278 54 1
278 133 1
278 149 1
278 165 1
278 194 1
278 219 1
278 267 1
280 85 1
283 85 1
284 9 1
284 109 1
