1 35 1
1 55 1
2 6 1
2 13 1
2 21 1
2 28 1
2 60 1
2 68 1
2 85 1
2 88 1
2 91 1
2 97 1
2 118 1
2 173 1
2 183 1
2 186 1
2 202 1
2 205 1
2 208 1
2 210 1
2 214 1
2 215 1
2 226 1
2 230 1
2 236 1
2 285 1
3 5 1
3 7 1
3 13 1
3 16 1
3 17 1
3 19 1
3 22 1
3 42 1
3 64 1
3 68 1
3 72 1
3 88 1
3 92 1
3 93 1
3 96 1
3 110 1
3 117 1
3 119 1
3 122 1
3 126 1
3 128 1
3 130 1
3 134 1
3 137 1
3 138 1
3 151 1
3 159 1
3 166 1
3 192 1
3 196 1
3 199 1
3 204 1
3 205 1
3 206 1
3 208 1
3 214 1
3 219 1
3 225 1
3 227 1
3 242 1
3 246 1
4 3 1
4 7 1
4 13 1
4 14 1
4 43 1
4 49 1
4 60 1
4 64 1
4 70 1
4 72 1
4 87 1
4 91 1
4 96 1
4 98 1
4 99 1
4 103 1
4 108 1
4 109 1
4 118 1
4 120 1
4 126 1
4 133 1
4 138 1
4 173 1
4 192 1
4 199 1
4 205 1
4 206 1
4 207 1
4 208 1
4 227 1
4 240 1
4 296 1
5 4 1
5 9 1
5 14 1
5 16 1
5 17 1
5 19 1
5 20 1
5 46 1
5 49 1
5 59 1
5 60 1
5 72 1
5 84 1
5 88 1
5 91 1
5 92 1
5 102 1
5 112 1
5 120 1
5 131 1
5 138 1
5 147 1
5 151 1
5 173 1
5 184 1
5 192 1
5 205 1
5 207 1
5 208 1
5 217 1
5 225 1
5 227 1
5 229 1
5 238 1
5 246 1
6 13 1
6 87 1
6 125 1
6 159 1
6 163 1
6 202 1
6 216 1
6 284 1
7 2 1
7 13 1
7 15 1
7 28 1
7 43 1
7 55 1
7 63 1
7 64 1
7 68 1
7 99 1
7 103 1
7 106 1
7 115 1
7 118 1
7 119 1
7 124 1
7 126 1
7 150 1
7 173 1
7 194 1
7 196 1
7 199 1
7 202 1
7 208 1
7 240 1
7 245 1
7 271 1
8 3 1
8 4 1
8 13 1
8 75 1
8 92 1
8 103 1
8 118 1
8 126 1
8 131 1
8 142 1
8 167 1
8 173 1
8 186 1
8 227 1
9 4 1
9 14 1
9 72 1
9 101 1
9 112 1
9 117 1
9 143 1
9 219 1
9 229 1
9 271 1
10 3 1
10 43 1
10 85 1
10 97 1
10 120 1
10 150 1
10 219 1
10 275 1
11 17 1
11 118 1
11 124 1
11 128 1
11 130 1
11 209 1
11 240 1
11 252 1
11 257 1
12 13 1
12 104 1
12 149 1
12 150 1
12 151 1
12 176 1
12 190 1
13 2 1
13 3 1
13 17 1
13 19 1
13 22 1
13 28 1
13 60 1
13 63 1
13 64 1
13 71 1
13 72 1
13 85 1
13 87 1
13 88 1
13 91 1
13 93 1
13 94 1
13 102 1
13 105 1
13 107 1
13 110 1
13 114 1
13 119 1
13 122 1
13 123 1
13 126 1
13 133 1
13 137 1
13 149 1
13 159 1
13 173 1
13 178 1
13 192 1
13 196 1
13 203 1
13 204 1
13 205 1
13 206 1
13 208 1
13 214 1
13 226 1
13 227 1
13 239 1
13 246 1
13 285 1
14 9 1
14 13 1
14 19 1
14 27 1
14 28 1
14 39 1
14 49 1
14 60 1
14 85 1
14 91 1
14 94 1
14 108 1
14 110 1
14 111 1
14 120 1
14 124 1
14 130 1
14 143 1
14 149 1
14 185 1
14 192 1
14 203 1
14 205 1
14 214 1
14 246 1
14 271 1
15 42 1
15 68 1
15 85 1
15 118 1
15 121 1
15 133 1
15 173 1
15 174 1
15 181 1
15 196 1
15 208 1
15 214 1
15 231 1
15 234 1
15 235 1
15 241 1
15 289 1
16 97 1
16 193 1
16 196 1
16 225 1
17 11 1
17 53 1
17 116 1
18 3 1
18 68 1
18 101 1
18 193 1
18 204 1
18 260 1
19 72 1
19 91 1
19 198 1
19 205 1
20 54 1
20 87 1
20 115 1
20 163 1
20 172 1
20 213 1
21 54 1
21 60 1
21 99 1
21 118 1
21 134 1
21 151 1
21 152 1
21 158 1
21 268 1
22 2 1
22 35 1
22 64 1
22 99 1
22 114 1
22 122 1
22 128 1
22 202 1
22 238 1
22 240 1
22 244 1
22 246 1
22 283 1
23 55 1
23 75 1
23 96 1
23 104 1
23 119 1
23 122 1
23 153 1
23 155 1
23 199 1
23 223 1
23 225 1
23 268 1
23 273 1
23 286 1
24 4 1
24 17 1
24 94 1
24 106 1
24 116 1
24 131 1
24 138 1
24 143 1
24 173 1
24 183 1
24 185 1
24 199 1
24 200 1
24 206 1
24 207 1
24 215 1
24 227 1
24 240 1
24 279 1
25 99 1
25 135 1
25 141 1
25 202 1
25 265 1
26 11 1
26 68 1
26 132 1
26 179 1
26 228 1
27 164 1
27 259 1
28 15 1
28 94 1
28 102 1
28 192 1
28 281 1
29 5 1
29 53 1
29 202 1
29 233 1
30 86 1
30 188 1
30 202 1
30 238 1
30 258 1
30 275 1
31 205 1
31 221 1
31 257 1
32 10 1
32 76 1
32 124 1
32 141 1
32 194 1
32 199 1
32 248 1
32 262 1
33 67 1
33 140 1
33 216 1
33 221 1
33 260 1
34 6 1
34 43 1
34 74 1
34 78 1
34 87 1
34 136 1
34 137 1
34 138 1
34 146 1
34 150 1
34 167 1
34 234 1
34 285 1
35 58 1
35 96 1
35 151 1
35 210 1
35 213 1
36 3 1
36 4 1
36 5 1
36 10 1
36 13 1
36 49 1
36 85 1
36 94 1
36 103 1
36 126 1
36 137 1
36 138 1
36 211 1
36 227 1
36 260 1
36 287 1
37 13 1
37 77 1
37 94 1
37 115 1
37 182 1
37 216 1
37 218 1
38 9 1
38 21 1
38 55 1
38 72 1
38 112 1
39 10 1
39 42 1
39 136 1
40 3 1
40 4 1
40 13 1
40 29 1
40 54 1
40 66 1
40 122 1
40 126 1
40 170 1
40 247 1
41 5 1
41 18 1
41 107 1
41 129 1
41 204 1
42 43 1
42 138 1
42 139 1
42 206 1
42 218 1
42 290 1
43 28 1
43 70 1
43 92 1
43 94 1
43 104 1
43 123 1
43 139 1
43 150 1
43 168 1
43 173 1
44 3 1
44 21 1
44 60 1
44 67 1
44 91 1
44 117 1
44 118 1
44 119 1
44 126 1
44 182 1
44 199 1
44 230 1
44 239 1
44 260 1
44 285 1
45 2 1
45 3 1
45 4 1
45 5 1
45 6 1
45 7 1
45 9 1
45 13 1
45 14 1
45 16 1
45 19 1
45 20 1
45 24 1
45 26 1
45 28 1
45 31 1
45 32 1
45 33 1
45 34 1
45 35 1
45 36 1
45 39 1
45 41 1
45 42 1
45 43 1
45 44 1
45 48 1
45 49 1
45 51 1
45 53 1
45 57 1
45 59 1
45 60 1
45 61 1
45 64 1
45 68 1
45 70 1
45 72 1
45 76 1
45 85 1
45 86 1
45 87 1
45 90 1
45 91 1
45 93 1
45 94 1
45 96 1
45 98 1
45 99 1
45 103 1
45 104 1
45 106 1
45 108 1
45 110 1
45 112 1
45 114 1
45 115 1
45 116 1
45 118 1
45 119 1
45 120 1
45 122 1
45 123 1
45 124 1
45 126 1
45 128 1
45 130 1
45 131 1
45 132 1
45 133 1
45 135 1
45 136 1
45 137 1
45 138 1
45 139 1
45 140 1
45 142 1
45 143 1
45 144 1
45 147 1
45 149 1
45 150 1
45 152 1
45 154 1
45 162 1
45 163 1
45 164 1
45 165 1
45 169 1
45 170 1
45 172 1
45 173 1
45 177 1
45 178 1
45 180 1
45 182 1
45 185 1
45 186 1
45 188 1
45 192 1
45 193 1
45 196 1
45 197 1
45 199 1
45 200 1
45 202 1
45 203 1
45 204 1
45 205 1
45 206 1
45 207 1
45 208 1
45 209 1
45 210 1
45 211 1
45 214 1
45 216 1
45 219 1
45 221 1
45 225 1
45 227 1
45 230 1
45 232 1
45 233 1
45 238 1
45 245 1
45 246 1
45 256 1
45 257 1
45 274 1
45 277 1
45 279 1
45 284 1
45 285 1
46 10 1
46 14 1
46 28 1
46 137 1
46 284 1
47 17 1
47 27 1
47 39 1
47 73 1
47 112 1
47 118 1
47 128 1
47 143 1
47 164 1
47 173 1
47 196 1
47 205 1
47 208 1
47 234 1
48 3 1
48 5 1
48 10 1
48 13 1
48 43 1
48 85 1
48 99 1
48 106 1
48 112 1
48 119 1
48 126 1
48 131 1
48 138 1
48 143 1
48 152 1
48 173 1
48 188 1
48 201 1
49 3 1
49 4 1
49 5 1
49 13 1
49 14 1
49 19 1
49 60 1
49 77 1
49 91 1
49 94 1
49 126 1
49 131 1
49 138 1
49 149 1
49 163 1
49 173 1
49 205 1
49 207 1
49 208 1
49 225 1
50 4 1
50 27 1
50 32 1
50 60 1
50 100 1
50 111 1
50 129 1
50 164 1
50 188 1
50 192 1
50 204 1
50 206 1
50 278 1
51 31 1
51 59 1
51 60 1
51 110 1
51 150 1
51 249 1
52 88 1
52 95 1
52 117 1
52 134 1
52 207 1
52 209 1
52 215 1
52 248 1
52 256 1
53 1 1
53 7 1
53 61 1
53 71 1
53 128 1
53 188 1
53 229 1
54 134 1
56 13 1
56 70 1
56 154 1
56 209 1
56 225 1
57 21 1
57 172 1
57 231 1
59 60 1
59 140 1
59 148 1
59 170 1
59 195 1
59 205 1
59 297 1
60 2 1
60 14 1
60 19 1
60 43 1
60 59 1
60 85 1
60 91 1
60 119 1
60 120 1
60 173 1
60 200 1
60 205 1
60 248 1
61 1 1
61 21 1
61 31 1
61 146 1
61 188 1
62 16 1
62 83 1
62 100 1
63 122 1
64 63 1
64 99 1
64 122 1
64 186 1
64 258 1
65 48 1
65 53 1
65 59 1
65 69 1
65 77 1
65 157 1
65 171 1
65 197 1
65 205 1
65 225 1
65 254 1
66 21 1
66 88 1
66 218 1
66 229 1
66 254 1
67 33 1
67 145 1
67 195 1
68 7 1
68 15 1
68 63 1
68 196 1
68 205 1
68 208 1
69 51 1
69 84 1
69 240 1
69 266 1
70 116 1
70 133 1
71 226 1
72 10 1
72 16 1
72 19 1
72 64 1
72 96 1
72 120 1
72 185 1
73 4 1
73 9 1
73 12 1
73 70 1
73 100 1
73 130 1
73 137 1
73 143 1
73 226 1
73 242 1
73 256 1
74 3 1
74 8 1
74 66 1
74 75 1
74 107 1
74 109 1
74 115 1
74 119 1
74 126 1
74 143 1
74 173 1
74 178 1
74 185 1
74 205 1
74 215 1
74 259 1
74 273 1
75 3 1
75 7 1
75 8 1
75 15 1
75 59 1
75 61 1
75 68 1
75 70 1
75 74 1
75 104 1
75 119 1
75 126 1
75 138 1
75 163 1
75 173 1
75 208 1
75 270 1
75 276 1
76 32 1
76 37 1
76 83 1
76 87 1
76 96 1
76 133 1
76 144 1
76 154 1
76 163 1
76 202 1
76 220 1
76 230 1
76 251 1
77 32 1
77 69 1
78 32 1
78 43 1
78 55 1
78 100 1
78 111 1
78 139 1
78 173 1
78 184 1
78 246 1
78 258 1
79 105 1
79 106 1
79 151 1
79 161 1
79 237 1
79 279 1
80 67 1
80 77 1
80 156 1
80 217 1
81 54 1
82 103 1
82 262 1
83 118 1
83 279 1
84 118 1
84 212 1
85 3 1
85 5 1
85 16 1
85 35 1
85 43 1
85 57 1
85 58 1
85 68 1
85 73 1
85 84 1
85 101 1
85 104 1
85 106 1
85 108 1
85 120 1
85 123 1
85 126 1
85 143 1
85 151 1
85 153 1
85 158 1
85 173 1
85 177 1
85 179 1
85 203 1
85 206 1
85 212 1
85 226 1
85 237 1
85 242 1
85 246 1
85 260 1
85 261 1
85 262 1
85 276 1
85 284 1
86 13 1
86 42 1
86 70 1
86 71 1
86 133 1
86 138 1
86 148 1
86 149 1
86 215 1
86 225 1
86 284 1
87 3 1
87 7 1
87 11 1
87 13 1
87 17 1
87 28 1
87 60 1
87 64 1
87 69 1
87 71 1
87 72 1
87 85 1
87 88 1
87 91 1
87 96 1
87 99 1
87 104 1
87 109 1
87 113 1
87 115 1
87 118 1
87 119 1
87 122 1
87 123 1
87 126 1
87 132 1
87 133 1
87 143 1
87 173 1
87 192 1
87 194 1
87 196 1
87 205 1
87 208 1
87 226 1
87 233 1
88 12 1
88 112 1
88 155 1
88 212 1
88 240 1
88 246 1
88 264 1
89 4 1
89 60 1
89 146 1
89 246 1
89 259 1
90 4 1
90 85 1
90 113 1
90 134 1
90 150 1
90 204 1
90 241 1
90 283 1
91 2 1
91 19 1
91 60 1
91 67 1
91 72 1
91 204 1
91 275 1
92 84 1
92 213 1
93 118 1
94 3 1
94 28 1
94 33 1
94 67 1
94 138 1
94 192 1
94 227 1
95 56 1
95 92 1
95 143 1
96 13 1
96 72 1
96 76 1
96 107 1
96 143 1
96 229 1
97 17 1
97 66 1
97 135 1
97 285 1
98 32 1
98 103 1
98 111 1
98 130 1
98 139 1
98 143 1
98 169 1
98 173 1
98 180 1
98 190 1
98 194 1
98 246 1
98 257 1
98 281 1
99 3 1
99 13 1
99 32 1
99 48 1
99 59 1
99 64 1
99 68 1
99 119 1
99 126 1
99 173 1
99 182 1
99 189 1
99 203 1
99 205 1
99 208 1
99 226 1
99 227 1
99 255 1
99 285 1
100 73 1
100 86 1
100 107 1
100 140 1
100 181 1
101 18 1
101 33 1
101 176 1
102 16 1
102 118 1
102 130 1
102 151 1
102 218 1
102 229 1
103 3 1
103 4 1
103 5 1
103 17 1
103 36 1
103 98 1
103 106 1
103 112 1
103 131 1
103 146 1
103 178 1
103 194 1
104 3 1
104 43 1
104 59 1
104 92 1
104 94 1
104 126 1
104 138 1
104 170 1
104 197 1
104 227 1
104 253 1
105 53 1
105 65 1
105 67 1
105 121 1
105 125 1
105 221 1
105 282 1
106 3 1
106 5 1
106 48 1
106 63 1
106 119 1
106 146 1
106 188 1
106 189 1
107 71 1
107 74 1
107 119 1
107 143 1
107 169 1
107 204 1
107 294 1
108 3 1
108 9 1
108 51 1
108 70 1
108 71 1
108 120 1
108 167 1
109 3 1
109 13 1
109 64 1
109 103 1
109 107 1
109 112 1
109 118 1
109 120 1
109 247 1
109 257 1
109 279 1
110 14 1
110 27 1
110 32 1
110 62 1
110 111 1
110 192 1
111 22 1
111 62 1
111 150 1
111 223 1
112 4 1
112 9 1
112 138 1
112 143 1
112 171 1
112 219 1
112 225 1
113 39 1
113 51 1
113 55 1
113 89 1
113 134 1
113 188 1
113 189 1
114 87 1
114 101 1
114 122 1
114 132 1
114 178 1
114 194 1
114 196 1
114 203 1
114 207 1
114 222 1
114 238 1
114 279 1
115 3 1
115 4 1
115 7 1
115 22 1
115 59 1
115 68 1
115 83 1
115 94 1
115 118 1
115 124 1
115 126 1
115 133 1
115 138 1
115 140 1
115 150 1
115 173 1
115 192 1
115 193 1
115 196 1
115 200 1
115 202 1
115 204 1
115 205 1
115 208 1
115 285 1
116 1 1
116 4 1
116 24 1
116 64 1
116 70 1
116 120 1
116 121 1
116 133 1
116 207 1
117 80 1
117 210 1
117 260 1
118 2 1
118 3 1
118 6 1
118 7 1
118 13 1
118 44 1
118 55 1
118 60 1
118 67 1
118 71 1
118 85 1
118 88 1
118 91 1
118 109 1
118 117 1
118 119 1
118 124 1
118 126 1
118 162 1
118 194 1
118 199 1
118 202 1
118 208 1
118 214 1
118 242 1
118 281 1
119 3 1
119 5 1
119 7 1
119 10 1
119 11 1
119 15 1
119 31 1
119 43 1
119 48 1
119 58 1
119 64 1
119 68 1
119 101 1
119 106 1
119 117 1
119 122 1
119 123 1
119 130 1
119 131 1
119 143 1
119 150 1
119 172 1
119 173 1
119 200 1
119 208 1
119 226 1
119 229 1
119 245 1
119 246 1
119 249 1
119 278 1
120 9 1
120 14 1
120 18 1
120 19 1
120 33 1
120 43 1
120 60 1
120 67 1
120 71 1
120 72 1
120 91 1
120 102 1
120 108 1
120 116 1
120 118 1
120 130 1
120 143 1
120 185 1
120 192 1
120 220 1
121 64 1
121 92 1
121 195 1
121 258 1
122 63 1
122 64 1
122 114 1
123 3 1
123 21 1
123 43 1
123 104 1
123 117 1
123 119 1
123 126 1
123 150 1
123 173 1
123 198 1
123 214 1
124 7 1
124 28 1
124 32 1
124 64 1
124 68 1
124 88 1
124 91 1
124 170 1
124 194 1
124 199 1
124 202 1
125 6 1
125 64 1
125 73 1
125 107 1
125 148 1
125 208 1
125 220 1
125 276 1
126 3 1
126 5 1
126 13 1
126 42 1
126 48 1
126 60 1
126 64 1
126 68 1
126 91 1
126 96 1
126 99 1
126 110 1
126 119 1
126 138 1
126 142 1
126 173 1
126 186 1
126 192 1
126 206 1
126 219 1
126 226 1
126 243 1
126 246 1
126 256 1
126 277 1
127 85 1
127 88 1
127 142 1
128 11 1
128 216 1
129 41 1
129 207 1
129 215 1
130 11 1
130 120 1
130 143 1
130 209 1
130 213 1
130 258 1
131 3 1
131 4 1
131 5 1
131 17 1
131 48 1
131 70 1
131 96 1
131 103 1
131 106 1
131 112 1
131 116 1
131 138 1
131 143 1
131 146 1
131 151 1
131 169 1
131 188 1
131 225 1
132 10 1
132 11 1
132 13 1
132 18 1
132 91 1
132 114 1
132 136 1
132 196 1
133 15 1
133 54 1
133 70 1
133 99 1
133 116 1
133 118 1
133 126 1
133 134 1
133 136 1
133 150 1
133 164 1
133 170 1
133 173 1
133 190 1
133 217 1
134 28 1
134 54 1
134 148 1
134 212 1
134 238 1
136 10 1
136 83 1
136 99 1
136 153 1
136 220 1
136 269 1
137 197 1
138 3 1
138 17 1
138 19 1
138 29 1
138 52 1
138 53 1
138 87 1
138 94 1
138 110 1
138 112 1
138 122 1
138 131 1
138 134 1
138 151 1
138 187 1
138 192 1
138 214 1
138 219 1
138 225 1
138 227 1
138 285 1
138 291 1
139 9 1
139 144 1
139 180 1
139 207 1
139 251 1
139 256 1
140 33 1
140 196 1
140 203 1
140 257 1
141 8 1
141 117 1
141 172 1
142 8 1
142 51 1
142 83 1
142 112 1
142 119 1
142 126 1
142 127 1
142 133 1
142 285 1
143 5 1
143 49 1
143 73 1
143 84 1
143 85 1
143 96 1
143 112 1
143 115 1
143 118 1
143 130 1
143 131 1
143 185 1
143 215 1
143 242 1
143 246 1
143 262 1
145 67 1
145 195 1
146 3 1
146 13 1
146 17 1
146 66 1
146 72 1
146 87 1
146 106 1
146 119 1
146 121 1
146 138 1
146 178 1
146 227 1
147 6 1
147 119 1
148 8 1
148 125 1
148 154 1
149 13 1
149 19 1
149 28 1
149 72 1
149 87 1
149 210 1
149 231 1
149 234 1
150 43 1
150 111 1
151 131 1
152 5 1
152 13 1
152 19 1
152 54 1
152 60 1
152 64 1
152 85 1
152 91 1
152 101 1
152 118 1
152 221 1
152 249 1
153 17 1
153 50 1
153 160 1
153 166 1
153 178 1
153 188 1
153 246 1
154 9 1
154 13 1
154 64 1
154 109 1
154 209 1
154 279 1
155 32 1
155 62 1
155 85 1
155 177 1
155 200 1
155 224 1
155 241 1
156 15 1
156 33 1
156 59 1
156 60 1
156 162 1
156 171 1
156 211 1
156 233 1
156 237 1
157 17 1
157 35 1
157 83 1
157 161 1
157 179 1
157 194 1
157 225 1
158 25 1
158 54 1
158 91 1
158 99 1
158 103 1
158 126 1
158 146 1
158 242 1
158 250 1
159 46 1
159 77 1
159 178 1
159 255 1
159 280 1
160 22 1
160 78 1
160 131 1
160 140 1
160 143 1
160 185 1
160 219 1
160 227 1
160 258 1
161 17 1
161 20 1
161 21 1
161 53 1
161 63 1
161 102 1
161 165 1
161 186 1
161 236 1
161 280 1
162 60 1
162 72 1
162 135 1
162 149 1
162 156 1
162 183 1
162 194 1
162 210 1
162 262 1
163 76 1
163 87 1
163 106 1
163 133 1
163 138 1
163 165 1
163 188 1
163 211 1
163 283 1
164 1 1
164 9 1
164 19 1
164 31 1
164 118 1
164 157 1
164 166 1
164 193 1
164 206 1
164 288 1
165 4 1
165 103 1
165 116 1
165 172 1
165 214 1
165 241 1
166 17 1
166 58 1
166 109 1
166 198 1
166 200 1
167 13 1
167 46 1
167 68 1
167 108 1
167 128 1
167 135 1
167 155 1
167 192 1
167 193 1
167 204 1
167 212 1
168 1 1
168 5 1
168 51 1
168 64 1
168 102 1
168 109 1
168 158 1
168 193 1
168 196 1
168 254 1
169 47 1
169 134 1
169 143 1
169 181 1
169 221 1
169 224 1
169 240 1
169 259 1
170 7 1
170 42 1
170 79 1
170 106 1
170 119 1
170 202 1
171 25 1
171 28 1
171 66 1
171 119 1
171 156 1
171 257 1
172 20 1
172 66 1
172 141 1
172 204 1
172 216 1
172 245 1
173 3 1
173 7 1
173 28 1
173 43 1
173 59 1
173 68 1
173 92 1
173 94 1
173 99 1
173 104 1
173 110 1
173 115 1
173 117 1
173 123 1
173 124 1
173 126 1
173 138 1
173 150 1
173 196 1
173 199 1
173 200 1
173 205 1
173 208 1
173 227 1
173 267 1
173 285 1
174 13 1
174 22 1
174 85 1
174 112 1
174 136 1
174 149 1
174 169 1
174 170 1
174 219 1
174 225 1
174 280 1
175 62 1
175 132 1
175 160 1
175 180 1
175 182 1
176 51 1
176 56 1
176 171 1
176 210 1
176 241 1
177 54 1
177 90 1
177 179 1
177 180 1
177 201 1
177 203 1
177 207 1
178 1 1
178 2 1
178 60 1
178 66 1
178 87 1
178 103 1
178 109 1
178 114 1
178 151 1
178 205 1
178 216 1
178 263 1
178 278 1
179 15 1
179 20 1
179 58 1
179 59 1
179 78 1
179 113 1
179 169 1
179 242 1
179 254 1
179 265 1
180 13 1
180 22 1
180 146 1
180 149 1
180 169 1
180 206 1
180 229 1
180 278 1
181 1 1
181 71 1
181 136 1
181 160 1
181 217 1
181 226 1
181 256 1
182 13 1
182 64 1
182 65 1
182 90 1
182 92 1
182 126 1
183 16 1
183 18 1
183 53 1
183 103 1
183 112 1
183 122 1
183 170 1
183 208 1
183 233 1
184 6 1
184 55 1
184 78 1
184 124 1
185 17 1
185 35 1
185 72 1
185 143 1
186 1 1
186 64 1
186 126 1
186 135 1
186 159 1
186 219 1
186 226 1
186 230 1
187 5 1
187 59 1
187 60 1
187 162 1
187 229 1
187 293 1
188 4 1
188 13 1
188 35 1
188 62 1
188 63 1
188 87 1
188 102 1
188 106 1
188 109 1
188 126 1
188 146 1
188 189 1
188 210 1
188 239 1
188 268 1
188 276 1
189 209 1
189 237 1
189 245 1
190 12 1
190 13 1
190 22 1
190 84 1
190 126 1
190 133 1
190 135 1
190 149 1
190 173 1
190 199 1
190 208 1
190 210 1
190 217 1
190 240 1
190 245 1
190 246 1
190 282 1
191 3 1
191 7 1
191 13 1
191 14 1
191 39 1
191 44 1
191 59 1
191 63 1
191 87 1
191 94 1
191 110 1
191 115 1
191 119 1
191 122 1
191 124 1
191 126 1
191 138 1
191 139 1
191 151 1
191 167 1
191 168 1
191 173 1
191 192 1
191 194 1
191 196 1
191 200 1
191 205 1
191 214 1
191 227 1
191 236 1
191 264 1
192 53 1
192 63 1
192 91 1
192 110 1
192 122 1
192 138 1
192 199 1
192 206 1
192 214 1
192 241 1
192 247 1
193 51 1
193 82 1
193 131 1
193 150 1
193 200 1
194 32 1
194 39 1
194 78 1
194 124 1
194 134 1
194 173 1
194 196 1
194 219 1
194 258 1
194 273 1
195 67 1
195 84 1
195 145 1
195 193 1
195 272 1
196 1 1
196 23 1
196 88 1
196 104 1
196 110 1
196 126 1
196 173 1
196 203 1
197 59 1
197 133 1
197 137 1
197 200 1
198 3 1
198 19 1
198 43 1
198 73 1
198 87 1
198 100 1
198 117 1
198 123 1
198 126 1
198 138 1
198 143 1
198 173 1
198 205 1
198 211 1
199 7 1
199 43 1
199 44 1
199 64 1
199 119 1
199 124 1
199 143 1
199 194 1
200 21 1
200 30 1
200 68 1
200 94 1
200 138 1
200 173 1
200 197 1
200 201 1
200 227 1
200 252 1
200 285 1
201 3 1
201 57 1
201 94 1
201 105 1
201 126 1
201 127 1
201 138 1
201 177 1
201 180 1
201 192 1
201 200 1
201 227 1
201 230 1
201 231 1
201 285 1
202 2 1
202 32 1
202 124 1
202 166 1
202 204 1
202 218 1
203 5 1
203 14 1
203 15 1
203 96 1
203 110 1
203 114 1
203 140 1
203 143 1
203 178 1
203 205 1
203 217 1
203 227 1
204 38 1
204 41 1
204 161 1
204 219 1
204 284 1
205 14 1
205 59 1
205 118 1
205 178 1
205 203 1
205 208 1
205 227 1
205 233 1
206 42 1
206 51 1
206 102 1
206 111 1
206 121 1
206 141 1
206 221 1
206 229 1
207 32 1
207 116 1
207 156 1
208 3 1
208 13 1
208 68 1
208 178 1
208 205 1
208 285 1
209 130 1
210 32 1
210 35 1
210 125 1
210 135 1
210 230 1
211 14 1
211 41 1
211 62 1
211 134 1
211 196 1
211 204 1
212 54 1
212 84 1
212 134 1
212 171 1
212 189 1
213 20 1
213 35 1
213 170 1
213 212 1
213 233 1
213 266 1
214 14 1
214 59 1
214 60 1
214 72 1
214 91 1
214 112 1
214 131 1
214 143 1
214 185 1
214 192 1
214 202 1
215 58 1
215 74 1
215 88 1
215 90 1
215 109 1
215 117 1
215 210 1
216 53 1
216 105 1
216 192 1
216 195 1
217 112 1
217 125 1
217 203 1
217 249 1
218 2 1
218 37 1
218 166 1
218 202 1
219 64 1
219 72 1
219 81 1
219 91 1
219 102 1
219 144 1
219 231 1
219 242 1
219 285 1
220 32 1
220 69 1
220 76 1
220 131 1
220 134 1
220 138 1
220 144 1
220 165 1
220 199 1
220 202 1
220 227 1
220 239 1
220 251 1
220 254 1
220 258 1
220 283 1
221 31 1
221 88 1
221 121 1
221 206 1
222 3 1
222 57 1
222 67 1
222 114 1
222 128 1
222 196 1
222 219 1
222 231 1
223 16 1
224 229 1
225 16 1
225 73 1
225 227 1
226 63 1
226 71 1
226 124 1
226 186 1
227 3 1
227 94 1
227 138 1
227 205 1
227 208 1
227 225 1
227 246 1
228 8 1
228 33 1
228 56 1
228 77 1
228 116 1
228 173 1
228 176 1
228 177 1
228 231 1
228 283 1
229 53 1
229 96 1
230 186 1
230 210 1
232 27 1
232 58 1
232 63 1
232 85 1
232 140 1
232 143 1
232 146 1
232 149 1
232 168 1
232 171 1
232 207 1
232 237 1
232 251 1
232 254 1
232 267 1
233 12 1
233 59 1
233 277 1
233 279 1
234 3 1
234 5 1
234 13 1
234 47 1
234 70 1
234 78 1
234 87 1
234 96 1
234 99 1
234 125 1
234 126 1
234 173 1
234 181 1
234 208 1
234 285 1
235 83 1
235 94 1
235 100 1
235 157 1
235 167 1
235 178 1
235 192 1
235 214 1
235 248 1
235 264 1
236 13 1
236 91 1
237 122 1
237 175 1
238 30 1
238 114 1
239 5 1
239 88 1
239 93 1
239 102 1
239 131 1
239 138 1
239 188 1
240 7 1
241 165 1
242 119 1
245 20 1
245 118 1
245 161 1
245 172 1
246 41 1
246 88 1
246 136 1
246 292 1
247 37 1
247 150 1
247 195 1
248 32 1
249 217 1
250 7 1
250 28 1
250 58 1
250 119 1
250 136 1
250 138 1
250 247 1
251 263 1
253 4 1
253 31 1
253 118 1
253 245 1
253 295 1
254 151 1
254 158 1
254 238 1
254 255 1
255 162 1
255 218 1
255 266 1
256 21 1
256 87 1
256 139 1
256 217 1
257 31 1
257 101 1
257 112 1
257 171 1
257 254 1
258 47 1
258 78 1
258 216 1
259 117 1
263 231 1
263 248 1
264 246 1
264 284 1
265 110 1
265 120 1
266 31 1
266 51 1
267 30 1
267 120 1
268 16 1
268 51 1
269 4 1
269 114 1
269 118 1
269 140 1
269 193 1
269 259 1
269 260 1
269 273 1
270 9 1
270 13 1
270 31 1
270 42 1
270 86 1
270 161 1
270 179 1
270 192 1
270 203 1
270 217 1
270 249 1
271 217 1
272 54 1
272 58 1
272 92 1
272 98 1
272 131 1
272 154 1
272 204 1
272 254 1
272 262 1
272 277 1
273 153 1
274 57 1
274 76 1
274 92 1
274 104 1
274 116 1
274 130 1
274 143 1
274 154 1
274 222 1
275 168 1
276 32 1
276 69 1
276 107 1
276 124 1
276 125 1
276 146 1
276 147 1
276 194 1
276 208 1
276 233 1
277 3 1
277 30 1
277 115 1
277 118 1
277 119 1
277 120 1
277 126 1
277 150 1
277 169 1
277 192 1
277 199 1
277 246 1
278 12 1
278 30 1
278 102 1
278 113 1
278 172 1
278 218 1
278 239 1
278 247 1
280 171 1
283 16 1
284 5 1
284 204 1
