1 108 1
1 119 1
2 3 1
2 4 1
2 7 1
2 13 1
2 14 1
2 19 1
2 24 1
2 32 1
2 48 1
2 59 1
2 64 1
2 91 1
2 96 1
2 104 1
2 119 1
2 120 1
2 124 1
2 126 1
2 130 1
2 172 1
2 188 1
2 192 1
2 209 1
2 223 1
3 7 1
3 17 1
3 21 1
3 31 1
3 32 1
3 59 1
3 63 1
3 64 1
3 67 1
3 68 1
3 73 1
3 78 1
3 94 1
3 96 1
3 102 1
3 108 1
3 112 1
3 116 1
3 118 1
3 122 1
3 127 1
3 131 1
3 135 1
3 137 1
3 138 1
3 140 1
3 146 1
3 148 1
3 150 1
3 173 1
3 179 1
3 194 1
3 196 1
3 199 1
3 204 1
3 205 1
3 207 1
3 208 1
3 225 1
3 258 1
3 285 1
4 3 1
4 5 1
4 7 1
4 13 1
4 14 1
4 28 1
4 32 1
4 46 1
4 71 1
4 78 1
4 85 1
4 91 1
4 92 1
4 105 1
4 114 1
4 119 1
4 126 1
4 138 1
4 143 1
4 146 1
4 168 1
4 173 1
4 185 1
4 196 1
4 205 1
4 208 1
4 216 1
4 220 1
4 222 1
4 227 1
4 229 1
4 248 1
4 265 1
5 3 1
5 7 1
5 13 1
5 14 1
5 32 1
5 43 1
5 59 1
5 60 1
5 63 1
5 64 1
5 72 1
5 91 1
5 94 1
5 96 1
5 101 1
5 120 1
5 122 1
5 138 1
5 143 1
5 158 1
5 173 1
5 178 1
5 194 1
5 196 1
5 202 1
5 204 1
5 208 1
5 217 1
5 225 1
5 226 1
5 227 1
5 242 1
5 266 1
5 284 1
5 285 1
6 3 1
6 94 1
6 110 1
6 117 1
6 142 1
6 195 1
6 234 1
6 285 1
7 3 1
7 5 1
7 13 1
7 17 1
7 28 1
7 39 1
7 43 1
7 60 1
7 63 1
7 64 1
7 68 1
7 72 1
7 91 1
7 94 1
7 110 1
7 119 1
7 124 1
7 126 1
7 138 1
7 172 1
7 188 1
7 196 1
7 204 1
7 205 1
7 217 1
7 225 1
7 227 1
8 11 1
8 12 1
8 13 1
8 17 1
8 30 1
8 73 1
8 85 1
8 88 1
8 91 1
8 115 1
8 130 1
8 135 1
8 143 1
8 160 1
9 10 1
9 31 1
9 51 1
9 60 1
9 85 1
9 118 1
9 119 1
9 125 1
9 193 1
9 238 1
10 21 1
10 35 1
10 80 1
10 90 1
10 106 1
10 260 1
10 268 1
10 279 1
11 3 1
11 8 1
11 20 1
11 119 1
11 130 1
11 140 1
11 167 1
11 198 1
11 205 1
12 70 1
12 92 1
12 156 1
12 207 1
12 217 1
12 239 1
12 283 1
13 3 1
13 7 1
13 9 1
13 14 1
13 32 1
13 42 1
13 43 1
13 58 1
13 59 1
13 60 1
13 63 1
13 64 1
13 67 1
13 72 1
13 78 1
13 83 1
13 91 1
13 106 1
13 110 1
13 115 1
13 120 1
13 121 1
13 126 1
13 143 1
13 146 1
13 149 1
13 150 1
13 159 1
13 172 1
13 178 1
13 179 1
13 185 1
13 186 1
13 196 1
13 199 1
13 202 1
13 204 1
13 205 1
13 208 1
13 211 1
13 214 1
13 225 1
13 227 1
13 245 1
13 257 1
14 1 1
14 2 1
14 3 1
14 4 1
14 18 1
14 32 1
14 59 1
14 64 1
14 91 1
14 96 1
14 126 1
14 130 1
14 138 1
14 153 1
14 173 1
14 178 1
14 186 1
14 192 1
14 194 1
14 199 1
14 203 1
14 205 1
14 208 1
14 227 1
14 229 1
14 241 1
15 1 1
15 3 1
15 19 1
15 94 1
15 102 1
15 103 1
15 104 1
15 108 1
15 112 1
15 118 1
15 131 1
15 151 1
15 192 1
15 196 1
15 221 1
15 229 1
15 258 1
16 15 1
16 65 1
16 96 1
16 171 1
17 56 1
17 145 1
17 263 1
18 62 1
18 69 1
18 144 1
18 255 1
18 266 1
18 284 1
19 3 1
19 48 1
19 124 1
19 131 1
20 5 1
20 11 1
20 111 1
20 140 1
20 143 1
20 173 1
21 110 1
21 117 1
21 151 1
21 163 1
21 199 1
21 206 1
21 212 1
21 254 1
21 258 1
22 13 1
22 26 1
22 67 1
22 88 1
22 91 1
22 120 1
22 126 1
22 139 1
22 141 1
22 173 1
22 208 1
22 242 1
22 246 1
23 4 1
23 13 1
23 35 1
23 70 1
23 87 1
23 105 1
23 143 1
23 151 1
23 162 1
23 170 1
23 208 1
23 219 1
23 246 1
23 247 1
24 2 1
24 3 1
24 7 1
24 13 1
24 28 1
24 31 1
24 96 1
24 99 1
24 119 1
24 121 1
24 124 1
24 126 1
24 133 1
24 138 1
24 143 1
24 173 1
24 184 1
24 188 1
24 205 1
25 33 1
25 104 1
25 118 1
25 240 1
25 247 1
26 73 1
26 103 1
26 251 1
26 277 1
26 285 1
27 73 1
27 118 1
28 113 1
28 132 1
28 144 1
28 259 1
28 281 1
29 117 1
29 207 1
29 282 1
29 283 1
30 3 1
30 59 1
30 142 1
30 148 1
30 188 1
30 285 1
31 71 1
31 169 1
31 258 1
32 9 1
32 13 1
32 120 1
32 138 1
32 203 1
32 207 1
32 227 1
32 262 1
33 41 1
33 122 1
33 165 1
33 171 1
33 231 1
34 5 1
34 13 1
34 70 1
34 87 1
34 140 1
34 151 1
34 182 1
34 202 1
34 204 1
34 207 1
34 220 1
34 245 1
34 266 1
35 32 1
35 150 1
35 185 1
35 197 1
35 276 1
36 3 1
36 13 1
36 43 1
36 53 1
36 59 1
36 64 1
36 84 1
36 116 1
36 124 1
36 126 1
36 136 1
36 147 1
36 173 1
36 183 1
36 192 1
36 214 1
37 48 1
37 51 1
37 88 1
37 94 1
37 101 1
37 186 1
37 254 1
38 56 1
38 124 1
38 131 1
38 163 1
38 194 1
39 71 1
39 138 1
39 251 1
40 6 1
40 42 1
40 92 1
40 99 1
40 118 1
40 119 1
40 216 1
40 229 1
40 275 1
40 280 1
41 17 1
41 33 1
41 68 1
41 231 1
41 240 1
42 1 1
42 15 1
42 54 1
42 116 1
42 204 1
42 206 1
43 13 1
43 28 1
43 60 1
43 72 1
43 84 1
43 117 1
43 201 1
43 204 1
43 205 1
43 230 1
44 51 1
44 53 1
44 98 1
44 119 1
44 126 1
44 143 1
44 149 1
44 173 1
44 182 1
44 205 1
44 206 1
44 208 1
44 217 1
44 218 1
44 285 1
45 2 1
45 3 1
45 4 1
45 5 1
45 7 1
45 8 1
45 10 1
45 12 1
45 13 1
45 14 1
45 15 1
45 16 1
45 19 1
45 20 1
45 24 1
45 27 1
45 28 1
45 31 1
45 32 1
45 35 1
45 37 1
45 43 1
45 44 1
45 47 1
45 49 1
45 54 1
45 55 1
45 57 1
45 59 1
45 60 1
45 63 1
45 64 1
45 67 1
45 68 1
45 72 1
45 73 1
45 76 1
45 78 1
45 79 1
45 85 1
45 87 1
45 88 1
45 91 1
45 92 1
45 93 1
45 94 1
45 96 1
45 98 1
45 99 1
45 103 1
45 104 1
45 106 1
45 107 1
45 110 1
45 112 1
45 114 1
45 115 1
45 116 1
45 118 1
45 119 1
45 120 1
45 122 1
45 123 1
45 124 1
45 125 1
45 126 1
45 129 1
45 130 1
45 131 1
45 132 1
45 133 1
45 134 1
45 136 1
45 137 1
45 138 1
45 139 1
45 143 1
45 144 1
45 146 1
45 150 1
45 155 1
45 156 1
45 158 1
45 162 1
45 166 1
45 167 1
45 170 1
45 172 1
45 173 1
45 176 1
45 178 1
45 179 1
45 183 1
45 185 1
45 186 1
45 188 1
45 192 1
45 195 1
45 196 1
45 197 1
45 199 1
45 200 1
45 202 1
45 203 1
45 204 1
45 205 1
45 206 1
45 208 1
45 210 1
45 212 1
45 213 1
45 215 1
45 217 1
45 218 1
45 219 1
45 220 1
45 221 1
45 225 1
45 227 1
45 229 1
45 231 1
45 235 1
45 236 1
45 239 1
45 241 1
45 246 1
45 254 1
45 256 1
45 258 1
45 262 1
45 265 1
45 268 1
45 279 1
45 283 1
46 6 1
46 134 1
46 246 1
46 253 1
46 273 1
47 13 1
47 33 1
47 49 1
47 70 1
47 75 1
47 107 1
47 115 1
47 118 1
47 157 1
47 170 1
47 186 1
47 218 1
47 224 1
47 240 1
48 2 1
48 3 1
48 7 1
48 19 1
48 53 1
48 112 1
48 117 1
48 124 1
48 125 1
48 136 1
48 143 1
48 161 1
48 169 1
48 173 1
48 189 1
48 211 1
48 226 1
48 233 1
49 3 1
49 32 1
49 47 1
49 53 1
49 72 1
49 87 1
49 94 1
49 99 1
49 118 1
49 120 1
49 138 1
49 152 1
49 157 1
49 190 1
49 207 1
49 227 1
49 233 1
49 234 1
49 268 1
49 283 1
50 51 1
50 54 1
50 83 1
50 85 1
50 87 1
50 92 1
50 126 1
50 148 1
50 158 1
50 163 1
50 170 1
50 214 1
50 233 1
51 83 1
51 119 1
51 133 1
51 134 1
51 207 1
51 220 1
52 21 1
52 102 1
52 109 1
52 139 1
52 169 1
52 192 1
52 197 1
52 200 1
52 208 1
53 3 1
53 5 1
53 22 1
53 48 1
53 173 1
53 189 1
53 284 1
54 76 1
56 16 1
56 39 1
56 217 1
56 233 1
56 288 1
57 22 1
57 117 1
57 149 1
59 14 1
59 18 1
59 126 1
59 199 1
59 227 1
59 229 1
59 287 1
60 17 1
60 42 1
60 43 1
60 54 1
60 61 1
60 68 1
60 135 1
60 170 1
60 185 1
60 198 1
60 205 1
60 206 1
60 210 1
61 55 1
61 63 1
61 83 1
61 141 1
61 249 1
62 68 1
62 155 1
62 269 1
63 225 1
64 116 1
64 117 1
64 120 1
64 227 1
64 260 1
65 36 1
65 77 1
65 88 1
65 115 1
65 118 1
65 123 1
65 160 1
65 175 1
65 196 1
65 204 1
65 209 1
66 22 1
66 46 1
66 151 1
66 180 1
66 181 1
67 112 1
67 142 1
67 225 1
68 41 1
68 60 1
68 112 1
68 116 1
68 212 1
68 214 1
69 64 1
69 227 1
69 259 1
69 264 1
70 151 1
70 190 1
71 31 1
72 114 1
72 150 1
72 202 1
72 207 1
72 227 1
72 261 1
72 284 1
73 28 1
73 84 1
73 136 1
73 153 1
73 181 1
73 183 1
73 186 1
73 213 1
73 230 1
73 279 1
73 285 1
74 1 1
74 9 1
74 21 1
74 91 1
74 103 1
74 119 1
74 128 1
74 131 1
74 133 1
74 138 1
74 143 1
74 163 1
74 177 1
74 199 1
74 208 1
74 246 1
74 257 1
75 3 1
75 9 1
75 12 1
75 104 1
75 125 1
75 138 1
75 147 1
75 150 1
75 159 1
75 164 1
75 170 1
75 173 1
75 177 1
75 194 1
75 199 1
75 216 1
75 218 1
75 286 1
76 13 1
76 54 1
76 55 1
76 58 1
76 60 1
76 119 1
76 134 1
76 162 1
76 188 1
76 198 1
76 237 1
76 238 1
76 285 1
77 16 1
77 212 1
78 3 1
78 112 1
78 116 1
78 119 1
78 120 1
78 146 1
78 150 1
78 214 1
78 226 1
78 260 1
79 11 1
79 53 1
79 71 1
79 151 1
79 251 1
79 256 1
80 55 1
80 69 1
80 114 1
80 219 1
81 260 1
82 137 1
82 283 1
83 66 1
83 117 1
84 4 1
84 43 1
85 3 1
85 5 1
85 7 1
85 9 1
85 13 1
85 17 1
85 43 1
85 60 1
85 68 1
85 81 1
85 87 1
85 106 1
85 112 1
85 115 1
85 125 1
85 126 1
85 128 1
85 154 1
85 168 1
85 171 1
85 173 1
85 178 1
85 193 1
85 200 1
85 202 1
85 205 1
85 208 1
85 225 1
85 236 1
85 237 1
85 239 1
85 245 1
85 247 1
85 257 1
85 274 1
85 285 1
86 16 1
86 62 1
86 88 1
86 90 1
86 126 1
86 141 1
86 146 1
86 161 1
86 203 1
86 231 1
86 246 1
87 3 1
87 4 1
87 5 1
87 13 1
87 14 1
87 43 1
87 55 1
87 59 1
87 64 1
87 70 1
87 71 1
87 72 1
87 84 1
87 91 1
87 102 1
87 103 1
87 115 1
87 118 1
87 126 1
87 143 1
87 151 1
87 161 1
87 173 1
87 178 1
87 185 1
87 190 1
87 195 1
87 202 1
87 205 1
87 208 1
87 215 1
87 226 1
87 227 1
87 240 1
87 252 1
87 280 1
88 13 1
88 19 1
88 101 1
88 131 1
88 189 1
88 245 1
88 258 1
89 4 1
89 71 1
89 110 1
89 245 1
89 278 1
90 15 1
90 17 1
90 31 1
90 60 1
90 85 1
90 171 1
90 262 1
90 276 1
91 99 1
91 133 1
91 143 1
91 196 1
91 208 1
91 221 1
91 246 1
92 8 1
92 297 1
93 262 1
94 88 1
94 110 1
94 118 1
94 122 1
94 135 1
94 229 1
94 263 1
95 56 1
95 60 1
95 109 1
96 3 1
96 16 1
96 130 1
96 152 1
96 171 1
96 186 1
97 11 1
97 134 1
97 162 1
97 214 1
98 13 1
98 21 1
98 33 1
98 43 1
98 44 1
98 60 1
98 123 1
98 196 1
98 204 1
98 205 1
98 206 1
98 208 1
98 214 1
98 219 1
99 13 1
99 27 1
99 42 1
99 43 1
99 85 1
99 91 1
99 112 1
99 119 1
99 136 1
99 138 1
99 142 1
99 143 1
99 173 1
99 205 1
99 206 1
99 208 1
99 217 1
99 233 1
99 289 1
100 71 1
100 106 1
100 114 1
100 219 1
100 278 1
101 10 1
101 19 1
101 194 1
102 60 1
102 68 1
102 112 1
102 192 1
102 216 1
102 291 1
103 15 1
103 94 1
103 104 1
103 118 1
103 122 1
103 131 1
103 164 1
103 200 1
103 229 1
103 230 1
103 240 1
103 246 1
104 13 1
104 52 1
104 75 1
104 121 1
104 133 1
104 154 1
104 192 1
104 219 1
104 221 1
104 230 1
104 242 1
105 30 1
105 92 1
105 110 1
105 219 1
105 225 1
105 241 1
105 281 1
106 21 1
106 114 1
106 124 1
106 196 1
106 202 1
106 214 1
106 245 1
106 256 1
107 12 1
107 16 1
107 28 1
107 49 1
107 185 1
107 222 1
107 280 1
108 3 1
108 63 1
108 97 1
108 113 1
108 118 1
108 196 1
108 216 1
109 5 1
109 55 1
109 57 1
109 58 1
109 61 1
109 83 1
109 85 1
109 123 1
109 163 1
109 166 1
109 223 1
110 10 1
110 94 1
110 96 1
110 118 1
110 194 1
110 239 1
111 112 1
111 125 1
111 194 1
111 230 1
112 59 1
112 67 1
112 87 1
112 119 1
112 214 1
112 225 1
112 226 1
113 3 1
113 18 1
113 88 1
113 126 1
113 150 1
113 200 1
113 209 1
114 13 1
114 60 1
114 69 1
114 72 1
114 100 1
114 101 1
114 106 1
114 116 1
114 127 1
114 202 1
114 214 1
114 227 1
115 4 1
115 5 1
115 13 1
115 43 1
115 60 1
115 63 1
115 64 1
115 78 1
115 87 1
115 91 1
115 99 1
115 116 1
115 120 1
115 126 1
115 133 1
115 143 1
115 150 1
115 173 1
115 178 1
115 202 1
115 203 1
115 205 1
115 208 1
115 227 1
115 259 1
116 64 1
116 78 1
116 107 1
116 114 1
116 120 1
116 122 1
116 134 1
116 150 1
116 180 1
117 107 1
117 112 1
117 132 1
118 28 1
118 29 1
118 51 1
118 57 1
118 58 1
118 60 1
118 92 1
118 94 1
118 103 1
118 106 1
118 111 1
118 122 1
118 123 1
118 131 1
118 133 1
118 138 1
118 146 1
118 164 1
118 173 1
118 174 1
118 240 1
118 245 1
118 272 1
118 275 1
118 282 1
118 284 1
119 2 1
119 3 1
119 5 1
119 7 1
119 8 1
119 10 1
119 13 1
119 16 1
119 20 1
119 59 1
119 64 1
119 85 1
119 87 1
119 91 1
119 96 1
119 100 1
119 106 1
119 112 1
119 114 1
119 120 1
119 124 1
119 126 1
119 130 1
119 143 1
119 173 1
119 188 1
119 192 1
119 208 1
119 227 1
119 246 1
119 257 1
120 32 1
120 49 1
120 64 1
120 72 1
120 87 1
120 97 1
120 107 1
120 116 1
120 118 1
120 126 1
120 143 1
120 150 1
120 181 1
120 205 1
120 207 1
120 210 1
120 214 1
120 227 1
120 234 1
120 273 1
121 44 1
121 149 1
121 154 1
121 193 1
122 94 1
122 103 1
122 123 1
123 27 1
123 57 1
123 58 1
123 70 1
123 94 1
123 109 1
123 118 1
123 122 1
123 173 1
123 218 1
123 278 1
124 3 1
124 7 1
124 10 1
124 19 1
124 28 1
124 48 1
124 72 1
124 126 1
124 131 1
124 173 1
124 205 1
125 9 1
125 22 1
125 48 1
125 75 1
125 87 1
125 108 1
125 135 1
125 226 1
126 3 1
126 5 1
126 7 1
126 17 1
126 19 1
126 48 1
126 49 1
126 59 1
126 64 1
126 72 1
126 94 1
126 110 1
126 118 1
126 120 1
126 124 1
126 133 1
126 134 1
126 138 1
126 143 1
126 172 1
126 173 1
126 199 1
126 200 1
126 214 1
126 227 1
127 42 1
127 114 1
127 139 1
128 200 1
128 257 1
129 68 1
129 141 1
129 197 1
130 2 1
130 3 1
130 8 1
130 11 1
130 96 1
130 97 1
131 6 1
131 19 1
131 34 1
131 37 1
131 88 1
131 99 1
131 122 1
131 124 1
131 144 1
131 166 1
131 171 1
131 173 1
131 189 1
131 192 1
131 205 1
131 217 1
131 221 1
131 246 1
132 9 1
132 28 1
132 39 1
132 85 1
132 107 1
132 118 1
132 123 1
132 182 1
133 64 1
133 74 1
133 82 1
133 102 1
133 103 1
133 109 1
133 120 1
133 138 1
133 143 1
133 192 1
133 200 1
133 208 1
133 210 1
133 221 1
133 246 1
134 68 1
134 116 1
134 122 1
134 193 1
134 197 1
136 35 1
136 149 1
136 150 1
136 211 1
136 273 1
136 296 1
137 177 1
138 9 1
138 17 1
138 32 1
138 51 1
138 59 1
138 64 1
138 72 1
138 91 1
138 102 1
138 103 1
138 133 1
138 154 1
138 173 1
138 192 1
138 199 1
138 202 1
138 203 1
138 207 1
138 227 1
138 241 1
138 248 1
138 285 1
139 13 1
139 54 1
139 118 1
139 170 1
139 201 1
139 254 1
140 20 1
140 111 1
140 150 1
140 167 1
141 85 1
141 129 1
141 270 1
142 3 1
142 6 1
142 30 1
142 67 1
142 69 1
142 102 1
142 132 1
142 181 1
142 219 1
143 22 1
143 51 1
143 91 1
143 99 1
143 103 1
143 119 1
143 126 1
143 133 1
143 138 1
143 192 1
143 206 1
143 208 1
143 210 1
143 211 1
143 246 1
143 248 1
145 17 1
145 238 1
146 28 1
146 64 1
146 71 1
146 96 1
146 137 1
146 150 1
146 163 1
146 177 1
146 219 1
146 259 1
146 273 1
146 290 1
147 125 1
147 151 1
148 17 1
148 21 1
148 195 1
149 1 1
149 16 1
149 41 1
149 68 1
149 124 1
149 199 1
149 218 1
149 249 1
150 3 1
150 146 1
151 70 1
152 30 1
152 43 1
152 47 1
152 66 1
152 78 1
152 93 1
152 117 1
152 169 1
152 171 1
152 193 1
152 233 1
152 264 1
153 4 1
153 62 1
153 84 1
153 201 1
153 203 1
153 206 1
153 249 1
154 9 1
154 18 1
154 100 1
154 132 1
154 196 1
154 238 1
155 28 1
155 87 1
155 100 1
155 118 1
155 178 1
155 251 1
155 284 1
156 5 1
156 12 1
156 20 1
156 113 1
156 130 1
156 135 1
156 172 1
156 209 1
156 219 1
157 43 1
157 64 1
157 77 1
157 104 1
157 172 1
157 226 1
157 275 1
158 3 1
158 41 1
158 70 1
158 86 1
158 101 1
158 119 1
158 139 1
158 180 1
158 209 1
159 62 1
159 88 1
159 246 1
159 259 1
159 284 1
160 17 1
160 20 1
160 88 1
160 139 1
160 196 1
160 206 1
160 216 1
160 248 1
160 260 1
161 66 1
161 92 1
161 109 1
161 126 1
161 146 1
161 155 1
161 173 1
161 185 1
161 237 1
161 267 1
162 76 1
162 168 1
162 169 1
162 173 1
162 211 1
162 237 1
162 249 1
162 271 1
162 279 1
163 5 1
163 74 1
163 91 1
163 99 1
163 137 1
163 143 1
163 173 1
163 180 1
163 208 1
164 5 1
164 13 1
164 22 1
164 33 1
164 38 1
164 68 1
164 186 1
164 200 1
164 216 1
164 260 1
165 55 1
165 59 1
165 77 1
165 136 1
165 189 1
165 226 1
166 122 1
166 151 1
166 169 1
166 225 1
166 236 1
167 9 1
167 20 1
167 32 1
167 33 1
167 54 1
167 93 1
167 110 1
167 126 1
167 140 1
167 143 1
167 233 1
168 22 1
168 29 1
168 91 1
168 104 1
168 149 1
168 154 1
168 192 1
168 194 1
168 200 1
168 239 1
169 10 1
169 100 1
169 122 1
169 131 1
169 140 1
169 203 1
169 217 1
169 225 1
170 3 1
170 31 1
170 109 1
170 135 1
170 151 1
170 281 1
171 10 1
171 33 1
171 86 1
171 192 1
171 240 1
171 248 1
172 5 1
172 126 1
172 156 1
172 194 1
172 206 1
172 209 1
173 2 1
173 3 1
173 5 1
173 7 1
173 11 1
173 13 1
173 14 1
173 17 1
173 59 1
173 64 1
173 91 1
173 96 1
173 119 1
173 126 1
173 130 1
173 134 1
173 138 1
173 143 1
173 178 1
173 194 1
173 202 1
173 203 1
173 205 1
173 208 1
173 227 1
173 285 1
174 4 1
174 5 1
174 13 1
174 71 1
174 92 1
174 105 1
174 126 1
174 138 1
174 202 1
174 204 1
174 250 1
175 1 1
175 51 1
175 121 1
175 146 1
175 260 1
176 13 1
176 32 1
176 85 1
176 151 1
176 240 1
177 1 1
177 4 1
177 17 1
177 19 1
177 126 1
177 137 1
177 294 1
178 2 1
178 14 1
178 28 1
178 58 1
178 60 1
178 180 1
178 203 1
178 205 1
178 208 1
178 244 1
178 247 1
178 254 1
178 285 1
179 16 1
179 30 1
179 89 1
179 124 1
179 126 1
179 130 1
179 140 1
179 255 1
179 262 1
179 264 1
180 27 1
180 28 1
180 35 1
180 96 1
180 133 1
180 138 1
180 188 1
180 285 1
181 6 1
181 11 1
181 105 1
181 112 1
181 192 1
181 226 1
181 246 1
182 42 1
182 67 1
182 119 1
182 188 1
182 225 1
182 232 1
183 6 1
183 14 1
183 84 1
183 126 1
183 134 1
183 168 1
183 173 1
183 182 1
183 219 1
184 70 1
184 102 1
184 209 1
184 254 1
185 35 1
185 60 1
185 69 1
185 72 1
186 14 1
186 37 1
186 73 1
186 96 1
186 111 1
186 138 1
186 159 1
186 237 1
187 6 1
187 64 1
187 112 1
187 117 1
187 128 1
187 196 1
188 3 1
188 7 1
188 13 1
188 43 1
188 60 1
188 63 1
188 68 1
188 71 1
188 98 1
188 126 1
188 131 1
188 138 1
188 192 1
188 204 1
188 205 1
188 241 1
189 19 1
189 39 1
189 138 1
190 3 1
190 7 1
190 49 1
190 51 1
190 70 1
190 99 1
190 126 1
190 131 1
190 138 1
190 143 1
190 173 1
190 176 1
190 179 1
190 192 1
190 196 1
190 210 1
190 271 1
191 3 1
191 4 1
191 5 1
191 7 1
191 13 1
191 15 1
191 58 1
191 60 1
191 67 1
191 77 1
191 85 1
191 87 1
191 88 1
191 100 1
191 110 1
191 112 1
191 115 1
191 117 1
191 119 1
191 128 1
191 136 1
191 138 1
191 153 1
191 173 1
191 188 1
191 193 1
191 194 1
191 202 1
191 203 1
191 227 1
191 231 1
192 1 1
192 67 1
192 122 1
192 131 1
192 171 1
192 226 1
192 230 1
192 241 1
192 246 1
192 258 1
192 262 1
193 2 1
193 28 1
193 117 1
193 119 1
193 207 1
194 42 1
194 61 1
194 66 1
194 84 1
194 101 1
194 136 1
194 140 1
194 172 1
194 207 1
194 242 1
195 4 1
195 51 1
195 54 1
195 148 1
195 213 1
196 21 1
196 63 1
196 83 1
196 108 1
196 118 1
196 216 1
196 225 1
196 242 1
197 35 1
197 109 1
197 134 1
197 135 1
198 3 1
198 13 1
198 17 1
198 19 1
198 31 1
198 54 1
198 60 1
198 76 1
198 77 1
198 90 1
198 152 1
198 238 1
198 267 1
198 285 1
199 4 1
199 14 1
199 66 1
199 130 1
199 138 1
199 192 1
199 276 1
199 277 1
200 10 1
200 13 1
200 19 1
200 103 1
200 122 1
200 126 1
200 131 1
200 179 1
200 196 1
200 210 1
200 257 1
201 1 1
201 13 1
201 17 1
201 43 1
201 62 1
201 84 1
201 133 1
201 139 1
201 140 1
201 149 1
201 165 1
201 193 1
201 202 1
201 204 1
201 254 1
202 13 1
202 72 1
202 86 1
202 106 1
202 150 1
202 196 1
203 14 1
203 17 1
203 32 1
203 43 1
203 68 1
203 85 1
203 91 1
203 138 1
203 173 1
203 178 1
203 229 1
203 276 1
204 9 1
204 13 1
204 35 1
204 215 1
204 279 1
205 7 1
205 58 1
205 99 1
205 119 1
205 173 1
205 178 1
205 188 1
205 208 1
206 42 1
206 60 1
206 67 1
206 134 1
206 166 1
206 210 1
206 226 1
206 256 1
207 72 1
207 147 1
207 231 1
208 91 1
208 99 1
208 138 1
208 143 1
208 205 1
208 242 1
209 184 1
210 32 1
210 128 1
210 200 1
210 256 1
210 293 1
211 43 1
211 59 1
211 85 1
211 112 1
211 219 1
211 279 1
212 68 1
212 215 1
212 231 1
212 246 1
212 277 1
213 54 1
213 72 1
213 73 1
213 193 1
213 195 1
213 279 1
214 3 1
214 36 1
214 51 1
214 59 1
214 88 1
214 103 1
214 106 1
214 110 1
214 159 1
214 192 1
214 246 1
215 16 1
215 65 1
215 113 1
215 118 1
215 149 1
215 164 1
215 204 1
216 70 1
216 107 1
216 153 1
216 242 1
217 44 1
217 53 1
217 131 1
217 205 1
218 123 1
218 149 1
218 167 1
218 285 1
219 53 1
219 60 1
219 87 1
219 94 1
219 134 1
219 167 1
219 199 1
219 206 1
219 213 1
220 4 1
220 14 1
220 16 1
220 53 1
220 119 1
220 128 1
220 138 1
220 146 1
220 150 1
220 161 1
220 188 1
220 199 1
220 205 1
220 221 1
220 234 1
220 292 1
221 131 1
221 133 1
221 137 1
221 246 1
222 3 1
222 21 1
222 41 1
222 107 1
222 150 1
222 224 1
222 231 1
222 238 1
223 206 1
224 88 1
225 63 1
225 67 1
225 108 1
226 55 1
226 59 1
226 112 1
226 165 1
227 64 1
227 72 1
227 114 1
227 138 1
227 178 1
227 229 1
227 278 1
228 23 1
228 25 1
228 102 1
228 128 1
228 149 1
228 182 1
228 217 1
228 229 1
228 242 1
228 271 1
229 15 1
229 227 1
230 111 1
230 249 1
232 9 1
232 13 1
232 19 1
232 53 1
232 83 1
232 85 1
232 87 1
232 101 1
232 102 1
232 115 1
232 161 1
232 176 1
232 187 1
232 192 1
232 228 1
233 39 1
233 137 1
233 180 1
233 215 1
234 4 1
234 22 1
234 32 1
234 53 1
234 87 1
234 118 1
234 120 1
234 126 1
234 143 1
234 157 1
234 177 1
234 233 1
234 247 1
234 254 1
234 285 1
235 70 1
235 74 1
235 77 1
235 88 1
235 106 1
235 118 1
235 154 1
235 199 1
235 225 1
235 238 1
236 119 1
236 170 1
237 173 1
237 203 1
238 76 1
238 145 1
239 53 1
239 66 1
239 94 1
239 110 1
239 111 1
239 143 1
239 194 1
240 118 1
241 192 1
242 205 1
245 64 1
245 106 1
245 166 1
245 210 1
246 63 1
246 94 1
246 103 1
246 109 1
247 35 1
247 195 1
247 218 1
248 143 1
249 230 1
250 76 1
250 87 1
250 104 1
250 156 1
250 169 1
250 258 1
250 279 1
251 193 1
253 5 1
253 109 1
253 164 1
253 165 1
253 169 1
254 72 1
254 86 1
254 104 1
254 119 1
255 98 1
255 99 1
255 192 1
256 4 1
256 32 1
256 196 1
256 210 1
257 15 1
257 68 1
257 74 1
257 128 1
257 212 1
258 31 1
258 66 1
258 111 1
259 16 1
263 39 1
263 62 1
264 215 1
264 295 1
265 21 1
265 50 1
266 126 1
266 134 1
267 64 1
267 95 1
268 104 1
268 130 1
269 25 1
269 46 1
269 58 1
269 68 1
269 99 1
269 102 1
269 210 1
269 256 1
270 4 1
270 27 1
270 85 1
270 91 1
270 109 1
270 122 1
270 143 1
270 185 1
270 208 1
270 243 1
270 252 1
271 121 1
272 8 1
272 13 1
272 60 1
272 68 1
272 85 1
272 124 1
272 200 1
272 202 1
272 204 1
272 246 1
273 19 1
274 2 1
274 4 1
274 57 1
274 92 1
274 115 1
274 121 1
274 144 1
274 162 1
274 165 1
275 90 1
276 4 1
276 5 1
276 99 1
276 106 1
276 170 1
276 199 1
276 214 1
276 219 1
276 257 1
276 277 1
277 4 1
277 31 1
277 33 1
277 42 1
277 92 1
277 118 1
277 119 1
277 149 1
277 158 1
277 173 1
277 212 1
277 255 1
278 15 1
278 54 1
278 136 1
278 151 1
278 160 1
278 204 1
278 215 1
278 240 1
280 94 1
283 87 1
284 18 1
284 93 1
