1 43 1
1 83 1
2 3 1
2 5 1
2 7 1
2 13 1
2 17 1
2 43 1
2 48 1
2 60 1
2 64 1
2 87 1
2 112 1
2 115 1
2 116 1
2 119 1
2 122 1
2 131 1
2 137 1
2 138 1
2 139 1
2 143 1
2 173 1
2 202 1
2 226 1
2 258 1
3 10 1
3 13 1
3 14 1
3 17 1
3 19 1
3 31 1
3 33 1
3 59 1
3 64 1
3 68 1
3 69 1
3 84 1
3 91 1
3 103 1
3 110 1
3 112 1
3 113 1
3 114 1
3 126 1
3 133 1
3 134 1
3 135 1
3 148 1
3 149 1
3 150 1
3 173 1
3 179 1
3 180 1
3 188 1
3 193 1
3 199 1
3 202 1
3 204 1
3 205 1
3 207 1
3 214 1
3 218 1
3 226 1
3 227 1
3 233 1
3 285 1
4 7 1
4 13 1
4 21 1
4 28 1
4 43 1
4 56 1
4 59 1
4 60 1
4 71 1
4 83 1
4 115 1
4 119 1
4 122 1
4 126 1
4 130 1
4 137 1
4 138 1
4 143 1
4 150 1
4 151 1
4 173 1
4 183 1
4 192 1
4 193 1
4 196 1
4 202 1
4 203 1
4 204 1
4 208 1
4 216 1
4 220 1
4 225 1
4 227 1
5 3 1
5 4 1
5 13 1
5 15 1
5 17 1
5 21 1
5 32 1
5 53 1
5 58 1
5 60 1
5 72 1
5 92 1
5 93 1
5 96 1
5 110 1
5 122 1
5 126 1
5 130 1
5 133 1
5 134 1
5 138 1
5 142 1
5 143 1
5 150 1
5 160 1
5 172 1
5 173 1
5 185 1
5 195 1
5 196 1
5 199 1
5 210 1
5 225 1
5 238 1
5 262 1
6 1 1
6 18 1
6 62 1
6 85 1
6 88 1
6 100 1
6 170 1
6 248 1
7 2 1
7 3 1
7 4 1
7 13 1
7 17 1
7 43 1
7 48 1
7 49 1
7 59 1
7 87 1
7 89 1
7 91 1
7 96 1
7 100 1
7 112 1
7 115 1
7 119 1
7 122 1
7 126 1
7 131 1
7 143 1
7 150 1
7 173 1
7 192 1
7 202 1
7 214 1
7 227 1
8 2 1
8 7 1
8 13 1
8 20 1
8 51 1
8 75 1
8 85 1
8 100 1
8 121 1
8 150 1
8 151 1
8 173 1
8 258 1
8 262 1
9 28 1
9 37 1
9 44 1
9 54 1
9 96 1
9 108 1
9 112 1
9 149 1
9 257 1
9 282 1
10 51 1
10 67 1
10 84 1
10 91 1
10 92 1
10 110 1
10 186 1
10 262 1
11 88 1
11 90 1
11 92 1
11 94 1
11 140 1
11 205 1
11 212 1
11 213 1
11 248 1
12 71 1
12 76 1
12 88 1
12 98 1
12 182 1
12 225 1
12 245 1
13 3 1
13 12 1
13 14 1
13 17 1
13 19 1
13 21 1
13 32 1
13 41 1
13 58 1
13 59 1
13 60 1
13 64 1
13 68 1
13 70 1
13 72 1
13 88 1
13 91 1
13 99 1
13 103 1
13 106 1
13 110 1
13 112 1
13 114 1
13 126 1
13 134 1
13 138 1
13 143 1
13 150 1
13 154 1
13 173 1
13 186 1
13 188 1
13 192 1
13 193 1
13 194 1
13 196 1
13 199 1
13 204 1
13 205 1
13 208 1
13 218 1
13 225 1
13 227 1
13 229 1
13 285 1
14 3 1
14 74 1
14 76 1
14 78 1
14 87 1
14 91 1
14 99 1
14 103 1
14 106 1
14 112 1
14 120 1
14 126 1
14 133 1
14 138 1
14 143 1
14 153 1
14 173 1
14 179 1
14 192 1
14 193 1
14 196 1
14 205 1
14 207 1
14 214 1
14 218 1
14 227 1
15 4 1
15 13 1
15 28 1
15 39 1
15 49 1
15 59 1
15 60 1
15 94 1
15 120 1
15 124 1
15 138 1
15 160 1
15 168 1
15 188 1
15 192 1
15 208 1
15 287 1
16 91 1
16 118 1
16 124 1
16 139 1
17 150 1
17 204 1
17 205 1
18 43 1
18 51 1
18 65 1
18 85 1
18 165 1
18 219 1
19 62 1
19 84 1
19 205 1
19 284 1
20 22 1
20 102 1
20 115 1
20 117 1
20 132 1
20 204 1
21 28 1
21 57 1
21 85 1
21 86 1
21 221 1
21 231 1
21 246 1
21 279 1
21 280 1
22 4 1
22 6 1
22 10 1
22 63 1
22 70 1
22 117 1
22 120 1
22 123 1
22 130 1
22 136 1
22 192 1
22 209 1
22 256 1
23 16 1
23 20 1
23 21 1
23 32 1
23 55 1
23 78 1
23 83 1
23 85 1
23 101 1
23 109 1
23 112 1
23 170 1
23 199 1
23 233 1
24 5 1
24 6 1
24 8 1
24 13 1
24 15 1
24 60 1
24 63 1
24 68 1
24 72 1
24 85 1
24 99 1
24 124 1
24 131 1
24 151 1
24 167 1
24 196 1
24 208 1
24 216 1
24 285 1
25 7 1
25 87 1
25 115 1
25 134 1
25 216 1
26 64 1
26 71 1
26 121 1
26 187 1
26 207 1
27 140 1
27 180 1
28 44 1
28 94 1
28 118 1
28 226 1
28 240 1
29 115 1
29 143 1
29 169 1
29 261 1
30 109 1
30 175 1
30 178 1
30 208 1
30 212 1
30 286 1
31 94 1
31 124 1
31 186 1
32 60 1
32 126 1
32 131 1
32 158 1
32 173 1
32 200 1
32 207 1
32 210 1
33 5 1
33 19 1
33 169 1
33 230 1
33 246 1
34 1 1
34 11 1
34 19 1
34 88 1
34 118 1
34 140 1
34 152 1
34 180 1
34 181 1
34 193 1
34 205 1
34 275 1
34 288 1
35 19 1
35 90 1
35 124 1
35 197 1
35 235 1
36 3 1
36 5 1
36 12 1
36 13 1
36 17 1
36 68 1
36 84 1
36 133 1
36 138 1
36 140 1
36 142 1
36 159 1
36 173 1
36 201 1
36 259 1
36 260 1
37 9 1
37 72 1
37 102 1
37 154 1
37 217 1
37 234 1
37 239 1
38 5 1
38 35 1
38 133 1
38 200 1
38 251 1
39 33 1
39 68 1
39 138 1
40 114 1
40 138 1
40 170 1
40 192 1
40 196 1
40 199 1
40 219 1
40 231 1
40 252 1
40 253 1
41 39 1
41 125 1
41 172 1
41 185 1
41 209 1
42 47 1
42 66 1
42 178 1
42 248 1
42 259 1
42 280 1
43 3 1
43 18 1
43 63 1
43 68 1
43 87 1
43 112 1
43 131 1
43 203 1
43 209 1
43 214 1
44 3 1
44 9 1
44 13 1
44 17 1
44 66 1
44 72 1
44 86 1
44 92 1
44 94 1
44 118 1
44 138 1
44 173 1
44 178 1
44 192 1
44 205 1
45 2 1
45 3 1
45 4 1
45 5 1
45 7 1
45 8 1
45 10 1
45 11 1
45 13 1
45 14 1
45 15 1
45 19 1
45 20 1
45 21 1
45 25 1
45 27 1
45 28 1
45 30 1
45 31 1
45 32 1
45 39 1
45 43 1
45 48 1
45 49 1
45 51 1
45 53 1
45 54 1
45 57 1
45 59 1
45 60 1
45 64 1
45 67 1
45 68 1
45 72 1
45 73 1
45 74 1
45 75 1
45 76 1
45 84 1
45 85 1
45 86 1
45 87 1
45 91 1
45 94 1
45 96 1
45 99 1
45 103 1
45 104 1
45 106 1
45 109 1
45 110 1
45 111 1
45 114 1
45 115 1
45 116 1
45 117 1
45 118 1
45 119 1
45 120 1
45 121 1
45 122 1
45 123 1
45 124 1
45 125 1
45 126 1
45 128 1
45 130 1
45 131 1
45 133 1
45 134 1
45 135 1
45 136 1
45 138 1
45 141 1
45 143 1
45 144 1
45 146 1
45 149 1
45 151 1
45 152 1
45 156 1
45 158 1
45 159 1
45 161 1
45 164 1
45 170 1
45 171 1
45 173 1
45 178 1
45 179 1
45 186 1
45 188 1
45 192 1
45 194 1
45 195 1
45 196 1
45 199 1
45 200 1
45 202 1
45 203 1
45 205 1
45 207 1
45 208 1
45 210 1
45 212 1
45 215 1
45 217 1
45 219 1
45 220 1
45 225 1
45 227 1
45 232 1
45 233 1
45 234 1
45 237 1
45 238 1
45 239 1
45 240 1
45 241 1
45 244 1
45 245 1
45 246 1
45 249 1
45 256 1
45 257 1
45 259 1
45 260 1
45 264 1
45 269 1
45 271 1
45 275 1
45 277 1
45 284 1
45 293 1
46 173 1
46 178 1
46 221 1
46 254 1
46 260 1
47 6 1
47 15 1
47 31 1
47 37 1
47 42 1
47 104 1
47 150 1
47 168 1
47 199 1
47 207 1
47 263 1
47 279 1
47 283 1
47 285 1
48 2 1
48 3 1
48 4 1
48 7 1
48 28 1
48 59 1
48 88 1
48 119 1
48 123 1
48 126 1
48 138 1
48 143 1
48 173 1
48 192 1
48 223 1
48 226 1
48 231 1
48 257 1
49 3 1
49 7 1
49 13 1
49 15 1
49 53 1
49 54 1
49 59 1
49 85 1
49 94 1
49 119 1
49 120 1
49 126 1
49 149 1
49 208 1
49 227 1
49 228 1
49 231 1
49 260 1
49 266 1
49 283 1
50 5 1
50 32 1
50 104 1
50 117 1
50 141 1
50 208 1
50 210 1
50 212 1
50 237 1
50 251 1
50 254 1
50 262 1
50 267 1
51 16 1
51 42 1
51 73 1
51 144 1
51 192 1
51 246 1
52 57 1
52 112 1
52 178 1
52 196 1
52 236 1
52 241 1
52 276 1
52 283 1
52 285 1
53 1 1
53 42 1
53 84 1
53 119 1
53 128 1
53 130 1
53 209 1
54 125 1
56 3 1
56 64 1
56 188 1
56 225 1
56 264 1
57 64 1
57 184 1
57 284 1
59 60 1
59 63 1
59 103 1
59 117 1
59 179 1
59 227 1
59 284 1
60 13 1
60 32 1
60 64 1
60 88 1
60 118 1
60 120 1
60 131 1
60 143 1
60 171 1
60 192 1
60 208 1
60 227 1
60 285 1
61 42 1
61 43 1
61 64 1
61 122 1
61 278 1
62 17 1
62 126 1
62 208 1
63 142 1
64 101 1
64 185 1
64 194 1
64 196 1
64 208 1
65 3 1
65 9 1
65 33 1
65 72 1
65 87 1
65 101 1
65 118 1
65 163 1
65 194 1
65 204 1
65 257 1
66 85 1
66 146 1
66 170 1
66 188 1
66 246 1
67 96 1
67 141 1
67 277 1
68 73 1
68 124 1
68 154 1
68 203 1
68 221 1
68 229 1
69 88 1
69 140 1
69 254 1
69 265 1
70 108 1
70 145 1
71 162 1
72 69 1
72 124 1
72 194 1
72 216 1
72 245 1
72 257 1
72 295 1
73 3 1
73 13 1
73 16 1
73 19 1
73 68 1
73 69 1
73 98 1
73 119 1
73 131 1
73 150 1
73 194 1
74 3 1
74 14 1
74 23 1
74 34 1
74 35 1
74 59 1
74 63 1
74 103 1
74 105 1
74 110 1
74 126 1
74 137 1
74 172 1
74 176 1
74 196 1
74 205 1
74 227 1
75 3 1
75 7 1
75 8 1
75 13 1
75 32 1
75 36 1
75 60 1
75 67 1
75 85 1
75 87 1
75 111 1
75 120 1
75 126 1
75 137 1
75 181 1
75 205 1
75 214 1
75 215 1
76 14 1
76 19 1
76 31 1
76 91 1
76 94 1
76 103 1
76 118 1
76 178 1
76 182 1
76 192 1
76 205 1
76 208 1
76 212 1
77 61 1
77 173 1
78 1 1
78 3 1
78 87 1
78 102 1
78 111 1
78 138 1
78 150 1
78 169 1
78 197 1
78 213 1
79 6 1
79 72 1
79 91 1
79 147 1
79 163 1
79 237 1
80 35 1
80 144 1
80 172 1
80 217 1
81 158 1
82 10 1
82 214 1
83 9 1
83 209 1
84 19 1
84 169 1
85 3 1
85 5 1
85 9 1
85 13 1
85 14 1
85 17 1
85 37 1
85 55 1
85 60 1
85 64 1
85 68 1
85 70 1
85 75 1
85 99 1
85 103 1
85 112 1
85 114 1
85 124 1
85 133 1
85 134 1
85 138 1
85 146 1
85 151 1
85 164 1
85 171 1
85 173 1
85 192 1
85 200 1
85 205 1
85 206 1
85 208 1
85 211 1
85 214 1
85 221 1
85 225 1
85 242 1
86 20 1
86 87 1
86 94 1
86 128 1
86 132 1
86 153 1
86 200 1
86 230 1
86 245 1
86 246 1
86 258 1
87 3 1
87 4 1
87 5 1
87 7 1
87 13 1
87 16 1
87 18 1
87 21 1
87 32 1
87 48 1
87 59 1
87 60 1
87 72 1
87 94 1
87 119 1
87 126 1
87 130 1
87 131 1
87 134 1
87 136 1
87 138 1
87 143 1
87 155 1
87 171 1
87 173 1
87 185 1
87 202 1
87 208 1
87 214 1
87 217 1
87 226 1
87 227 1
87 233 1
87 240 1
87 283 1
87 294 1
88 11 1
88 90 1
88 136 1
88 189 1
88 225 1
88 242 1
88 291 1
89 1 1
89 47 1
89 83 1
89 127 1
89 256 1
90 33 1
90 38 1
90 73 1
90 153 1
90 166 1
90 216 1
90 220 1
90 258 1
91 19 1
91 112 1
91 143 1
91 163 1
91 205 1
91 239 1
91 240 1
92 13 1
92 78 1
93 109 1
94 13 1
94 31 1
94 64 1
94 104 1
94 124 1
94 194 1
94 208 1
95 53 1
95 107 1
95 227 1
96 67 1
96 118 1
96 119 1
96 122 1
96 227 1
96 230 1
97 58 1
97 132 1
97 224 1
97 262 1
98 3 1
98 13 1
98 14 1
98 70 1
98 73 1
98 96 1
98 99 1
98 110 1
98 126 1
98 169 1
98 178 1
98 181 1
98 185 1
98 188 1
99 3 1
99 13 1
99 14 1
99 17 1
99 32 1
99 59 1
99 87 1
99 114 1
99 126 1
99 143 1
99 151 1
99 177 1
99 192 1
99 204 1
99 214 1
99 225 1
99 227 1
99 273 1
99 285 1
100 42 1
100 58 1
100 68 1
100 216 1
100 230 1
101 118 1
101 126 1
101 290 1
102 6 1
102 43 1
102 60 1
102 117 1
102 149 1
102 203 1
103 14 1
103 59 1
103 74 1
103 76 1
103 106 1
103 117 1
103 126 1
103 143 1
103 169 1
103 173 1
103 218 1
103 268 1
104 5 1
104 22 1
104 96 1
104 99 1
104 117 1
104 150 1
104 205 1
104 217 1
104 233 1
104 247 1
104 296 1
105 19 1
105 87 1
105 107 1
105 118 1
105 128 1
105 188 1
105 279 1
106 14 1
106 162 1
106 186 1
106 193 1
106 194 1
106 202 1
106 207 1
106 285 1
107 29 1
107 101 1
107 118 1
107 139 1
107 167 1
107 180 1
107 233 1
108 70 1
108 102 1
108 134 1
108 177 1
108 200 1
108 219 1
108 262 1
109 6 1
109 35 1
109 59 1
109 85 1
109 88 1
109 166 1
109 173 1
109 199 1
109 203 1
109 211 1
109 222 1
110 77 1
110 116 1
110 170 1
110 186 1
110 199 1
110 273 1
111 30 1
111 78 1
111 126 1
111 209 1
112 14 1
112 43 1
112 91 1
112 106 1
112 198 1
112 248 1
112 255 1
113 16 1
113 55 1
113 87 1
113 119 1
113 151 1
113 195 1
113 211 1
114 3 1
114 13 1
114 58 1
114 92 1
114 99 1
114 150 1
114 180 1
114 186 1
114 192 1
114 204 1
114 234 1
114 285 1
115 2 1
115 3 1
115 9 1
115 13 1
115 20 1
115 43 1
115 60 1
115 85 1
115 102 1
115 104 1
115 106 1
115 116 1
115 119 1
115 126 1
115 131 1
115 135 1
115 139 1
115 143 1
115 146 1
115 173 1
115 194 1
115 202 1
115 246 1
115 249 1
115 265 1
116 69 1
116 85 1
116 111 1
116 119 1
116 131 1
116 138 1
116 146 1
116 229 1
116 284 1
117 5 1
117 87 1
117 254 1
118 3 1
118 4 1
118 5 1
118 27 1
118 33 1
118 44 1
118 49 1
118 64 1
118 68 1
118 93 1
118 94 1
118 96 1
118 101 1
118 104 1
118 112 1
118 115 1
118 126 1
118 133 1
118 143 1
118 147 1
118 178 1
118 185 1
118 208 1
118 264 1
118 283 1
118 285 1
119 5 1
119 12 1
119 13 1
119 17 1
119 20 1
119 21 1
119 32 1
119 66 1
119 68 1
119 85 1
119 91 1
119 94 1
119 109 1
119 110 1
119 112 1
119 116 1
119 130 1
119 131 1
119 132 1
119 138 1
119 143 1
119 146 1
119 173 1
119 177 1
119 196 1
119 202 1
119 210 1
119 219 1
119 225 1
119 229 1
119 239 1
120 3 1
120 7 1
120 14 1
120 49 1
120 60 1
120 85 1
120 91 1
120 106 1
120 118 1
120 126 1
120 138 1
120 150 1
120 163 1
120 188 1
120 192 1
120 196 1
120 200 1
120 208 1
120 227 1
120 242 1
121 11 1
121 109 1
121 171 1
121 205 1
122 96 1
122 142 1
122 206 1
123 15 1
123 27 1
123 28 1
123 48 1
123 53 1
123 91 1
123 119 1
123 138 1
123 143 1
123 156 1
123 203 1
124 16 1
124 35 1
124 64 1
124 72 1
124 94 1
124 104 1
124 118 1
124 139 1
124 194 1
124 204 1
124 208 1
125 54 1
125 97 1
125 112 1
125 140 1
125 153 1
125 178 1
125 203 1
125 237 1
126 3 1
126 7 1
126 17 1
126 28 1
126 32 1
126 55 1
126 60 1
126 64 1
126 91 1
126 106 1
126 119 1
126 120 1
126 131 1
126 135 1
126 143 1
126 150 1
126 202 1
126 207 1
126 208 1
126 210 1
126 214 1
126 226 1
126 227 1
126 245 1
126 258 1
127 166 1
127 169 1
127 190 1
128 148 1
128 159 1
129 30 1
129 71 1
129 156 1
130 1 1
130 53 1
130 195 1
130 203 1
130 238 1
130 255 1
131 7 1
131 13 1
131 21 1
131 22 1
131 43 1
131 54 1
131 60 1
131 103 1
131 112 1
131 116 1
131 119 1
131 138 1
131 143 1
131 166 1
131 196 1
131 219 1
131 229 1
131 247 1
132 20 1
132 102 1
132 115 1
132 161 1
132 196 1
132 197 1
132 210 1
132 285 1
133 5 1
133 46 1
133 64 1
133 116 1
133 119 1
133 128 1
133 143 1
133 173 1
133 185 1
133 196 1
133 202 1
133 206 1
133 210 1
133 246 1
133 277 1
134 108 1
134 118 1
134 144 1
134 193 1
134 205 1
136 46 1
136 55 1
136 70 1
136 105 1
136 163 1
136 204 1
137 215 1
138 3 1
138 13 1
138 21 1
138 22 1
138 91 1
138 103 1
138 112 1
138 116 1
138 119 1
138 123 1
138 126 1
138 130 1
138 143 1
138 161 1
138 173 1
138 188 1
138 192 1
138 196 1
138 206 1
138 208 1
138 229 1
138 238 1
139 9 1
139 13 1
139 72 1
139 107 1
139 119 1
139 138 1
140 11 1
140 88 1
140 195 1
140 205 1
141 67 1
141 104 1
141 162 1
142 36 1
142 51 1
142 62 1
142 63 1
142 96 1
142 122 1
142 159 1
142 176 1
142 177 1
143 7 1
143 17 1
143 32 1
143 48 1
143 68 1
143 72 1
143 118 1
143 119 1
143 122 1
143 126 1
143 131 1
143 133 1
143 173 1
143 206 1
143 237 1
143 247 1
145 70 1
145 241 1
146 16 1
146 32 1
146 43 1
146 60 1
146 63 1
146 116 1
146 131 1
146 138 1
146 143 1
146 219 1
146 229 1
146 284 1
147 94 1
147 203 1
148 71 1
148 128 1
148 157 1
149 67 1
149 164 1
149 188 1
149 198 1
149 205 1
149 208 1
149 248 1
149 260 1
150 17 1
150 200 1
151 8 1
152 71 1
152 87 1
152 113 1
152 117 1
152 149 1
152 171 1
152 173 1
152 202 1
152 226 1
152 234 1
152 240 1
152 272 1
153 2 1
153 24 1
153 54 1
153 97 1
153 240 1
153 270 1
153 282 1
154 28 1
154 43 1
154 70 1
154 73 1
154 121 1
154 285 1
155 3 1
155 28 1
155 88 1
155 206 1
155 226 1
155 243 1
155 280 1
156 27 1
156 71 1
156 84 1
156 88 1
156 123 1
156 129 1
156 171 1
156 189 1
156 204 1
157 47 1
157 77 1
157 78 1
157 92 1
157 178 1
157 203 1
157 231 1
158 5 1
158 43 1
158 96 1
158 136 1
158 147 1
158 168 1
158 181 1
158 241 1
158 278 1
159 10 1
159 19 1
159 28 1
159 219 1
159 249 1
160 30 1
160 93 1
160 102 1
160 107 1
160 108 1
160 122 1
160 136 1
160 140 1
160 277 1
161 4 1
161 7 1
161 44 1
161 53 1
161 62 1
161 107 1
161 119 1
161 128 1
161 158 1
161 182 1
162 4 1
162 31 1
162 71 1
162 94 1
162 122 1
162 155 1
162 161 1
162 182 1
162 224 1
163 3 1
163 31 1
163 52 1
163 87 1
163 91 1
163 126 1
163 192 1
163 214 1
163 245 1
164 88 1
164 99 1
164 135 1
164 137 1
164 138 1
164 189 1
164 204 1
164 229 1
164 246 1
164 252 1
165 39 1
165 51 1
165 63 1
165 149 1
165 201 1
165 251 1
166 9 1
166 51 1
166 99 1
166 213 1
166 225 1
167 10 1
167 24 1
167 72 1
167 97 1
167 119 1
167 143 1
167 177 1
167 196 1
167 217 1
167 246 1
167 257 1
168 2 1
168 4 1
168 7 1
168 49 1
168 65 1
168 98 1
168 110 1
168 111 1
168 121 1
168 275 1
169 4 1
169 46 1
169 120 1
169 123 1
169 156 1
169 170 1
169 220 1
169 260 1
170 149 1
170 172 1
170 206 1
170 256 1
170 267 1
170 281 1
171 13 1
171 60 1
171 66 1
171 227 1
171 246 1
171 285 1
172 12 1
172 55 1
172 74 1
172 184 1
172 190 1
172 281 1
173 2 1
173 5 1
173 13 1
173 17 1
173 32 1
173 33 1
173 41 1
173 58 1
173 59 1
173 60 1
173 64 1
173 72 1
173 93 1
173 109 1
173 110 1
173 119 1
173 126 1
173 133 1
173 185 1
173 199 1
173 202 1
173 206 1
173 210 1
173 223 1
173 246 1
173 285 1
174 13 1
174 27 1
174 50 1
174 51 1
174 64 1
174 109 1
174 115 1
174 157 1
174 173 1
174 199 1
174 255 1
175 5 1
175 78 1
175 120 1
175 242 1
175 279 1
176 29 1
176 103 1
176 154 1
176 206 1
176 241 1
177 3 1
177 13 1
177 17 1
177 70 1
177 99 1
177 148 1
177 155 1
178 1 1
178 30 1
178 83 1
178 91 1
178 95 1
178 102 1
178 113 1
178 125 1
178 160 1
178 170 1
178 205 1
178 207 1
178 240 1
179 9 1
179 53 1
179 67 1
179 92 1
179 101 1
179 154 1
179 161 1
179 211 1
179 225 1
179 230 1
180 4 1
180 16 1
180 68 1
180 176 1
180 219 1
180 229 1
180 245 1
180 268 1
181 1 1
181 92 1
181 99 1
181 120 1
181 124 1
181 126 1
181 139 1
182 51 1
182 103 1
182 104 1
182 118 1
182 122 1
182 218 1
183 39 1
183 43 1
183 64 1
183 70 1
183 107 1
183 116 1
183 151 1
183 259 1
183 279 1
184 51 1
184 151 1
184 167 1
184 172 1
185 13 1
185 41 1
185 64 1
185 70 1
186 31 1
186 53 1
186 106 1
186 110 1
186 138 1
186 192 1
186 210 1
186 273 1
187 58 1
187 66 1
187 77 1
187 113 1
187 125 1
187 188 1
188 3 1
188 4 1
188 14 1
188 16 1
188 54 1
188 59 1
188 91 1
188 102 1
188 112 1
188 120 1
188 134 1
188 146 1
188 150 1
188 204 1
188 227 1
188 246 1
189 42 1
189 83 1
189 165 1
190 4 1
190 55 1
190 62 1
190 83 1
190 96 1
190 99 1
190 118 1
190 127 1
190 135 1
190 146 1
190 149 1
190 172 1
190 179 1
190 182 1
190 205 1
190 231 1
190 297 1
191 2 1
191 3 1
191 4 1
191 5 1
191 7 1
191 13 1
191 28 1
191 32 1
191 60 1
191 62 1
191 63 1
191 72 1
191 91 1
191 100 1
191 114 1
191 119 1
191 120 1
191 126 1
191 131 1
191 133 1
191 138 1
191 143 1
191 166 1
191 173 1
191 192 1
191 194 1
191 202 1
191 204 1
191 258 1
191 268 1
191 285 1
192 15 1
192 77 1
192 81 1
192 94 1
192 106 1
192 114 1
192 118 1
192 135 1
192 138 1
192 143 1
192 173 1
193 8 1
193 60 1
193 125 1
193 151 1
193 225 1
194 3 1
194 5 1
194 53 1
194 64 1
194 72 1
194 77 1
194 129 1
194 173 1
194 197 1
194 202 1
195 130 1
195 140 1
195 165 1
195 199 1
195 274 1
196 10 1
196 112 1
196 130 1
196 138 1
196 173 1
196 195 1
196 208 1
196 266 1
197 35 1
197 57 1
197 100 1
197 206 1
198 3 1
198 25 1
198 61 1
198 67 1
198 96 1
198 105 1
198 118 1
198 132 1
198 144 1
198 149 1
198 204 1
198 213 1
198 219 1
198 227 1
199 55 1
199 102 1
199 110 1
199 126 1
199 133 1
199 193 1
199 205 1
199 217 1
200 3 1
200 4 1
200 26 1
200 120 1
200 124 1
200 149 1
200 150 1
200 185 1
200 221 1
200 242 1
200 276 1
201 4 1
201 13 1
201 54 1
201 60 1
201 88 1
201 109 1
201 122 1
201 151 1
201 165 1
201 173 1
201 196 1
201 215 1
201 233 1
201 276 1
201 279 1
202 15 1
202 106 1
202 133 1
202 146 1
202 173 1
202 206 1
203 18 1
203 43 1
203 51 1
203 63 1
203 68 1
203 105 1
203 123 1
203 125 1
203 130 1
203 207 1
203 208 1
203 219 1
204 3 1
204 114 1
204 133 1
204 167 1
204 242 1
205 19 1
205 76 1
205 118 1
205 134 1
205 178 1
205 192 1
205 199 1
205 218 1
206 1 1
206 35 1
206 102 1
206 122 1
206 124 1
206 197 1
206 242 1
206 260 1
207 57 1
207 106 1
207 205 1
208 7 1
208 64 1
208 94 1
208 124 1
208 126 1
208 236 1
209 41 1
210 32 1
210 134 1
210 169 1
210 186 1
210 276 1
211 63 1
211 117 1
211 136 1
211 192 1
211 227 1
211 246 1
212 11 1
212 76 1
212 110 1
212 215 1
212 230 1
213 67 1
213 78 1
213 108 1
213 198 1
213 254 1
213 281 1
214 28 1
214 59 1
214 60 1
214 118 1
214 119 1
214 126 1
214 131 1
214 143 1
214 162 1
214 227 1
214 258 1
215 28 1
215 35 1
215 64 1
215 124 1
215 137 1
215 221 1
215 246 1
216 42 1
216 128 1
216 215 1
216 259 1
217 104 1
217 118 1
217 151 1
217 199 1
218 101 1
218 103 1
218 183 1
218 205 1
219 17 1
219 22 1
219 43 1
219 134 1
219 138 1
219 151 1
219 154 1
219 246 1
219 279 1
220 3 1
220 4 1
220 13 1
220 70 1
220 79 1
220 108 1
220 118 1
220 119 1
220 122 1
220 138 1
220 173 1
220 202 1
220 204 1
220 208 1
220 216 1
220 217 1
221 16 1
221 200 1
221 222 1
221 254 1
222 15 1
222 42 1
222 56 1
222 172 1
222 190 1
222 200 1
222 221 1
222 240 1
223 4 1
224 56 1
225 12 1
225 16 1
225 238 1
226 28 1
226 146 1
226 189 1
226 240 1
227 59 1
227 96 1
227 126 1
227 164 1
227 171 1
227 214 1
227 258 1
228 5 1
228 86 1
228 107 1
228 122 1
228 126 1
228 135 1
228 180 1
228 206 1
228 207 1
228 278 1
229 68 1
229 116 1
230 33 1
230 100 1
232 13 1
232 31 1
232 42 1
232 71 1
232 85 1
232 99 1
232 106 1
232 119 1
232 146 1
232 162 1
232 194 1
232 203 1
232 205 1
232 219 1
232 271 1
233 85 1
233 92 1
233 215 1
233 246 1
234 3 1
234 31 1
234 58 1
234 87 1
234 98 1
234 99 1
234 114 1
234 117 1
234 118 1
234 126 1
234 137 1
234 183 1
234 211 1
234 219 1
234 284 1
235 88 1
235 136 1
235 167 1
235 210 1
235 225 1
235 227 1
235 238 1
235 247 1
235 251 1
235 278 1
236 134 1
236 193 1
237 87 1
237 249 1
238 130 1
238 225 1
239 3 1
239 14 1
239 43 1
239 54 1
239 71 1
239 91 1
239 104 1
240 226 1
241 145 1
242 91 1
245 72 1
245 150 1
245 200 1
245 271 1
246 33 1
246 218 1
246 231 1
246 247 1
247 84 1
247 242 1
247 250 1
248 6 1
249 256 1
250 61 1
250 139 1
250 148 1
250 207 1
250 217 1
250 238 1
250 266 1
251 121 1
253 35 1
253 67 1
253 68 1
253 136 1
253 239 1
254 194 1
254 226 1
254 230 1
254 246 1
255 80 1
255 165 1
255 273 1
256 173 1
256 189 1
256 246 1
256 249 1
257 48 1
257 64 1
257 72 1
257 123 1
257 141 1
258 2 1
258 69 1
258 226 1
259 120 1
263 91 1
263 254 1
264 77 1
264 152 1
265 9 1
265 236 1
266 39 1
266 41 1
267 53 1
267 117 1
268 9 1
268 64 1
269 11 1
269 16 1
269 82 1
269 111 1
269 157 1
269 205 1
269 229 1
269 254 1
270 4 1
270 22 1
270 54 1
270 58 1
270 66 1
270 111 1
270 118 1
270 200 1
270 214 1
270 241 1
270 289 1
271 85 1
272 9 1
272 22 1
272 32 1
272 66 1
272 73 1
272 137 1
272 208 1
272 209 1
272 263 1
272 285 1
273 19 1
274 59 1
274 92 1
274 94 1
274 109 1
274 118 1
274 140 1
274 143 1
274 163 1
274 168 1
275 292 1
276 10 1
276 54 1
276 90 1
276 92 1
276 138 1
276 196 1
276 199 1
276 201 1
276 217 1
276 279 1
277 8 1
277 13 1
277 18 1
277 21 1
277 22 1
277 67 1
277 68 1
277 107 1
277 164 1
277 206 1
277 233 1
277 257 1
278 5 1
278 13 1
278 63 1
278 170 1
278 174 1
278 212 1
278 216 1
278 231 1
280 256 1
283 10 1
284 19 1
284 229 1
