1 216 1
1 221 1
2 9 1
2 13 1
2 14 1
2 29 1
2 54 1
2 64 1
2 68 1
2 72 1
2 87 1
2 94 1
2 119 1
2 126 1
2 138 1
2 150 1
2 153 1
2 178 1
2 181 1
2 193 1
2 196 1
2 200 1
2 205 1
2 227 1
2 240 1
2 285 1
3 17 1
3 19 1
3 32 1
3 33 1
3 48 1
3 55 1
3 58 1
3 64 1
3 68 1
3 72 1
3 84 1
3 91 1
3 94 1
3 108 1
3 117 1
3 119 1
3 122 1
3 125 1
3 136 1
3 138 1
3 140 1
3 150 1
3 171 1
3 173 1
3 179 1
3 192 1
3 197 1
3 200 1
3 202 1
3 203 1
3 206 1
3 208 1
3 210 1
3 217 1
3 225 1
3 227 1
3 240 1
3 243 1
3 245 1
3 258 1
3 295 1
4 3 1
4 5 1
4 9 1
4 10 1
4 13 1
4 17 1
4 32 1
4 54 1
4 60 1
4 64 1
4 67 1
4 70 1
4 72 1
4 84 1
4 85 1
4 94 1
4 105 1
4 121 1
4 131 1
4 149 1
4 164 1
4 182 1
4 192 1
4 194 1
4 204 1
4 208 1
4 210 1
4 220 1
4 227 1
4 240 1
4 246 1
4 281 1
4 291 1
5 3 1
5 9 1
5 13 1
5 21 1
5 30 1
5 32 1
5 54 1
5 59 1
5 83 1
5 94 1
5 103 1
5 104 1
5 115 1
5 117 1
5 118 1
5 119 1
5 123 1
5 126 1
5 132 1
5 134 1
5 138 1
5 143 1
5 146 1
5 151 1
5 173 1
5 192 1
5 193 1
5 202 1
5 203 1
5 206 1
5 212 1
5 225 1
5 251 1
5 256 1
5 266 1
6 14 1
6 52 1
6 108 1
6 116 1
6 134 1
6 178 1
6 200 1
6 285 1
7 3 1
7 4 1
7 8 1
7 13 1
7 16 1
7 36 1
7 37 1
7 60 1
7 76 1
7 87 1
7 106 1
7 114 1
7 119 1
7 120 1
7 122 1
7 126 1
7 138 1
7 143 1
7 173 1
7 180 1
7 192 1
7 196 1
7 199 1
7 205 1
7 208 1
7 214 1
7 226 1
8 7 1
8 13 1
8 16 1
8 59 1
8 60 1
8 88 1
8 115 1
8 120 1
8 126 1
8 143 1
8 161 1
8 167 1
8 209 1
8 266 1
9 2 1
9 13 1
9 47 1
9 64 1
9 115 1
9 146 1
9 153 1
9 173 1
9 210 1
9 283 1
10 69 1
10 73 1
10 90 1
10 96 1
10 128 1
10 154 1
10 175 1
10 179 1
11 13 1
11 31 1
11 104 1
11 107 1
11 112 1
11 169 1
11 173 1
11 192 1
11 212 1
12 5 1
12 27 1
12 30 1
12 51 1
12 69 1
12 186 1
12 257 1
13 8 1
13 14 1
13 19 1
13 31 1
13 43 1
13 58 1
13 59 1
13 60 1
13 64 1
13 67 1
13 70 1
13 78 1
13 84 1
13 88 1
13 99 1
13 103 1
13 106 1
13 109 1
13 112 1
13 114 1
13 118 1
13 119 1
13 122 1
13 124 1
13 126 1
13 131 1
13 133 1
13 138 1
13 140 1
13 143 1
13 146 1
13 156 1
13 163 1
13 173 1
13 178 1
13 199 1
13 204 1
13 205 1
13 217 1
13 219 1
13 227 1
13 246 1
13 260 1
13 285 1
13 288 1
14 3 1
14 13 1
14 19 1
14 59 1
14 64 1
14 74 1
14 78 1
14 94 1
14 99 1
14 106 1
14 118 1
14 119 1
14 124 1
14 126 1
14 130 1
14 138 1
14 143 1
14 146 1
14 173 1
14 194 1
14 199 1
14 206 1
14 208 1
14 227 1
14 246 1
14 262 1
15 7 1
15 72 1
15 76 1
15 87 1
15 96 1
15 102 1
15 103 1
15 110 1
15 112 1
15 119 1
15 120 1
15 126 1
15 138 1
15 188 1
15 196 1
15 227 1
15 254 1
16 70 1
16 126 1
16 164 1
16 247 1
17 77 1
17 131 1
17 266 1
18 110 1
18 136 1
18 156 1
18 218 1
18 237 1
18 259 1
19 99 1
19 128 1
19 140 1
19 148 1
20 41 1
20 101 1
20 127 1
20 141 1
20 210 1
20 280 1
21 3 1
21 43 1
21 70 1
21 77 1
21 133 1
21 136 1
21 217 1
21 218 1
21 226 1
22 17 1
22 39 1
22 77 1
22 92 1
22 97 1
22 100 1
22 111 1
22 113 1
22 193 1
22 196 1
22 227 1
22 237 1
22 258 1
23 15 1
23 118 1
23 135 1
23 148 1
23 151 1
23 161 1
23 166 1
23 196 1
23 206 1
23 209 1
23 234 1
23 236 1
23 258 1
23 263 1
24 4 1
24 5 1
24 7 1
24 13 1
24 54 1
24 64 1
24 68 1
24 120 1
24 123 1
24 131 1
24 144 1
24 147 1
24 199 1
24 205 1
24 207 1
24 214 1
24 219 1
24 220 1
24 258 1
25 1 1
25 5 1
25 85 1
25 118 1
25 138 1
26 13 1
26 59 1
26 61 1
26 100 1
26 119 1
27 55 1
27 281 1
28 3 1
28 86 1
28 87 1
28 123 1
28 293 1
29 67 1
29 88 1
29 211 1
29 278 1
30 12 1
30 69 1
30 77 1
30 123 1
30 144 1
30 212 1
31 44 1
31 96 1
31 112 1
32 5 1
32 13 1
32 54 1
32 72 1
32 158 1
32 180 1
32 192 1
32 225 1
33 48 1
33 73 1
33 149 1
33 222 1
33 240 1
34 3 1
34 5 1
34 9 1
34 16 1
34 62 1
34 67 1
34 71 1
34 92 1
34 113 1
34 133 1
34 207 1
34 208 1
34 229 1
35 120 1
35 147 1
35 184 1
35 188 1
35 262 1
36 3 1
36 31 1
36 63 1
36 68 1
36 85 1
36 87 1
36 91 1
36 94 1
36 96 1
36 103 1
36 112 1
36 117 1
36 149 1
36 150 1
36 246 1
36 256 1
37 88 1
37 92 1
37 112 1
37 171 1
37 209 1
37 219 1
37 285 1
38 15 1
38 64 1
38 219 1
38 239 1
38 282 1
39 75 1
39 196 1
39 268 1
40 1 1
40 3 1
40 66 1
40 71 1
40 96 1
40 182 1
40 222 1
40 229 1
40 274 1
40 277 1
41 19 1
41 20 1
41 125 1
41 178 1
41 190 1
42 6 1
42 58 1
42 87 1
42 121 1
42 186 1
42 264 1
43 70 1
43 71 1
43 103 1
43 111 1
43 128 1
43 150 1
43 177 1
43 188 1
43 248 1
43 277 1
44 21 1
44 31 1
44 96 1
44 112 1
44 117 1
44 119 1
44 129 1
44 137 1
44 166 1
44 170 1
44 173 1
44 202 1
44 204 1
44 239 1
44 254 1
45 2 1
45 3 1
45 4 1
45 5 1
45 6 1
45 7 1
45 8 1
45 9 1
45 12 1
45 13 1
45 14 1
45 15 1
45 18 1
45 19 1
45 20 1
45 24 1
45 27 1
45 28 1
45 30 1
45 31 1
45 32 1
45 41 1
45 42 1
45 43 1
45 44 1
45 46 1
45 48 1
45 49 1
45 53 1
45 54 1
45 59 1
45 60 1
45 62 1
45 63 1
45 64 1
45 65 1
45 67 1
45 68 1
45 69 1
45 70 1
45 72 1
45 73 1
45 76 1
45 85 1
45 86 1
45 87 1
45 91 1
45 94 1
45 96 1
45 99 1
45 100 1
45 103 1
45 106 1
45 107 1
45 108 1
45 109 1
45 112 1
45 114 1
45 115 1
45 117 1
45 118 1
45 119 1
45 120 1
45 122 1
45 123 1
45 124 1
45 125 1
45 126 1
45 128 1
45 130 1
45 131 1
45 133 1
45 134 1
45 136 1
45 138 1
45 140 1
45 141 1
45 143 1
45 146 1
45 150 1
45 151 1
45 154 1
45 156 1
45 159 1
45 161 1
45 164 1
45 165 1
45 167 1
45 169 1
45 170 1
45 172 1
45 173 1
45 177 1
45 178 1
45 179 1
45 185 1
45 186 1
45 188 1
45 190 1
45 192 1
45 194 1
45 195 1
45 197 1
45 198 1
45 199 1
45 200 1
45 201 1
45 202 1
45 203 1
45 204 1
45 205 1
45 206 1
45 208 1
45 214 1
45 215 1
45 217 1
45 220 1
45 221 1
45 227 1
45 229 1
45 235 1
45 238 1
45 246 1
45 248 1
45 253 1
45 256 1
45 259 1
45 260 1
45 270 1
45 276 1
45 278 1
45 284 1
45 285 1
45 296 1
46 118 1
46 226 1
46 229 1
46 257 1
46 284 1
47 16 1
47 39 1
47 43 1
47 58 1
47 70 1
47 103 1
47 118 1
47 158 1
47 179 1
47 181 1
47 238 1
47 239 1
47 271 1
47 278 1
48 3 1
48 13 1
48 17 1
48 32 1
48 33 1
48 67 1
48 72 1
48 106 1
48 108 1
48 119 1
48 128 1
48 138 1
48 150 1
48 173 1
48 202 1
48 203 1
48 206 1
48 227 1
49 22 1
49 29 1
49 53 1
49 58 1
49 64 1
49 109 1
49 110 1
49 111 1
49 113 1
49 139 1
49 142 1
49 163 1
49 168 1
49 177 1
49 185 1
49 229 1
49 238 1
49 245 1
49 249 1
49 254 1
50 3 1
50 8 1
50 31 1
50 64 1
50 72 1
50 99 1
50 110 1
50 116 1
50 180 1
50 200 1
50 211 1
50 215 1
50 231 1
51 3 1
51 17 1
51 18 1
51 21 1
51 28 1
51 121 1
52 4 1
52 32 1
52 60 1
52 87 1
52 120 1
52 122 1
52 173 1
52 208 1
52 236 1
53 55 1
53 117 1
53 138 1
53 139 1
53 216 1
53 238 1
53 262 1
54 72 1
56 51 1
56 178 1
56 182 1
56 200 1
56 239 1
57 22 1
57 111 1
57 180 1
59 13 1
59 91 1
59 102 1
59 118 1
59 138 1
59 205 1
59 276 1
60 4 1
60 10 1
60 13 1
60 20 1
60 53 1
60 118 1
60 120 1
60 124 1
60 126 1
60 143 1
60 205 1
60 208 1
60 246 1
61 13 1
61 88 1
61 101 1
61 139 1
61 188 1
62 88 1
62 193 1
62 232 1
63 68 1
64 22 1
64 49 1
64 70 1
64 85 1
64 225 1
65 3 1
65 91 1
65 100 1
65 118 1
65 119 1
65 152 1
65 163 1
65 167 1
65 205 1
65 210 1
65 216 1
66 22 1
66 85 1
66 124 1
66 210 1
66 216 1
67 122 1
67 133 1
67 142 1
68 39 1
68 59 1
68 63 1
68 94 1
68 101 1
68 249 1
69 63 1
69 107 1
69 223 1
69 240 1
70 43 1
70 64 1
71 218 1
72 32 1
72 34 1
72 54 1
72 102 1
72 123 1
72 142 1
72 200 1
73 12 1
73 13 1
73 77 1
73 100 1
73 126 1
73 130 1
73 138 1
73 190 1
73 200 1
73 219 1
73 258 1
74 10 1
74 14 1
74 15 1
74 59 1
74 80 1
74 85 1
74 91 1
74 96 1
74 110 1
74 112 1
74 116 1
74 170 1
74 172 1
74 188 1
74 254 1
74 257 1
74 267 1
75 4 1
75 13 1
75 59 1
75 60 1
75 64 1
75 76 1
75 85 1
75 87 1
75 91 1
75 103 1
75 131 1
75 143 1
75 166 1
75 173 1
75 185 1
75 206 1
75 208 1
75 279 1
76 3 1
76 4 1
76 7 1
76 12 1
76 60 1
76 75 1
76 92 1
76 119 1
76 126 1
76 173 1
76 185 1
76 206 1
76 208 1
77 99 1
77 215 1
78 106 1
78 122 1
78 173 1
78 211 1
78 219 1
78 224 1
78 226 1
78 246 1
78 277 1
78 284 1
79 32 1
79 57 1
79 92 1
79 102 1
79 238 1
79 245 1
80 165 1
80 188 1
80 211 1
80 285 1
81 90 1
82 5 1
82 126 1
83 15 1
83 64 1
84 71 1
84 148 1
85 3 1
85 13 1
85 14 1
85 16 1
85 30 1
85 43 1
85 55 1
85 60 1
85 64 1
85 68 1
85 91 1
85 92 1
85 94 1
85 112 1
85 114 1
85 115 1
85 116 1
85 119 1
85 126 1
85 130 1
85 131 1
85 141 1
85 143 1
85 173 1
85 199 1
85 202 1
85 203 1
85 208 1
85 210 1
85 214 1
85 219 1
85 225 1
85 226 1
85 260 1
85 265 1
85 276 1
86 62 1
86 65 1
86 71 1
86 72 1
86 87 1
86 166 1
86 176 1
86 242 1
86 246 1
86 268 1
86 286 1
87 3 1
87 4 1
87 7 1
87 13 1
87 14 1
87 16 1
87 22 1
87 59 1
87 60 1
87 68 1
87 70 1
87 85 1
87 96 1
87 99 1
87 115 1
87 118 1
87 122 1
87 126 1
87 130 1
87 131 1
87 133 1
87 134 1
87 138 1
87 143 1
87 173 1
87 180 1
87 195 1
87 196 1
87 204 1
87 208 1
87 214 1
87 215 1
87 219 1
87 221 1
87 275 1
87 285 1
88 33 1
88 99 1
88 150 1
88 171 1
88 216 1
88 217 1
88 240 1
89 1 1
89 173 1
89 192 1
89 251 1
89 254 1
90 5 1
90 31 1
90 69 1
90 136 1
90 178 1
90 255 1
90 273 1
90 279 1
91 17 1
91 59 1
91 74 1
91 110 1
91 116 1
91 164 1
91 231 1
92 88 1
92 215 1
93 57 1
94 3 1
94 32 1
94 51 1
94 60 1
94 68 1
94 93 1
94 203 1
95 140 1
95 146 1
95 241 1
96 15 1
96 36 1
96 102 1
96 103 1
96 110 1
96 112 1
97 2 1
97 95 1
97 150 1
97 279 1
98 4 1
98 13 1
98 18 1
98 28 1
98 116 1
98 124 1
98 131 1
98 162 1
98 173 1
98 194 1
98 204 1
98 205 1
98 208 1
98 217 1
99 17 1
99 19 1
99 44 1
99 68 1
99 84 1
99 119 1
99 126 1
99 130 1
99 138 1
99 140 1
99 173 1
99 204 1
99 208 1
99 225 1
99 227 1
99 242 1
99 246 1
99 248 1
99 279 1
100 5 1
100 73 1
100 84 1
100 102 1
100 275 1
101 21 1
101 157 1
101 226 1
102 21 1
102 110 1
102 148 1
102 155 1
102 170 1
102 173 1
103 43 1
103 55 1
103 75 1
103 91 1
103 109 1
103 151 1
103 152 1
103 188 1
103 204 1
103 231 1
103 246 1
103 271 1
104 11 1
104 20 1
104 31 1
104 107 1
104 134 1
104 136 1
104 169 1
104 171 1
104 189 1
104 256 1
104 273 1
105 2 1
105 5 1
105 32 1
105 139 1
105 151 1
105 234 1
105 242 1
106 3 1
106 14 1
106 64 1
106 119 1
106 122 1
106 143 1
106 173 1
106 202 1
107 5 1
107 53 1
107 138 1
107 156 1
107 163 1
107 246 1
107 250 1
108 5 1
108 13 1
108 17 1
108 48 1
108 131 1
108 202 1
108 218 1
109 22 1
109 43 1
109 103 1
109 124 1
109 163 1
109 188 1
109 194 1
109 204 1
109 205 1
109 216 1
109 260 1
110 96 1
110 116 1
110 135 1
110 186 1
110 195 1
110 262 1
111 43 1
111 63 1
111 154 1
111 279 1
112 11 1
112 31 1
112 96 1
112 104 1
112 110 1
112 173 1
112 193 1
113 1 1
113 64 1
113 189 1
113 203 1
113 251 1
113 282 1
113 283 1
114 7 1
114 43 1
114 118 1
114 122 1
114 124 1
114 143 1
114 192 1
114 198 1
114 201 1
114 205 1
114 207 1
114 229 1
115 3 1
115 13 1
115 16 1
115 53 1
115 59 1
115 60 1
115 71 1
115 91 1
115 94 1
115 106 1
115 118 1
115 120 1
115 122 1
115 126 1
115 133 1
115 138 1
115 143 1
115 146 1
115 173 1
115 178 1
115 185 1
115 205 1
115 208 1
115 226 1
115 258 1
116 6 1
116 59 1
116 74 1
116 91 1
116 110 1
116 155 1
116 177 1
116 193 1
116 233 1
117 94 1
117 126 1
117 249 1
118 3 1
118 16 1
118 28 1
118 51 1
118 63 1
118 91 1
118 101 1
118 109 1
118 112 1
118 124 1
118 126 1
118 133 1
118 138 1
118 143 1
118 158 1
118 171 1
118 192 1
118 194 1
118 198 1
118 204 1
118 205 1
118 227 1
118 233 1
118 237 1
118 247 1
118 285 1
119 3 1
119 4 1
119 7 1
119 16 1
119 19 1
119 21 1
119 44 1
119 58 1
119 59 1
119 62 1
119 93 1
119 96 1
119 101 1
119 118 1
119 124 1
119 125 1
119 136 1
119 138 1
119 166 1
119 170 1
119 178 1
119 192 1
119 199 1
119 202 1
119 204 1
119 205 1
119 214 1
119 226 1
119 227 1
119 280 1
119 285 1
120 7 1
120 15 1
120 16 1
120 35 1
120 60 1
120 72 1
120 87 1
120 102 1
120 105 1
120 117 1
120 118 1
120 122 1
120 124 1
120 126 1
120 143 1
120 149 1
120 196 1
120 199 1
120 200 1
120 205 1
121 140 1
121 144 1
121 208 1
121 210 1
122 67 1
122 106 1
122 143 1
123 5 1
123 28 1
123 32 1
123 78 1
123 83 1
123 98 1
123 125 1
123 134 1
123 151 1
123 212 1
123 260 1
124 7 1
124 20 1
124 63 1
124 72 1
124 114 1
124 118 1
124 128 1
124 192 1
124 205 1
124 207 1
124 214 1
125 18 1
125 28 1
125 123 1
125 139 1
125 151 1
125 169 1
125 210 1
125 264 1
126 2 1
126 3 1
126 14 1
126 16 1
126 35 1
126 64 1
126 68 1
126 76 1
126 94 1
126 104 1
126 119 1
126 130 1
126 133 1
126 138 1
126 144 1
126 150 1
126 181 1
126 185 1
126 192 1
126 194 1
126 200 1
126 202 1
126 206 1
126 257 1
126 285 1
127 51 1
127 56 1
127 195 1
128 19 1
128 42 1
129 110 1
129 130 1
129 230 1
130 99 1
130 126 1
130 173 1
130 194 1
130 242 1
130 246 1
131 3 1
131 13 1
131 17 1
131 31 1
131 38 1
131 60 1
131 88 1
131 98 1
131 104 1
131 112 1
131 126 1
131 138 1
131 173 1
131 199 1
131 205 1
131 208 1
131 217 1
131 227 1
132 66 1
132 135 1
132 157 1
132 179 1
132 188 1
132 225 1
132 260 1
132 280 1
133 17 1
133 19 1
133 35 1
133 67 1
133 68 1
133 94 1
133 122 1
133 126 1
133 162 1
133 171 1
133 173 1
133 196 1
133 205 1
133 206 1
133 219 1
134 142 1
134 151 1
134 186 1
134 207 1
134 218 1
136 8 1
136 13 1
136 92 1
136 150 1
136 162 1
136 215 1
137 145 1
138 4 1
138 17 1
138 42 1
138 58 1
138 91 1
138 118 1
138 119 1
138 120 1
138 121 1
138 126 1
138 131 1
138 162 1
138 192 1
138 199 1
138 202 1
138 203 1
138 204 1
138 205 1
138 214 1
138 217 1
138 227 1
138 241 1
139 1 1
139 28 1
139 56 1
139 125 1
139 214 1
139 249 1
140 19 1
140 99 1
140 134 1
140 160 1
141 20 1
141 121 1
141 213 1
142 4 1
142 49 1
142 62 1
142 67 1
142 72 1
142 113 1
142 168 1
142 233 1
142 272 1
143 3 1
143 14 1
143 53 1
143 60 1
143 64 1
143 106 1
143 118 1
143 122 1
143 149 1
143 167 1
143 176 1
143 180 1
143 192 1
143 194 1
143 208 1
143 227 1
145 137 1
145 213 1
146 7 1
146 14 1
146 28 1
146 104 1
146 109 1
146 112 1
146 118 1
146 124 1
146 169 1
146 207 1
146 261 1
146 285 1
147 86 1
147 213 1
148 43 1
148 84 1
148 225 1
149 28 1
149 73 1
149 85 1
149 118 1
149 143 1
149 187 1
149 269 1
149 284 1
150 202 1
150 240 1
151 134 1
152 10 1
152 21 1
152 25 1
152 43 1
152 57 1
152 66 1
152 68 1
152 87 1
152 134 1
152 170 1
152 188 1
152 230 1
153 13 1
153 51 1
153 60 1
153 102 1
153 143 1
153 174 1
153 248 1
154 63 1
154 70 1
154 173 1
154 246 1
154 285 1
154 289 1
155 17 1
155 42 1
155 93 1
155 104 1
155 128 1
155 277 1
155 290 1
156 18 1
156 91 1
156 107 1
156 110 1
156 116 1
156 205 1
156 218 1
156 224 1
156 234 1
157 9 1
157 119 1
157 126 1
157 138 1
157 185 1
157 204 1
157 264 1
158 35 1
158 85 1
158 87 1
158 91 1
158 137 1
158 150 1
158 164 1
158 202 1
158 249 1
159 16 1
159 128 1
159 152 1
159 181 1
159 262 1
160 10 1
160 135 1
160 184 1
160 207 1
160 230 1
160 238 1
160 242 1
160 246 1
160 252 1
161 5 1
161 9 1
161 71 1
161 78 1
161 137 1
161 149 1
161 158 1
161 199 1
161 226 1
161 233 1
162 4 1
162 5 1
162 59 1
162 91 1
162 132 1
162 138 1
162 182 1
162 205 1
162 259 1
163 20 1
163 41 1
163 43 1
163 49 1
163 111 1
163 149 1
163 245 1
163 254 1
163 275 1
164 107 1
164 136 1
164 141 1
164 154 1
164 182 1
164 214 1
164 226 1
164 231 1
164 279 1
164 285 1
165 61 1
165 88 1
165 126 1
165 135 1
165 173 1
165 221 1
166 83 1
166 102 1
166 139 1
166 170 1
166 209 1
167 85 1
167 91 1
167 112 1
167 118 1
167 143 1
167 161 1
167 192 1
167 195 1
167 196 1
167 209 1
167 214 1
168 3 1
168 4 1
168 28 1
168 67 1
168 71 1
168 157 1
168 161 1
168 183 1
168 203 1
168 219 1
169 1 1
169 17 1
169 43 1
169 85 1
169 107 1
169 150 1
169 219 1
169 242 1
170 10 1
170 51 1
170 87 1
170 194 1
170 196 1
170 283 1
171 35 1
171 37 1
171 54 1
171 68 1
171 72 1
171 133 1
172 22 1
172 110 1
172 197 1
172 210 1
172 215 1
172 230 1
173 2 1
173 13 1
173 14 1
173 17 1
173 19 1
173 60 1
173 64 1
173 78 1
173 94 1
173 104 1
173 106 1
173 115 1
173 122 1
173 126 1
173 130 1
173 133 1
173 138 1
173 143 1
173 146 1
173 194 1
173 203 1
173 204 1
173 205 1
173 206 1
173 246 1
173 294 1
174 3 1
174 15 1
174 50 1
174 79 1
174 96 1
174 107 1
174 116 1
174 117 1
174 118 1
174 205 1
174 254 1
175 5 1
175 21 1
175 27 1
175 59 1
175 85 1
176 22 1
176 83 1
176 146 1
176 247 1
176 279 1
177 21 1
177 74 1
177 90 1
177 111 1
177 116 1
177 246 1
177 285 1
178 2 1
178 3 1
178 91 1
178 92 1
178 115 1
178 118 1
178 126 1
178 138 1
178 143 1
178 168 1
178 196 1
178 201 1
178 233 1
179 5 1
179 32 1
179 54 1
179 72 1
179 91 1
179 99 1
179 137 1
179 189 1
179 225 1
179 279 1
180 8 1
180 9 1
180 33 1
180 97 1
180 134 1
180 150 1
180 151 1
180 202 1
181 57 1
181 92 1
181 117 1
181 183 1
181 216 1
181 225 1
181 268 1
182 28 1
182 218 1
182 225 1
182 255 1
182 283 1
182 284 1
183 5 1
183 11 1
183 102 1
183 105 1
183 109 1
183 208 1
183 227 1
183 242 1
183 273 1
184 10 1
184 35 1
184 200 1
184 257 1
185 76 1
185 126 1
185 192 1
185 225 1
186 42 1
186 87 1
186 121 1
186 134 1
186 221 1
186 227 1
186 236 1
186 241 1
187 39 1
187 91 1
187 143 1
187 225 1
187 231 1
187 263 1
188 3 1
188 4 1
188 7 1
188 42 1
188 55 1
188 103 1
188 119 1
188 120 1
188 151 1
188 192 1
188 199 1
188 205 1
188 208 1
188 213 1
188 256 1
188 285 1
189 13 1
189 19 1
189 192 1
190 4 1
190 13 1
190 37 1
190 41 1
190 59 1
190 72 1
190 73 1
190 87 1
190 93 1
190 99 1
190 104 1
190 130 1
190 178 1
190 185 1
190 206 1
190 229 1
190 233 1
191 3 1
191 4 1
191 13 1
191 14 1
191 33 1
191 48 1
191 49 1
191 53 1
191 60 1
191 78 1
191 87 1
191 88 1
191 106 1
191 119 1
191 126 1
191 130 1
191 131 1
191 133 1
191 138 1
191 143 1
191 149 1
191 160 1
191 173 1
191 185 1
191 194 1
191 203 1
191 208 1
191 217 1
191 227 1
191 228 1
191 242 1
192 6 1
192 11 1
192 13 1
192 32 1
192 53 1
192 63 1
192 72 1
192 104 1
192 140 1
192 212 1
192 214 1
193 10 1
193 35 1
193 85 1
193 229 1
193 244 1
194 13 1
194 14 1
194 59 1
194 106 1
194 130 1
194 135 1
194 159 1
194 171 1
194 230 1
194 246 1
195 49 1
195 127 1
195 163 1
195 257 1
195 271 1
196 3 1
196 17 1
196 43 1
196 53 1
196 60 1
196 132 1
196 200 1
196 225 1
197 17 1
197 172 1
197 229 1
197 245 1
198 7 1
198 11 1
198 51 1
198 87 1
198 91 1
198 114 1
198 115 1
198 118 1
198 133 1
198 138 1
198 146 1
198 159 1
198 173 1
198 192 1
199 7 1
199 60 1
199 66 1
199 120 1
199 122 1
199 131 1
199 143 1
199 208 1
200 2 1
200 9 1
200 62 1
200 72 1
200 94 1
200 119 1
200 150 1
200 170 1
200 193 1
200 196 1
200 205 1
201 3 1
201 4 1
201 7 1
201 42 1
201 85 1
201 86 1
201 91 1
201 103 1
201 114 1
201 118 1
201 119 1
201 143 1
201 171 1
201 178 1
201 233 1
202 3 1
202 17 1
202 48 1
202 58 1
202 150 1
202 227 1
203 3 1
203 13 1
203 19 1
203 48 1
203 94 1
203 126 1
203 138 1
203 150 1
203 202 1
203 206 1
203 251 1
203 278 1
204 134 1
204 140 1
204 173 1
204 227 1
204 246 1
205 2 1
205 7 1
205 114 1
205 120 1
205 124 1
205 192 1
205 196 1
205 276 1
206 3 1
206 28 1
206 64 1
206 94 1
206 172 1
206 196 1
206 203 1
206 221 1
207 41 1
207 51 1
207 124 1
208 4 1
208 13 1
208 60 1
208 131 1
208 227 1
208 262 1
209 238 1
210 9 1
210 125 1
210 153 1
210 247 1
210 283 1
211 9 1
211 32 1
211 55 1
211 126 1
211 219 1
211 240 1
212 28 1
212 123 1
212 151 1
212 168 1
212 256 1
213 55 1
213 89 1
213 119 1
213 145 1
213 188 1
213 199 1
214 19 1
214 28 1
214 42 1
214 64 1
214 105 1
214 124 1
214 144 1
214 159 1
214 192 1
214 207 1
214 241 1
215 35 1
215 120 1
215 146 1
215 154 1
215 172 1
215 209 1
215 229 1
216 27 1
216 230 1
216 239 1
216 248 1
217 88 1
217 165 1
217 202 1
217 227 1
218 71 1
218 88 1
218 108 1
218 284 1
219 28 1
219 33 1
219 46 1
219 60 1
219 102 1
219 170 1
219 199 1
219 216 1
219 240 1
220 1 1
220 13 1
220 24 1
220 60 1
220 61 1
220 63 1
220 68 1
220 94 1
220 108 1
220 120 1
220 126 1
220 131 1
220 143 1
220 147 1
220 208 1
220 241 1
221 137 1
221 162 1
221 165 1
221 186 1
222 9 1
222 33 1
222 101 1
222 109 1
222 112 1
222 131 1
222 208 1
222 259 1
223 5 1
224 85 1
225 32 1
225 73 1
225 132 1
226 99 1
226 101 1
226 257 1
226 285 1
227 99 1
227 119 1
227 204 1
227 207 1
227 208 1
227 217 1
227 221 1
228 23 1
228 25 1
228 66 1
228 98 1
228 116 1
228 138 1
228 193 1
228 204 1
228 214 1
228 223 1
229 114 1
229 197 1
230 129 1
230 172 1
232 1 1
232 3 1
232 6 1
232 33 1
232 67 1
232 68 1
232 83 1
232 88 1
232 98 1
232 149 1
232 160 1
232 169 1
232 172 1
232 197 1
232 297 1
233 47 1
233 92 1
233 137 1
233 139 1
234 3 1
234 5 1
234 7 1
234 11 1
234 12 1
234 19 1
234 56 1
234 66 1
234 84 1
234 96 1
234 99 1
234 104 1
234 151 1
234 196 1
234 284 1
235 54 1
235 63 1
235 68 1
235 149 1
235 225 1
235 246 1
235 247 1
235 259 1
235 260 1
235 292 1
236 183 1
236 210 1
237 194 1
237 229 1
238 53 1
238 209 1
239 3 1
239 47 1
239 131 1
239 153 1
239 169 1
239 254 1
239 265 1
240 150 1
241 186 1
242 165 1
245 46 1
245 64 1
245 83 1
245 258 1
246 103 1
246 151 1
246 186 1
246 241 1
247 21 1
247 155 1
247 219 1
248 43 1
249 68 1
250 6 1
250 35 1
250 66 1
250 117 1
250 143 1
250 230 1
250 231 1
251 51 1
253 4 1
253 39 1
253 60 1
253 117 1
253 126 1
254 10 1
254 137 1
254 189 1
254 220 1
255 51 1
255 111 1
255 231 1
256 143 1
256 207 1
256 212 1
256 287 1
257 167 1
257 195 1
257 207 1
257 226 1
257 255 1
258 1 1
258 13 1
258 245 1
259 109 1
263 6 1
263 112 1
264 90 1
264 178 1
265 119 1
265 133 1
266 115 1
266 281 1
267 42 1
267 92 1
268 118 1
268 193 1
269 43 1
269 82 1
269 112 1
269 132 1
269 135 1
269 177 1
269 196 1
269 245 1
270 13 1
270 32 1
270 70 1
270 71 1
270 83 1
270 88 1
270 149 1
270 169 1
270 173 1
270 176 1
270 196 1
271 173 1
272 43 1
272 54 1
272 70 1
272 84 1
272 100 1
272 109 1
272 117 1
272 189 1
272 211 1
272 237 1
273 252 1
274 2 1
274 27 1
274 32 1
274 39 1
274 53 1
274 57 1
274 63 1
274 97 1
274 196 1
275 258 1
276 3 1
276 11 1
276 15 1
276 77 1
276 134 1
276 172 1
276 173 1
276 192 1
276 205 1
276 231 1
277 58 1
277 64 1
277 78 1
277 85 1
277 88 1
277 106 1
277 119 1
277 135 1
277 136 1
277 154 1
277 267 1
277 273 1
278 4 1
278 13 1
278 30 1
278 114 1
278 138 1
278 199 1
278 233 1
278 237 1
280 81 1
283 26 1
284 207 1
284 234 1
