1 209 1
1 214 1
2 3 1
2 5 1
2 9 1
2 13 1
2 19 1
2 32 1
2 60 1
2 72 1
2 84 1
2 87 1
2 118 1
2 119 1
2 121 1
2 124 1
2 126 1
2 149 1
2 159 1
2 173 1
2 186 1
2 196 1
2 202 1
2 204 1
2 208 1
2 254 1
3 4 1
3 7 1
3 9 1
3 14 1
3 24 1
3 27 1
3 35 1
3 51 1
3 59 1
3 60 1
3 63 1
3 64 1
3 68 1
3 72 1
3 83 1
3 85 1
3 91 1
3 94 1
3 103 1
3 105 1
3 118 1
3 122 1
3 130 1
3 134 1
3 143 1
3 150 1
3 167 1
3 178 1
3 180 1
3 192 1
3 196 1
3 199 1
3 205 1
3 207 1
3 208 1
3 219 1
3 227 1
3 229 1
3 246 1
3 264 1
3 279 1
4 16 1
4 17 1
4 21 1
4 28 1
4 33 1
4 42 1
4 59 1
4 67 1
4 70 1
4 71 1
4 83 1
4 107 1
4 118 1
4 119 1
4 120 1
4 125 1
4 132 1
4 138 1
4 143 1
4 150 1
4 168 1
4 178 1
4 192 1
4 199 1
4 203 1
4 205 1
4 206 1
4 207 1
4 210 1
4 225 1
4 262 1
4 265 1
4 267 1
5 3 1
5 4 1
5 6 1
5 7 1
5 13 1
5 25 1
5 48 1
5 58 1
5 60 1
5 85 1
5 91 1
5 92 1
5 94 1
5 103 1
5 106 1
5 112 1
5 116 1
5 122 1
5 126 1
5 138 1
5 143 1
5 146 1
5 173 1
5 189 1
5 190 1
5 196 1
5 199 1
5 208 1
5 214 1
5 216 1
5 219 1
5 227 1
5 251 1
5 258 1
5 285 1
6 21 1
6 130 1
6 132 1
6 139 1
6 169 1
6 212 1
6 225 1
6 252 1
7 3 1
7 4 1
7 13 1
7 17 1
7 21 1
7 33 1
7 49 1
7 59 1
7 64 1
7 72 1
7 76 1
7 112 1
7 118 1
7 119 1
7 130 1
7 131 1
7 138 1
7 143 1
7 163 1
7 173 1
7 188 1
7 194 1
7 196 1
7 199 1
7 205 1
7 208 1
7 246 1
8 3 1
8 16 1
8 85 1
8 87 1
8 119 1
8 123 1
8 126 1
8 154 1
8 173 1
8 188 1
8 194 1
8 220 1
8 285 1
8 290 1
9 83 1
9 118 1
9 123 1
9 173 1
9 192 1
9 202 1
9 215 1
9 221 1
9 249 1
9 259 1
10 16 1
10 110 1
10 120 1
10 227 1
10 233 1
10 268 1
10 275 1
10 280 1
11 5 1
11 53 1
11 110 1
11 133 1
11 227 1
11 247 1
11 263 1
11 264 1
11 277 1
12 15 1
12 37 1
12 83 1
12 91 1
12 102 1
12 173 1
12 174 1
13 3 1
13 4 1
13 7 1
13 9 1
13 10 1
13 14 1
13 17 1
13 19 1
13 33 1
13 42 1
13 43 1
13 48 1
13 60 1
13 64 1
13 68 1
13 71 1
13 72 1
13 73 1
13 94 1
13 99 1
13 103 1
13 112 1
13 116 1
13 117 1
13 122 1
13 124 1
13 126 1
13 137 1
13 138 1
13 143 1
13 150 1
13 151 1
13 163 1
13 173 1
13 188 1
13 192 1
13 196 1
13 199 1
13 205 1
13 208 1
13 226 1
13 229 1
13 231 1
13 246 1
13 259 1
14 2 1
14 4 1
14 13 1
14 17 1
14 34 1
14 42 1
14 60 1
14 71 1
14 87 1
14 94 1
14 103 1
14 112 1
14 118 1
14 119 1
14 126 1
14 163 1
14 167 1
14 173 1
14 177 1
14 192 1
14 201 1
14 211 1
14 246 1
14 263 1
14 280 1
14 286 1
15 5 1
15 11 1
15 21 1
15 51 1
15 78 1
15 96 1
15 98 1
15 117 1
15 119 1
15 126 1
15 131 1
15 173 1
15 202 1
15 227 1
15 234 1
15 242 1
15 256 1
16 32 1
16 83 1
16 88 1
16 285 1
17 19 1
17 137 1
17 151 1
18 103 1
18 109 1
18 117 1
18 193 1
18 275 1
18 281 1
19 2 1
19 87 1
19 221 1
19 230 1
20 5 1
20 63 1
20 119 1
20 163 1
20 227 1
20 230 1
21 68 1
21 88 1
21 92 1
21 109 1
21 172 1
21 173 1
21 181 1
21 185 1
21 285 1
22 13 1
22 19 1
22 27 1
22 28 1
22 85 1
22 123 1
22 137 1
22 176 1
22 187 1
22 237 1
22 254 1
22 256 1
22 261 1
23 31 1
23 51 1
23 68 1
23 74 1
23 102 1
23 104 1
23 115 1
23 120 1
23 127 1
23 193 1
23 205 1
23 206 1
23 207 1
23 217 1
24 3 1
24 4 1
24 58 1
24 60 1
24 63 1
24 70 1
24 126 1
24 133 1
24 134 1
24 138 1
24 169 1
24 170 1
24 182 1
24 193 1
24 204 1
24 227 1
24 229 1
24 246 1
24 248 1
25 3 1
25 8 1
25 138 1
25 154 1
25 284 1
26 1 1
26 43 1
26 158 1
26 209 1
26 278 1
27 16 1
27 101 1
28 1 1
28 19 1
28 108 1
28 156 1
28 192 1
29 5 1
29 136 1
29 181 1
29 259 1
30 1 1
30 57 1
30 91 1
30 196 1
30 197 1
30 226 1
31 24 1
31 78 1
31 185 1
32 16 1
32 64 1
32 91 1
32 117 1
32 124 1
32 128 1
32 146 1
32 227 1
33 7 1
33 32 1
33 73 1
33 119 1
33 169 1
34 64 1
34 86 1
34 92 1
34 104 1
34 110 1
34 135 1
34 162 1
34 192 1
34 200 1
34 203 1
34 260 1
34 266 1
34 278 1
35 30 1
35 130 1
35 134 1
35 240 1
35 273 1
36 43 1
36 47 1
36 55 1
36 78 1
36 90 1
36 91 1
36 99 1
36 109 1
36 118 1
36 120 1
36 126 1
36 173 1
36 186 1
36 203 1
36 204 1
36 282 1
37 12 1
37 38 1
37 110 1
37 149 1
37 151 1
37 219 1
37 231 1
38 3 1
38 28 1
38 103 1
38 136 1
38 214 1
39 17 1
39 229 1
39 245 1
40 16 1
40 59 1
40 125 1
40 126 1
40 155 1
40 170 1
40 200 1
40 202 1
40 217 1
40 245 1
41 78 1
41 90 1
41 129 1
41 141 1
41 225 1
42 6 1
42 149 1
42 164 1
42 205 1
42 240 1
42 285 1
43 10 1
43 68 1
43 99 1
43 203 1
43 208 1
43 217 1
43 219 1
43 222 1
43 229 1
43 256 1
44 13 1
44 59 1
44 66 1
44 71 1
44 72 1
44 87 1
44 104 1
44 123 1
44 126 1
44 138 1
44 143 1
44 223 1
44 226 1
44 233 1
44 277 1
45 1 1
45 2 1
45 3 1
45 4 1
45 5 1
45 6 1
45 7 1
45 9 1
45 10 1
45 11 1
45 13 1
45 14 1
45 15 1
45 17 1
45 19 1
45 21 1
45 22 1
45 28 1
45 31 1
45 32 1
45 33 1
45 35 1
45 41 1
45 42 1
45 43 1
45 48 1
45 49 1
45 51 1
45 52 1
45 53 1
45 60 1
45 61 1
45 63 1
45 64 1
45 66 1
45 68 1
45 70 1
45 71 1
45 72 1
45 73 1
45 83 1
45 85 1
45 87 1
45 88 1
45 90 1
45 91 1
45 94 1
45 96 1
45 98 1
45 99 1
45 100 1
45 103 1
45 104 1
45 105 1
45 106 1
45 110 1
45 112 1
45 114 1
45 115 1
45 116 1
45 117 1
45 118 1
45 119 1
45 120 1
45 122 1
45 123 1
45 124 1
45 126 1
45 128 1
45 129 1
45 130 1
45 131 1
45 133 1
45 134 1
45 138 1
45 139 1
45 143 1
45 150 1
45 151 1
45 155 1
45 156 1
45 160 1
45 162 1
45 171 1
45 173 1
45 176 1
45 178 1
45 179 1
45 180 1
45 186 1
45 188 1
45 190 1
45 192 1
45 196 1
45 199 1
45 200 1
45 201 1
45 202 1
45 203 1
45 204 1
45 205 1
45 207 1
45 208 1
45 209 1
45 210 1
45 211 1
45 212 1
45 213 1
45 215 1
45 216 1
45 217 1
45 218 1
45 221 1
45 222 1
45 226 1
45 227 1
45 229 1
45 231 1
45 233 1
45 234 1
45 236 1
45 237 1
45 238 1
45 241 1
45 242 1
45 246 1
45 254 1
45 257 1
45 262 1
45 266 1
45 273 1
45 276 1
45 284 1
45 285 1
46 18 1
46 19 1
46 77 1
46 101 1
46 295 1
47 22 1
47 36 1
47 39 1
47 53 1
47 87 1
47 118 1
47 120 1
47 146 1
47 148 1
47 165 1
47 179 1
47 204 1
47 212 1
47 281 1
48 3 1
48 4 1
48 13 1
48 14 1
48 17 1
48 58 1
48 64 1
48 94 1
48 103 1
48 112 1
48 114 1
48 119 1
48 126 1
48 131 1
48 143 1
48 151 1
48 173 1
48 205 1
49 1 1
49 7 1
49 19 1
49 30 1
49 59 1
49 70 1
49 72 1
49 100 1
49 115 1
49 131 1
49 138 1
49 171 1
49 172 1
49 196 1
49 199 1
49 210 1
49 218 1
49 226 1
49 248 1
49 260 1
50 9 1
50 19 1
50 35 1
50 56 1
50 88 1
50 99 1
50 126 1
50 166 1
50 218 1
50 232 1
50 240 1
50 255 1
50 283 1
51 5 1
51 85 1
51 161 1
51 192 1
51 214 1
51 240 1
52 16 1
52 17 1
52 54 1
52 70 1
52 125 1
52 161 1
52 171 1
52 246 1
52 285 1
53 11 1
53 54 1
53 66 1
53 78 1
53 133 1
53 135 1
53 161 1
54 184 1
56 15 1
56 23 1
56 94 1
56 143 1
56 210 1
57 39 1
57 43 1
57 143 1
59 22 1
59 119 1
59 123 1
59 154 1
59 158 1
59 173 1
59 267 1
60 2 1
60 3 1
60 84 1
60 114 1
60 122 1
60 126 1
60 140 1
60 156 1
60 193 1
60 196 1
60 208 1
60 216 1
60 257 1
61 13 1
61 53 1
61 192 1
61 217 1
61 236 1
62 53 1
62 165 1
62 262 1
63 20 1
64 114 1
64 122 1
64 208 1
64 241 1
64 246 1
65 3 1
65 16 1
65 104 1
65 146 1
65 166 1
65 178 1
65 184 1
65 206 1
65 214 1
65 217 1
65 219 1
66 7 1
66 68 1
66 134 1
66 173 1
66 260 1
67 178 1
67 194 1
67 195 1
68 37 1
68 99 1
68 134 1
68 205 1
68 229 1
68 245 1
69 18 1
69 21 1
69 50 1
69 101 1
70 171 1
70 246 1
71 150 1
72 1 1
72 49 1
72 122 1
72 126 1
72 131 1
72 170 1
72 215 1
73 3 1
73 7 1
73 31 1
73 32 1
73 33 1
73 51 1
73 57 1
73 62 1
73 200 1
73 207 1
73 246 1
74 3 1
74 4 1
74 13 1
74 28 1
74 53 1
74 76 1
74 85 1
74 92 1
74 99 1
74 115 1
74 120 1
74 126 1
74 143 1
74 205 1
74 206 1
74 221 1
74 250 1
75 9 1
75 13 1
75 32 1
75 60 1
75 91 1
75 100 1
75 106 1
75 115 1
75 120 1
75 126 1
75 138 1
75 143 1
75 173 1
75 192 1
75 195 1
75 196 1
75 205 1
75 251 1
76 3 1
76 5 1
76 7 1
76 13 1
76 43 1
76 74 1
76 101 1
76 112 1
76 120 1
76 141 1
76 205 1
76 211 1
76 258 1
77 150 1
77 165 1
78 15 1
78 31 1
78 119 1
78 144 1
78 173 1
78 205 1
78 206 1
78 233 1
78 242 1
78 283 1
79 53 1
79 96 1
79 119 1
79 147 1
79 149 1
79 296 1
80 5 1
80 47 1
80 53 1
80 161 1
81 63 1
82 117 1
82 186 1
83 138 1
83 153 1
84 128 1
84 207 1
85 3 1
85 4 1
85 13 1
85 20 1
85 25 1
85 28 1
85 60 1
85 63 1
85 64 1
85 68 1
85 82 1
85 91 1
85 94 1
85 105 1
85 114 1
85 117 1
85 118 1
85 121 1
85 122 1
85 124 1
85 126 1
85 134 1
85 138 1
85 140 1
85 143 1
85 151 1
85 171 1
85 188 1
85 196 1
85 204 1
85 208 1
85 210 1
85 212 1
85 227 1
85 229 1
85 285 1
86 18 1
86 84 1
86 88 1
86 106 1
86 111 1
86 136 1
86 148 1
86 164 1
86 207 1
86 233 1
86 279 1
87 2 1
87 3 1
87 5 1
87 7 1
87 13 1
87 27 1
87 32 1
87 42 1
87 51 1
87 60 1
87 61 1
87 63 1
87 64 1
87 91 1
87 94 1
87 99 1
87 110 1
87 118 1
87 124 1
87 126 1
87 130 1
87 131 1
87 138 1
87 143 1
87 150 1
87 173 1
87 188 1
87 202 1
87 204 1
87 205 1
87 208 1
87 214 1
87 227 1
87 248 1
87 249 1
87 271 1
88 2 1
88 13 1
88 42 1
88 133 1
88 154 1
88 208 1
88 258 1
89 4 1
89 35 1
89 77 1
89 170 1
89 219 1
90 3 1
90 51 1
90 68 1
90 92 1
90 172 1
90 173 1
90 257 1
90 273 1
91 32 1
91 60 1
91 134 1
91 138 1
91 151 1
91 207 1
91 227 1
92 16 1
92 46 1
93 178 1
94 4 1
94 14 1
94 17 1
94 20 1
94 138 1
94 143 1
94 192 1
95 64 1
95 68 1
95 109 1
96 15 1
96 146 1
96 149 1
96 202 1
96 217 1
96 257 1
97 55 1
97 60 1
97 102 1
97 113 1
98 6 1
98 28 1
98 31 1
98 33 1
98 54 1
98 119 1
98 124 1
98 156 1
98 209 1
98 227 1
98 238 1
98 239 1
98 258 1
98 279 1
99 3 1
99 13 1
99 43 1
99 60 1
99 66 1
99 68 1
99 91 1
99 102 1
99 103 1
99 104 1
99 120 1
99 122 1
99 143 1
99 189 1
99 199 1
99 203 1
99 205 1
99 208 1
99 246 1
100 49 1
100 59 1
100 136 1
100 193 1
100 210 1
101 15 1
101 55 1
101 142 1
102 113 1
102 162 1
102 173 1
102 241 1
102 270 1
102 284 1
103 3 1
103 4 1
103 14 1
103 55 1
103 106 1
103 116 1
103 132 1
103 190 1
103 196 1
103 199 1
103 231 1
103 244 1
104 44 1
104 70 1
104 72 1
104 77 1
104 91 1
104 102 1
104 119 1
104 126 1
104 132 1
104 138 1
104 245 1
105 1 1
105 29 1
105 102 1
105 117 1
105 135 1
105 206 1
105 227 1
106 21 1
106 32 1
106 103 1
106 166 1
106 203 1
106 217 1
106 225 1
106 229 1
107 33 1
107 73 1
107 79 1
107 87 1
107 109 1
107 158 1
107 248 1
108 58 1
108 62 1
108 137 1
108 145 1
108 205 1
108 246 1
108 249 1
109 13 1
109 18 1
109 46 1
109 55 1
109 117 1
109 119 1
109 138 1
109 149 1
109 173 1
109 188 1
109 194 1
110 67 1
110 120 1
110 130 1
110 146 1
110 209 1
110 227 1
111 5 1
111 12 1
111 116 1
111 206 1
112 4 1
112 14 1
112 48 1
112 94 1
112 118 1
112 143 1
112 205 1
113 5 1
113 32 1
113 42 1
113 63 1
113 88 1
113 194 1
113 294 1
114 48 1
114 58 1
114 60 1
114 64 1
114 110 1
114 119 1
114 140 1
114 173 1
114 196 1
114 220 1
114 237 1
114 279 1
115 3 1
115 12 1
115 13 1
115 14 1
115 20 1
115 39 1
115 51 1
115 64 1
115 70 1
115 74 1
115 85 1
115 88 1
115 94 1
115 110 1
115 126 1
115 131 1
115 133 1
115 138 1
115 143 1
115 151 1
115 202 1
115 227 1
115 231 1
115 246 1
115 247 1
116 15 1
116 96 1
116 99 1
116 103 1
116 140 1
116 192 1
116 199 1
116 218 1
116 249 1
117 10 1
117 164 1
117 219 1
118 3 1
118 6 1
118 35 1
118 43 1
118 57 1
118 64 1
118 67 1
118 76 1
118 91 1
118 99 1
118 112 1
118 126 1
118 130 1
118 133 1
118 134 1
118 150 1
118 166 1
118 178 1
118 186 1
118 188 1
118 194 1
118 195 1
118 205 1
118 208 1
118 225 1
118 245 1
119 3 1
119 5 1
119 7 1
119 17 1
119 27 1
119 32 1
119 53 1
119 59 1
119 60 1
119 64 1
119 72 1
119 112 1
119 114 1
119 118 1
119 122 1
119 126 1
119 134 1
119 149 1
119 150 1
119 169 1
119 173 1
119 195 1
119 202 1
119 204 1
119 205 1
119 208 1
119 214 1
119 218 1
119 225 1
119 237 1
119 240 1
120 3 1
120 13 1
120 43 1
120 58 1
120 74 1
120 75 1
120 76 1
120 87 1
120 91 1
120 99 1
120 101 1
120 111 1
120 122 1
120 143 1
120 157 1
120 195 1
120 199 1
120 205 1
120 206 1
120 258 1
121 19 1
121 58 1
121 221 1
121 224 1
122 64 1
122 72 1
122 208 1
123 8 1
123 9 1
123 28 1
123 59 1
123 85 1
123 104 1
123 125 1
123 173 1
123 194 1
123 220 1
123 259 1
124 2 1
124 5 1
124 16 1
124 32 1
124 91 1
124 121 1
124 128 1
124 180 1
124 202 1
124 227 1
124 266 1
125 28 1
125 83 1
125 123 1
125 203 1
125 204 1
125 234 1
125 239 1
125 255 1
126 4 1
126 7 1
126 20 1
126 28 1
126 48 1
126 49 1
126 59 1
126 60 1
126 72 1
126 94 1
126 111 1
126 114 1
126 119 1
126 131 1
126 138 1
126 143 1
126 170 1
126 173 1
126 185 1
126 192 1
126 194 1
126 196 1
126 204 1
126 226 1
126 259 1
127 135 1
127 172 1
127 254 1
128 54 1
128 124 1
129 41 1
129 56 1
129 59 1
130 7 1
130 13 1
130 35 1
130 110 1
130 213 1
130 238 1
131 3 1
131 13 1
131 60 1
131 64 1
131 72 1
131 85 1
131 112 1
131 116 1
131 118 1
131 119 1
131 126 1
131 149 1
131 173 1
131 185 1
131 208 1
131 214 1
131 215 1
131 279 1
132 6 1
132 30 1
132 51 1
132 101 1
132 142 1
132 219 1
132 251 1
132 255 1
133 3 1
133 11 1
133 13 1
133 85 1
133 96 1
133 102 1
133 115 1
133 138 1
133 141 1
133 196 1
133 217 1
133 225 1
133 227 1
133 230 1
133 247 1
134 13 1
134 35 1
134 68 1
134 229 1
134 280 1
136 22 1
136 118 1
136 150 1
136 170 1
136 204 1
136 221 1
137 239 1
138 3 1
138 13 1
138 17 1
138 22 1
138 33 1
138 64 1
138 66 1
138 67 1
138 71 1
138 72 1
138 78 1
138 91 1
138 94 1
138 122 1
138 143 1
138 150 1
138 151 1
138 188 1
138 193 1
138 194 1
138 205 1
138 207 1
139 29 1
139 70 1
139 204 1
139 211 1
139 245 1
139 254 1
140 114 1
140 116 1
140 233 1
140 240 1
141 41 1
141 104 1
141 242 1
142 15 1
142 62 1
142 101 1
142 135 1
142 167 1
142 185 1
142 212 1
142 253 1
142 282 1
143 4 1
143 13 1
143 48 1
143 71 1
143 88 1
143 94 1
143 103 1
143 126 1
143 137 1
143 138 1
143 150 1
143 151 1
143 192 1
143 205 1
143 209 1
143 235 1
145 108 1
145 172 1
146 3 1
146 51 1
146 59 1
146 63 1
146 85 1
146 96 1
146 128 1
146 137 1
146 170 1
146 230 1
146 239 1
146 258 1
147 5 1
147 57 1
148 197 1
148 262 1
148 287 1
149 15 1
149 53 1
149 60 1
149 131 1
149 140 1
149 169 1
149 223 1
149 283 1
150 71 1
150 205 1
151 17 1
152 32 1
152 71 1
152 77 1
152 85 1
152 96 1
152 146 1
152 150 1
152 194 1
152 219 1
152 227 1
152 254 1
152 257 1
153 72 1
153 75 1
153 100 1
153 107 1
153 119 1
153 131 1
153 256 1
154 3 1
154 54 1
154 87 1
154 96 1
154 110 1
154 242 1
155 54 1
155 59 1
155 106 1
155 131 1
155 150 1
155 233 1
155 285 1
156 16 1
156 28 1
156 98 1
156 124 1
156 182 1
156 202 1
156 225 1
156 228 1
156 289 1
157 66 1
157 67 1
157 73 1
157 109 1
157 200 1
157 245 1
157 276 1
158 51 1
158 92 1
158 104 1
158 118 1
158 136 1
158 157 1
158 177 1
158 226 1
158 254 1
159 5 1
159 31 1
159 54 1
159 113 1
159 166 1
160 31 1
160 108 1
160 115 1
160 117 1
160 124 1
160 126 1
160 128 1
160 175 1
160 178 1
161 8 1
161 9 1
161 35 1
161 37 1
161 59 1
161 91 1
161 100 1
161 133 1
161 230 1
161 281 1
162 28 1
162 43 1
162 64 1
162 69 1
162 95 1
162 109 1
162 164 1
162 192 1
162 218 1
163 20 1
163 71 1
163 119 1
163 153 1
163 168 1
163 180 1
163 225 1
163 231 1
163 297 1
164 54 1
164 70 1
164 78 1
164 81 1
164 92 1
164 163 1
164 171 1
164 185 1
164 193 1
164 208 1
165 67 1
165 130 1
165 147 1
165 179 1
165 276 1
165 285 1
166 1 1
166 41 1
166 178 1
166 239 1
166 268 1
167 4 1
167 13 1
167 14 1
167 43 1
167 55 1
167 68 1
167 122 1
167 159 1
167 177 1
167 208 1
167 229 1
168 1 1
168 17 1
168 19 1
168 110 1
168 151 1
168 161 1
168 214 1
168 230 1
168 256 1
168 262 1
169 59 1
169 68 1
169 115 1
169 172 1
169 182 1
169 246 1
169 260 1
169 269 1
170 99 1
170 111 1
170 120 1
170 206 1
170 216 1
170 275 1
171 4 1
171 70 1
171 152 1
171 202 1
171 204 1
171 210 1
172 121 1
172 127 1
172 145 1
172 167 1
172 199 1
172 277 1
173 3 1
173 4 1
173 7 1
173 9 1
173 32 1
173 60 1
173 64 1
173 75 1
173 93 1
173 94 1
173 99 1
173 112 1
173 114 1
173 118 1
173 119 1
173 126 1
173 131 1
173 140 1
173 143 1
173 185 1
173 186 1
173 192 1
173 196 1
173 208 1
173 215 1
173 293 1
174 107 1
174 113 1
174 126 1
174 134 1
174 137 1
174 139 1
174 143 1
174 179 1
174 257 1
174 262 1
174 278 1
175 62 1
175 102 1
175 157 1
175 169 1
175 219 1
176 10 1
176 13 1
176 138 1
176 169 1
176 206 1
177 13 1
177 14 1
177 92 1
177 96 1
177 112 1
177 211 1
177 271 1
178 4 1
178 13 1
178 17 1
178 67 1
178 107 1
178 111 1
178 126 1
178 143 1
178 169 1
178 194 1
178 202 1
178 206 1
178 246 1
179 63 1
179 77 1
179 92 1
179 96 1
179 102 1
179 107 1
179 128 1
179 146 1
179 199 1
179 252 1
180 12 1
180 39 1
180 49 1
180 73 1
180 112 1
180 138 1
180 183 1
180 237 1
181 60 1
181 65 1
181 94 1
181 112 1
181 138 1
181 217 1
181 241 1
182 44 1
182 149 1
182 153 1
182 179 1
182 214 1
182 258 1
183 10 1
183 84 1
183 90 1
183 108 1
183 120 1
183 170 1
183 205 1
183 207 1
183 209 1
184 54 1
184 88 1
184 125 1
184 192 1
185 31 1
185 142 1
185 204 1
185 285 1
186 43 1
186 99 1
186 118 1
186 173 1
186 203 1
186 205 1
186 249 1
186 256 1
187 59 1
187 93 1
187 102 1
187 204 1
187 274 1
187 279 1
188 3 1
188 4 1
188 60 1
188 62 1
188 64 1
188 67 1
188 72 1
188 80 1
188 94 1
188 118 1
188 136 1
188 138 1
188 178 1
188 182 1
188 193 1
188 194 1
189 144 1
189 185 1
189 225 1
190 5 1
190 18 1
190 43 1
190 44 1
190 53 1
190 58 1
190 63 1
190 88 1
190 92 1
190 103 1
190 106 1
190 112 1
190 146 1
190 173 1
190 196 1
190 219 1
190 226 1
191 2 1
191 3 1
191 7 1
191 8 1
191 9 1
191 13 1
191 14 1
191 41 1
191 59 1
191 60 1
191 72 1
191 85 1
191 87 1
191 104 1
191 115 1
191 118 1
191 119 1
191 122 1
191 126 1
191 130 1
191 131 1
191 138 1
191 143 1
191 164 1
191 173 1
191 194 1
191 197 1
191 200 1
191 208 1
191 215 1
191 285 1
192 14 1
192 64 1
192 109 1
192 116 1
192 118 1
192 124 1
192 146 1
192 149 1
192 199 1
192 234 1
192 242 1
193 3 1
193 21 1
193 151 1
193 167 1
193 207 1
194 64 1
194 67 1
194 110 1
194 119 1
194 124 1
194 138 1
194 189 1
194 200 1
194 213 1
194 216 1
195 64 1
195 67 1
195 180 1
195 185 1
195 205 1
196 35 1
196 39 1
196 72 1
196 121 1
196 144 1
196 172 1
196 225 1
196 226 1
197 87 1
197 148 1
197 240 1
197 285 1
198 9 1
198 13 1
198 91 1
198 117 1
198 121 1
198 133 1
198 136 1
198 138 1
198 139 1
198 140 1
198 200 1
198 221 1
198 225 1
198 246 1
199 17 1
199 57 1
199 116 1
199 120 1
199 172 1
199 181 1
199 214 1
199 268 1
200 13 1
200 32 1
200 73 1
200 97 1
200 112 1
200 133 1
200 198 1
200 201 1
200 227 1
200 283 1
200 284 1
201 3 1
201 13 1
201 14 1
201 17 1
201 28 1
201 58 1
201 60 1
201 65 1
201 118 1
201 126 1
201 150 1
201 177 1
201 188 1
201 189 1
201 200 1
202 2 1
202 118 1
202 124 1
202 199 1
202 225 1
202 260 1
203 43 1
203 54 1
203 69 1
203 85 1
203 102 1
203 106 1
203 125 1
203 130 1
203 186 1
203 188 1
203 204 1
203 238 1
204 3 1
204 125 1
204 126 1
204 147 1
204 242 1
205 42 1
205 63 1
205 76 1
205 120 1
205 143 1
205 150 1
205 195 1
205 285 1
206 11 1
206 14 1
206 28 1
206 107 1
206 111 1
206 159 1
206 178 1
206 210 1
207 84 1
207 192 1
207 231 1
208 43 1
208 56 1
208 60 1
208 64 1
208 122 1
208 240 1
209 110 1
210 86 1
210 99 1
210 171 1
210 220 1
210 257 1
211 13 1
211 100 1
211 117 1
211 138 1
211 189 1
211 192 1
212 68 1
212 140 1
212 142 1
212 219 1
212 225 1
213 13 1
213 36 1
213 94 1
213 130 1
213 154 1
213 238 1
214 3 1
214 5 1
214 13 1
214 92 1
214 106 1
214 116 1
214 131 1
214 173 1
214 176 1
214 208 1
214 279 1
215 12 1
215 85 1
215 91 1
215 131 1
215 181 1
215 208 1
215 238 1
216 69 1
216 70 1
216 84 1
216 96 1
217 96 1
217 106 1
217 151 1
217 284 1
218 116 1
218 162 1
218 216 1
218 254 1
219 22 1
219 31 1
219 96 1
219 118 1
219 155 1
219 180 1
219 208 1
219 210 1
219 218 1
220 8 1
220 9 1
220 13 1
220 31 1
220 55 1
220 66 1
220 72 1
220 119 1
220 126 1
220 131 1
220 140 1
220 149 1
220 162 1
220 173 1
220 227 1
220 279 1
221 19 1
221 87 1
221 104 1
221 198 1
222 27 1
222 43 1
222 91 1
222 118 1
222 139 1
222 202 1
222 203 1
222 283 1
223 43 1
224 291 1
225 26 1
225 202 1
225 212 1
226 30 1
226 152 1
226 196 1
226 251 1
227 11 1
227 16 1
227 32 1
227 91 1
227 124 1
227 133 1
227 247 1
228 10 1
228 20 1
228 22 1
228 86 1
228 136 1
228 192 1
228 196 1
228 210 1
228 226 1
228 285 1
229 68 1
229 106 1
230 19 1
230 133 1
232 5 1
232 11 1
232 21 1
232 32 1
232 46 1
232 47 1
232 87 1
232 88 1
232 124 1
232 133 1
232 143 1
232 168 1
232 173 1
232 225 1
232 246 1
233 128 1
233 153 1
233 200 1
233 260 1
234 3 1
234 7 1
234 85 1
234 97 1
234 106 1
234 118 1
234 119 1
234 139 1
234 160 1
234 173 1
234 192 1
234 203 1
234 230 1
234 242 1
234 246 1
235 54 1
235 62 1
235 76 1
235 111 1
235 118 1
235 158 1
235 188 1
235 192 1
235 264 1
235 273 1
236 88 1
236 91 1
237 68 1
237 200 1
238 203 1
238 213 1
239 19 1
239 97 1
239 123 1
239 137 1
239 171 1
239 241 1
239 288 1
240 197 1
241 284 1
242 182 1
245 93 1
245 122 1
245 139 1
245 152 1
246 17 1
246 70 1
246 77 1
246 144 1
247 93 1
247 114 1
247 236 1
248 107 1
249 108 1
250 19 1
250 39 1
250 88 1
250 106 1
250 132 1
250 165 1
250 276 1
251 135 1
253 3 1
253 10 1
253 115 1
253 197 1
253 285 1
254 59 1
254 168 1
254 224 1
254 246 1
255 8 1
255 248 1
255 277 1
256 84 1
256 87 1
256 154 1
256 186 1
257 55 1
257 96 1
257 170 1
257 210 1
257 231 1
258 88 1
258 108 1
258 238 1
259 150 1
263 135 1
263 265 1
264 68 1
264 198 1
265 193 1
265 272 1
266 159 1
266 260 1
267 61 1
267 134 1
268 136 1
268 146 1
269 5 1
269 28 1
269 69 1
269 86 1
269 105 1
269 135 1
269 200 1
269 292 1
270 10 1
270 30 1
270 85 1
270 87 1
270 109 1
270 112 1
270 148 1
270 202 1
270 206 1
270 207 1
270 278 1
271 206 1
272 21 1
272 42 1
272 84 1
272 89 1
272 177 1
272 183 1
272 214 1
272 226 1
272 227 1
272 247 1
273 144 1
274 3 1
274 7 1
274 88 1
274 119 1
274 173 1
274 183 1
274 214 1
274 216 1
274 240 1
275 163 1
276 2 1
276 22 1
276 69 1
276 87 1
276 134 1
276 160 1
276 165 1
276 233 1
276 271 1
276 284 1
277 13 1
277 44 1
277 87 1
277 107 1
277 109 1
277 126 1
277 133 1
277 138 1
277 141 1
277 143 1
277 215 1
277 219 1
278 43 1
278 67 1
278 98 1
278 178 1
278 208 1
278 216 1
278 243 1
278 258 1
280 5 1
283 112 1
284 6 1
284 241 1
