1 59 1
1 61 1
2 5 1
2 12 1
2 13 1
2 14 1
2 59 1
2 68 1
2 72 1
2 87 1
2 118 1
2 119 1
2 124 1
2 126 1
2 131 1
2 143 1
2 151 1
2 173 1
2 196 1
2 200 1
2 205 1
2 208 1
2 209 1
2 227 1
2 240 1
2 268 1
3 6 1
3 7 1
3 9 1
3 13 1
3 42 1
3 60 1
3 64 1
3 68 1
3 72 1
3 81 1
3 88 1
3 91 1
3 92 1
3 94 1
3 99 1
3 106 1
3 110 1
3 114 1
3 119 1
3 123 1
3 124 1
3 126 1
3 131 1
3 134 1
3 143 1
3 146 1
3 150 1
3 151 1
3 173 1
3 177 1
3 189 1
3 196 1
3 204 1
3 208 1
3 215 1
3 226 1
3 227 1
3 275 1
3 283 1
3 284 1
3 285 1
4 5 1
4 7 1
4 9 1
4 14 1
4 30 1
4 31 1
4 32 1
4 54 1
4 60 1
4 64 1
4 70 1
4 72 1
4 84 1
4 87 1
4 88 1
4 99 1
4 103 1
4 112 1
4 130 1
4 150 1
4 151 1
4 173 1
4 185 1
4 186 1
4 192 1
4 199 1
4 205 1
4 208 1
4 212 1
4 221 1
4 227 1
4 245 1
4 285 1
5 2 1
5 3 1
5 7 1
5 15 1
5 33 1
5 35 1
5 60 1
5 63 1
5 68 1
5 70 1
5 77 1
5 88 1
5 91 1
5 99 1
5 102 1
5 103 1
5 106 1
5 112 1
5 118 1
5 119 1
5 124 1
5 126 1
5 131 1
5 138 1
5 143 1
5 149 1
5 151 1
5 173 1
5 203 1
5 204 1
5 205 1
5 217 1
5 221 1
5 240 1
5 275 1
6 20 1
6 111 1
6 123 1
6 153 1
6 179 1
6 192 1
6 259 1
6 280 1
7 1 1
7 3 1
7 12 1
7 13 1
7 14 1
7 43 1
7 72 1
7 94 1
7 99 1
7 117 1
7 118 1
7 119 1
7 124 1
7 126 1
7 134 1
7 138 1
7 143 1
7 150 1
7 177 1
7 180 1
7 192 1
7 205 1
7 208 1
7 214 1
7 224 1
7 227 1
7 279 1
8 15 1
8 28 1
8 31 1
8 46 1
8 92 1
8 121 1
8 133 1
8 138 1
8 142 1
8 143 1
8 173 1
8 205 1
8 232 1
8 284 1
9 10 1
9 13 1
9 19 1
9 43 1
9 44 1
9 71 1
9 115 1
9 205 1
9 208 1
9 246 1
10 16 1
10 47 1
10 86 1
10 91 1
10 117 1
10 186 1
10 236 1
10 288 1
11 13 1
11 54 1
11 75 1
11 112 1
11 185 1
11 186 1
11 194 1
11 196 1
11 198 1
12 28 1
12 90 1
12 127 1
12 143 1
12 151 1
12 238 1
12 250 1
13 4 1
13 9 1
13 10 1
13 15 1
13 19 1
13 29 1
13 32 1
13 33 1
13 35 1
13 41 1
13 43 1
13 59 1
13 64 1
13 68 1
13 72 1
13 73 1
13 77 1
13 85 1
13 91 1
13 96 1
13 110 1
13 122 1
13 128 1
13 130 1
13 133 1
13 138 1
13 140 1
13 143 1
13 150 1
13 175 1
13 181 1
13 188 1
13 194 1
13 200 1
13 202 1
13 203 1
13 205 1
13 207 1
13 208 1
13 210 1
13 227 1
13 240 1
13 246 1
13 247 1
13 248 1
14 2 1
14 4 1
14 9 1
14 16 1
14 32 1
14 43 1
14 49 1
14 64 1
14 67 1
14 72 1
14 84 1
14 88 1
14 117 1
14 120 1
14 124 1
14 126 1
14 138 1
14 143 1
14 173 1
14 178 1
14 194 1
14 196 1
14 199 1
14 208 1
14 225 1
14 231 1
15 3 1
15 5 1
15 19 1
15 35 1
15 51 1
15 63 1
15 70 1
15 100 1
15 108 1
15 111 1
15 122 1
15 138 1
15 167 1
15 171 1
15 219 1
15 245 1
15 246 1
16 54 1
16 56 1
16 110 1
16 282 1
17 31 1
17 219 1
17 239 1
18 33 1
18 135 1
18 144 1
18 169 1
18 257 1
18 277 1
19 17 1
19 59 1
19 103 1
19 172 1
20 78 1
20 101 1
20 119 1
20 141 1
20 226 1
20 285 1
21 3 1
21 9 1
21 31 1
21 48 1
21 118 1
21 160 1
21 167 1
21 239 1
21 242 1
22 20 1
22 93 1
22 111 1
22 136 1
22 151 1
22 154 1
22 166 1
22 193 1
22 195 1
22 211 1
22 230 1
22 241 1
22 249 1
23 12 1
23 22 1
23 27 1
23 35 1
23 70 1
23 110 1
23 115 1
23 171 1
23 231 1
23 233 1
23 236 1
23 245 1
23 260 1
23 280 1
24 7 1
24 18 1
24 20 1
24 27 1
24 35 1
24 70 1
24 87 1
24 109 1
24 114 1
24 119 1
24 126 1
24 138 1
24 143 1
24 169 1
24 205 1
24 214 1
24 226 1
24 256 1
24 257 1
25 115 1
25 118 1
25 206 1
25 240 1
25 278 1
26 55 1
26 109 1
26 233 1
26 240 1
26 279 1
27 214 1
27 233 1
28 60 1
28 73 1
28 87 1
28 180 1
28 234 1
29 4 1
29 121 1
29 216 1
29 295 1
30 19 1
30 61 1
30 186 1
30 194 1
30 204 1
30 233 1
31 88 1
31 96 1
31 116 1
32 5 1
32 54 1
32 63 1
32 64 1
32 120 1
32 131 1
32 193 1
32 245 1
33 1 1
33 18 1
33 35 1
33 212 1
33 262 1
34 28 1
34 63 1
34 70 1
34 106 1
34 118 1
34 189 1
34 197 1
34 207 1
34 234 1
34 242 1
34 248 1
34 251 1
34 273 1
35 33 1
35 42 1
35 70 1
35 149 1
35 171 1
36 13 1
36 27 1
36 39 1
36 56 1
36 64 1
36 87 1
36 118 1
36 138 1
36 150 1
36 164 1
36 172 1
36 188 1
36 193 1
36 205 1
36 243 1
36 285 1
37 13 1
37 51 1
37 71 1
37 128 1
37 170 1
37 205 1
37 292 1
38 13 1
38 33 1
38 51 1
38 225 1
38 229 1
39 97 1
39 99 1
39 199 1
40 19 1
40 59 1
40 66 1
40 88 1
40 96 1
40 179 1
40 219 1
40 231 1
40 257 1
40 286 1
41 67 1
41 140 1
41 176 1
41 241 1
41 256 1
42 28 1
42 78 1
42 100 1
42 161 1
42 188 1
42 246 1
43 11 1
43 87 1
43 96 1
43 122 1
43 131 1
43 135 1
43 172 1
43 194 1
43 208 1
43 287 1
44 5 1
44 9 1
44 13 1
44 16 1
44 118 1
44 122 1
44 138 1
44 173 1
44 203 1
44 205 1
44 209 1
44 224 1
44 226 1
44 229 1
44 279 1
45 2 1
45 3 1
45 4 1
45 5 1
45 7 1
45 8 1
45 9 1
45 11 1
45 13 1
45 14 1
45 15 1
45 17 1
45 19 1
45 20 1
45 21 1
45 24 1
45 28 1
45 30 1
45 31 1
45 32 1
45 41 1
45 42 1
45 43 1
45 46 1
45 48 1
45 49 1
45 52 1
45 58 1
45 59 1
45 60 1
45 63 1
45 64 1
45 67 1
45 68 1
45 70 1
45 71 1
45 72 1
45 73 1
45 74 1
45 75 1
45 76 1
45 84 1
45 85 1
45 87 1
45 88 1
45 91 1
45 92 1
45 96 1
45 99 1
45 100 1
45 103 1
45 104 1
45 106 1
45 107 1
45 109 1
45 110 1
45 112 1
45 114 1
45 115 1
45 116 1
45 117 1
45 118 1
45 119 1
45 120 1
45 122 1
45 123 1
45 124 1
45 125 1
45 126 1
45 130 1
45 131 1
45 133 1
45 134 1
45 136 1
45 137 1
45 138 1
45 139 1
45 140 1
45 143 1
45 144 1
45 147 1
45 149 1
45 150 1
45 156 1
45 157 1
45 159 1
45 163 1
45 164 1
45 171 1
45 172 1
45 173 1
45 177 1
45 178 1
45 185 1
45 186 1
45 188 1
45 192 1
45 194 1
45 195 1
45 197 1
45 199 1
45 200 1
45 202 1
45 203 1
45 204 1
45 205 1
45 206 1
45 208 1
45 214 1
45 216 1
45 217 1
45 218 1
45 219 1
45 221 1
45 225 1
45 226 1
45 227 1
45 229 1
45 231 1
45 234 1
45 240 1
45 241 1
45 249 1
45 252 1
45 257 1
45 258 1
45 260 1
45 269 1
45 274 1
45 276 1
45 278 1
45 285 1
45 293 1
45 297 1
46 6 1
46 53 1
46 66 1
46 194 1
46 271 1
47 4 1
47 17 1
47 64 1
47 119 1
47 120 1
47 126 1
47 138 1
47 141 1
47 142 1
47 150 1
47 173 1
47 180 1
47 239 1
47 242 1
48 2 1
48 5 1
48 64 1
48 68 1
48 76 1
48 103 1
48 118 1
48 119 1
48 126 1
48 151 1
48 156 1
48 173 1
48 188 1
48 192 1
48 206 1
48 208 1
48 219 1
48 260 1
49 4 1
49 7 1
49 14 1
49 67 1
49 72 1
49 99 1
49 117 1
49 118 1
49 119 1
49 120 1
49 126 1
49 138 1
49 150 1
49 173 1
49 178 1
49 192 1
49 199 1
49 205 1
49 208 1
49 227 1
50 3 1
50 32 1
50 43 1
50 64 1
50 91 1
50 104 1
50 106 1
50 131 1
50 199 1
50 207 1
50 257 1
50 262 1
50 277 1
51 16 1
51 92 1
51 139 1
51 173 1
51 219 1
51 273 1
52 32 1
52 53 1
52 118 1
52 138 1
52 141 1
52 150 1
52 167 1
52 204 1
52 229 1
53 5 1
53 15 1
53 32 1
53 65 1
53 148 1
53 167 1
53 246 1
54 112 1
56 50 1
56 54 1
56 154 1
56 193 1
56 213 1
57 17 1
57 54 1
57 218 1
59 17 1
59 19 1
59 77 1
59 92 1
59 117 1
59 123 1
59 260 1
60 17 1
60 59 1
60 64 1
60 69 1
60 100 1
60 116 1
60 120 1
60 123 1
60 131 1
60 138 1
60 195 1
60 196 1
60 212 1
61 53 1
61 63 1
61 143 1
61 166 1
61 179 1
62 27 1
62 85 1
62 87 1
63 70 1
64 32 1
64 192 1
64 215 1
64 227 1
64 284 1
65 5 1
65 10 1
65 16 1
65 68 1
65 69 1
65 73 1
65 89 1
65 152 1
65 160 1
65 189 1
65 204 1
66 56 1
66 102 1
66 105 1
66 163 1
66 168 1
67 41 1
67 141 1
67 217 1
68 6 1
68 17 1
68 91 1
68 123 1
68 149 1
68 221 1
69 118 1
69 143 1
69 213 1
69 246 1
70 35 1
70 63 1
71 116 1
72 14 1
72 22 1
72 94 1
72 112 1
72 124 1
72 162 1
72 188 1
73 60 1
73 116 1
73 117 1
73 130 1
73 133 1
73 163 1
73 196 1
73 214 1
73 231 1
73 267 1
73 279 1
74 3 1
74 4 1
74 13 1
74 19 1
74 20 1
74 59 1
74 85 1
74 88 1
74 125 1
74 131 1
74 139 1
74 167 1
74 170 1
74 173 1
74 242 1
74 254 1
74 284 1
75 2 1
75 3 1
75 11 1
75 13 1
75 14 1
75 44 1
75 54 1
75 104 1
75 112 1
75 115 1
75 119 1
75 122 1
75 124 1
75 125 1
75 173 1
75 272 1
75 276 1
75 291 1
76 3 1
76 5 1
76 48 1
76 68 1
76 114 1
76 138 1
76 146 1
76 173 1
76 188 1
76 202 1
76 206 1
76 209 1
76 221 1
77 218 1
77 219 1
78 28 1
78 42 1
78 54 1
78 106 1
78 112 1
78 165 1
78 182 1
78 200 1
78 201 1
78 234 1
79 16 1
79 53 1
79 67 1
79 91 1
79 156 1
79 199 1
80 13 1
80 25 1
80 138 1
80 265 1
81 55 1
82 65 1
82 153 1
83 11 1
83 99 1
84 112 1
84 143 1
85 3 1
85 4 1
85 6 1
85 13 1
85 16 1
85 32 1
85 60 1
85 91 1
85 94 1
85 97 1
85 103 1
85 106 1
85 117 1
85 122 1
85 126 1
85 128 1
85 130 1
85 131 1
85 133 1
85 140 1
85 150 1
85 161 1
85 173 1
85 185 1
85 189 1
85 192 1
85 196 1
85 202 1
85 203 1
85 205 1
85 207 1
85 208 1
85 225 1
85 227 1
85 251 1
85 283 1
86 22 1
86 37 1
86 67 1
86 126 1
86 170 1
86 206 1
86 217 1
86 222 1
86 237 1
86 246 1
86 296 1
87 3 1
87 5 1
87 7 1
87 54 1
87 58 1
87 60 1
87 63 1
87 64 1
87 67 1
87 70 1
87 82 1
87 91 1
87 94 1
87 99 1
87 106 1
87 116 1
87 118 1
87 120 1
87 124 1
87 125 1
87 126 1
87 131 1
87 138 1
87 143 1
87 157 1
87 161 1
87 173 1
87 192 1
87 200 1
87 203 1
87 205 1
87 214 1
87 217 1
87 225 1
87 230 1
87 231 1
88 1 1
88 55 1
88 83 1
88 96 1
88 104 1
88 233 1
88 262 1
89 84 1
89 112 1
89 119 1
89 206 1
89 215 1
90 6 1
90 107 1
90 108 1
90 197 1
90 225 1
90 254 1
90 266 1
90 278 1
91 68 1
91 93 1
91 150 1
91 203 1
91 229 1
91 245 1
91 255 1
92 78 1
92 132 1
93 55 1
94 8 1
94 72 1
94 112 1
94 143 1
94 186 1
94 196 1
94 199 1
95 122 1
95 225 1
95 229 1
96 31 1
96 88 1
96 145 1
96 207 1
96 225 1
96 276 1
97 17 1
97 106 1
97 107 1
97 144 1
98 9 1
98 13 1
98 31 1
98 85 1
98 92 1
98 105 1
98 111 1
98 130 1
98 138 1
98 183 1
98 185 1
98 193 1
98 194 1
98 246 1
99 7 1
99 14 1
99 23 1
99 49 1
99 67 1
99 72 1
99 86 1
99 126 1
99 127 1
99 138 1
99 143 1
99 146 1
99 150 1
99 195 1
99 202 1
99 205 1
99 227 1
99 237 1
99 265 1
100 118 1
100 125 1
100 227 1
100 246 1
100 285 1
101 20 1
101 28 1
101 189 1
102 28 1
102 109 1
102 155 1
102 173 1
102 211 1
102 219 1
103 2 1
103 19 1
103 48 1
103 118 1
103 126 1
103 151 1
103 173 1
103 182 1
103 196 1
103 208 1
103 214 1
103 227 1
104 21 1
104 64 1
104 97 1
104 108 1
104 180 1
104 193 1
104 196 1
104 207 1
104 219 1
104 230 1
104 241 1
105 31 1
105 33 1
105 94 1
105 136 1
105 209 1
105 226 1
105 259 1
106 3 1
106 91 1
106 114 1
106 126 1
106 128 1
106 131 1
106 143 1
106 257 1
107 17 1
107 59 1
107 105 1
107 137 1
107 202 1
107 206 1
107 220 1
108 1 1
108 58 1
108 104 1
108 149 1
108 202 1
108 209 1
108 222 1
109 29 1
109 39 1
109 85 1
109 104 1
109 194 1
109 195 1
109 206 1
109 214 1
109 216 1
109 254 1
109 258 1
110 16 1
110 137 1
110 202 1
110 226 1
110 259 1
110 260 1
111 18 1
111 33 1
111 68 1
111 98 1
112 21 1
112 53 1
112 54 1
112 72 1
112 136 1
112 186 1
112 240 1
113 53 1
113 63 1
113 110 1
113 130 1
113 178 1
113 185 1
113 208 1
114 3 1
114 7 1
114 24 1
114 76 1
114 106 1
114 118 1
114 119 1
114 126 1
114 143 1
114 146 1
114 177 1
114 181 1
115 5 1
115 42 1
115 84 1
115 85 1
115 95 1
115 101 1
115 112 1
115 119 1
115 120 1
115 126 1
115 128 1
115 146 1
115 149 1
115 154 1
115 166 1
115 169 1
115 172 1
115 178 1
115 192 1
115 214 1
115 215 1
115 220 1
115 238 1
115 246 1
115 258 1
116 31 1
116 60 1
116 71 1
116 108 1
116 120 1
116 178 1
116 179 1
116 184 1
116 246 1
117 22 1
117 32 1
117 98 1
118 3 1
118 7 1
118 13 1
118 14 1
118 43 1
118 49 1
118 58 1
118 60 1
118 72 1
118 94 1
118 114 1
118 120 1
118 125 1
118 126 1
118 138 1
118 143 1
118 146 1
118 168 1
118 173 1
118 178 1
118 190 1
118 192 1
118 207 1
118 208 1
118 210 1
118 227 1
119 2 1
119 4 1
119 7 1
119 9 1
119 12 1
119 13 1
119 14 1
119 15 1
119 48 1
119 64 1
119 72 1
119 84 1
119 85 1
119 96 1
119 112 1
119 115 1
119 126 1
119 128 1
119 131 1
119 132 1
119 133 1
119 143 1
119 150 1
119 154 1
119 192 1
119 196 1
119 200 1
119 205 1
119 211 1
119 227 1
119 233 1
120 3 1
120 4 1
120 5 1
120 13 1
120 14 1
120 16 1
120 32 1
120 53 1
120 60 1
120 64 1
120 85 1
120 99 1
120 103 1
120 116 1
120 124 1
120 126 1
120 131 1
120 173 1
120 196 1
120 246 1
121 27 1
121 136 1
121 251 1
121 263 1
122 43 1
122 140 1
122 229 1
123 6 1
123 17 1
123 59 1
123 60 1
123 64 1
123 68 1
123 116 1
123 119 1
123 192 1
123 195 1
123 289 1
124 3 1
124 13 1
124 60 1
124 72 1
124 91 1
124 120 1
124 126 1
124 134 1
124 170 1
124 204 1
124 227 1
125 69 1
125 74 1
125 75 1
125 138 1
125 155 1
125 182 1
125 210 1
125 211 1
126 2 1
126 9 1
126 13 1
126 14 1
126 16 1
126 60 1
126 70 1
126 72 1
126 91 1
126 99 1
126 103 1
126 110 1
126 120 1
126 123 1
126 124 1
126 133 1
126 135 1
126 143 1
126 150 1
126 173 1
126 192 1
126 196 1
126 202 1
126 210 1
126 227 1
127 12 1
127 151 1
127 209 1
128 37 1
128 204 1
129 71 1
129 121 1
129 213 1
130 73 1
130 118 1
130 133 1
130 208 1
130 213 1
130 284 1
131 3 1
131 13 1
131 32 1
131 43 1
131 64 1
131 68 1
131 88 1
131 91 1
131 94 1
131 96 1
131 106 1
131 132 1
131 156 1
131 173 1
131 196 1
131 258 1
131 266 1
131 285 1
132 118 1
132 149 1
132 159 1
132 172 1
132 180 1
132 188 1
132 210 1
132 218 1
133 4 1
133 66 1
133 71 1
133 73 1
133 91 1
133 94 1
133 103 1
133 104 1
133 130 1
133 180 1
133 192 1
133 199 1
133 200 1
133 238 1
133 279 1
134 162 1
134 204 1
134 216 1
134 223 1
134 281 1
136 30 1
136 88 1
136 96 1
136 102 1
136 128 1
136 158 1
137 199 1
138 3 1
138 7 1
138 47 1
138 68 1
138 85 1
138 102 1
138 119 1
138 125 1
138 133 1
138 134 1
138 137 1
138 142 1
138 144 1
138 151 1
138 173 1
138 192 1
138 202 1
138 203 1
138 205 1
138 219 1
138 259 1
138 281 1
139 3 1
139 11 1
139 16 1
139 64 1
139 71 1
139 74 1
140 4 1
140 41 1
140 122 1
140 280 1
141 67 1
141 201 1
141 217 1
142 8 1
142 13 1
142 15 1
142 85 1
142 119 1
142 138 1
142 143 1
142 205 1
142 246 1
143 7 1
143 8 1
143 49 1
143 72 1
143 84 1
143 114 1
143 117 1
143 119 1
143 126 1
143 138 1
143 142 1
143 150 1
143 205 1
143 208 1
143 227 1
143 283 1
145 96 1
145 218 1
146 13 1
146 17 1
146 43 1
146 59 1
146 85 1
146 107 1
146 155 1
146 172 1
146 177 1
146 192 1
146 208 1
146 248 1
147 196 1
147 227 1
148 170 1
148 197 1
148 204 1
149 107 1
149 170 1
149 171 1
149 194 1
149 204 1
149 238 1
149 273 1
149 277 1
150 91 1
150 99 1
151 103 1
152 30 1
152 96 1
152 112 1
152 113 1
152 154 1
152 157 1
152 171 1
152 178 1
152 186 1
152 217 1
152 226 1
152 275 1
153 1 1
153 102 1
153 109 1
153 207 1
153 233 1
153 266 1
153 283 1
154 10 1
154 57 1
154 110 1
154 176 1
154 178 1
154 202 1
155 21 1
155 43 1
155 104 1
155 126 1
155 165 1
155 183 1
155 192 1
156 3 1
156 48 1
156 91 1
156 114 1
156 118 1
156 119 1
156 131 1
156 143 1
156 285 1
157 3 1
157 32 1
157 88 1
157 90 1
157 108 1
157 146 1
157 169 1
158 18 1
158 60 1
158 120 1
158 135 1
158 139 1
158 143 1
158 237 1
158 271 1
158 283 1
159 58 1
159 114 1
159 135 1
159 170 1
159 285 1
160 3 1
160 43 1
160 67 1
160 113 1
160 159 1
160 188 1
160 207 1
160 212 1
160 259 1
161 10 1
161 15 1
161 17 1
161 22 1
161 102 1
161 140 1
161 152 1
161 170 1
161 194 1
161 216 1
162 4 1
162 71 1
162 87 1
162 92 1
162 134 1
162 136 1
162 169 1
162 247 1
162 285 1
163 3 1
163 51 1
163 83 1
163 128 1
163 144 1
163 165 1
163 181 1
163 192 1
163 196 1
164 132 1
164 146 1
164 181 1
164 196 1
164 206 1
164 214 1
164 249 1
164 256 1
164 264 1
164 267 1
165 28 1
165 139 1
165 184 1
165 223 1
165 237 1
165 238 1
166 5 1
166 21 1
166 151 1
166 165 1
166 247 1
167 3 1
167 4 1
167 5 1
167 53 1
167 55 1
167 87 1
167 88 1
167 112 1
167 115 1
167 159 1
167 215 1
168 1 1
168 16 1
168 51 1
168 71 1
168 99 1
168 126 1
168 151 1
168 206 1
168 229 1
168 285 1
169 3 1
169 53 1
169 117 1
169 218 1
169 229 1
169 231 1
169 237 1
169 242 1
170 9 1
170 13 1
170 32 1
170 122 1
170 134 1
170 264 1
171 3 1
171 15 1
171 42 1
171 78 1
171 94 1
171 149 1
172 17 1
172 19 1
172 132 1
172 133 1
172 135 1
172 146 1
173 3 1
173 4 1
173 9 1
173 13 1
173 48 1
173 58 1
173 60 1
173 64 1
173 68 1
173 88 1
173 91 1
173 119 1
173 131 1
173 133 1
173 150 1
173 151 1
173 171 1
173 203 1
173 205 1
173 208 1
173 215 1
173 227 1
173 236 1
173 244 1
173 254 1
173 285 1
174 3 1
174 10 1
174 13 1
174 18 1
174 51 1
174 68 1
174 79 1
174 80 1
174 150 1
174 193 1
174 252 1
175 3 1
175 44 1
175 102 1
175 126 1
175 219 1
176 38 1
176 62 1
176 115 1
176 147 1
176 207 1
177 1 1
177 4 1
177 7 1
177 28 1
177 43 1
177 194 1
177 204 1
178 14 1
178 28 1
178 43 1
178 51 1
178 63 1
178 119 1
178 124 1
178 126 1
178 190 1
178 194 1
178 207 1
178 221 1
178 225 1
179 39 1
179 43 1
179 91 1
179 92 1
179 121 1
179 148 1
179 161 1
179 169 1
179 192 1
179 193 1
180 5 1
180 94 1
180 134 1
180 136 1
180 143 1
180 147 1
180 158 1
180 263 1
181 3 1
181 19 1
181 59 1
181 87 1
181 107 1
181 143 1
181 239 1
182 13 1
182 28 1
182 86 1
182 162 1
182 196 1
182 239 1
183 13 1
183 35 1
183 87 1
183 109 1
183 139 1
183 140 1
183 161 1
183 176 1
183 205 1
184 116 1
184 158 1
184 210 1
184 220 1
185 5 1
185 134 1
185 204 1
185 256 1
186 11 1
186 30 1
186 54 1
186 94 1
186 101 1
186 111 1
186 112 1
186 136 1
187 13 1
187 60 1
187 83 1
187 101 1
187 251 1
187 260 1
188 17 1
188 36 1
188 51 1
188 76 1
188 87 1
188 94 1
188 110 1
188 116 1
188 118 1
188 138 1
188 139 1
188 146 1
188 169 1
188 200 1
188 219 1
188 246 1
189 10 1
189 63 1
189 148 1
190 33 1
190 60 1
190 62 1
190 68 1
190 85 1
190 109 1
190 111 1
190 116 1
190 120 1
190 149 1
190 153 1
190 178 1
190 204 1
190 207 1
190 212 1
190 225 1
190 256 1
191 2 1
191 3 1
191 4 1
191 5 1
191 7 1
191 13 1
191 21 1
191 32 1
191 60 1
191 66 1
191 85 1
191 106 1
191 119 1
191 120 1
191 124 1
191 126 1
191 129 1
191 131 1
191 138 1
191 143 1
191 164 1
191 173 1
191 192 1
191 202 1
191 203 1
191 205 1
191 208 1
191 227 1
191 231 1
191 245 1
191 247 1
192 47 1
192 64 1
192 72 1
192 94 1
192 112 1
192 124 1
192 126 1
192 133 1
192 173 1
192 199 1
192 227 1
193 49 1
193 55 1
193 57 1
193 209 1
193 261 1
194 11 1
194 21 1
194 43 1
194 87 1
194 90 1
194 96 1
194 122 1
194 153 1
194 210 1
194 264 1
195 13 1
195 60 1
195 93 1
195 109 1
195 163 1
196 13 1
196 71 1
196 92 1
196 109 1
196 138 1
196 163 1
196 235 1
196 241 1
197 8 1
197 148 1
197 198 1
197 253 1
198 26 1
198 28 1
198 43 1
198 103 1
198 104 1
198 111 1
198 122 1
198 164 1
198 197 1
198 201 1
198 208 1
198 262 1
198 270 1
198 290 1
199 1 1
199 21 1
199 94 1
199 105 1
199 112 1
199 137 1
199 200 1
199 242 1
200 4 1
200 13 1
200 64 1
200 85 1
200 86 1
200 122 1
200 126 1
200 133 1
200 192 1
200 199 1
200 210 1
201 78 1
201 83 1
201 102 1
201 134 1
201 173 1
201 198 1
201 200 1
201 203 1
201 206 1
201 228 1
201 255 1
201 262 1
201 268 1
201 281 1
201 285 1
202 94 1
202 110 1
202 136 1
202 169 1
202 208 1
202 277 1
203 3 1
203 13 1
203 68 1
203 91 1
203 94 1
203 118 1
203 133 1
203 138 1
203 173 1
203 205 1
203 229 1
203 246 1
204 17 1
204 102 1
204 134 1
204 179 1
204 185 1
205 13 1
205 59 1
205 72 1
205 87 1
205 138 1
205 173 1
205 203 1
205 227 1
206 5 1
206 17 1
206 39 1
206 76 1
206 107 1
206 137 1
206 173 1
206 188 1
207 41 1
207 164 1
207 190 1
208 43 1
208 77 1
208 91 1
208 130 1
208 173 1
208 202 1
209 2 1
210 58 1
210 118 1
210 138 1
210 192 1
210 249 1
211 3 1
211 19 1
211 62 1
211 217 1
211 226 1
211 271 1
212 59 1
212 60 1
212 93 1
212 187 1
212 220 1
213 22 1
213 39 1
213 96 1
213 118 1
213 129 1
213 130 1
214 3 1
214 7 1
214 55 1
214 114 1
214 117 1
214 119 1
214 143 1
214 173 1
214 257 1
214 279 1
214 285 1
215 55 1
215 64 1
215 91 1
215 103 1
215 119 1
215 130 1
215 247 1
216 21 1
216 62 1
216 101 1
216 126 1
217 3 1
217 22 1
217 67 1
217 226 1
218 110 1
218 122 1
218 145 1
218 258 1
219 3 1
219 35 1
219 63 1
219 83 1
219 137 1
219 226 1
219 240 1
219 260 1
219 294 1
220 5 1
220 19 1
220 32 1
220 39 1
220 51 1
220 59 1
220 60 1
220 102 1
220 117 1
220 162 1
220 168 1
220 185 1
220 202 1
220 212 1
220 256 1
220 258 1
221 68 1
221 152 1
221 188 1
221 230 1
222 1 1
222 6 1
222 57 1
222 66 1
222 76 1
222 108 1
222 115 1
222 216 1
223 104 1
224 225 1
225 14 1
225 126 1
225 178 1
226 5 1
226 20 1
226 217 1
226 225 1
227 13 1
227 101 1
227 103 1
227 124 1
227 173 1
227 205 1
227 208 1
228 42 1
228 78 1
228 85 1
228 123 1
228 135 1
228 178 1
228 200 1
228 214 1
228 216 1
228 258 1
229 44 1
229 122 1
230 221 1
230 241 1
232 4 1
232 10 1
232 51 1
232 59 1
232 60 1
232 62 1
232 88 1
232 104 1
232 110 1
232 119 1
232 173 1
232 204 1
232 205 1
232 225 1
232 254 1
233 102 1
233 118 1
233 168 1
233 172 1
234 21 1
234 25 1
234 28 1
234 58 1
234 64 1
234 73 1
234 87 1
234 92 1
234 100 1
234 122 1
234 182 1
234 204 1
234 262 1
234 278 1
234 285 1
235 7 1
235 46 1
235 60 1
235 87 1
235 118 1
235 149 1
235 206 1
235 215 1
235 249 1
235 273 1
236 3 1
236 202 1
237 77 1
237 85 1
238 115 1
238 165 1
239 17 1
239 31 1
239 62 1
239 109 1
239 214 1
239 245 1
239 255 1
240 248 1
241 230 1
242 182 1
245 32 1
245 58 1
245 193 1
245 211 1
246 59 1
246 90 1
246 100 1
246 140 1
247 110 1
247 138 1
247 276 1
248 240 1
249 210 1
250 57 1
250 70 1
250 113 1
250 126 1
250 130 1
250 210 1
250 258 1
251 171 1
253 53 1
253 83 1
253 149 1
253 229 1
253 230 1
254 66 1
254 99 1
254 242 1
254 284 1
255 126 1
255 200 1
255 248 1
256 64 1
256 77 1
256 185 1
256 210 1
257 106 1
257 119 1
257 214 1
257 216 1
257 238 1
258 37 1
258 218 1
258 246 1
259 170 1
263 42 1
263 166 1
264 140 1
264 199 1
265 13 1
265 107 1
266 3 1
266 4 1
267 22 1
267 118 1
268 53 1
268 254 1
269 13 1
269 66 1
269 85 1
269 92 1
269 98 1
269 146 1
269 206 1
269 254 1
270 3 1
270 8 1
270 28 1
270 119 1
270 121 1
270 137 1
270 162 1
270 199 1
270 208 1
270 238 1
270 279 1
271 42 1
272 19 1
272 59 1
272 69 1
272 78 1
272 87 1
272 99 1
272 134 1
272 158 1
272 225 1
272 246 1
273 219 1
274 69 1
274 113 1
274 134 1
274 163 1
274 196 1
274 230 1
274 246 1
274 282 1
274 284 1
275 268 1
276 4 1
276 36 1
276 51 1
276 96 1
276 135 1
276 154 1
276 160 1
276 188 1
276 225 1
276 285 1
277 10 1
277 19 1
277 57 1
277 61 1
277 83 1
277 94 1
277 121 1
277 199 1
277 202 1
277 246 1
277 254 1
277 279 1
278 84 1
278 101 1
278 174 1
278 183 1
278 208 1
278 217 1
278 233 1
278 242 1
280 34 1
283 166 1
284 74 1
284 98 1
