1 151 1
1 262 1
2 3 1
2 5 1
2 7 1
2 13 1
2 20 1
2 21 1
2 53 1
2 66 1
2 78 1
2 87 1
2 103 1
2 110 1
2 118 1
2 119 1
2 126 1
2 133 1
2 138 1
2 146 1
2 156 1
2 167 1
2 173 1
2 208 1
2 220 1
2 229 1
3 1 1
3 4 1
3 13 1
3 19 1
3 32 1
3 43 1
3 59 1
3 60 1
3 64 1
3 72 1
3 87 1
3 99 1
3 109 1
3 116 1
3 119 1
3 120 1
3 122 1
3 126 1
3 130 1
3 133 1
3 138 1
3 143 1
3 150 1
3 151 1
3 178 1
3 186 1
3 192 1
3 199 1
3 200 1
3 202 1
3 205 1
3 206 1
3 208 1
3 210 1
3 225 1
3 226 1
3 246 1
3 256 1
3 262 1
3 273 1
3 279 1
4 3 1
4 5 1
4 13 1
4 19 1
4 32 1
4 42 1
4 43 1
4 60 1
4 64 1
4 67 1
4 72 1
4 109 1
4 118 1
4 119 1
4 120 1
4 124 1
4 126 1
4 133 1
4 136 1
4 138 1
4 143 1
4 152 1
4 167 1
4 178 1
4 186 1
4 192 1
4 200 1
4 205 1
4 207 1
4 216 1
4 217 1
4 227 1
4 257 1
5 13 1
5 17 1
5 19 1
5 31 1
5 51 1
5 60 1
5 63 1
5 64 1
5 67 1
5 68 1
5 72 1
5 83 1
5 87 1
5 94 1
5 99 1
5 104 1
5 106 1
5 118 1
5 119 1
5 122 1
5 124 1
5 136 1
5 146 1
5 171 1
5 173 1
5 192 1
5 195 1
5 196 1
5 197 1
5 203 1
5 205 1
5 208 1
5 225 1
5 227 1
5 246 1
6 68 1
6 137 1
6 192 1
6 196 1
6 217 1
6 256 1
6 275 1
6 276 1
7 5 1
7 6 1
7 32 1
7 43 1
7 55 1
7 64 1
7 68 1
7 73 1
7 91 1
7 99 1
7 101 1
7 103 1
7 108 1
7 117 1
7 118 1
7 131 1
7 143 1
7 149 1
7 172 1
7 173 1
7 192 1
7 199 1
7 207 1
7 208 1
7 210 1
7 246 1
7 285 1
8 5 1
8 7 1
8 17 1
8 21 1
8 87 1
8 111 1
8 138 1
8 163 1
8 172 1
8 173 1
8 182 1
8 195 1
8 227 1
8 231 1
9 3 1
9 78 1
9 91 1
9 106 1
9 112 1
9 136 1
9 196 1
9 214 1
9 229 1
9 252 1
10 2 1
10 51 1
10 60 1
10 83 1
10 106 1
10 119 1
10 181 1
10 296 1
11 42 1
11 60 1
11 73 1
11 91 1
11 114 1
11 115 1
11 131 1
11 205 1
11 247 1
12 8 1
12 10 1
12 56 1
12 161 1
12 198 1
12 225 1
12 255 1
13 3 1
13 5 1
13 7 1
13 14 1
13 15 1
13 19 1
13 31 1
13 39 1
13 43 1
13 48 1
13 54 1
13 60 1
13 63 1
13 64 1
13 70 1
13 72 1
13 87 1
13 91 1
13 94 1
13 99 1
13 106 1
13 114 1
13 118 1
13 119 1
13 120 1
13 122 1
13 126 1
13 138 1
13 140 1
13 143 1
13 146 1
13 150 1
13 171 1
13 173 1
13 178 1
13 186 1
13 190 1
13 192 1
13 197 1
13 199 1
13 203 1
13 205 1
13 208 1
13 246 1
13 279 1
14 5 1
14 13 1
14 17 1
14 19 1
14 31 1
14 54 1
14 60 1
14 63 1
14 64 1
14 91 1
14 94 1
14 99 1
14 112 1
14 119 1
14 120 1
14 124 1
14 126 1
14 140 1
14 150 1
14 173 1
14 185 1
14 192 1
14 193 1
14 208 1
14 215 1
14 240 1
15 3 1
15 4 1
15 7 1
15 10 1
15 17 1
15 19 1
15 35 1
15 55 1
15 100 1
15 118 1
15 134 1
15 138 1
15 143 1
15 173 1
15 192 1
15 199 1
15 227 1
16 105 1
16 112 1
16 206 1
16 259 1
17 108 1
17 124 1
17 130 1
18 28 1
18 70 1
18 118 1
18 216 1
18 238 1
18 271 1
19 60 1
19 120 1
19 143 1
19 171 1
20 4 1
20 92 1
20 94 1
20 204 1
20 217 1
20 227 1
21 6 1
21 68 1
21 104 1
21 106 1
21 143 1
21 159 1
21 197 1
21 199 1
21 287 1
22 46 1
22 63 1
22 112 1
22 123 1
22 152 1
22 164 1
22 169 1
22 208 1
22 217 1
22 218 1
22 229 1
22 264 1
22 269 1
23 53 1
23 60 1
23 64 1
23 68 1
23 70 1
23 102 1
23 103 1
23 119 1
23 123 1
23 126 1
23 173 1
23 203 1
23 232 1
23 258 1
24 9 1
24 18 1
24 26 1
24 70 1
24 72 1
24 81 1
24 83 1
24 85 1
24 96 1
24 144 1
24 162 1
24 180 1
24 203 1
24 218 1
24 255 1
24 258 1
24 286 1
24 290 1
24 291 1
25 70 1
25 72 1
25 110 1
25 169 1
25 200 1
26 141 1
26 164 1
26 209 1
26 215 1
26 227 1
27 57 1
27 241 1
28 61 1
28 68 1
28 205 1
28 207 1
28 227 1
29 117 1
29 139 1
29 162 1
29 236 1
30 103 1
30 146 1
30 182 1
30 226 1
30 245 1
30 248 1
31 32 1
31 101 1
31 208 1
32 1 1
32 41 1
32 151 1
32 155 1
32 173 1
32 202 1
32 208 1
32 240 1
33 22 1
33 41 1
33 42 1
33 185 1
33 241 1
34 29 1
34 31 1
34 51 1
34 71 1
34 108 1
34 117 1
34 137 1
34 140 1
34 154 1
34 159 1
34 169 1
34 219 1
34 285 1
35 42 1
35 97 1
35 110 1
35 134 1
35 140 1
36 13 1
36 14 1
36 16 1
36 51 1
36 72 1
36 88 1
36 91 1
36 92 1
36 118 1
36 153 1
36 188 1
36 210 1
36 215 1
36 225 1
36 256 1
36 268 1
37 3 1
37 87 1
37 197 1
37 216 1
37 242 1
37 254 1
37 276 1
38 180 1
38 193 1
38 196 1
38 240 1
38 268 1
39 90 1
39 231 1
39 293 1
40 12 1
40 58 1
40 66 1
40 150 1
40 170 1
40 194 1
40 204 1
40 217 1
40 248 1
40 257 1
41 32 1
41 33 1
41 71 1
41 192 1
41 280 1
42 13 1
42 22 1
42 33 1
42 105 1
42 146 1
42 151 1
43 23 1
43 63 1
43 64 1
43 94 1
43 99 1
43 126 1
43 131 1
43 138 1
43 143 1
43 205 1
44 3 1
44 13 1
44 16 1
44 28 1
44 77 1
44 91 1
44 115 1
44 119 1
44 126 1
44 138 1
44 143 1
44 204 1
44 247 1
44 260 1
44 277 1
45 2 1
45 3 1
45 4 1
45 7 1
45 8 1
45 9 1
45 10 1
45 11 1
45 12 1
45 13 1
45 14 1
45 15 1
45 17 1
45 19 1
45 20 1
45 22 1
45 27 1
45 28 1
45 32 1
45 36 1
45 43 1
45 44 1
45 48 1
45 49 1
45 53 1
45 54 1
45 56 1
45 58 1
45 59 1
45 60 1
45 63 1
45 64 1
45 65 1
45 67 1
45 68 1
45 69 1
45 70 1
45 72 1
45 73 1
45 74 1
45 75 1
45 76 1
45 82 1
45 83 1
45 84 1
45 85 1
45 87 1
45 88 1
45 91 1
45 92 1
45 94 1
45 96 1
45 98 1
45 99 1
45 103 1
45 104 1
45 106 1
45 107 1
45 110 1
45 112 1
45 114 1
45 115 1
45 116 1
45 117 1
45 118 1
45 119 1
45 120 1
45 121 1
45 122 1
45 123 1
45 124 1
45 125 1
45 126 1
45 130 1
45 131 1
45 133 1
45 134 1
45 138 1
45 139 1
45 141 1
45 142 1
45 143 1
45 149 1
45 152 1
45 154 1
45 158 1
45 161 1
45 167 1
45 171 1
45 172 1
45 173 1
45 176 1
45 178 1
45 185 1
45 186 1
45 188 1
45 192 1
45 194 1
45 199 1
45 200 1
45 201 1
45 202 1
45 203 1
45 205 1
45 206 1
45 208 1
45 210 1
45 212 1
45 213 1
45 214 1
45 217 1
45 219 1
45 221 1
45 225 1
45 226 1
45 227 1
45 229 1
45 233 1
45 237 1
45 238 1
45 239 1
45 240 1
45 245 1
45 246 1
45 251 1
45 257 1
45 258 1
45 259 1
45 261 1
45 262 1
45 277 1
45 278 1
45 279 1
45 284 1
46 102 1
46 109 1
46 163 1
46 189 1
46 204 1
47 3 1
47 13 1
47 59 1
47 72 1
47 113 1
47 139 1
47 140 1
47 177 1
47 202 1
47 204 1
47 231 1
47 254 1
47 278 1
47 283 1
48 1 1
48 13 1
48 14 1
48 83 1
48 91 1
48 114 1
48 118 1
48 124 1
48 126 1
48 133 1
48 135 1
48 138 1
48 143 1
48 173 1
48 178 1
48 200 1
48 208 1
48 242 1
49 10 1
49 13 1
49 62 1
49 74 1
49 85 1
49 96 1
49 116 1
49 118 1
49 122 1
49 130 1
49 135 1
49 188 1
49 202 1
49 204 1
49 208 1
49 216 1
49 218 1
49 236 1
49 265 1
49 284 1
50 17 1
50 49 1
50 60 1
50 68 1
50 70 1
50 85 1
50 124 1
50 134 1
50 144 1
50 178 1
50 216 1
50 219 1
50 226 1
51 15 1
51 30 1
51 60 1
51 143 1
51 227 1
51 274 1
52 5 1
52 35 1
52 83 1
52 96 1
52 131 1
52 149 1
52 215 1
52 227 1
52 292 1
53 2 1
53 86 1
53 87 1
53 98 1
53 111 1
53 121 1
53 125 1
54 64 1
56 124 1
56 150 1
56 151 1
56 160 1
56 278 1
57 43 1
57 85 1
57 170 1
59 1 1
59 3 1
59 110 1
59 143 1
59 237 1
59 260 1
59 295 1
60 19 1
60 91 1
60 94 1
60 110 1
60 116 1
60 119 1
60 120 1
60 131 1
60 165 1
60 219 1
60 229 1
60 246 1
60 271 1
61 128 1
61 134 1
61 137 1
61 173 1
61 246 1
62 104 1
62 118 1
62 284 1
63 14 1
64 54 1
64 122 1
64 123 1
64 199 1
64 207 1
65 4 1
65 51 1
65 55 1
65 85 1
65 87 1
65 92 1
65 93 1
65 102 1
65 123 1
65 244 1
65 267 1
66 58 1
66 77 1
66 122 1
66 189 1
66 247 1
67 186 1
67 206 1
67 226 1
68 18 1
68 28 1
68 70 1
68 118 1
68 207 1
68 246 1
69 3 1
69 13 1
69 195 1
69 242 1
70 68 1
70 150 1
71 257 1
72 3 1
72 13 1
72 73 1
72 106 1
72 150 1
72 196 1
72 205 1
73 11 1
73 68 1
73 99 1
73 115 1
73 149 1
73 150 1
73 176 1
73 190 1
73 204 1
73 209 1
73 268 1
74 4 1
74 9 1
74 13 1
74 49 1
74 78 1
74 85 1
74 96 1
74 112 1
74 118 1
74 143 1
74 159 1
74 178 1
74 203 1
74 246 1
74 248 1
74 249 1
74 285 1
75 9 1
75 13 1
75 58 1
75 65 1
75 87 1
75 94 1
75 97 1
75 114 1
75 119 1
75 130 1
75 131 1
75 138 1
75 196 1
75 210 1
75 219 1
75 225 1
75 237 1
75 267 1
76 20 1
76 43 1
76 88 1
76 99 1
76 116 1
76 126 1
76 131 1
76 135 1
76 148 1
76 149 1
76 168 1
76 219 1
76 225 1
77 86 1
77 251 1
78 4 1
78 9 1
78 74 1
78 85 1
78 135 1
78 137 1
78 169 1
78 216 1
78 227 1
78 285 1
79 133 1
79 151 1
79 155 1
79 183 1
79 193 1
79 271 1
80 47 1
80 50 1
80 101 1
80 273 1
81 3 1
82 127 1
82 131 1
83 21 1
83 59 1
84 54 1
84 230 1
85 1 1
85 3 1
85 4 1
85 5 1
85 13 1
85 14 1
85 17 1
85 32 1
85 67 1
85 69 1
85 70 1
85 72 1
85 88 1
85 96 1
85 100 1
85 103 1
85 104 1
85 116 1
85 118 1
85 126 1
85 133 1
85 134 1
85 138 1
85 144 1
85 173 1
85 185 1
85 188 1
85 203 1
85 205 1
85 208 1
85 217 1
85 222 1
85 226 1
85 234 1
85 235 1
85 255 1
86 1 1
86 2 1
86 7 1
86 34 1
86 35 1
86 37 1
86 41 1
86 55 1
86 90 1
86 170 1
86 179 1
87 5 1
87 7 1
87 19 1
87 21 1
87 28 1
87 57 1
87 59 1
87 60 1
87 61 1
87 64 1
87 99 1
87 110 1
87 112 1
87 115 1
87 118 1
87 120 1
87 129 1
87 136 1
87 140 1
87 143 1
87 144 1
87 146 1
87 172 1
87 173 1
87 187 1
87 192 1
87 195 1
87 196 1
87 202 1
87 205 1
87 208 1
87 214 1
87 227 1
87 242 1
87 254 1
87 256 1
88 53 1
88 54 1
88 70 1
88 111 1
88 113 1
88 163 1
88 276 1
89 33 1
89 69 1
89 120 1
89 204 1
89 285 1
90 17 1
90 31 1
90 63 1
90 165 1
90 171 1
90 193 1
90 208 1
90 238 1
91 14 1
91 66 1
91 118 1
91 137 1
91 150 1
91 204 1
91 223 1
92 128 1
92 202 1
93 250 1
94 20 1
94 77 1
94 84 1
94 103 1
94 126 1
94 183 1
94 200 1
95 53 1
95 239 1
95 260 1
96 173 1
96 178 1
96 188 1
96 200 1
96 203 1
96 218 1
97 22 1
97 113 1
97 115 1
97 254 1
98 3 1
98 4 1
98 13 1
98 15 1
98 43 1
98 72 1
98 101 1
98 143 1
98 146 1
98 150 1
98 166 1
98 225 1
98 265 1
98 277 1
99 7 1
99 16 1
99 43 1
99 64 1
99 76 1
99 88 1
99 94 1
99 103 1
99 116 1
99 126 1
99 131 1
99 143 1
99 151 1
99 182 1
99 192 1
99 205 1
99 206 1
99 212 1
99 225 1
100 9 1
100 128 1
100 134 1
100 188 1
100 273 1
101 31 1
101 63 1
101 137 1
102 88 1
102 170 1
102 173 1
102 182 1
102 209 1
102 246 1
103 2 1
103 7 1
103 13 1
103 64 1
103 94 1
103 118 1
103 126 1
103 133 1
103 143 1
103 173 1
103 174 1
103 199 1
104 3 1
104 4 1
104 27 1
104 53 1
104 59 1
104 77 1
104 107 1
104 109 1
104 126 1
104 139 1
104 192 1
105 6 1
105 17 1
105 53 1
105 135 1
105 138 1
105 169 1
105 196 1
106 72 1
106 89 1
106 134 1
106 171 1
106 199 1
106 205 1
106 225 1
106 248 1
107 11 1
107 17 1
107 39 1
107 122 1
107 130 1
107 164 1
107 228 1
108 4 1
108 21 1
108 102 1
108 124 1
108 132 1
108 143 1
108 179 1
109 17 1
109 20 1
109 60 1
109 61 1
109 88 1
109 92 1
109 106 1
109 117 1
109 119 1
109 126 1
109 227 1
110 3 1
110 4 1
110 59 1
110 198 1
110 257 1
110 283 1
111 127 1
111 133 1
111 176 1
111 219 1
112 9 1
112 10 1
112 35 1
112 64 1
112 123 1
112 208 1
112 209 1
113 2 1
113 58 1
113 111 1
113 170 1
113 180 1
113 192 1
113 206 1
114 1 1
114 32 1
114 43 1
114 48 1
114 57 1
114 75 1
114 112 1
114 125 1
114 131 1
114 138 1
114 205 1
114 225 1
115 3 1
115 4 1
115 5 1
115 11 1
115 13 1
115 16 1
115 28 1
115 44 1
115 51 1
115 60 1
115 68 1
115 91 1
115 94 1
115 114 1
115 119 1
115 120 1
115 124 1
115 126 1
115 133 1
115 138 1
115 143 1
115 169 1
115 205 1
115 206 1
115 279 1
116 60 1
116 76 1
116 85 1
116 126 1
116 130 1
116 131 1
116 214 1
116 230 1
116 258 1
117 17 1
117 192 1
117 230 1
118 7 1
118 14 1
118 16 1
118 17 1
118 43 1
118 64 1
118 91 1
118 94 1
118 104 1
118 111 1
118 119 1
118 122 1
118 124 1
118 126 1
118 134 1
118 136 1
118 149 1
118 173 1
118 203 1
118 206 1
118 207 1
118 208 1
118 213 1
118 246 1
118 254 1
118 285 1
119 14 1
119 17 1
119 31 1
119 54 1
119 59 1
119 60 1
119 62 1
119 64 1
119 67 1
119 91 1
119 94 1
119 96 1
119 106 1
119 109 1
119 112 1
119 117 1
119 118 1
119 122 1
119 124 1
119 150 1
119 153 1
119 173 1
119 180 1
119 194 1
119 206 1
119 208 1
119 225 1
119 227 1
119 246 1
119 283 1
119 294 1
120 13 1
120 14 1
120 19 1
120 28 1
120 60 1
120 68 1
120 91 1
120 94 1
120 118 1
120 126 1
120 138 1
120 143 1
120 146 1
120 150 1
120 171 1
120 173 1
120 196 1
120 199 1
120 273 1
120 279 1
121 9 1
121 128 1
121 202 1
121 239 1
122 64 1
122 197 1
122 221 1
123 4 1
123 9 1
123 27 1
123 32 1
123 54 1
123 64 1
123 66 1
123 88 1
123 112 1
123 203 1
123 229 1
124 8 1
124 14 1
124 17 1
124 48 1
124 54 1
124 73 1
124 83 1
124 108 1
124 138 1
124 172 1
124 227 1
125 114 1
125 138 1
125 142 1
125 194 1
125 200 1
125 211 1
125 219 1
125 282 1
126 1 1
126 5 1
126 7 1
126 43 1
126 44 1
126 64 1
126 77 1
126 87 1
126 88 1
126 90 1
126 94 1
126 99 1
126 103 1
126 104 1
126 112 1
126 119 1
126 124 1
126 143 1
126 150 1
126 173 1
126 192 1
126 196 1
126 205 1
126 214 1
126 227 1
127 35 1
127 111 1
127 117 1
128 195 1
128 225 1
129 142 1
129 231 1
129 256 1
130 85 1
130 107 1
130 116 1
130 202 1
130 214 1
130 242 1
131 7 1
131 11 1
131 19 1
131 28 1
131 43 1
131 59 1
131 60 1
131 76 1
131 85 1
131 91 1
131 92 1
131 104 1
131 112 1
131 114 1
131 115 1
131 149 1
131 205 1
131 221 1
132 3 1
132 5 1
132 13 1
132 27 1
132 51 1
132 85 1
132 145 1
132 264 1
133 3 1
133 13 1
133 37 1
133 43 1
133 54 1
133 59 1
133 99 1
133 103 1
133 118 1
133 126 1
133 138 1
133 151 1
133 156 1
133 173 1
133 210 1
134 16 1
134 35 1
134 59 1
134 100 1
134 185 1
136 53 1
136 80 1
136 91 1
136 119 1
136 215 1
136 219 1
137 140 1
138 32 1
138 43 1
138 48 1
138 75 1
138 114 1
138 119 1
138 126 1
138 131 1
138 133 1
138 136 1
138 137 1
138 156 1
138 157 1
138 173 1
138 194 1
138 195 1
138 205 1
138 242 1
138 245 1
138 275 1
138 283 1
138 285 1
139 10 1
139 39 1
139 47 1
139 155 1
139 178 1
139 181 1
140 35 1
140 78 1
140 137 1
140 149 1
141 90 1
141 214 1
141 227 1
142 3 1
142 4 1
142 64 1
142 120 1
142 125 1
142 129 1
142 194 1
142 196 1
142 215 1
143 7 1
143 15 1
143 28 1
143 57 1
143 58 1
143 68 1
143 71 1
143 84 1
143 108 1
143 120 1
143 138 1
143 178 1
143 192 1
143 199 1
143 207 1
143 221 1
145 132 1
145 163 1
146 3 1
146 18 1
146 91 1
146 110 1
146 120 1
146 148 1
146 150 1
146 193 1
146 240 1
146 245 1
146 246 1
146 266 1
147 67 1
147 233 1
148 76 1
148 88 1
148 125 1
149 13 1
149 55 1
149 119 1
149 124 1
149 126 1
149 194 1
149 201 1
149 249 1
150 70 1
150 91 1
151 32 1
152 3 1
152 25 1
152 46 1
152 130 1
152 138 1
152 147 1
152 162 1
152 202 1
152 209 1
152 233 1
152 246 1
152 262 1
153 6 1
153 39 1
153 55 1
153 64 1
153 92 1
153 102 1
153 179 1
154 16 1
154 105 1
154 141 1
154 146 1
154 193 1
154 266 1
155 88 1
155 151 1
155 161 1
155 183 1
155 219 1
155 243 1
155 246 1
156 2 1
156 3 1
156 13 1
156 58 1
156 98 1
156 103 1
156 104 1
156 177 1
156 211 1
157 4 1
157 10 1
157 13 1
157 22 1
157 38 1
157 160 1
157 194 1
158 3 1
158 88 1
158 108 1
158 117 1
158 169 1
158 170 1
158 225 1
158 233 1
158 249 1
159 32 1
159 102 1
159 215 1
159 230 1
159 242 1
160 15 1
160 25 1
160 30 1
160 107 1
160 113 1
160 170 1
160 185 1
160 217 1
160 230 1
161 31 1
161 33 1
161 85 1
161 91 1
161 101 1
161 168 1
161 188 1
161 214 1
161 237 1
161 259 1
162 3 1
162 12 1
162 24 1
162 42 1
162 71 1
162 92 1
162 128 1
162 140 1
162 150 1
163 5 1
163 15 1
163 51 1
163 63 1
163 107 1
163 115 1
163 145 1
163 184 1
163 240 1
164 15 1
164 66 1
164 130 1
164 131 1
164 134 1
164 196 1
164 199 1
164 202 1
164 210 1
164 258 1
165 21 1
165 121 1
165 138 1
165 167 1
165 238 1
165 285 1
166 2 1
166 165 1
166 207 1
166 226 1
166 281 1
167 2 1
167 3 1
167 13 1
167 43 1
167 87 1
167 96 1
167 126 1
167 159 1
167 200 1
167 229 1
167 234 1
168 30 1
168 107 1
168 110 1
168 133 1
168 151 1
168 192 1
168 198 1
168 221 1
168 231 1
168 233 1
169 28 1
169 85 1
169 102 1
169 136 1
169 138 1
169 163 1
169 223 1
169 288 1
170 3 1
170 13 1
170 39 1
170 193 1
170 199 1
170 247 1
171 19 1
171 60 1
171 72 1
171 106 1
171 131 1
171 205 1
172 7 1
172 8 1
172 68 1
172 76 1
172 227 1
172 246 1
173 1 1
173 3 1
173 7 1
173 17 1
173 32 1
173 43 1
173 54 1
173 59 1
173 64 1
173 68 1
173 91 1
173 92 1
173 112 1
173 117 1
173 118 1
173 119 1
173 126 1
173 133 1
173 143 1
173 149 1
173 203 1
173 206 1
173 207 1
173 208 1
173 246 1
173 285 1
174 53 1
174 71 1
174 125 1
174 160 1
174 175 1
174 177 1
174 204 1
174 226 1
174 229 1
174 279 1
174 285 1
175 13 1
175 85 1
175 126 1
175 189 1
175 214 1
176 44 1
176 69 1
176 107 1
176 116 1
176 169 1
177 33 1
177 87 1
177 156 1
177 210 1
177 211 1
177 214 1
177 231 1
178 5 1
178 60 1
178 87 1
178 96 1
178 112 1
178 136 1
178 138 1
178 143 1
178 186 1
178 188 1
178 189 1
178 211 1
178 297 1
179 21 1
179 28 1
179 62 1
179 94 1
179 126 1
179 173 1
179 208 1
179 226 1
179 240 1
179 251 1
180 18 1
180 68 1
180 100 1
180 121 1
180 130 1
180 170 1
180 204 1
180 238 1
181 69 1
181 78 1
181 87 1
181 93 1
181 128 1
181 182 1
181 204 1
182 5 1
182 105 1
182 109 1
182 115 1
182 161 1
182 239 1
183 27 1
183 43 1
183 84 1
183 102 1
183 103 1
183 126 1
183 135 1
183 230 1
183 284 1
184 19 1
184 140 1
184 229 1
184 256 1
185 13 1
185 14 1
185 200 1
185 220 1
186 5 1
186 53 1
186 67 1
186 166 1
186 178 1
186 181 1
186 190 1
186 200 1
187 22 1
187 101 1
187 134 1
187 196 1
187 240 1
187 254 1
188 3 1
188 4 1
188 5 1
188 13 1
188 31 1
188 49 1
188 62 1
188 72 1
188 87 1
188 96 1
188 122 1
188 133 1
188 173 1
188 218 1
188 276 1
188 281 1
189 122 1
189 188 1
189 285 1
190 14 1
190 24 1
190 33 1
190 35 1
190 42 1
190 60 1
190 72 1
190 73 1
190 91 1
190 93 1
190 119 1
190 120 1
190 153 1
190 173 1
190 186 1
190 205 1
190 266 1
191 3 1
191 5 1
191 7 1
191 13 1
191 19 1
191 60 1
191 64 1
191 87 1
191 91 1
191 99 1
191 118 1
191 119 1
191 120 1
191 126 1
191 131 1
191 132 1
191 143 1
191 147 1
191 171 1
191 172 1
191 173 1
191 192 1
191 194 1
191 196 1
191 202 1
191 205 1
191 206 1
191 208 1
191 209 1
191 229 1
191 254 1
192 19 1
192 22 1
192 28 1
192 58 1
192 119 1
192 121 1
192 143 1
192 207 1
192 212 1
192 217 1
192 263 1
193 96 1
193 109 1
193 150 1
193 220 1
193 230 1
194 16 1
194 32 1
194 33 1
194 125 1
194 135 1
194 142 1
194 148 1
194 196 1
194 208 1
194 259 1
195 8 1
195 92 1
195 128 1
195 194 1
195 285 1
196 13 1
196 73 1
196 88 1
196 126 1
196 179 1
196 219 1
196 270 1
196 285 1
197 9 1
197 37 1
197 122 1
197 151 1
198 3 1
198 6 1
198 12 1
198 51 1
198 55 1
198 67 1
198 77 1
198 110 1
198 144 1
198 161 1
198 226 1
198 234 1
198 245 1
198 257 1
199 7 1
199 15 1
199 62 1
199 126 1
199 143 1
199 173 1
199 192 1
199 204 1
200 35 1
200 48 1
200 71 1
200 96 1
200 138 1
200 178 1
200 179 1
200 186 1
200 205 1
200 208 1
200 241 1
201 13 1
201 41 1
201 48 1
201 66 1
201 110 1
201 126 1
201 138 1
201 149 1
201 170 1
201 185 1
201 196 1
201 219 1
201 220 1
201 221 1
201 251 1
202 3 1
202 130 1
202 199 1
202 236 1
202 249 1
202 264 1
203 3 1
203 9 1
203 32 1
203 74 1
203 96 1
203 112 1
203 123 1
203 143 1
203 173 1
203 246 1
203 254 1
203 263 1
204 5 1
204 71 1
204 151 1
204 209 1
204 284 1
205 72 1
205 106 1
205 114 1
205 119 1
205 138 1
205 225 1
205 226 1
205 227 1
206 16 1
206 67 1
206 79 1
206 181 1
206 194 1
206 252 1
206 262 1
206 284 1
207 42 1
207 68 1
207 205 1
208 31 1
208 32 1
208 78 1
208 112 1
208 173 1
208 285 1
209 204 1
210 36 1
210 59 1
210 158 1
210 199 1
210 213 1
211 17 1
211 21 1
211 165 1
211 204 1
211 207 1
211 259 1
212 46 1
212 63 1
212 148 1
212 192 1
212 213 1
213 92 1
213 138 1
213 210 1
213 212 1
213 249 1
213 275 1
214 4 1
214 21 1
214 42 1
214 85 1
214 109 1
214 130 1
214 141 1
214 227 1
214 231 1
214 260 1
214 285 1
215 14 1
215 63 1
215 66 1
215 84 1
215 173 1
215 210 1
215 245 1
216 3 1
216 59 1
216 96 1
216 218 1
217 6 1
217 32 1
217 51 1
217 192 1
218 49 1
218 154 1
218 162 1
218 258 1
219 16 1
219 59 1
219 94 1
219 103 1
219 116 1
219 138 1
219 217 1
219 258 1
219 278 1
220 28 1
220 49 1
220 53 1
220 58 1
220 67 1
220 78 1
220 94 1
220 99 1
220 109 1
220 126 1
220 132 1
220 147 1
220 164 1
220 185 1
220 196 1
220 231 1
221 11 1
221 122 1
221 192 1
221 201 1
222 64 1
222 109 1
222 112 1
222 119 1
222 131 1
222 151 1
222 177 1
222 234 1
223 208 1
224 212 1
225 106 1
225 205 1
225 253 1
226 30 1
226 67 1
226 134 1
226 185 1
227 4 1
227 20 1
227 41 1
227 124 1
227 172 1
227 205 1
227 216 1
228 39 1
228 72 1
228 157 1
228 180 1
228 205 1
228 214 1
228 227 1
228 242 1
228 260 1
228 279 1
229 2 1
229 123 1
230 84 1
230 116 1
232 3 1
232 5 1
232 13 1
232 135 1
232 149 1
232 154 1
232 166 1
232 173 1
232 188 1
232 202 1
232 208 1
232 210 1
232 227 1
232 238 1
232 247 1
233 13 1
233 134 1
233 224 1
233 229 1
234 70 1
234 104 1
234 112 1
234 117 1
234 118 1
234 119 1
234 132 1
234 139 1
234 173 1
234 189 1
234 194 1
234 196 1
234 222 1
234 262 1
234 283 1
235 3 1
235 11 1
235 13 1
235 47 1
235 59 1
235 102 1
235 167 1
235 168 1
235 202 1
235 246 1
236 3 1
236 86 1
237 10 1
237 180 1
238 18 1
238 165 1
239 10 1
239 42 1
239 56 1
239 59 1
239 100 1
239 233 1
239 240 1
240 239 1
241 248 1
242 158 1
245 9 1
245 28 1
245 85 1
245 257 1
246 33 1
246 150 1
246 203 1
246 241 1
247 154 1
247 216 1
247 289 1
248 241 1
249 202 1
250 28 1
250 29 1
250 100 1
250 102 1
250 163 1
250 207 1
250 221 1
251 84 1
253 62 1
253 115 1
253 206 1
253 224 1
253 238 1
254 59 1
254 158 1
254 214 1
254 258 1
255 22 1
255 95 1
255 118 1
256 111 1
256 146 1
256 184 1
256 280 1
257 20 1
257 71 1
257 85 1
257 117 1
257 245 1
258 8 1
258 138 1
258 218 1
259 87 1
263 107 1
263 139 1
264 71 1
264 136 1
265 57 1
265 260 1
266 71 1
266 211 1
267 118 1
267 194 1
268 88 1
268 214 1
269 4 1
269 30 1
269 110 1
269 117 1
269 146 1
269 166 1
269 172 1
269 281 1
270 4 1
270 16 1
270 21 1
270 84 1
270 86 1
270 102 1
270 118 1
270 122 1
270 173 1
270 188 1
270 233 1
271 212 1
272 55 1
272 93 1
272 128 1
272 166 1
272 193 1
272 196 1
272 233 1
272 241 1
272 260 1
272 277 1
273 60 1
274 104 1
274 106 1
274 110 1
274 139 1
274 154 1
274 193 1
274 272 1
274 279 1
274 284 1
275 219 1
276 12 1
276 63 1
276 68 1
276 88 1
276 101 1
276 121 1
276 122 1
276 168 1
276 177 1
276 280 1
277 3 1
277 6 1
277 13 1
277 16 1
277 98 1
277 153 1
277 162 1
277 188 1
277 202 1
277 206 1
277 282 1
277 285 1
278 5 1
278 51 1
278 97 1
278 99 1
278 119 1
278 157 1
278 200 1
278 237 1
280 164 1
283 52 1
284 72 1
284 204 1
