1 135 1
1 259 1
2 3 1
2 7 1
2 17 1
2 27 1
2 43 1
2 68 1
2 70 1
2 72 1
2 87 1
2 91 1
2 103 1
2 115 1
2 118 1
2 119 1
2 120 1
2 126 1
2 143 1
2 151 1
2 170 1
2 195 1
2 208 1
2 225 1
2 241 1
2 246 1
3 4 1
3 7 1
3 10 1
3 13 1
3 28 1
3 33 1
3 63 1
3 67 1
3 78 1
3 88 1
3 91 1
3 96 1
3 106 1
3 108 1
3 112 1
3 118 1
3 120 1
3 122 1
3 123 1
3 126 1
3 130 1
3 131 1
3 138 1
3 140 1
3 142 1
3 143 1
3 144 1
3 150 1
3 162 1
3 183 1
3 192 1
3 195 1
3 198 1
3 199 1
3 204 1
3 205 1
3 206 1
3 207 1
3 213 1
3 254 1
3 258 1
4 7 1
4 14 1
4 21 1
4 28 1
4 31 1
4 32 1
4 41 1
4 42 1
4 56 1
4 60 1
4 64 1
4 85 1
4 94 1
4 96 1
4 109 1
4 114 1
4 117 1
4 118 1
4 126 1
4 131 1
4 133 1
4 138 1
4 143 1
4 150 1
4 157 1
4 159 1
4 173 1
4 200 1
4 202 1
4 238 1
4 256 1
4 259 1
4 285 1
5 2 1
5 3 1
5 4 1
5 7 1
5 13 1
5 32 1
5 59 1
5 64 1
5 72 1
5 91 1
5 94 1
5 109 1
5 110 1
5 112 1
5 114 1
5 115 1
5 118 1
5 119 1
5 121 1
5 122 1
5 126 1
5 134 1
5 138 1
5 143 1
5 150 1
5 151 1
5 185 1
5 192 1
5 196 1
5 199 1
5 203 1
5 204 1
5 205 1
5 227 1
5 258 1
6 55 1
6 59 1
6 105 1
6 112 1
6 119 1
6 123 1
6 214 1
6 219 1
7 3 1
7 5 1
7 9 1
7 13 1
7 15 1
7 32 1
7 60 1
7 64 1
7 77 1
7 78 1
7 85 1
7 88 1
7 94 1
7 112 1
7 118 1
7 119 1
7 122 1
7 123 1
7 138 1
7 140 1
7 143 1
7 150 1
7 185 1
7 204 1
7 205 1
7 208 1
7 227 1
8 5 1
8 32 1
8 35 1
8 36 1
8 42 1
8 111 1
8 126 1
8 134 1
8 138 1
8 147 1
8 196 1
8 240 1
8 242 1
8 246 1
9 7 1
9 17 1
9 88 1
9 108 1
9 138 1
9 166 1
9 169 1
9 208 1
9 233 1
9 254 1
10 78 1
10 96 1
10 102 1
10 163 1
10 170 1
10 173 1
10 215 1
10 279 1
11 3 1
11 13 1
11 17 1
11 43 1
11 59 1
11 88 1
11 208 1
11 217 1
11 257 1
12 19 1
12 20 1
12 58 1
12 76 1
12 100 1
12 279 1
12 285 1
13 1 1
13 10 1
13 11 1
13 16 1
13 17 1
13 19 1
13 41 1
13 43 1
13 57 1
13 60 1
13 63 1
13 71 1
13 72 1
13 75 1
13 88 1
13 91 1
13 97 1
13 101 1
13 104 1
13 106 1
13 112 1
13 118 1
13 122 1
13 126 1
13 139 1
13 143 1
13 146 1
13 149 1
13 150 1
13 169 1
13 173 1
13 176 1
13 192 1
13 196 1
13 199 1
13 205 1
13 206 1
13 208 1
13 210 1
13 214 1
13 216 1
13 219 1
13 227 1
13 233 1
13 256 1
14 3 1
14 4 1
14 5 1
14 42 1
14 48 1
14 60 1
14 64 1
14 72 1
14 73 1
14 85 1
14 99 1
14 113 1
14 118 1
14 119 1
14 122 1
14 124 1
14 126 1
14 138 1
14 143 1
14 147 1
14 192 1
14 200 1
14 202 1
14 210 1
14 246 1
14 285 1
15 3 1
15 5 1
15 7 1
15 13 1
15 24 1
15 32 1
15 43 1
15 55 1
15 60 1
15 112 1
15 119 1
15 122 1
15 138 1
15 173 1
15 205 1
15 215 1
15 246 1
16 38 1
16 124 1
16 193 1
16 245 1
17 91 1
17 203 1
17 208 1
18 3 1
18 10 1
18 96 1
18 133 1
18 149 1
18 292 1
19 76 1
19 126 1
19 203 1
19 285 1
20 5 1
20 85 1
20 109 1
20 148 1
20 202 1
20 230 1
21 14 1
21 35 1
21 51 1
21 58 1
21 163 1
21 196 1
21 217 1
21 237 1
21 287 1
22 4 1
22 14 1
22 21 1
22 62 1
22 104 1
22 117 1
22 118 1
22 124 1
22 188 1
22 194 1
22 219 1
22 273 1
22 275 1
23 3 1
23 85 1
23 131 1
23 136 1
23 140 1
23 151 1
23 154 1
23 173 1
23 177 1
23 206 1
23 207 1
23 219 1
23 229 1
23 234 1
24 3 1
24 12 1
24 15 1
24 32 1
24 55 1
24 62 1
24 91 1
24 98 1
24 117 1
24 119 1
24 138 1
24 140 1
24 173 1
24 182 1
24 206 1
24 223 1
24 227 1
24 245 1
24 246 1
25 12 1
25 28 1
25 92 1
25 193 1
25 271 1
26 73 1
26 118 1
26 143 1
26 152 1
26 176 1
27 1 1
27 229 1
28 94 1
28 134 1
28 194 1
28 229 1
28 254 1
29 8 1
29 83 1
29 208 1
29 285 1
30 28 1
30 39 1
30 65 1
30 193 1
30 229 1
30 240 1
31 53 1
31 218 1
31 277 1
32 8 1
32 35 1
32 138 1
32 167 1
32 196 1
32 206 1
32 240 1
32 246 1
33 51 1
33 76 1
33 98 1
33 205 1
33 247 1
34 3 1
34 5 1
34 18 1
34 22 1
34 71 1
34 86 1
34 123 1
34 131 1
34 133 1
34 198 1
34 199 1
34 225 1
34 257 1
35 32 1
35 94 1
35 128 1
35 226 1
35 257 1
36 11 1
36 59 1
36 63 1
36 94 1
36 107 1
36 112 1
36 119 1
36 141 1
36 173 1
36 178 1
36 192 1
36 205 1
36 206 1
36 229 1
36 246 1
36 284 1
37 5 1
37 73 1
37 116 1
37 208 1
37 217 1
37 239 1
37 276 1
38 3 1
38 22 1
38 28 1
38 139 1
38 155 1
39 64 1
39 170 1
39 207 1
40 54 1
40 59 1
40 114 1
40 149 1
40 152 1
40 202 1
40 211 1
40 236 1
40 260 1
40 281 1
41 94 1
41 146 1
41 173 1
41 194 1
41 256 1
42 16 1
42 68 1
42 99 1
42 126 1
42 170 1
42 227 1
43 13 1
43 19 1
43 118 1
43 126 1
43 133 1
43 185 1
43 208 1
43 218 1
43 240 1
43 249 1
44 5 1
44 9 1
44 63 1
44 67 1
44 68 1
44 83 1
44 99 1
44 108 1
44 111 1
44 124 1
44 135 1
44 153 1
44 168 1
44 177 1
44 218 1
45 2 1
45 3 1
45 4 1
45 5 1
45 7 1
45 9 1
45 10 1
45 13 1
45 14 1
45 15 1
45 16 1
45 17 1
45 19 1
45 20 1
45 21 1
45 22 1
45 24 1
45 27 1
45 28 1
45 32 1
45 35 1
45 37 1
45 43 1
45 44 1
45 46 1
45 47 1
45 48 1
45 49 1
45 51 1
45 53 1
45 59 1
45 60 1
45 64 1
45 67 1
45 68 1
45 70 1
45 71 1
45 72 1
45 73 1
45 74 1
45 75 1
45 76 1
45 81 1
45 85 1
45 86 1
45 87 1
45 89 1
45 91 1
45 92 1
45 94 1
45 96 1
45 99 1
45 103 1
45 104 1
45 106 1
45 107 1
45 108 1
45 109 1
45 110 1
45 112 1
45 114 1
45 115 1
45 116 1
45 118 1
45 119 1
45 120 1
45 122 1
45 123 1
45 124 1
45 125 1
45 126 1
45 128 1
45 130 1
45 131 1
45 132 1
45 133 1
45 134 1
45 138 1
45 139 1
45 140 1
45 143 1
45 144 1
45 146 1
45 150 1
45 151 1
45 160 1
45 164 1
45 169 1
45 171 1
45 172 1
45 173 1
45 178 1
45 181 1
45 185 1
45 186 1
45 188 1
45 189 1
45 192 1
45 194 1
45 195 1
45 196 1
45 197 1
45 199 1
45 200 1
45 202 1
45 203 1
45 205 1
45 206 1
45 207 1
45 208 1
45 210 1
45 212 1
45 214 1
45 215 1
45 216 1
45 220 1
45 223 1
45 225 1
45 226 1
45 227 1
45 229 1
45 234 1
45 235 1
45 238 1
45 239 1
45 244 1
45 245 1
45 247 1
45 251 1
45 260 1
45 263 1
45 267 1
45 277 1
45 289 1
46 44 1
46 54 1
46 94 1
46 225 1
46 279 1
47 3 1
47 13 1
47 48 1
47 58 1
47 85 1
47 107 1
47 147 1
47 188 1
47 200 1
47 203 1
47 205 1
47 206 1
47 242 1
47 279 1
48 3 1
48 4 1
48 13 1
48 14 1
48 43 1
48 47 1
48 60 1
48 72 1
48 85 1
48 99 1
48 118 1
48 119 1
48 124 1
48 126 1
48 138 1
48 146 1
48 171 1
48 192 1
49 3 1
49 5 1
49 8 1
49 13 1
49 56 1
49 60 1
49 64 1
49 86 1
49 87 1
49 106 1
49 119 1
49 134 1
49 138 1
49 150 1
49 173 1
49 192 1
49 203 1
49 204 1
49 207 1
49 250 1
50 9 1
50 15 1
50 22 1
50 42 1
50 51 1
50 54 1
50 87 1
50 119 1
50 137 1
50 161 1
50 199 1
50 242 1
50 279 1
51 1 1
51 55 1
51 103 1
51 151 1
51 229 1
51 259 1
52 55 1
52 91 1
52 92 1
52 104 1
52 153 1
52 180 1
52 195 1
52 230 1
52 262 1
53 49 1
53 113 1
53 130 1
53 133 1
53 158 1
53 204 1
53 294 1
54 137 1
56 21 1
56 85 1
56 148 1
56 157 1
56 219 1
57 6 1
57 66 1
57 251 1
59 60 1
59 66 1
59 91 1
59 112 1
59 174 1
59 229 1
59 247 1
60 10 1
60 28 1
60 77 1
60 106 1
60 110 1
60 125 1
60 150 1
60 173 1
60 179 1
60 186 1
60 193 1
60 194 1
60 208 1
61 9 1
61 87 1
61 146 1
61 216 1
61 225 1
62 16 1
62 59 1
62 229 1
63 177 1
64 7 1
64 106 1
64 110 1
64 136 1
64 178 1
65 2 1
65 5 1
65 13 1
65 58 1
65 87 1
65 91 1
65 126 1
65 135 1
65 165 1
65 187 1
65 296 1
66 6 1
66 137 1
66 168 1
66 225 1
66 233 1
67 44 1
67 124 1
67 171 1
68 28 1
68 42 1
68 71 1
68 154 1
68 178 1
68 225 1
69 80 1
69 134 1
69 149 1
69 205 1
70 103 1
70 120 1
71 225 1
72 2 1
72 60 1
72 87 1
72 93 1
72 126 1
72 146 1
72 151 1
73 17 1
73 74 1
73 109 1
73 124 1
73 126 1
73 130 1
73 182 1
73 208 1
73 248 1
73 284 1
73 285 1
74 13 1
74 43 1
74 64 1
74 72 1
74 73 1
74 85 1
74 87 1
74 91 1
74 110 1
74 124 1
74 126 1
74 130 1
74 131 1
74 168 1
74 209 1
74 242 1
74 248 1
75 12 1
75 13 1
75 31 1
75 41 1
75 57 1
75 64 1
75 71 1
75 85 1
75 88 1
75 101 1
75 154 1
75 162 1
75 189 1
75 196 1
75 206 1
75 208 1
75 219 1
75 225 1
76 12 1
76 19 1
76 33 1
76 55 1
76 92 1
76 117 1
76 121 1
76 183 1
76 188 1
76 193 1
76 236 1
76 249 1
76 283 1
77 160 1
77 264 1
78 61 1
78 121 1
78 166 1
78 173 1
78 204 1
78 205 1
78 210 1
78 214 1
78 227 1
78 269 1
79 4 1
79 42 1
79 101 1
79 134 1
79 214 1
79 276 1
80 25 1
80 94 1
80 102 1
80 254 1
81 98 1
82 134 1
82 199 1
83 119 1
83 120 1
84 101 1
84 262 1
85 3 1
85 5 1
85 11 1
85 14 1
85 21 1
85 32 1
85 37 1
85 60 1
85 70 1
85 72 1
85 99 1
85 104 1
85 114 1
85 118 1
85 119 1
85 120 1
85 122 1
85 124 1
85 126 1
85 130 1
85 131 1
85 138 1
85 149 1
85 150 1
85 173 1
85 178 1
85 190 1
85 192 1
85 194 1
85 199 1
85 200 1
85 203 1
85 206 1
85 210 1
85 227 1
85 246 1
86 29 1
86 71 1
86 88 1
86 92 1
86 119 1
86 125 1
86 128 1
86 192 1
86 221 1
86 225 1
86 247 1
87 3 1
87 5 1
87 7 1
87 15 1
87 32 1
87 46 1
87 59 1
87 60 1
87 64 1
87 68 1
87 94 1
87 106 1
87 111 1
87 112 1
87 115 1
87 119 1
87 134 1
87 143 1
87 144 1
87 149 1
87 150 1
87 173 1
87 186 1
87 189 1
87 192 1
87 196 1
87 202 1
87 204 1
87 205 1
87 214 1
87 217 1
87 220 1
87 226 1
87 227 1
87 246 1
87 275 1
88 13 1
88 49 1
88 62 1
88 134 1
88 143 1
88 186 1
88 199 1
89 59 1
89 63 1
89 83 1
89 153 1
89 214 1
90 13 1
90 57 1
90 69 1
90 139 1
90 161 1
90 218 1
90 232 1
90 273 1
91 2 1
91 50 1
91 58 1
91 115 1
91 171 1
91 188 1
91 231 1
92 214 1
92 254 1
93 163 1
94 13 1
94 41 1
94 114 1
94 143 1
94 208 1
94 227 1
94 260 1
95 1 1
95 69 1
95 193 1
96 94 1
96 116 1
96 128 1
96 133 1
96 163 1
96 208 1
97 4 1
97 151 1
97 210 1
97 241 1
98 4 1
98 5 1
98 33 1
98 70 1
98 93 1
98 141 1
98 152 1
98 173 1
98 182 1
98 188 1
98 213 1
98 236 1
98 240 1
98 267 1
99 3 1
99 13 1
99 33 1
99 43 1
99 48 1
99 54 1
99 110 1
99 118 1
99 124 1
99 126 1
99 163 1
99 171 1
99 192 1
99 196 1
99 211 1
99 227 1
99 241 1
99 285 1
99 293 1
100 13 1
100 122 1
100 194 1
100 217 1
100 230 1
101 16 1
101 84 1
101 209 1
102 6 1
102 63 1
102 100 1
102 177 1
102 185 1
102 295 1
103 70 1
103 72 1
103 115 1
103 120 1
103 126 1
103 146 1
103 158 1
103 172 1
103 202 1
103 208 1
103 238 1
103 285 1
104 3 1
104 63 1
104 68 1
104 88 1
104 91 1
104 117 1
104 122 1
104 143 1
104 157 1
104 177 1
104 246 1
105 16 1
105 17 1
105 23 1
105 99 1
105 103 1
105 173 1
105 192 1
106 13 1
106 60 1
106 64 1
106 91 1
106 173 1
106 192 1
106 205 1
106 210 1
107 99 1
107 119 1
107 138 1
107 149 1
107 203 1
107 227 1
107 273 1
108 9 1
108 109 1
108 144 1
108 167 1
108 199 1
108 254 1
108 290 1
109 17 1
109 20 1
109 39 1
109 62 1
109 102 1
109 162 1
109 230 1
109 247 1
109 255 1
109 266 1
109 283 1
110 79 1
110 99 1
110 192 1
110 203 1
110 217 1
110 285 1
111 4 1
111 127 1
111 169 1
111 278 1
112 59 1
112 97 1
112 106 1
112 119 1
112 173 1
112 192 1
112 205 1
113 87 1
113 93 1
113 102 1
113 149 1
113 164 1
113 209 1
113 260 1
114 5 1
114 13 1
114 59 1
114 94 1
114 119 1
114 126 1
114 138 1
114 143 1
114 196 1
114 203 1
114 214 1
114 227 1
115 3 1
115 7 1
115 9 1
115 13 1
115 15 1
115 28 1
115 32 1
115 35 1
115 58 1
115 64 1
115 68 1
115 84 1
115 91 1
115 106 1
115 112 1
115 119 1
115 120 1
115 122 1
115 143 1
115 173 1
115 194 1
115 205 1
115 206 1
115 227 1
115 231 1
116 14 1
116 37 1
116 96 1
116 208 1
116 216 1
116 217 1
116 221 1
116 225 1
116 276 1
117 85 1
117 251 1
117 258 1
118 2 1
118 14 1
118 39 1
118 53 1
118 64 1
118 68 1
118 72 1
118 73 1
118 119 1
118 122 1
118 126 1
118 133 1
118 143 1
118 163 1
118 178 1
118 180 1
118 200 1
118 202 1
118 208 1
118 210 1
118 230 1
118 233 1
118 246 1
118 278 1
118 284 1
118 285 1
119 3 1
119 7 1
119 8 1
119 13 1
119 32 1
119 49 1
119 53 1
119 59 1
119 60 1
119 64 1
119 87 1
119 88 1
119 106 1
119 112 1
119 138 1
119 143 1
119 150 1
119 162 1
119 173 1
119 178 1
119 192 1
119 196 1
119 199 1
119 204 1
119 205 1
119 207 1
119 217 1
119 227 1
119 228 1
119 262 1
119 281 1
120 2 1
120 3 1
120 12 1
120 13 1
120 14 1
120 68 1
120 70 1
120 103 1
120 118 1
120 122 1
120 126 1
120 143 1
120 154 1
120 172 1
120 179 1
120 194 1
120 195 1
120 231 1
120 238 1
120 246 1
121 6 1
121 28 1
121 118 1
121 179 1
122 13 1
122 14 1
122 126 1
123 3 1
123 7 1
123 9 1
123 13 1
123 51 1
123 99 1
123 138 1
123 140 1
123 142 1
123 143 1
123 193 1
124 43 1
124 48 1
124 64 1
124 67 1
124 68 1
124 74 1
124 91 1
124 99 1
124 126 1
124 192 1
124 219 1
125 5 1
125 60 1
125 111 1
125 117 1
125 173 1
125 186 1
125 212 1
125 278 1
126 14 1
126 17 1
126 19 1
126 21 1
126 43 1
126 64 1
126 67 1
126 68 1
126 72 1
126 87 1
126 103 1
126 118 1
126 122 1
126 124 1
126 200 1
126 202 1
126 207 1
126 208 1
126 210 1
126 225 1
126 237 1
126 240 1
126 252 1
126 284 1
126 285 1
127 111 1
127 169 1
127 170 1
128 5 1
128 96 1
129 137 1
129 145 1
129 155 1
130 120 1
130 131 1
130 133 1
130 138 1
130 190 1
130 221 1
131 13 1
131 31 1
131 43 1
131 72 1
131 74 1
131 126 1
131 130 1
131 136 1
131 138 1
131 139 1
131 151 1
131 190 1
131 197 1
131 215 1
131 219 1
131 234 1
131 242 1
131 246 1
132 30 1
132 101 1
132 112 1
132 172 1
132 192 1
132 196 1
132 218 1
132 271 1
133 11 1
133 19 1
133 33 1
133 43 1
133 53 1
133 96 1
133 116 1
133 132 1
133 161 1
133 185 1
133 204 1
133 208 1
133 221 1
133 257 1
133 280 1
134 49 1
134 86 1
134 199 1
134 243 1
134 291 1
136 9 1
136 60 1
136 121 1
136 146 1
136 170 1
136 188 1
137 54 1
138 8 1
138 27 1
138 28 1
138 32 1
138 43 1
138 68 1
138 91 1
138 114 1
138 126 1
138 128 1
138 130 1
138 135 1
138 143 1
138 164 1
138 196 1
138 207 1
138 227 1
138 240 1
138 242 1
138 246 1
138 281 1
138 285 1
139 2 1
139 118 1
139 131 1
139 136 1
139 196 1
139 233 1
140 3 1
140 10 1
140 123 1
140 199 1
141 33 1
141 71 1
141 156 1
142 13 1
142 32 1
142 82 1
142 123 1
142 136 1
142 200 1
142 201 1
142 213 1
142 259 1
143 7 1
143 9 1
143 60 1
143 64 1
143 68 1
143 103 1
143 104 1
143 114 1
143 115 1
143 122 1
143 138 1
143 186 1
143 188 1
143 226 1
143 227 1
143 285 1
145 129 1
145 148 1
146 8 1
146 17 1
146 27 1
146 60 1
146 64 1
146 72 1
146 87 1
146 107 1
146 122 1
146 126 1
146 138 1
146 149 1
147 67 1
147 101 1
148 145 1
148 171 1
148 205 1
149 6 1
149 18 1
149 68 1
149 104 1
149 120 1
149 214 1
149 225 1
149 260 1
150 60 1
150 173 1
151 72 1
152 4 1
152 15 1
152 42 1
152 107 1
152 117 1
152 136 1
152 138 1
152 143 1
152 204 1
152 227 1
152 242 1
152 268 1
153 67 1
153 92 1
153 101 1
153 106 1
153 173 1
153 194 1
153 219 1
154 54 1
154 135 1
154 137 1
154 169 1
154 188 1
154 260 1
155 31 1
155 141 1
155 146 1
155 170 1
155 204 1
155 218 1
155 268 1
156 54 1
156 83 1
156 94 1
156 135 1
156 141 1
156 150 1
156 160 1
156 184 1
156 212 1
157 3 1
157 13 1
157 22 1
157 161 1
157 169 1
157 231 1
157 262 1
158 20 1
158 21 1
158 71 1
158 83 1
158 121 1
158 226 1
158 248 1
158 258 1
158 265 1
159 3 1
159 169 1
159 219 1
159 245 1
159 280 1
160 4 1
160 13 1
160 17 1
160 35 1
160 63 1
160 87 1
160 159 1
160 173 1
160 288 1
161 35 1
161 78 1
161 87 1
161 100 1
161 115 1
161 121 1
161 127 1
161 138 1
161 166 1
161 226 1
162 19 1
162 118 1
162 126 1
162 128 1
162 139 1
162 208 1
162 219 1
162 241 1
162 248 1
163 17 1
163 60 1
163 70 1
163 83 1
163 96 1
163 109 1
163 128 1
163 180 1
163 193 1
164 13 1
164 88 1
164 103 1
164 117 1
164 126 1
164 166 1
164 179 1
164 182 1
164 231 1
164 297 1
165 3 1
165 66 1
165 70 1
165 85 1
165 196 1
165 209 1
166 16 1
166 43 1
166 66 1
166 221 1
166 226 1
167 11 1
167 59 1
167 99 1
167 102 1
167 105 1
167 135 1
167 198 1
167 214 1
167 219 1
167 245 1
167 271 1
168 20 1
168 31 1
168 87 1
168 102 1
168 113 1
168 140 1
168 159 1
168 172 1
168 229 1
168 277 1
169 1 1
169 98 1
169 102 1
169 112 1
169 146 1
169 241 1
169 245 1
169 261 1
170 9 1
170 19 1
170 131 1
170 179 1
170 203 1
170 214 1
171 3 1
171 48 1
171 51 1
171 67 1
171 192 1
171 285 1
172 103 1
172 125 1
172 132 1
172 151 1
172 218 1
172 238 1
173 3 1
173 4 1
173 5 1
173 28 1
173 30 1
173 39 1
173 51 1
173 53 1
173 60 1
173 64 1
173 91 1
173 94 1
173 110 1
173 117 1
173 131 1
173 150 1
173 151 1
173 166 1
173 192 1
173 194 1
173 202 1
173 204 1
173 205 1
173 206 1
173 227 1
173 278 1
174 35 1
174 42 1
174 48 1
174 54 1
174 61 1
174 92 1
174 137 1
174 172 1
174 204 1
174 205 1
174 231 1
175 46 1
175 119 1
175 128 1
175 181 1
175 256 1
176 16 1
176 61 1
176 84 1
176 96 1
176 240 1
177 5 1
177 26 1
177 63 1
177 76 1
177 95 1
177 168 1
177 200 1
178 29 1
178 32 1
178 51 1
178 64 1
178 68 1
178 112 1
178 115 1
178 119 1
178 138 1
178 143 1
178 196 1
178 258 1
178 259 1
179 1 1
179 3 1
179 17 1
179 18 1
179 62 1
179 66 1
179 87 1
179 149 1
179 239 1
179 272 1
180 112 1
180 129 1
180 155 1
180 161 1
180 165 1
180 200 1
180 226 1
180 276 1
181 21 1
181 91 1
181 110 1
181 165 1
181 178 1
181 251 1
181 260 1
182 51 1
182 189 1
182 197 1
182 233 1
182 265 1
182 283 1
183 7 1
183 17 1
183 58 1
183 110 1
183 119 1
183 224 1
183 237 1
183 249 1
183 264 1
184 59 1
184 111 1
184 154 1
184 248 1
185 43 1
185 126 1
185 133 1
185 182 1
186 3 1
186 60 1
186 125 1
186 143 1
186 181 1
186 207 1
186 211 1
186 284 1
187 51 1
187 53 1
187 84 1
187 172 1
187 221 1
187 240 1
188 27 1
188 58 1
188 63 1
188 76 1
188 91 1
188 100 1
188 117 1
188 134 1
188 180 1
188 201 1
188 209 1
188 224 1
188 238 1
188 239 1
188 275 1
188 282 1
189 10 1
189 18 1
189 194 1
190 2 1
190 13 1
190 33 1
190 43 1
190 72 1
190 88 1
190 90 1
190 110 1
190 118 1
190 126 1
190 130 1
190 131 1
190 138 1
190 151 1
190 202 1
190 205 1
190 273 1
191 3 1
191 4 1
191 13 1
191 15 1
191 31 1
191 43 1
191 53 1
191 60 1
191 78 1
191 87 1
191 88 1
191 92 1
191 105 1
191 106 1
191 111 1
191 124 1
191 126 1
191 133 1
191 139 1
191 140 1
191 164 1
191 173 1
191 185 1
191 192 1
191 199 1
191 202 1
191 205 1
191 208 1
191 231 1
191 237 1
191 283 1
192 3 1
192 4 1
192 28 1
192 31 1
192 67 1
192 110 1
192 118 1
192 173 1
192 206 1
192 210 1
192 221 1
193 52 1
193 77 1
193 225 1
193 246 1
193 268 1
194 5 1
194 28 1
194 68 1
194 69 1
194 71 1
194 94 1
194 143 1
194 151 1
194 173 1
194 197 1
195 2 1
195 120 1
195 143 1
195 208 1
195 255 1
196 19 1
196 75 1
196 108 1
196 189 1
196 202 1
196 216 1
196 219 1
196 249 1
197 131 1
197 202 1
197 212 1
197 256 1
198 3 1
198 13 1
198 22 1
198 67 1
198 85 1
198 88 1
198 104 1
198 115 1
198 138 1
198 143 1
198 167 1
198 188 1
198 208 1
198 254 1
199 19 1
199 108 1
199 109 1
199 112 1
199 134 1
199 137 1
199 205 1
199 254 1
200 1 1
200 14 1
200 16 1
200 57 1
200 188 1
200 193 1
200 196 1
200 201 1
200 210 1
200 226 1
200 283 1
201 4 1
201 16 1
201 42 1
201 55 1
201 85 1
201 87 1
201 100 1
201 118 1
201 136 1
201 142 1
201 144 1
201 173 1
201 200 1
201 204 1
201 256 1
202 14 1
202 110 1
202 113 1
202 150 1
202 197 1
202 230 1
203 3 1
203 13 1
203 19 1
203 49 1
203 88 1
203 107 1
203 114 1
203 118 1
203 138 1
203 207 1
203 214 1
203 258 1
204 77 1
204 78 1
204 109 1
204 131 1
204 205 1
205 60 1
205 78 1
205 106 1
205 112 1
205 151 1
205 173 1
205 199 1
205 204 1
206 4 1
206 19 1
206 32 1
206 138 1
206 173 1
206 178 1
206 196 1
206 227 1
207 116 1
207 178 1
207 186 1
208 17 1
208 73 1
208 116 1
208 140 1
208 162 1
208 216 1
209 165 1
210 4 1
210 58 1
210 118 1
210 156 1
210 200 1
211 33 1
211 39 1
211 91 1
211 117 1
211 118 1
211 282 1
212 54 1
212 125 1
212 135 1
212 156 1
212 284 1
213 84 1
213 96 1
213 133 1
213 142 1
213 164 1
213 241 1
214 4 1
214 6 1
214 31 1
214 43 1
214 55 1
214 59 1
214 114 1
214 119 1
214 153 1
214 173 1
214 227 1
215 59 1
215 72 1
215 97 1
215 137 1
215 229 1
215 264 1
215 279 1
216 20 1
216 70 1
216 102 1
216 124 1
217 11 1
217 13 1
217 100 1
217 149 1
218 31 1
218 44 1
218 237 1
218 255 1
219 66 1
219 88 1
219 96 1
219 116 1
219 150 1
219 208 1
219 226 1
219 257 1
219 279 1
220 7 1
220 10 1
220 15 1
220 19 1
220 51 1
220 84 1
220 96 1
220 116 1
220 136 1
220 143 1
220 146 1
220 150 1
220 170 1
220 216 1
220 239 1
220 246 1
221 90 1
221 116 1
221 130 1
221 207 1
222 6 1
222 18 1
222 54 1
222 56 1
222 94 1
222 230 1
222 249 1
222 284 1
223 181 1
224 176 1
225 68 1
225 71 1
225 130 1
226 35 1
226 165 1
226 225 1
226 257 1
227 3 1
227 94 1
227 99 1
227 104 1
227 138 1
227 143 1
227 173 1
228 13 1
228 19 1
228 22 1
228 64 1
228 68 1
228 90 1
228 102 1
228 105 1
228 132 1
228 178 1
229 59 1
229 215 1
230 20 1
230 202 1
232 3 1
232 4 1
232 53 1
232 54 1
232 59 1
232 70 1
232 92 1
232 103 1
232 118 1
232 120 1
232 124 1
232 148 1
232 150 1
232 173 1
232 253 1
233 63 1
233 83 1
233 96 1
233 205 1
234 13 1
234 53 1
234 72 1
234 77 1
234 85 1
234 102 1
234 126 1
234 131 1
234 133 1
234 159 1
234 167 1
234 220 1
234 246 1
234 262 1
234 277 1
235 32 1
235 77 1
235 85 1
235 91 1
235 93 1
235 107 1
235 119 1
235 185 1
235 188 1
235 216 1
236 69 1
236 90 1
237 84 1
237 131 1
238 103 1
238 172 1
239 1 1
239 7 1
239 39 1
239 123 1
239 167 1
239 171 1
239 220 1
240 30 1
241 213 1
242 70 1
245 16 1
245 99 1
245 180 1
245 285 1
246 91 1
246 120 1
246 132 1
246 195 1
247 85 1
247 102 1
247 196 1
248 184 1
249 222 1
250 7 1
250 9 1
250 64 1
250 119 1
250 175 1
250 178 1
250 211 1
251 209 1
253 21 1
253 158 1
253 238 1
253 246 1
253 266 1
254 13 1
254 116 1
254 118 1
254 212 1
255 120 1
255 270 1
255 285 1
256 41 1
256 72 1
256 92 1
256 231 1
257 11 1
257 69 1
257 226 1
257 233 1
257 280 1
258 203 1
258 207 1
258 246 1
259 134 1
263 194 1
263 286 1
264 234 1
264 263 1
265 63 1
265 110 1
266 25 1
266 156 1
267 154 1
267 215 1
268 17 1
268 209 1
269 1 1
269 17 1
269 22 1
269 133 1
269 185 1
269 204 1
269 205 1
269 262 1
270 16 1
270 53 1
270 117 1
270 125 1
270 130 1
270 136 1
270 183 1
270 192 1
270 212 1
270 222 1
270 258 1
271 3 1
272 34 1
272 62 1
272 64 1
272 65 1
272 99 1
272 104 1
272 158 1
272 173 1
272 205 1
272 227 1
273 66 1
274 5 1
274 21 1
274 30 1
274 104 1
274 107 1
274 126 1
274 171 1
274 180 1
274 242 1
275 92 1
276 4 1
276 10 1
276 14 1
276 109 1
276 116 1
276 186 1
276 202 1
276 217 1
276 257 1
276 258 1
277 3 1
277 28 1
277 31 1
277 47 1
277 64 1
277 70 1
277 103 1
277 120 1
277 170 1
277 233 1
277 266 1
277 274 1
278 30 1
278 67 1
278 84 1
278 131 1
278 215 1
278 217 1
278 245 1
278 252 1
280 57 1
283 211 1
284 36 1
284 279 1
