1 59 1
1 164 1
2 5 1
2 7 1
2 13 1
2 20 1
2 22 1
2 48 1
2 53 1
2 60 1
2 64 1
2 115 1
2 117 1
2 124 1
2 126 1
2 133 1
2 134 1
2 138 1
2 143 1
2 192 1
2 196 1
2 210 1
2 219 1
2 227 1
2 242 1
2 266 1
3 2 1
3 9 1
3 13 1
3 17 1
3 31 1
3 32 1
3 53 1
3 60 1
3 63 1
3 64 1
3 67 1
3 70 1
3 72 1
3 85 1
3 87 1
3 88 1
3 91 1
3 99 1
3 110 1
3 111 1
3 126 1
3 130 1
3 133 1
3 138 1
3 143 1
3 145 1
3 150 1
3 156 1
3 173 1
3 194 1
3 200 1
3 202 1
3 205 1
3 208 1
3 216 1
3 225 1
3 226 1
3 233 1
3 238 1
3 277 1
3 285 1
4 3 1
4 5 1
4 15 1
4 16 1
4 17 1
4 20 1
4 43 1
4 44 1
4 54 1
4 64 1
4 78 1
4 87 1
4 103 1
4 104 1
4 110 1
4 114 1
4 118 1
4 119 1
4 122 1
4 126 1
4 130 1
4 138 1
4 151 1
4 173 1
4 181 1
4 202 1
4 208 1
4 223 1
4 227 1
4 246 1
4 248 1
4 268 1
4 284 1
5 2 1
5 7 1
5 9 1
5 19 1
5 23 1
5 60 1
5 64 1
5 66 1
5 68 1
5 72 1
5 93 1
5 113 1
5 115 1
5 119 1
5 121 1
5 125 1
5 126 1
5 131 1
5 132 1
5 138 1
5 143 1
5 146 1
5 154 1
5 162 1
5 189 1
5 192 1
5 196 1
5 199 1
5 200 1
5 205 1
5 208 1
5 210 1
5 213 1
5 246 1
5 284 1
6 25 1
6 63 1
6 74 1
6 122 1
6 130 1
6 162 1
6 170 1
6 231 1
7 3 1
7 8 1
7 9 1
7 13 1
7 27 1
7 31 1
7 35 1
7 48 1
7 55 1
7 60 1
7 69 1
7 72 1
7 91 1
7 94 1
7 126 1
7 128 1
7 133 1
7 143 1
7 144 1
7 167 1
7 173 1
7 188 1
7 190 1
7 192 1
7 205 1
7 214 1
7 227 1
8 7 1
8 28 1
8 55 1
8 60 1
8 68 1
8 69 1
8 88 1
8 91 1
8 118 1
8 126 1
8 144 1
8 188 1
8 245 1
8 251 1
9 28 1
9 59 1
9 99 1
9 147 1
9 192 1
9 200 1
9 216 1
9 242 1
9 254 1
9 260 1
10 1 1
10 4 1
10 59 1
10 70 1
10 170 1
10 172 1
10 202 1
10 242 1
11 84 1
11 120 1
11 125 1
11 131 1
11 138 1
11 150 1
11 160 1
11 164 1
11 215 1
12 3 1
12 33 1
12 59 1
12 139 1
12 159 1
12 219 1
12 285 1
13 3 1
13 5 1
13 8 1
13 14 1
13 17 1
13 32 1
13 42 1
13 53 1
13 55 1
13 60 1
13 64 1
13 70 1
13 72 1
13 85 1
13 87 1
13 90 1
13 91 1
13 94 1
13 96 1
13 106 1
13 108 1
13 109 1
13 110 1
13 112 1
13 122 1
13 126 1
13 130 1
13 143 1
13 149 1
13 150 1
13 173 1
13 192 1
13 196 1
13 199 1
13 202 1
13 205 1
13 206 1
13 207 1
13 208 1
13 214 1
13 225 1
13 226 1
13 231 1
13 273 1
13 285 1
14 2 1
14 3 1
14 4 1
14 5 1
14 9 1
14 13 1
14 56 1
14 64 1
14 74 1
14 87 1
14 112 1
14 122 1
14 126 1
14 131 1
14 152 1
14 173 1
14 190 1
14 192 1
14 194 1
14 196 1
14 200 1
14 202 1
14 225 1
14 234 1
14 242 1
14 254 1
15 3 1
15 9 1
15 13 1
15 19 1
15 22 1
15 111 1
15 118 1
15 120 1
15 134 1
15 143 1
15 192 1
15 203 1
15 204 1
15 206 1
15 246 1
15 268 1
15 279 1
16 103 1
16 178 1
16 240 1
16 262 1
17 21 1
17 130 1
17 262 1
18 5 1
18 83 1
18 141 1
18 212 1
18 262 1
18 271 1
19 68 1
19 96 1
19 123 1
19 281 1
20 77 1
20 91 1
20 102 1
20 103 1
20 184 1
20 223 1
21 43 1
21 70 1
21 92 1
21 111 1
21 135 1
21 151 1
21 169 1
21 284 1
21 291 1
22 10 1
22 13 1
22 17 1
22 28 1
22 82 1
22 88 1
22 112 1
22 132 1
22 143 1
22 229 1
22 239 1
22 248 1
22 266 1
23 7 1
23 17 1
23 58 1
23 68 1
23 79 1
23 118 1
23 126 1
23 131 1
23 138 1
23 173 1
23 227 1
23 229 1
23 249 1
23 259 1
24 5 1
24 13 1
24 32 1
24 44 1
24 51 1
24 68 1
24 91 1
24 115 1
24 117 1
24 118 1
24 119 1
24 125 1
24 126 1
24 138 1
24 143 1
24 173 1
24 227 1
24 285 1
24 292 1
25 101 1
25 105 1
25 151 1
25 208 1
25 237 1
26 16 1
26 95 1
26 166 1
26 181 1
26 247 1
27 63 1
27 158 1
28 59 1
28 60 1
28 91 1
28 112 1
28 193 1
29 113 1
29 163 1
29 204 1
29 254 1
30 75 1
30 106 1
30 183 1
30 219 1
30 227 1
30 233 1
31 60 1
31 120 1
31 233 1
32 64 1
32 70 1
32 99 1
32 140 1
32 173 1
32 195 1
32 215 1
32 246 1
33 12 1
33 20 1
33 56 1
33 103 1
33 120 1
34 3 1
34 5 1
34 15 1
34 16 1
34 17 1
34 18 1
34 62 1
34 88 1
34 168 1
34 206 1
34 246 1
34 248 1
34 283 1
35 3 1
35 21 1
35 99 1
35 151 1
35 238 1
36 16 1
36 31 1
36 61 1
36 67 1
36 71 1
36 87 1
36 88 1
36 92 1
36 97 1
36 99 1
36 103 1
36 112 1
36 121 1
36 134 1
36 203 1
36 217 1
37 6 1
37 31 1
37 107 1
37 118 1
37 169 1
37 196 1
37 284 1
38 12 1
38 21 1
38 117 1
38 181 1
38 228 1
39 51 1
39 193 1
39 206 1
40 58 1
40 67 1
40 76 1
40 103 1
40 107 1
40 122 1
40 183 1
40 215 1
40 216 1
40 283 1
41 72 1
41 125 1
41 146 1
41 246 1
41 285 1
42 22 1
42 193 1
42 196 1
42 211 1
42 237 1
42 257 1
43 19 1
43 54 1
43 59 1
43 71 1
43 72 1
43 118 1
43 123 1
43 146 1
43 180 1
43 217 1
44 3 1
44 4 1
44 5 1
44 13 1
44 16 1
44 35 1
44 51 1
44 118 1
44 119 1
44 126 1
44 138 1
44 154 1
44 173 1
44 177 1
44 181 1
45 2 1
45 3 1
45 4 1
45 5 1
45 7 1
45 8 1
45 9 1
45 10 1
45 11 1
45 13 1
45 14 1
45 15 1
45 17 1
45 19 1
45 21 1
45 29 1
45 31 1
45 32 1
45 33 1
45 41 1
45 42 1
45 43 1
45 47 1
45 48 1
45 51 1
45 53 1
45 55 1
45 57 1
45 58 1
45 59 1
45 60 1
45 63 1
45 64 1
45 67 1
45 68 1
45 69 1
45 72 1
45 73 1
45 76 1
45 78 1
45 84 1
45 85 1
45 86 1
45 87 1
45 91 1
45 92 1
45 94 1
45 96 1
45 99 1
45 101 1
45 103 1
45 104 1
45 106 1
45 107 1
45 108 1
45 112 1
45 114 1
45 115 1
45 116 1
45 117 1
45 118 1
45 119 1
45 120 1
45 122 1
45 123 1
45 124 1
45 126 1
45 128 1
45 130 1
45 131 1
45 132 1
45 133 1
45 134 1
45 137 1
45 138 1
45 140 1
45 143 1
45 146 1
45 148 1
45 149 1
45 150 1
45 155 1
45 163 1
45 167 1
45 169 1
45 170 1
45 173 1
45 178 1
45 179 1
45 182 1
45 185 1
45 186 1
45 188 1
45 189 1
45 190 1
45 192 1
45 194 1
45 195 1
45 196 1
45 199 1
45 200 1
45 201 1
45 202 1
45 203 1
45 204 1
45 205 1
45 206 1
45 207 1
45 208 1
45 210 1
45 212 1
45 214 1
45 217 1
45 220 1
45 221 1
45 225 1
45 226 1
45 227 1
45 230 1
45 232 1
45 234 1
45 237 1
45 245 1
45 246 1
45 251 1
45 256 1
45 257 1
45 258 1
45 259 1
45 272 1
45 276 1
45 279 1
45 285 1
45 287 1
46 91 1
46 112 1
46 187 1
46 218 1
46 254 1
47 1 1
47 3 1
47 59 1
47 65 1
47 85 1
47 87 1
47 104 1
47 119 1
47 139 1
47 156 1
47 173 1
47 217 1
47 233 1
47 294 1
48 2 1
48 7 1
48 27 1
48 60 1
48 64 1
48 94 1
48 119 1
48 124 1
48 126 1
48 134 1
48 138 1
48 196 1
48 198 1
48 202 1
48 208 1
48 213 1
48 227 1
48 286 1
49 3 1
49 19 1
49 47 1
49 64 1
49 68 1
49 87 1
49 94 1
49 99 1
49 118 1
49 119 1
49 126 1
49 128 1
49 138 1
49 143 1
49 173 1
49 178 1
49 179 1
49 208 1
49 241 1
49 256 1
50 5 1
50 32 1
50 106 1
50 126 1
50 132 1
50 138 1
50 154 1
50 157 1
50 160 1
50 173 1
50 189 1
50 206 1
50 277 1
51 60 1
51 66 1
51 75 1
51 196 1
51 253 1
51 260 1
52 7 1
52 50 1
52 154 1
52 161 1
52 170 1
52 172 1
52 196 1
52 221 1
52 234 1
53 13 1
53 109 1
53 122 1
53 149 1
53 151 1
53 178 1
53 205 1
54 125 1
56 13 1
56 136 1
56 143 1
56 146 1
56 219 1
57 110 1
57 115 1
57 261 1
59 72 1
59 106 1
59 118 1
59 205 1
59 218 1
59 263 1
59 279 1
60 8 1
60 31 1
60 42 1
60 54 1
60 88 1
60 91 1
60 120 1
60 131 1
60 143 1
60 188 1
60 203 1
60 246 1
60 251 1
61 15 1
61 58 1
61 63 1
61 215 1
61 246 1
62 53 1
62 178 1
62 284 1
63 142 1
64 2 1
64 19 1
64 71 1
64 114 1
64 138 1
65 6 1
65 61 1
65 63 1
65 98 1
65 101 1
65 118 1
65 152 1
65 177 1
65 224 1
65 247 1
65 279 1
66 16 1
66 68 1
66 98 1
66 204 1
66 285 1
67 78 1
67 103 1
67 212 1
68 19 1
68 87 1
68 99 1
68 118 1
68 143 1
68 259 1
69 4 1
69 61 1
69 86 1
69 146 1
70 32 1
70 116 1
71 43 1
72 16 1
72 41 1
72 43 1
72 106 1
72 205 1
72 236 1
72 282 1
73 7 1
73 13 1
73 92 1
73 133 1
73 171 1
73 188 1
73 205 1
73 224 1
73 229 1
73 246 1
73 281 1
74 3 1
74 6 1
74 14 1
74 19 1
74 26 1
74 28 1
74 35 1
74 38 1
74 46 1
74 60 1
74 85 1
74 100 1
74 117 1
74 142 1
74 162 1
74 180 1
74 285 1
75 4 1
75 13 1
75 30 1
75 43 1
75 71 1
75 100 1
75 119 1
75 125 1
75 150 1
75 170 1
75 180 1
75 185 1
75 188 1
75 196 1
75 204 1
75 226 1
75 227 1
75 242 1
76 4 1
76 5 1
76 44 1
76 83 1
76 91 1
76 141 1
76 149 1
76 169 1
76 194 1
76 212 1
76 222 1
76 231 1
76 237 1
77 117 1
77 139 1
78 55 1
78 67 1
78 102 1
78 110 1
78 113 1
78 135 1
78 168 1
78 172 1
78 182 1
78 186 1
79 42 1
79 92 1
79 116 1
79 210 1
79 218 1
79 220 1
80 11 1
80 34 1
80 188 1
80 240 1
81 257 1
82 30 1
82 96 1
83 8 1
83 15 1
84 11 1
84 73 1
85 3 1
85 5 1
85 30 1
85 31 1
85 32 1
85 33 1
85 35 1
85 55 1
85 60 1
85 72 1
85 88 1
85 105 1
85 120 1
85 130 1
85 133 1
85 138 1
85 143 1
85 148 1
85 150 1
85 182 1
85 192 1
85 194 1
85 205 1
85 207 1
85 208 1
85 209 1
85 216 1
85 225 1
85 226 1
85 227 1
85 231 1
85 238 1
85 240 1
85 260 1
85 278 1
85 285 1
86 5 1
86 13 1
86 22 1
86 33 1
86 68 1
86 88 1
86 96 1
86 120 1
86 138 1
86 204 1
86 229 1
87 2 1
87 3 1
87 5 1
87 17 1
87 20 1
87 32 1
87 41 1
87 59 1
87 62 1
87 64 1
87 72 1
87 85 1
87 91 1
87 94 1
87 106 1
87 110 1
87 126 1
87 130 1
87 136 1
87 137 1
87 138 1
87 139 1
87 143 1
87 150 1
87 166 1
87 173 1
87 194 1
87 195 1
87 200 1
87 202 1
87 204 1
87 208 1
87 225 1
87 226 1
87 246 1
87 282 1
88 1 1
88 9 1
88 180 1
88 230 1
88 256 1
88 259 1
88 263 1
89 118 1
89 136 1
89 240 1
89 248 1
89 255 1
90 4 1
90 17 1
90 55 1
90 84 1
90 119 1
90 163 1
90 219 1
90 275 1
91 28 1
91 53 1
91 60 1
91 84 1
91 109 1
91 173 1
91 194 1
92 18 1
92 260 1
93 22 1
94 3 1
94 5 1
94 7 1
94 9 1
94 83 1
94 173 1
94 208 1
95 102 1
95 188 1
95 238 1
96 19 1
96 63 1
96 196 1
96 197 1
96 254 1
96 256 1
97 3 1
97 4 1
97 13 1
97 77 1
98 14 1
98 84 1
98 101 1
98 104 1
98 112 1
98 126 1
98 131 1
98 151 1
98 158 1
98 177 1
98 193 1
98 207 1
98 258 1
98 271 1
99 32 1
99 35 1
99 39 1
99 43 1
99 51 1
99 54 1
99 112 1
99 122 1
99 151 1
99 178 1
99 203 1
99 206 1
99 214 1
99 229 1
99 240 1
99 274 1
99 281 1
99 285 1
99 295 1
100 150 1
100 172 1
100 204 1
100 254 1
100 256 1
101 43 1
101 98 1
101 172 1
102 109 1
102 118 1
102 140 1
102 206 1
102 242 1
102 244 1
103 1 1
103 4 1
103 16 1
103 20 1
103 36 1
103 67 1
103 87 1
103 92 1
103 112 1
103 113 1
103 134 1
103 260 1
104 43 1
104 106 1
104 112 1
104 119 1
104 137 1
104 189 1
104 199 1
104 208 1
104 210 1
104 222 1
104 247 1
105 12 1
105 46 1
105 59 1
105 90 1
105 102 1
105 171 1
105 258 1
106 22 1
106 59 1
106 72 1
106 118 1
106 134 1
106 151 1
106 205 1
106 230 1
107 3 1
107 24 1
107 85 1
107 115 1
107 132 1
107 149 1
107 155 1
108 18 1
108 128 1
108 163 1
108 185 1
108 207 1
108 246 1
108 247 1
109 13 1
109 60 1
109 122 1
109 133 1
109 144 1
109 149 1
109 192 1
109 199 1
109 205 1
109 208 1
109 215 1
110 17 1
110 111 1
110 130 1
110 135 1
110 194 1
110 226 1
111 57 1
111 62 1
111 102 1
111 204 1
112 14 1
112 17 1
112 87 1
112 102 1
112 199 1
112 208 1
112 229 1
113 22 1
113 66 1
113 123 1
113 135 1
113 161 1
113 180 1
113 233 1
114 11 1
114 19 1
114 64 1
114 71 1
114 119 1
114 124 1
114 128 1
114 138 1
114 143 1
114 201 1
114 202 1
114 225 1
115 14 1
115 24 1
115 32 1
115 43 1
115 49 1
115 68 1
115 71 1
115 91 1
115 112 1
115 118 1
115 119 1
115 126 1
115 138 1
115 146 1
115 153 1
115 157 1
115 173 1
115 178 1
115 186 1
115 199 1
115 205 1
115 227 1
115 257 1
115 270 1
115 289 1
116 16 1
116 70 1
116 140 1
116 148 1
116 161 1
116 195 1
116 221 1
116 236 1
116 283 1
117 17 1
117 39 1
117 177 1
118 3 1
118 13 1
118 30 1
118 53 1
118 64 1
118 68 1
118 72 1
118 85 1
118 106 1
118 119 1
118 124 1
118 126 1
118 138 1
118 169 1
118 173 1
118 188 1
118 193 1
118 199 1
118 205 1
118 220 1
118 229 1
118 239 1
118 241 1
118 245 1
118 258 1
118 297 1
119 2 1
119 3 1
119 7 1
119 13 1
119 21 1
119 39 1
119 49 1
119 51 1
119 54 1
119 64 1
119 94 1
119 114 1
119 118 1
119 124 1
119 126 1
119 128 1
119 131 1
119 133 1
119 138 1
119 143 1
119 165 1
119 173 1
119 192 1
119 202 1
119 207 1
119 208 1
119 214 1
119 227 1
119 241 1
119 252 1
119 257 1
120 6 1
120 20 1
120 31 1
120 33 1
120 68 1
120 70 1
120 116 1
120 119 1
120 122 1
120 123 1
120 131 1
120 137 1
120 138 1
120 154 1
120 192 1
120 197 1
120 203 1
120 219 1
120 245 1
120 264 1
121 59 1
121 153 1
121 198 1
121 210 1
122 14 1
122 131 1
122 203 1
123 19 1
123 43 1
123 59 1
123 85 1
123 119 1
123 120 1
123 131 1
123 138 1
123 186 1
123 199 1
123 227 1
124 21 1
124 72 1
124 94 1
124 118 1
124 143 1
124 167 1
124 173 1
124 205 1
124 240 1
124 243 1
124 276 1
125 10 1
125 11 1
125 41 1
125 54 1
125 56 1
125 103 1
125 151 1
125 283 1
126 2 1
126 14 1
126 17 1
126 48 1
126 60 1
126 64 1
126 68 1
126 72 1
126 85 1
126 91 1
126 114 1
126 115 1
126 124 1
126 138 1
126 143 1
126 173 1
126 192 1
126 202 1
126 205 1
126 208 1
126 214 1
126 216 1
126 225 1
126 227 1
126 238 1
127 77 1
127 166 1
127 185 1
128 114 1
128 122 1
129 35 1
129 135 1
129 151 1
130 17 1
130 58 1
130 110 1
130 134 1
130 139 1
130 226 1
131 14 1
131 43 1
131 59 1
131 96 1
131 107 1
131 112 1
131 116 1
131 120 1
131 122 1
131 123 1
131 137 1
131 200 1
131 203 1
131 208 1
131 209 1
131 219 1
131 235 1
131 262 1
132 3 1
132 92 1
132 96 1
132 107 1
132 169 1
132 173 1
132 188 1
132 257 1
133 7 1
133 13 1
133 53 1
133 71 1
133 99 1
133 106 1
133 126 1
133 143 1
133 150 1
133 165 1
133 200 1
133 205 1
133 208 1
133 227 1
133 278 1
134 70 1
134 186 1
134 225 1
134 245 1
134 273 1
136 1 1
136 78 1
136 126 1
136 140 1
136 221 1
136 280 1
137 258 1
138 5 1
138 19 1
138 32 1
138 60 1
138 64 1
138 68 1
138 91 1
138 94 1
138 114 1
138 119 1
138 124 1
138 126 1
138 128 1
138 143 1
138 192 1
138 202 1
138 208 1
138 210 1
138 214 1
138 227 1
138 273 1
138 277 1
139 66 1
139 110 1
139 130 1
139 219 1
139 226 1
139 285 1
140 70 1
140 116 1
140 161 1
140 221 1
141 18 1
141 199 1
141 227 1
142 4 1
142 58 1
142 63 1
142 74 1
142 103 1
142 118 1
142 164 1
142 171 1
142 248 1
143 2 1
143 13 1
143 42 1
143 60 1
143 64 1
143 68 1
143 91 1
143 120 1
143 124 1
143 126 1
143 131 1
143 196 1
143 198 1
143 205 1
143 216 1
143 246 1
145 3 1
145 156 1
146 13 1
146 19 1
146 32 1
146 43 1
146 62 1
146 68 1
146 116 1
146 118 1
146 171 1
146 195 1
146 258 1
146 285 1
147 12 1
147 150 1
148 43 1
148 116 1
148 264 1
149 28 1
149 76 1
149 83 1
149 84 1
149 140 1
149 160 1
149 204 1
149 231 1
150 208 1
150 225 1
151 129 1
152 3 1
152 13 1
152 83 1
152 115 1
152 116 1
152 123 1
152 128 1
152 136 1
152 192 1
152 217 1
152 231 1
152 285 1
153 4 1
153 39 1
153 64 1
153 100 1
153 109 1
153 118 1
153 158 1
154 42 1
154 59 1
154 93 1
154 177 1
154 241 1
154 242 1
155 3 1
155 85 1
155 143 1
155 195 1
155 233 1
155 275 1
155 296 1
156 3 1
156 58 1
156 64 1
156 67 1
156 118 1
156 126 1
156 145 1
156 150 1
156 285 1
157 73 1
157 85 1
157 106 1
157 153 1
157 176 1
157 204 1
157 211 1
158 4 1
158 19 1
158 52 1
158 64 1
158 85 1
158 88 1
158 196 1
158 215 1
158 265 1
159 3 1
159 115 1
159 169 1
159 280 1
159 284 1
160 3 1
160 4 1
160 21 1
160 28 1
160 67 1
160 85 1
160 207 1
160 212 1
160 255 1
161 1 1
161 63 1
161 96 1
161 108 1
161 110 1
161 135 1
161 137 1
161 159 1
161 185 1
161 200 1
162 10 1
162 16 1
162 27 1
162 54 1
162 94 1
162 102 1
162 172 1
162 214 1
162 246 1
163 13 1
163 39 1
163 43 1
163 93 1
163 105 1
163 108 1
163 117 1
163 209 1
163 219 1
164 3 1
164 13 1
164 85 1
164 94 1
164 122 1
164 165 1
164 197 1
164 206 1
164 209 1
164 278 1
165 3 1
165 33 1
165 146 1
165 152 1
165 168 1
165 209 1
166 54 1
166 69 1
166 71 1
166 142 1
166 146 1
167 3 1
167 13 1
167 51 1
167 58 1
167 111 1
167 124 1
167 126 1
167 143 1
167 170 1
167 173 1
167 225 1
168 3 1
168 5 1
168 12 1
168 21 1
168 49 1
168 121 1
168 126 1
168 163 1
168 204 1
168 278 1
169 54 1
169 58 1
169 63 1
169 64 1
169 102 1
169 164 1
169 180 1
169 245 1
170 106 1
170 108 1
170 110 1
170 176 1
170 226 1
170 239 1
171 13 1
171 46 1
171 65 1
171 73 1
171 178 1
171 205 1
172 84 1
172 97 1
172 100 1
172 162 1
172 230 1
172 246 1
173 3 1
173 7 1
173 9 1
173 17 1
173 31 1
173 32 1
173 49 1
173 53 1
173 64 1
173 70 1
173 72 1
173 85 1
173 94 1
173 99 1
173 124 1
173 126 1
173 130 1
173 133 1
173 138 1
173 168 1
173 194 1
173 205 1
173 208 1
173 225 1
173 227 1
173 240 1
174 3 1
174 57 1
174 72 1
174 87 1
174 165 1
174 182 1
174 185 1
174 196 1
174 206 1
174 225 1
174 252 1
175 39 1
175 57 1
175 105 1
175 109 1
175 117 1
176 5 1
176 57 1
176 63 1
176 102 1
176 279 1
177 13 1
177 44 1
177 53 1
177 99 1
177 119 1
177 126 1
177 167 1
178 3 1
178 32 1
178 94 1
178 99 1
178 133 1
178 137 1
178 173 1
178 188 1
178 205 1
178 208 1
178 227 1
178 254 1
178 267 1
179 37 1
179 109 1
179 146 1
179 185 1
179 186 1
179 219 1
179 227 1
179 237 1
179 240 1
179 285 1
180 15 1
180 94 1
180 125 1
180 136 1
180 149 1
180 173 1
180 174 1
180 283 1
181 27 1
181 51 1
181 66 1
181 69 1
181 77 1
181 217 1
181 218 1
182 25 1
182 107 1
182 207 1
182 218 1
182 255 1
182 276 1
183 1 1
183 13 1
183 92 1
183 104 1
183 120 1
183 155 1
183 216 1
183 219 1
183 277 1
184 20 1
184 28 1
184 124 1
184 245 1
185 127 1
185 186 1
185 234 1
185 246 1
186 4 1
186 42 1
186 78 1
186 94 1
186 134 1
186 185 1
186 218 1
186 280 1
187 10 1
187 17 1
187 22 1
187 88 1
187 118 1
187 279 1
188 7 1
188 32 1
188 86 1
188 94 1
188 119 1
188 133 1
188 151 1
188 173 1
188 178 1
188 193 1
188 207 1
188 215 1
188 216 1
188 231 1
188 246 1
188 258 1
189 136 1
189 166 1
189 184 1
190 4 1
190 7 1
190 9 1
190 14 1
190 48 1
190 60 1
190 73 1
190 115 1
190 126 1
190 131 1
190 143 1
190 185 1
190 192 1
190 200 1
190 203 1
190 205 1
190 271 1
191 3 1
191 7 1
191 13 1
191 14 1
191 28 1
191 31 1
191 35 1
191 60 1
191 64 1
191 68 1
191 73 1
191 83 1
191 85 1
191 87 1
191 91 1
191 94 1
191 99 1
191 118 1
191 119 1
191 126 1
191 138 1
191 139 1
191 143 1
191 149 1
191 171 1
191 173 1
191 183 1
191 188 1
191 192 1
191 197 1
191 214 1
192 3 1
192 9 1
192 13 1
192 71 1
192 72 1
192 90 1
192 112 1
192 205 1
192 212 1
192 214 1
192 230 1
193 5 1
193 17 1
193 202 1
193 210 1
193 266 1
194 28 1
194 32 1
194 62 1
194 76 1
194 91 1
194 99 1
194 101 1
194 114 1
194 229 1
194 239 1
195 3 1
195 32 1
195 70 1
195 110 1
195 116 1
196 7 1
196 60 1
196 96 1
196 127 1
196 173 1
196 204 1
196 206 1
196 273 1
197 96 1
197 120 1
197 173 1
197 254 1
198 21 1
198 33 1
198 48 1
198 49 1
198 60 1
198 64 1
198 87 1
198 91 1
198 119 1
198 135 1
198 143 1
198 154 1
198 196 1
198 202 1
199 6 1
199 14 1
199 112 1
199 135 1
199 150 1
199 208 1
199 210 1
199 229 1
200 9 1
200 80 1
200 88 1
200 96 1
200 122 1
200 131 1
200 133 1
200 134 1
200 143 1
200 194 1
200 197 1
201 3 1
201 6 1
201 13 1
201 62 1
201 85 1
201 87 1
201 114 1
201 119 1
201 147 1
201 150 1
201 170 1
201 194 1
201 225 1
201 233 1
201 238 1
202 100 1
202 114 1
202 192 1
202 213 1
202 214 1
202 227 1
203 59 1
203 60 1
203 87 1
203 119 1
203 120 1
203 122 1
203 123 1
203 131 1
203 138 1
203 192 1
203 220 1
203 269 1
204 75 1
204 92 1
204 102 1
204 111 1
204 249 1
205 72 1
205 73 1
205 106 1
205 171 1
205 172 1
205 178 1
205 217 1
205 240 1
206 15 1
206 28 1
206 99 1
206 119 1
206 120 1
206 134 1
206 203 1
206 251 1
207 86 1
207 92 1
207 108 1
208 94 1
208 133 1
208 150 1
208 199 1
208 225 1
208 233 1
209 165 1
210 98 1
210 104 1
210 199 1
210 230 1
210 262 1
211 1 1
211 4 1
211 101 1
211 117 1
211 136 1
211 285 1
212 10 1
212 67 1
212 76 1
212 206 1
212 214 1
213 19 1
213 48 1
213 170 1
213 211 1
213 217 1
213 257 1
214 5 1
214 6 1
214 51 1
214 78 1
214 140 1
214 144 1
214 151 1
214 192 1
214 202 1
214 249 1
214 293 1
215 11 1
215 68 1
215 126 1
215 144 1
215 173 1
215 209 1
215 217 1
216 36 1
216 138 1
216 205 1
216 258 1
217 47 1
217 66 1
217 179 1
217 249 1
218 4 1
218 59 1
218 83 1
218 186 1
219 13 1
219 60 1
219 109 1
219 121 1
219 149 1
219 178 1
219 207 1
219 238 1
219 267 1
220 11 1
220 13 1
220 14 1
220 28 1
220 87 1
220 88 1
220 90 1
220 104 1
220 109 1
220 112 1
220 117 1
220 136 1
220 193 1
220 203 1
220 210 1
220 249 1
221 116 1
221 140 1
221 150 1
221 189 1
222 76 1
222 96 1
222 149 1
222 199 1
222 221 1
222 236 1
222 265 1
222 279 1
223 118 1
224 81 1
225 107 1
225 150 1
225 201 1
226 30 1
226 110 1
226 121 1
226 130 1
227 7 1
227 13 1
227 29 1
227 119 1
227 133 1
227 173 1
227 202 1
228 16 1
228 28 1
228 66 1
228 111 1
228 151 1
228 171 1
228 193 1
228 229 1
228 247 1
228 275 1
229 112 1
229 239 1
230 88 1
230 172 1
232 4 1
232 13 1
232 55 1
232 67 1
232 71 1
232 78 1
232 101 1
232 104 1
232 107 1
232 148 1
232 192 1
232 196 1
232 199 1
232 208 1
232 211 1
233 84 1
233 121 1
233 219 1
233 259 1
234 4 1
234 10 1
234 14 1
234 42 1
234 70 1
234 88 1
234 103 1
234 118 1
234 119 1
234 122 1
234 131 1
234 173 1
234 203 1
234 211 1
234 230 1
235 54 1
235 59 1
235 117 1
235 138 1
235 146 1
235 182 1
235 204 1
235 207 1
235 226 1
235 276 1
236 43 1
236 149 1
237 41 1
237 102 1
238 35 1
238 126 1
239 74 1
239 91 1
239 93 1
239 141 1
239 214 1
239 229 1
239 284 1
240 205 1
241 49 1
242 92 1
245 104 1
245 134 1
245 175 1
245 246 1
246 15 1
246 18 1
246 192 1
246 199 1
247 16 1
247 159 1
247 209 1
248 142 1
249 217 1
250 13 1
250 35 1
250 43 1
250 119 1
250 219 1
250 227 1
250 246 1
251 176 1
253 54 1
253 141 1
253 207 1
253 218 1
253 231 1
254 104 1
254 112 1
254 126 1
254 250 1
255 110 1
255 178 1
255 260 1
256 96 1
256 97 1
256 161 1
256 167 1
257 28 1
257 42 1
257 53 1
257 139 1
257 213 1
258 15 1
258 137 1
258 268 1
259 77 1
263 164 1
263 204 1
264 96 1
264 242 1
265 147 1
265 206 1
266 204 1
266 290 1
267 173 1
267 210 1
268 129 1
268 153 1
269 4 1
269 10 1
269 43 1
269 103 1
269 117 1
269 169 1
269 179 1
269 196 1
270 28 1
270 51 1
270 77 1
270 109 1
270 134 1
270 158 1
270 171 1
270 194 1
270 196 1
270 205 1
270 241 1
271 37 1
272 5 1
272 13 1
272 27 1
272 91 1
272 138 1
272 159 1
272 162 1
272 163 1
272 179 1
272 192 1
273 100 1
274 1 1
274 67 1
274 88 1
274 89 1
274 103 1
274 136 1
274 156 1
274 157 1
274 264 1
275 256 1
276 3 1
276 8 1
276 13 1
276 87 1
276 124 1
276 140 1
276 150 1
276 173 1
276 208 1
276 262 1
277 63 1
277 91 1
277 124 1
277 131 1
277 138 1
277 143 1
277 194 1
277 200 1
277 241 1
277 260 1
277 279 1
277 288 1
278 10 1
278 21 1
278 33 1
278 51 1
278 124 1
278 193 1
278 200 1
278 221 1
280 166 1
283 170 1
284 37 1
284 104 1
