1 77 1
1 149 1
2 3 1
2 13 1
2 18 1
2 32 1
2 43 1
2 48 1
2 57 1
2 62 1
2 67 1
2 68 1
2 72 1
2 106 1
2 115 1
2 119 1
2 120 1
2 126 1
2 131 1
2 135 1
2 138 1
2 159 1
2 173 1
2 188 1
2 192 1
2 230 1
3 4 1
3 10 1
3 13 1
3 17 1
3 28 1
3 32 1
3 33 1
3 35 1
3 43 1
3 59 1
3 60 1
3 64 1
3 68 1
3 70 1
3 72 1
3 85 1
3 87 1
3 88 1
3 91 1
3 94 1
3 96 1
3 112 1
3 114 1
3 117 1
3 119 1
3 131 1
3 132 1
3 138 1
3 168 1
3 169 1
3 170 1
3 171 1
3 173 1
3 196 1
3 207 1
3 208 1
3 227 1
3 229 1
3 240 1
3 246 1
3 285 1
4 3 1
4 5 1
4 7 1
4 9 1
4 22 1
4 28 1
4 54 1
4 60 1
4 63 1
4 64 1
4 66 1
4 68 1
4 70 1
4 72 1
4 73 1
4 85 1
4 109 1
4 112 1
4 117 1
4 126 1
4 150 1
4 170 1
4 178 1
4 185 1
4 196 1
4 205 1
4 208 1
4 215 1
4 218 1
4 227 1
4 229 1
4 245 1
4 246 1
5 3 1
5 7 1
5 13 1
5 27 1
5 31 1
5 35 1
5 53 1
5 54 1
5 60 1
5 62 1
5 64 1
5 66 1
5 68 1
5 70 1
5 72 1
5 87 1
5 91 1
5 94 1
5 110 1
5 115 1
5 119 1
5 122 1
5 124 1
5 138 1
5 164 1
5 173 1
5 196 1
5 199 1
5 203 1
5 205 1
5 208 1
5 209 1
5 219 1
5 226 1
5 289 1
6 32 1
6 67 1
6 118 1
6 151 1
6 165 1
6 196 1
6 207 1
6 254 1
7 4 1
7 13 1
7 14 1
7 35 1
7 53 1
7 54 1
7 60 1
7 70 1
7 85 1
7 87 1
7 88 1
7 106 1
7 109 1
7 110 1
7 112 1
7 130 1
7 133 1
7 143 1
7 192 1
7 205 1
7 208 1
7 225 1
7 232 1
7 240 1
7 246 1
7 248 1
7 294 1
8 3 1
8 21 1
8 22 1
8 60 1
8 99 1
8 119 1
8 138 1
8 158 1
8 173 1
8 174 1
8 199 1
8 206 1
8 208 1
8 279 1
9 41 1
9 74 1
9 100 1
9 103 1
9 121 1
9 134 1
9 155 1
9 194 1
9 268 1
9 280 1
10 44 1
10 55 1
10 102 1
10 139 1
10 172 1
10 200 1
10 225 1
10 226 1
11 13 1
11 91 1
11 118 1
11 151 1
11 178 1
11 186 1
11 205 1
11 214 1
11 218 1
12 84 1
12 97 1
12 116 1
12 200 1
12 204 1
12 218 1
12 243 1
13 3 1
13 4 1
13 7 1
13 14 1
13 17 1
13 19 1
13 31 1
13 42 1
13 55 1
13 58 1
13 59 1
13 60 1
13 64 1
13 70 1
13 72 1
13 85 1
13 91 1
13 94 1
13 96 1
13 110 1
13 112 1
13 118 1
13 119 1
13 120 1
13 130 1
13 131 1
13 132 1
13 138 1
13 143 1
13 150 1
13 169 1
13 170 1
13 192 1
13 194 1
13 199 1
13 205 1
13 207 1
13 208 1
13 227 1
13 229 1
13 231 1
13 242 1
13 245 1
13 246 1
13 248 1
14 4 1
14 7 1
14 13 1
14 19 1
14 43 1
14 48 1
14 59 1
14 60 1
14 67 1
14 88 1
14 91 1
14 106 1
14 112 1
14 118 1
14 120 1
14 126 1
14 131 1
14 138 1
14 143 1
14 173 1
14 192 1
14 203 1
14 205 1
14 208 1
14 227 1
14 246 1
15 4 1
15 13 1
15 64 1
15 67 1
15 114 1
15 119 1
15 126 1
15 136 1
15 141 1
15 148 1
15 150 1
15 170 1
15 199 1
15 205 1
15 220 1
15 254 1
15 284 1
16 5 1
16 153 1
16 156 1
16 167 1
17 103 1
17 134 1
17 210 1
18 17 1
18 27 1
18 68 1
18 93 1
18 109 1
18 242 1
19 131 1
19 138 1
19 188 1
19 192 1
20 116 1
20 118 1
20 143 1
20 197 1
20 226 1
20 291 1
21 54 1
21 63 1
21 87 1
21 99 1
21 126 1
21 138 1
21 150 1
21 196 1
21 215 1
22 6 1
22 16 1
22 79 1
22 100 1
22 111 1
22 119 1
22 125 1
22 136 1
22 141 1
22 171 1
22 185 1
22 193 1
22 196 1
23 28 1
23 58 1
23 85 1
23 92 1
23 115 1
23 126 1
23 178 1
23 182 1
23 202 1
23 204 1
23 227 1
23 229 1
23 236 1
23 247 1
24 3 1
24 13 1
24 14 1
24 42 1
24 91 1
24 99 1
24 114 1
24 119 1
24 121 1
24 133 1
24 139 1
24 173 1
24 194 1
24 200 1
24 216 1
24 226 1
24 281 1
24 282 1
24 285 1
25 31 1
25 55 1
25 102 1
25 164 1
25 188 1
26 17 1
26 43 1
26 91 1
26 144 1
26 172 1
27 83 1
27 118 1
28 32 1
28 70 1
28 122 1
28 204 1
28 213 1
29 54 1
29 149 1
29 177 1
29 285 1
30 13 1
30 118 1
30 124 1
30 147 1
30 163 1
30 211 1
31 104 1
31 238 1
31 267 1
32 88 1
32 150 1
32 196 1
32 206 1
32 209 1
32 221 1
32 246 1
32 251 1
33 61 1
33 122 1
33 132 1
33 189 1
33 283 1
34 3 1
34 10 1
34 13 1
34 46 1
34 51 1
34 64 1
34 119 1
34 137 1
34 143 1
34 158 1
34 171 1
34 229 1
34 231 1
35 28 1
35 44 1
35 70 1
35 119 1
35 204 1
36 13 1
36 24 1
36 35 1
36 53 1
36 63 1
36 83 1
36 96 1
36 104 1
36 124 1
36 125 1
36 138 1
36 154 1
36 193 1
36 202 1
36 208 1
36 216 1
37 71 1
37 159 1
37 173 1
37 207 1
37 213 1
37 271 1
37 296 1
38 1 1
38 64 1
38 166 1
38 196 1
38 268 1
39 73 1
39 91 1
39 133 1
40 54 1
40 94 1
40 104 1
40 118 1
40 152 1
40 164 1
40 186 1
40 205 1
40 239 1
40 247 1
41 9 1
41 111 1
41 134 1
41 151 1
41 200 1
42 33 1
42 85 1
42 122 1
42 205 1
42 226 1
42 283 1
43 2 1
43 14 1
43 39 1
43 68 1
43 72 1
43 120 1
43 126 1
43 138 1
43 161 1
43 247 1
44 19 1
44 35 1
44 96 1
44 110 1
44 119 1
44 126 1
44 138 1
44 142 1
44 143 1
44 173 1
44 203 1
44 206 1
44 221 1
44 233 1
44 283 1
45 1 1
45 2 1
45 3 1
45 4 1
45 5 1
45 6 1
45 7 1
45 8 1
45 9 1
45 12 1
45 13 1
45 14 1
45 15 1
45 16 1
45 17 1
45 19 1
45 20 1
45 21 1
45 28 1
45 31 1
45 32 1
45 35 1
45 42 1
45 43 1
45 48 1
45 49 1
45 56 1
45 57 1
45 59 1
45 60 1
45 63 1
45 64 1
45 66 1
45 67 1
45 68 1
45 70 1
45 72 1
45 73 1
45 75 1
45 76 1
45 78 1
45 85 1
45 86 1
45 87 1
45 88 1
45 90 1
45 91 1
45 94 1
45 96 1
45 99 1
45 103 1
45 106 1
45 109 1
45 110 1
45 112 1
45 114 1
45 115 1
45 116 1
45 118 1
45 119 1
45 120 1
45 122 1
45 123 1
45 124 1
45 126 1
45 128 1
45 130 1
45 131 1
45 133 1
45 134 1
45 138 1
45 140 1
45 143 1
45 146 1
45 149 1
45 150 1
45 155 1
45 159 1
45 161 1
45 163 1
45 164 1
45 165 1
45 168 1
45 169 1
45 170 1
45 172 1
45 173 1
45 176 1
45 179 1
45 180 1
45 183 1
45 185 1
45 186 1
45 188 1
45 189 1
45 192 1
45 193 1
45 194 1
45 196 1
45 199 1
45 202 1
45 203 1
45 204 1
45 205 1
45 206 1
45 207 1
45 208 1
45 210 1
45 214 1
45 217 1
45 220 1
45 221 1
45 225 1
45 227 1
45 229 1
45 230 1
45 234 1
45 240 1
45 241 1
45 242 1
45 245 1
45 246 1
45 248 1
45 257 1
45 258 1
45 260 1
45 261 1
45 272 1
45 273 1
45 276 1
45 279 1
45 280 1
45 284 1
45 285 1
46 9 1
46 25 1
46 41 1
46 118 1
46 197 1
47 3 1
47 13 1
47 19 1
47 42 1
47 43 1
47 64 1
47 87 1
47 91 1
47 94 1
47 99 1
47 100 1
47 131 1
47 195 1
47 206 1
48 2 1
48 3 1
48 7 1
48 13 1
48 14 1
48 43 1
48 72 1
48 102 1
48 106 1
48 119 1
48 131 1
48 143 1
48 173 1
48 208 1
48 211 1
48 219 1
48 246 1
48 256 1
49 3 1
49 5 1
49 18 1
49 31 1
49 63 1
49 87 1
49 91 1
49 99 1
49 109 1
49 111 1
49 133 1
49 134 1
49 179 1
49 187 1
49 196 1
49 205 1
49 217 1
49 219 1
49 242 1
49 249 1
50 5 1
50 7 1
50 13 1
50 14 1
50 19 1
50 88 1
50 104 1
50 109 1
50 118 1
50 120 1
50 136 1
50 157 1
50 205 1
51 22 1
51 33 1
51 69 1
51 194 1
51 262 1
51 285 1
52 58 1
52 104 1
52 149 1
52 192 1
52 216 1
52 219 1
52 246 1
52 275 1
52 279 1
53 33 1
53 83 1
53 142 1
53 202 1
53 204 1
53 227 1
53 284 1
54 70 1
56 71 1
56 135 1
56 168 1
56 186 1
56 200 1
57 8 1
57 59 1
57 119 1
59 116 1
59 136 1
59 181 1
59 227 1
59 238 1
59 250 1
59 265 1
60 7 1
60 15 1
60 59 1
60 69 1
60 87 1
60 109 1
60 126 1
60 130 1
60 166 1
60 185 1
60 208 1
60 219 1
60 273 1
61 1 1
61 20 1
61 44 1
61 117 1
61 259 1
62 17 1
62 64 1
62 266 1
63 284 1
64 85 1
64 112 1
64 151 1
64 227 1
64 229 1
65 107 1
65 122 1
65 133 1
65 140 1
65 158 1
65 175 1
65 210 1
65 211 1
65 221 1
65 262 1
65 285 1
66 27 1
66 63 1
66 171 1
66 199 1
66 218 1
67 15 1
67 126 1
67 258 1
68 5 1
68 18 1
68 152 1
68 205 1
68 208 1
68 230 1
69 54 1
69 225 1
69 254 1
69 264 1
70 35 1
70 54 1
71 215 1
72 1 1
72 43 1
72 94 1
72 126 1
72 138 1
72 178 1
72 204 1
73 72 1
73 78 1
73 92 1
73 111 1
73 129 1
73 148 1
73 173 1
73 186 1
73 200 1
73 207 1
73 210 1
74 5 1
74 13 1
74 17 1
74 18 1
74 20 1
74 85 1
74 108 1
74 124 1
74 125 1
74 165 1
74 200 1
74 206 1
74 212 1
74 214 1
74 219 1
74 226 1
74 237 1
75 7 1
75 12 1
75 14 1
75 34 1
75 61 1
75 81 1
75 85 1
75 103 1
75 118 1
75 119 1
75 120 1
75 126 1
75 138 1
75 146 1
75 162 1
75 173 1
75 199 1
75 264 1
76 5 1
76 30 1
76 60 1
76 87 1
76 90 1
76 149 1
76 167 1
76 171 1
76 209 1
76 219 1
76 234 1
76 254 1
76 276 1
77 188 1
77 208 1
78 1 1
78 59 1
78 73 1
78 91 1
78 146 1
78 167 1
78 193 1
78 218 1
78 235 1
78 273 1
79 16 1
79 27 1
79 88 1
79 124 1
79 149 1
79 279 1
80 58 1
80 83 1
80 216 1
80 224 1
81 283 1
82 9 1
82 192 1
83 170 1
83 226 1
84 178 1
84 244 1
85 7 1
85 10 1
85 14 1
85 17 1
85 33 1
85 35 1
85 39 1
85 53 1
85 54 1
85 59 1
85 60 1
85 69 1
85 71 1
85 91 1
85 102 1
85 103 1
85 106 1
85 107 1
85 111 1
85 112 1
85 113 1
85 116 1
85 119 1
85 120 1
85 123 1
85 126 1
85 130 1
85 140 1
85 143 1
85 173 1
85 182 1
85 202 1
85 203 1
85 205 1
85 208 1
85 259 1
86 9 1
86 10 1
86 28 1
86 30 1
86 39 1
86 51 1
86 88 1
86 180 1
86 205 1
86 217 1
86 251 1
87 3 1
87 8 1
87 13 1
87 28 1
87 32 1
87 43 1
87 64 1
87 71 1
87 72 1
87 85 1
87 88 1
87 91 1
87 94 1
87 99 1
87 105 1
87 112 1
87 115 1
87 117 1
87 122 1
87 126 1
87 132 1
87 138 1
87 143 1
87 154 1
87 161 1
87 170 1
87 173 1
87 180 1
87 194 1
87 203 1
87 204 1
87 205 1
87 216 1
87 227 1
87 229 1
87 251 1
88 31 1
88 32 1
88 71 1
88 85 1
88 128 1
88 231 1
88 253 1
89 28 1
89 106 1
89 121 1
89 125 1
89 280 1
90 4 1
90 93 1
90 122 1
90 128 1
90 205 1
90 209 1
90 215 1
90 217 1
91 11 1
91 99 1
91 118 1
91 143 1
91 205 1
91 227 1
91 281 1
92 16 1
92 221 1
93 3 1
94 72 1
94 91 1
94 114 1
94 118 1
94 163 1
94 192 1
94 199 1
95 4 1
95 106 1
95 220 1
96 15 1
96 64 1
96 124 1
96 138 1
96 150 1
96 227 1
97 37 1
97 68 1
97 196 1
97 209 1
98 7 1
98 13 1
98 73 1
98 103 1
98 118 1
98 130 1
98 146 1
98 155 1
98 165 1
98 217 1
98 225 1
98 226 1
98 246 1
98 255 1
99 3 1
99 5 1
99 8 1
99 13 1
99 39 1
99 49 1
99 60 1
99 91 1
99 92 1
99 96 1
99 119 1
99 126 1
99 133 1
99 138 1
99 139 1
99 143 1
99 173 1
99 188 1
99 196 1
100 9 1
100 64 1
100 144 1
100 224 1
100 285 1
101 39 1
101 169 1
101 194 1
102 60 1
102 92 1
102 200 1
102 214 1
102 246 1
102 264 1
103 17 1
103 75 1
103 107 1
103 108 1
103 122 1
103 123 1
103 153 1
103 162 1
103 172 1
103 215 1
103 227 1
103 259 1
104 16 1
104 31 1
104 54 1
104 64 1
104 67 1
104 84 1
104 118 1
104 150 1
104 195 1
104 223 1
104 227 1
105 10 1
105 19 1
105 43 1
105 66 1
105 117 1
105 143 1
105 275 1
106 48 1
106 59 1
106 70 1
106 83 1
106 116 1
106 131 1
106 143 1
106 173 1
107 3 1
107 21 1
107 28 1
107 77 1
107 140 1
107 166 1
107 214 1
108 21 1
108 74 1
108 124 1
108 199 1
108 207 1
108 219 1
108 227 1
109 68 1
109 88 1
109 150 1
109 160 1
109 199 1
109 205 1
109 227 1
109 230 1
109 248 1
109 257 1
109 277 1
110 3 1
110 94 1
110 112 1
110 143 1
110 159 1
110 208 1
111 134 1
111 210 1
111 217 1
111 265 1
112 5 1
112 55 1
112 62 1
112 64 1
112 110 1
112 126 1
112 189 1
113 68 1
113 87 1
113 115 1
113 126 1
113 138 1
113 173 1
113 251 1
114 13 1
114 15 1
114 24 1
114 72 1
114 94 1
114 120 1
114 126 1
114 138 1
114 176 1
114 194 1
114 257 1
114 281 1
115 2 1
115 3 1
115 4 1
115 5 1
115 12 1
115 13 1
115 22 1
115 27 1
115 64 1
115 68 1
115 106 1
115 112 1
115 119 1
115 143 1
115 167 1
115 173 1
115 181 1
115 196 1
115 202 1
115 208 1
115 219 1
115 226 1
115 260 1
115 263 1
115 275 1
116 5 1
116 12 1
116 59 1
116 106 1
116 119 1
116 143 1
116 182 1
116 184 1
116 200 1
117 67 1
117 238 1
117 258 1
118 3 1
118 4 1
118 15 1
118 19 1
118 28 1
118 43 1
118 62 1
118 64 1
118 69 1
118 99 1
118 112 1
118 114 1
118 120 1
118 133 1
118 139 1
118 152 1
118 170 1
118 178 1
118 192 1
118 202 1
118 204 1
118 212 1
118 216 1
118 256 1
118 276 1
118 297 1
119 4 1
119 7 1
119 13 1
119 19 1
119 42 1
119 43 1
119 44 1
119 51 1
119 55 1
119 60 1
119 67 1
119 72 1
119 91 1
119 94 1
119 110 1
119 126 1
119 138 1
119 143 1
119 173 1
119 188 1
119 193 1
119 194 1
119 198 1
119 199 1
119 205 1
119 208 1
119 225 1
119 231 1
119 233 1
119 271 1
119 283 1
120 43 1
120 55 1
120 60 1
120 75 1
120 84 1
120 107 1
120 114 1
120 118 1
120 119 1
120 131 1
120 138 1
120 172 1
120 188 1
120 197 1
120 207 1
120 208 1
120 212 1
120 239 1
120 252 1
120 257 1
121 35 1
121 53 1
121 126 1
121 214 1
122 33 1
122 140 1
122 238 1
123 39 1
123 101 1
123 103 1
123 122 1
123 137 1
123 150 1
123 172 1
123 195 1
123 201 1
123 246 1
123 285 1
124 30 1
124 96 1
124 108 1
124 109 1
124 131 1
124 138 1
124 146 1
124 150 1
124 210 1
124 246 1
124 262 1
125 74 1
125 139 1
125 178 1
125 217 1
125 240 1
125 276 1
125 277 1
125 279 1
126 5 1
126 6 1
126 13 1
126 14 1
126 19 1
126 60 1
126 67 1
126 68 1
126 72 1
126 110 1
126 112 1
126 130 1
126 132 1
126 138 1
126 173 1
126 192 1
126 202 1
126 203 1
126 205 1
126 222 1
126 226 1
126 230 1
126 237 1
126 285 1
126 292 1
127 98 1
127 178 1
127 194 1
128 51 1
128 256 1
129 73 1
129 78 1
129 136 1
130 60 1
130 87 1
130 98 1
130 126 1
130 158 1
130 225 1
131 2 1
131 3 1
131 17 1
131 19 1
131 32 1
131 43 1
131 57 1
131 96 1
131 103 1
131 117 1
131 124 1
131 135 1
131 138 1
131 143 1
131 169 1
131 172 1
131 192 1
131 260 1
132 4 1
132 33 1
132 78 1
132 84 1
132 109 1
132 117 1
132 182 1
132 204 1
133 3 1
133 7 1
133 13 1
133 21 1
133 49 1
133 85 1
133 90 1
133 91 1
133 99 1
133 118 1
133 126 1
133 143 1
133 173 1
133 196 1
133 205 1
134 148 1
134 153 1
134 165 1
134 214 1
134 266 1
136 9 1
136 13 1
136 29 1
136 94 1
136 102 1
136 227 1
137 123 1
138 4 1
138 8 1
138 19 1
138 22 1
138 31 1
138 36 1
138 60 1
138 68 1
138 96 1
138 101 1
138 104 1
138 125 1
138 126 1
138 135 1
138 140 1
138 203 1
138 205 1
138 206 1
138 208 1
138 230 1
138 257 1
138 285 1
139 21 1
139 47 1
139 88 1
139 107 1
139 125 1
139 189 1
140 107 1
140 122 1
140 258 1
140 295 1
141 85 1
141 122 1
141 151 1
142 2 1
142 20 1
142 53 1
142 92 1
142 123 1
142 149 1
142 185 1
142 186 1
142 246 1
143 3 1
143 13 1
143 59 1
143 62 1
143 68 1
143 106 1
143 110 1
143 112 1
143 116 1
143 126 1
143 173 1
143 203 1
143 205 1
143 208 1
143 227 1
143 231 1
145 201 1
145 202 1
146 16 1
146 32 1
146 38 1
146 41 1
146 46 1
146 57 1
146 63 1
146 78 1
146 91 1
146 192 1
146 202 1
146 233 1
147 51 1
147 92 1
148 64 1
148 134 1
148 217 1
149 66 1
149 76 1
149 86 1
149 90 1
149 116 1
149 143 1
149 156 1
149 234 1
150 96 1
150 225 1
151 141 1
152 17 1
152 21 1
152 42 1
152 57 1
152 135 1
152 163 1
152 192 1
152 193 1
152 206 1
152 207 1
152 210 1
152 212 1
153 4 1
153 26 1
153 33 1
153 51 1
153 96 1
153 169 1
153 259 1
154 2 1
154 16 1
154 72 1
154 117 1
154 177 1
154 249 1
155 3 1
155 86 1
155 113 1
155 173 1
155 196 1
155 262 1
155 278 1
156 16 1
156 30 1
156 107 1
156 113 1
156 119 1
156 140 1
156 173 1
156 198 1
156 210 1
157 3 1
157 5 1
157 6 1
157 76 1
157 140 1
157 199 1
157 202 1
158 9 1
158 64 1
158 84 1
158 102 1
158 126 1
158 146 1
158 246 1
158 255 1
158 279 1
159 101 1
159 116 1
159 128 1
159 146 1
159 268 1
160 3 1
160 15 1
160 51 1
160 92 1
160 130 1
160 140 1
160 172 1
160 185 1
160 225 1
161 8 1
161 11 1
161 20 1
161 28 1
161 71 1
161 134 1
161 138 1
161 215 1
161 226 1
161 237 1
162 3 1
162 13 1
162 17 1
162 87 1
162 103 1
162 117 1
162 127 1
162 196 1
162 215 1
163 50 1
163 88 1
163 126 1
163 133 1
163 212 1
163 227 1
163 241 1
163 274 1
163 284 1
164 47 1
164 51 1
164 85 1
164 96 1
164 100 1
164 118 1
164 120 1
164 124 1
164 192 1
164 219 1
165 64 1
165 134 1
165 208 1
165 233 1
165 260 1
165 278 1
166 17 1
166 82 1
166 173 1
166 260 1
166 282 1
167 13 1
167 30 1
167 31 1
167 56 1
167 60 1
167 63 1
167 65 1
167 76 1
167 94 1
167 210 1
167 238 1
168 13 1
168 22 1
168 59 1
168 103 1
168 133 1
168 135 1
168 137 1
168 146 1
168 179 1
168 209 1
169 43 1
169 80 1
169 128 1
169 189 1
169 225 1
169 228 1
169 231 1
169 241 1
170 12 1
170 61 1
170 86 1
170 216 1
170 219 1
170 255 1
171 32 1
171 76 1
171 149 1
171 150 1
171 218 1
171 233 1
172 120 1
172 123 1
172 124 1
172 131 1
172 135 1
172 214 1
173 3 1
173 13 1
173 14 1
173 19 1
173 32 1
173 43 1
173 48 1
173 68 1
173 71 1
173 72 1
173 102 1
173 105 1
173 106 1
173 110 1
173 119 1
173 126 1
173 131 1
173 138 1
173 143 1
173 192 1
173 203 1
173 206 1
173 208 1
173 210 1
173 246 1
173 285 1
174 3 1
174 88 1
174 93 1
174 134 1
174 162 1
174 166 1
174 188 1
174 241 1
174 242 1
174 246 1
174 259 1
175 1 1
175 101 1
175 103 1
175 146 1
175 162 1
176 157 1
176 173 1
176 192 1
176 225 1
176 246 1
177 13 1
177 63 1
177 104 1
177 185 1
177 204 1
177 221 1
177 254 1
178 59 1
178 68 1
178 84 1
178 99 1
178 127 1
178 130 1
178 136 1
178 149 1
178 151 1
178 160 1
178 183 1
178 214 1
178 225 1
179 3 1
179 4 1
179 88 1
179 110 1
179 119 1
179 128 1
179 151 1
179 196 1
179 217 1
179 249 1
180 13 1
180 53 1
180 133 1
180 173 1
180 182 1
180 200 1
180 230 1
180 256 1
181 5 1
181 10 1
181 15 1
181 43 1
181 58 1
181 207 1
181 236 1
182 17 1
182 52 1
182 104 1
182 146 1
182 214 1
182 258 1
183 60 1
183 77 1
183 107 1
183 108 1
183 110 1
183 124 1
183 133 1
183 138 1
183 218 1
184 116 1
184 117 1
184 177 1
184 285 1
185 43 1
185 60 1
185 69 1
185 142 1
186 11 1
186 77 1
186 120 1
186 142 1
186 149 1
186 178 1
186 200 1
186 239 1
187 5 1
187 21 1
187 150 1
187 180 1
187 221 1
187 240 1
188 4 1
188 6 1
188 60 1
188 66 1
188 115 1
188 119 1
188 120 1
188 126 1
188 138 1
188 148 1
188 150 1
188 197 1
188 225 1
188 245 1
188 258 1
188 278 1
189 5 1
189 195 1
189 288 1
190 3 1
190 13 1
190 15 1
190 16 1
190 28 1
190 58 1
190 87 1
190 95 1
190 104 1
190 118 1
190 160 1
190 173 1
190 178 1
190 198 1
190 211 1
190 234 1
190 241 1
191 2 1
191 3 1
191 4 1
191 7 1
191 13 1
191 14 1
191 46 1
191 48 1
191 60 1
191 87 1
191 91 1
191 99 1
191 101 1
191 106 1
191 112 1
191 116 1
191 118 1
191 119 1
191 121 1
191 126 1
191 131 1
191 133 1
191 138 1
191 143 1
191 173 1
191 192 1
191 203 1
191 205 1
191 208 1
191 229 1
191 256 1
192 3 1
192 16 1
192 19 1
192 28 1
192 78 1
192 112 1
192 118 1
192 131 1
192 134 1
192 169 1
192 204 1
193 144 1
193 164 1
193 240 1
193 247 1
193 271 1
194 64 1
194 72 1
194 101 1
194 114 1
194 137 1
194 139 1
194 183 1
194 227 1
194 256 1
194 258 1
195 47 1
195 59 1
195 60 1
195 118 1
195 123 1
196 3 1
196 10 1
196 63 1
196 117 1
196 136 1
196 170 1
196 184 1
196 266 1
197 20 1
197 64 1
197 92 1
197 209 1
198 3 1
198 18 1
198 53 1
198 71 1
198 87 1
198 98 1
198 154 1
198 156 1
198 173 1
198 180 1
198 190 1
198 202 1
198 204 1
198 206 1
199 3 1
199 13 1
199 70 1
199 87 1
199 94 1
199 173 1
199 192 1
199 248 1
200 41 1
200 97 1
200 112 1
200 121 1
200 126 1
200 146 1
200 151 1
200 186 1
200 202 1
200 211 1
200 214 1
201 1 1
201 42 1
201 51 1
201 88 1
201 92 1
201 145 1
201 147 1
201 150 1
201 162 1
201 179 1
201 193 1
201 202 1
201 204 1
201 242 1
201 245 1
202 16 1
202 137 1
202 145 1
202 193 1
202 201 1
202 245 1
203 3 1
203 14 1
203 19 1
203 68 1
203 104 1
203 135 1
203 138 1
203 143 1
203 173 1
203 192 1
203 205 1
203 285 1
204 9 1
204 28 1
204 51 1
204 72 1
204 84 1
205 14 1
205 42 1
205 59 1
205 91 1
205 109 1
205 143 1
205 199 1
205 203 1
206 3 1
206 32 1
206 118 1
206 196 1
206 220 1
206 245 1
206 277 1
206 285 1
207 6 1
207 32 1
207 151 1
208 7 1
208 48 1
208 60 1
208 119 1
208 130 1
208 240 1
209 197 1
210 21 1
210 58 1
210 111 1
210 124 1
210 126 1
211 9 1
211 13 1
211 41 1
211 53 1
211 58 1
211 260 1
212 114 1
212 118 1
212 192 1
212 257 1
212 262 1
213 16 1
213 37 1
213 77 1
213 222 1
213 269 1
213 279 1
214 1 1
214 73 1
214 91 1
214 126 1
214 151 1
214 178 1
214 179 1
214 193 1
214 200 1
214 239 1
214 240 1
215 10 1
215 71 1
215 206 1
215 219 1
215 242 1
215 247 1
215 285 1
216 150 1
216 213 1
216 225 1
216 284 1
217 49 1
217 110 1
217 143 1
217 249 1
218 11 1
218 108 1
218 124 1
218 171 1
219 10 1
219 59 1
219 100 1
219 111 1
219 134 1
219 154 1
219 177 1
219 194 1
219 214 1
220 3 1
220 4 1
220 5 1
220 13 1
220 29 1
220 32 1
220 83 1
220 89 1
220 92 1
220 94 1
220 137 1
220 161 1
220 188 1
220 206 1
220 273 1
220 278 1
221 4 1
221 32 1
221 177 1
221 254 1
222 62 1
222 102 1
222 118 1
222 161 1
222 173 1
222 213 1
222 233 1
222 277 1
223 290 1
224 237 1
225 130 1
225 150 1
225 195 1
226 20 1
226 32 1
226 74 1
226 190 1
227 59 1
227 64 1
227 96 1
227 99 1
227 103 1
227 167 1
227 229 1
228 25 1
228 51 1
228 94 1
228 99 1
228 180 1
228 181 1
228 192 1
228 199 1
228 240 1
228 254 1
229 64 1
229 227 1
230 2 1
230 68 1
232 3 1
232 11 1
232 13 1
232 85 1
232 87 1
232 102 1
232 105 1
232 108 1
232 112 1
232 136 1
232 143 1
232 171 1
232 219 1
232 231 1
232 262 1
233 102 1
233 144 1
233 169 1
233 207 1
234 2 1
234 3 1
234 7 1
234 21 1
234 53 1
234 85 1
234 119 1
234 130 1
234 131 1
234 173 1
234 188 1
234 190 1
234 208 1
234 223 1
234 237 1
235 5 1
235 17 1
235 67 1
235 115 1
235 153 1
235 176 1
235 192 1
235 195 1
235 214 1
235 239 1
236 196 1
236 249 1
237 17 1
237 263 1
238 31 1
238 122 1
239 54 1
239 77 1
239 87 1
239 100 1
239 157 1
239 186 1
239 252 1
240 7 1
241 163 1
242 131 1
245 65 1
245 93 1
245 202 1
245 229 1
246 32 1
246 55 1
246 208 1
246 270 1
247 123 1
247 137 1
247 202 1
248 199 1
249 217 1
250 4 1
250 22 1
250 55 1
250 94 1
250 115 1
250 227 1
250 267 1
251 151 1
253 1 1
253 71 1
253 122 1
253 151 1
253 246 1
254 23 1
254 97 1
254 102 1
254 216 1
255 151 1
255 181 1
255 233 1
256 53 1
256 128 1
256 204 1
256 225 1
257 98 1
257 104 1
257 114 1
257 118 1
257 212 1
258 17 1
258 67 1
258 92 1
259 257 1
263 11 1
263 49 1
264 139 1
264 287 1
265 133 1
265 204 1
266 28 1
266 122 1
267 166 1
267 279 1
268 141 1
268 185 1
269 84 1
269 120 1
269 128 1
269 156 1
269 171 1
269 210 1
269 233 1
269 258 1
270 4 1
270 11 1
270 36 1
270 78 1
270 94 1
270 163 1
270 168 1
270 185 1
270 238 1
270 242 1
270 260 1
271 113 1
272 5 1
272 9 1
272 42 1
272 70 1
272 137 1
272 143 1
272 149 1
272 154 1
272 194 1
272 206 1
273 83 1
274 49 1
274 58 1
274 59 1
274 101 1
274 144 1
274 188 1
274 194 1
274 285 1
274 286 1
275 126 1
276 56 1
276 76 1
276 85 1
276 99 1
276 103 1
276 105 1
276 121 1
276 178 1
276 231 1
276 236 1
277 6 1
277 22 1
277 37 1
277 63 1
277 66 1
277 96 1
277 122 1
277 125 1
277 207 1
277 238 1
277 254 1
277 284 1
278 5 1
278 115 1
278 124 1
278 129 1
278 134 1
278 147 1
278 241 1
278 293 1
280 136 1
283 154 1
284 63 1
284 117 1
