1 78 1
1 246 1
2 3 1
2 8 1
2 13 1
2 17 1
2 62 1
2 63 1
2 70 1
2 85 1
2 86 1
2 91 1
2 112 1
2 114 1
2 115 1
2 118 1
2 128 1
2 133 1
2 138 1
2 173 1
2 190 1
2 205 1
2 208 1
2 215 1
2 240 1
2 246 1
3 5 1
3 14 1
3 19 1
3 31 1
3 32 1
3 33 1
3 42 1
3 60 1
3 64 1
3 68 1
3 70 1
3 72 1
3 87 1
3 88 1
3 118 1
3 119 1
3 120 1
3 121 1
3 130 1
3 133 1
3 134 1
3 138 1
3 143 1
3 150 1
3 192 1
3 193 1
3 200 1
3 202 1
3 205 1
3 207 1
3 208 1
3 209 1
3 226 1
3 229 1
3 233 1
3 234 1
3 241 1
3 246 1
3 254 1
3 285 1
3 288 1
4 11 1
4 16 1
4 17 1
4 20 1
4 43 1
4 51 1
4 59 1
4 60 1
4 64 1
4 70 1
4 83 1
4 91 1
4 94 1
4 101 1
4 114 1
4 119 1
4 124 1
4 126 1
4 130 1
4 134 1
4 141 1
4 143 1
4 149 1
4 151 1
4 152 1
4 173 1
4 192 1
4 195 1
4 204 1
4 214 1
4 246 1
4 249 1
4 258 1
5 3 1
5 13 1
5 33 1
5 39 1
5 60 1
5 64 1
5 72 1
5 73 1
5 87 1
5 88 1
5 96 1
5 99 1
5 103 1
5 117 1
5 119 1
5 122 1
5 138 1
5 143 1
5 150 1
5 166 1
5 171 1
5 178 1
5 186 1
5 192 1
5 205 1
5 208 1
5 223 1
5 226 1
5 227 1
5 240 1
5 241 1
5 246 1
5 254 1
5 262 1
5 274 1
6 13 1
6 17 1
6 114 1
6 119 1
6 143 1
6 203 1
6 213 1
6 222 1
7 3 1
7 4 1
7 11 1
7 13 1
7 14 1
7 60 1
7 64 1
7 72 1
7 85 1
7 94 1
7 100 1
7 103 1
7 106 1
7 118 1
7 119 1
7 120 1
7 121 1
7 126 1
7 131 1
7 143 1
7 188 1
7 192 1
7 194 1
7 205 1
7 208 1
7 219 1
7 227 1
8 3 1
8 4 1
8 7 1
8 11 1
8 14 1
8 34 1
8 48 1
8 106 1
8 126 1
8 143 1
8 173 1
8 176 1
8 202 1
8 237 1
9 43 1
9 63 1
9 120 1
9 138 1
9 146 1
9 182 1
9 184 1
9 188 1
9 268 1
9 275 1
10 30 1
10 57 1
10 106 1
10 110 1
10 146 1
10 196 1
10 207 1
10 236 1
11 3 1
11 7 1
11 13 1
11 14 1
11 54 1
11 94 1
11 119 1
11 126 1
11 173 1
12 15 1
12 66 1
12 137 1
12 139 1
12 177 1
12 247 1
12 265 1
13 4 1
13 15 1
13 17 1
13 19 1
13 32 1
13 33 1
13 43 1
13 59 1
13 60 1
13 63 1
13 64 1
13 68 1
13 72 1
13 83 1
13 85 1
13 87 1
13 88 1
13 91 1
13 103 1
13 107 1
13 112 1
13 116 1
13 117 1
13 118 1
13 120 1
13 122 1
13 135 1
13 138 1
13 146 1
13 149 1
13 150 1
13 151 1
13 172 1
13 178 1
13 185 1
13 196 1
13 199 1
13 205 1
13 207 1
13 208 1
13 227 1
13 229 1
13 237 1
13 251 1
13 294 1
14 5 1
14 6 1
14 7 1
14 8 1
14 9 1
14 13 1
14 17 1
14 22 1
14 42 1
14 61 1
14 64 1
14 67 1
14 72 1
14 103 1
14 124 1
14 126 1
14 131 1
14 138 1
14 143 1
14 150 1
14 173 1
14 193 1
14 205 1
14 206 1
14 212 1
14 227 1
15 13 1
15 43 1
15 60 1
15 72 1
15 73 1
15 107 1
15 110 1
15 117 1
15 122 1
15 148 1
15 172 1
15 178 1
15 185 1
15 197 1
15 199 1
15 227 1
15 242 1
16 123 1
16 143 1
16 207 1
16 269 1
17 114 1
17 144 1
17 267 1
18 137 1
18 140 1
18 195 1
18 204 1
18 208 1
18 220 1
19 112 1
19 116 1
19 134 1
19 139 1
20 104 1
20 167 1
20 217 1
20 226 1
20 243 1
20 275 1
21 12 1
21 54 1
21 102 1
21 132 1
21 150 1
21 215 1
21 225 1
21 229 1
21 233 1
22 6 1
22 27 1
22 32 1
22 57 1
22 68 1
22 94 1
22 115 1
22 154 1
22 163 1
22 166 1
22 172 1
22 208 1
22 240 1
23 3 1
23 13 1
23 15 1
23 17 1
23 53 1
23 87 1
23 110 1
23 116 1
23 120 1
23 160 1
23 193 1
23 219 1
23 231 1
23 276 1
24 7 1
24 13 1
24 14 1
24 42 1
24 78 1
24 85 1
24 109 1
24 110 1
24 117 1
24 125 1
24 126 1
24 138 1
24 143 1
24 169 1
24 207 1
24 217 1
24 218 1
24 230 1
24 242 1
25 3 1
25 4 1
25 55 1
25 77 1
25 259 1
26 57 1
26 118 1
26 153 1
26 206 1
26 263 1
27 227 1
27 285 1
28 121 1
28 154 1
28 192 1
28 206 1
28 255 1
29 58 1
29 206 1
29 214 1
29 240 1
30 58 1
30 144 1
30 164 1
30 196 1
30 238 1
30 244 1
31 130 1
31 192 1
31 262 1
32 15 1
32 54 1
32 68 1
32 73 1
32 151 1
32 157 1
32 214 1
32 227 1
33 39 1
33 88 1
33 140 1
33 219 1
33 225 1
34 1 1
34 16 1
34 42 1
34 46 1
34 71 1
34 76 1
34 137 1
34 164 1
34 179 1
34 215 1
34 237 1
34 256 1
34 276 1
35 9 1
35 114 1
35 131 1
35 201 1
35 225 1
36 15 1
36 31 1
36 83 1
36 88 1
36 105 1
36 130 1
36 135 1
36 137 1
36 161 1
36 164 1
36 173 1
36 192 1
36 199 1
36 217 1
36 260 1
36 262 1
37 9 1
37 63 1
37 179 1
37 185 1
37 205 1
37 210 1
37 276 1
38 112 1
38 197 1
38 214 1
38 270 1
38 285 1
39 22 1
39 27 1
39 85 1
40 10 1
40 21 1
40 28 1
40 118 1
40 147 1
40 168 1
40 225 1
40 227 1
40 271 1
40 285 1
41 53 1
41 76 1
41 151 1
41 197 1
41 211 1
42 16 1
42 57 1
42 64 1
42 104 1
42 120 1
42 248 1
43 3 1
43 64 1
43 99 1
43 110 1
43 111 1
43 131 1
43 137 1
43 149 1
43 171 1
43 178 1
44 3 1
44 5 1
44 13 1
44 49 1
44 59 1
44 68 1
44 114 1
44 118 1
44 119 1
44 126 1
44 139 1
44 173 1
44 200 1
44 208 1
44 229 1
45 1 1
45 2 1
45 3 1
45 4 1
45 5 1
45 6 1
45 7 1
45 8 1
45 9 1
45 10 1
45 11 1
45 13 1
45 14 1
45 15 1
45 16 1
45 17 1
45 19 1
45 20 1
45 31 1
45 32 1
45 35 1
45 43 1
45 44 1
45 47 1
45 48 1
45 49 1
45 55 1
45 59 1
45 60 1
45 64 1
45 65 1
45 66 1
45 67 1
45 68 1
45 70 1
45 72 1
45 73 1
45 74 1
45 75 1
45 77 1
45 78 1
45 83 1
45 84 1
45 85 1
45 87 1
45 88 1
45 91 1
45 92 1
45 94 1
45 96 1
45 97 1
45 98 1
45 99 1
45 101 1
45 102 1
45 103 1
45 104 1
45 106 1
45 110 1
45 111 1
45 112 1
45 113 1
45 114 1
45 115 1
45 116 1
45 118 1
45 119 1
45 120 1
45 122 1
45 123 1
45 124 1
45 125 1
45 126 1
45 130 1
45 131 1
45 133 1
45 134 1
45 135 1
45 136 1
45 138 1
45 139 1
45 142 1
45 143 1
45 147 1
45 149 1
45 150 1
45 155 1
45 162 1
45 163 1
45 166 1
45 167 1
45 169 1
45 170 1
45 172 1
45 173 1
45 178 1
45 180 1
45 182 1
45 186 1
45 188 1
45 192 1
45 194 1
45 199 1
45 200 1
45 201 1
45 202 1
45 203 1
45 204 1
45 205 1
45 206 1
45 208 1
45 209 1
45 210 1
45 212 1
45 214 1
45 219 1
45 220 1
45 221 1
45 226 1
45 227 1
45 229 1
45 233 1
45 235 1
45 238 1
45 239 1
45 241 1
45 242 1
45 246 1
45 247 1
45 252 1
45 259 1
45 264 1
45 271 1
45 279 1
46 4 1
46 67 1
46 167 1
46 173 1
46 194 1
47 4 1
47 22 1
47 28 1
47 51 1
47 98 1
47 115 1
47 171 1
47 173 1
47 188 1
47 206 1
47 214 1
47 241 1
47 265 1
47 281 1
48 3 1
48 4 1
48 7 1
48 8 1
48 13 1
48 60 1
48 74 1
48 75 1
48 85 1
48 87 1
48 106 1
48 125 1
48 126 1
48 139 1
48 143 1
48 202 1
48 250 1
48 258 1
49 3 1
49 4 1
49 5 1
49 10 1
49 13 1
49 48 1
49 60 1
49 68 1
49 74 1
49 87 1
49 102 1
49 114 1
49 118 1
49 119 1
49 126 1
49 143 1
49 200 1
49 202 1
49 208 1
49 222 1
50 3 1
50 19 1
50 39 1
50 55 1
50 99 1
50 119 1
50 162 1
50 163 1
50 189 1
50 216 1
50 221 1
50 225 1
50 260 1
51 13 1
51 94 1
51 131 1
51 150 1
51 173 1
51 195 1
52 21 1
52 65 1
52 117 1
52 144 1
52 187 1
52 188 1
52 194 1
52 225 1
52 281 1
53 5 1
53 62 1
53 70 1
53 118 1
53 204 1
53 273 1
53 277 1
54 78 1
56 146 1
56 162 1
56 248 1
56 279 1
56 283 1
57 51 1
57 91 1
57 181 1
59 4 1
59 43 1
59 72 1
59 91 1
59 112 1
59 151 1
59 198 1
60 7 1
60 15 1
60 17 1
60 43 1
60 104 1
60 143 1
60 149 1
60 173 1
60 176 1
60 206 1
60 208 1
60 242 1
60 293 1
61 121 1
61 196 1
61 224 1
61 239 1
61 245 1
62 46 1
62 205 1
62 277 1
63 123 1
64 42 1
64 43 1
64 72 1
64 130 1
64 150 1
65 6 1
65 13 1
65 68 1
65 91 1
65 96 1
65 104 1
65 111 1
65 173 1
65 194 1
65 204 1
65 227 1
66 135 1
66 136 1
66 175 1
66 225 1
66 227 1
67 126 1
67 173 1
67 200 1
68 32 1
68 44 1
68 56 1
68 158 1
68 163 1
68 208 1
69 35 1
69 196 1
69 231 1
69 259 1
70 138 1
70 205 1
71 137 1
72 42 1
72 64 1
72 96 1
72 99 1
72 100 1
72 262 1
72 284 1
73 4 1
73 28 1
73 32 1
73 67 1
73 72 1
73 154 1
73 157 1
73 193 1
73 249 1
73 254 1
73 279 1
74 3 1
74 4 1
74 8 1
74 11 1
74 48 1
74 49 1
74 59 1
74 60 1
74 87 1
74 92 1
74 94 1
74 101 1
74 106 1
74 119 1
74 126 1
74 173 1
74 285 1
75 3 1
75 5 1
75 7 1
75 13 1
75 48 1
75 87 1
75 94 1
75 118 1
75 126 1
75 143 1
75 170 1
75 173 1
75 202 1
75 208 1
75 217 1
75 224 1
75 258 1
75 260 1
76 41 1
76 55 1
76 61 1
76 94 1
76 110 1
76 119 1
76 156 1
76 199 1
76 211 1
76 212 1
76 230 1
76 231 1
76 256 1
77 100 1
77 196 1
78 8 1
78 19 1
78 47 1
78 54 1
78 85 1
78 108 1
78 112 1
78 148 1
78 185 1
78 245 1
79 9 1
79 53 1
79 146 1
79 194 1
79 210 1
79 247 1
80 68 1
80 87 1
80 138 1
80 151 1
81 266 1
82 4 1
82 53 1
83 21 1
83 54 1
84 3 1
84 104 1
85 4 1
85 21 1
85 41 1
85 53 1
85 67 1
85 72 1
85 77 1
85 84 1
85 91 1
85 94 1
85 96 1
85 99 1
85 102 1
85 104 1
85 111 1
85 112 1
85 118 1
85 122 1
85 124 1
85 126 1
85 128 1
85 150 1
85 158 1
85 165 1
85 169 1
85 171 1
85 173 1
85 178 1
85 196 1
85 199 1
85 200 1
85 205 1
85 209 1
85 230 1
85 238 1
85 285 1
86 16 1
86 35 1
86 77 1
86 85 1
86 119 1
86 131 1
86 132 1
86 138 1
86 200 1
86 236 1
86 249 1
87 1 1
87 4 1
87 9 1
87 13 1
87 17 1
87 19 1
87 28 1
87 32 1
87 33 1
87 43 1
87 58 1
87 59 1
87 60 1
87 63 1
87 68 1
87 73 1
87 88 1
87 91 1
87 95 1
87 116 1
87 118 1
87 146 1
87 150 1
87 151 1
87 173 1
87 192 1
87 203 1
87 207 1
87 208 1
87 214 1
87 219 1
87 227 1
87 229 1
87 238 1
87 242 1
87 260 1
88 33 1
88 43 1
88 64 1
88 136 1
88 151 1
88 170 1
88 279 1
89 13 1
89 87 1
89 141 1
89 154 1
89 156 1
90 23 1
90 32 1
90 52 1
90 110 1
90 117 1
90 124 1
90 189 1
90 234 1
91 59 1
91 112 1
91 117 1
91 119 1
91 124 1
91 166 1
91 202 1
92 30 1
92 249 1
93 248 1
94 11 1
94 112 1
94 119 1
94 124 1
94 126 1
94 199 1
94 213 1
95 39 1
95 146 1
95 148 1
96 68 1
96 72 1
96 99 1
96 204 1
96 245 1
96 258 1
97 43 1
97 62 1
97 223 1
97 248 1
98 3 1
98 7 1
98 10 1
98 58 1
98 60 1
98 106 1
98 119 1
98 126 1
98 143 1
98 186 1
98 194 1
98 221 1
98 241 1
98 266 1
99 21 1
99 53 1
99 54 1
99 57 1
99 63 1
99 72 1
99 96 1
99 125 1
99 158 1
99 183 1
99 186 1
99 194 1
99 202 1
99 225 1
99 233 1
99 254 1
99 257 1
99 258 1
99 285 1
100 3 1
100 72 1
100 96 1
100 192 1
100 225 1
101 186 1
101 275 1
101 292 1
102 61 1
102 111 1
102 150 1
102 185 1
102 257 1
102 277 1
103 3 1
103 7 1
103 13 1
103 119 1
103 133 1
103 138 1
103 143 1
103 150 1
103 179 1
103 205 1
103 208 1
103 232 1
104 10 1
104 32 1
104 82 1
104 84 1
104 168 1
104 178 1
104 204 1
104 231 1
104 259 1
104 285 1
104 296 1
105 33 1
105 60 1
105 68 1
105 108 1
105 129 1
105 138 1
105 149 1
106 7 1
106 48 1
106 60 1
106 63 1
106 74 1
106 126 1
106 131 1
106 139 1
107 30 1
107 83 1
107 112 1
107 115 1
107 153 1
107 194 1
107 209 1
108 79 1
108 90 1
108 128 1
108 171 1
108 195 1
108 216 1
108 221 1
109 13 1
109 32 1
109 83 1
109 88 1
109 118 1
109 126 1
109 143 1
109 159 1
109 208 1
109 217 1
109 241 1
110 76 1
110 91 1
110 124 1
110 126 1
110 230 1
110 276 1
111 19 1
111 43 1
111 131 1
111 242 1
112 3 1
112 19 1
112 91 1
112 107 1
112 134 1
112 153 1
112 219 1
113 28 1
113 152 1
113 159 1
113 177 1
113 183 1
113 215 1
113 254 1
114 2 1
114 3 1
114 5 1
114 17 1
114 44 1
114 49 1
114 118 1
114 119 1
114 138 1
114 173 1
114 208 1
114 215 1
115 2 1
115 3 1
115 5 1
115 30 1
115 32 1
115 53 1
115 69 1
115 70 1
115 73 1
115 85 1
115 103 1
115 117 1
115 118 1
115 119 1
115 120 1
115 138 1
115 149 1
115 203 1
115 204 1
115 205 1
115 216 1
115 226 1
115 233 1
115 238 1
115 252 1
116 12 1
116 19 1
116 71 1
116 112 1
116 162 1
116 167 1
116 227 1
116 238 1
116 239 1
117 92 1
117 134 1
117 143 1
118 5 1
118 13 1
118 17 1
118 19 1
118 59 1
118 62 1
118 64 1
118 102 1
118 114 1
118 116 1
118 119 1
118 122 1
118 131 1
118 133 1
118 137 1
118 150 1
118 151 1
118 178 1
118 192 1
118 196 1
118 208 1
118 227 1
118 259 1
118 260 1
118 284 1
118 285 1
119 1 1
119 13 1
119 14 1
119 22 1
119 53 1
119 60 1
119 64 1
119 68 1
119 69 1
119 70 1
119 94 1
119 102 1
119 103 1
119 109 1
119 118 1
119 126 1
119 131 1
119 138 1
119 140 1
119 143 1
119 169 1
119 173 1
119 196 1
119 205 1
119 206 1
119 208 1
119 209 1
119 227 1
119 229 1
119 246 1
119 284 1
120 2 1
120 3 1
120 4 1
120 5 1
120 32 1
120 33 1
120 70 1
120 88 1
120 113 1
120 115 1
120 131 1
120 138 1
120 173 1
120 192 1
120 196 1
120 203 1
120 205 1
120 226 1
120 227 1
120 284 1
121 59 1
121 108 1
121 171 1
121 180 1
122 142 1
122 199 1
122 229 1
123 63 1
123 85 1
123 132 1
123 133 1
123 138 1
123 140 1
123 203 1
123 214 1
123 218 1
123 246 1
123 278 1
124 14 1
124 20 1
124 22 1
124 67 1
124 77 1
124 91 1
124 94 1
124 126 1
124 133 1
124 202 1
124 213 1
125 17 1
125 24 1
125 48 1
125 51 1
125 96 1
125 97 1
125 99 1
125 258 1
126 3 1
126 5 1
126 7 1
126 9 1
126 11 1
126 13 1
126 14 1
126 54 1
126 60 1
126 64 1
126 67 1
126 72 1
126 91 1
126 109 1
126 120 1
126 124 1
126 143 1
126 173 1
126 205 1
126 206 1
126 208 1
126 213 1
126 227 1
126 272 1
126 279 1
127 102 1
127 156 1
127 264 1
128 109 1
128 215 1
129 1 1
129 216 1
129 284 1
130 31 1
130 36 1
130 134 1
130 212 1
130 237 1
130 240 1
131 4 1
131 5 1
131 7 1
131 14 1
131 19 1
131 22 1
131 35 1
131 64 1
131 106 1
131 112 1
131 119 1
131 120 1
131 126 1
131 163 1
131 173 1
131 192 1
131 205 1
131 228 1
132 99 1
132 121 1
132 138 1
132 170 1
132 216 1
132 240 1
132 245 1
132 257 1
133 2 1
133 13 1
133 16 1
133 17 1
133 63 1
133 86 1
133 91 1
133 123 1
133 138 1
133 143 1
133 173 1
133 192 1
133 200 1
133 208 1
133 218 1
134 19 1
134 31 1
134 35 1
134 130 1
134 155 1
136 1 1
136 31 1
136 59 1
136 94 1
136 110 1
136 215 1
137 71 1
138 2 1
138 14 1
138 17 1
138 60 1
138 63 1
138 70 1
138 85 1
138 87 1
138 91 1
138 118 1
138 120 1
138 124 1
138 131 1
138 133 1
138 190 1
138 200 1
138 203 1
138 205 1
138 207 1
138 218 1
138 256 1
138 281 1
139 54 1
139 92 1
139 173 1
139 183 1
139 219 1
139 221 1
140 19 1
140 113 1
140 210 1
140 218 1
141 106 1
141 145 1
141 226 1
142 13 1
142 122 1
142 124 1
142 134 1
142 188 1
142 196 1
142 198 1
142 246 1
142 256 1
143 2 1
143 3 1
143 7 1
143 14 1
143 16 1
143 42 1
143 60 1
143 64 1
143 72 1
143 88 1
143 121 1
143 123 1
143 126 1
143 133 1
143 138 1
143 192 1
145 141 1
145 202 1
146 4 1
146 9 1
146 29 1
146 55 1
146 107 1
146 109 1
146 128 1
146 170 1
146 184 1
146 196 1
146 217 1
146 246 1
147 160 1
147 257 1
148 78 1
148 125 1
148 231 1
149 43 1
149 53 1
149 66 1
149 93 1
149 107 1
149 156 1
149 267 1
149 268 1
150 14 1
150 103 1
151 207 1
152 3 1
152 31 1
152 59 1
152 118 1
152 130 1
152 144 1
152 158 1
152 159 1
152 169 1
152 180 1
152 199 1
152 234 1
153 76 1
153 86 1
153 87 1
153 111 1
153 136 1
153 180 1
153 231 1
154 13 1
154 18 1
154 58 1
154 196 1
154 246 1
154 263 1
155 13 1
155 28 1
155 117 1
155 122 1
155 246 1
155 251 1
155 285 1
156 4 1
156 41 1
156 76 1
156 101 1
156 106 1
156 127 1
156 131 1
156 177 1
156 212 1
157 68 1
157 88 1
157 196 1
157 211 1
157 254 1
157 264 1
157 279 1
158 59 1
158 106 1
158 117 1
158 122 1
158 126 1
158 196 1
158 245 1
158 255 1
158 282 1
159 96 1
159 100 1
159 206 1
159 217 1
159 262 1
160 42 1
160 58 1
160 59 1
160 71 1
160 87 1
160 104 1
160 109 1
160 192 1
160 257 1
161 18 1
161 39 1
161 98 1
161 99 1
161 100 1
161 135 1
161 140 1
161 169 1
161 268 1
161 285 1
162 84 1
162 102 1
162 116 1
162 119 1
162 146 1
162 150 1
162 189 1
162 204 1
162 254 1
163 5 1
163 71 1
163 101 1
163 112 1
163 120 1
163 127 1
163 149 1
163 186 1
163 192 1
164 55 1
164 67 1
164 99 1
164 112 1
164 194 1
164 204 1
164 211 1
164 214 1
164 216 1
164 225 1
165 10 1
165 56 1
165 85 1
165 150 1
165 196 1
165 210 1
166 68 1
166 101 1
166 246 1
166 247 1
166 287 1
167 2 1
167 20 1
167 43 1
167 107 1
167 109 1
167 136 1
167 140 1
167 165 1
167 179 1
167 261 1
167 295 1
168 1 1
168 3 1
168 28 1
168 92 1
168 122 1
168 138 1
168 177 1
168 199 1
168 254 1
168 291 1
169 16 1
169 51 1
169 68 1
169 210 1
169 230 1
169 238 1
169 273 1
169 285 1
170 20 1
170 84 1
170 138 1
170 176 1
170 206 1
170 211 1
171 16 1
171 51 1
171 108 1
171 143 1
171 157 1
171 217 1
172 3 1
172 64 1
172 185 1
172 197 1
172 208 1
172 210 1
173 4 1
173 5 1
173 17 1
173 19 1
173 31 1
173 43 1
173 60 1
173 64 1
173 67 1
173 69 1
173 91 1
173 113 1
173 114 1
173 115 1
173 119 1
173 138 1
173 143 1
173 149 1
173 188 1
173 192 1
173 200 1
173 206 1
173 208 1
173 245 1
173 246 1
173 278 1
174 13 1
174 20 1
174 36 1
174 91 1
174 92 1
174 99 1
174 103 1
174 118 1
174 138 1
174 205 1
174 285 1
175 9 1
175 92 1
175 130 1
175 136 1
175 179 1
176 37 1
176 134 1
176 143 1
176 161 1
176 214 1
177 3 1
177 12 1
177 21 1
177 136 1
177 137 1
177 188 1
177 283 1
178 43 1
178 67 1
178 88 1
178 99 1
178 109 1
178 124 1
178 126 1
178 180 1
178 186 1
178 194 1
178 199 1
178 202 1
178 205 1
179 27 1
179 50 1
179 60 1
179 92 1
179 138 1
179 173 1
179 180 1
179 210 1
179 219 1
179 239 1
180 43 1
180 66 1
180 71 1
180 116 1
180 170 1
180 173 1
180 204 1
180 239 1
181 12 1
181 28 1
181 78 1
181 135 1
181 148 1
181 196 1
181 260 1
182 7 1
182 35 1
182 106 1
182 167 1
182 177 1
182 240 1
183 35 1
183 94 1
183 100 1
183 188 1
183 189 1
183 205 1
183 227 1
183 246 1
183 256 1
184 9 1
184 66 1
184 182 1
184 286 1
185 134 1
185 172 1
185 199 1
185 245 1
186 91 1
186 101 1
186 109 1
186 126 1
186 163 1
186 178 1
186 201 1
186 257 1
187 27 1
187 117 1
187 135 1
187 168 1
187 171 1
187 297 1
188 3 1
188 10 1
188 64 1
188 72 1
188 96 1
188 122 1
188 134 1
188 142 1
188 144 1
188 182 1
188 194 1
188 210 1
188 212 1
188 226 1
188 229 1
188 262 1
189 97 1
189 150 1
189 178 1
190 2 1
190 5 1
190 13 1
190 62 1
190 71 1
190 94 1
190 118 1
190 119 1
190 128 1
190 133 1
190 160 1
190 165 1
190 193 1
190 204 1
190 219 1
190 236 1
190 256 1
191 3 1
191 5 1
191 7 1
191 13 1
191 14 1
191 18 1
191 27 1
191 31 1
191 35 1
191 58 1
191 59 1
191 60 1
191 85 1
191 87 1
191 94 1
191 103 1
191 115 1
191 118 1
191 119 1
191 120 1
191 126 1
191 131 1
191 133 1
191 143 1
191 161 1
191 173 1
191 181 1
191 192 1
191 200 1
191 218 1
191 227 1
192 5 1
192 31 1
192 60 1
192 64 1
192 88 1
192 93 1
192 173 1
192 188 1
192 204 1
192 208 1
192 240 1
193 58 1
193 96 1
193 105 1
193 204 1
193 225 1
194 21 1
194 44 1
194 99 1
194 143 1
194 188 1
194 199 1
194 202 1
194 225 1
194 227 1
194 285 1
195 59 1
195 90 1
195 108 1
195 216 1
195 257 1
196 120 1
196 131 1
196 133 1
196 138 1
196 185 1
196 207 1
196 226 1
196 246 1
197 41 1
197 107 1
197 168 1
197 172 1
198 6 1
198 10 1
198 13 1
198 70 1
198 92 1
198 102 1
198 118 1
198 119 1
198 122 1
198 138 1
198 142 1
198 203 1
198 205 1
198 246 1
199 16 1
199 63 1
199 110 1
199 122 1
199 178 1
199 181 1
199 202 1
199 219 1
200 3 1
200 19 1
200 32 1
200 64 1
200 67 1
200 87 1
200 91 1
200 126 1
200 165 1
200 169 1
200 173 1
201 29 1
201 35 1
201 69 1
201 85 1
201 91 1
201 93 1
201 109 1
201 112 1
201 115 1
201 178 1
201 186 1
201 192 1
201 209 1
201 255 1
201 271 1
202 75 1
202 145 1
202 159 1
202 199 1
202 204 1
202 219 1
203 6 1
203 13 1
203 32 1
203 103 1
203 123 1
203 133 1
203 146 1
203 198 1
203 205 1
203 214 1
203 220 1
203 284 1
204 5 1
204 18 1
204 96 1
204 140 1
204 251 1
205 13 1
205 17 1
205 70 1
205 80 1
205 103 1
205 138 1
205 203 1
205 246 1
206 12 1
206 17 1
206 28 1
206 59 1
206 66 1
206 173 1
206 188 1
206 283 1
207 18 1
207 151 1
207 205 1
208 3 1
208 60 1
208 68 1
208 118 1
208 125 1
208 149 1
209 229 1
210 32 1
210 140 1
210 172 1
210 231 1
210 283 1
211 4 1
211 86 1
211 151 1
211 174 1
211 207 1
211 208 1
212 54 1
212 76 1
212 130 1
212 199 1
212 202 1
213 77 1
213 85 1
213 112 1
213 124 1
213 126 1
213 203 1
214 9 1
214 13 1
214 32 1
214 47 1
214 51 1
214 53 1
214 91 1
214 94 1
214 126 1
214 128 1
214 229 1
215 5 1
215 28 1
215 58 1
215 128 1
215 131 1
215 161 1
215 290 1
216 102 1
216 185 1
216 205 1
216 221 1
217 22 1
217 171 1
217 230 1
217 278 1
218 123 1
218 140 1
218 217 1
218 279 1
219 1 1
219 62 1
219 91 1
219 107 1
219 172 1
219 204 1
219 206 1
219 210 1
219 280 1
220 3 1
220 6 1
220 13 1
220 21 1
220 43 1
220 49 1
220 78 1
220 87 1
220 102 1
220 136 1
220 162 1
220 182 1
220 203 1
220 214 1
220 273 1
220 280 1
221 139 1
221 173 1
221 248 1
221 282 1
222 3 1
222 13 1
222 15 1
222 49 1
222 147 1
222 151 1
222 154 1
222 202 1
223 22 1
224 104 1
225 1 1
225 33 1
225 227 1
226 20 1
226 166 1
226 189 1
226 240 1
227 13 1
227 28 1
227 32 1
227 68 1
227 116 1
227 120 1
227 225 1
228 7 1
228 16 1
228 28 1
228 96 1
228 106 1
228 117 1
228 126 1
228 135 1
228 136 1
228 225 1
229 122 1
229 209 1
230 110 1
230 217 1
232 3 1
232 38 1
232 41 1
232 56 1
232 85 1
232 88 1
232 104 1
232 111 1
232 126 1
232 173 1
232 200 1
232 210 1
232 218 1
232 220 1
232 260 1
233 42 1
233 54 1
233 64 1
233 146 1
234 3 1
234 13 1
234 71 1
234 118 1
234 122 1
234 133 1
234 138 1
234 155 1
234 192 1
234 194 1
234 219 1
234 226 1
234 227 1
234 231 1
234 285 1
235 15 1
235 51 1
235 90 1
235 108 1
235 110 1
235 151 1
235 181 1
235 195 1
235 207 1
235 251 1
236 105 1
236 258 1
237 85 1
237 170 1
238 30 1
238 116 1
239 39 1
239 83 1
239 116 1
239 123 1
239 126 1
239 207 1
239 279 1
240 226 1
241 98 1
242 150 1
245 64 1
245 149 1
245 185 1
245 284 1
246 21 1
246 105 1
246 205 1
246 283 1
247 55 1
247 110 1
247 169 1
248 221 1
249 73 1
250 26 1
250 37 1
250 51 1
250 125 1
250 154 1
250 192 1
250 266 1
251 249 1
253 71 1
253 81 1
253 84 1
253 193 1
253 202 1
254 2 1
254 66 1
254 92 1
254 153 1
255 134 1
255 193 1
255 242 1
256 94 1
256 124 1
256 190 1
256 273 1
257 88 1
257 132 1
257 170 1
257 195 1
257 253 1
258 59 1
258 96 1
258 214 1
259 51 1
263 161 1
263 170 1
264 84 1
264 246 1
265 28 1
265 89 1
266 216 1
266 230 1
267 46 1
267 197 1
268 93 1
268 258 1
269 24 1
269 54 1
269 64 1
269 71 1
269 87 1
269 115 1
269 225 1
269 242 1
270 25 1
270 28 1
270 55 1
270 99 1
270 112 1
270 122 1
270 126 1
270 143 1
270 219 1
270 233 1
270 234 1
271 128 1
272 16 1
272 59 1
272 103 1
272 132 1
272 146 1
272 164 1
272 165 1
272 173 1
272 193 1
272 237 1
273 124 1
274 21 1
274 51 1
274 84 1
274 130 1
274 141 1
274 196 1
274 277 1
274 278 1
274 280 1
275 285 1
276 5 1
276 9 1
276 28 1
276 37 1
276 70 1
276 72 1
276 90 1
276 192 1
276 193 1
276 289 1
277 3 1
277 53 1
277 60 1
277 118 1
277 130 1
277 134 1
277 143 1
277 152 1
277 164 1
277 196 1
277 233 1
277 247 1
278 3 1
278 25 1
278 63 1
278 92 1
278 118 1
278 119 1
278 203 1
278 233 1
280 104 1
283 69 1
284 10 1
284 129 1
