1 105 1
1 285 1
2 3 1
2 9 1
2 28 1
2 44 1
2 48 1
2 64 1
2 85 1
2 87 1
2 96 1
2 116 1
2 118 1
2 122 1
2 126 1
2 133 1
2 143 1
2 144 1
2 165 1
2 173 1
2 203 1
2 204 1
2 213 1
2 245 1
2 256 1
2 285 1
3 9 1
3 14 1
3 17 1
3 31 1
3 39 1
3 43 1
3 51 1
3 53 1
3 54 1
3 60 1
3 64 1
3 72 1
3 87 1
3 88 1
3 91 1
3 92 1
3 94 1
3 96 1
3 99 1
3 104 1
3 112 1
3 118 1
3 122 1
3 131 1
3 137 1
3 143 1
3 151 1
3 157 1
3 161 1
3 173 1
3 188 1
3 189 1
3 194 1
3 196 1
3 203 1
3 210 1
3 219 1
3 226 1
3 227 1
3 259 1
3 262 1
4 5 1
4 20 1
4 28 1
4 31 1
4 35 1
4 52 1
4 60 1
4 91 1
4 101 1
4 103 1
4 110 1
4 112 1
4 117 1
4 119 1
4 120 1
4 124 1
4 135 1
4 143 1
4 144 1
4 168 1
4 173 1
4 185 1
4 194 1
4 200 1
4 205 1
4 206 1
4 208 1
4 227 1
4 246 1
4 249 1
4 261 1
4 262 1
4 280 1
5 1 1
5 2 1
5 13 1
5 17 1
5 55 1
5 59 1
5 64 1
5 68 1
5 73 1
5 78 1
5 83 1
5 94 1
5 104 1
5 109 1
5 115 1
5 116 1
5 118 1
5 126 1
5 133 1
5 150 1
5 154 1
5 173 1
5 182 1
5 185 1
5 199 1
5 203 1
5 210 1
5 214 1
5 226 1
5 227 1
5 240 1
5 242 1
5 257 1
5 278 1
5 285 1
6 22 1
6 66 1
6 92 1
6 100 1
6 107 1
6 170 1
6 209 1
6 283 1
7 3 1
7 4 1
7 14 1
7 22 1
7 24 1
7 60 1
7 70 1
7 72 1
7 76 1
7 85 1
7 91 1
7 99 1
7 104 1
7 118 1
7 124 1
7 126 1
7 131 1
7 138 1
7 143 1
7 146 1
7 172 1
7 173 1
7 194 1
7 198 1
7 202 1
7 205 1
7 245 1
8 3 1
8 15 1
8 43 1
8 51 1
8 64 1
8 82 1
8 112 1
8 133 1
8 162 1
8 196 1
8 202 1
8 262 1
8 268 1
8 271 1
9 1 1
9 17 1
9 55 1
9 137 1
9 151 1
9 219 1
9 225 1
9 237 1
9 258 1
9 273 1
10 4 1
10 16 1
10 39 1
10 93 1
10 94 1
10 111 1
10 113 1
10 255 1
11 13 1
11 54 1
11 64 1
11 86 1
11 94 1
11 110 1
11 130 1
11 173 1
11 211 1
12 28 1
12 42 1
12 58 1
12 67 1
12 84 1
12 171 1
12 226 1
13 2 1
13 5 1
13 7 1
13 16 1
13 21 1
13 51 1
13 58 1
13 59 1
13 60 1
13 64 1
13 68 1
13 71 1
13 72 1
13 91 1
13 99 1
13 104 1
13 106 1
13 108 1
13 109 1
13 112 1
13 114 1
13 115 1
13 117 1
13 118 1
13 119 1
13 122 1
13 124 1
13 125 1
13 126 1
13 131 1
13 132 1
13 138 1
13 143 1
13 173 1
13 186 1
13 192 1
13 204 1
13 205 1
13 208 1
13 210 1
13 212 1
13 226 1
13 242 1
13 246 1
13 254 1
14 3 1
14 5 1
14 7 1
14 13 1
14 47 1
14 60 1
14 63 1
14 64 1
14 72 1
14 85 1
14 87 1
14 91 1
14 99 1
14 104 1
14 112 1
14 114 1
14 126 1
14 138 1
14 173 1
14 192 1
14 194 1
14 196 1
14 205 1
14 207 1
14 208 1
14 214 1
15 3 1
15 8 1
15 28 1
15 61 1
15 63 1
15 64 1
15 87 1
15 102 1
15 103 1
15 104 1
15 111 1
15 133 1
15 202 1
15 214 1
15 240 1
15 262 1
15 286 1
16 8 1
16 42 1
16 77 1
16 255 1
17 9 1
17 51 1
17 104 1
18 85 1
18 107 1
18 136 1
18 192 1
18 205 1
18 260 1
19 32 1
19 59 1
19 150 1
19 293 1
20 4 1
20 35 1
20 60 1
20 126 1
20 157 1
20 173 1
21 28 1
21 148 1
21 149 1
21 151 1
21 169 1
21 206 1
21 225 1
21 256 1
21 266 1
22 43 1
22 57 1
22 71 1
22 91 1
22 106 1
22 126 1
22 138 1
22 155 1
22 196 1
22 205 1
22 208 1
22 239 1
22 258 1
23 3 1
23 59 1
23 87 1
23 92 1
23 96 1
23 99 1
23 118 1
23 119 1
23 166 1
23 177 1
23 196 1
23 225 1
23 227 1
23 283 1
24 3 1
24 7 1
24 27 1
24 44 1
24 55 1
24 56 1
24 63 1
24 99 1
24 126 1
24 131 1
24 143 1
24 169 1
24 173 1
24 192 1
24 194 1
24 196 1
24 205 1
24 213 1
24 245 1
25 4 1
25 21 1
25 68 1
25 119 1
25 192 1
26 17 1
26 20 1
26 22 1
26 51 1
26 135 1
27 9 1
27 151 1
28 185 1
28 202 1
28 234 1
28 260 1
28 285 1
29 110 1
29 155 1
29 193 1
29 231 1
30 41 1
30 102 1
30 139 1
30 183 1
30 247 1
30 254 1
31 94 1
31 154 1
31 227 1
32 13 1
32 19 1
32 103 1
32 133 1
32 140 1
32 199 1
32 200 1
32 234 1
33 1 1
33 32 1
33 133 1
33 202 1
33 219 1
34 16 1
34 66 1
34 85 1
34 86 1
34 92 1
34 130 1
34 156 1
34 158 1
34 173 1
34 224 1
34 246 1
34 247 1
34 279 1
35 20 1
35 32 1
35 161 1
35 206 1
35 284 1
36 5 1
36 13 1
36 18 1
36 32 1
36 43 1
36 59 1
36 74 1
36 84 1
36 94 1
36 107 1
36 118 1
36 133 1
36 165 1
36 171 1
36 215 1
36 220 1
37 70 1
37 71 1
37 85 1
37 113 1
37 128 1
37 136 1
37 208 1
38 28 1
38 69 1
38 87 1
38 171 1
38 192 1
39 99 1
39 212 1
39 254 1
40 18 1
40 53 1
40 70 1
40 76 1
40 128 1
40 144 1
40 170 1
40 218 1
40 277 1
40 295 1
41 28 1
41 30 1
41 42 1
41 102 1
41 130 1
42 4 1
42 16 1
42 26 1
42 67 1
42 91 1
42 216 1
43 30 1
43 67 1
43 68 1
43 94 1
43 118 1
43 138 1
43 171 1
43 188 1
43 227 1
43 266 1
44 2 1
44 7 1
44 11 1
44 46 1
44 48 1
44 60 1
44 87 1
44 91 1
44 93 1
44 118 1
44 121 1
44 126 1
44 143 1
44 150 1
44 199 1
45 2 1
45 3 1
45 4 1
45 5 1
45 7 1
45 8 1
45 10 1
45 11 1
45 12 1
45 13 1
45 14 1
45 15 1
45 17 1
45 18 1
45 19 1
45 20 1
45 21 1
45 23 1
45 24 1
45 25 1
45 28 1
45 30 1
45 31 1
45 32 1
45 33 1
45 35 1
45 43 1
45 48 1
45 53 1
45 54 1
45 56 1
45 57 1
45 58 1
45 59 1
45 60 1
45 63 1
45 64 1
45 67 1
45 70 1
45 72 1
45 75 1
45 76 1
45 78 1
45 85 1
45 87 1
45 88 1
45 91 1
45 92 1
45 94 1
45 96 1
45 98 1
45 99 1
45 103 1
45 106 1
45 108 1
45 110 1
45 111 1
45 112 1
45 114 1
45 115 1
45 116 1
45 117 1
45 118 1
45 119 1
45 120 1
45 122 1
45 123 1
45 124 1
45 126 1
45 130 1
45 131 1
45 132 1
45 133 1
45 134 1
45 138 1
45 139 1
45 143 1
45 146 1
45 147 1
45 149 1
45 150 1
45 154 1
45 158 1
45 160 1
45 163 1
45 164 1
45 167 1
45 168 1
45 170 1
45 171 1
45 173 1
45 174 1
45 177 1
45 178 1
45 179 1
45 185 1
45 188 1
45 192 1
45 193 1
45 194 1
45 195 1
45 196 1
45 199 1
45 200 1
45 202 1
45 203 1
45 204 1
45 205 1
45 206 1
45 207 1
45 208 1
45 210 1
45 214 1
45 217 1
45 218 1
45 219 1
45 221 1
45 225 1
45 227 1
45 229 1
45 230 1
45 234 1
45 238 1
45 242 1
45 246 1
45 251 1
45 257 1
45 260 1
45 265 1
45 271 1
45 272 1
45 275 1
45 276 1
45 285 1
46 21 1
46 42 1
46 101 1
46 181 1
46 203 1
47 3 1
47 7 1
47 13 1
47 14 1
47 73 1
47 94 1
47 96 1
47 126 1
47 136 1
47 141 1
47 173 1
47 204 1
47 214 1
47 227 1
48 2 1
48 13 1
48 44 1
48 85 1
48 87 1
48 93 1
48 96 1
48 112 1
48 113 1
48 118 1
48 130 1
48 134 1
48 143 1
48 150 1
48 169 1
48 184 1
48 220 1
48 285 1
49 5 1
49 10 1
49 13 1
49 21 1
49 33 1
49 64 1
49 85 1
49 87 1
49 163 1
49 185 1
49 186 1
49 199 1
49 200 1
49 203 1
49 217 1
49 235 1
49 236 1
49 238 1
49 260 1
49 264 1
50 3 1
50 16 1
50 35 1
50 51 1
50 54 1
50 85 1
50 96 1
50 114 1
50 138 1
50 196 1
50 206 1
50 246 1
50 248 1
51 4 1
51 19 1
51 105 1
51 117 1
51 224 1
51 285 1
52 3 1
52 59 1
52 62 1
52 96 1
52 117 1
52 173 1
52 193 1
52 214 1
52 215 1
53 6 1
53 19 1
53 55 1
53 88 1
53 150 1
53 190 1
53 195 1
54 139 1
56 70 1
56 95 1
56 193 1
56 202 1
56 219 1
57 119 1
57 123 1
57 238 1
59 19 1
59 20 1
59 61 1
59 115 1
59 117 1
59 146 1
59 203 1
60 5 1
60 14 1
60 53 1
60 70 1
60 119 1
60 124 1
60 126 1
60 143 1
60 173 1
60 192 1
60 196 1
60 199 1
60 205 1
61 16 1
61 18 1
61 58 1
61 97 1
61 123 1
62 71 1
62 136 1
62 208 1
63 234 1
64 9 1
64 13 1
64 14 1
64 114 1
64 246 1
65 5 1
65 13 1
65 64 1
65 117 1
65 131 1
65 134 1
65 153 1
65 219 1
65 236 1
65 243 1
65 247 1
66 13 1
66 69 1
66 169 1
66 180 1
66 279 1
67 43 1
67 131 1
67 150 1
68 10 1
68 94 1
68 138 1
68 142 1
68 197 1
68 285 1
69 109 1
69 126 1
69 178 1
69 229 1
70 76 1
70 124 1
71 111 1
72 70 1
72 99 1
72 106 1
72 131 1
72 166 1
72 175 1
72 207 1
73 9 1
73 12 1
73 32 1
73 42 1
73 54 1
73 119 1
73 129 1
73 164 1
73 167 1
73 208 1
73 214 1
74 5 1
74 13 1
74 19 1
74 32 1
74 36 1
74 59 1
74 64 1
74 68 1
74 94 1
74 103 1
74 115 1
74 122 1
74 126 1
74 138 1
74 178 1
74 183 1
74 292 1
75 4 1
75 13 1
75 20 1
75 48 1
75 83 1
75 85 1
75 119 1
75 120 1
75 126 1
75 138 1
75 172 1
75 204 1
75 205 1
75 207 1
75 221 1
75 225 1
75 237 1
75 268 1
76 3 1
76 7 1
76 65 1
76 70 1
76 99 1
76 126 1
76 143 1
76 150 1
76 173 1
76 202 1
76 204 1
76 230 1
76 245 1
77 39 1
77 120 1
78 17 1
78 31 1
78 149 1
78 160 1
78 167 1
78 173 1
78 200 1
78 212 1
78 227 1
78 246 1
79 61 1
79 68 1
79 102 1
79 130 1
79 201 1
79 294 1
80 14 1
80 104 1
80 148 1
80 233 1
81 258 1
82 247 1
82 279 1
83 59 1
83 178 1
84 98 1
84 208 1
85 3 1
85 5 1
85 13 1
85 14 1
85 59 1
85 60 1
85 63 1
85 64 1
85 68 1
85 72 1
85 87 1
85 99 1
85 106 1
85 116 1
85 118 1
85 119 1
85 123 1
85 124 1
85 126 1
85 130 1
85 138 1
85 139 1
85 143 1
85 151 1
85 173 1
85 192 1
85 194 1
85 196 1
85 199 1
85 203 1
85 204 1
85 205 1
85 207 1
85 208 1
85 219 1
85 260 1
86 5 1
86 10 1
86 14 1
86 21 1
86 36 1
86 85 1
86 110 1
86 121 1
86 150 1
86 231 1
86 296 1
87 5 1
87 6 1
87 8 1
87 9 1
87 15 1
87 17 1
87 19 1
87 59 1
87 60 1
87 62 1
87 64 1
87 66 1
87 80 1
87 90 1
87 96 1
87 106 1
87 121 1
87 135 1
87 136 1
87 137 1
87 146 1
87 150 1
87 154 1
87 163 1
87 167 1
87 172 1
87 192 1
87 194 1
87 205 1
87 208 1
87 216 1
87 233 1
87 237 1
87 256 1
87 273 1
87 281 1
88 19 1
88 32 1
88 72 1
88 130 1
88 195 1
88 215 1
88 242 1
89 35 1
89 54 1
89 171 1
89 177 1
89 215 1
90 13 1
90 115 1
90 125 1
90 126 1
90 151 1
90 170 1
90 227 1
90 279 1
91 4 1
91 7 1
91 28 1
91 134 1
91 156 1
91 185 1
91 206 1
92 10 1
92 63 1
93 208 1
94 15 1
94 31 1
94 59 1
94 68 1
94 107 1
94 120 1
94 203 1
95 111 1
95 229 1
95 231 1
96 2 1
96 3 1
96 122 1
96 143 1
96 160 1
96 196 1
97 22 1
97 33 1
97 86 1
97 242 1
98 19 1
98 32 1
98 60 1
98 72 1
98 84 1
98 119 1
98 126 1
98 131 1
98 159 1
98 173 1
98 194 1
98 208 1
98 278 1
98 291 1
99 3 1
99 5 1
99 9 1
99 33 1
99 43 1
99 72 1
99 87 1
99 104 1
99 118 1
99 119 1
99 131 1
99 138 1
99 196 1
99 208 1
99 226 1
99 227 1
99 240 1
99 266 1
99 283 1
100 6 1
100 66 1
100 78 1
100 209 1
100 217 1
101 130 1
101 181 1
101 238 1
102 73 1
102 88 1
102 91 1
102 153 1
102 228 1
102 241 1
103 13 1
103 32 1
103 49 1
103 119 1
103 120 1
103 126 1
103 133 1
103 149 1
103 161 1
103 178 1
103 200 1
103 202 1
104 27 1
104 64 1
104 99 1
104 109 1
104 135 1
104 151 1
104 190 1
104 209 1
104 211 1
104 229 1
104 285 1
105 37 1
105 110 1
105 119 1
105 124 1
105 126 1
105 188 1
105 289 1
106 72 1
106 108 1
106 126 1
106 136 1
106 143 1
106 195 1
106 205 1
106 207 1
107 21 1
107 43 1
107 84 1
107 94 1
107 138 1
107 141 1
107 263 1
108 106 1
108 124 1
108 150 1
108 176 1
108 209 1
108 214 1
108 217 1
109 21 1
109 72 1
109 88 1
109 154 1
109 162 1
109 190 1
109 202 1
109 218 1
109 229 1
109 230 1
109 231 1
110 3 1
110 11 1
110 116 1
110 173 1
110 194 1
110 239 1
111 1 1
111 16 1
111 71 1
111 208 1
112 8 1
112 43 1
112 113 1
112 173 1
112 202 1
112 207 1
112 277 1
113 6 1
113 55 1
113 140 1
113 173 1
113 225 1
113 274 1
113 285 1
114 3 1
114 13 1
114 14 1
114 60 1
114 64 1
114 91 1
114 112 1
114 132 1
114 138 1
114 149 1
114 173 1
114 246 1
115 3 1
115 4 1
115 7 1
115 13 1
115 17 1
115 43 1
115 54 1
115 91 1
115 99 1
115 106 1
115 108 1
115 112 1
115 118 1
115 119 1
115 126 1
115 131 1
115 138 1
115 143 1
115 173 1
115 179 1
115 188 1
115 199 1
115 204 1
115 205 1
115 257 1
116 112 1
116 118 1
116 120 1
116 123 1
116 126 1
116 143 1
116 173 1
116 204 1
116 219 1
117 53 1
117 182 1
117 285 1
118 3 1
118 17 1
118 31 1
118 53 1
118 64 1
118 87 1
118 91 1
118 116 1
118 122 1
118 126 1
118 137 1
118 143 1
118 150 1
118 151 1
118 188 1
118 196 1
118 205 1
118 210 1
118 219 1
118 225 1
118 227 1
118 241 1
118 246 1
118 258 1
118 259 1
118 262 1
119 3 1
119 6 1
119 7 1
119 60 1
119 68 1
119 69 1
119 72 1
119 78 1
119 83 1
119 91 1
119 96 1
119 110 1
119 112 1
119 117 1
119 118 1
119 120 1
119 122 1
119 124 1
119 126 1
119 131 1
119 137 1
119 143 1
119 173 1
119 179 1
119 188 1
119 192 1
119 207 1
119 210 1
119 225 1
119 254 1
119 276 1
120 8 1
120 15 1
120 60 1
120 68 1
120 69 1
120 72 1
120 75 1
120 103 1
120 116 1
120 117 1
120 118 1
120 119 1
120 122 1
120 138 1
120 143 1
120 173 1
120 205 1
120 207 1
120 218 1
120 230 1
121 17 1
121 42 1
121 51 1
121 256 1
122 13 1
122 96 1
122 186 1
123 92 1
123 116 1
123 124 1
123 138 1
123 152 1
123 208 1
123 216 1
123 219 1
123 275 1
123 276 1
123 297 1
124 3 1
124 5 1
124 70 1
124 92 1
124 123 1
124 126 1
124 198 1
124 208 1
124 219 1
124 246 1
124 284 1
125 87 1
125 101 1
125 119 1
125 120 1
125 186 1
125 217 1
125 245 1
125 284 1
126 3 1
126 4 1
126 7 1
126 11 1
126 17 1
126 60 1
126 68 1
126 74 1
126 75 1
126 83 1
126 92 1
126 94 1
126 119 1
126 124 1
126 131 1
126 138 1
126 142 1
126 143 1
126 173 1
126 188 1
126 196 1
126 205 1
126 207 1
126 210 1
126 264 1
127 66 1
127 172 1
127 197 1
128 37 1
128 136 1
129 73 1
129 227 1
129 241 1
130 1 1
130 11 1
130 41 1
130 48 1
130 101 1
130 257 1
131 4 1
131 7 1
131 53 1
131 67 1
131 72 1
131 91 1
131 99 1
131 104 1
131 119 1
131 128 1
131 143 1
131 171 1
131 207 1
131 210 1
131 240 1
131 254 1
131 271 1
131 276 1
132 17 1
132 27 1
132 33 1
132 58 1
132 64 1
132 114 1
132 149 1
132 193 1
133 1 1
133 19 1
133 32 1
133 33 1
133 59 1
133 88 1
133 91 1
133 103 1
133 109 1
133 169 1
133 170 1
133 202 1
133 216 1
133 231 1
133 245 1
134 44 1
134 79 1
134 91 1
134 229 1
134 237 1
136 13 1
136 60 1
136 77 1
136 146 1
136 162 1
136 260 1
137 151 1
138 3 1
138 43 1
138 60 1
138 67 1
138 68 1
138 94 1
138 106 1
138 108 1
138 112 1
138 114 1
138 118 1
138 132 1
138 143 1
138 149 1
138 163 1
138 196 1
138 199 1
138 205 1
138 208 1
138 227 1
138 251 1
138 262 1
139 20 1
139 49 1
139 54 1
139 72 1
139 109 1
139 214 1
140 4 1
140 221 1
140 233 1
140 241 1
141 3 1
141 142 1
141 250 1
142 3 1
142 53 1
142 68 1
142 88 1
142 118 1
142 141 1
142 192 1
142 201 1
142 249 1
143 14 1
143 17 1
143 64 1
143 87 1
143 106 1
143 110 1
143 116 1
143 118 1
143 120 1
143 126 1
143 150 1
143 173 1
143 182 1
143 205 1
143 219 1
143 226 1
145 156 1
145 248 1
146 3 1
146 13 1
146 21 1
146 60 1
146 94 1
146 131 1
146 134 1
146 150 1
146 199 1
146 220 1
146 242 1
146 246 1
147 158 1
147 285 1
148 55 1
148 58 1
148 256 1
149 64 1
149 91 1
149 111 1
149 114 1
149 122 1
149 130 1
149 134 1
149 246 1
150 19 1
150 67 1
151 137 1
152 5 1
152 11 1
152 13 1
152 59 1
152 88 1
152 91 1
152 110 1
152 114 1
152 138 1
152 140 1
152 178 1
152 239 1
153 3 1
153 10 1
153 13 1
153 104 1
153 115 1
153 169 1
153 268 1
154 3 1
154 12 1
154 13 1
154 100 1
154 146 1
154 193 1
155 25 1
155 62 1
155 180 1
155 214 1
155 222 1
155 251 1
155 257 1
156 15 1
156 77 1
156 125 1
156 145 1
156 150 1
156 186 1
156 206 1
156 222 1
156 244 1
157 1 1
157 13 1
157 78 1
157 186 1
157 223 1
157 231 1
157 260 1
158 4 1
158 46 1
158 109 1
158 118 1
158 140 1
158 146 1
158 206 1
158 241 1
158 277 1
159 2 1
159 53 1
159 62 1
159 63 1
159 148 1
160 37 1
160 63 1
160 77 1
160 84 1
160 121 1
160 128 1
160 202 1
160 248 1
160 249 1
161 13 1
161 31 1
161 39 1
161 166 1
161 205 1
161 208 1
161 210 1
161 226 1
161 240 1
161 265 1
162 5 1
162 46 1
162 102 1
162 107 1
162 115 1
162 119 1
162 120 1
162 177 1
162 218 1
163 5 1
163 13 1
163 47 1
163 110 1
163 138 1
163 140 1
163 149 1
163 161 1
163 181 1
164 13 1
164 62 1
164 67 1
164 71 1
164 106 1
164 153 1
164 179 1
164 205 1
164 233 1
164 255 1
165 16 1
165 59 1
165 119 1
165 192 1
165 208 1
165 215 1
166 4 1
166 9 1
166 55 1
166 85 1
166 159 1
167 22 1
167 30 1
167 33 1
167 58 1
167 103 1
167 107 1
167 134 1
167 165 1
167 178 1
167 200 1
167 207 1
168 66 1
168 100 1
168 103 1
168 110 1
168 112 1
168 125 1
168 170 1
168 199 1
168 200 1
168 252 1
169 41 1
169 83 1
169 136 1
169 154 1
169 159 1
169 205 1
169 217 1
169 259 1
170 10 1
170 84 1
170 102 1
170 164 1
170 216 1
170 252 1
171 12 1
171 17 1
171 43 1
171 230 1
171 267 1
171 281 1
172 7 1
172 138 1
172 197 1
172 205 1
172 245 1
172 279 1
173 3 1
173 9 1
173 11 1
173 17 1
173 31 1
173 39 1
173 43 1
173 51 1
173 60 1
173 64 1
173 68 1
173 94 1
173 110 1
173 112 1
173 118 1
173 126 1
173 138 1
173 143 1
173 151 1
173 194 1
173 196 1
173 204 1
173 208 1
173 226 1
173 227 1
173 284 1
174 15 1
174 60 1
174 87 1
174 100 1
174 119 1
174 141 1
174 163 1
174 172 1
174 193 1
174 200 1
174 217 1
175 29 1
175 55 1
175 59 1
175 110 1
175 117 1
176 91 1
176 98 1
176 128 1
176 229 1
176 264 1
177 68 1
177 147 1
177 170 1
177 209 1
177 218 1
177 221 1
177 246 1
178 13 1
178 19 1
178 32 1
178 67 1
178 74 1
178 92 1
178 103 1
178 109 1
178 183 1
178 200 1
178 206 1
178 216 1
178 229 1
179 3 1
179 4 1
179 7 1
179 14 1
179 21 1
179 32 1
179 188 1
179 195 1
179 211 1
179 257 1
180 93 1
180 102 1
180 131 1
180 137 1
180 211 1
180 212 1
180 218 1
180 225 1
181 16 1
181 56 1
181 90 1
181 119 1
181 178 1
181 217 1
181 275 1
182 1 1
182 6 1
182 120 1
182 173 1
182 238 1
182 246 1
183 7 1
183 32 1
183 65 1
183 107 1
183 172 1
183 198 1
183 248 1
183 253 1
183 285 1
184 48 1
184 202 1
184 216 1
184 248 1
185 28 1
185 157 1
185 206 1
185 285 1
186 13 1
186 122 1
186 125 1
186 138 1
186 153 1
186 180 1
186 196 1
186 249 1
187 27 1
187 57 1
187 71 1
187 88 1
187 134 1
187 205 1
188 3 1
188 31 1
188 43 1
188 54 1
188 60 1
188 71 1
188 91 1
188 97 1
188 139 1
188 143 1
188 173 1
188 206 1
188 226 1
188 227 1
188 239 1
188 283 1
189 192 1
189 227 1
189 273 1
190 3 1
190 53 1
190 62 1
190 67 1
190 84 1
190 88 1
190 96 1
190 98 1
190 105 1
190 109 1
190 117 1
190 133 1
190 144 1
190 202 1
190 204 1
190 208 1
190 231 1
191 3 1
191 4 1
191 5 1
191 17 1
191 60 1
191 74 1
191 91 1
191 99 1
191 103 1
191 112 1
191 116 1
191 118 1
191 119 1
191 120 1
191 126 1
191 128 1
191 131 1
191 134 1
191 140 1
191 144 1
191 151 1
191 162 1
191 178 1
191 185 1
191 192 1
191 199 1
191 209 1
191 229 1
191 246 1
191 258 1
191 263 1
192 3 1
192 69 1
192 83 1
192 96 1
192 119 1
192 120 1
192 122 1
192 135 1
192 225 1
192 246 1
192 254 1
193 114 1
193 119 1
193 135 1
193 180 1
193 182 1
194 13 1
194 22 1
194 63 1
194 138 1
194 204 1
194 205 1
194 208 1
194 213 1
194 242 1
194 290 1
195 3 1
195 32 1
195 88 1
195 212 1
195 230 1
196 51 1
196 73 1
196 96 1
196 121 1
196 122 1
196 136 1
196 152 1
196 210 1
197 77 1
197 127 1
197 133 1
197 172 1
198 3 1
198 4 1
198 5 1
198 7 1
198 13 1
198 70 1
198 85 1
198 118 1
198 124 1
198 138 1
198 166 1
198 169 1
198 246 1
198 258 1
199 32 1
199 102 1
199 146 1
199 192 1
199 227 1
199 230 1
199 246 1
199 279 1
200 5 1
200 13 1
200 22 1
200 102 1
200 103 1
200 152 1
200 167 1
200 178 1
200 203 1
200 204 1
200 258 1
201 9 1
201 15 1
201 22 1
201 27 1
201 30 1
201 41 1
201 53 1
201 124 1
201 142 1
201 189 1
201 208 1
201 212 1
201 232 1
201 241 1
201 259 1
202 33 1
202 76 1
202 126 1
202 133 1
202 178 1
202 204 1
203 2 1
203 5 1
203 13 1
203 49 1
203 59 1
203 64 1
203 188 1
203 204 1
203 217 1
203 226 1
203 257 1
203 273 1
204 43 1
204 116 1
204 126 1
204 130 1
204 173 1
205 14 1
205 18 1
205 60 1
205 101 1
205 106 1
205 138 1
205 173 1
205 194 1
206 16 1
206 28 1
206 35 1
206 43 1
206 185 1
206 223 1
206 238 1
206 279 1
207 72 1
207 139 1
207 280 1
208 63 1
208 123 1
208 124 1
208 138 1
208 194 1
208 196 1
209 229 1
210 7 1
210 35 1
210 64 1
210 131 1
210 227 1
211 6 1
211 88 1
211 92 1
211 135 1
211 146 1
211 192 1
212 78 1
212 193 1
212 199 1
212 201 1
212 227 1
213 2 1
213 51 1
213 133 1
213 214 1
213 233 1
213 238 1
214 12 1
214 42 1
214 54 1
214 68 1
214 72 1
214 73 1
214 81 1
214 108 1
214 109 1
214 164 1
214 206 1
215 54 1
215 59 1
215 60 1
215 122 1
215 149 1
215 165 1
215 214 1
216 192 1
216 206 1
216 246 1
216 281 1
217 49 1
217 87 1
217 125 1
217 161 1
218 120 1
218 138 1
218 162 1
218 181 1
219 10 1
219 34 1
219 35 1
219 47 1
219 122 1
219 187 1
219 196 1
219 214 1
219 284 1
220 1 1
220 3 1
220 4 1
220 13 1
220 14 1
220 48 1
220 58 1
220 101 1
220 130 1
220 134 1
220 166 1
220 197 1
220 216 1
220 233 1
220 259 1
220 285 1
221 4 1
221 128 1
221 140 1
221 177 1
222 2 1
222 51 1
222 117 1
222 128 1
222 150 1
222 156 1
222 186 1
222 280 1
223 149 1
224 287 1
225 9 1
225 16 1
225 192 1
226 122 1
226 143 1
226 159 1
226 240 1
227 31 1
227 78 1
227 118 1
227 137 1
227 146 1
227 199 1
227 210 1
228 28 1
228 100 1
228 107 1
228 139 1
228 165 1
228 179 1
228 189 1
228 240 1
228 251 1
228 278 1
229 134 1
229 209 1
230 76 1
230 195 1
232 17 1
232 28 1
232 43 1
232 67 1
232 83 1
232 88 1
232 90 1
232 103 1
232 133 1
232 134 1
232 185 1
232 221 1
232 225 1
232 233 1
232 284 1
233 28 1
233 77 1
233 119 1
233 151 1
234 3 1
234 13 1
234 63 1
234 66 1
234 85 1
234 100 1
234 118 1
234 143 1
234 146 1
234 147 1
234 151 1
234 173 1
234 199 1
234 225 1
234 227 1
235 19 1
235 41 1
235 42 1
235 71 1
235 72 1
235 73 1
235 106 1
235 150 1
235 188 1
235 192 1
236 35 1
236 284 1
237 43 1
237 102 1
238 49 1
238 213 1
239 4 1
239 57 1
239 92 1
239 211 1
239 225 1
239 240 1
239 258 1
240 226 1
241 140 1
242 267 1
245 70 1
245 132 1
245 172 1
245 221 1
246 88 1
246 192 1
246 217 1
246 256 1
247 57 1
247 126 1
247 176 1
248 145 1
249 186 1
250 49 1
250 126 1
250 168 1
250 180 1
250 192 1
250 225 1
250 282 1
251 164 1
253 16 1
253 42 1
253 85 1
253 127 1
253 215 1
254 118 1
254 143 1
254 227 1
254 229 1
255 97 1
255 237 1
255 277 1
256 148 1
256 171 1
256 249 1
256 278 1
257 88 1
257 115 1
257 138 1
257 203 1
257 204 1
258 63 1
258 193 1
258 239 1
259 219 1
263 279 1
263 288 1
264 163 1
264 169 1
265 242 1
265 247 1
266 68 1
266 178 1
267 94 1
267 112 1
268 10 1
268 176 1
269 29 1
269 85 1
269 90 1
269 182 1
269 197 1
269 200 1
269 202 1
269 215 1
270 15 1
270 19 1
270 28 1
270 38 1
270 50 1
270 89 1
270 94 1
270 112 1
270 189 1
270 220 1
270 283 1
271 285 1
272 13 1
272 58 1
272 158 1
272 170 1
272 184 1
272 189 1
272 203 1
272 233 1
272 269 1
272 270 1
273 135 1
274 19 1
274 101 1
274 105 1
274 129 1
274 149 1
274 155 1
274 170 1
274 180 1
274 236 1
275 168 1
276 39 1
276 71 1
276 84 1
276 85 1
276 123 1
276 138 1
276 143 1
276 200 1
276 208 1
276 240 1
277 3 1
277 70 1
277 87 1
277 102 1
277 111 1
277 112 1
277 140 1
277 188 1
277 192 1
277 221 1
277 225 1
277 254 1
278 64 1
278 68 1
278 86 1
278 115 1
278 121 1
278 231 1
278 254 1
278 282 1
280 205 1
283 134 1
284 32 1
284 125 1
