1 155 1
1 183 1
2 6 1
2 22 1
2 24 1
2 42 1
2 43 1
2 58 1
2 59 1
2 96 1
2 118 1
2 119 1
2 126 1
2 138 1
2 151 1
2 153 1
2 173 1
2 178 1
2 216 1
2 219 1
2 225 1
2 229 1
2 234 1
2 256 1
2 285 1
2 289 1
3 1 1
3 2 1
3 5 1
3 6 1
3 7 1
3 16 1
3 19 1
3 28 1
3 32 1
3 55 1
3 57 1
3 60 1
3 62 1
3 68 1
3 70 1
3 71 1
3 87 1
3 88 1
3 91 1
3 94 1
3 99 1
3 114 1
3 117 1
3 119 1
3 123 1
3 128 1
3 134 1
3 136 1
3 143 1
3 167 1
3 173 1
3 188 1
3 194 1
3 204 1
3 205 1
3 208 1
3 217 1
3 225 1
3 246 1
3 284 1
3 285 1
4 3 1
4 13 1
4 16 1
4 21 1
4 42 1
4 51 1
4 60 1
4 63 1
4 68 1
4 84 1
4 85 1
4 99 1
4 103 1
4 110 1
4 115 1
4 116 1
4 118 1
4 120 1
4 121 1
4 124 1
4 126 1
4 138 1
4 143 1
4 150 1
4 153 1
4 173 1
4 178 1
4 192 1
4 194 1
4 196 1
4 199 1
4 211 1
4 219 1
5 3 1
5 16 1
5 17 1
5 19 1
5 28 1
5 55 1
5 57 1
5 64 1
5 67 1
5 70 1
5 94 1
5 99 1
5 106 1
5 107 1
5 109 1
5 112 1
5 119 1
5 122 1
5 126 1
5 138 1
5 171 1
5 186 1
5 208 1
5 214 1
5 217 1
5 218 1
5 240 1
5 242 1
5 246 1
5 254 1
5 256 1
5 271 1
5 281 1
5 284 1
5 285 1
6 20 1
6 21 1
6 102 1
6 150 1
6 152 1
6 214 1
6 245 1
6 262 1
7 3 1
7 5 1
7 9 1
7 13 1
7 15 1
7 32 1
7 60 1
7 68 1
7 71 1
7 87 1
7 88 1
7 93 1
7 96 1
7 99 1
7 104 1
7 108 1
7 119 1
7 126 1
7 130 1
7 173 1
7 186 1
7 199 1
7 200 1
7 203 1
7 204 1
7 205 1
7 284 1
8 4 1
8 49 1
8 58 1
8 87 1
8 92 1
8 118 1
8 126 1
8 127 1
8 130 1
8 193 1
8 201 1
8 225 1
8 247 1
8 295 1
9 32 1
9 68 1
9 90 1
9 92 1
9 96 1
9 148 1
9 150 1
9 180 1
9 205 1
9 217 1
10 35 1
10 83 1
10 84 1
10 104 1
10 117 1
10 119 1
10 187 1
10 217 1
11 1 1
11 9 1
11 42 1
11 55 1
11 119 1
11 142 1
11 203 1
11 221 1
11 245 1
12 17 1
12 59 1
12 143 1
12 193 1
12 224 1
12 226 1
12 239 1
13 3 1
13 5 1
13 7 1
13 9 1
13 14 1
13 28 1
13 54 1
13 58 1
13 59 1
13 60 1
13 64 1
13 72 1
13 91 1
13 94 1
13 96 1
13 99 1
13 102 1
13 110 1
13 122 1
13 124 1
13 130 1
13 131 1
13 132 1
13 133 1
13 135 1
13 139 1
13 143 1
13 146 1
13 150 1
13 171 1
13 173 1
13 192 1
13 202 1
13 203 1
13 204 1
13 205 1
13 208 1
13 214 1
13 217 1
13 225 1
13 227 1
13 237 1
13 246 1
13 256 1
13 258 1
14 3 1
14 4 1
14 5 1
14 13 1
14 59 1
14 60 1
14 68 1
14 74 1
14 85 1
14 87 1
14 88 1
14 102 1
14 104 1
14 110 1
14 119 1
14 124 1
14 126 1
14 143 1
14 146 1
14 173 1
14 192 1
14 194 1
14 202 1
14 206 1
14 214 1
14 277 1
15 3 1
15 7 1
15 13 1
15 39 1
15 68 1
15 87 1
15 102 1
15 118 1
15 119 1
15 146 1
15 150 1
15 169 1
15 193 1
15 199 1
15 200 1
15 205 1
15 268 1
16 90 1
16 111 1
16 169 1
16 217 1
17 27 1
17 59 1
17 246 1
18 19 1
18 87 1
18 118 1
18 144 1
18 198 1
18 273 1
19 94 1
19 114 1
19 238 1
19 268 1
20 6 1
20 61 1
20 73 1
20 122 1
20 164 1
20 260 1
21 18 1
21 22 1
21 31 1
21 64 1
21 70 1
21 100 1
21 120 1
21 165 1
21 285 1
22 13 1
22 94 1
22 111 1
22 113 1
22 126 1
22 138 1
22 150 1
22 162 1
22 209 1
22 238 1
22 242 1
22 248 1
22 250 1
23 1 1
23 13 1
23 19 1
23 32 1
23 43 1
23 57 1
23 64 1
23 82 1
23 87 1
23 120 1
23 169 1
23 214 1
23 246 1
23 254 1
24 2 1
24 3 1
24 7 1
24 14 1
24 15 1
24 18 1
24 33 1
24 35 1
24 42 1
24 87 1
24 91 1
24 99 1
24 118 1
24 126 1
24 143 1
24 170 1
24 193 1
24 231 1
24 260 1
25 86 1
25 128 1
25 136 1
25 159 1
25 242 1
26 35 1
26 101 1
26 167 1
26 239 1
26 279 1
27 51 1
27 177 1
28 88 1
28 173 1
28 180 1
28 205 1
28 228 1
29 52 1
29 152 1
29 192 1
29 233 1
30 3 1
30 27 1
30 64 1
30 77 1
30 195 1
30 274 1
31 35 1
31 206 1
31 227 1
32 7 1
32 43 1
32 96 1
32 99 1
32 108 1
32 202 1
32 225 1
32 279 1
33 67 1
33 88 1
33 151 1
33 205 1
33 249 1
34 1 1
34 5 1
34 18 1
34 33 1
34 51 1
34 63 1
34 66 1
34 76 1
34 83 1
34 149 1
34 171 1
34 196 1
34 236 1
35 16 1
35 145 1
35 172 1
35 177 1
35 223 1
36 3 1
36 4 1
36 7 1
36 13 1
36 27 1
36 73 1
36 91 1
36 94 1
36 114 1
36 121 1
36 140 1
36 182 1
36 204 1
36 208 1
36 219 1
36 231 1
37 53 1
37 68 1
37 112 1
37 132 1
37 190 1
37 229 1
37 248 1
38 21 1
38 62 1
38 102 1
38 138 1
38 216 1
39 53 1
39 109 1
39 112 1
40 4 1
40 5 1
40 86 1
40 138 1
40 172 1
40 194 1
40 199 1
40 219 1
40 240 1
40 254 1
41 46 1
41 88 1
41 188 1
41 197 1
41 258 1
42 103 1
42 116 1
42 151 1
42 163 1
42 214 1
42 233 1
43 32 1
43 78 1
43 83 1
43 100 1
43 118 1
43 120 1
43 137 1
43 165 1
43 186 1
43 204 1
44 60 1
44 91 1
44 118 1
44 126 1
44 133 1
44 138 1
44 143 1
44 170 1
44 171 1
44 173 1
44 188 1
44 201 1
44 216 1
44 240 1
44 246 1
45 1 1
45 3 1
45 4 1
45 5 1
45 6 1
45 7 1
45 9 1
45 11 1
45 12 1
45 13 1
45 14 1
45 15 1
45 17 1
45 18 1
45 19 1
45 22 1
45 28 1
45 30 1
45 31 1
45 32 1
45 36 1
45 42 1
45 43 1
45 47 1
45 48 1
45 49 1
45 53 1
45 54 1
45 59 1
45 60 1
45 64 1
45 65 1
45 66 1
45 68 1
45 71 1
45 72 1
45 74 1
45 75 1
45 76 1
45 77 1
45 78 1
45 84 1
45 85 1
45 87 1
45 88 1
45 91 1
45 93 1
45 94 1
45 96 1
45 99 1
45 101 1
45 103 1
45 104 1
45 106 1
45 107 1
45 108 1
45 109 1
45 110 1
45 112 1
45 114 1
45 115 1
45 116 1
45 118 1
45 119 1
45 120 1
45 122 1
45 123 1
45 124 1
45 126 1
45 128 1
45 130 1
45 131 1
45 133 1
45 134 1
45 135 1
45 137 1
45 138 1
45 141 1
45 142 1
45 143 1
45 146 1
45 150 1
45 155 1
45 159 1
45 162 1
45 164 1
45 173 1
45 177 1
45 179 1
45 180 1
45 184 1
45 186 1
45 188 1
45 189 1
45 190 1
45 192 1
45 194 1
45 195 1
45 197 1
45 198 1
45 199 1
45 200 1
45 202 1
45 203 1
45 204 1
45 205 1
45 206 1
45 207 1
45 208 1
45 210 1
45 212 1
45 214 1
45 215 1
45 219 1
45 220 1
45 225 1
45 226 1
45 227 1
45 229 1
45 230 1
45 232 1
45 233 1
45 234 1
45 237 1
45 238 1
45 246 1
45 248 1
45 256 1
45 257 1
45 262 1
45 263 1
45 277 1
45 278 1
45 293 1
46 10 1
46 39 1
46 101 1
46 134 1
46 173 1
47 13 1
47 14 1
47 60 1
47 104 1
47 106 1
47 118 1
47 122 1
47 124 1
47 131 1
47 192 1
47 200 1
47 219 1
47 229 1
47 279 1
48 8 1
48 13 1
48 30 1
48 32 1
48 43 1
48 60 1
48 63 1
48 78 1
48 92 1
48 116 1
48 118 1
48 130 1
48 139 1
48 150 1
48 178 1
48 196 1
48 227 1
48 278 1
49 4 1
49 8 1
49 10 1
49 11 1
49 17 1
49 31 1
49 32 1
49 48 1
49 53 1
49 87 1
49 116 1
49 118 1
49 126 1
49 156 1
49 173 1
49 178 1
49 185 1
49 206 1
49 221 1
49 227 1
50 7 1
50 20 1
50 21 1
50 24 1
50 61 1
50 109 1
50 126 1
50 163 1
50 170 1
50 176 1
50 209 1
50 225 1
50 241 1
51 15 1
51 19 1
51 79 1
51 118 1
51 151 1
51 230 1
52 3 1
52 10 1
52 89 1
52 154 1
52 158 1
52 170 1
52 209 1
52 219 1
52 284 1
53 121 1
53 133 1
53 136 1
53 173 1
53 202 1
53 247 1
53 267 1
54 203 1
56 39 1
56 124 1
56 247 1
56 272 1
56 294 1
57 25 1
57 51 1
57 136 1
59 78 1
59 109 1
59 119 1
59 171 1
59 214 1
59 221 1
59 225 1
60 14 1
60 74 1
60 88 1
60 91 1
60 110 1
60 124 1
60 126 1
60 143 1
60 173 1
60 192 1
60 199 1
60 254 1
60 260 1
61 31 1
61 51 1
61 54 1
61 226 1
61 258 1
62 97 1
62 140 1
62 213 1
63 213 1
64 32 1
64 43 1
64 120 1
64 202 1
64 218 1
65 3 1
65 29 1
65 39 1
65 43 1
65 51 1
65 87 1
65 119 1
65 126 1
65 171 1
65 189 1
65 245 1
66 53 1
66 113 1
66 151 1
66 157 1
66 204 1
67 33 1
67 70 1
67 249 1
68 51 1
68 102 1
68 143 1
68 173 1
68 194 1
68 205 1
69 88 1
69 208 1
69 231 1
69 260 1
70 67 1
70 240 1
71 226 1
72 129 1
72 195 1
72 196 1
72 207 1
72 208 1
72 251 1
72 277 1
73 4 1
73 10 1
73 17 1
73 103 1
73 117 1
73 132 1
73 141 1
73 167 1
73 196 1
73 246 1
73 267 1
74 13 1
74 14 1
74 51 1
74 59 1
74 60 1
74 88 1
74 109 1
74 113 1
74 119 1
74 126 1
74 136 1
74 143 1
74 173 1
74 192 1
74 205 1
74 239 1
74 270 1
75 3 1
75 5 1
75 13 1
75 64 1
75 87 1
75 98 1
75 106 1
75 109 1
75 126 1
75 138 1
75 149 1
75 167 1
75 178 1
75 181 1
75 208 1
75 215 1
75 217 1
75 259 1
76 28 1
76 43 1
76 59 1
76 64 1
76 85 1
76 112 1
76 120 1
76 124 1
76 154 1
76 162 1
76 165 1
76 212 1
76 276 1
77 138 1
77 205 1
78 43 1
78 48 1
78 49 1
78 139 1
78 143 1
78 157 1
78 181 1
78 208 1
78 227 1
78 260 1
79 35 1
79 63 1
79 73 1
79 151 1
79 170 1
79 172 1
80 107 1
80 116 1
80 196 1
80 209 1
81 186 1
82 150 1
82 279 1
83 56 1
83 237 1
84 31 1
84 212 1
85 3 1
85 5 1
85 7 1
85 13 1
85 15 1
85 32 1
85 60 1
85 62 1
85 64 1
85 98 1
85 99 1
85 104 1
85 106 1
85 110 1
85 112 1
85 118 1
85 119 1
85 120 1
85 124 1
85 126 1
85 131 1
85 143 1
85 146 1
85 150 1
85 168 1
85 173 1
85 192 1
85 200 1
85 205 1
85 206 1
85 207 1
85 225 1
85 227 1
85 231 1
85 241 1
85 280 1
86 13 1
86 60 1
86 85 1
86 91 1
86 92 1
86 98 1
86 192 1
86 196 1
86 233 1
86 254 1
86 281 1
87 2 1
87 3 1
87 5 1
87 11 1
87 16 1
87 19 1
87 28 1
87 60 1
87 66 1
87 68 1
87 91 1
87 92 1
87 99 1
87 111 1
87 112 1
87 114 1
87 119 1
87 126 1
87 131 1
87 136 1
87 143 1
87 146 1
87 149 1
87 167 1
87 173 1
87 188 1
87 192 1
87 203 1
87 204 1
87 205 1
87 210 1
87 217 1
87 229 1
87 236 1
87 246 1
87 285 1
88 5 1
88 26 1
88 60 1
88 67 1
88 84 1
88 154 1
88 231 1
89 16 1
89 71 1
89 72 1
89 139 1
89 283 1
90 50 1
90 63 1
90 70 1
90 91 1
90 169 1
90 260 1
90 276 1
90 282 1
91 19 1
91 126 1
91 143 1
91 172 1
91 196 1
91 204 1
91 238 1
92 91 1
92 172 1
93 96 1
94 19 1
94 107 1
94 131 1
94 134 1
94 205 1
94 210 1
94 214 1
95 13 1
95 242 1
95 285 1
96 7 1
96 9 1
96 17 1
96 32 1
96 68 1
96 225 1
97 4 1
97 28 1
97 66 1
97 296 1
98 13 1
98 64 1
98 69 1
98 75 1
98 109 1
98 111 1
98 119 1
98 125 1
98 126 1
98 195 1
98 208 1
98 210 1
98 226 1
98 237 1
99 3 1
99 5 1
99 13 1
99 17 1
99 55 1
99 60 1
99 88 1
99 96 1
99 124 1
99 126 1
99 143 1
99 150 1
99 173 1
99 192 1
99 202 1
99 214 1
99 225 1
99 227 1
99 246 1
100 59 1
100 132 1
100 138 1
100 140 1
100 257 1
101 19 1
101 67 1
101 206 1
102 51 1
102 92 1
102 133 1
102 147 1
102 176 1
102 210 1
103 13 1
103 115 1
103 118 1
103 122 1
103 138 1
103 200 1
103 205 1
103 208 1
103 210 1
103 229 1
103 246 1
103 254 1
104 13 1
104 14 1
104 60 1
104 64 1
104 146 1
104 163 1
104 192 1
104 200 1
104 219 1
104 220 1
104 241 1
105 54 1
105 188 1
105 192 1
105 203 1
105 223 1
105 256 1
105 280 1
106 3 1
106 47 1
106 112 1
106 130 1
106 150 1
106 151 1
106 208 1
106 230 1
107 4 1
107 103 1
107 122 1
107 138 1
107 185 1
107 193 1
107 200 1
108 31 1
108 43 1
108 72 1
108 130 1
108 156 1
108 197 1
108 245 1
109 13 1
109 14 1
109 77 1
109 88 1
109 119 1
109 126 1
109 138 1
109 149 1
109 163 1
109 196 1
109 245 1
110 112 1
110 124 1
110 140 1
110 173 1
110 236 1
110 265 1
111 13 1
111 112 1
111 128 1
111 248 1
112 20 1
112 100 1
112 106 1
112 118 1
112 138 1
112 140 1
112 186 1
113 32 1
113 83 1
113 219 1
113 221 1
113 273 1
113 284 1
113 297 1
114 3 1
114 7 1
114 19 1
114 36 1
114 64 1
114 91 1
114 130 1
114 142 1
114 188 1
114 204 1
114 208 1
114 284 1
115 13 1
115 42 1
115 64 1
115 71 1
115 72 1
115 94 1
115 103 1
115 104 1
115 122 1
115 131 1
115 133 1
115 134 1
115 138 1
115 150 1
115 163 1
115 170 1
115 171 1
115 178 1
115 185 1
115 195 1
115 205 1
115 208 1
115 210 1
115 226 1
115 266 1
116 13 1
116 32 1
116 48 1
116 49 1
116 118 1
116 148 1
116 196 1
116 200 1
116 254 1
117 147 1
117 151 1
117 255 1
118 3 1
118 7 1
118 9 1
118 13 1
118 15 1
118 65 1
118 68 1
118 72 1
118 88 1
118 94 1
118 103 1
118 126 1
118 131 1
118 134 1
118 138 1
118 181 1
118 199 1
118 205 1
118 208 1
118 210 1
118 227 1
118 229 1
118 234 1
118 245 1
118 246 1
118 258 1
119 1 1
119 2 1
119 17 1
119 22 1
119 28 1
119 33 1
119 43 1
119 67 1
119 68 1
119 84 1
119 91 1
119 96 1
119 103 1
119 106 1
119 107 1
119 112 1
119 116 1
119 118 1
119 126 1
119 138 1
119 143 1
119 150 1
119 151 1
119 178 1
119 185 1
119 186 1
119 203 1
119 205 1
119 208 1
119 255 1
119 285 1
120 3 1
120 8 1
120 16 1
120 43 1
120 59 1
120 64 1
120 76 1
120 85 1
120 110 1
120 112 1
120 119 1
120 124 1
120 126 1
120 165 1
120 168 1
120 186 1
120 188 1
120 196 1
120 251 1
120 266 1
121 87 1
121 92 1
121 197 1
121 231 1
122 20 1
122 133 1
122 208 1
123 12 1
123 17 1
123 54 1
123 63 1
123 94 1
123 144 1
123 156 1
123 213 1
123 214 1
123 217 1
123 281 1
124 5 1
124 14 1
124 60 1
124 110 1
124 120 1
124 135 1
124 139 1
124 173 1
124 177 1
124 192 1
124 227 1
125 118 1
125 122 1
125 134 1
125 156 1
125 184 1
125 192 1
125 202 1
125 208 1
126 2 1
126 3 1
126 7 1
126 14 1
126 15 1
126 58 1
126 59 1
126 71 1
126 72 1
126 88 1
126 94 1
126 104 1
126 109 1
126 118 1
126 119 1
126 129 1
126 143 1
126 173 1
126 182 1
126 203 1
126 205 1
126 208 1
126 227 1
126 229 1
126 285 1
127 6 1
127 218 1
127 230 1
128 125 1
128 141 1
129 72 1
129 151 1
129 196 1
130 8 1
130 48 1
130 92 1
130 108 1
130 142 1
130 173 1
131 1 1
131 3 1
131 13 1
131 28 1
131 53 1
131 72 1
131 94 1
131 102 1
131 133 1
131 146 1
131 173 1
131 189 1
131 205 1
131 207 1
131 210 1
131 214 1
131 240 1
131 262 1
132 3 1
132 4 1
132 73 1
132 105 1
132 149 1
132 194 1
132 206 1
132 227 1
133 3 1
133 5 1
133 39 1
133 53 1
133 70 1
133 72 1
133 94 1
133 99 1
133 117 1
133 122 1
133 126 1
133 143 1
133 202 1
133 208 1
133 210 1
134 94 1
134 146 1
134 177 1
134 216 1
134 283 1
136 14 1
136 119 1
136 182 1
136 204 1
136 215 1
136 283 1
137 230 1
138 6 1
138 13 1
138 19 1
138 20 1
138 68 1
138 71 1
138 75 1
138 83 1
138 87 1
138 94 1
138 103 1
138 108 1
138 112 1
138 115 1
138 122 1
138 131 1
138 146 1
138 150 1
138 185 1
138 195 1
138 205 1
138 208 1
139 54 1
139 72 1
139 207 1
139 213 1
139 227 1
139 264 1
140 100 1
140 197 1
140 202 1
140 204 1
141 17 1
141 128 1
141 200 1
142 3 1
142 11 1
142 19 1
142 101 1
142 107 1
142 114 1
142 130 1
142 155 1
142 211 1
143 1 1
143 2 1
143 3 1
143 5 1
143 22 1
143 28 1
143 43 1
143 91 1
143 119 1
143 126 1
143 173 1
143 194 1
143 198 1
143 204 1
143 226 1
143 285 1
145 35 1
145 241 1
146 3 1
146 60 1
146 64 1
146 70 1
146 126 1
146 131 1
146 161 1
146 173 1
146 192 1
146 202 1
146 240 1
146 290 1
147 71 1
147 244 1
148 13 1
148 97 1
148 116 1
149 55 1
149 104 1
149 107 1
149 122 1
149 133 1
149 141 1
149 257 1
149 280 1
150 13 1
150 106 1
151 33 1
152 16 1
152 31 1
152 43 1
152 47 1
152 80 1
152 83 1
152 189 1
152 196 1
152 206 1
152 207 1
152 249 1
152 279 1
153 53 1
153 57 1
153 106 1
153 115 1
153 138 1
153 212 1
153 231 1
154 17 1
154 67 1
154 81 1
154 175 1
154 218 1
154 249 1
155 73 1
155 87 1
155 118 1
155 208 1
155 216 1
155 218 1
155 233 1
156 17 1
156 46 1
156 113 1
156 117 1
156 118 1
156 123 1
156 125 1
156 208 1
156 231 1
157 3 1
157 10 1
157 21 1
157 105 1
157 138 1
157 168 1
157 235 1
158 16 1
158 78 1
158 85 1
158 92 1
158 162 1
158 196 1
158 208 1
158 261 1
158 291 1
159 93 1
159 143 1
159 164 1
159 203 1
159 209 1
160 17 1
160 55 1
160 85 1
160 115 1
160 128 1
160 199 1
160 209 1
160 245 1
160 257 1
161 21 1
161 28 1
161 70 1
161 105 1
161 110 1
161 120 1
161 160 1
161 173 1
161 196 1
161 207 1
162 5 1
162 28 1
162 76 1
162 85 1
162 140 1
162 169 1
162 216 1
162 225 1
162 252 1
163 11 1
163 21 1
163 42 1
163 44 1
163 78 1
163 111 1
163 166 1
163 205 1
163 255 1
164 85 1
164 121 1
164 135 1
164 154 1
164 211 1
164 215 1
164 233 1
164 246 1
164 262 1
164 283 1
165 4 1
165 69 1
165 86 1
165 149 1
165 218 1
165 240 1
166 58 1
166 63 1
166 84 1
166 130 1
166 185 1
167 13 1
167 43 1
167 73 1
167 99 1
167 121 1
167 136 1
167 149 1
167 199 1
167 221 1
167 227 1
167 268 1
168 4 1
168 41 1
168 56 1
168 58 1
168 84 1
168 88 1
168 160 1
168 207 1
168 225 1
168 251 1
169 10 1
169 77 1
169 100 1
169 163 1
169 193 1
169 194 1
169 275 1
169 279 1
170 1 1
170 91 1
170 161 1
170 173 1
170 226 1
170 234 1
171 17 1
171 44 1
171 59 1
171 119 1
171 143 1
171 230 1
172 35 1
172 41 1
172 125 1
172 152 1
172 222 1
172 257 1
173 2 1
173 5 1
173 9 1
173 28 1
173 32 1
173 59 1
173 68 1
173 96 1
173 110 1
173 117 1
173 119 1
173 120 1
173 126 1
173 131 1
173 143 1
173 154 1
173 194 1
173 199 1
173 205 1
173 207 1
173 214 1
173 221 1
173 225 1
173 227 1
173 233 1
173 246 1
174 3 1
174 5 1
174 91 1
174 128 1
174 143 1
174 146 1
174 147 1
174 183 1
174 216 1
174 238 1
174 271 1
175 41 1
175 54 1
175 69 1
175 93 1
175 271 1
176 69 1
176 101 1
176 138 1
176 144 1
176 258 1
177 37 1
177 85 1
177 100 1
177 118 1
177 134 1
177 137 1
177 161 1
178 4 1
178 13 1
178 16 1
178 48 1
178 63 1
178 110 1
178 116 1
178 124 1
178 138 1
178 196 1
178 219 1
178 227 1
178 238 1
179 13 1
179 94 1
179 112 1
179 115 1
179 119 1
179 120 1
179 123 1
179 131 1
179 229 1
179 265 1
180 43 1
180 53 1
180 60 1
180 85 1
180 98 1
180 149 1
180 178 1
180 278 1
181 9 1
181 58 1
181 92 1
181 173 1
181 180 1
181 206 1
181 227 1
182 54 1
182 85 1
182 105 1
182 117 1
182 137 1
182 158 1
183 59 1
183 66 1
183 96 1
183 134 1
183 135 1
183 169 1
183 193 1
183 207 1
183 259 1
184 91 1
184 125 1
184 144 1
184 202 1
185 10 1
185 107 1
185 138 1
185 151 1
186 7 1
186 43 1
186 102 1
186 104 1
186 112 1
186 119 1
186 204 1
186 275 1
187 13 1
187 51 1
187 62 1
187 128 1
187 170 1
187 247 1
188 7 1
188 64 1
188 72 1
188 91 1
188 114 1
188 119 1
188 120 1
188 133 1
188 134 1
188 153 1
188 164 1
188 170 1
188 181 1
188 208 1
188 238 1
188 279 1
189 4 1
189 206 1
189 226 1
190 4 1
190 19 1
190 25 1
190 37 1
190 59 1
190 64 1
190 66 1
190 102 1
190 115 1
190 125 1
190 176 1
190 194 1
190 201 1
190 211 1
190 215 1
190 247 1
190 277 1
191 3 1
191 7 1
191 9 1
191 13 1
191 38 1
191 46 1
191 60 1
191 64 1
191 67 1
191 68 1
191 91 1
191 94 1
191 96 1
191 97 1
191 99 1
191 118 1
191 126 1
191 131 1
191 135 1
191 143 1
191 173 1
191 183 1
191 199 1
191 202 1
191 217 1
191 226 1
191 240 1
191 257 1
191 269 1
191 275 1
191 283 1
192 3 1
192 9 1
192 14 1
192 16 1
192 28 1
192 60 1
192 74 1
192 126 1
192 173 1
192 205 1
192 207 1
193 20 1
193 53 1
193 68 1
193 122 1
193 164 1
194 4 1
194 68 1
194 77 1
194 102 1
194 112 1
194 121 1
194 211 1
194 233 1
194 239 1
194 252 1
195 30 1
195 32 1
195 66 1
195 72 1
195 259 1
196 60 1
196 85 1
196 116 1
196 118 1
196 140 1
196 162 1
196 192 1
196 222 1
197 41 1
197 130 1
197 140 1
197 182 1
198 2 1
198 4 1
198 6 1
198 13 1
198 18 1
198 130 1
198 136 1
198 143 1
198 166 1
198 178 1
198 189 1
198 262 1
198 264 1
198 285 1
199 3 1
199 5 1
199 30 1
199 55 1
199 131 1
199 200 1
199 205 1
199 220 1
200 14 1
200 30 1
200 103 1
200 116 1
200 120 1
200 122 1
200 159 1
200 199 1
200 205 1
200 248 1
200 258 1
201 44 1
201 118 1
201 126 1
201 135 1
201 138 1
201 143 1
201 157 1
201 173 1
201 190 1
201 220 1
201 226 1
201 246 1
201 258 1
201 266 1
201 273 1
202 64 1
202 91 1
202 99 1
202 117 1
202 133 1
202 259 1
203 3 1
203 9 1
203 11 1
203 13 1
203 15 1
203 22 1
203 53 1
203 54 1
203 119 1
203 137 1
203 179 1
203 209 1
204 4 1
204 63 1
204 91 1
204 114 1
204 124 1
205 9 1
205 42 1
205 68 1
205 96 1
205 131 1
205 138 1
205 173 1
205 199 1
206 31 1
206 61 1
206 67 1
206 69 1
206 101 1
206 111 1
206 188 1
206 284 1
207 67 1
207 72 1
207 249 1
208 55 1
208 72 1
208 106 1
208 122 1
208 125 1
208 292 1
209 203 1
210 72 1
210 77 1
210 131 1
210 133 1
210 193 1
211 60 1
211 85 1
211 104 1
211 180 1
211 241 1
211 286 1
212 76 1
212 84 1
212 119 1
212 126 1
212 137 1
213 63 1
213 117 1
213 123 1
213 185 1
213 196 1
213 243 1
214 12 1
214 17 1
214 20 1
214 59 1
214 63 1
214 92 1
214 112 1
214 123 1
214 134 1
214 144 1
214 166 1
215 22 1
215 54 1
215 83 1
215 218 1
215 246 1
215 256 1
215 285 1
216 90 1
216 123 1
216 202 1
216 219 1
217 16 1
217 64 1
217 123 1
217 257 1
218 4 1
218 64 1
218 165 1
218 194 1
219 106 1
219 136 1
219 138 1
219 140 1
219 192 1
219 225 1
219 246 1
219 276 1
219 288 1
220 2 1
220 3 1
220 5 1
220 13 1
220 72 1
220 99 1
220 126 1
220 131 1
220 137 1
220 138 1
220 158 1
220 160 1
220 185 1
220 199 1
220 203 1
220 246 1
221 10 1
221 11 1
221 49 1
221 279 1
222 35 1
222 51 1
222 70 1
222 78 1
222 172 1
222 180 1
222 242 1
222 285 1
223 102 1
224 188 1
225 32 1
225 33 1
225 96 1
226 71 1
226 87 1
226 143 1
226 285 1
227 31 1
227 48 1
227 124 1
227 139 1
227 178 1
227 206 1
227 219 1
228 33 1
228 62 1
228 85 1
228 122 1
228 151 1
228 178 1
228 221 1
228 227 1
228 242 1
228 285 1
229 2 1
229 103 1
230 127 1
230 137 1
232 3 1
232 5 1
232 13 1
232 17 1
232 21 1
232 64 1
232 117 1
232 148 1
232 149 1
232 150 1
232 161 1
232 192 1
232 194 1
232 230 1
232 282 1
233 8 1
233 179 1
233 258 1
233 259 1
234 15 1
234 90 1
234 94 1
234 103 1
234 106 1
234 112 1
234 115 1
234 118 1
234 138 1
234 178 1
234 212 1
234 227 1
234 229 1
234 246 1
234 285 1
235 3 1
235 58 1
235 169 1
235 179 1
235 206 1
235 227 1
235 251 1
235 273 1
235 276 1
235 285 1
236 210 1
236 219 1
237 28 1
237 60 1
238 19 1
238 91 1
239 12 1
239 37 1
239 39 1
239 62 1
239 151 1
239 193 1
239 227 1
240 70 1
241 145 1
242 229 1
245 33 1
245 101 1
245 108 1
245 207 1
246 12 1
246 17 1
246 72 1
246 206 1
247 114 1
247 143 1
247 204 1
248 111 1
249 67 1
250 29 1
250 64 1
250 85 1
250 132 1
250 173 1
250 239 1
250 242 1
251 57 1
253 139 1
253 153 1
253 171 1
253 260 1
253 278 1
254 85 1
254 150 1
254 200 1
254 262 1
255 56 1
255 63 1
255 188 1
256 174 1
256 192 1
256 215 1
256 287 1
257 27 1
257 149 1
257 172 1
257 196 1
257 227 1
258 41 1
258 134 1
258 215 1
259 64 1
263 10 1
263 253 1
264 21 1
264 168 1
265 192 1
265 196 1
266 32 1
266 216 1
267 192 1
267 237 1
268 188 1
268 241 1
269 3 1
269 4 1
269 13 1
269 54 1
269 109 1
269 149 1
269 212 1
269 240 1
270 31 1
270 34 1
270 70 1
270 106 1
270 135 1
270 148 1
270 199 1
270 202 1
270 224 1
270 242 1
270 264 1
271 4 1
272 3 1
272 8 1
272 44 1
272 58 1
272 59 1
272 87 1
272 161 1
272 166 1
272 172 1
272 263 1
273 133 1
274 27 1
274 49 1
274 103 1
274 115 1
274 117 1
274 138 1
274 170 1
274 182 1
274 185 1
275 95 1
276 21 1
276 42 1
276 43 1
276 76 1
276 86 1
276 110 1
276 120 1
276 154 1
276 169 1
276 179 1
277 3 1
277 14 1
277 23 1
277 59 1
277 70 1
277 73 1
277 87 1
277 114 1
277 134 1
277 138 1
277 202 1
277 204 1
278 22 1
278 35 1
278 117 1
278 133 1
278 159 1
278 166 1
278 173 1
278 254 1
280 110 1
283 158 1
284 7 1
284 71 1
