1 101 1
1 245 1
2 3 1
2 4 1
2 5 1
2 13 1
2 14 1
2 17 1
2 32 1
2 59 1
2 60 1
2 91 1
2 96 1
2 118 1
2 130 1
2 138 1
2 141 1
2 143 1
2 149 1
2 173 1
2 184 1
2 192 1
2 203 1
2 205 1
2 217 1
2 227 1
3 7 1
3 13 1
3 17 1
3 21 1
3 32 1
3 39 1
3 46 1
3 48 1
3 59 1
3 63 1
3 68 1
3 72 1
3 85 1
3 88 1
3 94 1
3 99 1
3 104 1
3 114 1
3 119 1
3 122 1
3 131 1
3 138 1
3 139 1
3 143 1
3 150 1
3 170 1
3 192 1
3 196 1
3 199 1
3 204 1
3 205 1
3 206 1
3 209 1
3 226 1
3 227 1
3 230 1
3 233 1
3 246 1
3 251 1
3 260 1
3 285 1
4 2 1
4 5 1
4 6 1
4 9 1
4 14 1
4 17 1
4 35 1
4 43 1
4 51 1
4 57 1
4 60 1
4 68 1
4 91 1
4 96 1
4 97 1
4 118 1
4 124 1
4 130 1
4 138 1
4 143 1
4 149 1
4 150 1
4 173 1
4 192 1
4 202 1
4 204 1
4 205 1
4 208 1
4 210 1
4 216 1
4 225 1
4 227 1
4 285 1
5 7 1
5 13 1
5 17 1
5 51 1
5 53 1
5 59 1
5 60 1
5 64 1
5 68 1
5 70 1
5 85 1
5 91 1
5 96 1
5 103 1
5 107 1
5 114 1
5 116 1
5 119 1
5 130 1
5 131 1
5 138 1
5 143 1
5 150 1
5 173 1
5 185 1
5 192 1
5 198 1
5 199 1
5 204 1
5 205 1
5 208 1
5 214 1
5 227 1
5 247 1
5 276 1
6 1 1
6 55 1
6 59 1
6 182 1
6 186 1
6 187 1
6 242 1
6 284 1
7 5 1
7 20 1
7 22 1
7 43 1
7 60 1
7 85 1
7 91 1
7 96 1
7 112 1
7 114 1
7 116 1
7 119 1
7 124 1
7 126 1
7 130 1
7 138 1
7 142 1
7 146 1
7 173 1
7 185 1
7 188 1
7 192 1
7 200 1
7 202 1
7 208 1
7 246 1
7 257 1
8 15 1
8 25 1
8 46 1
8 67 1
8 111 1
8 127 1
8 136 1
8 152 1
8 153 1
8 161 1
8 188 1
8 212 1
8 243 1
8 281 1
9 87 1
9 100 1
9 126 1
9 177 1
9 227 1
9 256 1
9 257 1
9 270 1
9 279 1
9 280 1
10 19 1
10 49 1
10 63 1
10 73 1
10 98 1
10 164 1
10 172 1
10 200 1
11 12 1
11 19 1
11 55 1
11 75 1
11 112 1
11 117 1
11 119 1
11 141 1
11 208 1
12 11 1
12 43 1
12 112 1
12 192 1
12 194 1
12 203 1
12 288 1
13 3 1
13 6 1
13 7 1
13 16 1
13 17 1
13 32 1
13 35 1
13 51 1
13 59 1
13 60 1
13 63 1
13 64 1
13 68 1
13 86 1
13 88 1
13 91 1
13 94 1
13 108 1
13 116 1
13 118 1
13 119 1
13 120 1
13 122 1
13 128 1
13 130 1
13 138 1
13 160 1
13 176 1
13 186 1
13 188 1
13 189 1
13 194 1
13 196 1
13 199 1
13 202 1
13 203 1
13 205 1
13 219 1
13 226 1
13 231 1
13 233 1
13 246 1
13 249 1
13 258 1
13 285 1
14 3 1
14 4 1
14 9 1
14 13 1
14 21 1
14 28 1
14 64 1
14 68 1
14 115 1
14 118 1
14 119 1
14 122 1
14 126 1
14 132 1
14 138 1
14 140 1
14 143 1
14 150 1
14 151 1
14 157 1
14 173 1
14 194 1
14 205 1
14 214 1
14 227 1
14 279 1
15 1 1
15 8 1
15 28 1
15 43 1
15 67 1
15 84 1
15 88 1
15 108 1
15 111 1
15 131 1
15 136 1
15 137 1
15 173 1
15 178 1
15 192 1
15 208 1
15 240 1
16 41 1
16 85 1
16 226 1
16 281 1
17 118 1
17 138 1
17 205 1
18 13 1
18 32 1
18 110 1
18 112 1
18 178 1
18 210 1
19 28 1
19 75 1
19 208 1
19 233 1
20 32 1
20 91 1
20 109 1
20 128 1
20 143 1
20 233 1
21 70 1
21 71 1
21 72 1
21 102 1
21 109 1
21 111 1
21 117 1
21 219 1
21 238 1
22 52 1
22 54 1
22 91 1
22 99 1
22 103 1
22 119 1
22 126 1
22 147 1
22 150 1
22 190 1
22 197 1
22 199 1
22 258 1
23 3 1
23 19 1
23 21 1
23 53 1
23 59 1
23 70 1
23 72 1
23 87 1
23 88 1
23 92 1
23 112 1
23 168 1
23 177 1
23 208 1
24 3 1
24 7 1
24 31 1
24 54 1
24 67 1
24 87 1
24 99 1
24 109 1
24 114 1
24 116 1
24 119 1
24 126 1
24 171 1
24 186 1
24 205 1
24 239 1
24 242 1
24 276 1
24 284 1
25 99 1
25 133 1
25 173 1
25 251 1
25 259 1
26 28 1
26 30 1
26 85 1
26 109 1
26 181 1
27 179 1
27 253 1
28 19 1
28 67 1
28 94 1
28 193 1
28 208 1
29 167 1
29 183 1
29 247 1
29 285 1
30 31 1
30 87 1
30 102 1
30 126 1
30 242 1
30 282 1
31 30 1
31 87 1
31 125 1
32 13 1
32 18 1
32 36 1
32 53 1
32 63 1
32 204 1
32 229 1
32 287 1
33 91 1
33 143 1
33 225 1
33 238 1
33 281 1
34 5 1
34 7 1
34 42 1
34 84 1
34 85 1
34 92 1
34 116 1
34 117 1
34 124 1
34 126 1
34 140 1
34 173 1
34 203 1
35 3 1
35 13 1
35 68 1
35 91 1
35 196 1
36 3 1
36 13 1
36 32 1
36 60 1
36 71 1
36 87 1
36 88 1
36 97 1
36 102 1
36 137 1
36 147 1
36 154 1
36 186 1
36 204 1
36 225 1
36 233 1
37 3 1
37 13 1
37 105 1
37 146 1
37 180 1
37 185 1
37 198 1
38 16 1
38 102 1
38 153 1
38 217 1
38 240 1
39 151 1
39 231 1
39 296 1
40 3 1
40 4 1
40 15 1
40 70 1
40 137 1
40 149 1
40 193 1
40 208 1
40 215 1
40 256 1
41 16 1
41 64 1
41 70 1
41 83 1
41 156 1
42 57 1
42 70 1
42 103 1
42 196 1
42 214 1
42 254 1
43 2 1
43 10 1
43 13 1
43 131 1
43 143 1
43 173 1
43 196 1
43 204 1
43 219 1
43 276 1
44 3 1
44 5 1
44 59 1
44 69 1
44 72 1
44 78 1
44 98 1
44 117 1
44 118 1
44 138 1
44 171 1
44 202 1
44 211 1
44 241 1
44 245 1
45 2 1
45 3 1
45 4 1
45 5 1
45 6 1
45 7 1
45 8 1
45 9 1
45 13 1
45 14 1
45 15 1
45 18 1
45 19 1
45 27 1
45 28 1
45 31 1
45 32 1
45 33 1
45 35 1
45 36 1
45 41 1
45 43 1
45 48 1
45 49 1
45 51 1
45 53 1
45 54 1
45 55 1
45 56 1
45 59 1
45 60 1
45 64 1
45 65 1
45 66 1
45 67 1
45 68 1
45 72 1
45 73 1
45 74 1
45 75 1
45 76 1
45 80 1
45 85 1
45 87 1
45 91 1
45 94 1
45 96 1
45 99 1
45 103 1
45 104 1
45 106 1
45 107 1
45 108 1
45 110 1
45 112 1
45 114 1
45 115 1
45 116 1
45 117 1
45 118 1
45 119 1
45 120 1
45 122 1
45 123 1
45 124 1
45 126 1
45 129 1
45 130 1
45 131 1
45 133 1
45 134 1
45 137 1
45 138 1
45 139 1
45 140 1
45 143 1
45 146 1
45 149 1
45 150 1
45 151 1
45 153 1
45 158 1
45 160 1
45 162 1
45 165 1
45 166 1
45 169 1
45 171 1
45 172 1
45 173 1
45 178 1
45 185 1
45 186 1
45 188 1
45 192 1
45 193 1
45 194 1
45 195 1
45 196 1
45 199 1
45 200 1
45 201 1
45 202 1
45 203 1
45 205 1
45 206 1
45 207 1
45 208 1
45 209 1
45 210 1
45 213 1
45 214 1
45 217 1
45 218 1
45 219 1
45 220 1
45 221 1
45 225 1
45 227 1
45 229 1
45 234 1
45 238 1
45 239 1
45 240 1
45 242 1
45 246 1
45 248 1
45 255 1
45 258 1
45 259 1
45 266 1
45 277 1
45 284 1
45 285 1
46 4 1
46 134 1
46 155 1
46 237 1
46 250 1
47 4 1
47 5 1
47 7 1
47 17 1
47 73 1
47 107 1
47 164 1
47 167 1
47 183 1
47 190 1
47 199 1
47 217 1
47 240 1
47 280 1
48 3 1
48 5 1
48 7 1
48 13 1
48 43 1
48 49 1
48 60 1
48 76 1
48 91 1
48 114 1
48 119 1
48 126 1
48 196 1
48 201 1
48 205 1
48 215 1
48 227 1
48 269 1
49 3 1
49 5 1
49 7 1
49 13 1
49 28 1
49 48 1
49 60 1
49 63 1
49 91 1
49 94 1
49 96 1
49 123 1
49 130 1
49 134 1
49 142 1
49 203 1
49 218 1
49 227 1
49 229 1
49 260 1
50 1 1
50 13 1
50 37 1
50 64 1
50 88 1
50 94 1
50 119 1
50 144 1
50 163 1
50 164 1
50 196 1
50 219 1
50 279 1
51 84 1
51 111 1
51 121 1
51 170 1
51 207 1
51 266 1
52 122 1
52 144 1
52 148 1
52 178 1
52 180 1
52 208 1
52 216 1
52 246 1
52 260 1
53 61 1
53 135 1
53 150 1
53 194 1
53 197 1
53 225 1
53 260 1
54 167 1
56 63 1
56 78 1
56 84 1
56 175 1
56 192 1
57 33 1
57 71 1
57 180 1
59 63 1
59 68 1
59 179 1
59 181 1
59 203 1
59 213 1
59 252 1
60 2 1
60 17 1
60 32 1
60 96 1
60 118 1
60 130 1
60 143 1
60 189 1
60 192 1
60 203 1
60 205 1
60 227 1
60 231 1
61 90 1
61 101 1
61 113 1
61 182 1
61 204 1
62 194 1
62 247 1
62 285 1
63 32 1
64 41 1
64 103 1
64 150 1
64 207 1
64 254 1
65 32 1
65 83 1
65 96 1
65 102 1
65 136 1
65 148 1
65 192 1
65 196 1
65 219 1
65 235 1
65 237 1
66 16 1
66 31 1
66 83 1
66 134 1
66 151 1
67 8 1
67 15 1
67 213 1
68 13 1
68 28 1
68 59 1
68 196 1
68 204 1
68 246 1
69 18 1
69 23 1
69 204 1
69 252 1
70 42 1
70 215 1
71 257 1
72 3 1
72 6 1
72 18 1
72 85 1
72 112 1
72 202 1
72 206 1
73 28 1
73 31 1
73 120 1
73 138 1
73 172 1
73 200 1
73 216 1
73 237 1
73 240 1
73 261 1
73 264 1
74 4 1
74 13 1
74 15 1
74 53 1
74 67 1
74 68 1
74 73 1
74 85 1
74 115 1
74 120 1
74 124 1
74 131 1
74 172 1
74 200 1
74 202 1
74 204 1
74 295 1
75 2 1
75 6 1
75 11 1
75 19 1
75 41 1
75 42 1
75 60 1
75 68 1
75 72 1
75 97 1
75 124 1
75 194 1
75 195 1
75 196 1
75 208 1
75 217 1
75 283 1
75 285 1
76 3 1
76 13 1
76 21 1
76 43 1
76 48 1
76 72 1
76 115 1
76 131 1
76 143 1
76 173 1
76 196 1
76 210 1
76 214 1
77 42 1
77 72 1
78 3 1
78 4 1
78 5 1
78 44 1
78 55 1
78 83 1
78 125 1
78 193 1
78 216 1
78 241 1
79 50 1
79 131 1
79 138 1
79 163 1
79 236 1
79 242 1
80 12 1
80 88 1
80 92 1
80 111 1
81 100 1
82 87 1
82 169 1
83 67 1
83 226 1
84 71 1
84 241 1
85 1 1
85 2 1
85 4 1
85 7 1
85 12 1
85 14 1
85 17 1
85 43 1
85 60 1
85 64 1
85 68 1
85 84 1
85 96 1
85 100 1
85 109 1
85 112 1
85 118 1
85 136 1
85 138 1
85 139 1
85 143 1
85 146 1
85 162 1
85 171 1
85 173 1
85 185 1
85 192 1
85 200 1
85 203 1
85 208 1
85 217 1
85 227 1
85 230 1
85 254 1
85 271 1
85 272 1
86 31 1
86 55 1
86 63 1
86 102 1
86 119 1
86 122 1
86 200 1
86 205 1
86 215 1
86 220 1
86 254 1
87 3 1
87 4 1
87 10 1
87 17 1
87 33 1
87 43 1
87 58 1
87 60 1
87 69 1
87 72 1
87 85 1
87 94 1
87 106 1
87 107 1
87 112 1
87 118 1
87 122 1
87 126 1
87 131 1
87 133 1
87 135 1
87 136 1
87 137 1
87 138 1
87 143 1
87 149 1
87 150 1
87 173 1
87 194 1
87 202 1
87 203 1
87 205 1
87 208 1
87 221 1
87 249 1
87 268 1
88 10 1
88 66 1
88 104 1
88 108 1
88 122 1
88 136 1
88 265 1
89 51 1
89 64 1
89 78 1
89 86 1
89 158 1
90 13 1
90 44 1
90 161 1
90 186 1
90 200 1
90 218 1
90 236 1
90 254 1
91 13 1
91 16 1
91 20 1
91 35 1
91 55 1
91 128 1
91 176 1
92 9 1
92 58 1
93 32 1
94 1 1
94 123 1
94 133 1
94 205 1
94 218 1
94 258 1
94 259 1
95 141 1
95 150 1
95 254 1
96 2 1
96 60 1
96 112 1
96 149 1
96 185 1
96 217 1
97 8 1
97 139 1
97 173 1
97 242 1
98 1 1
98 13 1
98 44 1
98 59 1
98 68 1
98 79 1
98 102 1
98 117 1
98 118 1
98 120 1
98 138 1
98 192 1
98 202 1
98 277 1
99 3 1
99 4 1
99 64 1
99 85 1
99 104 1
99 115 1
99 118 1
99 119 1
99 126 1
99 133 1
99 138 1
99 143 1
99 150 1
99 164 1
99 173 1
99 204 1
99 214 1
99 219 1
99 233 1
100 9 1
100 126 1
100 233 1
100 274 1
100 279 1
101 60 1
101 127 1
101 247 1
102 57 1
102 66 1
102 87 1
102 122 1
102 229 1
102 246 1
103 13 1
103 33 1
103 64 1
103 99 1
103 106 1
103 126 1
103 177 1
103 206 1
103 222 1
103 245 1
103 264 1
103 279 1
104 13 1
104 59 1
104 84 1
104 91 1
104 120 1
104 126 1
104 189 1
104 210 1
104 249 1
104 278 1
104 286 1
105 5 1
105 7 1
105 39 1
105 77 1
105 90 1
105 128 1
105 188 1
106 5 1
106 54 1
106 99 1
106 103 1
106 107 1
106 120 1
106 126 1
106 195 1
107 10 1
107 17 1
107 54 1
107 106 1
107 118 1
107 119 1
107 126 1
108 10 1
108 77 1
108 88 1
108 118 1
108 134 1
108 179 1
108 284 1
109 5 1
109 103 1
109 105 1
109 137 1
109 149 1
109 151 1
109 156 1
109 169 1
109 211 1
109 245 1
109 278 1
110 3 1
110 17 1
110 43 1
110 143 1
110 147 1
110 185 1
111 53 1
111 167 1
111 240 1
111 260 1
112 14 1
112 19 1
112 72 1
112 103 1
112 126 1
112 194 1
112 208 1
113 22 1
113 99 1
113 166 1
113 170 1
113 173 1
113 239 1
113 256 1
114 3 1
114 7 1
114 17 1
114 24 1
114 56 1
114 85 1
114 118 1
114 119 1
114 199 1
114 205 1
114 206 1
114 227 1
115 3 1
115 4 1
115 5 1
115 14 1
115 87 1
115 94 1
115 99 1
115 106 1
115 112 1
115 118 1
115 119 1
115 123 1
115 126 1
115 138 1
115 143 1
115 149 1
115 150 1
115 179 1
115 200 1
115 204 1
115 205 1
115 214 1
115 227 1
115 229 1
115 248 1
116 7 1
116 22 1
116 118 1
116 119 1
116 124 1
116 140 1
116 192 1
116 205 1
116 212 1
117 43 1
117 58 1
117 65 1
118 3 1
118 9 1
118 14 1
118 17 1
118 19 1
118 28 1
118 35 1
118 51 1
118 58 1
118 64 1
118 72 1
118 91 1
118 112 1
118 117 1
118 126 1
118 138 1
118 140 1
118 150 1
118 151 1
118 181 1
118 205 1
118 207 1
118 208 1
118 214 1
118 229 1
118 266 1
119 14 1
119 17 1
119 20 1
119 56 1
119 60 1
119 64 1
119 77 1
119 85 1
119 99 1
119 110 1
119 114 1
119 116 1
119 118 1
119 132 1
119 140 1
119 143 1
119 150 1
119 173 1
119 192 1
119 194 1
119 199 1
119 206 1
119 208 1
119 210 1
119 211 1
119 214 1
119 219 1
119 227 1
119 229 1
119 257 1
119 285 1
120 17 1
120 43 1
120 54 1
120 68 1
120 73 1
120 74 1
120 87 1
120 90 1
120 92 1
120 99 1
120 102 1
120 106 1
120 133 1
120 138 1
120 170 1
120 200 1
120 202 1
120 204 1
120 277 1
120 285 1
121 9 1
121 27 1
121 119 1
121 251 1
122 226 1
122 230 1
122 246 1
123 28 1
123 49 1
123 87 1
123 94 1
123 106 1
123 126 1
123 134 1
123 152 1
123 195 1
123 205 1
123 271 1
124 7 1
124 13 1
124 22 1
124 116 1
124 125 1
124 126 1
124 173 1
124 185 1
124 198 1
124 208 1
124 262 1
125 3 1
125 31 1
125 78 1
125 86 1
125 124 1
125 126 1
125 192 1
125 206 1
126 3 1
126 5 1
126 7 1
126 13 1
126 14 1
126 17 1
126 20 1
126 35 1
126 48 1
126 58 1
126 60 1
126 64 1
126 84 1
126 91 1
126 103 1
126 106 1
126 114 1
126 118 1
126 146 1
126 150 1
126 205 1
126 225 1
126 227 1
126 234 1
126 246 1
127 88 1
127 101 1
127 246 1
128 54 1
128 186 1
129 145 1
129 212 1
129 282 1
130 60 1
130 107 1
130 134 1
130 138 1
130 165 1
130 229 1
131 4 1
131 13 1
131 14 1
131 43 1
131 48 1
131 76 1
131 90 1
131 93 1
131 115 1
131 119 1
131 133 1
131 143 1
131 163 1
131 173 1
131 192 1
131 205 1
131 208 1
131 218 1
132 4 1
132 53 1
132 98 1
132 118 1
132 138 1
132 146 1
132 194 1
132 196 1
133 1 1
133 3 1
133 21 1
133 55 1
133 94 1
133 99 1
133 124 1
133 125 1
133 131 1
133 135 1
133 138 1
133 143 1
133 173 1
133 218 1
133 285 1
134 33 1
134 54 1
134 130 1
134 151 1
134 249 1
136 69 1
136 134 1
136 144 1
136 157 1
136 161 1
136 206 1
137 221 1
138 35 1
138 54 1
138 59 1
138 64 1
138 68 1
138 94 1
138 106 1
138 107 1
138 120 1
138 123 1
138 130 1
138 133 1
138 134 1
138 136 1
138 150 1
138 164 1
138 170 1
138 200 1
138 202 1
138 205 1
138 283 1
138 285 1
139 24 1
139 28 1
139 51 1
139 143 1
139 169 1
139 216 1
140 116 1
140 162 1
140 227 1
140 229 1
141 11 1
141 110 1
141 133 1
142 3 1
142 7 1
142 22 1
142 143 1
142 156 1
142 173 1
142 206 1
142 208 1
142 231 1
143 3 1
143 14 1
143 20 1
143 43 1
143 68 1
143 91 1
143 94 1
143 110 1
143 122 1
143 124 1
143 139 1
143 173 1
143 233 1
143 246 1
143 279 1
143 285 1
145 129 1
145 148 1
146 35 1
146 42 1
146 66 1
146 135 1
146 154 1
146 169 1
146 171 1
146 202 1
146 208 1
146 219 1
146 238 1
146 241 1
147 3 1
147 32 1
148 145 1
148 236 1
148 292 1
149 27 1
149 72 1
149 119 1
149 134 1
149 196 1
149 217 1
149 225 1
149 248 1
150 64 1
150 126 1
151 209 1
152 3 1
152 13 1
152 42 1
152 51 1
152 99 1
152 112 1
152 117 1
152 119 1
152 173 1
152 180 1
152 226 1
152 230 1
153 10 1
153 29 1
153 83 1
153 104 1
153 115 1
153 221 1
153 265 1
154 51 1
154 93 1
154 137 1
154 139 1
154 171 1
154 203 1
155 3 1
155 33 1
155 39 1
155 169 1
155 207 1
155 225 1
155 262 1
156 71 1
156 109 1
156 142 1
156 149 1
156 166 1
156 169 1
156 188 1
156 267 1
156 273 1
157 30 1
157 143 1
157 161 1
157 168 1
157 173 1
157 279 1
157 290 1
158 8 1
158 71 1
158 143 1
158 144 1
158 151 1
158 155 1
158 227 1
158 246 1
158 283 1
159 21 1
159 37 1
159 121 1
159 178 1
159 284 1
160 28 1
160 51 1
160 92 1
160 102 1
160 104 1
160 125 1
160 136 1
160 151 1
160 251 1
161 2 1
161 3 1
161 4 1
161 83 1
161 92 1
161 132 1
161 154 1
161 169 1
161 173 1
161 254 1
162 20 1
162 38 1
162 42 1
162 66 1
162 71 1
162 77 1
162 163 1
162 201 1
162 207 1
163 12 1
163 13 1
163 93 1
163 99 1
163 117 1
163 131 1
163 204 1
163 237 1
163 283 1
164 3 1
164 13 1
164 69 1
164 151 1
164 189 1
164 207 1
164 209 1
164 227 1
164 247 1
164 258 1
165 28 1
165 131 1
165 171 1
165 216 1
165 246 1
165 263 1
166 70 1
166 78 1
166 105 1
166 148 1
166 188 1
167 16 1
167 54 1
167 64 1
167 119 1
167 120 1
167 131 1
167 135 1
167 163 1
167 166 1
167 173 1
167 245 1
168 3 1
168 66 1
168 86 1
168 102 1
168 110 1
168 133 1
168 138 1
168 180 1
168 226 1
168 280 1
169 53 1
169 64 1
169 150 1
169 199 1
169 210 1
169 223 1
169 227 1
169 262 1
170 64 1
170 92 1
170 109 1
170 118 1
170 163 1
170 214 1
171 62 1
171 110 1
171 146 1
171 165 1
171 181 1
171 226 1
172 30 1
172 73 1
172 74 1
172 117 1
172 200 1
172 297 1
173 3 1
173 11 1
173 13 1
173 14 1
173 19 1
173 21 1
173 60 1
173 64 1
173 72 1
173 76 1
173 94 1
173 112 1
173 115 1
173 118 1
173 122 1
173 131 1
173 142 1
173 143 1
173 196 1
173 199 1
173 205 1
173 206 1
173 208 1
173 214 1
173 246 1
173 279 1
174 4 1
174 13 1
174 62 1
174 66 1
174 120 1
174 124 1
174 159 1
174 188 1
174 195 1
174 209 1
174 283 1
175 19 1
175 46 1
175 70 1
175 135 1
175 199 1
176 11 1
176 68 1
176 83 1
176 182 1
176 225 1
177 58 1
177 87 1
177 126 1
177 134 1
177 141 1
177 184 1
177 192 1
178 32 1
178 58 1
178 60 1
178 67 1
178 104 1
178 105 1
178 135 1
178 192 1
178 196 1
178 199 1
178 202 1
178 210 1
178 213 1
179 4 1
179 49 1
179 70 1
179 71 1
179 123 1
179 132 1
179 210 1
179 238 1
179 260 1
179 262 1
180 15 1
180 19 1
180 125 1
180 158 1
180 159 1
180 170 1
180 217 1
180 229 1
181 29 1
181 92 1
181 94 1
181 126 1
181 240 1
181 245 1
181 260 1
182 58 1
182 85 1
182 173 1
182 197 1
182 207 1
182 212 1
183 16 1
183 60 1
183 88 1
183 96 1
183 100 1
183 178 1
183 219 1
183 221 1
183 284 1
184 117 1
184 126 1
184 146 1
184 177 1
185 4 1
185 96 1
185 110 1
185 219 1
186 6 1
186 13 1
186 87 1
186 128 1
186 225 1
186 231 1
186 234 1
186 285 1
187 77 1
187 88 1
187 92 1
187 189 1
187 226 1
187 229 1
188 5 1
188 7 1
188 22 1
188 60 1
188 91 1
188 96 1
188 112 1
188 118 1
188 119 1
188 138 1
188 139 1
188 185 1
188 192 1
188 207 1
188 239 1
188 289 1
189 113 1
189 135 1
189 159 1
190 10 1
190 15 1
190 47 1
190 51 1
190 58 1
190 64 1
190 73 1
190 106 1
190 146 1
190 193 1
190 212 1
190 225 1
190 241 1
190 242 1
190 267 1
190 268 1
190 278 1
191 3 1
191 5 1
191 9 1
191 14 1
191 17 1
191 19 1
191 72 1
191 85 1
191 99 1
191 106 1
191 107 1
191 109 1
191 112 1
191 115 1
191 118 1
191 119 1
191 120 1
191 126 1
191 133 1
191 138 1
191 143 1
191 149 1
191 156 1
191 173 1
191 174 1
191 182 1
191 194 1
191 199 1
191 205 1
191 208 1
191 209 1
192 28 1
192 43 1
192 60 1
192 95 1
192 113 1
192 131 1
192 178 1
192 193 1
192 205 1
192 219 1
192 262 1
193 70 1
193 110 1
193 178 1
193 188 1
193 275 1
194 89 1
194 112 1
194 118 1
194 120 1
194 126 1
194 132 1
194 202 1
194 231 1
194 256 1
194 258 1
195 91 1
195 110 1
195 123 1
195 138 1
195 220 1
196 122 1
196 158 1
196 170 1
196 178 1
196 204 1
196 208 1
196 231 1
196 238 1
197 13 1
197 16 1
197 53 1
197 207 1
198 3 1
198 13 1
198 22 1
198 31 1
198 37 1
198 76 1
198 119 1
198 124 1
198 125 1
198 143 1
198 173 1
198 210 1
198 214 1
198 262 1
199 85 1
199 101 1
199 114 1
199 119 1
199 172 1
199 173 1
199 206 1
199 246 1
200 4 1
200 9 1
200 12 1
200 15 1
200 31 1
200 32 1
200 74 1
200 138 1
200 172 1
200 202 1
200 248 1
201 3 1
201 20 1
201 35 1
201 43 1
201 48 1
201 91 1
201 108 1
201 116 1
201 131 1
201 143 1
201 162 1
201 188 1
201 192 1
201 196 1
201 207 1
202 59 1
202 72 1
202 85 1
202 120 1
202 138 1
202 215 1
203 2 1
203 4 1
203 32 1
203 39 1
203 49 1
203 59 1
203 60 1
203 91 1
203 94 1
203 192 1
203 218 1
203 230 1
204 15 1
204 43 1
204 59 1
204 68 1
204 151 1
205 14 1
205 68 1
205 87 1
205 116 1
205 118 1
205 123 1
205 138 1
205 255 1
206 6 1
206 72 1
206 126 1
206 155 1
206 165 1
206 196 1
206 257 1
206 268 1
207 82 1
207 87 1
207 197 1
208 19 1
208 27 1
208 112 1
208 113 1
208 124 1
208 173 1
209 151 1
210 67 1
210 70 1
210 104 1
210 151 1
210 238 1
211 72 1
211 85 1
211 102 1
211 183 1
211 273 1
211 284 1
212 63 1
212 64 1
212 121 1
212 190 1
212 225 1
213 62 1
213 63 1
213 67 1
213 172 1
213 178 1
213 285 1
214 13 1
214 19 1
214 25 1
214 64 1
214 76 1
214 94 1
214 122 1
214 133 1
214 166 1
214 173 1
214 271 1
215 42 1
215 47 1
215 70 1
215 78 1
215 106 1
215 231 1
215 244 1
216 16 1
216 136 1
216 170 1
216 225 1
217 2 1
217 96 1
217 126 1
217 248 1
218 27 1
218 32 1
218 94 1
218 203 1
219 53 1
219 71 1
219 77 1
219 176 1
219 179 1
219 193 1
219 199 1
219 206 1
219 240 1
220 81 1
220 100 1
220 103 1
220 106 1
220 110 1
220 120 1
220 124 1
220 126 1
220 195 1
220 215 1
220 219 1
220 223 1
220 234 1
220 240 1
220 263 1
220 277 1
221 11 1
221 137 1
221 227 1
221 228 1
222 1 1
222 5 1
222 101 1
222 103 1
222 211 1
222 224 1
222 245 1
222 246 1
223 124 1
224 209 1
225 33 1
225 204 1
225 212 1
226 32 1
226 122 1
226 199 1
226 230 1
227 5 1
227 9 1
227 91 1
227 114 1
227 126 1
227 221 1
227 257 1
228 11 1
228 62 1
228 88 1
228 118 1
228 119 1
228 144 1
228 177 1
228 242 1
228 254 1
228 294 1
229 130 1
229 140 1
230 122 1
230 226 1
232 4 1
232 9 1
232 47 1
232 59 1
232 88 1
232 115 1
232 130 1
232 153 1
232 188 1
232 215 1
232 227 1
232 239 1
232 255 1
232 256 1
232 259 1
233 21 1
233 61 1
233 211 1
233 285 1
234 3 1
234 10 1
234 13 1
234 55 1
234 57 1
234 78 1
234 91 1
234 109 1
234 140 1
234 161 1
234 162 1
234 186 1
234 193 1
234 208 1
234 258 1
235 3 1
235 16 1
235 41 1
235 64 1
235 72 1
235 103 1
235 121 1
235 140 1
235 159 1
235 232 1
236 87 1
236 154 1
237 18 1
237 143 1
238 33 1
238 210 1
239 8 1
239 16 1
239 30 1
239 93 1
239 110 1
239 188 1
239 237 1
240 111 1
241 84 1
242 197 1
245 13 1
245 103 1
245 225 1
245 293 1
246 122 1
246 146 1
246 171 1
246 291 1
247 170 1
247 196 1
247 257 1
248 149 1
249 134 1
250 9 1
250 19 1
250 88 1
250 109 1
250 133 1
250 152 1
250 227 1
251 42 1
253 44 1
253 92 1
253 98 1
253 110 1
253 217 1
254 121 1
254 225 1
254 246 1
254 275 1
255 167 1
255 172 1
255 246 1
256 13 1
256 128 1
256 168 1
256 258 1
257 28 1
257 63 1
257 67 1
257 71 1
257 206 1
258 101 1
258 168 1
258 256 1
259 1 1
263 22 1
263 57 1
264 111 1
264 180 1
265 13 1
265 230 1
266 53 1
266 69 1
267 165 1
267 222 1
268 154 1
268 221 1
269 21 1
269 54 1
269 128 1
269 157 1
269 173 1
269 193 1
269 224 1
269 273 1
270 16 1
270 39 1
270 59 1
270 94 1
270 104 1
270 117 1
270 146 1
270 160 1
270 220 1
270 273 1
270 275 1
271 31 1
272 62 1
272 63 1
272 92 1
272 104 1
272 121 1
272 134 1
272 178 1
272 194 1
272 249 1
272 276 1
273 5 1
274 34 1
274 59 1
274 62 1
274 96 1
274 126 1
274 154 1
274 207 1
274 226 1
274 278 1
275 246 1
276 10 1
276 43 1
276 60 1
276 100 1
276 104 1
276 131 1
276 173 1
276 178 1
276 182 1
276 192 1
277 21 1
277 26 1
277 87 1
277 101 1
277 120 1
277 133 1
277 138 1
277 202 1
277 205 1
277 214 1
277 216 1
277 241 1
278 5 1
278 39 1
278 61 1
278 64 1
278 128 1
278 259 1
278 264 1
278 285 1
280 126 1
283 88 1
284 108 1
284 216 1
