1 99 1
1 194 1
2 9 1
2 13 1
2 14 1
2 17 1
2 21 1
2 32 1
2 43 1
2 51 1
2 60 1
2 63 1
2 64 1
2 70 1
2 77 1
2 108 1
2 117 1
2 124 1
2 126 1
2 131 1
2 143 1
2 151 1
2 173 1
2 219 1
2 237 1
2 246 1
3 14 1
3 19 1
3 22 1
3 48 1
3 51 1
3 57 1
3 60 1
3 64 1
3 67 1
3 72 1
3 85 1
3 87 1
3 94 1
3 96 1
3 99 1
3 103 1
3 104 1
3 106 1
3 107 1
3 110 1
3 112 1
3 119 1
3 130 1
3 131 1
3 133 1
3 138 1
3 143 1
3 148 1
3 150 1
3 165 1
3 173 1
3 188 1
3 192 1
3 194 1
3 205 1
3 217 1
3 246 1
3 248 1
3 283 1
3 285 1
3 292 1
4 1 1
4 2 1
4 9 1
4 28 1
4 32 1
4 57 1
4 58 1
4 59 1
4 91 1
4 94 1
4 107 1
4 112 1
4 122 1
4 123 1
4 136 1
4 140 1
4 143 1
4 149 1
4 150 1
4 173 1
4 196 1
4 202 1
4 203 1
4 205 1
4 206 1
4 225 1
4 227 1
4 231 1
4 233 1
4 241 1
4 245 1
4 275 1
4 287 1
5 3 1
5 4 1
5 15 1
5 17 1
5 28 1
5 48 1
5 64 1
5 87 1
5 91 1
5 104 1
5 107 1
5 112 1
5 114 1
5 118 1
5 119 1
5 124 1
5 126 1
5 146 1
5 150 1
5 151 1
5 173 1
5 189 1
5 192 1
5 194 1
5 199 1
5 204 1
5 205 1
5 207 1
5 208 1
5 219 1
5 227 1
5 233 1
5 237 1
5 246 1
5 271 1
6 63 1
6 128 1
6 149 1
6 170 1
6 214 1
6 218 1
6 226 1
6 239 1
7 4 1
7 5 1
7 8 1
7 10 1
7 13 1
7 17 1
7 28 1
7 30 1
7 41 1
7 43 1
7 68 1
7 85 1
7 88 1
7 91 1
7 112 1
7 119 1
7 120 1
7 124 1
7 131 1
7 138 1
7 156 1
7 162 1
7 173 1
7 178 1
7 196 1
7 219 1
7 231 1
8 4 1
8 12 1
8 13 1
8 71 1
8 103 1
8 119 1
8 126 1
8 134 1
8 178 1
8 196 1
8 199 1
8 203 1
8 208 1
8 295 1
9 2 1
9 5 1
9 17 1
9 28 1
9 60 1
9 64 1
9 69 1
9 87 1
9 157 1
9 173 1
10 18 1
10 21 1
10 32 1
10 140 1
10 173 1
10 206 1
10 216 1
10 225 1
11 59 1
11 62 1
11 63 1
11 78 1
11 94 1
11 122 1
11 128 1
11 214 1
11 238 1
12 13 1
12 49 1
12 103 1
12 146 1
12 155 1
12 183 1
12 235 1
13 4 1
13 8 1
13 10 1
13 18 1
13 19 1
13 22 1
13 28 1
13 32 1
13 49 1
13 59 1
13 60 1
13 64 1
13 68 1
13 71 1
13 76 1
13 85 1
13 88 1
13 91 1
13 94 1
13 101 1
13 103 1
13 106 1
13 116 1
13 122 1
13 125 1
13 126 1
13 128 1
13 134 1
13 138 1
13 143 1
13 161 1
13 177 1
13 185 1
13 199 1
13 204 1
13 205 1
13 206 1
13 207 1
13 208 1
13 217 1
13 219 1
13 227 1
13 229 1
13 257 1
13 258 1
14 3 1
14 7 1
14 13 1
14 17 1
14 19 1
14 42 1
14 43 1
14 60 1
14 64 1
14 68 1
14 76 1
14 85 1
14 86 1
14 94 1
14 104 1
14 114 1
14 116 1
14 120 1
14 130 1
14 133 1
14 138 1
14 143 1
14 173 1
14 208 1
14 217 1
14 246 1
15 9 1
15 31 1
15 43 1
15 62 1
15 119 1
15 126 1
15 164 1
15 165 1
15 180 1
15 195 1
15 197 1
15 203 1
15 212 1
15 217 1
15 225 1
15 230 1
15 233 1
16 21 1
16 72 1
16 230 1
16 259 1
17 70 1
17 151 1
17 227 1
18 1 1
18 33 1
18 132 1
18 138 1
18 229 1
18 285 1
19 3 1
19 5 1
19 48 1
19 60 1
20 13 1
20 49 1
20 67 1
20 92 1
20 96 1
20 183 1
21 58 1
21 70 1
21 87 1
21 126 1
21 137 1
21 139 1
21 166 1
21 204 1
21 230 1
22 15 1
22 53 1
22 123 1
22 126 1
22 129 1
22 151 1
22 170 1
22 183 1
22 186 1
22 199 1
22 248 1
22 255 1
22 276 1
23 3 1
23 61 1
23 87 1
23 99 1
23 122 1
23 132 1
23 133 1
23 136 1
23 154 1
23 161 1
23 162 1
23 177 1
23 196 1
23 206 1
24 3 1
24 5 1
24 7 1
24 13 1
24 17 1
24 60 1
24 64 1
24 68 1
24 83 1
24 100 1
24 115 1
24 117 1
24 118 1
24 119 1
24 134 1
24 144 1
24 153 1
24 179 1
24 227 1
25 3 1
25 118 1
25 233 1
25 245 1
25 279 1
26 87 1
26 108 1
26 112 1
26 163 1
26 279 1
27 105 1
27 210 1
28 91 1
28 143 1
28 173 1
28 192 1
28 205 1
29 86 1
29 140 1
29 172 1
29 219 1
30 9 1
30 10 1
30 31 1
30 126 1
30 240 1
30 285 1
31 30 1
31 41 1
31 197 1
32 2 1
32 16 1
32 19 1
32 54 1
32 60 1
32 201 1
32 225 1
32 246 1
33 13 1
33 18 1
33 58 1
33 97 1
33 284 1
34 3 1
34 9 1
34 27 1
34 59 1
34 60 1
34 87 1
34 118 1
34 133 1
34 138 1
34 139 1
34 168 1
34 231 1
34 288 1
35 39 1
35 63 1
35 185 1
35 225 1
35 226 1
36 3 1
36 4 1
36 64 1
36 71 1
36 99 1
36 104 1
36 111 1
36 126 1
36 173 1
36 185 1
36 188 1
36 199 1
36 203 1
36 208 1
36 223 1
36 246 1
37 15 1
37 43 1
37 87 1
37 124 1
37 205 1
37 208 1
37 283 1
38 23 1
38 79 1
38 83 1
38 110 1
38 184 1
39 33 1
39 154 1
39 202 1
40 1 1
40 10 1
40 13 1
40 21 1
40 55 1
40 121 1
40 141 1
40 176 1
40 226 1
40 241 1
41 7 1
41 10 1
41 13 1
41 31 1
41 99 1
42 32 1
42 55 1
42 102 1
42 125 1
42 198 1
42 279 1
43 5 1
43 15 1
43 37 1
43 68 1
43 122 1
43 124 1
43 126 1
43 131 1
43 146 1
43 203 1
44 3 1
44 4 1
44 43 1
44 85 1
44 124 1
44 131 1
44 135 1
44 192 1
44 196 1
44 199 1
44 210 1
44 215 1
44 217 1
44 277 1
44 285 1
45 2 1
45 3 1
45 4 1
45 5 1
45 6 1
45 7 1
45 8 1
45 9 1
45 11 1
45 13 1
45 14 1
45 15 1
45 18 1
45 19 1
45 20 1
45 24 1
45 27 1
45 28 1
45 33 1
45 43 1
45 44 1
45 48 1
45 49 1
45 50 1
45 53 1
45 54 1
45 59 1
45 60 1
45 62 1
45 63 1
45 64 1
45 66 1
45 67 1
45 68 1
45 70 1
45 71 1
45 72 1
45 73 1
45 75 1
45 77 1
45 78 1
45 85 1
45 87 1
45 88 1
45 91 1
45 92 1
45 94 1
45 96 1
45 98 1
45 99 1
45 100 1
45 101 1
45 102 1
45 103 1
45 104 1
45 106 1
45 109 1
45 110 1
45 111 1
45 112 1
45 114 1
45 115 1
45 116 1
45 117 1
45 118 1
45 119 1
45 120 1
45 122 1
45 123 1
45 124 1
45 126 1
45 130 1
45 131 1
45 133 1
45 134 1
45 135 1
45 138 1
45 139 1
45 140 1
45 141 1
45 142 1
45 143 1
45 146 1
45 149 1
45 150 1
45 152 1
45 154 1
45 156 1
45 160 1
45 161 1
45 163 1
45 165 1
45 166 1
45 167 1
45 168 1
45 170 1
45 171 1
45 172 1
45 173 1
45 177 1
45 178 1
45 179 1
45 180 1
45 188 1
45 189 1
45 192 1
45 194 1
45 196 1
45 200 1
45 202 1
45 203 1
45 204 1
45 205 1
45 206 1
45 208 1
45 210 1
45 212 1
45 213 1
45 214 1
45 218 1
45 220 1
45 226 1
45 227 1
45 229 1
45 230 1
45 239 1
45 240 1
45 245 1
45 246 1
45 247 1
45 249 1
45 257 1
45 258 1
45 284 1
46 5 1
46 58 1
46 104 1
46 171 1
46 262 1
47 3 1
47 58 1
47 60 1
47 73 1
47 78 1
47 118 1
47 131 1
47 138 1
47 160 1
47 170 1
47 189 1
47 206 1
47 250 1
47 260 1
48 2 1
48 3 1
48 19 1
48 32 1
48 41 1
48 49 1
48 51 1
48 60 1
48 76 1
48 85 1
48 94 1
48 134 1
48 138 1
48 140 1
48 143 1
48 166 1
48 173 1
48 210 1
49 3 1
49 12 1
49 13 1
49 19 1
49 48 1
49 60 1
49 63 1
49 66 1
49 67 1
49 88 1
49 96 1
49 102 1
49 118 1
49 122 1
49 143 1
49 180 1
49 202 1
49 211 1
49 227 1
49 267 1
50 16 1
50 21 1
50 55 1
50 71 1
50 88 1
50 111 1
50 126 1
50 135 1
50 148 1
50 177 1
50 192 1
50 199 1
50 281 1
51 86 1
51 101 1
51 118 1
51 134 1
51 240 1
51 247 1
52 64 1
52 125 1
52 182 1
52 185 1
52 192 1
52 193 1
52 200 1
52 260 1
52 261 1
53 16 1
53 83 1
53 116 1
53 119 1
53 130 1
53 226 1
53 247 1
54 140 1
56 29 1
56 54 1
56 58 1
56 202 1
56 242 1
57 65 1
57 246 1
57 251 1
59 43 1
59 73 1
59 102 1
59 112 1
59 138 1
59 207 1
59 285 1
60 4 1
60 5 1
60 9 1
60 19 1
60 32 1
60 51 1
60 58 1
60 101 1
60 118 1
60 143 1
60 169 1
60 173 1
60 225 1
61 13 1
61 71 1
61 119 1
61 188 1
61 217 1
62 1 1
62 174 1
62 232 1
63 6 1
64 57 1
64 92 1
64 126 1
64 208 1
64 227 1
65 113 1
65 146 1
65 149 1
65 151 1
65 171 1
65 180 1
65 202 1
65 214 1
65 216 1
65 225 1
65 226 1
66 68 1
66 173 1
66 181 1
66 200 1
66 259 1
67 20 1
67 78 1
67 96 1
68 7 1
68 13 1
68 16 1
68 72 1
68 120 1
68 173 1
69 39 1
69 62 1
69 102 1
69 221 1
70 116 1
70 230 1
71 101 1
72 16 1
72 51 1
72 99 1
72 113 1
72 141 1
72 171 1
72 278 1
73 47 1
73 59 1
73 85 1
73 88 1
73 92 1
73 118 1
73 149 1
73 164 1
73 196 1
73 242 1
73 279 1
74 3 1
74 4 1
74 5 1
74 13 1
74 19 1
74 35 1
74 85 1
74 100 1
74 106 1
74 118 1
74 136 1
74 159 1
74 192 1
74 202 1
74 251 1
74 273 1
74 294 1
75 3 1
75 4 1
75 60 1
75 91 1
75 98 1
75 110 1
75 115 1
75 118 1
75 133 1
75 144 1
75 178 1
75 194 1
75 200 1
75 219 1
75 221 1
75 234 1
75 255 1
75 277 1
76 13 1
76 19 1
76 32 1
76 37 1
76 48 1
76 59 1
76 60 1
76 68 1
76 88 1
76 94 1
76 138 1
76 143 1
76 145 1
77 64 1
77 242 1
78 4 1
78 67 1
78 72 1
78 112 1
78 149 1
78 182 1
78 209 1
78 214 1
78 237 1
78 264 1
79 92 1
79 118 1
79 127 1
79 178 1
79 206 1
79 216 1
80 57 1
80 72 1
80 77 1
80 208 1
81 140 1
82 151 1
82 225 1
83 124 1
83 137 1
84 122 1
84 221 1
85 4 1
85 11 1
85 19 1
85 20 1
85 28 1
85 59 1
85 60 1
85 63 1
85 64 1
85 68 1
85 72 1
85 74 1
85 76 1
85 96 1
85 106 1
85 108 1
85 110 1
85 119 1
85 121 1
85 124 1
85 125 1
85 128 1
85 136 1
85 146 1
85 150 1
85 173 1
85 181 1
85 188 1
85 192 1
85 196 1
85 205 1
85 214 1
85 227 1
85 257 1
85 268 1
85 293 1
86 21 1
86 28 1
86 35 1
86 77 1
86 91 1
86 112 1
86 117 1
86 135 1
86 242 1
86 248 1
86 279 1
87 10 1
87 13 1
87 14 1
87 28 1
87 64 1
87 91 1
87 103 1
87 106 1
87 109 1
87 110 1
87 111 1
87 116 1
87 118 1
87 120 1
87 121 1
87 122 1
87 126 1
87 130 1
87 132 1
87 133 1
87 143 1
87 163 1
87 164 1
87 172 1
87 173 1
87 192 1
87 198 1
87 205 1
87 208 1
87 210 1
87 216 1
87 217 1
87 229 1
87 231 1
87 255 1
87 258 1
88 59 1
88 115 1
88 130 1
88 133 1
88 194 1
88 207 1
88 208 1
89 90 1
89 93 1
89 113 1
89 196 1
89 284 1
90 5 1
90 55 1
90 59 1
90 62 1
90 85 1
90 119 1
90 159 1
90 195 1
91 28 1
91 112 1
91 143 1
91 204 1
91 206 1
91 207 1
91 246 1
92 33 1
92 143 1
93 107 1
94 11 1
94 59 1
94 113 1
94 122 1
94 138 1
94 226 1
94 279 1
95 170 1
95 218 1
95 233 1
96 3 1
96 20 1
96 21 1
96 67 1
96 131 1
96 150 1
97 53 1
97 128 1
97 157 1
97 275 1
98 3 1
98 7 1
98 13 1
98 27 1
98 68 1
98 84 1
98 119 1
98 131 1
98 138 1
98 142 1
98 149 1
98 167 1
98 178 1
98 192 1
99 5 1
99 9 1
99 13 1
99 16 1
99 51 1
99 72 1
99 87 1
99 91 1
99 92 1
99 112 1
99 118 1
99 155 1
99 165 1
99 169 1
99 170 1
99 173 1
99 185 1
99 201 1
99 246 1
100 46 1
100 74 1
100 217 1
100 233 1
100 234 1
101 71 1
101 91 1
101 96 1
102 13 1
102 121 1
102 150 1
102 199 1
102 214 1
102 216 1
103 4 1
103 8 1
103 13 1
103 71 1
103 106 1
103 126 1
103 134 1
103 143 1
103 162 1
103 199 1
103 205 1
103 213 1
104 11 1
104 42 1
104 73 1
104 94 1
104 99 1
104 122 1
104 138 1
104 143 1
104 156 1
104 209 1
104 276 1
105 53 1
105 110 1
105 120 1
105 149 1
105 195 1
105 224 1
105 256 1
106 6 1
106 16 1
106 74 1
106 103 1
106 117 1
106 163 1
106 192 1
106 206 1
107 65 1
107 123 1
107 134 1
107 149 1
107 252 1
107 254 1
107 285 1
108 2 1
108 41 1
108 51 1
108 138 1
108 182 1
108 249 1
108 275 1
109 60 1
109 64 1
109 71 1
109 118 1
109 126 1
109 144 1
109 169 1
109 196 1
109 225 1
109 227 1
109 249 1
110 54 1
110 92 1
110 120 1
110 138 1
110 229 1
110 252 1
111 3 1
111 94 1
111 126 1
111 207 1
112 16 1
112 91 1
112 92 1
112 99 1
112 180 1
112 220 1
112 280 1
113 9 1
113 35 1
113 83 1
113 107 1
113 136 1
113 194 1
113 266 1
114 13 1
114 14 1
114 68 1
114 116 1
114 118 1
114 133 1
114 143 1
114 193 1
114 200 1
114 210 1
114 246 1
114 256 1
115 5 1
115 16 1
115 60 1
115 64 1
115 70 1
115 72 1
115 91 1
115 96 1
115 103 1
115 114 1
115 118 1
115 126 1
115 133 1
115 171 1
115 173 1
115 175 1
115 190 1
115 194 1
115 196 1
115 200 1
115 205 1
115 208 1
115 282 1
115 283 1
115 284 1
116 3 1
116 14 1
116 18 1
116 19 1
116 70 1
116 114 1
116 120 1
116 130 1
116 133 1
117 215 1
117 257 1
117 260 1
118 4 1
118 13 1
118 14 1
118 32 1
118 33 1
118 60 1
118 64 1
118 70 1
118 88 1
118 110 1
118 114 1
118 115 1
118 116 1
118 120 1
118 126 1
118 130 1
118 133 1
118 143 1
118 155 1
118 172 1
118 173 1
118 200 1
118 208 1
118 221 1
118 225 1
118 246 1
119 5 1
119 7 1
119 13 1
119 17 1
119 52 1
119 68 1
119 70 1
119 91 1
119 112 1
119 118 1
119 123 1
119 124 1
119 126 1
119 137 1
119 140 1
119 146 1
119 150 1
119 162 1
119 166 1
119 173 1
119 178 1
119 186 1
119 194 1
119 199 1
119 203 1
119 204 1
119 205 1
119 207 1
119 227 1
119 242 1
119 279 1
120 3 1
120 8 1
120 13 1
120 14 1
120 15 1
120 43 1
120 59 1
120 68 1
120 91 1
120 110 1
120 114 1
120 119 1
120 126 1
120 130 1
120 131 1
120 138 1
120 173 1
120 196 1
120 207 1
120 208 1
121 1 1
121 135 1
121 202 1
121 249 1
122 11 1
122 94 1
122 229 1
123 6 1
123 32 1
123 64 1
123 107 1
123 119 1
123 134 1
123 150 1
123 154 1
123 221 1
123 227 1
123 239 1
124 13 1
124 43 1
124 44 1
124 59 1
124 104 1
124 119 1
124 150 1
124 196 1
124 204 1
124 210 1
124 227 1
125 1 1
125 88 1
125 105 1
125 151 1
125 177 1
125 185 1
125 257 1
125 267 1
126 3 1
126 13 1
126 17 1
126 64 1
126 67 1
126 77 1
126 96 1
126 106 1
126 111 1
126 116 1
126 137 1
126 142 1
126 143 1
126 173 1
126 185 1
126 194 1
126 199 1
126 203 1
126 204 1
126 205 1
126 206 1
126 208 1
126 227 1
126 229 1
126 273 1
127 117 1
127 145 1
127 238 1
128 55 1
128 218 1
129 154 1
129 193 1
129 248 1
130 7 1
130 14 1
130 86 1
130 116 1
130 120 1
130 217 1
131 3 1
131 5 1
131 7 1
131 43 1
131 51 1
131 68 1
131 85 1
131 91 1
131 96 1
131 107 1
131 112 1
131 119 1
131 120 1
131 167 1
131 178 1
131 207 1
131 237 1
131 240 1
132 51 1
132 126 1
132 134 1
132 164 1
132 208 1
132 229 1
132 262 1
132 282 1
133 4 1
133 13 1
133 14 1
133 53 1
133 60 1
133 73 1
133 88 1
133 104 1
133 109 1
133 116 1
133 118 1
133 130 1
133 143 1
133 208 1
133 213 1
134 132 1
134 168 1
134 227 1
134 229 1
134 285 1
136 22 1
136 55 1
136 104 1
136 204 1
136 205 1
136 279 1
137 204 1
138 7 1
138 31 1
138 43 1
138 59 1
138 68 1
138 76 1
138 88 1
138 91 1
138 94 1
138 102 1
138 112 1
138 119 1
138 120 1
138 124 1
138 131 1
138 148 1
138 219 1
138 226 1
138 231 1
138 236 1
138 246 1
138 249 1
139 9 1
139 31 1
139 87 1
139 99 1
139 178 1
139 269 1
140 3 1
140 48 1
140 54 1
140 138 1
141 72 1
141 99 1
141 278 1
142 3 1
142 5 1
142 38 1
142 98 1
142 119 1
142 126 1
142 178 1
142 192 1
142 199 1
143 2 1
143 14 1
143 17 1
143 32 1
143 42 1
143 59 1
143 60 1
143 94 1
143 104 1
143 114 1
143 151 1
143 173 1
143 198 1
143 222 1
143 225 1
143 246 1
145 76 1
145 127 1
146 19 1
146 51 1
146 63 1
146 77 1
146 99 1
146 126 1
146 152 1
146 188 1
146 192 1
146 208 1
146 215 1
146 258 1
147 39 1
147 180 1
148 147 1
148 195 1
148 254 1
149 15 1
149 20 1
149 31 1
149 67 1
149 84 1
149 209 1
149 214 1
149 264 1
150 123 1
150 124 1
151 17 1
152 3 1
152 15 1
152 42 1
152 43 1
152 47 1
152 88 1
152 96 1
152 115 1
152 126 1
152 131 1
152 188 1
152 265 1
153 22 1
153 31 1
153 78 1
153 106 1
153 109 1
153 260 1
153 276 1
154 9 1
154 53 1
154 176 1
154 185 1
154 188 1
154 209 1
155 30 1
155 33 1
155 72 1
155 94 1
155 138 1
155 158 1
155 246 1
156 5 1
156 7 1
156 43 1
156 56 1
156 85 1
156 108 1
156 119 1
156 138 1
156 171 1
157 53 1
157 61 1
157 70 1
157 121 1
157 139 1
157 170 1
157 241 1
158 21 1
158 56 1
158 150 1
158 207 1
158 214 1
158 240 1
158 273 1
158 283 1
158 284 1
159 3 1
159 42 1
159 68 1
159 109 1
159 214 1
160 64 1
160 105 1
160 120 1
160 154 1
160 192 1
160 204 1
160 234 1
160 238 1
160 247 1
161 27 1
161 33 1
161 99 1
161 109 1
161 119 1
161 146 1
161 150 1
161 169 1
161 182 1
161 210 1
162 7 1
162 17 1
162 28 1
162 42 1
162 43 1
162 169 1
162 201 1
162 225 1
162 231 1
163 10 1
163 28 1
163 66 1
163 87 1
163 109 1
163 119 1
163 136 1
163 205 1
163 220 1
164 3 1
164 11 1
164 13 1
164 94 1
164 117 1
164 121 1
164 197 1
164 210 1
164 211 1
164 226 1
165 43 1
165 58 1
165 99 1
165 143 1
165 169 1
165 204 1
166 29 1
166 44 1
166 73 1
166 83 1
166 245 1
167 1 1
167 22 1
167 68 1
167 85 1
167 96 1
167 107 1
167 119 1
167 131 1
167 207 1
167 247 1
167 297 1
168 56 1
168 66 1
168 101 1
168 109 1
168 139 1
168 200 1
168 215 1
168 229 1
168 240 1
168 285 1
169 21 1
169 53 1
169 135 1
169 181 1
169 216 1
169 218 1
169 227 1
169 285 1
170 54 1
170 91 1
170 117 1
170 179 1
170 192 1
170 257 1
171 72 1
171 103 1
171 156 1
171 158 1
171 193 1
171 283 1
172 63 1
172 134 1
172 173 1
172 209 1
172 212 1
172 213 1
173 2 1
173 4 1
173 5 1
173 7 1
173 17 1
173 32 1
173 36 1
173 43 1
173 46 1
173 59 1
173 64 1
173 91 1
173 124 1
173 126 1
173 143 1
173 150 1
173 151 1
173 172 1
173 205 1
173 208 1
173 224 1
173 225 1
173 231 1
173 246 1
173 256 1
173 284 1
174 35 1
174 94 1
174 97 1
174 108 1
174 139 1
174 144 1
174 188 1
174 210 1
174 219 1
174 226 1
174 236 1
175 1 1
175 63 1
175 66 1
175 122 1
175 278 1
176 72 1
176 192 1
176 200 1
176 227 1
176 231 1
177 67 1
177 125 1
177 188 1
177 192 1
177 223 1
177 227 1
177 285 1
178 3 1
178 5 1
178 13 1
178 122 1
178 139 1
178 142 1
178 173 1
178 194 1
178 202 1
178 205 1
178 208 1
178 219 1
178 227 1
179 4 1
179 54 1
179 55 1
179 178 1
179 186 1
179 202 1
179 206 1
179 219 1
179 258 1
179 259 1
180 84 1
180 105 1
180 136 1
180 209 1
180 212 1
180 245 1
180 263 1
180 285 1
181 106 1
181 117 1
181 176 1
181 179 1
181 196 1
181 233 1
181 234 1
182 10 1
182 147 1
182 211 1
182 217 1
182 258 1
182 285 1
183 16 1
183 35 1
183 53 1
183 57 1
183 69 1
183 84 1
183 92 1
183 94 1
183 268 1
184 66 1
184 193 1
184 200 1
184 254 1
185 28 1
185 35 1
185 80 1
185 125 1
186 17 1
186 39 1
186 95 1
186 202 1
186 238 1
186 257 1
186 260 1
186 276 1
187 6 1
187 37 1
187 138 1
187 143 1
187 151 1
187 290 1
188 3 1
188 5 1
188 19 1
188 22 1
188 28 1
188 87 1
188 106 1
188 112 1
188 119 1
188 146 1
188 173 1
188 192 1
188 203 1
188 205 1
188 215 1
188 242 1
189 118 1
189 119 1
189 169 1
190 5 1
190 7 1
190 13 1
190 39 1
190 64 1
190 70 1
190 111 1
190 115 1
190 126 1
190 138 1
190 159 1
190 173 1
190 205 1
190 208 1
190 237 1
190 238 1
190 277 1
191 2 1
191 3 1
191 7 1
191 13 1
191 14 1
191 26 1
191 30 1
191 64 1
191 68 1
191 85 1
191 87 1
191 94 1
191 96 1
191 110 1
191 119 1
191 120 1
191 123 1
191 126 1
191 131 1
191 138 1
191 143 1
191 146 1
191 173 1
191 196 1
191 199 1
191 202 1
191 203 1
191 208 1
191 228 1
191 242 1
191 281 1
192 22 1
192 27 1
192 44 1
192 103 1
192 106 1
192 117 1
192 138 1
192 196 1
192 205 1
192 243 1
192 285 1
193 98 1
193 101 1
193 118 1
193 152 1
193 241 1
194 16 1
194 32 1
194 60 1
194 103 1
194 124 1
194 143 1
194 173 1
194 205 1
194 227 1
194 251 1
195 5 1
195 148 1
195 161 1
195 197 1
195 230 1
196 39 1
196 60 1
196 109 1
196 118 1
196 122 1
196 135 1
196 164 1
196 195 1
197 90 1
197 195 1
197 230 1
197 274 1
198 17 1
198 42 1
198 59 1
198 104 1
198 115 1
198 117 1
198 138 1
198 143 1
198 147 1
198 151 1
198 158 1
198 160 1
198 246 1
198 296 1
199 3 1
199 47 1
199 96 1
199 126 1
199 203 1
199 205 1
199 208 1
199 270 1
200 67 1
200 71 1
200 75 1
200 88 1
200 114 1
200 133 1
200 184 1
200 193 1
200 219 1
200 245 1
200 273 1
201 3 1
201 4 1
201 12 1
201 13 1
201 19 1
201 32 1
201 66 1
201 85 1
201 99 1
201 126 1
201 173 1
201 186 1
201 188 1
201 238 1
201 246 1
202 72 1
202 178 1
202 186 1
202 189 1
202 216 1
202 241 1
203 4 1
203 13 1
203 15 1
203 17 1
203 69 1
203 109 1
203 119 1
203 126 1
203 140 1
203 150 1
203 199 1
203 204 1
204 31 1
204 69 1
204 137 1
204 205 1
204 226 1
205 103 1
205 192 1
205 194 1
205 204 1
205 208 1
205 227 1
205 254 1
205 262 1
206 3 1
206 92 1
206 106 1
206 131 1
206 167 1
206 239 1
206 256 1
206 285 1
207 72 1
207 91 1
207 254 1
208 3 1
208 64 1
208 72 1
208 126 1
208 199 1
208 205 1
209 212 1
210 72 1
210 114 1
210 124 1
210 189 1
210 260 1
211 1 1
211 13 1
211 74 1
211 136 1
211 205 1
211 233 1
212 157 1
212 172 1
212 209 1
212 210 1
212 254 1
213 10 1
213 13 1
213 78 1
213 103 1
213 149 1
213 172 1
214 4 1
214 67 1
214 72 1
214 78 1
214 87 1
214 149 1
214 153 1
214 179 1
214 204 1
214 240 1
214 256 1
215 3 1
215 54 1
215 102 1
215 182 1
215 214 1
215 222 1
215 285 1
216 53 1
216 100 1
216 268 1
216 280 1
217 14 1
217 119 1
217 130 1
217 133 1
218 128 1
218 159 1
218 240 1
218 256 1
219 9 1
219 35 1
219 62 1
219 93 1
219 112 1
219 196 1
219 212 1
219 214 1
219 271 1
220 7 1
220 28 1
220 31 1
220 36 1
220 91 1
220 92 1
220 112 1
220 138 1
220 150 1
220 153 1
220 173 1
220 202 1
220 225 1
220 246 1
220 278 1
220 286 1
221 84 1
221 85 1
221 90 1
221 258 1
222 42 1
222 54 1
222 97 1
222 100 1
222 102 1
222 215 1
222 216 1
222 254 1
223 291 1
224 163 1
225 32 1
225 218 1
225 245 1
226 35 1
226 53 1
226 87 1
226 171 1
227 24 1
227 64 1
227 115 1
227 130 1
227 134 1
227 194 1
227 205 1
228 13 1
228 31 1
228 41 1
228 61 1
228 89 1
228 93 1
228 146 1
228 169 1
228 188 1
228 251 1
229 110 1
229 122 1
230 70 1
230 197 1
232 46 1
232 54 1
232 55 1
232 63 1
232 100 1
232 122 1
232 153 1
232 171 1
232 196 1
232 206 1
232 221 1
232 236 1
232 266 1
232 280 1
232 285 1
233 54 1
233 87 1
233 151 1
233 219 1
234 3 1
234 6 1
234 13 1
234 14 1
234 42 1
234 49 1
234 60 1
234 75 1
234 91 1
234 115 1
234 118 1
234 143 1
234 190 1
234 253 1
234 264 1
235 32 1
235 81 1
235 88 1
235 117 1
235 131 1
235 141 1
235 200 1
235 203 1
235 207 1
235 271 1
236 3 1
236 166 1
237 85 1
237 242 1
238 11 1
238 186 1
239 8 1
239 123 1
239 136 1
239 143 1
239 144 1
239 150 1
239 259 1
240 218 1
241 202 1
242 272 1
245 32 1
245 161 1
245 225 1
245 265 1
246 16 1
246 88 1
246 138 1
246 263 1
247 111 1
247 135 1
247 138 1
248 129 1
249 108 1
250 17 1
250 51 1
250 70 1
250 128 1
250 200 1
250 220 1
250 240 1
251 84 1
253 82 1
253 83 1
253 87 1
253 118 1
253 126 1
254 21 1
254 90 1
254 193 1
254 262 1
255 6 1
255 12 1
255 102 1
256 2 1
256 172 1
256 206 1
256 266 1
257 12 1
257 125 1
257 150 1
257 185 1
257 186 1
258 83 1
258 85 1
258 221 1
259 25 1
263 22 1
263 215 1
264 102 1
264 192 1
265 238 1
265 262 1
266 30 1
266 69 1
267 3 1
267 131 1
268 35 1
268 181 1
269 3 1
269 112 1
269 168 1
269 173 1
269 258 1
269 260 1
269 277 1
269 289 1
270 25 1
270 59 1
270 84 1
270 132 1
270 137 1
270 151 1
270 163 1
270 192 1
270 193 1
270 196 1
270 281 1
271 73 1
272 17 1
272 63 1
272 110 1
272 138 1
272 167 1
272 187 1
272 214 1
272 227 1
272 248 1
272 259 1
273 284 1
274 20 1
274 58 1
274 93 1
274 102 1
274 118 1
274 158 1
274 165 1
274 211 1
274 219 1
275 162 1
276 34 1
276 84 1
276 134 1
276 137 1
276 138 1
276 186 1
276 193 1
276 202 1
276 211 1
276 254 1
277 4 1
277 7 1
277 20 1
277 43 1
277 110 1
277 118 1
277 120 1
277 126 1
277 173 1
277 190 1
277 208 1
277 229 1
278 128 1
278 170 1
278 192 1
278 202 1
278 204 1
278 241 1
278 244 1
278 262 1
280 137 1
283 170 1
284 33 1
284 239 1
