1 76 1
1 285 1
2 3 1
2 4 1
2 5 1
2 13 1
2 14 1
2 19 1
2 48 1
2 59 1
2 68 1
2 94 1
2 99 1
2 118 1
2 119 1
2 126 1
2 133 1
2 143 1
2 173 1
2 196 1
2 199 1
2 205 1
2 208 1
2 227 1
2 246 1
2 251 1
3 4 1
3 7 1
3 9 1
3 28 1
3 31 1
3 32 1
3 43 1
3 60 1
3 64 1
3 67 1
3 68 1
3 88 1
3 94 1
3 99 1
3 104 1
3 116 1
3 118 1
3 119 1
3 122 1
3 124 1
3 126 1
3 134 1
3 135 1
3 137 1
3 143 1
3 173 1
3 184 1
3 196 1
3 205 1
3 206 1
3 208 1
3 210 1
3 223 1
3 225 1
3 227 1
3 229 1
3 233 1
3 240 1
3 249 1
3 254 1
3 275 1
4 2 1
4 13 1
4 17 1
4 21 1
4 28 1
4 54 1
4 64 1
4 68 1
4 84 1
4 99 1
4 118 1
4 122 1
4 124 1
4 140 1
4 143 1
4 148 1
4 160 1
4 161 1
4 163 1
4 170 1
4 192 1
4 196 1
4 200 1
4 202 1
4 205 1
4 208 1
4 221 1
4 223 1
4 227 1
4 229 1
4 246 1
4 264 1
4 280 1
5 9 1
5 12 1
5 13 1
5 17 1
5 31 1
5 42 1
5 60 1
5 63 1
5 66 1
5 68 1
5 72 1
5 85 1
5 94 1
5 96 1
5 106 1
5 114 1
5 118 1
5 119 1
5 126 1
5 131 1
5 135 1
5 138 1
5 143 1
5 146 1
5 150 1
5 186 1
5 202 1
5 203 1
5 205 1
5 206 1
5 208 1
5 212 1
5 214 1
5 233 1
5 245 1
6 107 1
6 134 1
6 138 1
6 143 1
6 158 1
6 172 1
6 173 1
6 236 1
7 3 1
7 13 1
7 14 1
7 49 1
7 60 1
7 64 1
7 71 1
7 74 1
7 85 1
7 91 1
7 112 1
7 119 1
7 122 1
7 126 1
7 138 1
7 143 1
7 162 1
7 173 1
7 188 1
7 192 1
7 196 1
7 200 1
7 205 1
7 208 1
7 214 1
7 227 1
7 260 1
8 3 1
8 4 1
8 21 1
8 55 1
8 63 1
8 91 1
8 99 1
8 117 1
8 124 1
8 144 1
8 178 1
8 196 1
8 205 1
8 229 1
9 22 1
9 35 1
9 62 1
9 67 1
9 73 1
9 123 1
9 140 1
9 183 1
9 206 1
9 254 1
10 11 1
10 53 1
10 64 1
10 154 1
10 173 1
10 192 1
10 227 1
10 246 1
11 13 1
11 14 1
11 42 1
11 64 1
11 111 1
11 159 1
11 204 1
11 210 1
11 227 1
12 3 1
12 63 1
12 85 1
12 86 1
12 166 1
12 196 1
12 218 1
13 3 1
13 8 1
13 14 1
13 32 1
13 43 1
13 53 1
13 55 1
13 59 1
13 64 1
13 70 1
13 72 1
13 91 1
13 94 1
13 106 1
13 110 1
13 119 1
13 120 1
13 124 1
13 126 1
13 131 1
13 138 1
13 143 1
13 149 1
13 150 1
13 162 1
13 165 1
13 169 1
13 173 1
13 176 1
13 185 1
13 192 1
13 194 1
13 196 1
13 199 1
13 200 1
13 203 1
13 204 1
13 205 1
13 209 1
13 214 1
13 227 1
13 240 1
13 245 1
13 246 1
13 258 1
14 2 1
14 3 1
14 4 1
14 7 1
14 11 1
14 13 1
14 15 1
14 19 1
14 60 1
14 70 1
14 74 1
14 91 1
14 112 1
14 115 1
14 118 1
14 119 1
14 126 1
14 162 1
14 173 1
14 188 1
14 192 1
14 196 1
14 208 1
14 210 1
14 227 1
14 246 1
15 5 1
15 6 1
15 21 1
15 66 1
15 89 1
15 96 1
15 119 1
15 126 1
15 131 1
15 133 1
15 138 1
15 144 1
15 185 1
15 186 1
15 231 1
15 239 1
15 260 1
16 50 1
16 84 1
16 92 1
16 257 1
17 99 1
17 110 1
17 150 1
18 84 1
18 120 1
18 170 1
18 173 1
18 213 1
18 254 1
19 2 1
19 112 1
19 118 1
19 276 1
20 49 1
20 54 1
20 85 1
20 103 1
20 115 1
20 127 1
21 63 1
21 90 1
21 101 1
21 109 1
21 169 1
21 170 1
21 171 1
21 180 1
21 293 1
22 32 1
22 39 1
22 62 1
22 83 1
22 86 1
22 101 1
22 122 1
22 128 1
22 150 1
22 182 1
22 194 1
22 231 1
22 237 1
23 42 1
23 54 1
23 70 1
23 91 1
23 130 1
23 144 1
23 148 1
23 150 1
23 178 1
23 208 1
23 211 1
23 216 1
23 242 1
23 282 1
24 3 1
24 13 1
24 64 1
24 72 1
24 88 1
24 91 1
24 96 1
24 106 1
24 119 1
24 120 1
24 124 1
24 129 1
24 131 1
24 132 1
24 136 1
24 138 1
24 204 1
24 278 1
24 283 1
25 43 1
25 87 1
25 143 1
25 177 1
25 206 1
26 102 1
26 141 1
26 215 1
26 238 1
26 273 1
27 141 1
27 240 1
28 12 1
28 57 1
28 85 1
28 143 1
28 192 1
29 118 1
29 208 1
29 260 1
29 285 1
30 2 1
30 53 1
30 64 1
30 96 1
30 102 1
30 148 1
31 197 1
31 203 1
31 230 1
32 19 1
32 42 1
32 63 1
32 94 1
32 126 1
32 146 1
32 194 1
32 229 1
33 3 1
33 72 1
33 88 1
33 143 1
33 183 1
34 3 1
34 13 1
34 43 1
34 54 1
34 72 1
34 119 1
34 130 1
34 131 1
34 136 1
34 175 1
34 195 1
34 196 1
34 200 1
35 96 1
35 106 1
35 107 1
35 143 1
35 190 1
36 13 1
36 39 1
36 57 1
36 61 1
36 67 1
36 80 1
36 96 1
36 99 1
36 104 1
36 106 1
36 118 1
36 168 1
36 172 1
36 192 1
36 217 1
36 245 1
37 18 1
37 28 1
37 60 1
37 85 1
37 139 1
37 202 1
37 253 1
38 46 1
38 88 1
38 97 1
38 209 1
38 219 1
39 83 1
39 105 1
39 207 1
40 46 1
40 87 1
40 88 1
40 173 1
40 204 1
40 207 1
40 219 1
40 225 1
40 237 1
40 284 1
41 6 1
41 133 1
41 151 1
41 216 1
41 284 1
42 9 1
42 17 1
42 28 1
42 76 1
42 139 1
42 245 1
43 58 1
43 72 1
43 123 1
43 136 1
43 137 1
43 151 1
43 168 1
43 195 1
43 220 1
43 225 1
44 3 1
44 13 1
44 33 1
44 55 1
44 98 1
44 103 1
44 110 1
44 118 1
44 138 1
44 143 1
44 188 1
44 192 1
44 200 1
44 206 1
44 227 1
45 2 1
45 3 1
45 4 1
45 5 1
45 6 1
45 7 1
45 9 1
45 11 1
45 13 1
45 14 1
45 15 1
45 17 1
45 19 1
45 20 1
45 28 1
45 30 1
45 31 1
45 32 1
45 36 1
45 41 1
45 44 1
45 48 1
45 49 1
45 52 1
45 53 1
45 54 1
45 59 1
45 60 1
45 63 1
45 64 1
45 66 1
45 67 1
45 68 1
45 70 1
45 78 1
45 82 1
45 85 1
45 86 1
45 87 1
45 88 1
45 94 1
45 96 1
45 98 1
45 99 1
45 101 1
45 102 1
45 103 1
45 106 1
45 108 1
45 109 1
45 110 1
45 111 1
45 112 1
45 114 1
45 115 1
45 116 1
45 117 1
45 118 1
45 119 1
45 120 1
45 122 1
45 123 1
45 124 1
45 125 1
45 126 1
45 127 1
45 128 1
45 130 1
45 131 1
45 133 1
45 134 1
45 138 1
45 139 1
45 140 1
45 142 1
45 143 1
45 146 1
45 149 1
45 150 1
45 151 1
45 156 1
45 158 1
45 159 1
45 163 1
45 166 1
45 170 1
45 172 1
45 173 1
45 177 1
45 178 1
45 180 1
45 185 1
45 186 1
45 192 1
45 194 1
45 196 1
45 199 1
45 200 1
45 202 1
45 203 1
45 204 1
45 205 1
45 206 1
45 207 1
45 208 1
45 210 1
45 211 1
45 212 1
45 214 1
45 215 1
45 216 1
45 218 1
45 219 1
45 224 1
45 225 1
45 227 1
45 228 1
45 229 1
45 239 1
45 240 1
45 241 1
45 242 1
45 246 1
45 249 1
45 250 1
45 256 1
45 258 1
45 259 1
45 262 1
45 276 1
45 277 1
45 279 1
45 280 1
45 285 1
46 3 1
46 7 1
46 88 1
46 143 1
46 203 1
47 13 1
47 22 1
47 51 1
47 70 1
47 78 1
47 92 1
47 116 1
47 120 1
47 161 1
47 170 1
47 196 1
47 234 1
47 238 1
47 281 1
48 2 1
48 4 1
48 13 1
48 17 1
48 59 1
48 68 1
48 85 1
48 87 1
48 99 1
48 110 1
48 116 1
48 118 1
48 119 1
48 120 1
48 131 1
48 173 1
48 205 1
48 246 1
49 7 1
49 12 1
49 20 1
49 51 1
49 56 1
49 77 1
49 102 1
49 109 1
49 112 1
49 115 1
49 133 1
49 134 1
49 156 1
49 173 1
49 188 1
49 196 1
49 202 1
49 208 1
49 248 1
49 254 1
50 4 1
50 5 1
50 13 1
50 17 1
50 27 1
50 84 1
50 118 1
50 126 1
50 160 1
50 208 1
50 216 1
50 254 1
50 286 1
51 19 1
51 107 1
51 186 1
51 198 1
51 252 1
51 259 1
52 4 1
52 28 1
52 51 1
52 94 1
52 100 1
52 188 1
52 207 1
52 247 1
52 283 1
53 46 1
53 87 1
53 117 1
53 189 1
53 221 1
53 267 1
53 291 1
54 130 1
56 136 1
56 144 1
56 220 1
56 238 1
56 246 1
57 21 1
57 112 1
57 146 1
59 17 1
59 60 1
59 83 1
59 138 1
59 173 1
59 254 1
59 285 1
60 9 1
60 28 1
60 51 1
60 59 1
60 63 1
60 112 1
60 138 1
60 149 1
60 186 1
60 192 1
60 199 1
60 204 1
60 208 1
61 10 1
61 88 1
61 103 1
61 240 1
61 262 1
62 66 1
62 107 1
62 151 1
63 12 1
64 91 1
64 120 1
64 202 1
64 203 1
64 245 1
65 64 1
65 91 1
65 109 1
65 115 1
65 119 1
65 152 1
65 154 1
65 168 1
65 251 1
65 273 1
65 281 1
66 72 1
66 99 1
66 151 1
66 171 1
66 217 1
67 36 1
67 103 1
67 124 1
68 48 1
68 66 1
68 94 1
68 169 1
68 205 1
68 215 1
69 10 1
69 13 1
69 135 1
69 230 1
70 120 1
70 133 1
71 217 1
72 33 1
72 96 1
72 106 1
72 117 1
72 143 1
72 150 1
72 285 1
73 13 1
73 53 1
73 57 1
73 76 1
73 77 1
73 90 1
73 129 1
73 138 1
73 153 1
73 225 1
73 294 1
74 3 1
74 7 1
74 13 1
74 16 1
74 17 1
74 60 1
74 70 1
74 119 1
74 126 1
74 138 1
74 143 1
74 173 1
74 184 1
74 199 1
74 200 1
74 205 1
74 262 1
75 3 1
75 15 1
75 27 1
75 59 1
75 103 1
75 118 1
75 119 1
75 126 1
75 138 1
75 146 1
75 163 1
75 164 1
75 173 1
75 192 1
75 204 1
75 211 1
75 239 1
75 241 1
76 5 1
76 13 1
76 42 1
76 70 1
76 73 1
76 79 1
76 150 1
76 158 1
76 161 1
76 188 1
76 198 1
76 247 1
76 279 1
77 22 1
77 68 1
78 51 1
78 102 1
78 103 1
78 104 1
78 106 1
78 122 1
78 176 1
78 194 1
78 200 1
78 219 1
79 136 1
79 138 1
79 178 1
79 179 1
79 226 1
79 278 1
80 72 1
80 118 1
80 189 1
80 285 1
81 21 1
82 78 1
82 215 1
83 32 1
83 68 1
84 16 1
84 102 1
85 3 1
85 13 1
85 32 1
85 33 1
85 53 1
85 60 1
85 67 1
85 70 1
85 71 1
85 72 1
85 87 1
85 91 1
85 93 1
85 94 1
85 111 1
85 118 1
85 119 1
85 120 1
85 126 1
85 130 1
85 131 1
85 133 1
85 134 1
85 143 1
85 166 1
85 173 1
85 185 1
85 196 1
85 199 1
85 202 1
85 205 1
85 206 1
85 242 1
85 246 1
85 256 1
85 285 1
86 4 1
86 16 1
86 20 1
86 71 1
86 85 1
86 87 1
86 104 1
86 170 1
86 179 1
86 189 1
86 217 1
87 2 1
87 3 1
87 5 1
87 8 1
87 13 1
87 28 1
87 32 1
87 33 1
87 60 1
87 69 1
87 71 1
87 72 1
87 85 1
87 92 1
87 99 1
87 104 1
87 114 1
87 116 1
87 117 1
87 118 1
87 126 1
87 131 1
87 134 1
87 143 1
87 153 1
87 173 1
87 192 1
87 199 1
87 205 1
87 214 1
87 217 1
87 227 1
87 229 1
87 246 1
87 271 1
87 285 1
88 9 1
88 43 1
88 84 1
88 130 1
88 146 1
88 206 1
88 277 1
89 58 1
89 92 1
89 137 1
89 256 1
89 274 1
90 13 1
90 57 1
90 93 1
90 121 1
90 134 1
90 140 1
90 165 1
90 202 1
91 42 1
91 57 1
91 64 1
91 83 1
91 119 1
91 192 1
91 257 1
92 51 1
92 215 1
93 219 1
94 2 1
94 32 1
94 171 1
94 205 1
94 212 1
94 217 1
94 227 1
95 1 1
95 91 1
95 189 1
96 21 1
96 35 1
96 72 1
96 106 1
96 113 1
96 150 1
97 147 1
97 149 1
97 193 1
97 260 1
98 3 1
98 7 1
98 22 1
98 60 1
98 64 1
98 91 1
98 126 1
98 173 1
98 192 1
98 196 1
98 210 1
98 219 1
98 232 1
98 233 1
99 3 1
99 4 1
99 8 1
99 13 1
99 17 1
99 28 1
99 51 1
99 55 1
99 67 1
99 85 1
99 119 1
99 124 1
99 134 1
99 140 1
99 192 1
99 194 1
99 200 1
99 205 1
99 227 1
100 67 1
100 115 1
100 188 1
100 222 1
100 266 1
101 120 1
101 188 1
101 238 1
102 55 1
102 150 1
102 192 1
102 193 1
102 264 1
102 284 1
103 3 1
103 44 1
103 51 1
103 67 1
103 71 1
103 78 1
103 112 1
103 122 1
103 124 1
103 171 1
103 192 1
103 200 1
104 4 1
104 77 1
104 83 1
104 91 1
104 135 1
104 140 1
104 169 1
104 181 1
104 231 1
104 268 1
104 297 1
105 21 1
105 25 1
105 71 1
105 182 1
105 214 1
105 221 1
105 224 1
106 3 1
106 55 1
106 58 1
106 72 1
106 78 1
106 96 1
106 150 1
106 214 1
107 21 1
107 71 1
107 77 1
107 92 1
107 195 1
107 197 1
107 204 1
108 69 1
108 91 1
108 167 1
108 172 1
108 173 1
108 254 1
108 257 1
109 61 1
109 64 1
109 85 1
109 87 1
109 92 1
109 126 1
109 142 1
109 144 1
109 160 1
109 172 1
109 256 1
110 104 1
110 139 1
110 151 1
110 204 1
110 226 1
110 257 1
111 33 1
111 107 1
111 149 1
111 230 1
112 19 1
112 43 1
112 122 1
112 126 1
112 133 1
112 151 1
112 207 1
113 16 1
113 35 1
113 43 1
113 59 1
113 194 1
113 219 1
113 266 1
114 13 1
114 118 1
114 136 1
114 186 1
114 199 1
114 202 1
114 205 1
114 208 1
114 209 1
114 214 1
114 217 1
114 258 1
115 1 1
115 3 1
115 7 1
115 14 1
115 19 1
115 28 1
115 59 1
115 60 1
115 85 1
115 87 1
115 107 1
115 112 1
115 118 1
115 119 1
115 126 1
115 138 1
115 140 1
115 143 1
115 156 1
115 173 1
115 178 1
115 196 1
115 221 1
115 237 1
115 238 1
116 47 1
116 48 1
116 56 1
116 59 1
116 134 1
116 198 1
116 249 1
116 273 1
116 275 1
117 42 1
117 101 1
117 151 1
118 5 1
118 13 1
118 31 1
118 33 1
118 60 1
118 68 1
118 72 1
118 91 1
118 103 1
118 108 1
118 114 1
118 126 1
118 138 1
118 143 1
118 150 1
118 180 1
118 196 1
118 205 1
118 208 1
118 210 1
118 212 1
118 219 1
118 240 1
118 268 1
118 280 1
118 282 1
119 4 1
119 7 1
119 16 1
119 19 1
119 23 1
119 32 1
119 35 1
119 60 1
119 64 1
119 69 1
119 74 1
119 91 1
119 112 1
119 117 1
119 122 1
119 126 1
119 128 1
119 133 1
119 138 1
119 148 1
119 173 1
119 194 1
119 199 1
119 204 1
119 208 1
119 225 1
119 226 1
119 227 1
119 251 1
119 258 1
119 283 1
120 15 1
120 16 1
120 48 1
120 62 1
120 64 1
120 70 1
120 100 1
120 104 1
120 110 1
120 117 1
120 124 1
120 131 1
120 136 1
120 159 1
120 203 1
120 205 1
120 215 1
120 229 1
120 245 1
120 284 1
121 5 1
121 35 1
121 123 1
121 248 1
122 112 1
122 124 1
122 208 1
123 9 1
123 14 1
123 41 1
123 43 1
123 117 1
123 119 1
123 140 1
123 173 1
123 216 1
123 220 1
123 225 1
124 3 1
124 16 1
124 62 1
124 67 1
124 94 1
124 104 1
124 120 1
124 122 1
124 199 1
124 205 1
124 284 1
125 85 1
125 88 1
125 121 1
125 126 1
125 131 1
125 178 1
125 190 1
125 231 1
126 4 1
126 7 1
126 14 1
126 17 1
126 19 1
126 31 1
126 32 1
126 60 1
126 64 1
126 91 1
126 98 1
126 108 1
126 118 1
126 133 1
126 143 1
126 150 1
126 151 1
126 173 1
126 196 1
126 199 1
126 208 1
126 210 1
126 238 1
126 246 1
126 279 1
127 1 1
127 20 1
127 183 1
128 43 1
128 256 1
129 11 1
129 73 1
129 164 1
130 54 1
130 88 1
130 142 1
130 197 1
130 276 1
130 277 1
131 3 1
131 13 1
131 15 1
131 24 1
131 31 1
131 59 1
131 60 1
131 64 1
131 119 1
131 120 1
131 125 1
131 126 1
131 138 1
131 143 1
131 178 1
131 203 1
131 246 1
131 265 1
132 4 1
132 22 1
132 43 1
132 54 1
132 136 1
132 204 1
132 218 1
132 225 1
133 13 1
133 16 1
133 22 1
133 41 1
133 59 1
133 70 1
133 94 1
133 112 1
133 131 1
133 151 1
133 169 1
133 177 1
133 205 1
133 241 1
133 266 1
134 92 1
134 116 1
134 140 1
134 202 1
134 249 1
136 16 1
136 109 1
136 110 1
136 167 1
136 173 1
136 193 1
137 43 1
138 3 1
138 6 1
138 16 1
138 51 1
138 60 1
138 64 1
138 68 1
138 112 1
138 119 1
138 123 1
138 125 1
138 126 1
138 143 1
138 163 1
138 178 1
138 185 1
138 192 1
138 194 1
138 195 1
138 205 1
138 208 1
138 227 1
139 22 1
139 37 1
139 59 1
139 102 1
139 125 1
139 285 1
140 75 1
140 104 1
140 123 1
140 176 1
141 35 1
141 173 1
141 213 1
142 38 1
142 109 1
142 123 1
142 130 1
142 138 1
142 172 1
142 179 1
142 230 1
142 284 1
143 3 1
143 33 1
143 49 1
143 59 1
143 60 1
143 64 1
143 72 1
143 88 1
143 91 1
143 126 1
143 138 1
143 201 1
143 206 1
143 208 1
143 221 1
143 255 1
145 207 1
145 226 1
146 13 1
146 17 1
146 44 1
146 109 1
146 122 1
146 155 1
146 173 1
146 193 1
146 218 1
146 219 1
146 279 1
146 285 1
147 112 1
147 255 1
148 30 1
148 77 1
148 102 1
149 65 1
149 100 1
149 103 1
149 122 1
149 135 1
149 204 1
149 216 1
149 263 1
150 96 1
150 106 1
151 133 1
152 5 1
152 10 1
152 51 1
152 63 1
152 64 1
152 78 1
152 106 1
152 173 1
152 207 1
152 226 1
152 231 1
152 295 1
153 9 1
153 18 1
153 53 1
153 154 1
153 216 1
153 242 1
153 279 1
154 8 1
154 93 1
154 181 1
154 202 1
154 203 1
154 257 1
155 87 1
155 94 1
155 101 1
155 102 1
155 116 1
155 231 1
155 262 1
156 3 1
156 20 1
156 49 1
156 66 1
156 115 1
156 162 1
156 173 1
156 196 1
156 247 1
157 76 1
157 121 1
157 131 1
157 132 1
157 166 1
157 173 1
157 271 1
158 27 1
158 30 1
158 32 1
158 53 1
158 85 1
158 87 1
158 111 1
158 131 1
158 265 1
159 6 1
159 58 1
159 116 1
159 125 1
159 149 1
160 7 1
160 28 1
160 30 1
160 42 1
160 53 1
160 208 1
160 230 1
160 241 1
160 289 1
161 13 1
161 85 1
161 92 1
161 102 1
161 113 1
161 151 1
161 202 1
161 217 1
161 226 1
161 258 1
162 120 1
162 128 1
162 139 1
162 154 1
162 157 1
162 204 1
162 225 1
162 227 1
162 245 1
163 6 1
163 16 1
163 70 1
163 88 1
163 164 1
163 167 1
163 172 1
163 182 1
163 187 1
164 37 1
164 62 1
164 86 1
164 114 1
164 136 1
164 137 1
164 193 1
164 241 1
164 242 1
164 243 1
165 68 1
165 77 1
165 107 1
165 192 1
165 193 1
165 238 1
166 84 1
166 171 1
166 190 1
166 193 1
166 207 1
167 7 1
167 19 1
167 51 1
167 108 1
167 118 1
167 126 1
167 153 1
167 166 1
167 173 1
167 200 1
167 285 1
168 39 1
168 117 1
168 206 1
168 227 1
168 237 1
168 246 1
168 258 1
168 279 1
168 285 1
168 296 1
169 39 1
169 58 1
169 61 1
169 130 1
169 134 1
169 180 1
169 182 1
169 248 1
170 9 1
170 28 1
170 110 1
170 115 1
170 167 1
170 174 1
171 3 1
171 35 1
171 103 1
171 179 1
171 260 1
171 277 1
172 5 1
172 108 1
172 142 1
172 152 1
172 163 1
172 264 1
173 3 1
173 4 1
173 7 1
173 14 1
173 17 1
173 32 1
173 48 1
173 59 1
173 60 1
173 64 1
173 68 1
173 91 1
173 112 1
173 119 1
173 122 1
173 124 1
173 126 1
173 138 1
173 188 1
173 196 1
173 199 1
173 205 1
173 225 1
173 246 1
173 249 1
173 279 1
174 7 1
174 29 1
174 100 1
174 126 1
174 146 1
174 152 1
174 199 1
174 207 1
174 212 1
174 218 1
174 237 1
175 10 1
175 112 1
175 165 1
175 217 1
175 259 1
176 115 1
176 121 1
176 149 1
176 213 1
176 214 1
177 3 1
177 5 1
177 14 1
177 62 1
177 171 1
177 178 1
177 285 1
178 14 1
178 43 1
178 72 1
178 125 1
178 126 1
178 138 1
178 163 1
178 169 1
178 177 1
178 185 1
178 205 1
178 226 1
178 236 1
179 3 1
179 58 1
179 63 1
179 71 1
179 73 1
179 87 1
179 99 1
179 146 1
179 211 1
179 231 1
180 3 1
180 68 1
180 109 1
180 143 1
180 170 1
180 193 1
180 240 1
180 254 1
181 26 1
181 37 1
181 64 1
181 189 1
181 218 1
181 226 1
181 285 1
182 13 1
182 155 1
182 164 1
182 170 1
182 214 1
182 233 1
183 73 1
183 92 1
183 126 1
183 143 1
183 182 1
183 201 1
183 216 1
183 239 1
183 260 1
184 43 1
184 47 1
184 54 1
184 74 1
185 3 1
185 138 1
185 201 1
185 275 1
186 15 1
186 39 1
186 60 1
186 114 1
186 126 1
186 149 1
186 205 1
186 208 1
187 4 1
187 67 1
187 116 1
187 147 1
187 154 1
187 244 1
188 10 1
188 13 1
188 27 1
188 43 1
188 63 1
188 65 1
188 76 1
188 94 1
188 137 1
188 138 1
188 150 1
188 192 1
188 202 1
188 211 1
188 227 1
188 259 1
189 66 1
189 105 1
189 138 1
190 1 1
190 10 1
190 32 1
190 35 1
190 72 1
190 96 1
190 98 1
190 106 1
190 109 1
190 121 1
190 125 1
190 126 1
190 131 1
190 150 1
190 159 1
190 197 1
190 262 1
191 2 1
191 3 1
191 7 1
191 8 1
191 13 1
191 14 1
191 19 1
191 32 1
191 39 1
191 48 1
191 60 1
191 68 1
191 83 1
191 87 1
191 94 1
191 99 1
191 110 1
191 119 1
191 122 1
191 124 1
191 138 1
191 139 1
191 157 1
191 158 1
191 173 1
191 192 1
191 205 1
191 227 1
191 230 1
191 242 1
191 246 1
192 7 1
192 28 1
192 29 1
192 55 1
192 69 1
192 85 1
192 105 1
192 110 1
192 209 1
192 227 1
192 230 1
193 73 1
193 100 1
193 135 1
193 169 1
193 241 1
194 32 1
194 59 1
194 90 1
194 96 1
194 104 1
194 109 1
194 137 1
194 178 1
194 200 1
194 229 1
195 43 1
195 58 1
195 92 1
195 221 1
195 226 1
196 3 1
196 67 1
196 103 1
196 119 1
196 122 1
196 181 1
196 186 1
196 225 1
197 54 1
197 107 1
197 130 1
197 133 1
198 25 1
198 63 1
198 68 1
198 71 1
198 76 1
198 87 1
198 88 1
198 95 1
198 116 1
198 161 1
198 164 1
198 192 1
198 207 1
198 218 1
199 10 1
199 14 1
199 60 1
199 126 1
199 133 1
199 173 1
199 197 1
199 208 1
200 13 1
200 94 1
200 96 1
200 103 1
200 106 1
200 115 1
200 150 1
200 169 1
200 194 1
200 229 1
200 258 1
201 3 1
201 5 1
201 6 1
201 17 1
201 99 1
201 111 1
201 137 1
201 138 1
201 143 1
201 155 1
201 185 1
201 208 1
201 233 1
201 255 1
201 276 1
202 1 1
202 34 1
202 114 1
202 118 1
202 134 1
202 208 1
203 3 1
203 31 1
203 64 1
203 91 1
203 104 1
203 120 1
203 131 1
203 178 1
203 185 1
203 210 1
203 229 1
203 281 1
204 21 1
204 110 1
204 130 1
204 149 1
204 157 1
205 8 1
205 13 1
205 43 1
205 68 1
205 94 1
205 124 1
205 194 1
205 246 1
206 9 1
206 15 1
206 92 1
206 126 1
206 134 1
206 143 1
206 220 1
206 227 1
207 19 1
207 63 1
207 145 1
208 1 1
208 60 1
208 122 1
208 186 1
208 202 1
208 268 1
209 248 1
210 11 1
210 14 1
210 31 1
210 41 1
210 219 1
211 5 1
211 15 1
211 68 1
211 133 1
211 210 1
211 222 1
212 5 1
212 22 1
212 97 1
212 118 1
212 135 1
213 18 1
213 27 1
213 35 1
213 141 1
213 231 1
213 248 1
214 13 1
214 60 1
214 114 1
214 118 1
214 120 1
214 135 1
214 138 1
214 188 1
214 194 1
214 199 1
214 209 1
215 68 1
215 94 1
215 146 1
215 151 1
215 156 1
215 221 1
215 272 1
216 18 1
216 43 1
216 119 1
216 239 1
217 71 1
217 114 1
217 188 1
217 240 1
218 112 1
218 117 1
218 132 1
218 146 1
219 3 1
219 47 1
219 69 1
219 124 1
219 180 1
219 194 1
219 199 1
219 207 1
219 214 1
220 2 1
220 4 1
220 5 1
220 9 1
220 17 1
220 55 1
220 87 1
220 94 1
220 99 1
220 118 1
220 123 1
220 126 1
220 147 1
220 173 1
220 225 1
220 279 1
221 31 1
221 53 1
221 64 1
221 195 1
222 5 1
222 9 1
222 12 1
222 18 1
222 85 1
222 100 1
222 117 1
222 193 1
223 180 1
224 32 1
225 43 1
225 217 1
225 240 1
226 17 1
226 90 1
226 110 1
226 145 1
227 11 1
227 13 1
227 44 1
227 143 1
227 188 1
227 192 1
227 210 1
228 17 1
228 28 1
228 30 1
228 72 1
228 73 1
228 113 1
228 130 1
228 181 1
228 185 1
228 246 1
229 32 1
229 203 1
230 31 1
230 111 1
232 4 1
232 10 1
232 19 1
232 56 1
232 83 1
232 87 1
232 118 1
232 130 1
232 137 1
232 138 1
232 139 1
232 149 1
232 263 1
232 278 1
232 283 1
233 17 1
233 49 1
233 81 1
233 87 1
234 5 1
234 13 1
234 24 1
234 58 1
234 121 1
234 131 1
234 132 1
234 195 1
234 202 1
234 204 1
234 212 1
234 247 1
234 252 1
234 257 1
234 287 1
235 3 1
235 59 1
235 70 1
235 84 1
235 101 1
235 171 1
235 173 1
235 210 1
235 258 1
235 283 1
236 15 1
236 20 1
237 5 1
237 141 1
238 101 1
238 165 1
239 75 1
239 96 1
239 138 1
239 204 1
239 260 1
239 290 1
239 292 1
240 225 1
241 75 1
242 151 1
245 162 1
245 206 1
245 207 1
245 234 1
246 205 1
246 214 1
246 226 1
246 262 1
247 28 1
247 110 1
247 233 1
248 209 1
249 116 1
250 59 1
250 149 1
250 154 1
250 234 1
250 247 1
250 267 1
250 284 1
251 134 1
253 11 1
253 88 1
253 91 1
253 168 1
253 219 1
254 97 1
254 165 1
254 233 1
254 273 1
255 54 1
255 246 1
255 271 1
256 1 1
256 4 1
256 87 1
256 128 1
257 53 1
257 72 1
257 91 1
257 234 1
257 285 1
258 114 1
258 202 1
258 208 1
259 16 1
263 146 1
263 204 1
264 112 1
264 167 1
265 59 1
265 99 1
266 19 1
266 58 1
267 226 1
267 233 1
268 10 1
268 270 1
269 1 1
269 128 1
269 153 1
269 161 1
269 209 1
269 235 1
269 256 1
269 285 1
270 4 1
270 7 1
270 13 1
270 84 1
270 128 1
270 170 1
270 203 1
270 206 1
270 225 1
270 227 1
270 278 1
271 242 1
272 4 1
272 5 1
272 117 1
272 119 1
272 132 1
272 177 1
272 178 1
272 229 1
272 251 1
272 261 1
273 78 1
274 21 1
274 42 1
274 88 1
274 111 1
274 213 1
274 214 1
274 219 1
274 242 1
274 246 1
275 54 1
276 5 1
276 13 1
276 19 1
276 91 1
276 105 1
276 108 1
276 119 1
276 150 1
276 179 1
276 219 1
277 3 1
277 5 1
277 103 1
277 118 1
277 128 1
277 171 1
277 172 1
277 203 1
277 215 1
277 225 1
277 259 1
277 269 1
278 33 1
278 93 1
278 102 1
278 113 1
278 118 1
278 206 1
278 236 1
278 288 1
280 20 1
283 1 1
284 41 1
284 257 1
