1 118 1
1 211 1
2 4 1
2 6 1
2 7 1
2 13 1
2 14 1
2 21 1
2 48 1
2 60 1
2 64 1
2 83 1
2 87 1
2 88 1
2 91 1
2 104 1
2 118 1
2 119 1
2 126 1
2 143 1
2 150 1
2 188 1
2 196 1
2 205 1
2 208 1
2 246 1
3 1 1
3 2 1
3 4 1
3 5 1
3 7 1
3 16 1
3 19 1
3 31 1
3 58 1
3 59 1
3 60 1
3 64 1
3 68 1
3 70 1
3 78 1
3 83 1
3 85 1
3 94 1
3 101 1
3 103 1
3 104 1
3 106 1
3 112 1
3 115 1
3 126 1
3 143 1
3 150 1
3 157 1
3 163 1
3 178 1
3 192 1
3 202 1
3 203 1
3 206 1
3 207 1
3 215 1
3 226 1
3 227 1
3 229 1
3 237 1
3 246 1
4 5 1
4 13 1
4 28 1
4 43 1
4 51 1
4 59 1
4 60 1
4 63 1
4 64 1
4 68 1
4 71 1
4 110 1
4 116 1
4 117 1
4 124 1
4 126 1
4 130 1
4 138 1
4 143 1
4 150 1
4 158 1
4 162 1
4 193 1
4 200 1
4 202 1
4 205 1
4 208 1
4 212 1
4 222 1
4 227 1
4 233 1
4 236 1
4 246 1
5 17 1
5 18 1
5 19 1
5 32 1
5 43 1
5 44 1
5 57 1
5 63 1
5 67 1
5 88 1
5 100 1
5 102 1
5 104 1
5 106 1
5 110 1
5 112 1
5 130 1
5 136 1
5 137 1
5 143 1
5 149 1
5 150 1
5 151 1
5 168 1
5 172 1
5 185 1
5 206 1
5 207 1
5 208 1
5 221 1
5 238 1
5 240 1
5 241 1
5 260 1
5 264 1
6 42 1
6 79 1
6 87 1
6 90 1
6 91 1
6 119 1
6 245 1
6 254 1
7 3 1
7 13 1
7 15 1
7 16 1
7 43 1
7 48 1
7 59 1
7 60 1
7 68 1
7 83 1
7 88 1
7 94 1
7 99 1
7 100 1
7 110 1
7 117 1
7 118 1
7 126 1
7 142 1
7 143 1
7 186 1
7 194 1
7 204 1
7 205 1
7 227 1
7 243 1
7 277 1
8 3 1
8 7 1
8 49 1
8 64 1
8 74 1
8 103 1
8 134 1
8 150 1
8 193 1
8 207 1
8 211 1
8 220 1
8 229 1
8 265 1
9 6 1
9 72 1
9 87 1
9 91 1
9 99 1
9 144 1
9 146 1
9 161 1
9 170 1
9 173 1
10 9 1
10 33 1
10 99 1
10 126 1
10 151 1
10 193 1
10 199 1
10 259 1
11 43 1
11 44 1
11 64 1
11 88 1
11 96 1
11 114 1
11 143 1
11 180 1
11 279 1
12 5 1
12 87 1
12 118 1
12 119 1
12 173 1
12 186 1
12 274 1
13 2 1
13 3 1
13 5 1
13 17 1
13 26 1
13 35 1
13 42 1
13 43 1
13 48 1
13 51 1
13 53 1
13 54 1
13 59 1
13 67 1
13 71 1
13 91 1
13 94 1
13 109 1
13 114 1
13 117 1
13 120 1
13 121 1
13 133 1
13 138 1
13 143 1
13 150 1
13 166 1
13 178 1
13 188 1
13 189 1
13 192 1
13 194 1
13 204 1
13 205 1
13 207 1
13 208 1
13 210 1
13 216 1
13 217 1
13 225 1
13 227 1
13 246 1
13 249 1
13 255 1
13 256 1
14 2 1
14 3 1
14 4 1
14 13 1
14 21 1
14 48 1
14 60 1
14 64 1
14 88 1
14 96 1
14 99 1
14 118 1
14 119 1
14 126 1
14 138 1
14 150 1
14 171 1
14 173 1
14 192 1
14 196 1
14 199 1
14 202 1
14 203 1
14 205 1
14 208 1
14 246 1
15 13 1
15 19 1
15 60 1
15 112 1
15 116 1
15 118 1
15 119 1
15 125 1
15 126 1
15 138 1
15 151 1
15 176 1
15 196 1
15 205 1
15 216 1
15 227 1
15 246 1
16 94 1
16 141 1
16 151 1
16 157 1
17 170 1
17 195 1
17 257 1
18 6 1
18 97 1
18 199 1
18 205 1
18 212 1
18 248 1
19 5 1
19 104 1
19 106 1
19 112 1
20 17 1
20 60 1
20 125 1
20 172 1
20 214 1
20 285 1
21 37 1
21 107 1
21 109 1
21 118 1
21 141 1
21 209 1
21 216 1
21 231 1
21 239 1
22 4 1
22 5 1
22 16 1
22 20 1
22 67 1
22 108 1
22 119 1
22 138 1
22 173 1
22 194 1
22 225 1
22 229 1
22 279 1
23 16 1
23 28 1
23 43 1
23 63 1
23 88 1
23 98 1
23 101 1
23 117 1
23 122 1
23 136 1
23 163 1
23 165 1
23 242 1
23 245 1
24 9 1
24 13 1
24 28 1
24 64 1
24 93 1
24 99 1
24 108 1
24 118 1
24 135 1
24 138 1
24 147 1
24 150 1
24 173 1
24 192 1
24 204 1
24 205 1
24 208 1
24 214 1
24 225 1
25 43 1
25 183 1
25 199 1
25 227 1
25 279 1
26 12 1
26 111 1
26 185 1
26 199 1
26 207 1
27 84 1
27 173 1
28 55 1
28 64 1
28 141 1
28 179 1
28 273 1
29 16 1
29 90 1
29 169 1
29 267 1
30 90 1
30 101 1
30 122 1
30 150 1
30 162 1
30 193 1
31 64 1
31 96 1
31 178 1
32 3 1
32 31 1
32 78 1
32 103 1
32 131 1
32 143 1
32 226 1
32 260 1
33 22 1
33 69 1
33 126 1
33 199 1
33 258 1
34 5 1
34 9 1
34 51 1
34 57 1
34 72 1
34 102 1
34 128 1
34 137 1
34 162 1
34 173 1
34 192 1
34 206 1
34 241 1
35 92 1
35 94 1
35 123 1
35 248 1
35 256 1
36 3 1
36 5 1
36 13 1
36 71 1
36 85 1
36 118 1
36 121 1
36 126 1
36 131 1
36 146 1
36 166 1
36 188 1
36 198 1
36 205 1
36 210 1
36 283 1
37 103 1
37 109 1
37 111 1
37 112 1
37 122 1
37 216 1
37 218 1
38 100 1
38 146 1
38 233 1
38 252 1
38 280 1
39 71 1
39 122 1
39 134 1
40 22 1
40 27 1
40 94 1
40 105 1
40 166 1
40 179 1
40 199 1
40 212 1
40 214 1
40 233 1
41 11 1
41 101 1
41 128 1
41 165 1
41 226 1
42 19 1
42 180 1
42 208 1
42 226 1
42 255 1
42 279 1
43 3 1
43 66 1
43 78 1
43 106 1
43 110 1
43 120 1
43 130 1
43 138 1
43 143 1
43 194 1
44 2 1
44 11 1
44 53 1
44 61 1
44 77 1
44 118 1
44 119 1
44 124 1
44 126 1
44 164 1
44 172 1
44 173 1
44 204 1
44 233 1
44 242 1
45 2 1
45 3 1
45 4 1
45 5 1
45 7 1
45 8 1
45 9 1
45 11 1
45 13 1
45 14 1
45 15 1
45 17 1
45 19 1
45 20 1
45 22 1
45 23 1
45 24 1
45 28 1
45 31 1
45 32 1
45 33 1
45 36 1
45 39 1
45 43 1
45 44 1
45 48 1
45 49 1
45 56 1
45 57 1
45 59 1
45 60 1
45 63 1
45 64 1
45 65 1
45 68 1
45 70 1
45 72 1
45 73 1
45 74 1
45 76 1
45 78 1
45 85 1
45 86 1
45 87 1
45 88 1
45 91 1
45 92 1
45 94 1
45 96 1
45 98 1
45 99 1
45 103 1
45 104 1
45 106 1
45 107 1
45 108 1
45 109 1
45 110 1
45 111 1
45 112 1
45 114 1
45 115 1
45 116 1
45 118 1
45 119 1
45 120 1
45 122 1
45 123 1
45 124 1
45 125 1
45 126 1
45 130 1
45 131 1
45 132 1
45 133 1
45 136 1
45 137 1
45 138 1
45 142 1
45 143 1
45 146 1
45 149 1
45 151 1
45 155 1
45 158 1
45 159 1
45 161 1
45 163 1
45 164 1
45 165 1
45 172 1
45 173 1
45 176 1
45 178 1
45 184 1
45 185 1
45 186 1
45 188 1
45 189 1
45 192 1
45 194 1
45 195 1
45 196 1
45 198 1
45 199 1
45 200 1
45 202 1
45 203 1
45 204 1
45 205 1
45 207 1
45 208 1
45 210 1
45 214 1
45 217 1
45 218 1
45 219 1
45 221 1
45 224 1
45 225 1
45 226 1
45 227 1
45 229 1
45 238 1
45 240 1
45 241 1
45 245 1
45 246 1
45 249 1
45 257 1
45 258 1
45 271 1
45 285 1
45 292 1
46 77 1
46 144 1
46 155 1
46 180 1
46 245 1
47 11 1
47 13 1
47 58 1
47 74 1
47 92 1
47 115 1
47 118 1
47 143 1
47 182 1
47 188 1
47 205 1
47 221 1
47 231 1
47 263 1
48 2 1
48 3 1
48 7 1
48 13 1
48 14 1
48 21 1
48 60 1
48 85 1
48 88 1
48 117 1
48 118 1
48 126 1
48 143 1
48 149 1
48 188 1
48 205 1
48 208 1
48 254 1
49 3 1
49 13 1
49 22 1
49 64 1
49 72 1
49 73 1
49 76 1
49 85 1
49 115 1
49 118 1
49 119 1
49 120 1
49 123 1
49 154 1
49 173 1
49 178 1
49 188 1
49 192 1
49 208 1
49 276 1
50 12 1
50 27 1
50 46 1
50 53 1
50 118 1
50 127 1
50 146 1
50 150 1
50 151 1
50 173 1
50 221 1
50 232 1
50 279 1
51 54 1
51 90 1
51 131 1
51 135 1
51 190 1
51 262 1
52 3 1
52 61 1
52 68 1
52 85 1
52 111 1
52 119 1
52 206 1
52 242 1
52 285 1
53 110 1
53 136 1
53 173 1
53 202 1
53 205 1
53 238 1
53 240 1
54 72 1
56 54 1
56 85 1
56 96 1
56 104 1
56 234 1
57 138 1
57 173 1
57 202 1
59 1 1
59 131 1
59 137 1
59 138 1
59 192 1
59 206 1
59 285 1
60 5 1
60 9 1
60 28 1
60 56 1
60 64 1
60 67 1
60 69 1
60 85 1
60 96 1
60 103 1
60 143 1
60 195 1
60 208 1
61 3 1
61 87 1
61 134 1
61 192 1
61 285 1
62 97 1
62 196 1
62 259 1
63 130 1
64 28 1
64 67 1
64 96 1
64 173 1
64 237 1
65 15 1
65 39 1
65 118 1
65 119 1
65 128 1
65 132 1
65 164 1
65 202 1
65 236 1
65 241 1
65 295 1
66 10 1
66 17 1
66 109 1
66 173 1
66 264 1
67 60 1
67 64 1
67 208 1
68 7 1
68 66 1
68 126 1
68 131 1
68 156 1
68 240 1
69 9 1
69 66 1
69 181 1
69 289 1
70 94 1
70 106 1
71 240 1
72 13 1
72 25 1
72 54 1
72 124 1
72 192 1
72 225 1
72 279 1
73 19 1
73 42 1
73 76 1
73 85 1
73 104 1
73 118 1
73 122 1
73 123 1
73 173 1
73 193 1
73 195 1
74 1 1
74 4 1
74 8 1
74 15 1
74 19 1
74 47 1
74 106 1
74 119 1
74 124 1
74 143 1
74 149 1
74 163 1
74 170 1
74 172 1
74 173 1
74 259 1
74 278 1
75 20 1
75 46 1
75 55 1
75 73 1
75 86 1
75 88 1
75 92 1
75 102 1
75 114 1
75 123 1
75 138 1
75 139 1
75 178 1
75 190 1
75 204 1
75 214 1
75 225 1
75 262 1
76 49 1
76 60 1
76 64 1
76 73 1
76 85 1
76 96 1
76 120 1
76 123 1
76 133 1
76 171 1
76 173 1
76 182 1
76 276 1
77 10 1
77 35 1
78 3 1
78 19 1
78 28 1
78 32 1
78 70 1
78 83 1
78 104 1
78 175 1
78 213 1
78 234 1
79 3 1
79 115 1
79 137 1
79 150 1
79 247 1
79 269 1
80 17 1
80 64 1
80 105 1
80 216 1
81 59 1
82 148 1
82 221 1
83 68 1
83 205 1
84 134 1
84 279 1
85 2 1
85 4 1
85 5 1
85 10 1
85 13 1
85 19 1
85 21 1
85 39 1
85 60 1
85 64 1
85 67 1
85 72 1
85 84 1
85 86 1
85 88 1
85 103 1
85 112 1
85 116 1
85 117 1
85 126 1
85 131 1
85 137 1
85 138 1
85 143 1
85 151 1
85 167 1
85 177 1
85 192 1
85 194 1
85 208 1
85 220 1
85 224 1
85 227 1
85 242 1
85 284 1
85 285 1
86 4 1
86 64 1
86 102 1
86 105 1
86 118 1
86 153 1
86 154 1
86 161 1
86 207 1
86 226 1
86 278 1
87 3 1
87 5 1
87 7 1
87 14 1
87 15 1
87 32 1
87 41 1
87 43 1
87 47 1
87 53 1
87 54 1
87 59 1
87 66 1
87 83 1
87 99 1
87 101 1
87 106 1
87 112 1
87 116 1
87 119 1
87 125 1
87 126 1
87 130 1
87 131 1
87 133 1
87 138 1
87 143 1
87 146 1
87 171 1
87 173 1
87 196 1
87 199 1
87 205 1
87 206 1
87 208 1
87 227 1
88 17 1
88 32 1
88 63 1
88 78 1
88 130 1
88 143 1
88 216 1
89 54 1
89 199 1
89 212 1
89 284 1
89 296 1
90 8 1
90 81 1
90 149 1
90 164 1
90 166 1
90 200 1
90 209 1
90 225 1
91 6 1
91 17 1
91 135 1
91 167 1
91 178 1
91 208 1
91 237 1
92 3 1
92 156 1
93 7 1
94 4 1
94 16 1
94 70 1
94 80 1
94 186 1
94 196 1
94 209 1
95 6 1
95 58 1
95 196 1
96 31 1
96 59 1
96 60 1
96 64 1
96 122 1
96 203 1
97 13 1
97 139 1
97 169 1
97 246 1
98 3 1
98 25 1
98 41 1
98 51 1
98 72 1
98 124 1
98 165 1
98 199 1
98 203 1
98 206 1
98 218 1
98 231 1
98 280 1
98 288 1
99 3 1
99 9 1
99 14 1
99 24 1
99 27 1
99 28 1
99 64 1
99 91 1
99 96 1
99 107 1
99 112 1
99 119 1
99 138 1
99 149 1
99 173 1
99 199 1
99 202 1
99 203 1
99 208 1
100 1 1
100 106 1
100 196 1
100 204 1
100 229 1
101 4 1
101 41 1
101 88 1
102 70 1
102 107 1
102 119 1
102 120 1
102 122 1
102 176 1
103 3 1
103 8 1
103 32 1
103 60 1
103 64 1
103 67 1
103 94 1
103 120 1
103 126 1
103 135 1
103 208 1
103 254 1
104 7 1
104 19 1
104 42 1
104 118 1
104 189 1
104 215 1
104 217 1
104 258 1
104 263 1
104 283 1
104 285 1
105 4 1
105 13 1
105 32 1
105 138 1
105 152 1
105 193 1
105 227 1
106 3 1
106 43 1
106 70 1
106 94 1
106 100 1
106 196 1
106 206 1
106 281 1
107 4 1
107 22 1
107 62 1
107 91 1
107 126 1
107 172 1
107 206 1
108 58 1
108 71 1
108 87 1
108 140 1
108 146 1
108 214 1
108 240 1
109 5 1
109 20 1
109 112 1
109 122 1
109 147 1
109 162 1
109 200 1
109 214 1
109 216 1
109 235 1
109 247 1
110 3 1
110 43 1
110 106 1
110 143 1
110 178 1
110 194 1
111 105 1
111 187 1
111 200 1
111 230 1
112 19 1
112 27 1
112 53 1
112 124 1
112 192 1
112 225 1
112 267 1
113 55 1
113 62 1
113 70 1
113 85 1
113 87 1
113 136 1
113 194 1
114 3 1
114 11 1
114 33 1
114 38 1
114 57 1
114 64 1
114 120 1
114 131 1
114 138 1
114 217 1
114 225 1
114 258 1
115 3 1
115 5 1
115 7 1
115 11 1
115 16 1
115 28 1
115 32 1
115 64 1
115 70 1
115 72 1
115 93 1
115 94 1
115 118 1
115 119 1
115 124 1
115 132 1
115 143 1
115 150 1
115 173 1
115 180 1
115 186 1
115 196 1
115 202 1
115 207 1
115 246 1
116 13 1
116 19 1
116 59 1
116 104 1
116 125 1
116 130 1
116 205 1
116 220 1
116 227 1
117 1 1
117 66 1
117 154 1
118 2 1
118 3 1
118 5 1
118 9 1
118 13 1
118 59 1
118 82 1
118 91 1
118 99 1
118 112 1
118 113 1
118 119 1
118 120 1
118 124 1
118 133 1
118 138 1
118 150 1
118 167 1
118 173 1
118 188 1
118 192 1
118 205 1
118 208 1
118 227 1
118 246 1
118 248 1
119 2 1
119 3 1
119 4 1
119 5 1
119 13 1
119 14 1
119 15 1
119 19 1
119 43 1
119 60 1
119 64 1
119 88 1
119 91 1
119 103 1
119 104 1
119 126 1
119 138 1
119 143 1
119 149 1
119 161 1
119 167 1
119 170 1
119 171 1
119 173 1
119 178 1
119 188 1
119 196 1
119 205 1
119 208 1
119 227 1
119 246 1
120 3 1
120 9 1
120 21 1
120 43 1
120 49 1
120 59 1
120 76 1
120 85 1
120 91 1
120 94 1
120 99 1
120 106 1
120 114 1
120 133 1
120 138 1
120 143 1
120 151 1
120 178 1
120 218 1
120 285 1
121 71 1
121 75 1
121 120 1
121 129 1
122 37 1
122 127 1
122 185 1
123 35 1
123 73 1
123 85 1
123 130 1
123 140 1
123 145 1
123 171 1
123 204 1
123 210 1
123 238 1
123 293 1
124 13 1
124 58 1
124 72 1
124 74 1
124 112 1
124 133 1
124 173 1
124 185 1
124 192 1
124 204 1
124 229 1
125 10 1
125 13 1
125 20 1
125 54 1
125 63 1
125 116 1
125 126 1
125 279 1
126 4 1
126 13 1
126 21 1
126 32 1
126 51 1
126 67 1
126 69 1
126 94 1
126 103 1
126 112 1
126 115 1
126 121 1
126 124 1
126 125 1
126 131 1
126 138 1
126 149 1
126 202 1
126 203 1
126 205 1
126 208 1
126 227 1
126 231 1
126 246 1
126 285 1
127 122 1
127 252 1
127 260 1
128 276 1
128 297 1
129 28 1
129 169 1
129 249 1
130 43 1
130 63 1
130 116 1
130 143 1
130 219 1
130 220 1
131 32 1
131 68 1
131 83 1
131 84 1
131 102 1
131 103 1
131 112 1
131 114 1
131 124 1
131 126 1
131 134 1
131 138 1
131 166 1
131 173 1
131 177 1
131 198 1
131 225 1
131 271 1
132 6 1
132 15 1
132 54 1
132 58 1
132 63 1
132 241 1
132 254 1
132 262 1
133 9 1
133 17 1
133 32 1
133 60 1
133 76 1
133 91 1
133 96 1
133 99 1
133 120 1
133 138 1
133 151 1
133 173 1
133 206 1
133 218 1
133 225 1
134 30 1
134 59 1
134 84 1
134 104 1
134 212 1
136 31 1
136 110 1
136 135 1
136 193 1
136 229 1
136 280 1
137 238 1
138 3 1
138 21 1
138 59 1
138 89 1
138 91 1
138 112 1
138 114 1
138 120 1
138 124 1
138 126 1
138 133 1
138 151 1
138 173 1
138 192 1
138 205 1
138 208 1
138 209 1
138 217 1
138 219 1
138 244 1
138 246 1
138 285 1
139 5 1
139 55 1
139 75 1
139 85 1
139 189 1
139 213 1
140 108 1
140 146 1
140 148 1
140 239 1
141 153 1
141 226 1
141 246 1
142 7 1
142 12 1
142 92 1
142 169 1
142 204 1
142 205 1
142 210 1
142 215 1
142 219 1
143 5 1
143 10 1
143 11 1
143 18 1
143 32 1
143 63 1
143 88 1
143 92 1
143 96 1
143 103 1
143 130 1
143 131 1
143 208 1
143 217 1
143 221 1
143 260 1
145 123 1
145 213 1
146 51 1
146 66 1
146 71 1
146 87 1
146 101 1
146 102 1
146 119 1
146 134 1
146 169 1
146 173 1
146 210 1
146 219 1
147 3 1
147 229 1
148 140 1
148 200 1
148 275 1
149 13 1
149 110 1
149 119 1
149 138 1
149 140 1
149 185 1
149 205 1
149 227 1
150 3 1
150 118 1
151 218 1
152 39 1
152 53 1
152 130 1
152 150 1
152 173 1
152 182 1
152 183 1
152 219 1
152 225 1
152 247 1
152 258 1
152 281 1
153 6 1
153 17 1
153 139 1
153 140 1
153 169 1
153 257 1
153 261 1
154 31 1
154 55 1
154 59 1
154 157 1
154 173 1
154 206 1
155 19 1
155 149 1
155 159 1
155 199 1
155 230 1
155 256 1
155 273 1
156 1 1
156 28 1
156 68 1
156 87 1
156 119 1
156 126 1
156 197 1
156 203 1
156 213 1
157 8 1
157 134 1
157 150 1
157 179 1
157 194 1
157 204 1
157 278 1
158 32 1
158 85 1
158 94 1
158 133 1
158 170 1
158 182 1
158 188 1
158 196 1
158 256 1
159 10 1
159 62 1
159 63 1
159 86 1
159 147 1
160 28 1
160 29 1
160 65 1
160 121 1
160 122 1
160 245 1
160 248 1
160 251 1
160 254 1
161 4 1
161 30 1
161 43 1
161 91 1
161 92 1
161 110 1
161 151 1
161 204 1
161 219 1
161 233 1
162 30 1
162 33 1
162 87 1
162 135 1
162 144 1
162 155 1
162 249 1
162 262 1
162 284 1
163 14 1
163 39 1
163 68 1
163 77 1
163 113 1
163 115 1
163 131 1
163 188 1
163 229 1
164 4 1
164 17 1
164 42 1
164 54 1
164 55 1
164 88 1
164 126 1
164 138 1
164 153 1
164 202 1
165 16 1
165 41 1
165 42 1
165 126 1
165 138 1
165 282 1
166 136 1
166 181 1
166 251 1
166 260 1
166 278 1
167 13 1
167 39 1
167 62 1
167 91 1
167 154 1
167 180 1
167 188 1
167 192 1
167 226 1
167 242 1
167 254 1
168 3 1
168 43 1
168 53 1
168 55 1
168 70 1
168 143 1
168 154 1
168 186 1
168 214 1
168 219 1
169 51 1
169 102 1
169 133 1
169 152 1
169 174 1
169 202 1
169 260 1
169 285 1
170 42 1
170 53 1
170 91 1
170 132 1
170 193 1
170 242 1
171 14 1
171 32 1
171 35 1
171 131 1
171 160 1
171 178 1
172 8 1
172 44 1
172 107 1
172 112 1
172 140 1
172 204 1
173 3 1
173 4 1
173 9 1
173 13 1
173 14 1
173 15 1
173 17 1
173 49 1
173 53 1
173 72 1
173 91 1
173 118 1
173 119 1
173 120 1
173 124 1
173 126 1
173 138 1
173 171 1
173 192 1
173 202 1
173 205 1
173 208 1
173 209 1
173 227 1
173 245 1
173 287 1
174 20 1
174 31 1
174 51 1
174 63 1
174 69 1
174 72 1
174 179 1
174 199 1
174 219 1
174 223 1
174 282 1
175 46 1
175 217 1
175 219 1
175 225 1
175 260 1
176 107 1
176 119 1
176 139 1
176 159 1
176 281 1
177 68 1
177 131 1
177 138 1
177 173 1
177 233 1
177 284 1
177 285 1
178 10 1
178 30 1
178 31 1
178 91 1
178 96 1
178 99 1
178 117 1
178 128 1
178 148 1
178 167 1
178 171 1
178 254 1
178 273 1
179 1 1
179 72 1
179 84 1
179 85 1
179 110 1
179 133 1
179 140 1
179 171 1
179 234 1
179 237 1
180 68 1
180 93 1
180 102 1
180 143 1
180 153 1
180 195 1
180 236 1
180 284 1
181 4 1
181 10 1
181 52 1
181 118 1
181 135 1
181 196 1
181 216 1
182 21 1
182 53 1
182 87 1
182 133 1
182 194 1
182 266 1
183 9 1
183 13 1
183 14 1
183 28 1
183 94 1
183 99 1
183 173 1
183 257 1
183 271 1
184 41 1
184 87 1
184 99 1
184 197 1
185 31 1
185 122 1
185 210 1
185 245 1
186 7 1
186 12 1
186 16 1
186 87 1
186 94 1
186 115 1
186 118 1
186 152 1
187 54 1
187 58 1
187 84 1
187 177 1
187 194 1
187 218 1
188 3 1
188 13 1
188 18 1
188 27 1
188 48 1
188 62 1
188 91 1
188 103 1
188 108 1
188 126 1
188 150 1
188 156 1
188 205 1
188 214 1
188 217 1
188 227 1
189 169 1
189 192 1
189 204 1
190 3 1
190 13 1
190 57 1
190 72 1
190 75 1
190 92 1
190 102 1
190 114 1
190 117 1
190 131 1
190 201 1
190 211 1
190 225 1
190 227 1
190 240 1
190 262 1
190 266 1
191 3 1
191 4 1
191 7 1
191 16 1
191 21 1
191 32 1
191 43 1
191 60 1
191 62 1
191 68 1
191 70 1
191 78 1
191 87 1
191 94 1
191 98 1
191 103 1
191 106 1
191 107 1
191 109 1
191 122 1
191 126 1
191 128 1
191 131 1
191 138 1
191 140 1
191 146 1
191 200 1
191 202 1
191 207 1
191 238 1
191 277 1
192 13 1
192 72 1
192 91 1
192 112 1
192 117 1
192 119 1
192 136 1
192 160 1
192 196 1
192 217 1
192 246 1
193 16 1
193 37 1
193 55 1
193 58 1
193 71 1
194 29 1
194 42 1
194 95 1
194 102 1
194 110 1
194 207 1
194 226 1
194 241 1
194 246 1
194 257 1
195 22 1
195 51 1
195 60 1
195 161 1
195 284 1
196 13 1
196 14 1
196 21 1
196 48 1
196 60 1
196 206 1
196 214 1
196 285 1
197 84 1
197 184 1
197 248 1
197 268 1
198 13 1
198 33 1
198 36 1
198 51 1
198 66 1
198 68 1
198 72 1
198 100 1
198 126 1
198 131 1
198 168 1
198 227 1
198 256 1
198 284 1
199 33 1
199 69 1
199 99 1
199 126 1
199 203 1
199 209 1
199 258 1
199 283 1
200 28 1
200 87 1
200 92 1
200 109 1
200 111 1
200 122 1
200 126 1
200 162 1
200 201 1
200 214 1
200 242 1
201 3 1
201 34 1
201 50 1
201 72 1
201 78 1
201 87 1
201 92 1
201 102 1
201 126 1
201 190 1
201 200 1
201 210 1
201 211 1
201 214 1
201 266 1
202 4 1
202 68 1
202 126 1
202 130 1
202 203 1
202 246 1
203 13 1
203 14 1
203 33 1
203 60 1
203 68 1
203 96 1
203 112 1
203 126 1
203 192 1
203 199 1
203 202 1
203 208 1
204 77 1
204 142 1
204 150 1
204 172 1
204 268 1
205 7 1
205 13 1
205 59 1
205 116 1
205 118 1
205 125 1
205 142 1
205 227 1
206 14 1
206 17 1
206 59 1
206 60 1
206 133 1
206 225 1
206 226 1
206 275 1
207 135 1
207 231 1
207 246 1
208 32 1
208 67 1
208 126 1
208 143 1
208 221 1
208 226 1
209 230 1
210 77 1
210 177 1
210 200 1
210 215 1
210 239 1
211 115 1
211 186 1
211 200 1
211 204 1
211 214 1
211 265 1
212 18 1
212 59 1
212 134 1
212 177 1
212 255 1
213 68 1
213 101 1
213 145 1
213 156 1
213 183 1
213 197 1
214 17 1
214 20 1
214 22 1
214 60 1
214 67 1
214 77 1
214 108 1
214 139 1
214 158 1
214 257 1
214 285 1
215 100 1
215 106 1
215 137 1
215 170 1
215 210 1
215 227 1
215 262 1
216 28 1
216 64 1
216 87 1
216 91 1
217 109 1
217 114 1
217 205 1
217 230 1
218 12 1
218 98 1
218 151 1
218 164 1
219 10 1
219 73 1
219 84 1
219 134 1
219 154 1
219 170 1
219 182 1
219 230 1
219 253 1
220 1 1
220 2 1
220 3 1
220 13 1
220 14 1
220 61 1
220 116 1
220 117 1
220 119 1
220 134 1
220 169 1
220 173 1
220 207 1
220 231 1
220 233 1
220 246 1
221 92 1
221 143 1
221 208 1
221 286 1
222 71 1
222 83 1
222 146 1
222 160 1
222 185 1
222 196 1
222 234 1
222 277 1
223 163 1
224 194 1
225 72 1
225 114 1
225 192 1
226 42 1
226 120 1
226 141 1
226 180 1
227 5 1
227 7 1
227 13 1
227 15 1
227 19 1
227 116 1
227 205 1
228 35 1
228 109 1
228 116 1
228 159 1
228 165 1
228 172 1
228 204 1
228 229 1
228 231 1
228 237 1
229 124 1
229 163 1
230 209 1
230 217 1
232 3 1
232 7 1
232 56 1
232 63 1
232 70 1
232 97 1
232 111 1
232 118 1
232 143 1
232 149 1
232 158 1
232 200 1
232 231 1
232 240 1
232 247 1
233 35 1
233 181 1
233 197 1
233 268 1
234 3 1
234 72 1
234 121 1
234 122 1
234 134 1
234 185 1
234 192 1
234 215 1
234 222 1
234 239 1
234 249 1
234 270 1
234 277 1
234 283 1
234 290 1
235 1 1
235 16 1
235 18 1
235 35 1
235 124 1
235 168 1
235 211 1
235 233 1
235 250 1
235 251 1
236 17 1
236 257 1
237 93 1
237 215 1
238 123 1
238 137 1
239 3 1
239 13 1
239 144 1
239 186 1
239 192 1
239 206 1
239 210 1
240 71 1
241 132 1
242 31 1
245 59 1
245 146 1
245 148 1
245 185 1
246 151 1
246 207 1
246 219 1
246 283 1
247 30 1
247 170 1
247 259 1
248 197 1
249 129 1
250 49 1
250 110 1
250 202 1
250 229 1
250 240 1
250 254 1
250 259 1
251 258 1
253 47 1
253 113 1
253 179 1
253 196 1
253 210 1
254 91 1
254 128 1
254 168 1
254 228 1
255 76 1
255 88 1
255 96 1
256 35 1
256 119 1
256 247 1
256 258 1
257 17 1
257 111 1
257 134 1
257 194 1
257 238 1
258 33 1
258 136 1
258 193 1
259 122 1
263 91 1
263 118 1
264 110 1
264 272 1
265 17 1
265 189 1
266 13 1
266 215 1
267 140 1
267 275 1
268 117 1
268 203 1
269 53 1
269 85 1
269 113 1
269 134 1
269 143 1
269 144 1
269 212 1
269 285 1
270 5 1
270 51 1
270 54 1
270 60 1
270 99 1
270 119 1
270 170 1
270 181 1
270 264 1
270 273 1
270 276 1
271 85 1
272 60 1
272 67 1
272 70 1
272 119 1
272 136 1
272 196 1
272 223 1
272 230 1
272 242 1
272 294 1
273 128 1
274 13 1
274 35 1
274 68 1
274 94 1
274 149 1
274 178 1
274 201 1
274 256 1
274 291 1
275 5 1
276 4 1
276 13 1
276 32 1
276 117 1
276 121 1
276 128 1
276 133 1
276 138 1
276 173 1
276 219 1
277 7 1
277 22 1
277 43 1
277 68 1
277 73 1
277 107 1
277 115 1
277 196 1
277 203 1
277 227 1
277 239 1
277 251 1
278 58 1
278 109 1
278 120 1
278 138 1
278 139 1
278 192 1
278 200 1
278 285 1
280 139 1
283 219 1
284 195 1
284 230 1
