1 54 1
1 122 1
2 6 1
2 13 1
2 32 1
2 64 1
2 70 1
2 72 1
2 74 1
2 88 1
2 117 1
2 122 1
2 126 1
2 133 1
2 138 1
2 143 1
2 173 1
2 202 1
2 205 1
2 220 1
2 227 1
2 229 1
2 247 1
2 256 1
2 265 1
2 285 1
3 4 1
3 5 1
3 13 1
3 28 1
3 43 1
3 58 1
3 59 1
3 60 1
3 70 1
3 72 1
3 84 1
3 85 1
3 87 1
3 88 1
3 99 1
3 103 1
3 106 1
3 112 1
3 115 1
3 116 1
3 118 1
3 119 1
3 124 1
3 126 1
3 140 1
3 170 1
3 188 1
3 192 1
3 196 1
3 202 1
3 205 1
3 208 1
3 210 1
3 211 1
3 214 1
3 216 1
3 217 1
3 225 1
3 227 1
3 281 1
3 285 1
4 2 1
4 10 1
4 13 1
4 16 1
4 19 1
4 28 1
4 32 1
4 60 1
4 64 1
4 67 1
4 72 1
4 85 1
4 91 1
4 92 1
4 113 1
4 115 1
4 116 1
4 118 1
4 119 1
4 126 1
4 170 1
4 175 1
4 181 1
4 185 1
4 199 1
4 202 1
4 205 1
4 206 1
4 208 1
4 227 1
4 241 1
4 258 1
4 285 1
5 1 1
5 3 1
5 11 1
5 13 1
5 14 1
5 17 1
5 19 1
5 43 1
5 48 1
5 59 1
5 65 1
5 72 1
5 91 1
5 94 1
5 96 1
5 99 1
5 106 1
5 109 1
5 118 1
5 119 1
5 126 1
5 131 1
5 143 1
5 164 1
5 171 1
5 173 1
5 192 1
5 202 1
5 205 1
5 210 1
5 226 1
5 227 1
5 245 1
5 263 1
5 285 1
6 2 1
6 32 1
6 111 1
6 122 1
6 129 1
6 166 1
6 169 1
6 285 1
7 3 1
7 5 1
7 8 1
7 9 1
7 19 1
7 28 1
7 43 1
7 68 1
7 73 1
7 96 1
7 112 1
7 114 1
7 118 1
7 120 1
7 126 1
7 131 1
7 133 1
7 138 1
7 150 1
7 165 1
7 169 1
7 173 1
7 188 1
7 196 1
7 208 1
7 225 1
7 229 1
8 3 1
8 5 1
8 16 1
8 54 1
8 64 1
8 109 1
8 118 1
8 120 1
8 127 1
8 179 1
8 204 1
8 211 1
8 240 1
8 247 1
9 12 1
9 13 1
9 17 1
9 85 1
9 121 1
9 122 1
9 131 1
9 135 1
9 151 1
9 180 1
10 22 1
10 35 1
10 53 1
10 64 1
10 68 1
10 110 1
10 135 1
10 155 1
11 30 1
11 42 1
11 78 1
11 98 1
11 104 1
11 114 1
11 141 1
11 143 1
11 201 1
12 13 1
12 18 1
12 85 1
12 92 1
12 121 1
12 126 1
12 157 1
13 1 1
13 2 1
13 9 1
13 14 1
13 17 1
13 31 1
13 32 1
13 43 1
13 44 1
13 53 1
13 54 1
13 60 1
13 63 1
13 70 1
13 72 1
13 76 1
13 84 1
13 87 1
13 91 1
13 102 1
13 103 1
13 109 1
13 110 1
13 117 1
13 122 1
13 124 1
13 126 1
13 131 1
13 133 1
13 134 1
13 135 1
13 136 1
13 138 1
13 151 1
13 153 1
13 172 1
13 196 1
13 197 1
13 205 1
13 208 1
13 226 1
13 230 1
13 231 1
13 240 1
13 262 1
14 3 1
14 5 1
14 13 1
14 17 1
14 19 1
14 43 1
14 47 1
14 54 1
14 72 1
14 85 1
14 87 1
14 91 1
14 94 1
14 99 1
14 106 1
14 118 1
14 126 1
14 133 1
14 134 1
14 138 1
14 143 1
14 173 1
14 219 1
14 226 1
14 240 1
14 285 1
15 3 1
15 5 1
15 14 1
15 85 1
15 99 1
15 112 1
15 118 1
15 119 1
15 123 1
15 138 1
15 158 1
15 173 1
15 209 1
15 217 1
15 219 1
15 231 1
15 285 1
16 30 1
16 64 1
16 126 1
16 130 1
17 138 1
17 208 1
17 246 1
18 23 1
18 32 1
18 59 1
18 138 1
18 150 1
18 268 1
19 59 1
19 96 1
19 149 1
19 225 1
20 13 1
20 91 1
20 115 1
20 122 1
20 184 1
20 196 1
21 5 1
21 19 1
21 55 1
21 67 1
21 68 1
21 101 1
21 104 1
21 150 1
21 217 1
22 27 1
22 42 1
22 51 1
22 55 1
22 64 1
22 103 1
22 132 1
22 137 1
22 148 1
22 169 1
22 194 1
22 207 1
22 209 1
23 3 1
23 11 1
23 22 1
23 38 1
23 110 1
23 144 1
23 155 1
23 166 1
23 186 1
23 194 1
23 217 1
23 250 1
23 288 1
23 293 1
24 13 1
24 14 1
24 35 1
24 48 1
24 60 1
24 68 1
24 87 1
24 111 1
24 119 1
24 125 1
24 133 1
24 134 1
24 172 1
24 173 1
24 176 1
24 195 1
24 204 1
24 208 1
24 260 1
25 51 1
25 161 1
25 210 1
25 257 1
25 283 1
26 70 1
26 154 1
26 176 1
26 276 1
26 283 1
27 3 1
27 232 1
28 3 1
28 70 1
28 92 1
28 242 1
28 267 1
29 51 1
29 150 1
29 254 1
29 296 1
30 3 1
30 46 1
30 77 1
30 162 1
30 241 1
30 248 1
31 132 1
31 136 1
31 240 1
32 7 1
32 56 1
32 70 1
32 126 1
32 138 1
32 150 1
32 205 1
32 229 1
33 124 1
33 130 1
33 131 1
33 199 1
33 279 1
34 3 1
34 15 1
34 21 1
34 28 1
34 31 1
34 66 1
34 102 1
34 135 1
34 158 1
34 173 1
34 188 1
34 194 1
34 226 1
35 64 1
35 83 1
35 142 1
35 167 1
35 192 1
36 15 1
36 27 1
36 33 1
36 78 1
36 118 1
36 120 1
36 126 1
36 146 1
36 165 1
36 169 1
36 177 1
36 178 1
36 187 1
36 217 1
36 263 1
36 287 1
37 13 1
37 73 1
37 152 1
37 170 1
37 197 1
37 207 1
37 208 1
38 46 1
38 64 1
38 188 1
38 234 1
38 251 1
39 54 1
39 167 1
39 254 1
40 1 1
40 4 1
40 8 1
40 55 1
40 60 1
40 77 1
40 146 1
40 157 1
40 172 1
40 192 1
41 20 1
41 149 1
41 186 1
41 214 1
41 245 1
42 4 1
42 36 1
42 88 1
42 189 1
42 238 1
42 257 1
43 28 1
43 54 1
43 59 1
43 88 1
43 91 1
43 112 1
43 132 1
43 171 1
43 192 1
43 225 1
44 3 1
44 9 1
44 17 1
44 68 1
44 119 1
44 122 1
44 124 1
44 131 1
44 134 1
44 142 1
44 158 1
44 170 1
44 173 1
44 204 1
44 209 1
45 1 1
45 2 1
45 3 1
45 4 1
45 5 1
45 6 1
45 7 1
45 8 1
45 9 1
45 10 1
45 13 1
45 14 1
45 15 1
45 16 1
45 17 1
45 19 1
45 22 1
45 24 1
45 32 1
45 35 1
45 37 1
45 39 1
45 41 1
45 43 1
45 48 1
45 49 1
45 51 1
45 53 1
45 54 1
45 57 1
45 59 1
45 60 1
45 61 1
45 62 1
45 64 1
45 67 1
45 68 1
45 70 1
45 71 1
45 72 1
45 73 1
45 74 1
45 77 1
45 78 1
45 84 1
45 85 1
45 87 1
45 88 1
45 91 1
45 92 1
45 94 1
45 96 1
45 99 1
45 101 1
45 102 1
45 103 1
45 104 1
45 105 1
45 106 1
45 108 1
45 109 1
45 110 1
45 112 1
45 114 1
45 115 1
45 116 1
45 117 1
45 118 1
45 119 1
45 120 1
45 122 1
45 124 1
45 125 1
45 126 1
45 127 1
45 128 1
45 130 1
45 131 1
45 133 1
45 138 1
45 140 1
45 142 1
45 143 1
45 146 1
45 150 1
45 151 1
45 155 1
45 156 1
45 159 1
45 163 1
45 164 1
45 171 1
45 172 1
45 173 1
45 174 1
45 178 1
45 182 1
45 183 1
45 185 1
45 189 1
45 190 1
45 192 1
45 194 1
45 196 1
45 197 1
45 198 1
45 199 1
45 200 1
45 202 1
45 203 1
45 205 1
45 206 1
45 208 1
45 210 1
45 214 1
45 215 1
45 217 1
45 218 1
45 219 1
45 220 1
45 221 1
45 225 1
45 227 1
45 229 1
45 239 1
45 241 1
45 243 1
45 246 1
45 256 1
45 259 1
45 270 1
45 279 1
45 284 1
45 285 1
46 14 1
46 177 1
46 179 1
46 260 1
46 279 1
47 30 1
47 33 1
47 72 1
47 88 1
47 94 1
47 199 1
47 203 1
47 216 1
47 218 1
47 226 1
47 235 1
47 246 1
47 248 1
47 260 1
48 3 1
48 7 1
48 13 1
48 15 1
48 24 1
48 53 1
48 60 1
48 103 1
48 108 1
48 118 1
48 119 1
48 120 1
48 124 1
48 126 1
48 138 1
48 146 1
48 173 1
48 208 1
49 3 1
49 5 1
49 13 1
49 28 1
49 60 1
49 78 1
49 99 1
49 112 1
49 118 1
49 120 1
49 126 1
49 128 1
49 131 1
49 133 1
49 143 1
49 173 1
49 195 1
49 214 1
49 240 1
49 260 1
50 13 1
50 17 1
50 21 1
50 44 1
50 91 1
50 124 1
50 169 1
50 180 1
50 217 1
50 246 1
50 254 1
50 261 1
50 273 1
51 1 1
51 63 1
51 85 1
51 150 1
51 199 1
51 285 1
52 64 1
52 68 1
52 100 1
52 154 1
52 167 1
52 180 1
52 194 1
52 203 1
52 231 1
53 51 1
53 109 1
53 148 1
53 209 1
53 220 1
53 239 1
53 254 1
54 14 1
56 16 1
56 170 1
56 204 1
56 246 1
56 277 1
57 88 1
57 210 1
57 271 1
59 19 1
59 43 1
59 71 1
59 73 1
59 112 1
59 151 1
59 264 1
60 7 1
60 19 1
60 32 1
60 49 1
60 99 1
60 126 1
60 192 1
60 204 1
60 208 1
60 214 1
60 216 1
60 227 1
60 246 1
61 5 1
61 51 1
61 88 1
61 126 1
61 197 1
62 55 1
62 94 1
62 141 1
63 123 1
64 1 1
64 35 1
64 68 1
64 120 1
64 227 1
65 13 1
65 21 1
65 28 1
65 34 1
65 59 1
65 85 1
65 138 1
65 179 1
65 185 1
65 196 1
65 239 1
66 15 1
66 151 1
66 199 1
66 236 1
66 266 1
67 75 1
67 142 1
67 151 1
68 64 1
68 109 1
68 130 1
68 173 1
68 199 1
68 240 1
69 59 1
69 62 1
69 96 1
69 194 1
70 32 1
70 72 1
71 195 1
72 2 1
72 70 1
72 143 1
72 205 1
72 218 1
72 227 1
72 259 1
73 12 1
73 62 1
73 87 1
73 102 1
73 116 1
73 151 1
73 181 1
73 192 1
73 197 1
73 200 1
73 276 1
74 2 1
74 7 1
74 13 1
74 14 1
74 15 1
74 54 1
74 91 1
74 94 1
74 122 1
74 126 1
74 130 1
74 133 1
74 173 1
74 256 1
74 258 1
74 284 1
74 285 1
75 31 1
75 58 1
75 67 1
75 76 1
75 132 1
75 143 1
75 153 1
75 158 1
75 159 1
75 160 1
75 169 1
75 192 1
75 212 1
75 217 1
75 225 1
75 240 1
75 266 1
75 285 1
76 3 1
76 28 1
76 62 1
76 63 1
76 75 1
76 88 1
76 89 1
76 104 1
76 117 1
76 123 1
76 154 1
76 178 1
76 199 1
77 58 1
77 87 1
78 13 1
78 106 1
78 114 1
78 133 1
78 164 1
78 173 1
78 198 1
78 234 1
78 239 1
78 246 1
79 39 1
79 100 1
79 182 1
79 203 1
79 242 1
79 246 1
80 69 1
80 110 1
80 128 1
80 147 1
81 13 1
82 215 1
82 254 1
83 79 1
83 237 1
84 134 1
84 178 1
85 13 1
85 14 1
85 17 1
85 19 1
85 20 1
85 31 1
85 42 1
85 43 1
85 76 1
85 94 1
85 96 1
85 98 1
85 103 1
85 109 1
85 117 1
85 118 1
85 119 1
85 126 1
85 134 1
85 135 1
85 138 1
85 143 1
85 151 1
85 166 1
85 188 1
85 212 1
85 218 1
85 219 1
85 225 1
85 226 1
85 233 1
85 246 1
85 259 1
85 275 1
85 279 1
85 285 1
86 21 1
86 25 1
86 60 1
86 83 1
86 92 1
86 113 1
86 161 1
86 162 1
86 186 1
86 202 1
86 208 1
87 10 1
87 17 1
87 22 1
87 27 1
87 32 1
87 35 1
87 64 1
87 68 1
87 85 1
87 94 1
87 99 1
87 100 1
87 108 1
87 118 1
87 119 1
87 120 1
87 126 1
87 130 1
87 131 1
87 133 1
87 138 1
87 139 1
87 143 1
87 146 1
87 162 1
87 173 1
87 202 1
87 204 1
87 205 1
87 209 1
87 227 1
87 238 1
87 252 1
87 271 1
87 279 1
87 284 1
88 76 1
88 94 1
88 164 1
88 194 1
88 215 1
88 242 1
88 266 1
89 63 1
89 86 1
89 91 1
89 192 1
89 214 1
90 4 1
90 87 1
90 110 1
90 119 1
90 121 1
90 204 1
90 206 1
90 230 1
91 18 1
91 122 1
91 126 1
91 203 1
91 215 1
91 229 1
91 241 1
92 151 1
92 203 1
93 163 1
94 14 1
94 87 1
94 118 1
94 143 1
94 157 1
94 159 1
94 173 1
95 254 1
95 260 1
95 262 1
96 7 1
96 19 1
96 43 1
96 59 1
96 112 1
96 126 1
97 60 1
97 188 1
97 208 1
97 249 1
98 67 1
98 109 1
98 117 1
98 118 1
98 119 1
98 137 1
98 140 1
98 144 1
98 200 1
98 207 1
98 212 1
98 215 1
98 227 1
98 237 1
99 3 1
99 4 1
99 17 1
99 58 1
99 60 1
99 66 1
99 68 1
99 72 1
99 126 1
99 138 1
99 143 1
99 170 1
99 173 1
99 179 1
99 183 1
99 192 1
99 214 1
99 227 1
99 281 1
100 20 1
100 123 1
100 173 1
100 186 1
100 226 1
101 39 1
101 116 1
101 211 1
102 17 1
102 21 1
102 64 1
102 221 1
102 242 1
102 247 1
103 48 1
103 91 1
103 97 1
103 107 1
103 118 1
103 126 1
103 138 1
103 150 1
103 205 1
103 227 1
103 273 1
103 290 1
104 3 1
104 5 1
104 53 1
104 109 1
104 120 1
104 136 1
104 172 1
104 193 1
104 196 1
104 225 1
104 246 1
105 58 1
105 115 1
105 132 1
105 200 1
105 207 1
105 210 1
105 214 1
106 4 1
106 115 1
106 138 1
106 143 1
106 150 1
106 192 1
106 238 1
106 239 1
107 1 1
107 13 1
107 178 1
107 186 1
107 206 1
107 246 1
107 248 1
108 4 1
108 92 1
108 118 1
108 119 1
108 139 1
108 151 1
108 171 1
109 53 1
109 57 1
109 83 1
109 87 1
109 118 1
109 119 1
109 149 1
109 192 1
109 233 1
109 282 1
109 285 1
110 59 1
110 64 1
110 172 1
110 202 1
110 206 1
110 230 1
111 101 1
111 109 1
111 125 1
111 168 1
112 7 1
112 43 1
112 88 1
112 96 1
112 104 1
112 205 1
112 225 1
113 117 1
113 152 1
113 180 1
113 182 1
113 192 1
113 248 1
113 277 1
114 7 1
114 11 1
114 13 1
114 78 1
114 123 1
114 131 1
114 140 1
114 146 1
114 173 1
114 222 1
114 227 1
114 246 1
115 4 1
115 9 1
115 13 1
115 16 1
115 43 1
115 59 1
115 63 1
115 64 1
115 87 1
115 91 1
115 114 1
115 119 1
115 122 1
115 126 1
115 130 1
115 136 1
115 138 1
115 140 1
115 165 1
115 185 1
115 210 1
115 219 1
115 227 1
115 255 1
115 285 1
116 3 1
116 87 1
116 101 1
116 117 1
116 188 1
116 190 1
116 200 1
116 205 1
116 260 1
117 83 1
117 88 1
117 259 1
118 3 1
118 17 1
118 43 1
118 59 1
118 64 1
118 72 1
118 99 1
118 107 1
118 112 1
118 115 1
118 116 1
118 119 1
118 120 1
118 124 1
118 126 1
118 138 1
118 143 1
118 163 1
118 188 1
118 196 1
118 205 1
118 208 1
118 221 1
118 227 1
118 229 1
118 257 1
119 4 1
119 19 1
119 32 1
119 43 1
119 51 1
119 58 1
119 59 1
119 60 1
119 64 1
119 68 1
119 72 1
119 96 1
119 99 1
119 107 1
119 108 1
119 118 1
119 120 1
119 126 1
119 131 1
119 143 1
119 171 1
119 173 1
119 181 1
119 202 1
119 205 1
119 206 1
119 208 1
119 214 1
119 219 1
119 227 1
119 289 1
120 3 1
120 7 1
120 8 1
120 28 1
120 48 1
120 96 1
120 114 1
120 118 1
120 126 1
120 131 1
120 138 1
120 143 1
120 149 1
120 150 1
120 179 1
120 188 1
120 196 1
120 208 1
120 211 1
120 221 1
121 35 1
121 247 1
121 249 1
121 273 1
122 20 1
122 74 1
122 130 1
123 7 1
123 16 1
123 31 1
123 63 1
123 76 1
123 84 1
123 87 1
123 102 1
123 114 1
123 173 1
123 257 1
124 9 1
124 13 1
124 17 1
124 28 1
124 33 1
124 44 1
124 130 1
124 131 1
124 134 1
124 205 1
124 241 1
125 53 1
125 111 1
125 130 1
125 156 1
125 193 1
125 225 1
125 247 1
125 256 1
126 7 1
126 12 1
126 18 1
126 22 1
126 32 1
126 43 1
126 55 1
126 91 1
126 96 1
126 106 1
126 112 1
126 118 1
126 120 1
126 122 1
126 138 1
126 139 1
126 143 1
126 149 1
126 150 1
126 154 1
126 196 1
126 203 1
126 210 1
126 227 1
126 229 1
127 8 1
127 63 1
127 92 1
128 226 1
128 246 1
129 64 1
129 207 1
129 213 1
130 13 1
130 16 1
130 58 1
130 122 1
130 124 1
130 125 1
131 7 1
131 9 1
131 13 1
131 17 1
131 28 1
131 32 1
131 33 1
131 60 1
131 67 1
131 96 1
131 117 1
131 124 1
131 126 1
131 134 1
131 196 1
131 205 1
131 208 1
131 231 1
132 31 1
132 53 1
132 72 1
132 154 1
132 199 1
132 206 1
132 214 1
132 216 1
133 3 1
133 5 1
133 13 1
133 14 1
133 49 1
133 54 1
133 60 1
133 99 1
133 118 1
133 126 1
133 131 1
133 143 1
133 173 1
133 226 1
133 240 1
134 84 1
134 146 1
134 153 1
134 208 1
134 212 1
136 193 1
136 196 1
136 202 1
136 204 1
136 227 1
136 237 1
137 148 1
138 7 1
138 11 1
138 17 1
138 32 1
138 50 1
138 60 1
138 96 1
138 103 1
138 104 1
138 106 1
138 112 1
138 126 1
138 133 1
138 150 1
138 203 1
138 205 1
138 208 1
138 214 1
138 229 1
138 231 1
138 244 1
138 254 1
139 66 1
139 108 1
139 128 1
139 148 1
139 194 1
139 199 1
140 114 1
140 139 1
140 183 1
140 215 1
141 27 1
141 186 1
141 194 1
142 3 1
142 5 1
142 35 1
142 44 1
142 64 1
142 67 1
142 118 1
142 119 1
142 124 1
143 3 1
143 4 1
143 11 1
143 19 1
143 42 1
143 72 1
143 99 1
143 106 1
143 107 1
143 119 1
143 130 1
143 138 1
143 150 1
143 202 1
143 205 1
143 208 1
145 163 1
145 213 1
146 1 1
146 7 1
146 13 1
146 48 1
146 60 1
146 94 1
146 117 1
146 119 1
146 173 1
146 199 1
146 208 1
146 279 1
147 77 1
147 138 1
148 113 1
148 137 1
148 165 1
149 29 1
149 39 1
149 65 1
149 66 1
149 111 1
149 137 1
149 139 1
149 172 1
150 18 1
150 103 1
151 67 1
152 57 1
152 64 1
152 99 1
152 104 1
152 105 1
152 143 1
152 202 1
152 205 1
152 211 1
152 219 1
152 227 1
152 258 1
153 3 1
153 72 1
153 87 1
153 136 1
153 144 1
153 147 1
153 196 1
154 85 1
154 204 1
154 222 1
154 234 1
154 273 1
154 297 1
155 11 1
155 15 1
155 27 1
155 83 1
155 86 1
155 210 1
155 246 1
156 58 1
156 90 1
156 125 1
156 168 1
156 178 1
156 193 1
156 204 1
156 206 1
156 291 1
157 69 1
157 122 1
157 170 1
157 230 1
157 236 1
157 249 1
157 268 1
158 30 1
158 33 1
158 42 1
158 63 1
158 110 1
158 112 1
158 150 1
158 233 1
158 285 1
159 13 1
159 73 1
159 106 1
159 146 1
159 163 1
160 3 1
160 18 1
160 56 1
160 91 1
160 134 1
160 149 1
160 162 1
160 278 1
160 283 1
161 16 1
161 68 1
161 70 1
161 71 1
161 128 1
161 139 1
161 166 1
161 242 1
161 246 1
161 251 1
162 16 1
162 30 1
162 93 1
162 108 1
162 121 1
162 130 1
162 182 1
162 189 1
162 219 1
163 31 1
163 32 1
163 138 1
163 145 1
163 150 1
163 171 1
163 204 1
163 207 1
163 233 1
164 13 1
164 85 1
164 111 1
164 124 1
164 131 1
164 133 1
164 152 1
164 219 1
164 255 1
164 258 1
165 102 1
165 143 1
165 185 1
165 220 1
165 225 1
165 277 1
166 100 1
166 110 1
166 257 1
166 277 1
166 281 1
167 3 1
167 43 1
167 59 1
167 98 1
167 119 1
167 135 1
167 194 1
167 205 1
167 234 1
167 237 1
167 245 1
168 3 1
168 4 1
168 33 1
168 63 1
168 91 1
168 97 1
168 182 1
168 195 1
168 208 1
168 241 1
169 4 1
169 5 1
169 59 1
169 94 1
169 105 1
169 112 1
169 120 1
169 173 1
170 33 1
170 46 1
170 92 1
170 94 1
170 219 1
170 292 1
171 43 1
171 71 1
171 173 1
171 199 1
171 204 1
171 219 1
172 21 1
172 104 1
172 124 1
172 149 1
172 186 1
172 196 1
173 3 1
173 12 1
173 14 1
173 15 1
173 48 1
173 60 1
173 62 1
173 68 1
173 93 1
173 94 1
173 99 1
173 105 1
173 106 1
173 118 1
173 119 1
173 126 1
173 133 1
173 138 1
173 143 1
173 168 1
173 170 1
173 208 1
173 214 1
173 231 1
173 240 1
173 286 1
174 4 1
174 51 1
174 84 1
174 90 1
174 96 1
174 115 1
174 119 1
174 214 1
174 216 1
174 256 1
174 278 1
175 28 1
175 178 1
175 199 1
175 206 1
175 285 1
176 19 1
176 102 1
176 216 1
176 253 1
176 268 1
177 5 1
177 13 1
177 53 1
177 135 1
177 146 1
177 178 1
177 194 1
178 3 1
178 5 1
178 28 1
178 76 1
178 85 1
178 95 1
178 121 1
178 140 1
178 177 1
178 203 1
178 223 1
178 245 1
178 283 1
179 4 1
179 6 1
179 31 1
179 68 1
179 93 1
179 128 1
179 181 1
179 185 1
179 199 1
179 275 1
180 13 1
180 67 1
180 71 1
180 112 1
180 122 1
180 228 1
180 279 1
180 282 1
181 9 1
181 83 1
181 140 1
181 193 1
181 237 1
181 249 1
181 262 1
182 56 1
182 63 1
182 123 1
182 192 1
182 262 1
182 284 1
183 10 1
183 28 1
183 42 1
183 52 1
183 58 1
183 112 1
183 150 1
183 219 1
183 252 1
184 20 1
184 111 1
184 231 1
184 260 1
185 138 1
185 156 1
185 192 1
185 221 1
186 6 1
186 21 1
186 41 1
186 100 1
186 134 1
186 141 1
186 149 1
186 172 1
187 4 1
187 9 1
187 59 1
187 91 1
187 103 1
187 238 1
188 3 1
188 13 1
188 17 1
188 68 1
188 102 1
188 103 1
188 110 1
188 119 1
188 125 1
188 138 1
188 143 1
188 193 1
188 205 1
188 206 1
188 226 1
188 258 1
189 8 1
189 219 1
189 227 1
190 3 1
190 4 1
190 20 1
190 62 1
190 66 1
190 75 1
190 116 1
190 138 1
190 173 1
190 178 1
190 192 1
190 193 1
190 196 1
190 200 1
190 207 1
190 233 1
190 272 1
191 4 1
191 7 1
191 9 1
191 13 1
191 14 1
191 32 1
191 43 1
191 54 1
191 71 1
191 87 1
191 94 1
191 96 1
191 103 1
191 106 1
191 112 1
191 118 1
191 119 1
191 120 1
191 126 1
191 131 1
191 133 1
191 138 1
191 143 1
191 150 1
191 173 1
191 192 1
191 200 1
191 208 1
191 221 1
191 231 1
191 262 1
192 43 1
192 85 1
192 88 1
192 106 1
192 115 1
192 126 1
192 138 1
192 151 1
192 185 1
192 196 1
192 238 1
193 61 1
193 88 1
193 149 1
193 217 1
193 221 1
194 17 1
194 64 1
194 94 1
194 119 1
194 137 1
194 189 1
194 202 1
194 203 1
194 216 1
194 218 1
195 41 1
195 49 1
195 71 1
195 192 1
195 212 1
196 16 1
196 66 1
196 68 1
196 139 1
196 190 1
196 233 1
196 274 1
196 275 1
197 37 1
197 66 1
197 73 1
197 110 1
198 12 1
198 20 1
198 42 1
198 53 1
198 70 1
198 78 1
198 85 1
198 87 1
198 88 1
198 94 1
198 143 1
198 149 1
198 173 1
198 202 1
199 68 1
199 110 1
199 135 1
199 171 1
199 173 1
199 204 1
199 224 1
199 233 1
200 3 1
200 4 1
200 37 1
200 87 1
200 88 1
200 90 1
200 116 1
200 118 1
200 201 1
200 207 1
200 279 1
201 3 1
201 5 1
201 11 1
201 29 1
201 78 1
201 92 1
201 102 1
201 116 1
201 138 1
201 188 1
201 200 1
201 207 1
201 258 1
201 271 1
201 283 1
202 53 1
202 81 1
202 143 1
202 198 1
202 205 1
202 208 1
203 9 1
203 10 1
203 47 1
203 54 1
203 91 1
203 161 1
203 178 1
203 180 1
203 194 1
203 200 1
203 218 1
203 242 1
204 10 1
204 123 1
204 137 1
204 199 1
204 209 1
205 6 1
205 32 1
205 71 1
205 103 1
205 116 1
205 143 1
205 202 1
205 227 1
206 25 1
206 69 1
206 110 1
206 156 1
206 178 1
206 207 1
206 242 1
206 278 1
207 41 1
207 193 1
207 200 1
208 7 1
208 9 1
208 60 1
208 67 1
208 131 1
208 210 1
209 204 1
210 31 1
210 86 1
210 115 1
210 118 1
210 208 1
211 16 1
211 28 1
211 60 1
211 93 1
211 154 1
211 242 1
212 10 1
212 67 1
212 98 1
212 134 1
212 295 1
213 124 1
213 129 1
213 145 1
213 189 1
213 193 1
213 203 1
214 19 1
214 41 1
214 60 1
214 137 1
214 140 1
214 161 1
214 164 1
214 184 1
214 213 1
214 218 1
214 225 1
215 55 1
215 140 1
215 177 1
215 178 1
215 206 1
215 230 1
215 246 1
216 111 1
216 146 1
216 264 1
216 269 1
217 15 1
217 36 1
217 91 1
217 259 1
218 13 1
218 70 1
218 194 1
218 203 1
219 16 1
219 55 1
219 60 1
219 68 1
219 117 1
219 125 1
219 153 1
219 280 1
219 284 1
220 2 1
220 4 1
220 6 1
220 22 1
220 35 1
220 64 1
220 72 1
220 94 1
220 101 1
220 116 1
220 119 1
220 143 1
220 202 1
220 205 1
220 236 1
220 254 1
221 64 1
221 120 1
221 146 1
221 185 1
222 57 1
222 114 1
222 119 1
222 143 1
222 173 1
222 201 1
222 206 1
222 280 1
223 225 1
224 59 1
225 19 1
225 163 1
225 226 1
226 14 1
226 168 1
226 200 1
226 225 1
227 60 1
227 64 1
227 72 1
227 103 1
227 107 1
227 205 1
227 278 1
228 13 1
228 21 1
228 70 1
228 122 1
228 128 1
228 151 1
228 204 1
228 229 1
228 246 1
228 294 1
229 245 1
229 284 1
230 110 1
230 249 1
232 2 1
232 3 1
232 5 1
232 13 1
232 71 1
232 82 1
232 85 1
232 91 1
232 92 1
232 99 1
232 124 1
232 136 1
232 159 1
232 173 1
232 215 1
233 2 1
233 84 1
233 86 1
233 112 1
234 5 1
234 60 1
234 85 1
234 104 1
234 167 1
234 173 1
234 180 1
234 186 1
234 188 1
234 192 1
234 204 1
234 205 1
234 216 1
234 258 1
234 276 1
235 3 1
235 6 1
235 21 1
235 69 1
235 102 1
235 144 1
235 166 1
235 196 1
235 257 1
235 265 1
236 5 1
236 87 1
237 113 1
237 246 1
238 42 1
238 257 1
239 32 1
239 69 1
239 77 1
239 91 1
239 97 1
239 106 1
239 195 1
240 31 1
241 91 1
242 35 1
245 10 1
245 57 1
245 229 1
245 230 1
246 49 1
246 77 1
246 128 1
246 134 1
247 21 1
247 200 1
247 223 1
248 107 1
249 230 1
250 5 1
250 47 1
250 59 1
250 107 1
250 136 1
250 137 1
250 248 1
251 238 1
253 13 1
253 126 1
253 173 1
253 213 1
253 267 1
254 60 1
254 171 1
254 173 1
254 262 1
255 136 1
255 207 1
255 224 1
256 74 1
256 101 1
256 104 1
256 217 1
257 80 1
257 123 1
257 192 1
257 238 1
257 255 1
258 188 1
258 205 1
258 284 1
259 10 1
263 104 1
263 160 1
264 13 1
264 22 1
265 94 1
265 102 1
266 117 1
266 251 1
267 3 1
267 147 1
268 195 1
268 246 1
269 39 1
269 63 1
269 83 1
269 90 1
269 91 1
269 100 1
269 141 1
269 206 1
270 2 1
270 3 1
270 22 1
270 39 1
270 51 1
270 162 1
270 167 1
270 169 1
270 176 1
270 209 1
270 212 1
271 121 1
272 4 1
272 55 1
272 84 1
272 107 1
272 161 1
272 170 1
272 196 1
272 225 1
272 233 1
272 245 1
273 33 1
274 3 1
274 5 1
274 49 1
274 101 1
274 114 1
274 134 1
274 207 1
274 227 1
274 280 1
275 160 1
276 63 1
276 73 1
276 136 1
276 149 1
276 151 1
276 185 1
276 192 1
276 196 1
276 251 1
276 256 1
277 1 1
277 3 1
277 26 1
277 42 1
277 71 1
277 92 1
277 144 1
277 165 1
277 192 1
277 210 1
277 264 1
277 276 1
278 7 1
278 51 1
278 61 1
278 72 1
278 85 1
278 112 1
278 177 1
278 245 1
280 51 1
283 258 1
284 169 1
284 229 1
