1 81 1
1 138 1
2 1 1
2 28 1
2 72 1
2 83 1
2 88 1
2 91 1
2 99 1
2 116 1
2 118 1
2 119 1
2 120 1
2 126 1
2 138 1
2 143 1
2 150 1
2 173 1
2 180 1
2 190 1
2 203 1
2 207 1
2 220 1
2 227 1
2 258 1
2 285 1
3 7 1
3 13 1
3 16 1
3 17 1
3 31 1
3 43 1
3 48 1
3 54 1
3 61 1
3 64 1
3 66 1
3 68 1
3 70 1
3 72 1
3 88 1
3 102 1
3 103 1
3 106 1
3 117 1
3 118 1
3 126 1
3 128 1
3 130 1
3 134 1
3 138 1
3 150 1
3 151 1
3 154 1
3 182 1
3 192 1
3 194 1
3 197 1
3 203 1
3 204 1
3 207 1
3 208 1
3 225 1
3 227 1
3 241 1
3 257 1
3 260 1
4 3 1
4 7 1
4 13 1
4 14 1
4 17 1
4 35 1
4 43 1
4 48 1
4 53 1
4 59 1
4 64 1
4 66 1
4 73 1
4 74 1
4 85 1
4 87 1
4 120 1
4 121 1
4 123 1
4 126 1
4 133 1
4 138 1
4 139 1
4 149 1
4 170 1
4 173 1
4 188 1
4 199 1
4 208 1
4 214 1
4 224 1
4 227 1
4 258 1
5 12 1
5 14 1
5 19 1
5 28 1
5 32 1
5 43 1
5 60 1
5 62 1
5 68 1
5 72 1
5 84 1
5 87 1
5 90 1
5 91 1
5 110 1
5 112 1
5 115 1
5 118 1
5 119 1
5 122 1
5 124 1
5 126 1
5 140 1
5 143 1
5 146 1
5 172 1
5 173 1
5 178 1
5 188 1
5 192 1
5 203 1
5 205 1
5 229 1
5 241 1
5 248 1
6 28 1
6 53 1
6 166 1
6 167 1
6 185 1
6 222 1
6 247 1
6 261 1
7 3 1
7 13 1
7 17 1
7 31 1
7 64 1
7 67 1
7 68 1
7 70 1
7 71 1
7 77 1
7 85 1
7 103 1
7 120 1
7 123 1
7 125 1
7 131 1
7 133 1
7 156 1
7 173 1
7 178 1
7 193 1
7 204 1
7 205 1
7 207 1
7 208 1
7 225 1
7 227 1
8 10 1
8 28 1
8 49 1
8 76 1
8 99 1
8 104 1
8 115 1
8 133 1
8 136 1
8 148 1
8 153 1
8 162 1
8 195 1
8 196 1
9 5 1
9 60 1
9 64 1
9 92 1
9 106 1
9 122 1
9 192 1
9 193 1
9 202 1
9 205 1
10 25 1
10 86 1
10 92 1
10 140 1
10 204 1
10 218 1
10 229 1
10 230 1
11 3 1
11 4 1
11 17 1
11 126 1
11 131 1
11 139 1
11 150 1
11 173 1
11 210 1
12 11 1
12 57 1
12 70 1
12 130 1
12 173 1
12 224 1
12 258 1
13 3 1
13 5 1
13 11 1
13 12 1
13 17 1
13 19 1
13 43 1
13 54 1
13 55 1
13 59 1
13 64 1
13 68 1
13 70 1
13 72 1
13 74 1
13 88 1
13 91 1
13 104 1
13 106 1
13 110 1
13 117 1
13 118 1
13 126 1
13 128 1
13 131 1
13 143 1
13 151 1
13 153 1
13 170 1
13 172 1
13 173 1
13 182 1
13 197 1
13 199 1
13 203 1
13 204 1
13 205 1
13 207 1
13 208 1
13 218 1
13 254 1
13 255 1
13 270 1
13 281 1
13 283 1
14 3 1
14 19 1
14 29 1
14 32 1
14 51 1
14 64 1
14 91 1
14 94 1
14 96 1
14 107 1
14 112 1
14 114 1
14 124 1
14 142 1
14 143 1
14 151 1
14 155 1
14 165 1
14 178 1
14 201 1
14 205 1
14 216 1
14 229 1
14 230 1
14 236 1
14 276 1
15 4 1
15 10 1
15 13 1
15 32 1
15 59 1
15 61 1
15 78 1
15 96 1
15 97 1
15 114 1
15 118 1
15 130 1
15 147 1
15 153 1
15 195 1
15 260 1
15 279 1
16 100 1
16 134 1
16 152 1
16 241 1
17 3 1
17 67 1
17 216 1
18 42 1
18 110 1
18 124 1
18 189 1
18 233 1
18 283 1
19 178 1
19 205 1
19 229 1
19 242 1
20 3 1
20 88 1
20 125 1
20 172 1
20 200 1
20 292 1
21 6 1
21 60 1
21 88 1
21 93 1
21 107 1
21 116 1
21 134 1
21 150 1
21 202 1
22 3 1
22 4 1
22 86 1
22 87 1
22 109 1
22 118 1
22 119 1
22 133 1
22 138 1
22 146 1
22 214 1
22 227 1
22 242 1
23 4 1
23 5 1
23 13 1
23 26 1
23 56 1
23 59 1
23 60 1
23 88 1
23 116 1
23 126 1
23 141 1
23 151 1
23 173 1
23 231 1
24 17 1
24 60 1
24 80 1
24 85 1
24 87 1
24 99 1
24 102 1
24 112 1
24 117 1
24 122 1
24 133 1
24 138 1
24 143 1
24 170 1
24 219 1
24 221 1
24 249 1
24 279 1
24 282 1
25 30 1
25 118 1
25 137 1
25 143 1
25 251 1
26 5 1
26 17 1
26 42 1
26 59 1
26 146 1
27 42 1
27 217 1
28 88 1
28 94 1
28 111 1
28 150 1
28 203 1
29 4 1
29 144 1
29 154 1
29 259 1
30 28 1
30 62 1
30 119 1
30 206 1
30 209 1
30 263 1
31 106 1
31 199 1
31 227 1
32 3 1
32 14 1
32 51 1
32 84 1
32 96 1
32 112 1
32 124 1
32 143 1
33 10 1
33 53 1
33 77 1
33 129 1
33 273 1
34 3 1
34 8 1
34 13 1
34 56 1
34 63 1
34 102 1
34 126 1
34 173 1
34 183 1
34 193 1
34 202 1
34 238 1
34 241 1
35 13 1
35 96 1
35 202 1
35 206 1
35 214 1
36 3 1
36 5 1
36 13 1
36 22 1
36 43 1
36 87 1
36 106 1
36 119 1
36 138 1
36 158 1
36 173 1
36 205 1
36 208 1
36 215 1
36 264 1
36 283 1
37 78 1
37 101 1
37 116 1
37 135 1
37 203 1
37 207 1
37 209 1
38 92 1
38 108 1
38 109 1
38 211 1
38 259 1
39 21 1
39 196 1
39 276 1
40 1 1
40 32 1
40 58 1
40 90 1
40 158 1
40 162 1
40 167 1
40 175 1
40 217 1
40 251 1
41 91 1
41 131 1
41 200 1
41 209 1
41 218 1
42 18 1
42 93 1
42 110 1
42 192 1
42 246 1
42 275 1
43 3 1
43 106 1
43 109 1
43 126 1
43 140 1
43 151 1
43 154 1
43 188 1
43 194 1
43 208 1
44 3 1
44 5 1
44 13 1
44 16 1
44 60 1
44 72 1
44 85 1
44 91 1
44 103 1
44 119 1
44 120 1
44 126 1
44 143 1
44 173 1
44 285 1
45 2 1
45 3 1
45 4 1
45 5 1
45 6 1
45 7 1
45 8 1
45 9 1
45 11 1
45 13 1
45 14 1
45 15 1
45 16 1
45 17 1
45 19 1
45 20 1
45 21 1
45 22 1
45 23 1
45 27 1
45 28 1
45 31 1
45 32 1
45 35 1
45 36 1
45 43 1
45 44 1
45 49 1
45 51 1
45 54 1
45 58 1
45 60 1
45 62 1
45 64 1
45 66 1
45 67 1
45 68 1
45 69 1
45 70 1
45 72 1
45 73 1
45 74 1
45 76 1
45 78 1
45 85 1
45 87 1
45 92 1
45 94 1
45 96 1
45 99 1
45 100 1
45 102 1
45 103 1
45 104 1
45 106 1
45 109 1
45 110 1
45 112 1
45 114 1
45 115 1
45 116 1
45 118 1
45 119 1
45 120 1
45 122 1
45 123 1
45 124 1
45 125 1
45 126 1
45 130 1
45 131 1
45 133 1
45 134 1
45 136 1
45 137 1
45 138 1
45 140 1
45 143 1
45 148 1
45 149 1
45 152 1
45 163 1
45 169 1
45 171 1
45 172 1
45 173 1
45 177 1
45 178 1
45 179 1
45 183 1
45 185 1
45 186 1
45 188 1
45 192 1
45 194 1
45 195 1
45 196 1
45 200 1
45 201 1
45 202 1
45 203 1
45 204 1
45 205 1
45 206 1
45 208 1
45 210 1
45 212 1
45 214 1
45 215 1
45 217 1
45 219 1
45 220 1
45 221 1
45 222 1
45 225 1
45 227 1
45 229 1
45 230 1
45 231 1
45 232 1
45 234 1
45 241 1
45 246 1
45 247 1
45 251 1
45 254 1
45 259 1
45 260 1
45 262 1
45 264 1
45 278 1
45 285 1
45 288 1
45 291 1
46 3 1
46 13 1
46 117 1
46 173 1
46 219 1
47 15 1
47 17 1
47 52 1
47 85 1
47 96 1
47 99 1
47 125 1
47 137 1
47 141 1
47 186 1
47 225 1
47 256 1
47 284 1
47 285 1
48 13 1
48 49 1
48 55 1
48 64 1
48 73 1
48 74 1
48 133 1
48 138 1
48 149 1
48 151 1
48 159 1
48 160 1
48 166 1
48 208 1
48 219 1
48 227 1
48 242 1
48 262 1
49 4 1
49 13 1
49 48 1
49 71 1
49 85 1
49 87 1
49 103 1
49 114 1
49 119 1
49 126 1
49 133 1
49 138 1
49 140 1
49 149 1
49 173 1
49 181 1
49 208 1
49 210 1
49 227 1
49 246 1
50 17 1
50 27 1
50 42 1
50 46 1
50 91 1
50 98 1
50 104 1
50 110 1
50 112 1
50 159 1
50 196 1
50 227 1
50 245 1
51 63 1
51 111 1
51 137 1
51 185 1
51 202 1
51 219 1
52 54 1
52 91 1
52 102 1
52 122 1
52 143 1
52 150 1
52 210 1
52 226 1
52 254 1
53 33 1
53 94 1
53 149 1
53 168 1
53 210 1
53 217 1
53 251 1
54 203 1
56 19 1
56 71 1
56 189 1
56 279 1
56 290 1
57 111 1
57 146 1
57 219 1
59 3 1
59 60 1
59 67 1
59 138 1
59 168 1
59 173 1
59 279 1
60 5 1
60 28 1
60 59 1
60 113 1
60 116 1
60 119 1
60 120 1
60 126 1
60 131 1
60 143 1
60 173 1
60 226 1
60 274 1
61 83 1
61 194 1
61 219 1
61 240 1
61 256 1
62 92 1
62 238 1
62 282 1
63 284 1
64 9 1
64 48 1
64 159 1
64 196 1
64 208 1
65 2 1
65 71 1
65 105 1
65 118 1
65 119 1
65 131 1
65 220 1
65 233 1
65 256 1
65 271 1
65 283 1
66 112 1
66 122 1
66 186 1
66 193 1
66 214 1
67 7 1
67 70 1
67 173 1
68 21 1
68 123 1
68 150 1
68 194 1
68 205 1
68 262 1
69 2 1
69 105 1
69 119 1
69 181 1
70 67 1
70 72 1
71 249 1
72 13 1
72 64 1
72 70 1
72 118 1
72 126 1
72 173 1
72 199 1
73 76 1
73 104 1
73 129 1
73 178 1
73 194 1
73 203 1
73 209 1
73 214 1
73 225 1
73 239 1
73 285 1
74 3 1
74 4 1
74 13 1
74 17 1
74 21 1
74 43 1
74 48 1
74 64 1
74 85 1
74 120 1
74 126 1
74 131 1
74 138 1
74 140 1
74 150 1
74 199 1
74 208 1
75 3 1
75 7 1
75 16 1
75 32 1
75 35 1
75 58 1
75 60 1
75 85 1
75 91 1
75 94 1
75 99 1
75 138 1
75 143 1
75 173 1
75 188 1
75 192 1
75 266 1
75 269 1
76 8 1
76 69 1
76 73 1
76 91 1
76 102 1
76 131 1
76 137 1
76 183 1
76 200 1
76 211 1
76 226 1
76 245 1
76 278 1
77 82 1
77 146 1
78 15 1
78 31 1
78 58 1
78 84 1
78 112 1
78 118 1
78 147 1
78 240 1
78 260 1
78 262 1
79 83 1
79 95 1
79 117 1
79 177 1
79 214 1
79 273 1
80 122 1
80 170 1
80 231 1
80 297 1
81 234 1
82 55 1
82 149 1
83 215 1
83 242 1
84 142 1
84 228 1
85 3 1
85 9 1
85 13 1
85 21 1
85 22 1
85 31 1
85 43 1
85 59 1
85 60 1
85 64 1
85 91 1
85 109 1
85 111 1
85 119 1
85 120 1
85 122 1
85 126 1
85 130 1
85 138 1
85 143 1
85 158 1
85 167 1
85 173 1
85 182 1
85 192 1
85 194 1
85 202 1
85 205 1
85 208 1
85 225 1
85 227 1
85 238 1
85 246 1
85 252 1
85 258 1
85 278 1
86 14 1
86 19 1
86 68 1
86 87 1
86 107 1
86 122 1
86 143 1
86 151 1
86 179 1
86 196 1
86 205 1
87 3 1
87 7 1
87 13 1
87 16 1
87 18 1
87 20 1
87 36 1
87 39 1
87 43 1
87 53 1
87 55 1
87 67 1
87 68 1
87 72 1
87 88 1
87 93 1
87 94 1
87 97 1
87 103 1
87 106 1
87 110 1
87 111 1
87 118 1
87 119 1
87 126 1
87 138 1
87 150 1
87 171 1
87 173 1
87 192 1
87 200 1
87 205 1
87 208 1
87 227 1
87 249 1
87 268 1
88 9 1
88 27 1
88 108 1
88 123 1
88 143 1
88 217 1
88 243 1
89 115 1
89 131 1
89 146 1
89 225 1
89 278 1
90 4 1
90 29 1
90 46 1
90 77 1
90 122 1
90 161 1
90 273 1
90 286 1
91 3 1
91 32 1
91 53 1
91 99 1
91 143 1
91 192 1
91 198 1
92 110 1
92 131 1
93 63 1
94 16 1
94 31 1
94 104 1
94 114 1
94 214 1
94 217 1
94 230 1
95 1 1
95 19 1
95 69 1
96 14 1
96 27 1
96 35 1
96 125 1
96 142 1
96 143 1
97 28 1
97 171 1
97 221 1
97 236 1
98 15 1
98 19 1
98 25 1
98 42 1
98 100 1
98 117 1
98 118 1
98 119 1
98 142 1
98 143 1
98 166 1
98 178 1
98 210 1
98 229 1
99 4 1
99 5 1
99 32 1
99 46 1
99 49 1
99 53 1
99 75 1
99 85 1
99 91 1
99 105 1
99 138 1
99 173 1
99 177 1
99 188 1
99 192 1
99 198 1
99 202 1
99 204 1
99 229 1
100 47 1
100 206 1
100 238 1
100 255 1
100 285 1
101 37 1
101 135 1
101 169 1
102 17 1
102 85 1
102 117 1
102 118 1
102 130 1
102 181 1
103 7 1
103 9 1
103 64 1
103 68 1
103 118 1
103 126 1
103 138 1
103 150 1
103 173 1
103 208 1
103 233 1
103 245 1
104 3 1
104 17 1
104 30 1
104 109 1
104 165 1
104 169 1
104 193 1
104 199 1
104 208 1
104 210 1
104 226 1
105 5 1
105 91 1
105 174 1
105 185 1
105 192 1
105 211 1
105 218 1
106 31 1
106 39 1
106 43 1
106 126 1
106 197 1
106 210 1
106 212 1
106 247 1
107 151 1
107 196 1
107 211 1
107 237 1
107 238 1
107 250 1
107 272 1
108 1 1
108 9 1
108 84 1
108 88 1
108 89 1
108 186 1
108 279 1
109 130 1
109 134 1
109 145 1
109 149 1
109 162 1
109 202 1
109 204 1
109 207 1
109 226 1
109 233 1
109 246 1
110 58 1
110 68 1
110 115 1
110 124 1
110 192 1
110 205 1
111 55 1
111 141 1
111 150 1
111 214 1
112 32 1
112 59 1
112 78 1
112 96 1
112 120 1
112 121 1
112 128 1
113 35 1
113 59 1
113 87 1
113 147 1
113 193 1
113 246 1
113 262 1
114 5 1
114 14 1
114 54 1
114 61 1
114 87 1
114 94 1
114 163 1
114 171 1
114 194 1
114 196 1
114 230 1
114 246 1
115 10 1
115 13 1
115 33 1
115 53 1
115 60 1
115 85 1
115 103 1
115 122 1
115 126 1
115 131 1
115 134 1
115 146 1
115 161 1
115 163 1
115 173 1
115 188 1
115 199 1
115 200 1
115 204 1
115 205 1
115 216 1
115 217 1
115 225 1
115 277 1
115 285 1
116 5 1
116 59 1
116 60 1
116 139 1
116 186 1
116 203 1
116 214 1
116 218 1
116 285 1
117 144 1
117 176 1
117 202 1
118 1 1
118 2 1
118 9 1
118 33 1
118 39 1
118 41 1
118 43 1
118 51 1
118 59 1
118 62 1
118 64 1
118 72 1
118 84 1
118 103 1
118 119 1
118 135 1
118 138 1
118 139 1
118 154 1
118 166 1
118 173 1
118 192 1
118 202 1
118 207 1
118 227 1
118 240 1
119 2 1
119 3 1
119 7 1
119 13 1
119 31 1
119 33 1
119 43 1
119 44 1
119 51 1
119 64 1
119 72 1
119 91 1
119 103 1
119 105 1
119 106 1
119 115 1
119 118 1
119 126 1
119 135 1
119 138 1
119 150 1
119 173 1
119 188 1
119 206 1
119 207 1
119 212 1
119 221 1
119 246 1
119 275 1
119 285 1
119 287 1
120 3 1
120 7 1
120 13 1
120 28 1
120 32 1
120 43 1
120 68 1
120 70 1
120 72 1
120 112 1
120 119 1
120 123 1
120 126 1
120 133 1
120 146 1
120 173 1
120 204 1
120 205 1
120 248 1
120 258 1
121 67 1
121 87 1
121 213 1
121 281 1
122 130 1
122 184 1
122 221 1
123 7 1
123 13 1
123 68 1
123 72 1
123 85 1
123 120 1
123 130 1
123 138 1
123 205 1
123 208 1
123 225 1
124 3 1
124 22 1
124 32 1
124 51 1
124 60 1
124 110 1
124 126 1
124 140 1
124 143 1
124 192 1
124 240 1
125 3 1
125 7 1
125 20 1
125 41 1
125 131 1
125 133 1
125 200 1
125 239 1
126 3 1
126 7 1
126 13 1
126 17 1
126 43 1
126 63 1
126 64 1
126 67 1
126 68 1
126 70 1
126 72 1
126 103 1
126 104 1
126 118 1
126 120 1
126 131 1
126 138 1
126 150 1
126 151 1
126 157 1
126 173 1
126 199 1
126 205 1
126 208 1
126 284 1
127 16 1
127 144 1
127 200 1
128 28 1
128 257 1
129 33 1
129 179 1
129 185 1
130 12 1
130 54 1
130 122 1
130 123 1
130 126 1
130 194 1
131 3 1
131 11 1
131 32 1
131 41 1
131 59 1
131 60 1
131 76 1
131 99 1
131 101 1
131 102 1
131 111 1
131 126 1
131 138 1
131 173 1
131 196 1
131 200 1
131 225 1
131 245 1
132 5 1
132 10 1
132 51 1
132 77 1
132 91 1
132 198 1
132 268 1
132 279 1
133 6 1
133 7 1
133 13 1
133 17 1
133 24 1
133 48 1
133 49 1
133 87 1
133 99 1
133 117 1
133 149 1
133 151 1
133 173 1
133 218 1
133 257 1
134 1 1
134 13 1
134 199 1
134 204 1
134 257 1
136 17 1
136 138 1
136 160 1
136 184 1
136 202 1
136 208 1
137 200 1
138 3 1
138 7 1
138 28 1
138 44 1
138 60 1
138 64 1
138 73 1
138 75 1
138 85 1
138 91 1
138 99 1
138 119 1
138 120 1
138 173 1
138 188 1
138 192 1
138 203 1
138 208 1
138 210 1
138 227 1
138 246 1
138 258 1
139 69 1
139 116 1
139 117 1
139 135 1
139 136 1
139 246 1
140 27 1
140 43 1
140 124 1
140 210 1
141 111 1
141 132 1
141 144 1
142 3 1
142 14 1
142 53 1
142 71 1
142 84 1
142 96 1
142 148 1
142 216 1
142 285 1
143 3 1
143 9 1
143 32 1
143 57 1
143 60 1
143 64 1
143 66 1
143 91 1
143 96 1
143 98 1
143 112 1
143 118 1
143 124 1
143 140 1
143 165 1
143 171 1
145 109 1
145 226 1
146 3 1
146 10 1
146 54 1
146 101 1
146 115 1
146 125 1
146 126 1
146 163 1
146 196 1
146 205 1
146 219 1
146 267 1
147 154 1
147 171 1
148 8 1
148 15 1
148 155 1
149 4 1
149 154 1
149 158 1
149 161 1
149 226 1
149 233 1
149 244 1
149 249 1
150 68 1
150 103 1
151 238 1
152 13 1
152 35 1
152 41 1
152 56 1
152 66 1
152 71 1
152 83 1
152 87 1
152 96 1
152 100 1
152 257 1
152 260 1
153 92 1
153 136 1
153 143 1
153 164 1
153 194 1
153 219 1
153 273 1
154 59 1
154 60 1
154 71 1
154 170 1
154 213 1
154 215 1
155 55 1
155 94 1
155 97 1
155 117 1
155 206 1
155 209 1
155 284 1
156 4 1
156 7 1
156 58 1
156 72 1
156 88 1
156 94 1
156 169 1
156 192 1
156 231 1
157 88 1
157 98 1
157 119 1
157 161 1
157 202 1
157 255 1
157 262 1
158 4 1
158 28 1
158 51 1
158 151 1
158 163 1
158 189 1
158 225 1
158 229 1
158 238 1
159 87 1
159 113 1
159 149 1
159 226 1
159 229 1
160 53 1
160 69 1
160 94 1
160 133 1
160 137 1
160 170 1
160 199 1
160 219 1
160 240 1
161 78 1
161 86 1
161 99 1
161 110 1
161 124 1
161 151 1
161 196 1
161 199 1
161 233 1
161 254 1
162 13 1
162 156 1
162 172 1
162 185 1
162 192 1
162 202 1
162 226 1
162 264 1
162 271 1
163 39 1
163 64 1
163 85 1
163 107 1
163 114 1
163 136 1
163 196 1
163 212 1
163 231 1
164 4 1
164 9 1
164 30 1
164 87 1
164 98 1
164 121 1
164 131 1
164 195 1
164 246 1
164 296 1
165 3 1
165 21 1
165 66 1
165 143 1
165 182 1
165 285 1
166 10 1
166 13 1
166 65 1
166 83 1
166 279 1
167 30 1
167 121 1
167 124 1
167 138 1
167 177 1
167 181 1
167 190 1
167 196 1
167 225 1
167 256 1
167 266 1
168 15 1
168 42 1
168 79 1
168 108 1
168 156 1
168 169 1
168 178 1
168 190 1
168 245 1
168 295 1
169 18 1
169 88 1
169 146 1
169 164 1
169 225 1
169 239 1
169 242 1
169 283 1
170 20 1
170 37 1
170 60 1
170 180 1
170 240 1
170 254 1
171 63 1
171 94 1
171 114 1
171 201 1
171 230 1
171 233 1
172 20 1
172 78 1
172 186 1
172 205 1
172 234 1
172 245 1
173 3 1
173 11 1
173 13 1
173 16 1
173 19 1
173 43 1
173 44 1
173 59 1
173 63 1
173 67 1
173 70 1
173 91 1
173 103 1
173 112 1
173 120 1
173 126 1
173 128 1
173 134 1
173 150 1
173 153 1
173 169 1
173 199 1
173 205 1
173 208 1
173 235 1
173 284 1
174 32 1
174 50 1
174 83 1
174 88 1
174 108 1
174 112 1
174 127 1
174 161 1
174 216 1
174 233 1
174 242 1
175 63 1
175 102 1
175 148 1
175 193 1
175 260 1
176 22 1
176 42 1
176 86 1
176 88 1
176 180 1
177 39 1
177 92 1
177 192 1
177 205 1
177 213 1
177 214 1
177 281 1
178 14 1
178 19 1
178 99 1
178 101 1
178 131 1
178 169 1
178 172 1
178 173 1
178 205 1
178 216 1
178 229 1
178 230 1
178 239 1
179 7 1
179 71 1
179 83 1
179 96 1
179 118 1
179 119 1
179 135 1
179 140 1
179 196 1
179 229 1
180 5 1
180 63 1
180 90 1
180 186 1
180 192 1
180 196 1
180 211 1
180 219 1
181 28 1
181 64 1
181 115 1
181 170 1
181 197 1
181 217 1
181 277 1
182 1 1
182 5 1
182 70 1
182 126 1
182 136 1
182 284 1
183 2 1
183 94 1
183 101 1
183 104 1
183 120 1
183 139 1
183 196 1
183 200 1
183 267 1
184 112 1
184 122 1
184 126 1
184 205 1
185 108 1
185 180 1
185 195 1
185 202 1
186 5 1
186 59 1
186 60 1
186 108 1
186 116 1
186 143 1
186 172 1
186 234 1
187 84 1
187 87 1
187 106 1
187 121 1
187 128 1
187 168 1
188 19 1
188 53 1
188 58 1
188 68 1
188 85 1
188 91 1
188 92 1
188 115 1
188 122 1
188 123 1
188 124 1
188 163 1
188 199 1
188 202 1
188 205 1
188 277 1
189 32 1
189 130 1
189 214 1
190 1 1
190 2 1
190 3 1
190 13 1
190 17 1
190 18 1
190 47 1
190 67 1
190 91 1
190 99 1
190 124 1
190 138 1
190 162 1
190 167 1
190 170 1
190 207 1
190 259 1
191 3 1
191 4 1
191 7 1
191 13 1
191 38 1
191 43 1
191 54 1
191 64 1
191 65 1
191 72 1
191 85 1
191 103 1
191 118 1
191 119 1
191 126 1
191 138 1
191 166 1
191 167 1
191 170 1
191 173 1
191 178 1
191 192 1
191 205 1
191 208 1
191 225 1
191 227 1
191 231 1
191 237 1
191 247 1
191 253 1
191 294 1
192 5 1
192 43 1
192 60 1
192 72 1
192 109 1
192 124 1
192 126 1
192 156 1
192 159 1
192 219 1
192 248 1
193 10 1
193 208 1
193 227 1
193 263 1
193 276 1
194 12 1
194 57 1
194 109 1
194 114 1
194 119 1
194 130 1
194 132 1
194 133 1
194 195 1
194 246 1
195 15 1
195 57 1
195 119 1
195 185 1
195 204 1
196 5 1
196 6 1
196 102 1
196 104 1
196 107 1
196 112 1
196 192 1
196 249 1
197 8 1
197 106 1
197 215 1
197 217 1
198 3 1
198 13 1
198 72 1
198 75 1
198 77 1
198 91 1
198 113 1
198 116 1
198 124 1
198 126 1
198 132 1
198 192 1
198 193 1
198 246 1
199 10 1
199 32 1
199 104 1
199 134 1
199 155 1
199 165 1
199 240 1
199 257 1
200 18 1
200 51 1
200 125 1
200 127 1
200 137 1
200 139 1
200 157 1
200 180 1
200 188 1
200 256 1
200 271 1
201 5 1
201 6 1
201 14 1
201 32 1
201 33 1
201 60 1
201 63 1
201 76 1
201 112 1
201 171 1
201 176 1
201 178 1
201 237 1
201 276 1
201 279 1
202 9 1
202 94 1
202 134 1
202 162 1
202 185 1
202 189 1
203 1 1
203 2 1
203 12 1
203 28 1
203 54 1
203 91 1
203 94 1
203 116 1
203 178 1
203 207 1
203 260 1
203 285 1
204 68 1
204 112 1
204 134 1
204 225 1
204 293 1
205 14 1
205 19 1
205 68 1
205 110 1
205 136 1
205 172 1
205 178 1
205 217 1
206 3 1
206 22 1
206 30 1
206 110 1
206 119 1
206 208 1
206 248 1
206 285 1
207 187 1
207 203 1
207 266 1
208 13 1
208 64 1
208 113 1
208 118 1
208 212 1
208 227 1
209 248 1
210 11 1
210 102 1
210 221 1
210 246 1
210 252 1
211 21 1
211 67 1
211 88 1
211 143 1
211 226 1
211 246 1
212 42 1
212 106 1
212 208 1
212 247 1
212 256 1
213 22 1
213 117 1
213 128 1
213 177 1
213 215 1
213 227 1
214 13 1
214 35 1
214 39 1
214 109 1
214 116 1
214 118 1
214 122 1
214 134 1
214 136 1
214 193 1
214 206 1
215 8 1
215 14 1
215 37 1
215 96 1
215 107 1
215 213 1
215 227 1
216 94 1
216 117 1
216 165 1
216 196 1
217 90 1
217 94 1
217 197 1
217 206 1
218 31 1
218 41 1
218 206 1
218 240 1
219 13 1
219 14 1
219 20 1
219 72 1
219 126 1
219 132 1
219 144 1
219 204 1
219 237 1
220 2 1
220 13 1
220 15 1
220 16 1
220 34 1
220 107 1
220 118 1
220 119 1
220 133 1
220 138 1
220 143 1
220 152 1
220 168 1
220 179 1
220 185 1
220 207 1
221 122 1
221 189 1
221 245 1
221 254 1
222 5 1
222 6 1
222 60 1
222 63 1
222 68 1
222 96 1
222 259 1
222 285 1
223 53 1
224 128 1
225 102 1
225 131 1
225 204 1
226 76 1
226 143 1
226 145 1
226 285 1
227 13 1
227 31 1
227 48 1
227 49 1
227 138 1
227 208 1
227 246 1
228 4 1
228 9 1
228 15 1
228 64 1
228 77 1
228 92 1
228 169 1
228 216 1
228 239 1
228 242 1
229 19 1
229 99 1
230 94 1
230 114 1
232 2 1
232 62 1
232 112 1
232 118 1
232 119 1
232 121 1
232 135 1
232 146 1
232 150 1
232 206 1
232 226 1
232 231 1
232 246 1
232 280 1
232 285 1
233 55 1
233 64 1
233 150 1
233 280 1
234 59 1
234 60 1
234 87 1
234 93 1
234 112 1
234 124 1
234 143 1
234 146 1
234 164 1
234 186 1
234 192 1
234 219 1
234 223 1
234 246 1
234 265 1
235 33 1
235 84 1
235 94 1
235 132 1
235 134 1
235 164 1
235 180 1
235 241 1
235 246 1
235 289 1
236 110 1
236 118 1
237 137 1
237 204 1
238 100 1
238 151 1
239 4 1
239 57 1
239 73 1
239 115 1
239 143 1
239 237 1
239 258 1
240 218 1
241 16 1
242 9 1
245 139 1
245 206 1
245 207 1
245 221 1
246 11 1
246 20 1
246 60 1
246 210 1
247 54 1
247 138 1
247 254 1
248 209 1
249 71 1
250 59 1
250 66 1
250 118 1
250 136 1
250 194 1
250 206 1
250 277 1
251 21 1
253 19 1
253 107 1
253 118 1
253 141 1
253 194 1
254 42 1
254 71 1
254 204 1
254 275 1
255 16 1
255 206 1
255 216 1
256 47 1
256 58 1
256 101 1
256 149 1
257 13 1
257 21 1
257 58 1
257 128 1
257 199 1
258 119 1
258 120 1
258 227 1
259 227 1
263 254 1
263 265 1
264 4 1
264 22 1
265 149 1
265 258 1
266 87 1
266 240 1
267 92 1
267 173 1
268 4 1
268 212 1
269 21 1
269 33 1
269 54 1
269 99 1
269 138 1
269 182 1
269 200 1
269 242 1
270 5 1
270 28 1
270 55 1
270 100 1
270 150 1
270 157 1
270 160 1
270 179 1
270 188 1
270 209 1
270 268 1
271 257 1
272 13 1
272 35 1
272 59 1
272 70 1
272 78 1
272 101 1
272 126 1
272 133 1
272 164 1
272 280 1
273 171 1
274 3 1
274 6 1
274 16 1
274 51 1
274 96 1
274 104 1
274 106 1
274 135 1
274 227 1
275 215 1
276 4 1
276 14 1
276 51 1
276 62 1
276 63 1
276 64 1
276 114 1
276 143 1
276 196 1
276 231 1
277 68 1
277 85 1
277 92 1
277 134 1
277 188 1
277 194 1
277 199 1
277 204 1
277 205 1
277 220 1
277 236 1
277 284 1
278 4 1
278 19 1
278 24 1
278 35 1
278 73 1
278 130 1
278 196 1
278 214 1
280 176 1
283 119 1
284 63 1
284 223 1
