1 102 1
1 211 1
2 3 1
2 7 1
2 13 1
2 14 1
2 43 1
2 68 1
2 72 1
2 91 1
2 94 1
2 115 1
2 118 1
2 120 1
2 122 1
2 124 1
2 126 1
2 131 1
2 138 1
2 143 1
2 153 1
2 173 1
2 194 1
2 202 1
2 205 1
2 206 1
3 4 1
3 7 1
3 13 1
3 14 1
3 17 1
3 64 1
3 68 1
3 70 1
3 72 1
3 74 1
3 75 1
3 84 1
3 91 1
3 103 1
3 104 1
3 109 1
3 112 1
3 116 1
3 118 1
3 119 1
3 122 1
3 130 1
3 134 1
3 138 1
3 185 1
3 188 1
3 192 1
3 193 1
3 196 1
3 202 1
3 204 1
3 205 1
3 208 1
3 225 1
3 226 1
3 227 1
3 229 1
3 260 1
3 262 1
3 267 1
3 279 1
4 13 1
4 14 1
4 16 1
4 19 1
4 22 1
4 31 1
4 41 1
4 61 1
4 62 1
4 64 1
4 68 1
4 94 1
4 117 1
4 119 1
4 120 1
4 126 1
4 128 1
4 130 1
4 131 1
4 150 1
4 170 1
4 172 1
4 173 1
4 192 1
4 193 1
4 204 1
4 205 1
4 206 1
4 211 1
4 227 1
4 260 1
4 262 1
4 272 1
5 4 1
5 7 1
5 13 1
5 15 1
5 48 1
5 55 1
5 64 1
5 71 1
5 85 1
5 87 1
5 91 1
5 94 1
5 118 1
5 119 1
5 126 1
5 130 1
5 133 1
5 136 1
5 138 1
5 150 1
5 164 1
5 167 1
5 173 1
5 183 1
5 192 1
5 194 1
5 199 1
5 200 1
5 202 1
5 205 1
5 208 1
5 219 1
5 225 1
5 227 1
5 259 1
6 1 1
6 3 1
6 7 1
6 22 1
6 94 1
6 112 1
6 133 1
6 170 1
7 3 1
7 4 1
7 5 1
7 13 1
7 14 1
7 15 1
7 31 1
7 60 1
7 64 1
7 68 1
7 91 1
7 99 1
7 104 1
7 116 1
7 118 1
7 119 1
7 121 1
7 130 1
7 138 1
7 143 1
7 173 1
7 178 1
7 194 1
7 199 1
7 204 1
7 208 1
7 227 1
8 3 1
8 5 1
8 92 1
8 99 1
8 115 1
8 117 1
8 134 1
8 138 1
8 200 1
8 213 1
8 226 1
8 231 1
8 238 1
8 277 1
9 19 1
9 33 1
9 42 1
9 49 1
9 64 1
9 134 1
9 137 1
9 144 1
9 171 1
9 205 1
10 3 1
10 88 1
10 117 1
10 119 1
10 128 1
10 208 1
10 227 1
10 279 1
11 16 1
11 37 1
11 73 1
11 80 1
11 132 1
11 151 1
11 171 1
11 208 1
11 246 1
12 8 1
12 21 1
12 69 1
12 96 1
12 129 1
12 179 1
12 233 1
13 7 1
13 9 1
13 14 1
13 19 1
13 28 1
13 33 1
13 35 1
13 41 1
13 43 1
13 60 1
13 68 1
13 72 1
13 87 1
13 91 1
13 94 1
13 96 1
13 103 1
13 110 1
13 111 1
13 118 1
13 120 1
13 124 1
13 128 1
13 131 1
13 133 1
13 137 1
13 140 1
13 143 1
13 192 1
13 194 1
13 199 1
13 202 1
13 203 1
13 204 1
13 205 1
13 208 1
13 210 1
13 212 1
13 214 1
13 217 1
13 227 1
13 245 1
13 265 1
13 285 1
13 297 1
14 2 1
14 4 1
14 5 1
14 7 1
14 13 1
14 60 1
14 68 1
14 72 1
14 85 1
14 87 1
14 91 1
14 94 1
14 99 1
14 119 1
14 120 1
14 124 1
14 126 1
14 128 1
14 130 1
14 138 1
14 173 1
14 192 1
14 194 1
14 196 1
14 208 1
14 245 1
15 3 1
15 7 1
15 13 1
15 17 1
15 59 1
15 77 1
15 91 1
15 99 1
15 116 1
15 126 1
15 138 1
15 162 1
15 186 1
15 204 1
15 227 1
15 236 1
15 254 1
16 3 1
16 22 1
16 88 1
16 151 1
17 20 1
17 214 1
17 266 1
18 2 1
18 19 1
18 28 1
18 133 1
18 145 1
18 258 1
19 114 1
19 133 1
19 192 1
19 208 1
20 17 1
20 56 1
20 134 1
20 177 1
20 225 1
20 285 1
21 3 1
21 4 1
21 5 1
21 106 1
21 123 1
21 137 1
21 173 1
21 188 1
21 226 1
22 43 1
22 64 1
22 88 1
22 96 1
22 110 1
22 117 1
22 122 1
22 124 1
22 141 1
22 143 1
22 161 1
22 163 1
22 192 1
23 1 1
23 3 1
23 10 1
23 13 1
23 17 1
23 51 1
23 91 1
23 96 1
23 157 1
23 189 1
23 216 1
23 219 1
23 233 1
23 279 1
24 3 1
24 7 1
24 13 1
24 15 1
24 18 1
24 53 1
24 59 1
24 60 1
24 116 1
24 118 1
24 119 1
24 124 1
24 127 1
24 143 1
24 161 1
24 173 1
24 179 1
24 188 1
24 239 1
25 77 1
25 83 1
25 132 1
25 140 1
25 231 1
26 92 1
26 119 1
26 226 1
26 236 1
26 240 1
27 102 1
27 248 1
28 22 1
28 60 1
28 72 1
28 171 1
28 279 1
29 93 1
29 126 1
29 136 1
29 169 1
30 1 1
30 121 1
30 139 1
30 218 1
30 223 1
30 271 1
31 150 1
31 200 1
31 234 1
32 3 1
32 29 1
32 67 1
32 98 1
32 139 1
32 173 1
32 220 1
32 247 1
33 9 1
33 35 1
33 144 1
33 233 1
33 255 1
34 13 1
34 71 1
34 73 1
34 107 1
34 119 1
34 146 1
34 158 1
34 167 1
34 168 1
34 178 1
34 185 1
34 209 1
34 267 1
35 33 1
35 112 1
35 231 1
35 280 1
35 285 1
36 1 1
36 2 1
36 5 1
36 54 1
36 63 1
36 72 1
36 85 1
36 91 1
36 112 1
36 118 1
36 125 1
36 126 1
36 141 1
36 218 1
36 237 1
36 285 1
37 6 1
37 11 1
37 42 1
37 71 1
37 88 1
37 197 1
37 245 1
38 4 1
38 17 1
38 67 1
38 87 1
38 105 1
39 8 1
39 120 1
39 259 1
40 3 1
40 55 1
40 57 1
40 71 1
40 79 1
40 112 1
40 118 1
40 138 1
40 199 1
40 219 1
41 22 1
41 122 1
41 136 1
41 154 1
41 156 1
42 17 1
42 28 1
42 96 1
42 106 1
42 200 1
42 216 1
43 60 1
43 64 1
43 106 1
43 113 1
43 124 1
43 125 1
43 131 1
43 172 1
43 230 1
43 233 1
44 13 1
44 58 1
44 63 1
44 64 1
44 87 1
44 92 1
44 118 1
44 119 1
44 120 1
44 159 1
44 190 1
44 196 1
44 208 1
44 210 1
44 227 1
45 2 1
45 3 1
45 4 1
45 5 1
45 7 1
45 8 1
45 9 1
45 10 1
45 13 1
45 14 1
45 15 1
45 19 1
45 20 1
45 21 1
45 28 1
45 29 1
45 30 1
45 31 1
45 32 1
45 33 1
45 35 1
45 39 1
45 43 1
45 44 1
45 47 1
45 48 1
45 49 1
45 50 1
45 51 1
45 55 1
45 59 1
45 60 1
45 62 1
45 63 1
45 64 1
45 67 1
45 68 1
45 70 1
45 72 1
45 74 1
45 75 1
45 76 1
45 78 1
45 85 1
45 87 1
45 90 1
45 91 1
45 94 1
45 95 1
45 98 1
45 99 1
45 100 1
45 101 1
45 104 1
45 106 1
45 108 1
45 109 1
45 111 1
45 112 1
45 114 1
45 115 1
45 116 1
45 117 1
45 118 1
45 119 1
45 120 1
45 122 1
45 123 1
45 124 1
45 126 1
45 128 1
45 130 1
45 131 1
45 133 1
45 134 1
45 136 1
45 138 1
45 139 1
45 140 1
45 143 1
45 146 1
45 149 1
45 151 1
45 162 1
45 163 1
45 173 1
45 178 1
45 180 1
45 181 1
45 185 1
45 186 1
45 188 1
45 190 1
45 192 1
45 194 1
45 196 1
45 197 1
45 199 1
45 200 1
45 202 1
45 203 1
45 204 1
45 205 1
45 206 1
45 208 1
45 210 1
45 212 1
45 214 1
45 215 1
45 216 1
45 217 1
45 218 1
45 220 1
45 225 1
45 226 1
45 227 1
45 229 1
45 230 1
45 231 1
45 234 1
45 238 1
45 241 1
45 247 1
45 253 1
45 254 1
45 255 1
45 258 1
45 271 1
45 277 1
45 278 1
45 280 1
45 284 1
45 286 1
45 291 1
46 94 1
46 124 1
46 189 1
46 237 1
46 249 1
47 3 1
47 28 1
47 94 1
47 101 1
47 154 1
47 173 1
47 178 1
47 180 1
47 205 1
47 208 1
47 227 1
47 251 1
47 270 1
47 278 1
48 4 1
48 42 1
48 85 1
48 87 1
48 108 1
48 110 1
48 113 1
48 120 1
48 122 1
48 123 1
48 138 1
48 148 1
48 173 1
48 195 1
48 205 1
48 214 1
48 226 1
48 293 1
49 3 1
49 5 1
49 9 1
49 44 1
49 74 1
49 85 1
49 96 1
49 98 1
49 100 1
49 109 1
49 119 1
49 126 1
49 138 1
49 170 1
49 171 1
49 173 1
49 188 1
49 192 1
49 205 1
49 226 1
50 4 1
50 46 1
50 67 1
50 115 1
50 125 1
50 126 1
50 168 1
50 211 1
50 221 1
50 225 1
50 237 1
50 251 1
50 262 1
51 65 1
51 90 1
51 143 1
51 150 1
51 154 1
51 215 1
52 5 1
52 13 1
52 32 1
52 120 1
52 149 1
52 173 1
52 177 1
52 216 1
52 279 1
53 42 1
53 90 1
53 110 1
53 143 1
53 237 1
53 248 1
53 254 1
54 104 1
56 112 1
56 114 1
56 146 1
56 165 1
56 231 1
57 63 1
57 113 1
57 179 1
59 90 1
59 99 1
59 116 1
59 126 1
59 203 1
59 212 1
59 221 1
60 5 1
60 10 1
60 43 1
60 58 1
60 59 1
60 94 1
60 103 1
60 131 1
60 186 1
60 199 1
60 245 1
60 246 1
60 273 1
61 3 1
61 62 1
61 83 1
61 154 1
61 210 1
62 16 1
62 217 1
62 257 1
63 72 1
64 43 1
64 60 1
64 116 1
64 192 1
64 296 1
65 11 1
65 13 1
65 91 1
65 122 1
65 141 1
65 169 1
65 179 1
65 195 1
65 220 1
65 256 1
65 279 1
66 46 1
66 51 1
66 164 1
66 201 1
66 295 1
67 32 1
67 101 1
67 186 1
68 12 1
68 70 1
68 126 1
68 138 1
68 149 1
68 170 1
69 195 1
69 205 1
69 281 1
69 285 1
70 68 1
70 229 1
71 150 1
72 28 1
72 63 1
72 118 1
72 120 1
72 122 1
72 150 1
72 202 1
73 11 1
73 39 1
73 85 1
73 96 1
73 111 1
73 135 1
73 257 1
73 258 1
73 259 1
73 260 1
73 284 1
74 3 1
74 4 1
74 49 1
74 86 1
74 109 1
74 119 1
74 134 1
74 138 1
74 146 1
74 149 1
74 163 1
74 173 1
74 193 1
74 205 1
74 207 1
74 226 1
74 276 1
75 3 1
75 7 1
75 13 1
75 32 1
75 42 1
75 67 1
75 72 1
75 84 1
75 118 1
75 126 1
75 138 1
75 146 1
75 173 1
75 192 1
75 196 1
75 202 1
75 206 1
75 208 1
76 5 1
76 14 1
76 60 1
76 103 1
76 119 1
76 130 1
76 134 1
76 182 1
76 202 1
76 212 1
76 219 1
76 240 1
76 246 1
77 85 1
77 167 1
78 23 1
78 28 1
78 53 1
78 114 1
78 118 1
78 143 1
78 146 1
78 173 1
78 198 1
78 280 1
79 55 1
79 185 1
79 206 1
79 222 1
79 260 1
79 278 1
80 5 1
80 17 1
80 39 1
80 112 1
81 233 1
82 101 1
82 189 1
83 16 1
83 66 1
84 103 1
84 112 1
85 3 1
85 7 1
85 9 1
85 13 1
85 14 1
85 22 1
85 43 1
85 60 1
85 63 1
85 68 1
85 70 1
85 72 1
85 91 1
85 92 1
85 96 1
85 97 1
85 99 1
85 103 1
85 118 1
85 119 1
85 120 1
85 124 1
85 126 1
85 130 1
85 131 1
85 138 1
85 196 1
85 199 1
85 205 1
85 208 1
85 209 1
85 226 1
85 238 1
85 246 1
85 279 1
85 289 1
86 31 1
86 77 1
86 88 1
86 104 1
86 146 1
86 149 1
86 150 1
86 194 1
86 207 1
86 233 1
86 246 1
87 17 1
87 19 1
87 37 1
87 39 1
87 43 1
87 53 1
87 60 1
87 64 1
87 65 1
87 88 1
87 94 1
87 103 1
87 109 1
87 112 1
87 116 1
87 126 1
87 131 1
87 135 1
87 143 1
87 146 1
87 151 1
87 153 1
87 156 1
87 173 1
87 178 1
87 185 1
87 192 1
87 196 1
87 205 1
87 206 1
87 208 1
87 217 1
87 227 1
87 230 1
87 251 1
87 257 1
88 9 1
88 13 1
88 28 1
88 33 1
88 38 1
88 203 1
88 275 1
89 15 1
89 100 1
89 203 1
89 217 1
89 227 1
90 1 1
90 20 1
90 69 1
90 139 1
90 155 1
90 156 1
90 159 1
90 188 1
91 1 1
91 69 1
91 99 1
91 116 1
91 126 1
91 151 1
91 196 1
92 64 1
92 87 1
93 55 1
94 131 1
94 194 1
94 196 1
94 205 1
94 214 1
94 219 1
94 247 1
95 32 1
95 140 1
95 210 1
96 12 1
96 17 1
96 42 1
96 103 1
96 171 1
96 204 1
97 86 1
97 246 1
97 268 1
97 273 1
98 3 1
98 25 1
98 32 1
98 68 1
98 119 1
98 135 1
98 138 1
98 139 1
98 173 1
98 175 1
98 188 1
98 204 1
98 215 1
98 254 1
99 4 1
99 14 1
99 55 1
99 59 1
99 64 1
99 69 1
99 91 1
99 110 1
99 114 1
99 118 1
99 119 1
99 126 1
99 157 1
99 171 1
99 173 1
99 178 1
99 192 1
99 208 1
99 227 1
100 63 1
100 66 1
100 165 1
100 177 1
100 237 1
101 17 1
101 67 1
101 121 1
102 24 1
102 92 1
102 110 1
102 144 1
102 153 1
102 204 1
103 28 1
103 60 1
103 84 1
103 94 1
103 96 1
103 131 1
103 143 1
103 205 1
103 209 1
103 214 1
103 229 1
103 292 1
104 1 1
104 9 1
104 31 1
104 42 1
104 54 1
104 58 1
104 106 1
104 118 1
104 207 1
104 281 1
104 285 1
105 5 1
105 85 1
105 88 1
105 94 1
105 126 1
105 194 1
105 242 1
106 43 1
106 53 1
106 123 1
106 124 1
106 126 1
106 201 1
106 207 1
106 221 1
107 18 1
107 72 1
107 112 1
107 164 1
107 167 1
107 236 1
107 254 1
108 13 1
108 123 1
108 147 1
108 176 1
108 185 1
108 243 1
108 282 1
109 3 1
109 25 1
109 43 1
109 61 1
109 137 1
109 205 1
109 209 1
109 258 1
109 260 1
109 284 1
109 294 1
110 3 1
110 43 1
110 92 1
110 124 1
110 214 1
110 264 1
111 10 1
111 61 1
111 197 1
111 284 1
112 6 1
112 17 1
112 31 1
112 35 1
112 39 1
112 170 1
112 213 1
113 60 1
113 66 1
113 96 1
113 149 1
113 200 1
113 227 1
113 234 1
114 4 1
114 19 1
114 77 1
114 78 1
114 88 1
114 133 1
114 143 1
114 203 1
114 214 1
114 227 1
114 248 1
114 249 1
115 2 1
115 3 1
115 13 1
115 14 1
115 16 1
115 27 1
115 28 1
115 68 1
115 70 1
115 72 1
115 85 1
115 91 1
115 111 1
115 119 1
115 120 1
115 122 1
115 126 1
115 138 1
115 143 1
115 153 1
115 173 1
115 199 1
115 202 1
115 217 1
115 261 1
116 7 1
116 13 1
116 15 1
116 59 1
116 64 1
116 91 1
116 99 1
116 111 1
116 173 1
117 194 1
117 208 1
117 287 1
118 2 1
118 4 1
118 7 1
118 13 1
118 19 1
118 28 1
118 64 1
118 68 1
118 91 1
118 96 1
118 102 1
118 103 1
118 111 1
118 115 1
118 126 1
118 128 1
118 140 1
118 143 1
118 150 1
118 186 1
118 194 1
118 202 1
118 206 1
118 208 1
118 214 1
118 219 1
119 3 1
119 13 1
119 44 1
119 58 1
119 63 1
119 64 1
119 68 1
119 76 1
119 87 1
119 91 1
119 92 1
119 112 1
119 118 1
119 121 1
119 126 1
119 130 1
119 134 1
119 137 1
119 146 1
119 168 1
119 182 1
119 196 1
119 199 1
119 207 1
119 208 1
119 213 1
119 219 1
119 225 1
119 227 1
119 229 1
119 260 1
120 9 1
120 13 1
120 48 1
120 60 1
120 72 1
120 94 1
120 122 1
120 131 1
120 138 1
120 150 1
120 190 1
120 193 1
120 200 1
120 202 1
120 205 1
120 210 1
120 245 1
120 246 1
120 265 1
120 285 1
121 4 1
121 83 1
121 176 1
121 224 1
122 41 1
122 123 1
122 173 1
123 3 1
123 48 1
123 106 1
123 108 1
123 119 1
123 122 1
123 126 1
123 135 1
123 207 1
123 229 1
123 278 1
124 2 1
124 7 1
124 13 1
124 24 1
124 43 1
124 102 1
124 110 1
124 118 1
124 126 1
124 178 1
124 199 1
125 36 1
125 54 1
125 77 1
125 106 1
125 118 1
125 126 1
125 221 1
125 229 1
126 2 1
126 3 1
126 5 1
126 13 1
126 14 1
126 43 1
126 58 1
126 64 1
126 68 1
126 72 1
126 76 1
126 88 1
126 91 1
126 100 1
126 103 1
126 115 1
126 118 1
126 122 1
126 130 1
126 133 1
126 149 1
126 156 1
126 161 1
126 192 1
126 202 1
127 57 1
127 66 1
127 284 1
128 70 1
128 194 1
129 18 1
129 134 1
129 210 1
130 14 1
130 32 1
130 76 1
130 118 1
130 119 1
130 225 1
131 15 1
131 35 1
131 60 1
131 84 1
131 94 1
131 102 1
131 103 1
131 112 1
131 124 1
131 166 1
131 169 1
131 173 1
131 196 1
131 205 1
131 219 1
131 220 1
131 246 1
131 283 1
132 5 1
132 13 1
132 87 1
132 107 1
132 117 1
132 197 1
132 257 1
132 264 1
133 3 1
133 19 1
133 73 1
133 103 1
133 114 1
133 139 1
133 148 1
133 149 1
133 160 1
133 161 1
133 188 1
133 192 1
133 203 1
133 279 1
133 285 1
134 74 1
134 76 1
134 170 1
134 182 1
134 258 1
136 57 1
136 78 1
136 110 1
136 143 1
136 170 1
136 200 1
137 172 1
138 8 1
138 10 1
138 13 1
138 19 1
138 32 1
138 46 1
138 58 1
138 59 1
138 68 1
138 71 1
138 75 1
138 124 1
138 149 1
138 150 1
138 173 1
138 192 1
138 202 1
138 207 1
138 212 1
138 226 1
138 242 1
138 255 1
139 10 1
139 32 1
139 66 1
139 118 1
139 136 1
139 178 1
140 102 1
140 143 1
140 217 1
140 246 1
141 204 1
141 230 1
141 247 1
142 21 1
142 73 1
142 82 1
142 132 1
142 172 1
142 215 1
142 218 1
142 241 1
142 276 1
143 20 1
143 28 1
143 53 1
143 60 1
143 114 1
143 122 1
143 140 1
143 173 1
143 186 1
143 196 1
143 206 1
143 210 1
143 217 1
143 248 1
143 254 1
143 275 1
145 18 1
145 225 1
146 3 1
146 17 1
146 104 1
146 112 1
146 119 1
146 134 1
146 151 1
146 185 1
146 219 1
146 221 1
146 252 1
146 273 1
147 51 1
147 192 1
148 16 1
148 217 1
148 240 1
149 19 1
149 71 1
149 73 1
149 133 1
149 147 1
149 150 1
149 206 1
149 216 1
150 31 1
150 71 1
151 16 1
152 4 1
152 5 1
152 34 1
152 70 1
152 88 1
152 92 1
152 102 1
152 107 1
152 126 1
152 205 1
152 209 1
152 240 1
153 22 1
153 53 1
153 181 1
153 183 1
153 204 1
153 207 1
153 218 1
154 67 1
154 84 1
154 101 1
154 108 1
154 150 1
154 163 1
155 8 1
155 20 1
155 78 1
155 107 1
155 164 1
155 193 1
155 231 1
156 41 1
156 58 1
156 59 1
156 97 1
156 104 1
156 126 1
156 136 1
156 149 1
156 204 1
157 57 1
157 72 1
157 86 1
157 100 1
157 126 1
157 169 1
157 225 1
158 3 1
158 27 1
158 53 1
158 56 1
158 71 1
158 83 1
158 140 1
158 143 1
158 196 1
159 54 1
159 104 1
159 106 1
159 136 1
159 285 1
160 32 1
160 84 1
160 88 1
160 91 1
160 119 1
160 135 1
160 152 1
160 172 1
160 225 1
161 2 1
161 58 1
161 62 1
161 67 1
161 97 1
161 173 1
161 216 1
161 250 1
161 266 1
161 269 1
162 11 1
162 33 1
162 78 1
162 85 1
162 91 1
162 99 1
162 163 1
162 166 1
162 204 1
163 31 1
163 33 1
163 85 1
163 98 1
163 162 1
163 199 1
163 200 1
163 204 1
163 240 1
164 3 1
164 13 1
164 30 1
164 63 1
164 64 1
164 109 1
164 178 1
164 219 1
164 240 1
164 284 1
165 4 1
165 100 1
165 105 1
165 134 1
165 136 1
165 207 1
166 3 1
166 107 1
166 117 1
166 225 1
166 274 1
167 9 1
167 12 1
167 43 1
167 49 1
167 63 1
167 70 1
167 72 1
167 107 1
167 160 1
167 205 1
167 233 1
168 16 1
168 21 1
168 43 1
168 60 1
168 71 1
168 87 1
168 104 1
168 245 1
168 260 1
168 282 1
169 21 1
169 85 1
169 88 1
169 134 1
169 154 1
169 192 1
169 242 1
169 256 1
170 19 1
170 133 1
170 186 1
170 228 1
170 238 1
170 241 1
171 11 1
171 16 1
171 37 1
171 96 1
171 101 1
171 151 1
172 54 1
172 128 1
172 137 1
172 142 1
172 225 1
172 248 1
173 3 1
173 10 1
173 19 1
173 32 1
173 48 1
173 59 1
173 64 1
173 70 1
173 83 1
173 114 1
173 119 1
173 122 1
173 131 1
173 133 1
173 137 1
173 138 1
173 143 1
173 149 1
173 171 1
173 178 1
173 188 1
173 205 1
173 217 1
173 227 1
173 256 1
173 283 1
174 11 1
174 13 1
174 51 1
174 113 1
174 117 1
174 118 1
174 172 1
174 180 1
174 215 1
174 239 1
174 284 1
175 72 1
175 138 1
175 155 1
175 239 1
175 242 1
176 53 1
176 126 1
176 144 1
176 152 1
176 219 1
177 10 1
177 20 1
177 32 1
177 115 1
177 159 1
177 256 1
177 258 1
178 3 1
178 26 1
178 32 1
178 108 1
178 119 1
178 143 1
178 146 1
178 173 1
178 185 1
178 196 1
178 208 1
178 214 1
178 246 1
179 109 1
179 125 1
179 163 1
179 165 1
179 166 1
179 177 1
179 206 1
179 240 1
179 246 1
179 249 1
180 5 1
180 10 1
180 22 1
180 27 1
180 28 1
180 126 1
180 187 1
180 285 1
181 21 1
181 51 1
181 89 1
181 148 1
181 155 1
181 188 1
181 215 1
182 53 1
182 93 1
182 143 1
182 200 1
182 257 1
182 262 1
183 51 1
183 56 1
183 62 1
183 84 1
183 152 1
183 169 1
183 193 1
183 205 1
183 214 1
184 164 1
184 225 1
184 227 1
184 277 1
185 27 1
185 108 1
185 178 1
185 202 1
186 5 1
186 59 1
186 60 1
186 67 1
186 140 1
186 143 1
186 231 1
186 234 1
187 20 1
187 54 1
187 55 1
187 143 1
187 206 1
187 283 1
188 3 1
188 4 1
188 15 1
188 32 1
188 59 1
188 83 1
188 87 1
188 118 1
188 119 1
188 130 1
188 138 1
188 150 1
188 173 1
188 192 1
188 225 1
188 271 1
189 1 1
189 12 1
189 283 1
190 13 1
190 14 1
190 43 1
190 44 1
190 54 1
190 60 1
190 64 1
190 87 1
190 99 1
190 118 1
190 119 1
190 120 1
190 131 1
190 169 1
190 192 1
190 200 1
190 276 1
191 3 1
191 5 1
191 7 1
191 13 1
191 14 1
191 15 1
191 21 1
191 32 1
191 43 1
191 59 1
191 68 1
191 87 1
191 91 1
191 99 1
191 106 1
191 115 1
191 116 1
191 118 1
191 119 1
191 122 1
191 123 1
191 126 1
191 143 1
191 147 1
191 158 1
191 173 1
191 192 1
191 199 1
191 211 1
191 227 1
191 266 1
192 19 1
192 51 1
192 53 1
192 62 1
192 64 1
192 87 1
192 135 1
192 203 1
192 208 1
192 264 1
192 285 1
193 64 1
193 192 1
193 235 1
193 259 1
193 268 1
194 16 1
194 19 1
194 87 1
194 94 1
194 102 1
194 110 1
194 128 1
194 188 1
194 196 1
194 263 1
195 48 1
195 68 1
195 110 1
195 126 1
195 209 1
196 59 1
196 69 1
196 93 1
196 116 1
196 208 1
196 254 1
196 263 1
196 285 1
197 111 1
197 182 1
197 201 1
197 216 1
198 4 1
198 6 1
198 17 1
198 78 1
198 112 1
198 138 1
198 173 1
198 176 1
198 210 1
198 213 1
198 232 1
198 241 1
198 273 1
198 285 1
199 2 1
199 7 1
199 13 1
199 64 1
199 99 1
199 204 1
199 207 1
199 230 1
200 8 1
200 31 1
200 60 1
200 102 1
200 117 1
200 120 1
200 134 1
200 138 1
200 202 1
200 210 1
200 246 1
201 9 1
201 13 1
201 21 1
201 42 1
201 47 1
201 54 1
201 83 1
201 104 1
201 106 1
201 123 1
201 132 1
201 197 1
201 199 1
201 225 1
201 231 1
202 31 1
202 72 1
202 138 1
202 150 1
202 158 1
202 212 1
203 28 1
203 32 1
203 78 1
203 88 1
203 114 1
203 117 1
203 133 1
203 161 1
203 193 1
203 208 1
203 214 1
203 227 1
204 183 1
204 195 1
204 199 1
204 205 1
204 227 1
205 4 1
205 18 1
205 47 1
205 94 1
205 103 1
205 131 1
205 192 1
205 222 1
206 39 1
206 51 1
206 54 1
206 110 1
206 124 1
206 143 1
206 174 1
206 230 1
207 70 1
207 138 1
207 242 1
208 59 1
208 151 1
208 178 1
208 196 1
208 203 1
208 227 1
209 195 1
210 66 1
210 120 1
210 129 1
210 138 1
210 246 1
211 30 1
211 57 1
211 66 1
211 138 1
211 195 1
211 210 1
212 76 1
212 102 1
212 143 1
212 202 1
212 285 1
213 6 1
213 35 1
213 60 1
213 107 1
213 112 1
213 198 1
214 43 1
214 48 1
214 51 1
214 60 1
214 110 1
214 131 1
214 138 1
214 143 1
214 160 1
214 173 1
214 180 1
215 3 1
215 17 1
215 21 1
215 64 1
215 142 1
215 218 1
215 246 1
216 87 1
216 166 1
216 169 1
216 285 1
217 140 1
217 143 1
217 242 1
217 275 1
218 30 1
218 142 1
218 173 1
218 208 1
219 3 1
219 7 1
219 13 1
219 112 1
219 137 1
219 181 1
219 193 1
219 194 1
219 254 1
220 13 1
220 35 1
220 58 1
220 68 1
220 81 1
220 96 1
220 101 1
220 112 1
220 124 1
220 126 1
220 131 1
220 150 1
220 165 1
220 198 1
220 199 1
220 285 1
221 21 1
221 35 1
221 106 1
221 125 1
222 13 1
222 52 1
222 60 1
222 131 1
222 196 1
222 205 1
222 245 1
222 257 1
223 93 1
224 168 1
225 130 1
225 145 1
225 167 1
226 49 1
226 67 1
226 238 1
226 239 1
227 99 1
227 114 1
227 193 1
227 203 1
227 204 1
227 208 1
227 249 1
228 5 1
228 16 1
228 59 1
228 85 1
228 99 1
228 117 1
228 159 1
228 177 1
228 246 1
228 283 1
229 70 1
229 125 1
230 141 1
230 206 1
232 1 1
232 3 1
232 5 1
232 13 1
232 67 1
232 92 1
232 109 1
232 110 1
232 121 1
232 158 1
232 203 1
232 216 1
232 224 1
232 246 1
232 281 1
233 135 1
233 144 1
233 219 1
233 229 1
234 4 1
234 17 1
234 28 1
234 51 1
234 59 1
234 85 1
234 87 1
234 106 1
234 115 1
234 121 1
234 122 1
234 172 1
234 186 1
234 221 1
234 251 1
235 27 1
235 102 1
235 106 1
235 118 1
235 133 1
235 146 1
235 162 1
235 173 1
235 206 1
235 230 1
236 17 1
236 151 1
237 209 1
237 241 1
238 226 1
238 241 1
239 17 1
239 30 1
239 59 1
239 117 1
239 211 1
239 229 1
239 246 1
240 148 1
241 238 1
242 133 1
245 54 1
245 60 1
245 180 1
245 246 1
246 33 1
246 105 1
246 135 1
246 239 1
247 9 1
247 151 1
247 207 1
248 172 1
249 276 1
250 6 1
250 64 1
250 84 1
250 104 1
250 136 1
250 244 1
250 262 1
251 171 1
253 42 1
253 54 1
253 151 1
253 185 1
253 268 1
254 32 1
254 139 1
254 157 1
254 214 1
255 94 1
255 179 1
255 196 1
256 6 1
256 91 1
256 109 1
256 258 1
257 6 1
257 35 1
257 73 1
257 132 1
257 247 1
258 9 1
258 88 1
258 256 1
259 85 1
263 49 1
263 288 1
264 107 1
264 182 1
265 170 1
265 223 1
266 165 1
266 256 1
267 188 1
267 257 1
268 138 1
268 154 1
269 3 1
269 12 1
269 143 1
269 170 1
269 173 1
269 181 1
269 240 1
269 259 1
270 5 1
270 13 1
270 53 1
270 55 1
270 73 1
270 85 1
270 105 1
270 189 1
270 219 1
270 233 1
270 262 1
271 229 1
272 11 1
272 70 1
272 115 1
272 126 1
272 166 1
272 189 1
272 218 1
272 242 1
272 252 1
272 290 1
273 215 1
274 16 1
274 59 1
274 88 1
274 96 1
274 125 1
274 142 1
274 221 1
274 242 1
274 246 1
275 207 1
276 4 1
276 77 1
276 169 1
276 184 1
276 196 1
276 203 1
276 208 1
276 238 1
276 249 1
276 277 1
277 36 1
277 41 1
277 63 1
277 71 1
277 85 1
277 92 1
277 109 1
277 150 1
277 184 1
277 229 1
277 240 1
277 258 1
278 63 1
278 92 1
278 150 1
278 151 1
278 162 1
278 180 1
278 200 1
278 205 1
280 86 1
283 138 1
284 127 1
284 151 1
