1 220 1
1 231 1
2 3 1
2 13 1
2 14 1
2 20 1
2 27 1
2 32 1
2 44 1
2 55 1
2 85 1
2 99 1
2 114 1
2 130 1
2 143 1
2 144 1
2 152 1
2 188 1
2 194 1
2 199 1
2 205 1
2 208 1
2 214 1
2 225 1
2 227 1
2 245 1
3 5 1
3 7 1
3 8 1
3 9 1
3 19 1
3 31 1
3 48 1
3 51 1
3 60 1
3 64 1
3 72 1
3 85 1
3 91 1
3 99 1
3 103 1
3 104 1
3 106 1
3 112 1
3 114 1
3 116 1
3 118 1
3 119 1
3 123 1
3 126 1
3 138 1
3 143 1
3 146 1
3 149 1
3 150 1
3 173 1
3 185 1
3 192 1
3 199 1
3 205 1
3 208 1
3 219 1
3 226 1
3 227 1
3 239 1
3 246 1
3 273 1
4 9 1
4 33 1
4 51 1
4 63 1
4 64 1
4 68 1
4 87 1
4 88 1
4 96 1
4 100 1
4 112 1
4 120 1
4 121 1
4 126 1
4 131 1
4 143 1
4 151 1
4 173 1
4 188 1
4 202 1
4 203 1
4 205 1
4 206 1
4 208 1
4 210 1
4 211 1
4 217 1
4 238 1
4 242 1
4 248 1
4 249 1
4 251 1
4 279 1
5 3 1
5 14 1
5 16 1
5 39 1
5 59 1
5 64 1
5 68 1
5 72 1
5 73 1
5 88 1
5 91 1
5 98 1
5 106 1
5 112 1
5 115 1
5 119 1
5 126 1
5 143 1
5 149 1
5 169 1
5 173 1
5 178 1
5 186 1
5 192 1
5 196 1
5 198 1
5 205 1
5 207 1
5 208 1
5 225 1
5 227 1
5 240 1
5 242 1
5 246 1
5 277 1
6 47 1
6 70 1
6 90 1
6 118 1
6 138 1
6 173 1
6 189 1
6 202 1
7 9 1
7 43 1
7 64 1
7 68 1
7 72 1
7 74 1
7 85 1
7 88 1
7 91 1
7 112 1
7 118 1
7 119 1
7 125 1
7 131 1
7 133 1
7 137 1
7 138 1
7 143 1
7 173 1
7 178 1
7 205 1
7 207 1
7 214 1
7 227 1
7 237 1
7 246 1
7 268 1
8 10 1
8 13 1
8 17 1
8 36 1
8 43 1
8 59 1
8 60 1
8 118 1
8 126 1
8 131 1
8 169 1
8 173 1
8 200 1
8 274 1
9 51 1
9 59 1
9 91 1
9 99 1
9 110 1
9 119 1
9 121 1
9 123 1
9 208 1
9 229 1
10 2 1
10 9 1
10 151 1
10 214 1
10 227 1
10 241 1
10 275 1
10 276 1
11 56 1
11 99 1
11 131 1
11 143 1
11 188 1
11 196 1
11 199 1
11 202 1
11 285 1
12 19 1
12 111 1
12 138 1
12 220 1
12 242 1
12 245 1
12 293 1
13 2 1
13 3 1
13 7 1
13 8 1
13 9 1
13 14 1
13 16 1
13 17 1
13 32 1
13 43 1
13 46 1
13 59 1
13 60 1
13 64 1
13 85 1
13 91 1
13 99 1
13 103 1
13 104 1
13 112 1
13 117 1
13 118 1
13 119 1
13 124 1
13 126 1
13 127 1
13 131 1
13 143 1
13 150 1
13 157 1
13 173 1
13 178 1
13 188 1
13 199 1
13 203 1
13 205 1
13 208 1
13 219 1
13 225 1
13 227 1
13 246 1
13 254 1
13 256 1
13 260 1
13 279 1
14 2 1
14 13 1
14 21 1
14 32 1
14 48 1
14 49 1
14 59 1
14 60 1
14 64 1
14 78 1
14 92 1
14 93 1
14 94 1
14 103 1
14 109 1
14 110 1
14 112 1
14 119 1
14 120 1
14 123 1
14 126 1
14 173 1
14 199 1
14 205 1
14 208 1
14 246 1
15 35 1
15 42 1
15 54 1
15 64 1
15 71 1
15 97 1
15 115 1
15 128 1
15 142 1
15 146 1
15 162 1
15 171 1
15 172 1
15 207 1
15 229 1
15 260 1
15 288 1
16 2 1
16 66 1
16 118 1
16 225 1
17 19 1
17 101 1
17 109 1
18 8 1
18 51 1
18 55 1
18 106 1
18 107 1
18 149 1
19 17 1
19 210 1
19 213 1
19 238 1
20 13 1
20 32 1
20 55 1
20 153 1
20 209 1
20 225 1
21 55 1
21 68 1
21 84 1
21 107 1
21 109 1
21 111 1
21 185 1
21 193 1
21 221 1
22 5 1
22 53 1
22 73 1
22 111 1
22 113 1
22 126 1
22 154 1
22 173 1
22 176 1
22 178 1
22 192 1
22 194 1
22 245 1
23 4 1
23 15 1
23 87 1
23 117 1
23 119 1
23 128 1
23 138 1
23 144 1
23 151 1
23 168 1
23 173 1
23 194 1
23 204 1
23 207 1
24 1 1
24 2 1
24 3 1
24 13 1
24 17 1
24 18 1
24 57 1
24 72 1
24 85 1
24 88 1
24 106 1
24 117 1
24 122 1
24 138 1
24 188 1
24 192 1
24 195 1
24 214 1
24 239 1
25 15 1
25 35 1
25 113 1
25 138 1
25 194 1
26 100 1
26 132 1
26 173 1
26 223 1
26 236 1
27 140 1
27 258 1
28 117 1
28 124 1
28 130 1
28 192 1
28 227 1
29 55 1
29 119 1
29 159 1
29 173 1
30 4 1
30 6 1
30 13 1
30 154 1
30 173 1
30 182 1
31 4 1
31 138 1
31 204 1
32 2 1
32 33 1
32 109 1
32 149 1
32 193 1
32 205 1
32 207 1
32 246 1
33 134 1
33 149 1
33 177 1
33 203 1
33 295 1
34 3 1
34 7 1
34 91 1
34 98 1
34 104 1
34 118 1
34 138 1
34 140 1
34 149 1
34 151 1
34 166 1
34 173 1
34 197 1
35 42 1
35 96 1
35 101 1
35 108 1
35 192 1
36 3 1
36 4 1
36 13 1
36 19 1
36 50 1
36 59 1
36 87 1
36 104 1
36 116 1
36 119 1
36 148 1
36 173 1
36 182 1
36 208 1
36 219 1
36 247 1
37 58 1
37 99 1
37 118 1
37 132 1
37 162 1
37 195 1
37 224 1
38 135 1
38 159 1
38 210 1
38 246 1
38 285 1
39 51 1
39 117 1
39 148 1
40 4 1
40 10 1
40 57 1
40 108 1
40 147 1
40 169 1
40 170 1
40 190 1
40 208 1
40 221 1
41 57 1
41 73 1
41 94 1
41 240 1
41 284 1
42 63 1
42 67 1
42 136 1
42 151 1
42 186 1
42 284 1
43 17 1
43 28 1
43 30 1
43 59 1
43 89 1
43 107 1
43 116 1
43 124 1
43 150 1
43 196 1
44 2 1
44 5 1
44 13 1
44 16 1
44 27 1
44 39 1
44 85 1
44 87 1
44 96 1
44 101 1
44 126 1
44 154 1
44 213 1
44 218 1
44 264 1
45 1 1
45 2 1
45 3 1
45 4 1
45 5 1
45 7 1
45 8 1
45 9 1
45 10 1
45 11 1
45 13 1
45 14 1
45 15 1
45 18 1
45 19 1
45 20 1
45 21 1
45 32 1
45 35 1
45 37 1
45 42 1
45 43 1
45 44 1
45 48 1
45 49 1
45 53 1
45 54 1
45 59 1
45 60 1
45 63 1
45 64 1
45 66 1
45 67 1
45 68 1
45 70 1
45 72 1
45 74 1
45 76 1
45 78 1
45 84 1
45 85 1
45 87 1
45 88 1
45 91 1
45 94 1
45 96 1
45 99 1
45 101 1
45 102 1
45 103 1
45 104 1
45 105 1
45 106 1
45 107 1
45 108 1
45 109 1
45 112 1
45 114 1
45 115 1
45 116 1
45 118 1
45 119 1
45 120 1
45 122 1
45 123 1
45 124 1
45 125 1
45 126 1
45 130 1
45 131 1
45 132 1
45 133 1
45 134 1
45 138 1
45 139 1
45 141 1
45 143 1
45 146 1
45 148 1
45 150 1
45 151 1
45 153 1
45 156 1
45 160 1
45 162 1
45 165 1
45 166 1
45 171 1
45 172 1
45 173 1
45 178 1
45 185 1
45 186 1
45 188 1
45 192 1
45 194 1
45 195 1
45 196 1
45 197 1
45 199 1
45 200 1
45 201 1
45 202 1
45 203 1
45 204 1
45 205 1
45 206 1
45 207 1
45 208 1
45 210 1
45 213 1
45 214 1
45 217 1
45 225 1
45 226 1
45 227 1
45 229 1
45 233 1
45 234 1
45 237 1
45 240 1
45 245 1
45 250 1
45 251 1
45 256 1
45 257 1
45 258 1
45 261 1
45 262 1
45 273 1
45 277 1
45 279 1
45 285 1
45 294 1
46 39 1
46 158 1
46 232 1
46 235 1
46 285 1
47 3 1
47 13 1
47 38 1
47 62 1
47 124 1
47 142 1
47 161 1
47 171 1
47 185 1
47 206 1
47 210 1
47 216 1
47 219 1
47 228 1
48 3 1
48 5 1
48 13 1
48 14 1
48 17 1
48 31 1
48 60 1
48 85 1
48 119 1
48 120 1
48 123 1
48 124 1
48 126 1
48 138 1
48 146 1
48 150 1
48 208 1
48 209 1
49 7 1
49 10 1
49 17 1
49 32 1
49 53 1
49 54 1
49 70 1
49 76 1
49 83 1
49 85 1
49 119 1
49 120 1
49 122 1
49 126 1
49 173 1
49 178 1
49 205 1
49 208 1
49 273 1
49 280 1
50 16 1
50 63 1
50 67 1
50 84 1
50 85 1
50 119 1
50 138 1
50 167 1
50 180 1
50 199 1
50 209 1
50 233 1
50 249 1
51 5 1
51 17 1
51 37 1
51 60 1
51 126 1
51 242 1
52 76 1
52 96 1
52 134 1
52 167 1
52 170 1
52 215 1
52 217 1
52 226 1
52 233 1
53 13 1
53 19 1
53 115 1
53 145 1
53 150 1
53 170 1
53 271 1
54 229 1
56 16 1
56 69 1
56 139 1
56 200 1
56 226 1
57 59 1
57 118 1
57 257 1
59 43 1
59 68 1
59 77 1
59 83 1
59 110 1
59 125 1
59 223 1
60 14 1
60 17 1
60 43 1
60 53 1
60 59 1
60 116 1
60 121 1
60 126 1
60 128 1
60 131 1
60 171 1
60 230 1
60 276 1
61 85 1
61 87 1
61 163 1
61 206 1
61 259 1
62 71 1
62 136 1
62 231 1
63 96 1
64 112 1
64 115 1
64 143 1
64 150 1
64 208 1
65 3 1
65 4 1
65 5 1
65 117 1
65 186 1
65 212 1
65 227 1
65 242 1
65 253 1
65 254 1
65 262 1
66 3 1
66 21 1
66 22 1
66 226 1
66 231 1
67 145 1
67 171 1
67 257 1
68 8 1
68 96 1
68 119 1
68 125 1
68 136 1
68 143 1
69 183 1
69 240 1
69 248 1
69 285 1
70 6 1
70 202 1
71 15 1
72 28 1
72 88 1
72 106 1
72 118 1
72 160 1
72 192 1
72 200 1
73 3 1
73 41 1
73 103 1
73 115 1
73 119 1
73 186 1
73 204 1
73 207 1
73 231 1
73 240 1
73 285 1
74 4 1
74 7 1
74 28 1
74 85 1
74 118 1
74 122 1
74 126 1
74 131 1
74 133 1
74 138 1
74 143 1
74 173 1
74 192 1
74 196 1
74 208 1
74 214 1
74 225 1
75 3 1
75 13 1
75 31 1
75 60 1
75 77 1
75 92 1
75 94 1
75 117 1
75 120 1
75 124 1
75 126 1
75 130 1
75 134 1
75 138 1
75 150 1
75 173 1
75 204 1
75 241 1
76 13 1
76 49 1
76 66 1
76 93 1
76 118 1
76 120 1
76 122 1
76 138 1
76 173 1
76 176 1
76 205 1
76 208 1
76 225 1
77 192 1
77 276 1
78 3 1
78 14 1
78 60 1
78 70 1
78 106 1
78 116 1
78 139 1
78 151 1
78 193 1
78 202 1
79 121 1
79 159 1
79 229 1
79 234 1
79 263 1
79 282 1
80 22 1
80 71 1
80 230 1
80 264 1
81 237 1
82 97 1
82 254 1
83 204 1
83 219 1
84 54 1
84 256 1
85 4 1
85 5 1
85 13 1
85 14 1
85 16 1
85 20 1
85 28 1
85 32 1
85 60 1
85 63 1
85 72 1
85 88 1
85 91 1
85 96 1
85 97 1
85 99 1
85 112 1
85 118 1
85 119 1
85 122 1
85 126 1
85 141 1
85 150 1
85 164 1
85 165 1
85 173 1
85 177 1
85 192 1
85 203 1
85 205 1
85 208 1
85 219 1
85 225 1
85 246 1
85 247 1
85 280 1
86 9 1
86 27 1
86 32 1
86 77 1
86 109 1
86 126 1
86 179 1
86 200 1
86 227 1
86 246 1
86 281 1
87 3 1
87 4 1
87 28 1
87 31 1
87 32 1
87 33 1
87 42 1
87 60 1
87 64 1
87 68 1
87 72 1
87 85 1
87 88 1
87 100 1
87 106 1
87 112 1
87 120 1
87 122 1
87 126 1
87 131 1
87 138 1
87 143 1
87 154 1
87 163 1
87 192 1
87 200 1
87 204 1
87 205 1
87 206 1
87 207 1
87 210 1
87 227 1
87 238 1
87 266 1
87 267 1
87 283 1
88 94 1
88 117 1
88 171 1
88 199 1
88 237 1
88 241 1
88 278 1
89 25 1
89 146 1
89 215 1
89 255 1
89 272 1
90 13 1
90 117 1
90 122 1
90 138 1
90 146 1
90 203 1
90 241 1
90 242 1
91 9 1
91 67 1
91 77 1
91 203 1
91 205 1
91 208 1
91 257 1
92 133 1
92 203 1
93 154 1
94 18 1
94 91 1
94 103 1
94 114 1
94 172 1
94 227 1
94 242 1
95 58 1
95 110 1
95 185 1
96 35 1
96 63 1
96 68 1
96 84 1
96 91 1
96 221 1
97 14 1
97 165 1
97 170 1
97 245 1
98 3 1
98 12 1
98 14 1
98 31 1
98 57 1
98 59 1
98 61 1
98 92 1
98 122 1
98 126 1
98 136 1
98 138 1
98 257 1
98 258 1
99 4 1
99 5 1
99 11 1
99 43 1
99 64 1
99 112 1
99 116 1
99 126 1
99 132 1
99 143 1
99 151 1
99 157 1
99 172 1
99 188 1
99 196 1
99 199 1
99 227 1
99 236 1
99 297 1
100 44 1
100 146 1
100 159 1
100 161 1
100 204 1
101 53 1
101 119 1
101 150 1
102 6 1
102 125 1
102 133 1
102 140 1
102 216 1
102 249 1
103 43 1
103 68 1
103 94 1
103 106 1
103 150 1
103 156 1
103 172 1
103 186 1
103 205 1
103 206 1
103 234 1
103 254 1
104 6 1
104 22 1
104 33 1
104 35 1
104 83 1
104 86 1
104 98 1
104 136 1
104 219 1
104 227 1
104 231 1
105 5 1
105 85 1
105 90 1
105 107 1
105 208 1
105 270 1
105 296 1
106 18 1
106 72 1
106 102 1
106 108 1
106 151 1
106 192 1
106 242 1
106 254 1
107 27 1
107 28 1
107 62 1
107 129 1
107 152 1
107 185 1
107 216 1
108 3 1
108 35 1
108 106 1
108 124 1
108 134 1
108 138 1
108 205 1
109 3 1
109 13 1
109 32 1
109 71 1
109 79 1
109 92 1
109 138 1
109 199 1
109 226 1
109 246 1
109 284 1
110 1 1
110 80 1
110 114 1
110 140 1
110 186 1
110 202 1
111 12 1
111 105 1
111 238 1
111 245 1
112 7 1
112 19 1
112 64 1
112 91 1
112 102 1
112 143 1
112 205 1
113 4 1
113 83 1
113 169 1
113 192 1
113 200 1
113 251 1
113 276 1
114 1 1
114 7 1
114 13 1
114 94 1
114 104 1
114 110 1
114 130 1
114 143 1
114 163 1
114 214 1
114 227 1
114 233 1
115 3 1
115 4 1
115 11 1
115 24 1
115 29 1
115 42 1
115 47 1
115 64 1
115 69 1
115 87 1
115 91 1
115 103 1
115 109 1
115 112 1
115 117 1
115 118 1
115 119 1
115 143 1
115 163 1
115 186 1
115 196 1
115 205 1
115 206 1
115 225 1
115 259 1
116 5 1
116 43 1
116 59 1
116 60 1
116 91 1
116 99 1
116 104 1
116 126 1
116 238 1
117 5 1
117 16 1
117 35 1
118 4 1
118 28 1
118 42 1
118 53 1
118 64 1
118 67 1
118 72 1
118 74 1
118 87 1
118 92 1
118 94 1
118 103 1
118 106 1
118 126 1
118 131 1
118 156 1
118 173 1
118 188 1
118 190 1
118 192 1
118 206 1
118 208 1
118 212 1
118 219 1
118 231 1
118 240 1
119 3 1
119 7 1
119 11 1
119 14 1
119 19 1
119 32 1
119 34 1
119 53 1
119 64 1
119 72 1
119 86 1
119 87 1
119 91 1
119 94 1
119 101 1
119 103 1
119 104 1
119 112 1
119 115 1
119 118 1
119 131 1
119 143 1
119 150 1
119 181 1
119 192 1
119 196 1
119 199 1
119 205 1
119 206 1
119 217 1
119 246 1
120 3 1
120 10 1
120 13 1
120 48 1
120 55 1
120 60 1
120 66 1
120 70 1
120 75 1
120 76 1
120 122 1
120 123 1
120 138 1
120 169 1
120 179 1
120 202 1
120 204 1
120 208 1
120 217 1
120 279 1
121 13 1
121 105 1
121 204 1
121 206 1
122 76 1
122 120 1
122 138 1
123 3 1
123 9 1
123 48 1
123 115 1
123 118 1
123 120 1
123 126 1
123 138 1
123 173 1
123 217 1
123 279 1
124 12 1
124 15 1
124 17 1
124 41 1
124 43 1
124 75 1
124 130 1
124 134 1
124 210 1
124 215 1
124 240 1
125 43 1
125 54 1
125 59 1
125 68 1
125 190 1
125 194 1
125 195 1
125 211 1
126 13 1
126 14 1
126 17 1
126 28 1
126 30 1
126 32 1
126 49 1
126 60 1
126 64 1
126 72 1
126 78 1
126 91 1
126 111 1
126 116 1
126 131 1
126 133 1
126 138 1
126 150 1
126 173 1
126 178 1
126 200 1
126 205 1
126 208 1
126 246 1
126 259 1
127 68 1
127 129 1
127 143 1
128 71 1
128 277 1
129 127 1
129 128 1
129 286 1
130 78 1
130 124 1
130 134 1
130 226 1
130 241 1
130 255 1
131 7 1
131 8 1
131 11 1
131 43 1
131 59 1
131 60 1
131 72 1
131 88 1
131 91 1
131 121 1
131 143 1
131 169 1
131 173 1
131 178 1
131 183 1
131 196 1
131 200 1
131 205 1
132 13 1
132 43 1
132 95 1
132 99 1
132 128 1
132 143 1
132 164 1
132 178 1
133 17 1
133 19 1
133 21 1
133 56 1
133 70 1
133 74 1
133 100 1
133 140 1
133 196 1
133 204 1
133 248 1
133 249 1
133 262 1
133 268 1
133 275 1
134 17 1
134 35 1
134 96 1
134 124 1
134 130 1
136 46 1
136 78 1
136 84 1
136 181 1
136 185 1
136 188 1
137 221 1
138 3 1
138 5 1
138 7 1
138 9 1
138 13 1
138 31 1
138 32 1
138 48 1
138 60 1
138 64 1
138 85 1
138 112 1
138 122 1
138 126 1
138 128 1
138 131 1
138 135 1
138 146 1
138 149 1
138 150 1
138 177 1
138 205 1
139 3 1
139 69 1
139 78 1
139 118 1
139 230 1
139 285 1
140 70 1
140 133 1
140 194 1
140 212 1
141 41 1
141 202 1
141 258 1
142 1 1
142 3 1
142 47 1
142 62 1
142 87 1
142 146 1
142 161 1
142 171 1
142 210 1
143 7 1
143 11 1
143 12 1
143 33 1
143 68 1
143 72 1
143 94 1
143 110 1
143 114 1
143 131 1
143 178 1
143 196 1
143 206 1
143 227 1
143 246 1
143 268 1
145 53 1
145 67 1
146 13 1
146 17 1
146 73 1
146 81 1
146 85 1
146 142 1
146 180 1
146 183 1
146 208 1
146 209 1
146 229 1
146 283 1
147 60 1
147 202 1
148 13 1
148 36 1
148 59 1
149 162 1
149 167 1
149 219 1
149 240 1
149 263 1
149 271 1
149 278 1
149 284 1
150 43 1
150 64 1
151 227 1
152 7 1
152 13 1
152 70 1
152 119 1
152 126 1
152 134 1
152 146 1
152 167 1
152 180 1
152 202 1
152 239 1
152 243 1
153 15 1
153 188 1
153 189 1
153 193 1
153 205 1
153 209 1
153 212 1
154 42 1
154 71 1
154 134 1
154 161 1
154 231 1
154 285 1
155 101 1
155 107 1
155 109 1
155 149 1
155 168 1
155 170 1
155 225 1
156 13 1
156 54 1
156 59 1
156 94 1
156 103 1
156 144 1
156 146 1
156 172 1
156 193 1
157 42 1
157 72 1
157 78 1
157 137 1
157 192 1
157 203 1
157 260 1
158 16 1
158 20 1
158 91 1
158 110 1
158 137 1
158 207 1
158 216 1
158 225 1
158 239 1
159 31 1
159 54 1
159 158 1
159 182 1
159 215 1
160 35 1
160 147 1
160 149 1
160 150 1
160 164 1
160 171 1
160 180 1
160 210 1
160 283 1
161 5 1
161 28 1
161 99 1
161 170 1
161 181 1
161 189 1
161 194 1
161 209 1
161 214 1
161 221 1
162 2 1
162 3 1
162 15 1
162 20 1
162 122 1
162 138 1
162 161 1
162 168 1
162 207 1
163 1 1
163 21 1
163 25 1
163 104 1
163 114 1
163 211 1
163 218 1
163 225 1
163 279 1
164 28 1
164 75 1
164 120 1
164 124 1
164 144 1
164 152 1
164 192 1
164 210 1
164 227 1
164 259 1
165 5 1
165 66 1
165 119 1
165 134 1
165 201 1
165 285 1
166 1 1
166 51 1
166 83 1
166 118 1
166 149 1
167 19 1
167 22 1
167 87 1
167 90 1
167 94 1
167 134 1
167 149 1
167 192 1
167 229 1
167 254 1
167 264 1
168 17 1
168 51 1
168 87 1
168 108 1
168 166 1
168 173 1
168 196 1
168 260 1
168 278 1
168 285 1
169 88 1
169 99 1
169 106 1
169 121 1
169 122 1
169 155 1
169 218 1
169 280 1
170 13 1
170 30 1
170 117 1
170 141 1
170 157 1
170 233 1
171 3 1
171 13 1
171 67 1
171 118 1
171 139 1
171 142 1
172 4 1
172 94 1
172 111 1
172 156 1
172 179 1
172 210 1
173 7 1
173 30 1
173 32 1
173 64 1
173 66 1
173 76 1
173 86 1
173 87 1
173 91 1
173 93 1
173 111 1
173 118 1
173 122 1
173 126 1
173 133 1
173 137 1
173 138 1
173 150 1
173 178 1
173 179 1
173 200 1
173 208 1
173 221 1
173 246 1
173 251 1
173 285 1
174 63 1
174 92 1
174 94 1
174 105 1
174 126 1
174 138 1
174 140 1
174 196 1
174 200 1
174 236 1
174 285 1
175 17 1
175 30 1
175 193 1
175 233 1
175 258 1
176 5 1
176 6 1
176 13 1
176 39 1
176 102 1
177 15 1
177 33 1
177 96 1
177 135 1
177 153 1
177 162 1
177 199 1
178 5 1
178 7 1
178 16 1
178 73 1
178 85 1
178 91 1
178 118 1
178 137 1
178 173 1
178 207 1
178 218 1
178 221 1
178 225 1
179 6 1
179 54 1
179 58 1
179 64 1
179 108 1
179 126 1
179 136 1
179 158 1
179 194 1
179 196 1
180 58 1
180 99 1
180 101 1
180 111 1
180 114 1
180 214 1
180 279 1
180 291 1
181 46 1
181 87 1
181 140 1
181 173 1
181 204 1
181 252 1
181 269 1
182 18 1
182 22 1
182 92 1
182 110 1
182 135 1
182 178 1
183 3 1
183 22 1
183 51 1
183 70 1
183 117 1
183 151 1
183 169 1
183 226 1
183 284 1
184 13 1
184 84 1
184 218 1
184 260 1
185 107 1
185 147 1
185 216 1
185 217 1
186 42 1
186 68 1
186 73 1
186 103 1
186 110 1
186 136 1
186 211 1
186 230 1
187 118 1
187 135 1
187 182 1
187 212 1
187 219 1
187 256 1
188 1 1
188 19 1
188 28 1
188 43 1
188 60 1
188 63 1
188 99 1
188 116 1
188 124 1
188 130 1
188 131 1
188 143 1
188 199 1
188 226 1
188 249 1
188 260 1
189 13 1
189 203 1
189 246 1
190 28 1
190 43 1
190 54 1
190 61 1
190 99 1
190 102 1
190 118 1
190 120 1
190 125 1
190 166 1
190 175 1
190 192 1
190 195 1
190 199 1
190 208 1
190 211 1
190 215 1
191 3 1
191 4 1
191 5 1
191 7 1
191 9 1
191 13 1
191 14 1
191 29 1
191 48 1
191 60 1
191 64 1
191 65 1
191 87 1
191 91 1
191 112 1
191 115 1
191 118 1
191 119 1
191 126 1
191 131 1
191 132 1
191 138 1
191 143 1
191 150 1
191 173 1
191 184 1
191 199 1
191 202 1
191 205 1
191 209 1
191 258 1
192 4 1
192 28 1
192 31 1
192 68 1
192 72 1
192 96 1
192 106 1
192 166 1
192 262 1
192 271 1
192 287 1
193 51 1
193 72 1
193 83 1
193 165 1
193 240 1
194 2 1
194 28 1
194 58 1
194 69 1
194 119 1
194 143 1
194 192 1
194 216 1
194 245 1
194 283 1
195 37 1
195 53 1
195 58 1
195 144 1
195 229 1
196 58 1
196 72 1
196 135 1
196 137 1
196 143 1
196 173 1
196 192 1
196 222 1
197 93 1
197 201 1
197 202 1
197 219 1
198 3 1
198 21 1
198 52 1
198 59 1
198 107 1
198 130 1
198 134 1
198 164 1
198 204 1
198 214 1
198 215 1
198 226 1
198 230 1
198 246 1
199 14 1
199 39 1
199 60 1
199 63 1
199 88 1
199 163 1
199 188 1
199 241 1
200 4 1
200 5 1
200 41 1
200 72 1
200 126 1
200 173 1
200 193 1
200 238 1
200 246 1
200 266 1
200 277 1
201 3 1
201 4 1
201 54 1
201 64 1
201 87 1
201 119 1
201 130 1
201 165 1
201 168 1
201 188 1
201 197 1
201 219 1
201 229 1
201 281 1
201 285 1
202 70 1
202 90 1
202 126 1
202 197 1
202 203 1
202 262 1
203 9 1
203 10 1
203 13 1
203 33 1
203 59 1
203 67 1
203 91 1
203 112 1
203 119 1
203 202 1
203 205 1
203 231 1
204 31 1
204 100 1
204 170 1
204 179 1
204 278 1
205 32 1
205 33 1
205 88 1
205 91 1
205 103 1
205 112 1
205 131 1
205 203 1
206 11 1
206 94 1
206 103 1
206 110 1
206 143 1
206 196 1
206 227 1
206 265 1
207 32 1
207 136 1
207 266 1
208 4 1
208 49 1
208 120 1
208 122 1
208 173 1
208 206 1
209 20 1
210 57 1
210 88 1
210 124 1
210 172 1
210 193 1
211 31 1
211 94 1
211 135 1
211 182 1
211 284 1
211 290 1
212 21 1
212 139 1
212 140 1
212 158 1
212 217 1
213 19 1
213 44 1
213 62 1
213 167 1
213 229 1
213 238 1
214 22 1
214 58 1
214 65 1
214 114 1
214 115 1
214 119 1
214 143 1
214 196 1
214 204 1
214 227 1
214 259 1
215 43 1
215 96 1
215 116 1
215 155 1
215 220 1
215 247 1
215 257 1
216 77 1
216 110 1
216 118 1
216 214 1
217 63 1
217 185 1
217 212 1
217 216 1
218 83 1
218 184 1
218 187 1
218 230 1
219 70 1
219 92 1
219 102 1
219 202 1
219 204 1
219 226 1
219 230 1
219 258 1
219 262 1
220 13 1
220 26 1
220 39 1
220 49 1
220 71 1
220 104 1
220 126 1
220 133 1
220 143 1
220 196 1
220 200 1
220 215 1
220 233 1
220 248 1
220 257 1
220 289 1
221 96 1
221 137 1
221 265 1
221 281 1
222 87 1
222 88 1
222 136 1
222 160 1
222 239 1
222 247 1
222 267 1
222 284 1
223 82 1
224 225 1
225 16 1
225 20 1
225 227 1
226 21 1
226 130 1
226 198 1
226 247 1
227 68 1
227 104 1
227 114 1
227 151 1
227 196 1
227 214 1
227 234 1
228 3 1
228 15 1
228 100 1
228 102 1
228 118 1
228 123 1
228 133 1
228 205 1
228 246 1
228 258 1
229 54 1
229 195 1
230 198 1
230 218 1
232 17 1
232 19 1
232 23 1
232 51 1
232 60 1
232 68 1
232 110 1
232 140 1
232 143 1
232 169 1
232 170 1
232 217 1
232 248 1
232 260 1
232 285 1
233 3 1
233 21 1
233 63 1
233 71 1
234 5 1
234 13 1
234 55 1
234 60 1
234 67 1
234 94 1
234 110 1
234 126 1
234 148 1
234 173 1
234 208 1
234 224 1
234 227 1
234 283 1
234 285 1
235 21 1
235 61 1
235 64 1
235 92 1
235 109 1
235 163 1
235 204 1
235 206 1
235 217 1
235 292 1
236 109 1
236 193 1
237 10 1
237 62 1
238 19 1
238 116 1
239 24 1
239 43 1
239 67 1
239 88 1
239 102 1
239 135 1
239 192 1
240 41 1
241 130 1
242 3 1
245 84 1
245 151 1
245 194 1
245 285 1
246 3 1
246 60 1
246 66 1
246 102 1
247 19 1
247 180 1
247 246 1
248 133 1
249 133 1
250 53 1
250 87 1
250 94 1
250 120 1
250 218 1
250 233 1
250 279 1
251 27 1
253 28 1
253 58 1
253 125 1
253 133 1
253 229 1
254 16 1
254 55 1
254 69 1
254 164 1
255 12 1
255 194 1
255 214 1
256 68 1
256 84 1
256 102 1
256 124 1
257 67 1
257 98 1
257 133 1
257 154 1
257 216 1
258 4 1
258 141 1
258 202 1
259 6 1
263 194 1
263 207 1
264 3 1
264 252 1
265 10 1
265 213 1
266 3 1
266 177 1
267 113 1
267 151 1
268 92 1
268 119 1
269 7 1
269 16 1
269 63 1
269 73 1
269 77 1
269 138 1
269 255 1
269 282 1
270 64 1
270 70 1
270 102 1
270 112 1
270 113 1
270 124 1
270 137 1
270 180 1
270 220 1
270 254 1
270 256 1
271 254 1
272 71 1
272 139 1
272 153 1
272 155 1
272 176 1
272 177 1
272 189 1
272 194 1
272 256 1
272 275 1
273 22 1
274 5 1
274 13 1
274 53 1
274 62 1
274 64 1
274 86 1
274 119 1
274 181 1
274 244 1
275 3 1
276 3 1
276 13 1
276 60 1
276 85 1
276 120 1
276 122 1
276 123 1
276 126 1
276 128 1
276 138 1
277 10 1
277 32 1
277 71 1
277 92 1
277 128 1
277 139 1
277 172 1
277 173 1
277 185 1
277 189 1
277 197 1
277 219 1
278 1 1
278 51 1
278 56 1
278 68 1
278 96 1
278 134 1
278 196 1
278 237 1
280 170 1
283 273 1
284 174 1
284 222 1
