1 16 1
1 149 1
2 9 1
2 13 1
2 22 1
2 35 1
2 55 1
2 60 1
2 75 1
2 85 1
2 91 1
2 118 1
2 119 1
2 122 1
2 128 1
2 130 1
2 132 1
2 133 1
2 138 1
2 149 1
2 185 1
2 198 1
2 199 1
2 200 1
2 203 1
2 208 1
3 1 1
3 13 1
3 15 1
3 17 1
3 31 1
3 32 1
3 43 1
3 58 1
3 60 1
3 62 1
3 63 1
3 64 1
3 68 1
3 70 1
3 73 1
3 88 1
3 91 1
3 99 1
3 103 1
3 109 1
3 118 1
3 120 1
3 133 1
3 135 1
3 138 1
3 143 1
3 149 1
3 150 1
3 173 1
3 192 1
3 194 1
3 199 1
3 204 1
3 205 1
3 208 1
3 213 1
3 214 1
3 227 1
3 255 1
3 262 1
3 275 1
4 1 1
4 3 1
4 5 1
4 17 1
4 31 1
4 32 1
4 39 1
4 43 1
4 60 1
4 64 1
4 72 1
4 85 1
4 99 1
4 110 1
4 112 1
4 116 1
4 119 1
4 122 1
4 138 1
4 140 1
4 143 1
4 154 1
4 169 1
4 190 1
4 192 1
4 205 1
4 208 1
4 209 1
4 218 1
4 219 1
4 260 1
4 279 1
4 285 1
5 3 1
5 12 1
5 15 1
5 17 1
5 19 1
5 32 1
5 33 1
5 43 1
5 55 1
5 59 1
5 60 1
5 64 1
5 70 1
5 91 1
5 103 1
5 106 1
5 112 1
5 117 1
5 119 1
5 126 1
5 131 1
5 137 1
5 143 1
5 152 1
5 163 1
5 165 1
5 192 1
5 203 1
5 206 1
5 229 1
5 230 1
5 240 1
5 242 1
5 266 1
5 268 1
6 30 1
6 124 1
6 139 1
6 156 1
6 200 1
6 239 1
6 242 1
6 267 1
7 3 1
7 8 1
7 13 1
7 43 1
7 88 1
7 112 1
7 116 1
7 118 1
7 119 1
7 124 1
7 126 1
7 131 1
7 138 1
7 143 1
7 150 1
7 173 1
7 188 1
7 192 1
7 193 1
7 204 1
7 205 1
7 208 1
7 210 1
7 225 1
7 227 1
7 233 1
7 242 1
8 7 1
8 13 1
8 92 1
8 116 1
8 119 1
8 143 1
8 173 1
8 188 1
8 203 1
8 204 1
8 208 1
8 246 1
8 276 1
8 285 1
9 2 1
9 13 1
9 48 1
9 126 1
9 149 1
9 208 1
9 214 1
9 219 1
9 246 1
9 294 1
10 3 1
10 122 1
10 128 1
10 138 1
10 173 1
10 182 1
10 210 1
10 230 1
11 13 1
11 42 1
11 114 1
11 118 1
11 122 1
11 133 1
11 154 1
11 207 1
11 216 1
12 17 1
12 19 1
12 151 1
12 207 1
12 216 1
12 227 1
12 257 1
13 4 1
13 12 1
13 19 1
13 28 1
13 41 1
13 48 1
13 51 1
13 59 1
13 64 1
13 66 1
13 72 1
13 74 1
13 88 1
13 96 1
13 112 1
13 114 1
13 120 1
13 131 1
13 133 1
13 138 1
13 149 1
13 150 1
13 151 1
13 157 1
13 169 1
13 170 1
13 178 1
13 187 1
13 188 1
13 192 1
13 194 1
13 202 1
13 205 1
13 206 1
13 208 1
13 212 1
13 220 1
13 225 1
13 227 1
13 231 1
13 238 1
13 240 1
13 255 1
13 273 1
13 285 1
14 3 1
14 5 1
14 13 1
14 16 1
14 60 1
14 68 1
14 72 1
14 88 1
14 91 1
14 96 1
14 118 1
14 120 1
14 131 1
14 138 1
14 139 1
14 143 1
14 150 1
14 173 1
14 198 1
14 199 1
14 200 1
14 202 1
14 205 1
14 227 1
14 229 1
14 245 1
15 3 1
15 4 1
15 32 1
15 43 1
15 58 1
15 63 1
15 64 1
15 67 1
15 68 1
15 103 1
15 105 1
15 118 1
15 119 1
15 143 1
15 192 1
15 204 1
15 229 1
16 83 1
16 108 1
16 261 1
16 280 1
17 93 1
17 137 1
17 233 1
18 94 1
18 135 1
18 145 1
18 160 1
18 265 1
18 291 1
19 94 1
19 126 1
19 131 1
19 240 1
20 59 1
20 71 1
20 73 1
20 128 1
20 188 1
20 215 1
21 6 1
21 13 1
21 57 1
21 96 1
21 111 1
21 136 1
21 159 1
21 196 1
21 237 1
22 14 1
22 20 1
22 53 1
22 60 1
22 71 1
22 87 1
22 88 1
22 113 1
22 119 1
22 134 1
22 202 1
22 205 1
22 225 1
23 5 1
23 7 1
23 13 1
23 19 1
23 85 1
23 112 1
23 126 1
23 135 1
23 139 1
23 192 1
23 194 1
23 202 1
23 205 1
23 206 1
24 3 1
24 6 1
24 10 1
24 13 1
24 14 1
24 28 1
24 60 1
24 94 1
24 96 1
24 102 1
24 115 1
24 120 1
24 126 1
24 150 1
24 151 1
24 173 1
24 242 1
24 273 1
24 278 1
25 18 1
25 42 1
25 144 1
25 189 1
25 278 1
26 29 1
26 35 1
26 39 1
26 137 1
26 226 1
27 13 1
27 195 1
28 83 1
28 84 1
28 164 1
28 279 1
28 281 1
29 43 1
29 227 1
29 269 1
29 279 1
30 102 1
30 121 1
30 172 1
30 177 1
30 214 1
30 254 1
31 99 1
31 145 1
31 196 1
32 43 1
32 60 1
32 70 1
32 91 1
32 119 1
32 134 1
32 211 1
32 262 1
33 51 1
33 112 1
33 179 1
33 186 1
33 210 1
34 3 1
34 4 1
34 5 1
34 7 1
34 38 1
34 53 1
34 61 1
34 66 1
34 72 1
34 87 1
34 200 1
34 208 1
34 242 1
35 77 1
35 100 1
35 103 1
35 118 1
35 124 1
36 4 1
36 28 1
36 49 1
36 63 1
36 68 1
36 76 1
36 117 1
36 138 1
36 140 1
36 155 1
36 173 1
36 179 1
36 219 1
36 229 1
36 234 1
36 285 1
37 5 1
37 30 1
37 101 1
37 106 1
37 108 1
37 222 1
37 233 1
38 97 1
38 101 1
38 202 1
38 226 1
38 247 1
39 20 1
39 54 1
39 73 1
40 5 1
40 22 1
40 32 1
40 37 1
40 65 1
40 69 1
40 165 1
40 168 1
40 214 1
40 215 1
41 48 1
41 71 1
41 125 1
41 151 1
41 209 1
42 5 1
42 11 1
42 17 1
42 34 1
42 71 1
42 133 1
43 7 1
43 9 1
43 28 1
43 32 1
43 33 1
43 106 1
43 117 1
43 206 1
43 219 1
43 246 1
44 3 1
44 75 1
44 99 1
44 118 1
44 119 1
44 122 1
44 158 1
44 164 1
44 173 1
44 185 1
44 186 1
44 196 1
44 199 1
44 208 1
44 234 1
45 1 1
45 2 1
45 3 1
45 4 1
45 5 1
45 6 1
45 7 1
45 8 1
45 9 1
45 10 1
45 11 1
45 13 1
45 14 1
45 15 1
45 16 1
45 17 1
45 19 1
45 21 1
45 28 1
45 31 1
45 32 1
45 33 1
45 35 1
45 42 1
45 43 1
45 47 1
45 50 1
45 51 1
45 54 1
45 58 1
45 59 1
45 60 1
45 64 1
45 66 1
45 67 1
45 68 1
45 70 1
45 72 1
45 76 1
45 77 1
45 78 1
45 84 1
45 85 1
45 87 1
45 88 1
45 91 1
45 92 1
45 94 1
45 96 1
45 99 1
45 100 1
45 101 1
45 102 1
45 103 1
45 104 1
45 105 1
45 106 1
45 107 1
45 108 1
45 111 1
45 112 1
45 114 1
45 115 1
45 116 1
45 117 1
45 118 1
45 119 1
45 120 1
45 121 1
45 122 1
45 123 1
45 124 1
45 125 1
45 126 1
45 130 1
45 131 1
45 133 1
45 134 1
45 138 1
45 139 1
45 143 1
45 146 1
45 147 1
45 150 1
45 152 1
45 155 1
45 161 1
45 163 1
45 166 1
45 167 1
45 169 1
45 172 1
45 173 1
45 178 1
45 181 1
45 182 1
45 186 1
45 189 1
45 192 1
45 194 1
45 196 1
45 197 1
45 198 1
45 199 1
45 200 1
45 202 1
45 203 1
45 204 1
45 205 1
45 206 1
45 207 1
45 208 1
45 214 1
45 217 1
45 219 1
45 220 1
45 221 1
45 225 1
45 227 1
45 228 1
45 233 1
45 240 1
45 241 1
45 245 1
45 249 1
45 250 1
45 251 1
45 257 1
45 260 1
45 264 1
45 266 1
45 278 1
45 284 1
45 285 1
46 24 1
46 54 1
46 84 1
46 90 1
46 98 1
47 7 1
47 17 1
47 85 1
47 87 1
47 90 1
47 91 1
47 104 1
47 119 1
47 126 1
47 137 1
47 149 1
47 173 1
47 183 1
47 192 1
48 4 1
48 13 1
48 59 1
48 66 1
48 73 1
48 91 1
48 122 1
48 123 1
48 138 1
48 148 1
48 188 1
48 190 1
48 199 1
48 208 1
48 213 1
48 226 1
48 237 1
48 273 1
49 3 1
49 4 1
49 11 1
49 28 1
49 60 1
49 64 1
49 67 1
49 68 1
49 76 1
49 85 1
49 99 1
49 114 1
49 118 1
49 120 1
49 131 1
49 133 1
49 138 1
49 151 1
49 173 1
49 209 1
50 3 1
50 19 1
50 25 1
50 89 1
50 91 1
50 95 1
50 104 1
50 115 1
50 125 1
50 206 1
50 240 1
50 284 1
50 285 1
51 57 1
51 64 1
51 112 1
51 117 1
51 161 1
51 234 1
52 11 1
52 25 1
52 43 1
52 94 1
52 166 1
52 196 1
52 238 1
52 258 1
52 270 1
53 39 1
53 171 1
53 182 1
53 195 1
53 202 1
53 252 1
53 271 1
54 67 1
56 13 1
56 17 1
56 28 1
56 126 1
56 194 1
57 110 1
57 137 1
57 246 1
59 16 1
59 57 1
59 123 1
59 190 1
59 234 1
59 237 1
59 283 1
60 3 1
60 67 1
60 85 1
60 115 1
60 120 1
60 150 1
60 151 1
60 173 1
60 199 1
60 204 1
60 206 1
60 214 1
60 258 1
61 39 1
61 119 1
61 131 1
61 164 1
61 289 1
62 37 1
62 121 1
62 254 1
63 172 1
64 1 1
64 67 1
64 118 1
64 131 1
64 271 1
65 39 1
65 72 1
65 85 1
65 135 1
65 151 1
65 183 1
65 193 1
65 196 1
65 209 1
65 233 1
65 286 1
66 58 1
66 87 1
66 182 1
66 207 1
66 225 1
67 54 1
67 64 1
67 213 1
68 76 1
68 112 1
68 121 1
68 186 1
68 201 1
68 236 1
69 46 1
69 60 1
69 71 1
69 262 1
70 32 1
70 192 1
71 125 1
72 3 1
72 14 1
72 134 1
72 143 1
72 202 1
72 205 1
72 227 1
73 20 1
73 22 1
73 48 1
73 66 1
73 71 1
73 138 1
73 151 1
73 173 1
73 181 1
73 188 1
73 199 1
74 9 1
74 13 1
74 47 1
74 68 1
74 77 1
74 85 1
74 104 1
74 119 1
74 126 1
74 146 1
74 162 1
74 185 1
74 192 1
74 225 1
74 245 1
74 283 1
74 285 1
75 2 1
75 3 1
75 9 1
75 13 1
75 19 1
75 87 1
75 91 1
75 92 1
75 119 1
75 126 1
75 138 1
75 188 1
75 199 1
75 208 1
75 212 1
75 216 1
75 254 1
75 279 1
76 4 1
76 28 1
76 36 1
76 49 1
76 58 1
76 68 1
76 114 1
76 123 1
76 140 1
76 142 1
76 173 1
76 195 1
76 285 1
77 109 1
77 147 1
78 13 1
78 58 1
78 59 1
78 62 1
78 94 1
78 118 1
78 123 1
78 148 1
78 178 1
78 200 1
79 42 1
79 83 1
79 158 1
79 162 1
79 163 1
79 217 1
80 60 1
80 118 1
80 246 1
80 249 1
81 107 1
82 108 1
82 219 1
83 22 1
83 173 1
84 28 1
84 165 1
85 13 1
85 16 1
85 59 1
85 72 1
85 78 1
85 83 1
85 87 1
85 88 1
85 92 1
85 109 1
85 111 1
85 112 1
85 116 1
85 123 1
85 126 1
85 128 1
85 130 1
85 134 1
85 141 1
85 143 1
85 146 1
85 170 1
85 202 1
85 205 1
85 206 1
85 208 1
85 214 1
85 217 1
85 218 1
85 219 1
85 225 1
85 227 1
85 240 1
85 242 1
85 246 1
85 256 1
86 21 1
86 59 1
86 65 1
86 88 1
86 104 1
86 126 1
86 135 1
86 169 1
86 188 1
86 209 1
86 254 1
87 3 1
87 4 1
87 5 1
87 7 1
87 8 1
87 28 1
87 32 1
87 43 1
87 53 1
87 60 1
87 72 1
87 94 1
87 103 1
87 106 1
87 112 1
87 116 1
87 119 1
87 120 1
87 124 1
87 126 1
87 130 1
87 136 1
87 138 1
87 143 1
87 150 1
87 161 1
87 173 1
87 193 1
87 203 1
87 205 1
87 208 1
87 210 1
87 225 1
87 229 1
87 238 1
87 276 1
88 84 1
88 91 1
88 205 1
88 221 1
88 227 1
88 256 1
88 271 1
89 4 1
89 119 1
89 167 1
89 171 1
89 206 1
90 19 1
90 21 1
90 59 1
90 98 1
90 104 1
90 215 1
90 230 1
90 239 1
91 5 1
91 32 1
91 60 1
91 120 1
91 192 1
91 200 1
91 233 1
92 126 1
92 169 1
93 241 1
94 1 1
94 14 1
94 21 1
94 103 1
94 106 1
94 141 1
94 193 1
95 10 1
95 170 1
95 175 1
96 14 1
96 24 1
96 94 1
96 150 1
96 173 1
96 263 1
97 6 1
97 106 1
97 144 1
97 246 1
98 17 1
98 55 1
98 57 1
98 64 1
98 87 1
98 104 1
98 114 1
98 118 1
98 124 1
98 137 1
98 194 1
98 208 1
98 226 1
98 237 1
99 3 1
99 13 1
99 14 1
99 31 1
99 72 1
99 88 1
99 93 1
99 96 1
99 143 1
99 150 1
99 173 1
99 178 1
99 192 1
99 196 1
99 205 1
99 208 1
99 214 1
99 216 1
99 227 1
100 15 1
100 17 1
100 35 1
100 170 1
100 212 1
101 142 1
101 146 1
101 285 1
102 165 1
102 204 1
102 217 1
102 241 1
102 277 1
102 292 1
103 5 1
103 13 1
103 15 1
103 94 1
103 105 1
103 137 1
103 143 1
103 153 1
103 186 1
103 196 1
103 204 1
103 229 1
104 1 1
104 3 1
104 13 1
104 60 1
104 74 1
104 125 1
104 152 1
104 162 1
104 173 1
104 256 1
104 257 1
105 2 1
105 32 1
105 67 1
105 87 1
105 126 1
105 144 1
105 179 1
106 21 1
106 43 1
106 94 1
106 124 1
106 172 1
106 176 1
106 178 1
106 246 1
107 64 1
107 68 1
107 143 1
107 173 1
107 201 1
107 205 1
107 277 1
108 16 1
108 58 1
108 83 1
108 166 1
108 218 1
108 238 1
108 284 1
109 21 1
109 30 1
109 43 1
109 63 1
109 66 1
109 102 1
109 111 1
109 170 1
109 172 1
109 207 1
109 284 1
110 9 1
110 19 1
110 193 1
110 203 1
110 248 1
110 258 1
111 55 1
111 107 1
111 109 1
111 235 1
112 33 1
112 64 1
112 69 1
112 91 1
112 143 1
112 188 1
112 205 1
113 54 1
113 67 1
113 80 1
113 199 1
113 226 1
113 254 1
113 262 1
114 11 1
114 49 1
114 64 1
114 68 1
114 76 1
114 98 1
114 122 1
114 194 1
114 207 1
114 209 1
114 231 1
114 238 1
115 3 1
115 5 1
115 7 1
115 43 1
115 60 1
115 70 1
115 87 1
115 99 1
115 106 1
115 110 1
115 113 1
115 119 1
115 124 1
115 136 1
115 192 1
115 194 1
115 197 1
115 206 1
115 208 1
115 210 1
115 214 1
115 217 1
115 220 1
115 260 1
115 287 1
116 7 1
116 92 1
116 112 1
116 117 1
116 119 1
116 125 1
116 143 1
116 203 1
116 208 1
117 196 1
117 237 1
117 246 1
118 4 1
118 5 1
118 7 1
118 8 1
118 19 1
118 36 1
118 59 1
118 60 1
118 64 1
118 103 1
118 123 1
118 124 1
118 126 1
118 131 1
118 138 1
118 143 1
118 144 1
118 163 1
118 173 1
118 176 1
118 192 1
118 203 1
118 204 1
118 227 1
118 229 1
118 284 1
119 3 1
119 4 1
119 17 1
119 28 1
119 32 1
119 43 1
119 44 1
119 72 1
119 87 1
119 94 1
119 96 1
119 99 1
119 110 1
119 112 1
119 117 1
119 126 1
119 128 1
119 130 1
119 136 1
119 143 1
119 150 1
119 173 1
119 192 1
119 196 1
119 205 1
119 208 1
119 219 1
119 225 1
119 248 1
119 279 1
119 285 1
120 3 1
120 14 1
120 60 1
120 68 1
120 88 1
120 94 1
120 96 1
120 99 1
120 114 1
120 115 1
120 118 1
120 126 1
120 150 1
120 160 1
120 173 1
120 200 1
120 204 1
120 205 1
120 217 1
120 227 1
121 124 1
121 127 1
121 205 1
121 281 1
122 133 1
122 186 1
122 226 1
123 13 1
123 16 1
123 48 1
123 59 1
123 68 1
123 70 1
123 78 1
123 148 1
123 192 1
123 227 1
123 288 1
124 5 1
124 7 1
124 14 1
124 35 1
124 43 1
124 106 1
124 118 1
124 126 1
124 197 1
124 204 1
124 282 1
125 41 1
125 71 1
125 116 1
125 121 1
125 139 1
125 203 1
125 245 1
125 262 1
126 3 1
126 7 1
126 13 1
126 19 1
126 20 1
126 31 1
126 63 1
126 85 1
126 88 1
126 94 1
126 96 1
126 115 1
126 116 1
126 120 1
126 130 1
126 131 1
126 138 1
126 143 1
126 146 1
126 150 1
126 173 1
126 188 1
126 203 1
126 227 1
126 242 1
127 51 1
127 71 1
127 276 1
128 140 1
128 221 1
129 98 1
129 118 1
129 239 1
130 2 1
130 18 1
130 133 1
130 143 1
130 208 1
130 225 1
131 6 1
131 7 1
131 19 1
131 54 1
131 58 1
131 64 1
131 72 1
131 85 1
131 110 1
131 119 1
131 126 1
131 143 1
131 173 1
131 203 1
131 205 1
131 216 1
131 219 1
131 277 1
132 77 1
132 94 1
132 102 1
132 107 1
132 141 1
132 142 1
132 158 1
132 285 1
133 2 1
133 11 1
133 49 1
133 74 1
133 87 1
133 97 1
133 118 1
133 122 1
133 132 1
133 138 1
133 144 1
133 154 1
133 170 1
133 214 1
133 240 1
134 13 1
134 72 1
134 202 1
134 205 1
134 247 1
136 13 1
136 27 1
136 55 1
136 64 1
136 91 1
136 193 1
137 17 1
138 3 1
138 4 1
138 13 1
138 17 1
138 20 1
138 31 1
138 32 1
138 51 1
138 63 1
138 64 1
138 99 1
138 110 1
138 122 1
138 126 1
138 130 1
138 143 1
138 188 1
138 192 1
138 199 1
138 205 1
138 273 1
138 285 1
139 16 1
139 22 1
139 171 1
139 206 1
139 211 1
139 241 1
140 92 1
140 93 1
140 221 1
140 238 1
141 3 1
141 94 1
141 254 1
142 101 1
142 132 1
142 140 1
142 178 1
142 195 1
142 249 1
142 256 1
142 279 1
142 285 1
143 11 1
143 17 1
143 30 1
143 42 1
143 72 1
143 79 1
143 103 1
143 112 1
143 116 1
143 130 1
143 173 1
143 196 1
143 229 1
143 231 1
143 251 1
143 268 1
145 18 1
145 31 1
146 9 1
146 12 1
146 13 1
146 35 1
146 72 1
146 110 1
146 126 1
146 134 1
146 150 1
146 160 1
146 258 1
146 276 1
147 54 1
147 177 1
148 48 1
148 59 1
148 210 1
149 17 1
149 32 1
149 47 1
149 51 1
149 62 1
149 70 1
149 249 1
149 295 1
150 96 1
150 173 1
151 12 1
152 1 1
152 3 1
152 21 1
152 46 1
152 64 1
152 99 1
152 109 1
152 115 1
152 117 1
152 157 1
152 180 1
152 202 1
153 4 1
153 85 1
153 97 1
153 138 1
153 156 1
153 224 1
153 252 1
154 27 1
154 32 1
154 62 1
154 70 1
154 91 1
154 136 1
155 35 1
155 69 1
155 100 1
155 102 1
155 230 1
155 236 1
155 253 1
156 3 1
156 6 1
156 21 1
156 22 1
156 29 1
156 53 1
156 162 1
156 177 1
156 195 1
157 4 1
157 64 1
157 118 1
157 136 1
157 138 1
157 185 1
157 285 1
158 3 1
158 13 1
158 39 1
158 60 1
158 78 1
158 135 1
158 138 1
158 178 1
158 208 1
159 2 1
159 61 1
159 176 1
159 219 1
159 283 1
160 68 1
160 113 1
160 134 1
160 199 1
160 202 1
160 239 1
160 258 1
160 278 1
160 290 1
161 2 1
161 3 1
161 35 1
161 49 1
161 104 1
161 108 1
161 120 1
161 130 1
161 202 1
161 248 1
162 3 1
162 44 1
162 74 1
162 128 1
162 136 1
162 146 1
162 201 1
162 212 1
162 243 1
163 4 1
163 15 1
163 91 1
163 122 1
163 129 1
163 141 1
163 161 1
163 181 1
163 197 1
164 4 1
164 41 1
164 85 1
164 121 1
164 134 1
164 195 1
164 218 1
164 219 1
164 231 1
164 260 1
165 23 1
165 28 1
165 91 1
165 173 1
165 199 1
165 256 1
166 16 1
166 59 1
166 84 1
166 102 1
166 184 1
167 13 1
167 43 1
167 110 1
167 134 1
167 136 1
167 146 1
167 153 1
167 246 1
167 247 1
167 249 1
167 283 1
168 73 1
168 100 1
168 126 1
168 133 1
168 154 1
168 193 1
168 196 1
168 215 1
168 226 1
168 259 1
169 5 1
169 54 1
169 66 1
169 90 1
169 102 1
169 110 1
169 135 1
169 205 1
170 54 1
170 92 1
170 117 1
170 159 1
170 181 1
170 211 1
171 100 1
171 139 1
171 146 1
171 204 1
171 248 1
171 266 1
172 30 1
172 42 1
172 63 1
172 177 1
172 185 1
172 215 1
173 4 1
173 13 1
173 14 1
173 16 1
173 33 1
173 72 1
173 85 1
173 88 1
173 96 1
173 99 1
173 110 1
173 112 1
173 124 1
173 131 1
173 138 1
173 143 1
173 150 1
173 178 1
173 203 1
173 204 1
173 205 1
173 208 1
173 227 1
173 251 1
173 257 1
173 258 1
174 9 1
174 64 1
174 83 1
174 84 1
174 92 1
174 182 1
174 217 1
174 231 1
174 242 1
174 256 1
174 264 1
175 32 1
175 133 1
175 135 1
175 208 1
175 246 1
176 13 1
176 69 1
176 148 1
176 247 1
176 265 1
177 13 1
177 63 1
177 105 1
177 126 1
177 210 1
177 230 1
177 246 1
178 17 1
178 43 1
178 58 1
178 62 1
178 78 1
178 85 1
178 92 1
178 102 1
178 106 1
178 185 1
178 206 1
178 246 1
178 263 1
179 9 1
179 55 1
179 71 1
179 76 1
179 87 1
179 143 1
179 196 1
179 221 1
179 225 1
179 258 1
180 7 1
180 70 1
180 77 1
180 118 1
180 139 1
180 153 1
180 207 1
180 264 1
181 51 1
181 57 1
181 101 1
181 103 1
181 140 1
181 225 1
181 247 1
182 5 1
182 35 1
182 46 1
182 87 1
182 91 1
182 103 1
183 7 1
183 52 1
183 104 1
183 119 1
183 197 1
183 207 1
183 219 1
183 221 1
183 246 1
184 41 1
184 134 1
184 192 1
184 212 1
185 53 1
185 196 1
185 213 1
185 241 1
186 33 1
186 68 1
186 112 1
186 122 1
186 172 1
186 226 1
186 244 1
186 262 1
187 10 1
187 86 1
187 93 1
187 109 1
187 189 1
187 259 1
188 4 1
188 5 1
188 12 1
188 20 1
188 31 1
188 59 1
188 60 1
188 64 1
188 91 1
188 102 1
188 122 1
188 138 1
188 169 1
188 174 1
188 204 1
188 215 1
189 68 1
189 70 1
189 196 1
190 19 1
190 20 1
190 48 1
190 55 1
190 59 1
190 71 1
190 73 1
190 126 1
190 138 1
190 146 1
190 159 1
190 166 1
190 179 1
190 199 1
190 202 1
190 226 1
190 275 1
191 3 1
191 4 1
191 5 1
191 13 1
191 31 1
191 54 1
191 60 1
191 64 1
191 72 1
191 77 1
191 87 1
191 92 1
191 99 1
191 100 1
191 103 1
191 109 1
191 111 1
191 118 1
191 119 1
191 120 1
191 126 1
191 131 1
191 133 1
191 138 1
191 143 1
191 151 1
191 157 1
191 161 1
191 171 1
191 173 1
191 229 1
192 28 1
192 32 1
192 70 1
192 94 1
192 96 1
192 99 1
192 119 1
192 130 1
192 143 1
192 185 1
192 196 1
193 68 1
193 101 1
193 117 1
193 118 1
193 251 1
194 13 1
194 27 1
194 63 1
194 64 1
194 113 1
194 114 1
194 134 1
194 162 1
194 166 1
194 231 1
195 8 1
195 142 1
195 156 1
195 194 1
195 225 1
196 9 1
196 18 1
196 70 1
196 173 1
196 218 1
196 236 1
196 246 1
196 257 1
197 124 1
197 163 1
197 223 1
197 282 1
198 2 1
198 3 1
198 14 1
198 26 1
198 60 1
198 91 1
198 104 1
198 118 1
198 132 1
198 149 1
198 158 1
198 200 1
198 202 1
198 246 1
199 3 1
199 60 1
199 124 1
199 138 1
199 204 1
199 226 1
199 260 1
199 275 1
200 5 1
200 13 1
200 14 1
200 84 1
200 86 1
200 91 1
200 96 1
200 118 1
200 120 1
200 138 1
200 260 1
201 3 1
201 16 1
201 17 1
201 33 1
201 53 1
201 68 1
201 99 1
201 107 1
201 136 1
201 143 1
201 180 1
201 189 1
201 193 1
201 200 1
201 216 1
202 1 1
202 53 1
202 96 1
202 134 1
202 205 1
202 216 1
203 85 1
203 110 1
203 116 1
203 119 1
203 126 1
203 131 1
203 138 1
203 150 1
203 173 1
203 205 1
203 227 1
203 281 1
204 8 1
204 118 1
204 168 1
204 194 1
204 218 1
205 13 1
205 14 1
205 64 1
205 72 1
205 112 1
205 202 1
205 227 1
205 239 1
206 3 1
206 43 1
206 86 1
206 169 1
206 172 1
206 178 1
206 211 1
206 215 1
207 154 1
207 209 1
207 284 1
208 13 1
208 51 1
208 116 1
208 130 1
208 194 1
208 225 1
209 41 1
210 3 1
210 7 1
210 207 1
210 214 1
210 230 1
211 3 1
211 10 1
211 22 1
211 208 1
211 254 1
211 280 1
212 49 1
212 75 1
212 87 1
212 184 1
212 226 1
213 53 1
213 67 1
213 146 1
213 167 1
213 183 1
213 185 1
214 60 1
214 88 1
214 109 1
214 150 1
214 171 1
214 216 1
214 217 1
214 227 1
214 246 1
214 280 1
214 297 1
215 10 1
215 18 1
215 21 1
215 109 1
215 172 1
215 259 1
215 285 1
216 15 1
216 180 1
216 207 1
216 212 1
217 120 1
217 126 1
217 180 1
217 227 1
218 108 1
218 206 1
218 231 1
218 277 1
219 10 1
219 68 1
219 72 1
219 73 1
219 192 1
219 220 1
219 223 1
219 227 1
219 229 1
220 7 1
220 16 1
220 27 1
220 56 1
220 69 1
220 87 1
220 106 1
220 110 1
220 115 1
220 118 1
220 124 1
220 131 1
220 149 1
220 178 1
220 217 1
220 267 1
221 9 1
221 128 1
221 140 1
221 200 1
222 5 1
222 37 1
222 56 1
222 62 1
222 118 1
222 199 1
222 233 1
222 296 1
223 107 1
224 51 1
225 130 1
225 132 1
225 208 1
226 122 1
226 133 1
226 186 1
226 194 1
227 59 1
227 88 1
227 112 1
227 123 1
227 205 1
227 214 1
227 217 1
228 42 1
228 78 1
228 94 1
228 106 1
228 107 1
228 125 1
228 147 1
228 151 1
228 178 1
228 258 1
229 103 1
229 143 1
230 177 1
230 210 1
232 3 1
232 13 1
232 15 1
232 91 1
232 92 1
232 117 1
232 126 1
232 138 1
232 156 1
232 159 1
232 164 1
232 171 1
232 200 1
232 230 1
232 279 1
233 94 1
233 122 1
233 211 1
233 231 1
234 44 1
234 53 1
234 114 1
234 119 1
234 128 1
234 133 1
234 164 1
234 173 1
234 180 1
234 186 1
234 192 1
234 196 1
234 245 1
234 257 1
234 268 1
235 10 1
235 28 1
235 87 1
235 119 1
235 122 1
235 151 1
235 170 1
235 196 1
235 224 1
235 272 1
236 59 1
236 279 1
237 119 1
237 155 1
238 114 1
238 140 1
239 51 1
239 81 1
239 129 1
239 170 1
239 227 1
239 246 1
239 259 1
240 19 1
241 185 1
242 67 1
245 5 1
245 14 1
245 88 1
245 284 1
246 9 1
246 126 1
246 149 1
246 245 1
247 210 1
247 219 1
247 245 1
248 171 1
249 167 1
250 85 1
250 102 1
250 104 1
250 126 1
250 138 1
250 170 1
250 285 1
251 44 1
253 117 1
253 134 1
253 180 1
253 193 1
253 229 1
254 6 1
254 55 1
254 63 1
254 257 1
255 54 1
255 154 1
255 246 1
256 22 1
256 165 1
256 221 1
256 241 1
257 27 1
257 173 1
257 196 1
257 204 1
257 225 1
258 15 1
258 110 1
258 151 1
259 56 1
263 119 1
263 192 1
264 67 1
264 167 1
265 63 1
265 233 1
266 101 1
266 149 1
267 90 1
267 210 1
268 28 1
268 189 1
269 3 1
269 86 1
269 91 1
269 115 1
269 120 1
269 131 1
269 173 1
269 254 1
270 21 1
270 53 1
270 59 1
270 84 1
270 111 1
270 153 1
270 168 1
270 210 1
270 255 1
270 274 1
270 283 1
271 207 1
272 2 1
272 19 1
272 63 1
272 85 1
272 106 1
272 124 1
272 126 1
272 131 1
272 137 1
272 240 1
273 260 1
274 4 1
274 31 1
274 109 1
274 111 1
274 138 1
274 146 1
274 188 1
274 238 1
274 293 1
275 115 1
276 3 1
276 10 1
276 42 1
276 51 1
276 78 1
276 82 1
276 127 1
276 149 1
276 163 1
276 169 1
277 1 1
277 33 1
277 42 1
277 126 1
277 140 1
277 168 1
277 178 1
277 179 1
277 194 1
277 218 1
277 222 1
277 232 1
278 53 1
278 83 1
278 151 1
278 171 1
278 192 1
278 214 1
278 240 1
278 259 1
280 61 1
283 248 1
284 107 1
284 207 1
