1 204 1
1 211 1
2 3 1
2 13 1
2 14 1
2 19 1
2 48 1
2 63 1
2 68 1
2 72 1
2 88 1
2 109 1
2 110 1
2 114 1
2 119 1
2 120 1
2 133 1
2 138 1
2 143 1
2 151 1
2 163 1
2 173 1
2 185 1
2 199 1
2 205 1
2 208 1
3 7 1
3 10 1
3 19 1
3 24 1
3 28 1
3 37 1
3 43 1
3 49 1
3 59 1
3 64 1
3 68 1
3 72 1
3 94 1
3 118 1
3 119 1
3 124 1
3 126 1
3 130 1
3 131 1
3 133 1
3 135 1
3 138 1
3 143 1
3 146 1
3 150 1
3 170 1
3 171 1
3 173 1
3 185 1
3 192 1
3 194 1
3 199 1
3 203 1
3 205 1
3 208 1
3 214 1
3 221 1
3 227 1
3 240 1
3 242 1
3 246 1
4 3 1
4 9 1
4 13 1
4 15 1
4 16 1
4 60 1
4 66 1
4 82 1
4 91 1
4 94 1
4 99 1
4 112 1
4 114 1
4 115 1
4 119 1
4 120 1
4 126 1
4 131 1
4 135 1
4 149 1
4 169 1
4 188 1
4 193 1
4 196 1
4 200 1
4 202 1
4 240 1
4 246 1
4 248 1
4 249 1
4 260 1
4 271 1
4 288 1
5 3 1
5 4 1
5 13 1
5 17 1
5 20 1
5 39 1
5 42 1
5 59 1
5 60 1
5 62 1
5 64 1
5 88 1
5 91 1
5 92 1
5 99 1
5 103 1
5 106 1
5 112 1
5 122 1
5 126 1
5 133 1
5 143 1
5 154 1
5 162 1
5 170 1
5 173 1
5 178 1
5 179 1
5 196 1
5 200 1
5 204 1
5 205 1
5 214 1
5 243 1
5 248 1
6 5 1
6 9 1
6 102 1
6 115 1
6 117 1
6 119 1
6 192 1
6 227 1
7 3 1
7 13 1
7 14 1
7 19 1
7 43 1
7 48 1
7 53 1
7 60 1
7 64 1
7 68 1
7 114 1
7 118 1
7 126 1
7 130 1
7 132 1
7 133 1
7 138 1
7 146 1
7 154 1
7 193 1
7 200 1
7 205 1
7 215 1
7 227 1
7 242 1
7 246 1
7 276 1
8 11 1
8 26 1
8 57 1
8 67 1
8 70 1
8 88 1
8 91 1
8 140 1
8 186 1
8 214 1
8 256 1
8 273 1
8 275 1
8 284 1
9 13 1
9 16 1
9 49 1
9 85 1
9 90 1
9 192 1
9 202 1
9 205 1
9 221 1
9 246 1
10 134 1
10 172 1
10 173 1
10 206 1
10 219 1
10 241 1
10 262 1
10 272 1
11 5 1
11 32 1
11 96 1
11 119 1
11 120 1
11 146 1
11 186 1
11 229 1
11 270 1
12 22 1
12 42 1
12 67 1
12 85 1
12 86 1
12 131 1
12 201 1
13 2 1
13 3 1
13 7 1
13 14 1
13 19 1
13 21 1
13 22 1
13 43 1
13 59 1
13 60 1
13 64 1
13 67 1
13 68 1
13 70 1
13 88 1
13 91 1
13 92 1
13 107 1
13 108 1
13 111 1
13 114 1
13 117 1
13 118 1
13 124 1
13 126 1
13 130 1
13 135 1
13 143 1
13 148 1
13 150 1
13 151 1
13 173 1
13 199 1
13 204 1
13 205 1
13 208 1
13 210 1
13 225 1
13 226 1
13 227 1
13 246 1
13 254 1
13 264 1
13 267 1
13 281 1
14 3 1
14 7 1
14 13 1
14 15 1
14 19 1
14 43 1
14 59 1
14 60 1
14 64 1
14 68 1
14 72 1
14 87 1
14 99 1
14 120 1
14 124 1
14 126 1
14 131 1
14 133 1
14 137 1
14 138 1
14 143 1
14 173 1
14 204 1
14 208 1
14 227 1
14 246 1
15 4 1
15 6 1
15 7 1
15 13 1
15 14 1
15 39 1
15 60 1
15 84 1
15 87 1
15 99 1
15 104 1
15 119 1
15 126 1
15 146 1
15 205 1
15 220 1
15 259 1
16 3 1
16 9 1
16 59 1
16 199 1
17 42 1
17 51 1
17 210 1
18 21 1
18 84 1
18 94 1
18 134 1
18 144 1
18 182 1
19 72 1
19 130 1
19 166 1
19 199 1
20 5 1
20 22 1
20 133 1
20 196 1
20 200 1
20 220 1
21 51 1
21 70 1
21 100 1
21 141 1
21 189 1
21 230 1
21 245 1
21 258 1
21 261 1
22 14 1
22 66 1
22 85 1
22 87 1
22 120 1
22 126 1
22 131 1
22 169 1
22 173 1
22 219 1
22 227 1
22 283 1
22 294 1
23 1 1
23 4 1
23 15 1
23 22 1
23 35 1
23 52 1
23 112 1
23 113 1
23 137 1
23 150 1
23 169 1
23 203 1
23 217 1
23 284 1
24 17 1
24 55 1
24 60 1
24 85 1
24 92 1
24 99 1
24 106 1
24 118 1
24 119 1
24 123 1
24 129 1
24 138 1
24 144 1
24 151 1
24 204 1
24 215 1
24 238 1
24 240 1
24 252 1
25 59 1
25 84 1
25 110 1
25 187 1
25 239 1
26 2 1
26 136 1
26 185 1
26 194 1
26 210 1
27 118 1
27 148 1
28 9 1
28 19 1
28 106 1
28 131 1
28 231 1
29 150 1
29 181 1
29 253 1
29 285 1
30 4 1
30 35 1
30 47 1
30 67 1
30 135 1
30 199 1
31 134 1
31 140 1
31 297 1
32 3 1
32 10 1
32 53 1
32 102 1
32 116 1
32 188 1
32 192 1
32 256 1
33 59 1
33 84 1
33 172 1
33 257 1
33 279 1
34 55 1
34 59 1
34 71 1
34 78 1
34 137 1
34 151 1
34 170 1
34 172 1
34 180 1
34 188 1
34 249 1
34 254 1
34 285 1
35 16 1
35 95 1
35 151 1
35 163 1
35 200 1
36 20 1
36 49 1
36 55 1
36 60 1
36 69 1
36 72 1
36 88 1
36 103 1
36 104 1
36 111 1
36 120 1
36 138 1
36 227 1
36 255 1
36 262 1
36 285 1
37 32 1
37 110 1
37 116 1
37 144 1
37 202 1
37 219 1
37 256 1
38 3 1
38 57 1
38 192 1
38 207 1
38 285 1
39 4 1
39 117 1
39 154 1
40 17 1
40 66 1
40 73 1
40 101 1
40 102 1
40 158 1
40 160 1
40 185 1
40 196 1
40 214 1
41 28 1
41 192 1
41 197 1
41 213 1
41 214 1
42 59 1
42 78 1
42 131 1
42 161 1
42 250 1
42 279 1
43 51 1
43 64 1
43 124 1
43 150 1
43 171 1
43 225 1
43 226 1
43 227 1
43 251 1
43 263 1
44 3 1
44 4 1
44 5 1
44 39 1
44 60 1
44 76 1
44 85 1
44 101 1
44 104 1
44 123 1
44 138 1
44 167 1
44 171 1
44 245 1
44 273 1
45 1 1
45 2 1
45 3 1
45 4 1
45 5 1
45 6 1
45 7 1
45 9 1
45 11 1
45 12 1
45 13 1
45 14 1
45 16 1
45 19 1
45 21 1
45 22 1
45 28 1
45 31 1
45 32 1
45 33 1
45 35 1
45 36 1
45 39 1
45 41 1
45 42 1
45 43 1
45 44 1
45 47 1
45 48 1
45 49 1
45 50 1
45 53 1
45 55 1
45 57 1
45 59 1
45 60 1
45 62 1
45 64 1
45 67 1
45 68 1
45 70 1
45 71 1
45 72 1
45 73 1
45 76 1
45 77 1
45 85 1
45 87 1
45 91 1
45 94 1
45 96 1
45 97 1
45 99 1
45 100 1
45 101 1
45 102 1
45 103 1
45 104 1
45 106 1
45 108 1
45 112 1
45 114 1
45 115 1
45 116 1
45 117 1
45 118 1
45 119 1
45 120 1
45 122 1
45 124 1
45 125 1
45 126 1
45 130 1
45 131 1
45 133 1
45 134 1
45 138 1
45 139 1
45 140 1
45 143 1
45 144 1
45 149 1
45 150 1
45 156 1
45 163 1
45 165 1
45 166 1
45 169 1
45 171 1
45 172 1
45 173 1
45 176 1
45 177 1
45 178 1
45 185 1
45 186 1
45 188 1
45 190 1
45 192 1
45 194 1
45 196 1
45 198 1
45 199 1
45 200 1
45 201 1
45 202 1
45 203 1
45 204 1
45 205 1
45 207 1
45 208 1
45 211 1
45 212 1
45 214 1
45 215 1
45 226 1
45 227 1
45 228 1
45 229 1
45 234 1
45 235 1
45 240 1
45 246 1
45 257 1
45 258 1
45 268 1
45 271 1
45 275 1
45 276 1
45 277 1
45 278 1
45 282 1
45 284 1
45 285 1
46 9 1
46 28 1
46 139 1
46 167 1
46 217 1
47 5 1
47 16 1
47 46 1
47 54 1
47 66 1
47 111 1
47 163 1
47 186 1
47 202 1
47 210 1
47 221 1
47 231 1
47 233 1
47 241 1
48 2 1
48 5 1
48 7 1
48 13 1
48 28 1
48 55 1
48 63 1
48 68 1
48 76 1
48 85 1
48 87 1
48 92 1
48 117 1
48 119 1
48 120 1
48 138 1
48 143 1
48 173 1
49 2 1
49 3 1
49 9 1
49 13 1
49 32 1
49 43 1
49 64 1
49 91 1
49 119 1
49 126 1
49 143 1
49 146 1
49 158 1
49 173 1
49 188 1
49 192 1
49 203 1
49 205 1
49 214 1
49 246 1
50 74 1
50 80 1
50 97 1
50 101 1
50 112 1
50 118 1
50 143 1
50 155 1
50 170 1
50 194 1
50 205 1
50 241 1
50 280 1
51 131 1
51 161 1
51 165 1
51 226 1
51 230 1
51 239 1
52 4 1
52 15 1
52 57 1
52 99 1
52 116 1
52 119 1
52 141 1
52 217 1
52 241 1
53 18 1
53 32 1
53 102 1
53 117 1
53 178 1
53 279 1
53 281 1
54 221 1
56 94 1
56 118 1
56 140 1
56 148 1
56 264 1
57 60 1
57 71 1
57 141 1
59 91 1
59 92 1
59 126 1
59 194 1
59 225 1
59 238 1
59 285 1
60 3 1
60 44 1
60 99 1
60 100 1
60 118 1
60 126 1
60 138 1
60 149 1
60 157 1
60 164 1
60 197 1
60 204 1
60 227 1
61 53 1
61 96 1
61 112 1
61 153 1
61 159 1
62 86 1
62 94 1
62 276 1
63 110 1
64 43 1
64 54 1
64 209 1
64 214 1
64 227 1
65 46 1
65 60 1
65 102 1
65 118 1
65 123 1
65 138 1
65 155 1
65 159 1
65 218 1
65 226 1
65 245 1
66 17 1
66 32 1
66 62 1
66 84 1
66 136 1
67 30 1
67 70 1
67 126 1
68 94 1
68 107 1
68 109 1
68 138 1
68 203 1
68 233 1
69 84 1
69 131 1
69 162 1
69 182 1
70 67 1
70 150 1
71 108 1
72 19 1
72 61 1
72 83 1
72 120 1
72 138 1
72 217 1
72 240 1
73 3 1
73 63 1
73 69 1
73 99 1
73 126 1
73 127 1
73 199 1
73 200 1
73 216 1
73 218 1
73 277 1
74 3 1
74 13 1
74 29 1
74 94 1
74 109 1
74 118 1
74 126 1
74 143 1
74 158 1
74 169 1
74 179 1
74 203 1
74 205 1
74 218 1
74 227 1
74 246 1
74 267 1
75 4 1
75 13 1
75 32 1
75 69 1
75 105 1
75 106 1
75 117 1
75 118 1
75 123 1
75 137 1
75 143 1
75 149 1
75 188 1
75 194 1
75 204 1
75 211 1
75 245 1
75 258 1
76 28 1
76 48 1
76 63 1
76 85 1
76 96 1
76 101 1
76 110 1
76 117 1
76 119 1
76 135 1
76 176 1
76 192 1
76 249 1
77 7 1
77 258 1
78 10 1
78 51 1
78 129 1
78 142 1
78 173 1
78 178 1
78 202 1
78 208 1
78 242 1
78 268 1
79 4 1
79 84 1
79 160 1
79 170 1
79 216 1
79 217 1
80 5 1
80 67 1
80 196 1
80 208 1
81 280 1
82 3 1
82 212 1
83 96 1
83 180 1
84 18 1
84 70 1
85 3 1
85 7 1
85 10 1
85 13 1
85 14 1
85 15 1
85 16 1
85 28 1
85 33 1
85 53 1
85 60 1
85 76 1
85 88 1
85 96 1
85 99 1
85 102 1
85 103 1
85 106 1
85 112 1
85 119 1
85 124 1
85 131 1
85 138 1
85 143 1
85 155 1
85 173 1
85 192 1
85 194 1
85 205 1
85 207 1
85 208 1
85 214 1
85 226 1
85 227 1
85 262 1
85 285 1
86 10 1
86 32 1
86 46 1
86 53 1
86 54 1
86 72 1
86 102 1
86 200 1
86 206 1
86 230 1
86 236 1
87 3 1
87 5 1
87 11 1
87 32 1
87 39 1
87 68 1
87 85 1
87 86 1
87 91 1
87 94 1
87 96 1
87 112 1
87 119 1
87 120 1
87 122 1
87 124 1
87 138 1
87 143 1
87 158 1
87 170 1
87 173 1
87 181 1
87 186 1
87 192 1
87 205 1
87 208 1
87 213 1
87 219 1
87 225 1
87 229 1
87 233 1
87 237 1
87 254 1
87 262 1
87 278 1
87 291 1
88 31 1
88 54 1
88 102 1
88 123 1
88 142 1
88 189 1
88 230 1
89 73 1
89 112 1
89 136 1
89 151 1
89 233 1
90 15 1
90 20 1
90 83 1
90 171 1
90 179 1
90 247 1
90 254 1
90 260 1
91 17 1
91 59 1
91 186 1
91 192 1
91 207 1
91 219 1
91 225 1
92 140 1
92 195 1
93 56 1
94 9 1
94 30 1
94 110 1
94 112 1
94 138 1
94 178 1
94 202 1
95 67 1
95 70 1
95 128 1
96 106 1
96 124 1
96 190 1
96 192 1
96 215 1
96 252 1
97 122 1
97 149 1
97 193 1
97 219 1
98 77 1
98 88 1
98 91 1
98 119 1
98 122 1
98 138 1
98 173 1
98 189 1
98 204 1
98 209 1
98 224 1
98 227 1
98 230 1
98 233 1
99 3 1
99 4 1
99 13 1
99 58 1
99 60 1
99 83 1
99 94 1
99 106 1
99 120 1
99 138 1
99 143 1
99 149 1
99 171 1
99 173 1
99 188 1
99 204 1
99 208 1
99 247 1
99 249 1
100 42 1
100 103 1
100 118 1
100 136 1
100 231 1
101 70 1
101 76 1
101 87 1
102 1 1
102 21 1
102 54 1
102 91 1
102 168 1
102 285 1
103 10 1
103 13 1
103 64 1
103 70 1
103 104 1
103 106 1
103 125 1
103 126 1
103 162 1
103 205 1
103 229 1
103 242 1
104 3 1
104 7 1
104 9 1
104 13 1
104 103 1
104 113 1
104 126 1
104 150 1
104 205 1
104 277 1
104 285 1
105 4 1
105 5 1
105 64 1
105 118 1
105 126 1
105 196 1
105 246 1
106 63 1
106 75 1
106 96 1
106 99 1
106 103 1
106 105 1
106 151 1
106 196 1
107 18 1
107 94 1
107 146 1
107 203 1
107 223 1
107 241 1
107 280 1
108 1 1
108 42 1
108 54 1
108 71 1
108 199 1
108 202 1
108 217 1
109 68 1
109 90 1
109 93 1
109 108 1
109 121 1
109 164 1
109 208 1
109 217 1
109 221 1
109 233 1
109 238 1
110 63 1
110 85 1
110 159 1
110 216 1
110 245 1
110 274 1
111 156 1
111 178 1
111 192 1
111 285 1
112 21 1
112 94 1
112 104 1
112 206 1
112 208 1
112 229 1
112 239 1
113 10 1
113 13 1
113 77 1
113 115 1
113 118 1
113 139 1
113 232 1
114 3 1
114 7 1
114 13 1
114 22 1
114 60 1
114 126 1
114 127 1
114 130 1
114 133 1
114 185 1
114 199 1
114 205 1
115 6 1
115 9 1
115 13 1
115 15 1
115 32 1
115 60 1
115 65 1
115 85 1
115 87 1
115 96 1
115 99 1
115 104 1
115 106 1
115 119 1
115 120 1
115 126 1
115 131 1
115 136 1
115 138 1
115 144 1
115 151 1
115 173 1
115 204 1
115 206 1
115 227 1
116 32 1
116 37 1
116 128 1
116 203 1
116 207 1
116 215 1
116 259 1
116 283 1
116 284 1
117 44 1
117 98 1
117 128 1
118 8 1
118 14 1
118 49 1
118 68 1
118 74 1
118 94 1
118 100 1
118 103 1
118 121 1
118 122 1
118 124 1
118 125 1
118 126 1
118 128 1
118 135 1
118 143 1
118 150 1
118 169 1
118 173 1
118 178 1
118 196 1
118 203 1
118 227 1
118 231 1
118 246 1
118 257 1
119 2 1
119 3 1
119 5 1
119 7 1
119 13 1
119 19 1
119 20 1
119 43 1
119 48 1
119 63 1
119 64 1
119 68 1
119 72 1
119 88 1
119 96 1
119 110 1
119 120 1
119 122 1
119 124 1
119 130 1
119 133 1
119 138 1
119 143 1
119 151 1
119 173 1
119 185 1
119 192 1
119 200 1
119 205 1
119 206 1
119 208 1
120 5 1
120 11 1
120 13 1
120 17 1
120 19 1
120 32 1
120 48 1
120 64 1
120 72 1
120 87 1
120 88 1
120 119 1
120 122 1
120 126 1
120 143 1
120 151 1
120 173 1
120 177 1
120 211 1
120 219 1
121 16 1
121 87 1
121 122 1
121 194 1
122 5 1
122 196 1
122 206 1
123 13 1
123 24 1
123 44 1
123 75 1
123 92 1
123 99 1
123 117 1
123 142 1
123 143 1
123 159 1
123 179 1
124 14 1
124 18 1
124 43 1
124 51 1
124 96 1
124 109 1
124 164 1
124 194 1
124 208 1
124 239 1
124 258 1
125 19 1
125 53 1
125 103 1
125 115 1
125 149 1
125 167 1
125 229 1
125 258 1
126 3 1
126 7 1
126 10 1
126 13 1
126 19 1
126 43 1
126 48 1
126 64 1
126 67 1
126 70 1
126 103 1
126 114 1
126 116 1
126 124 1
126 150 1
126 170 1
126 199 1
126 203 1
126 205 1
126 210 1
126 215 1
126 216 1
126 227 1
126 246 1
126 266 1
127 73 1
127 89 1
127 163 1
128 116 1
128 207 1
129 63 1
129 78 1
129 92 1
130 7 1
130 19 1
130 114 1
130 196 1
130 208 1
130 212 1
131 3 1
131 14 1
131 15 1
131 16 1
131 28 1
131 42 1
131 54 1
131 60 1
131 64 1
131 87 1
131 106 1
131 115 1
131 137 1
131 149 1
131 204 1
131 205 1
131 221 1
131 227 1
132 5 1
132 20 1
132 28 1
132 138 1
132 154 1
132 173 1
132 180 1
132 226 1
133 13 1
133 16 1
133 20 1
133 43 1
133 64 1
133 91 1
133 114 1
133 124 1
133 143 1
133 173 1
133 194 1
133 200 1
133 208 1
133 225 1
133 246 1
134 1 1
134 21 1
134 31 1
134 139 1
134 207 1
136 6 1
136 15 1
136 59 1
136 96 1
136 173 1
136 192 1
137 145 1
138 20 1
138 56 1
138 60 1
138 63 1
138 66 1
138 68 1
138 72 1
138 109 1
138 120 1
138 132 1
138 133 1
138 140 1
138 143 1
138 146 1
138 157 1
138 173 1
138 193 1
138 195 1
138 206 1
138 220 1
138 242 1
138 251 1
139 1 1
139 53 1
139 63 1
139 85 1
139 134 1
139 195 1
140 31 1
140 148 1
140 166 1
140 285 1
141 43 1
141 149 1
141 217 1
142 27 1
142 78 1
142 83 1
142 88 1
142 118 1
142 123 1
142 188 1
142 234 1
142 263 1
143 3 1
143 13 1
143 14 1
143 64 1
143 72 1
143 74 1
143 88 1
143 118 1
143 122 1
143 126 1
143 133 1
143 185 1
143 199 1
143 205 1
143 225 1
143 257 1
145 137 1
145 209 1
146 9 1
146 17 1
146 91 1
146 93 1
146 102 1
146 104 1
146 109 1
146 169 1
146 210 1
146 231 1
146 246 1
146 256 1
147 58 1
147 183 1
148 51 1
148 140 1
148 182 1
149 1 1
149 31 1
149 64 1
149 128 1
149 131 1
149 204 1
149 214 1
149 219 1
150 70 1
150 225 1
151 213 1
152 3 1
152 13 1
152 17 1
152 58 1
152 106 1
152 134 1
152 139 1
152 147 1
152 193 1
152 196 1
152 237 1
152 256 1
153 29 1
153 31 1
153 90 1
153 156 1
153 216 1
153 289 1
153 293 1
154 3 1
154 13 1
154 115 1
154 128 1
154 170 1
154 260 1
155 4 1
155 69 1
155 118 1
155 136 1
155 147 1
155 153 1
155 219 1
156 21 1
156 111 1
156 113 1
156 118 1
156 150 1
156 178 1
156 188 1
156 223 1
156 226 1
157 67 1
157 132 1
157 154 1
157 165 1
157 209 1
157 240 1
157 256 1
158 35 1
158 104 1
158 107 1
158 111 1
158 113 1
158 174 1
158 203 1
158 284 1
158 285 1
159 4 1
159 6 1
159 58 1
159 75 1
159 239 1
160 4 1
160 6 1
160 12 1
160 28 1
160 65 1
160 100 1
160 168 1
160 217 1
160 266 1
161 12 1
161 31 1
161 177 1
161 196 1
161 224 1
161 229 1
161 236 1
161 260 1
161 279 1
161 295 1
162 1 1
162 3 1
162 43 1
162 58 1
162 83 1
162 94 1
162 134 1
162 150 1
162 177 1
163 22 1
163 35 1
163 73 1
163 87 1
163 121 1
163 193 1
163 196 1
163 218 1
163 248 1
164 58 1
164 116 1
164 130 1
164 192 1
164 202 1
164 211 1
164 222 1
164 231 1
164 246 1
164 264 1
165 118 1
165 119 1
165 180 1
165 183 1
165 265 1
165 284 1
166 8 1
166 25 1
166 134 1
166 248 1
166 259 1
167 33 1
167 103 1
167 108 1
167 125 1
167 152 1
167 204 1
167 206 1
167 216 1
167 227 1
167 229 1
167 244 1
168 13 1
168 17 1
168 33 1
168 35 1
168 71 1
168 91 1
168 94 1
168 150 1
168 175 1
168 254 1
169 58 1
169 68 1
169 85 1
169 128 1
169 161 1
169 196 1
169 225 1
169 246 1
170 27 1
170 121 1
170 203 1
170 208 1
170 268 1
170 279 1
171 4 1
171 43 1
171 51 1
171 53 1
171 201 1
171 260 1
172 21 1
172 28 1
172 33 1
172 206 1
172 207 1
172 209 1
173 2 1
173 14 1
173 28 1
173 32 1
173 43 1
173 53 1
173 64 1
173 68 1
173 72 1
173 83 1
173 88 1
173 107 1
173 109 1
173 120 1
173 126 1
173 131 1
173 138 1
173 143 1
173 146 1
173 188 1
173 195 1
173 198 1
173 205 1
173 208 1
173 212 1
173 246 1
174 5 1
174 6 1
174 59 1
174 107 1
174 118 1
174 143 1
174 196 1
174 210 1
174 226 1
174 266 1
174 284 1
175 17 1
175 87 1
175 119 1
175 219 1
175 283 1
176 5 1
176 16 1
176 105 1
176 139 1
176 259 1
177 55 1
177 119 1
177 162 1
177 209 1
177 245 1
177 257 1
177 292 1
178 13 1
178 68 1
178 94 1
178 118 1
178 122 1
178 138 1
178 142 1
178 173 1
178 196 1
178 202 1
178 210 1
178 234 1
178 273 1
179 17 1
179 21 1
179 30 1
179 56 1
179 62 1
179 92 1
179 109 1
179 209 1
179 210 1
179 269 1
180 134 1
180 136 1
180 202 1
180 205 1
180 208 1
180 218 1
180 219 1
180 233 1
181 3 1
181 98 1
181 109 1
181 112 1
181 167 1
181 193 1
181 296 1
182 54 1
182 64 1
182 73 1
182 117 1
182 207 1
182 242 1
183 32 1
183 59 1
183 91 1
183 116 1
183 125 1
183 186 1
183 237 1
183 282 1
183 285 1
184 9 1
184 225 1
184 238 1
184 278 1
185 2 1
185 13 1
185 37 1
185 205 1
186 8 1
186 11 1
186 47 1
186 66 1
186 91 1
186 216 1
186 225 1
186 259 1
187 13 1
187 97 1
187 132 1
187 146 1
187 188 1
187 227 1
188 3 1
188 5 1
188 13 1
188 32 1
188 55 1
188 68 1
188 77 1
188 99 1
188 122 1
188 138 1
188 154 1
188 171 1
188 196 1
188 214 1
188 219 1
188 236 1
189 42 1
189 111 1
189 237 1
190 72 1
190 91 1
190 96 1
190 103 1
190 112 1
190 119 1
190 136 1
190 150 1
190 167 1
190 168 1
190 182 1
190 192 1
190 205 1
190 206 1
190 213 1
190 240 1
190 271 1
191 2 1
191 3 1
191 7 1
191 13 1
191 14 1
191 17 1
191 54 1
191 87 1
191 91 1
191 112 1
191 114 1
191 118 1
191 119 1
191 126 1
191 130 1
191 133 1
191 137 1
191 138 1
191 143 1
191 173 1
191 181 1
191 192 1
191 193 1
191 197 1
191 200 1
191 208 1
191 220 1
191 227 1
191 247 1
191 262 1
191 279 1
192 54 1
192 72 1
192 96 1
192 119 1
192 128 1
192 138 1
192 151 1
192 178 1
192 190 1
192 208 1
192 251 1
193 90 1
193 121 1
193 172 1
193 173 1
193 216 1
194 25 1
194 27 1
194 51 1
194 59 1
194 62 1
194 77 1
194 91 1
194 92 1
194 124 1
194 225 1
195 12 1
195 173 1
195 178 1
195 222 1
195 257 1
196 32 1
196 41 1
196 57 1
196 78 1
196 85 1
196 122 1
196 200 1
196 226 1
197 2 1
197 41 1
197 202 1
197 218 1
198 3 1
198 72 1
198 81 1
198 87 1
198 115 1
198 123 1
198 126 1
198 131 1
198 138 1
198 149 1
198 173 1
198 192 1
198 212 1
198 240 1
199 8 1
199 17 1
199 19 1
199 112 1
199 150 1
199 210 1
199 225 1
199 229 1
200 3 1
200 13 1
200 27 1
200 35 1
200 73 1
200 84 1
200 104 1
200 126 1
200 133 1
200 169 1
200 170 1
201 3 1
201 4 1
201 7 1
201 12 1
201 13 1
201 53 1
201 77 1
201 85 1
201 119 1
201 126 1
201 130 1
201 143 1
201 153 1
201 171 1
201 290 1
202 94 1
202 121 1
202 168 1
202 194 1
202 197 1
202 241 1
203 49 1
203 64 1
203 68 1
203 101 1
203 104 1
203 107 1
203 116 1
203 119 1
203 124 1
203 126 1
203 143 1
203 173 1
204 60 1
204 62 1
204 107 1
204 227 1
204 251 1
205 72 1
205 103 1
205 114 1
205 126 1
205 143 1
205 185 1
205 207 1
205 218 1
206 28 1
206 122 1
206 133 1
206 172 1
206 180 1
206 192 1
206 207 1
206 208 1
207 21 1
207 172 1
207 283 1
208 64 1
208 112 1
208 124 1
208 130 1
208 173 1
208 204 1
209 145 1
210 17 1
210 35 1
210 112 1
210 194 1
210 199 1
211 8 1
211 130 1
211 138 1
211 173 1
211 181 1
211 208 1
212 17 1
212 60 1
212 149 1
212 173 1
212 198 1
213 41 1
213 71 1
213 151 1
213 173 1
213 202 1
213 247 1
214 8 1
214 59 1
214 64 1
214 71 1
214 88 1
214 126 1
214 140 1
214 178 1
214 199 1
214 210 1
214 260 1
215 23 1
215 27 1
215 64 1
215 116 1
215 233 1
215 254 1
215 283 1
216 28 1
216 42 1
216 61 1
216 231 1
217 43 1
217 108 1
217 134 1
217 141 1
218 17 1
218 74 1
218 205 1
218 258 1
219 43 1
219 110 1
219 162 1
219 186 1
219 229 1
219 240 1
219 249 1
219 279 1
219 285 1
220 3 1
220 4 1
220 22 1
220 60 1
220 70 1
220 71 1
220 85 1
220 100 1
220 132 1
220 134 1
220 137 1
220 138 1
220 193 1
220 202 1
220 206 1
220 275 1
221 54 1
221 91 1
221 214 1
221 238 1
222 72 1
222 107 1
222 138 1
222 146 1
222 173 1
222 195 1
222 206 1
222 273 1
223 153 1
224 115 1
225 91 1
225 150 1
225 207 1
226 43 1
226 156 1
226 245 1
226 279 1
227 14 1
227 36 1
227 60 1
227 64 1
227 157 1
227 164 1
227 204 1
228 5 1
228 85 1
228 87 1
228 93 1
228 105 1
228 112 1
228 182 1
228 184 1
228 238 1
228 254 1
229 11 1
229 199 1
230 98 1
230 277 1
232 5 1
232 61 1
232 92 1
232 101 1
232 110 1
232 119 1
232 136 1
232 189 1
232 196 1
232 206 1
232 234 1
232 237 1
232 255 1
232 286 1
232 287 1
233 38 1
233 39 1
233 111 1
233 118 1
234 3 1
234 4 1
234 7 1
234 13 1
234 63 1
234 69 1
234 94 1
234 117 1
234 118 1
234 126 1
234 143 1
234 178 1
234 179 1
234 202 1
234 281 1
235 3 1
235 31 1
235 71 1
235 79 1
235 87 1
235 160 1
235 212 1
235 242 1
235 254 1
235 285 1
236 60 1
236 183 1
237 86 1
237 208 1
238 184 1
238 221 1
239 71 1
239 92 1
239 112 1
239 118 1
239 139 1
239 166 1
239 219 1
240 72 1
241 202 1
242 55 1
245 110 1
245 192 1
245 215 1
245 258 1
246 146 1
246 150 1
246 231 1
246 276 1
247 58 1
247 214 1
247 246 1
248 257 1
249 76 1
250 51 1
250 78 1
250 123 1
250 152 1
250 189 1
250 225 1
250 278 1
251 197 1
253 88 1
253 91 1
253 110 1
253 118 1
253 166 1
254 11 1
254 35 1
254 66 1
254 285 1
255 63 1
255 110 1
255 163 1
256 32 1
256 116 1
256 161 1
256 188 1
257 30 1
257 33 1
257 115 1
257 152 1
257 248 1
258 30 1
258 125 1
258 151 1
259 180 1
263 110 1
263 255 1
264 165 1
264 172 1
265 31 1
265 85 1
266 87 1
266 195 1
267 131 1
267 238 1
268 10 1
268 67 1
269 41 1
269 59 1
269 60 1
269 78 1
269 117 1
269 147 1
269 230 1
269 262 1
270 16 1
270 34 1
270 58 1
270 59 1
270 91 1
270 99 1
270 109 1
270 134 1
270 135 1
270 205 1
270 217 1
271 134 1
272 1 1
272 3 1
272 5 1
272 16 1
272 17 1
272 102 1
272 122 1
272 126 1
272 176 1
272 260 1
273 229 1
274 13 1
274 31 1
274 51 1
274 68 1
274 83 1
274 87 1
274 93 1
274 122 1
274 194 1
275 177 1
276 3 1
276 7 1
276 28 1
276 119 1
276 126 1
276 131 1
276 143 1
276 225 1
276 247 1
276 265 1
277 4 1
277 13 1
277 18 1
277 33 1
277 51 1
277 88 1
277 161 1
277 164 1
277 208 1
277 226 1
277 230 1
277 246 1
278 19 1
278 33 1
278 98 1
278 106 1
278 125 1
278 135 1
278 140 1
278 242 1
280 192 1
283 5 1
284 4 1
284 165 1
