1 8 1
1 231 1
2 13 1
2 19 1
2 36 1
2 43 1
2 64 1
2 68 1
2 74 1
2 91 1
2 99 1
2 101 1
2 106 1
2 112 1
2 120 1
2 124 1
2 126 1
2 131 1
2 173 1
2 178 1
2 196 1
2 202 1
2 205 1
2 219 1
2 221 1
2 241 1
3 4 1
3 7 1
3 13 1
3 19 1
3 22 1
3 42 1
3 43 1
3 49 1
3 55 1
3 59 1
3 60 1
3 64 1
3 68 1
3 85 1
3 86 1
3 91 1
3 94 1
3 96 1
3 107 1
3 110 1
3 112 1
3 117 1
3 121 1
3 135 1
3 138 1
3 143 1
3 149 1
3 150 1
3 155 1
3 178 1
3 188 1
3 202 1
3 203 1
3 204 1
3 205 1
3 208 1
3 214 1
3 218 1
3 221 1
3 229 1
3 257 1
4 7 1
4 15 1
4 17 1
4 21 1
4 32 1
4 41 1
4 42 1
4 54 1
4 60 1
4 61 1
4 64 1
4 68 1
4 71 1
4 110 1
4 117 1
4 118 1
4 126 1
4 131 1
4 134 1
4 138 1
4 139 1
4 150 1
4 151 1
4 172 1
4 173 1
4 192 1
4 196 1
4 204 1
4 205 1
4 227 1
4 246 1
4 256 1
4 285 1
5 1 1
5 2 1
5 3 1
5 14 1
5 19 1
5 20 1
5 39 1
5 50 1
5 59 1
5 66 1
5 70 1
5 72 1
5 76 1
5 94 1
5 114 1
5 118 1
5 119 1
5 121 1
5 126 1
5 138 1
5 143 1
5 168 1
5 173 1
5 178 1
5 186 1
5 195 1
5 205 1
5 208 1
5 225 1
5 227 1
5 248 1
5 274 1
5 275 1
5 284 1
5 290 1
6 99 1
6 125 1
6 135 1
6 136 1
6 179 1
6 202 1
6 215 1
6 222 1
7 3 1
7 4 1
7 5 1
7 14 1
7 21 1
7 42 1
7 43 1
7 49 1
7 53 1
7 59 1
7 60 1
7 64 1
7 110 1
7 118 1
7 126 1
7 128 1
7 134 1
7 143 1
7 150 1
7 173 1
7 178 1
7 188 1
7 194 1
7 203 1
7 214 1
7 218 1
7 260 1
8 3 1
8 13 1
8 53 1
8 70 1
8 85 1
8 87 1
8 116 1
8 127 1
8 146 1
8 177 1
8 212 1
8 237 1
8 239 1
8 283 1
9 13 1
9 16 1
9 32 1
9 78 1
9 85 1
9 98 1
9 126 1
9 173 1
9 194 1
9 279 1
10 55 1
10 104 1
10 108 1
10 196 1
10 202 1
10 208 1
10 251 1
10 279 1
11 3 1
11 43 1
11 76 1
11 138 1
11 143 1
11 208 1
11 229 1
11 233 1
11 272 1
12 4 1
12 46 1
12 129 1
12 130 1
12 151 1
12 264 1
12 276 1
13 2 1
13 3 1
13 5 1
13 7 1
13 10 1
13 11 1
13 19 1
13 32 1
13 54 1
13 55 1
13 60 1
13 62 1
13 63 1
13 64 1
13 67 1
13 68 1
13 83 1
13 88 1
13 91 1
13 102 1
13 112 1
13 117 1
13 118 1
13 120 1
13 131 1
13 133 1
13 143 1
13 149 1
13 150 1
13 173 1
13 178 1
13 192 1
13 194 1
13 200 1
13 202 1
13 203 1
13 205 1
13 208 1
13 210 1
13 218 1
13 228 1
13 229 1
13 238 1
13 240 1
13 282 1
14 3 1
14 5 1
14 13 1
14 48 1
14 60 1
14 96 1
14 108 1
14 118 1
14 119 1
14 120 1
14 122 1
14 126 1
14 131 1
14 138 1
14 143 1
14 146 1
14 150 1
14 173 1
14 182 1
14 186 1
14 192 1
14 200 1
14 208 1
14 227 1
14 255 1
14 260 1
15 2 1
15 13 1
15 63 1
15 72 1
15 88 1
15 118 1
15 124 1
15 126 1
15 137 1
15 138 1
15 173 1
15 210 1
15 225 1
15 256 1
15 258 1
15 284 1
15 286 1
16 5 1
16 103 1
16 122 1
16 283 1
17 61 1
17 88 1
17 96 1
18 57 1
18 104 1
18 189 1
18 198 1
18 199 1
18 233 1
19 74 1
19 77 1
19 178 1
19 205 1
20 10 1
20 70 1
20 123 1
20 158 1
20 178 1
20 267 1
21 22 1
21 51 1
21 121 1
21 126 1
21 135 1
21 193 1
21 206 1
21 265 1
21 285 1
22 28 1
22 64 1
22 85 1
22 112 1
22 121 1
22 140 1
22 150 1
22 167 1
22 169 1
22 173 1
22 205 1
22 209 1
22 294 1
23 1 1
23 21 1
23 33 1
23 67 1
23 102 1
23 123 1
23 160 1
23 196 1
23 206 1
23 209 1
23 211 1
23 254 1
23 260 1
23 263 1
24 11 1
24 13 1
24 43 1
24 59 1
24 60 1
24 87 1
24 91 1
24 94 1
24 118 1
24 119 1
24 120 1
24 130 1
24 143 1
24 149 1
24 154 1
24 173 1
24 202 1
24 208 1
24 226 1
25 7 1
25 20 1
25 22 1
25 271 1
25 284 1
26 51 1
26 103 1
26 146 1
26 176 1
26 226 1
27 219 1
27 220 1
28 39 1
28 60 1
28 67 1
28 87 1
28 143 1
29 87 1
29 92 1
29 102 1
29 124 1
30 12 1
30 16 1
30 37 1
30 62 1
30 149 1
30 196 1
31 111 1
31 162 1
31 206 1
32 13 1
32 53 1
32 85 1
32 96 1
32 128 1
32 137 1
32 150 1
32 204 1
33 67 1
33 109 1
33 140 1
33 209 1
33 242 1
34 5 1
34 53 1
34 54 1
34 95 1
34 98 1
34 109 1
34 122 1
34 169 1
34 197 1
34 207 1
34 215 1
34 246 1
34 262 1
35 73 1
35 111 1
35 202 1
35 226 1
35 238 1
36 2 1
36 15 1
36 73 1
36 106 1
36 108 1
36 126 1
36 131 1
36 152 1
36 154 1
36 158 1
36 173 1
36 214 1
36 227 1
36 246 1
36 247 1
36 280 1
37 1 1
37 19 1
37 30 1
37 78 1
37 138 1
37 148 1
37 183 1
38 70 1
38 94 1
38 196 1
38 226 1
38 283 1
39 6 1
39 139 1
39 254 1
40 59 1
40 63 1
40 66 1
40 72 1
40 113 1
40 133 1
40 146 1
40 161 1
40 225 1
40 278 1
41 134 1
41 192 1
41 193 1
41 195 1
41 215 1
42 3 1
42 13 1
42 27 1
42 55 1
42 146 1
42 283 1
43 2 1
43 15 1
43 122 1
43 138 1
43 143 1
43 173 1
43 192 1
43 225 1
43 243 1
43 261 1
44 13 1
44 16 1
44 39 1
44 87 1
44 114 1
44 126 1
44 164 1
44 190 1
44 219 1
44 227 1
44 231 1
44 233 1
44 237 1
44 247 1
44 284 1
45 2 1
45 3 1
45 4 1
45 5 1
45 7 1
45 11 1
45 13 1
45 14 1
45 16 1
45 17 1
45 18 1
45 19 1
45 20 1
45 21 1
45 24 1
45 27 1
45 29 1
45 31 1
45 32 1
45 33 1
45 35 1
45 36 1
45 37 1
45 43 1
45 46 1
45 47 1
45 48 1
45 49 1
45 58 1
45 59 1
45 60 1
45 63 1
45 65 1
45 67 1
45 68 1
45 70 1
45 71 1
45 72 1
45 73 1
45 74 1
45 76 1
45 83 1
45 85 1
45 87 1
45 88 1
45 91 1
45 92 1
45 93 1
45 94 1
45 96 1
45 98 1
45 99 1
45 100 1
45 103 1
45 104 1
45 106 1
45 109 1
45 110 1
45 111 1
45 112 1
45 114 1
45 115 1
45 116 1
45 118 1
45 119 1
45 120 1
45 121 1
45 122 1
45 123 1
45 124 1
45 125 1
45 126 1
45 130 1
45 131 1
45 133 1
45 137 1
45 138 1
45 139 1
45 140 1
45 142 1
45 143 1
45 144 1
45 150 1
45 151 1
45 152 1
45 156 1
45 158 1
45 160 1
45 162 1
45 163 1
45 165 1
45 166 1
45 172 1
45 173 1
45 177 1
45 178 1
45 182 1
45 185 1
45 186 1
45 188 1
45 192 1
45 193 1
45 194 1
45 196 1
45 199 1
45 200 1
45 201 1
45 202 1
45 203 1
45 204 1
45 205 1
45 207 1
45 208 1
45 210 1
45 214 1
45 217 1
45 218 1
45 219 1
45 221 1
45 225 1
45 226 1
45 227 1
45 229 1
45 230 1
45 233 1
45 234 1
45 238 1
45 240 1
45 245 1
45 246 1
45 249 1
45 260 1
45 285 1
45 296 1
46 3 1
46 9 1
46 13 1
46 39 1
46 144 1
47 2 1
47 6 1
47 15 1
47 17 1
47 75 1
47 96 1
47 103 1
47 126 1
47 140 1
47 196 1
47 205 1
47 206 1
47 219 1
47 227 1
48 13 1
48 14 1
48 22 1
48 68 1
48 91 1
48 110 1
48 118 1
48 119 1
48 120 1
48 126 1
48 138 1
48 150 1
48 173 1
48 202 1
48 205 1
48 225 1
48 229 1
48 237 1
49 3 1
49 4 1
49 5 1
49 7 1
49 21 1
49 43 1
49 64 1
49 83 1
49 94 1
49 110 1
49 112 1
49 119 1
49 128 1
49 134 1
49 138 1
49 143 1
49 188 1
49 192 1
49 199 1
49 246 1
50 41 1
50 43 1
50 61 1
50 71 1
50 104 1
50 119 1
50 138 1
50 151 1
50 169 1
50 207 1
50 214 1
50 225 1
50 282 1
51 17 1
51 164 1
51 202 1
51 237 1
51 277 1
51 283 1
52 5 1
52 31 1
52 51 1
52 92 1
52 110 1
52 146 1
52 210 1
52 239 1
52 246 1
53 35 1
53 110 1
53 143 1
53 186 1
53 208 1
53 240 1
53 254 1
54 145 1
56 4 1
56 83 1
56 92 1
56 181 1
56 256 1
57 106 1
57 126 1
57 200 1
59 60 1
59 94 1
59 150 1
59 154 1
59 161 1
59 205 1
59 225 1
60 32 1
60 57 1
60 59 1
60 71 1
60 94 1
60 96 1
60 104 1
60 122 1
60 126 1
60 130 1
60 173 1
60 200 1
60 214 1
61 27 1
61 60 1
61 69 1
61 199 1
61 295 1
62 83 1
62 165 1
62 185 1
63 212 1
64 68 1
64 91 1
64 112 1
64 205 1
64 247 1
65 3 1
65 5 1
65 13 1
65 85 1
65 87 1
65 102 1
65 173 1
65 182 1
65 203 1
65 257 1
65 285 1
66 31 1
66 59 1
66 63 1
66 135 1
66 154 1
67 28 1
67 33 1
67 143 1
68 58 1
68 64 1
68 91 1
68 99 1
68 135 1
68 194 1
69 97 1
69 119 1
69 128 1
69 275 1
70 20 1
70 94 1
71 133 1
72 3 1
72 103 1
72 124 1
72 185 1
72 194 1
72 195 1
72 210 1
73 3 1
73 21 1
73 23 1
73 32 1
73 71 1
73 85 1
73 126 1
73 133 1
73 134 1
73 209 1
73 262 1
74 2 1
74 4 1
74 5 1
74 13 1
74 19 1
74 60 1
74 64 1
74 87 1
74 88 1
74 107 1
74 126 1
74 173 1
74 178 1
74 199 1
74 205 1
74 241 1
74 242 1
75 3 1
75 4 1
75 13 1
75 16 1
75 17 1
75 28 1
75 44 1
75 47 1
75 96 1
75 118 1
75 126 1
75 138 1
75 164 1
75 173 1
75 188 1
75 227 1
75 240 1
75 277 1
76 2 1
76 5 1
76 11 1
76 13 1
76 14 1
76 119 1
76 126 1
76 168 1
76 202 1
76 203 1
76 208 1
76 244 1
76 284 1
77 65 1
77 285 1
78 3 1
78 9 1
78 42 1
78 54 1
78 115 1
78 116 1
78 124 1
78 170 1
78 173 1
78 194 1
79 16 1
79 71 1
79 87 1
79 91 1
79 132 1
79 193 1
80 58 1
80 81 1
80 175 1
80 242 1
81 60 1
82 84 1
82 176 1
83 119 1
83 126 1
84 101 1
84 199 1
85 6 1
85 13 1
85 18 1
85 32 1
85 33 1
85 57 1
85 59 1
85 60 1
85 66 1
85 86 1
85 93 1
85 94 1
85 99 1
85 112 1
85 114 1
85 116 1
85 119 1
85 122 1
85 125 1
85 130 1
85 165 1
85 166 1
85 171 1
85 183 1
85 193 1
85 197 1
85 207 1
85 216 1
85 217 1
85 227 1
85 241 1
85 267 1
85 269 1
85 279 1
85 281 1
85 285 1
86 4 1
86 12 1
86 46 1
86 77 1
86 130 1
86 151 1
86 208 1
86 219 1
86 230 1
86 239 1
86 246 1
87 3 1
87 5 1
87 7 1
87 9 1
87 13 1
87 14 1
87 49 1
87 66 1
87 67 1
87 78 1
87 84 1
87 92 1
87 100 1
87 104 1
87 106 1
87 110 1
87 112 1
87 114 1
87 115 1
87 116 1
87 119 1
87 120 1
87 126 1
87 128 1
87 131 1
87 133 1
87 143 1
87 153 1
87 169 1
87 205 1
87 212 1
87 225 1
87 226 1
87 227 1
87 236 1
87 239 1
88 13 1
88 28 1
88 35 1
88 67 1
88 155 1
88 169 1
88 258 1
89 9 1
89 60 1
89 147 1
89 149 1
89 235 1
90 62 1
90 70 1
90 72 1
90 122 1
90 150 1
90 247 1
90 262 1
90 278 1
91 52 1
91 68 1
91 170 1
91 202 1
91 225 1
91 240 1
91 254 1
92 206 1
92 249 1
93 285 1
94 13 1
94 20 1
94 30 1
94 59 1
94 70 1
94 143 1
94 280 1
95 93 1
95 183 1
95 237 1
96 4 1
96 17 1
96 32 1
96 60 1
96 122 1
96 151 1
97 51 1
97 92 1
97 211 1
97 217 1
98 3 1
98 9 1
98 13 1
98 32 1
98 59 1
98 85 1
98 87 1
98 88 1
98 104 1
98 119 1
98 134 1
98 146 1
98 168 1
98 208 1
99 15 1
99 51 1
99 67 1
99 68 1
99 72 1
99 94 1
99 100 1
99 101 1
99 105 1
99 119 1
99 124 1
99 141 1
99 177 1
99 185 1
99 194 1
99 217 1
99 254 1
99 257 1
99 284 1
100 143 1
100 146 1
100 218 1
100 226 1
100 248 1
101 31 1
101 39 1
101 84 1
102 26 1
102 63 1
102 64 1
102 99 1
102 180 1
102 260 1
103 16 1
103 72 1
103 88 1
103 100 1
103 115 1
103 156 1
103 180 1
103 196 1
103 199 1
103 201 1
103 210 1
103 265 1
104 3 1
104 13 1
104 88 1
104 91 1
104 119 1
104 120 1
104 151 1
104 203 1
104 205 1
104 208 1
104 257 1
105 12 1
105 17 1
105 51 1
105 70 1
105 206 1
105 225 1
105 297 1
106 13 1
106 72 1
106 94 1
106 112 1
106 116 1
106 119 1
106 124 1
106 173 1
107 13 1
107 28 1
107 56 1
107 90 1
107 120 1
107 133 1
107 209 1
108 84 1
108 91 1
108 109 1
108 131 1
108 142 1
108 208 1
108 246 1
109 6 1
109 13 1
109 54 1
109 71 1
109 85 1
109 123 1
109 149 1
109 171 1
109 205 1
109 208 1
109 221 1
110 5 1
110 7 1
110 126 1
110 138 1
110 147 1
110 172 1
111 31 1
111 51 1
111 57 1
111 190 1
112 3 1
112 64 1
112 68 1
112 72 1
112 91 1
112 106 1
112 268 1
113 3 1
113 53 1
113 54 1
113 99 1
113 242 1
113 247 1
113 251 1
114 44 1
114 116 1
114 125 1
114 126 1
114 164 1
114 186 1
114 199 1
114 208 1
114 210 1
114 227 1
114 233 1
114 291 1
115 3 1
115 13 1
115 32 1
115 64 1
115 68 1
115 72 1
115 88 1
115 91 1
115 102 1
115 106 1
115 112 1
115 116 1
115 117 1
115 118 1
115 119 1
115 124 1
115 133 1
115 138 1
115 170 1
115 192 1
115 204 1
115 205 1
115 207 1
115 219 1
115 285 1
116 3 1
116 7 1
116 8 1
116 13 1
116 78 1
116 114 1
116 124 1
116 127 1
116 203 1
117 43 1
117 58 1
117 143 1
118 3 1
118 19 1
118 28 1
118 43 1
118 48 1
118 64 1
118 67 1
118 87 1
118 107 1
118 112 1
118 122 1
118 130 1
118 131 1
118 138 1
118 143 1
118 173 1
118 192 1
118 199 1
118 202 1
118 204 1
118 205 1
118 214 1
118 216 1
118 229 1
118 230 1
118 253 1
119 3 1
119 4 1
119 9 1
119 13 1
119 14 1
119 42 1
119 49 1
119 60 1
119 63 1
119 64 1
119 68 1
119 72 1
119 88 1
119 91 1
119 94 1
119 102 1
119 106 1
119 112 1
119 115 1
119 118 1
119 122 1
119 124 1
119 130 1
119 138 1
119 143 1
119 173 1
119 199 1
119 205 1
119 207 1
119 208 1
119 219 1
120 3 1
120 4 1
120 7 1
120 13 1
120 14 1
120 19 1
120 48 1
120 90 1
120 103 1
120 107 1
120 117 1
120 118 1
120 119 1
120 133 1
120 138 1
120 173 1
120 205 1
120 208 1
120 225 1
120 259 1
121 9 1
121 85 1
121 117 1
121 215 1
122 96 1
122 130 1
122 131 1
123 1 1
123 13 1
123 21 1
123 60 1
123 85 1
123 109 1
123 125 1
123 178 1
123 188 1
123 214 1
123 219 1
124 3 1
124 13 1
124 66 1
124 72 1
124 99 1
124 106 1
124 116 1
124 119 1
124 173 1
124 178 1
124 185 1
125 6 1
125 28 1
125 114 1
125 115 1
125 195 1
125 199 1
125 204 1
125 210 1
126 14 1
126 15 1
126 32 1
126 60 1
126 64 1
126 73 1
126 85 1
126 114 1
126 118 1
126 119 1
126 131 1
126 138 1
126 150 1
126 161 1
126 173 1
126 188 1
126 197 1
126 200 1
126 205 1
126 208 1
126 214 1
126 216 1
126 217 1
126 227 1
126 279 1
127 32 1
127 116 1
127 132 1
128 7 1
128 83 1
129 12 1
129 91 1
129 123 1
130 24 1
130 60 1
130 122 1
130 173 1
130 199 1
130 258 1
131 3 1
131 14 1
131 43 1
131 99 1
131 108 1
131 120 1
131 122 1
131 126 1
131 138 1
131 139 1
131 146 1
131 156 1
131 173 1
131 192 1
131 200 1
131 227 1
131 246 1
131 279 1
132 8 1
132 55 1
132 91 1
132 124 1
132 207 1
132 213 1
132 241 1
132 292 1
133 3 1
133 28 1
133 42 1
133 54 1
133 62 1
133 71 1
133 72 1
133 73 1
133 110 1
133 112 1
133 115 1
133 134 1
133 171 1
133 173 1
133 192 1
134 28 1
134 41 1
134 43 1
134 192 1
134 245 1
136 77 1
136 97 1
136 135 1
136 207 1
136 208 1
136 285 1
137 258 1
138 3 1
138 13 1
138 19 1
138 42 1
138 43 1
138 48 1
138 64 1
138 68 1
138 73 1
138 107 1
138 117 1
138 118 1
138 120 1
138 122 1
138 135 1
138 143 1
138 192 1
138 205 1
138 207 1
138 229 1
138 246 1
138 276 1
139 59 1
139 107 1
139 117 1
139 162 1
139 245 1
139 260 1
140 159 1
140 204 1
140 217 1
140 230 1
141 53 1
141 119 1
141 276 1
142 17 1
142 73 1
142 91 1
142 108 1
142 109 1
142 167 1
142 186 1
142 199 1
142 218 1
143 43 1
143 59 1
143 66 1
143 67 1
143 87 1
143 90 1
143 94 1
143 100 1
143 112 1
143 118 1
143 128 1
143 192 1
143 216 1
143 226 1
143 227 1
143 231 1
145 54 1
145 162 1
146 8 1
146 58 1
146 64 1
146 75 1
146 85 1
146 94 1
146 143 1
146 151 1
146 159 1
146 188 1
146 199 1
146 220 1
147 111 1
147 163 1
148 59 1
148 151 1
148 172 1
149 63 1
149 88 1
149 103 1
149 105 1
149 118 1
149 138 1
149 221 1
149 287 1
150 205 1
150 229 1
151 104 1
152 1 1
152 22 1
152 28 1
152 58 1
152 84 1
152 92 1
152 136 1
152 218 1
152 240 1
152 246 1
152 264 1
152 277 1
153 3 1
153 9 1
153 77 1
153 107 1
153 143 1
153 214 1
153 256 1
154 38 1
154 163 1
154 185 1
154 192 1
154 242 1
154 285 1
155 17 1
155 56 1
155 69 1
155 93 1
155 97 1
155 246 1
155 275 1
156 68 1
156 88 1
156 91 1
156 103 1
156 110 1
156 170 1
156 196 1
156 201 1
156 279 1
157 5 1
157 30 1
157 96 1
157 155 1
157 169 1
157 245 1
157 257 1
158 53 1
158 87 1
158 98 1
158 119 1
158 139 1
158 159 1
158 181 1
158 189 1
158 204 1
159 111 1
159 113 1
159 163 1
159 210 1
159 215 1
160 3 1
160 7 1
160 13 1
160 42 1
160 110 1
160 119 1
160 172 1
160 254 1
160 285 1
161 41 1
161 105 1
161 135 1
161 180 1
161 192 1
161 224 1
161 230 1
161 246 1
161 256 1
161 279 1
162 18 1
162 48 1
162 68 1
162 87 1
162 145 1
162 211 1
162 225 1
162 262 1
162 288 1
163 8 1
163 17 1
163 128 1
163 132 1
163 136 1
163 180 1
163 209 1
163 215 1
163 234 1
164 64 1
164 78 1
164 106 1
164 112 1
164 113 1
164 120 1
164 149 1
164 193 1
164 232 1
164 245 1
165 55 1
165 92 1
165 104 1
165 119 1
165 217 1
165 234 1
166 87 1
166 104 1
166 133 1
166 136 1
166 153 1
167 3 1
167 19 1
167 27 1
167 28 1
167 51 1
167 88 1
167 131 1
167 173 1
167 197 1
167 227 1
167 281 1
168 58 1
168 69 1
168 99 1
168 119 1
168 124 1
168 159 1
168 166 1
168 204 1
168 208 1
168 242 1
169 44 1
169 179 1
169 181 1
169 187 1
169 196 1
169 206 1
169 246 1
169 254 1
170 9 1
170 66 1
170 82 1
170 137 1
170 174 1
170 240 1
171 31 1
171 94 1
171 170 1
171 192 1
171 213 1
171 249 1
172 1 1
172 5 1
172 110 1
172 148 1
172 186 1
172 249 1
173 3 1
173 4 1
173 14 1
173 28 1
173 42 1
173 43 1
173 54 1
173 68 1
173 102 1
173 106 1
173 115 1
173 117 1
173 118 1
173 122 1
173 126 1
173 133 1
173 134 1
173 138 1
173 140 1
173 143 1
173 150 1
173 192 1
173 208 1
173 227 1
173 263 1
173 285 1
174 28 1
174 69 1
174 71 1
174 76 1
174 126 1
174 133 1
174 136 1
174 151 1
174 200 1
174 248 1
174 259 1
175 35 1
175 47 1
175 186 1
175 226 1
175 278 1
176 96 1
176 112 1
176 193 1
176 203 1
176 231 1
177 35 1
177 64 1
177 68 1
177 99 1
177 101 1
177 109 1
177 194 1
178 19 1
178 20 1
178 34 1
178 70 1
178 89 1
178 99 1
178 102 1
178 123 1
178 125 1
178 158 1
178 179 1
178 226 1
178 271 1
179 4 1
179 55 1
179 78 1
179 118 1
179 143 1
179 160 1
179 170 1
179 202 1
179 224 1
179 260 1
180 3 1
180 140 1
180 167 1
180 194 1
180 204 1
180 227 1
180 233 1
180 246 1
181 113 1
181 118 1
181 126 1
181 137 1
181 148 1
181 196 1
181 236 1
182 84 1
182 116 1
182 151 1
182 171 1
182 211 1
182 229 1
183 4 1
183 22 1
183 56 1
183 84 1
183 107 1
183 198 1
183 262 1
183 271 1
183 273 1
184 94 1
184 179 1
184 238 1
184 242 1
185 143 1
185 153 1
185 210 1
185 230 1
186 16 1
186 53 1
186 109 1
186 114 1
186 142 1
186 154 1
186 172 1
186 176 1
187 17 1
187 96 1
187 119 1
187 153 1
187 161 1
187 204 1
188 16 1
188 59 1
188 60 1
188 69 1
188 85 1
188 94 1
188 101 1
188 123 1
188 149 1
188 150 1
188 162 1
188 219 1
188 221 1
188 229 1
188 258 1
188 259 1
189 87 1
189 151 1
189 250 1
190 3 1
190 6 1
190 13 1
190 14 1
190 21 1
190 44 1
190 86 1
190 92 1
190 118 1
190 120 1
190 122 1
190 138 1
190 157 1
190 173 1
190 223 1
190 241 1
190 251 1
191 3 1
191 4 1
191 5 1
191 7 1
191 13 1
191 14 1
191 15 1
191 16 1
191 63 1
191 64 1
191 72 1
191 85 1
191 87 1
191 88 1
191 106 1
191 112 1
191 118 1
191 120 1
191 124 1
191 126 1
191 138 1
191 148 1
191 173 1
191 194 1
191 195 1
191 202 1
191 203 1
191 205 1
191 209 1
191 229 1
191 285 1
192 5 1
192 17 1
192 83 1
192 117 1
192 128 1
192 134 1
192 138 1
192 150 1
192 171 1
192 185 1
192 246 1
193 9 1
193 63 1
193 231 1
193 252 1
193 258 1
194 4 1
194 7 1
194 21 1
194 28 1
194 43 1
194 70 1
194 172 1
194 203 1
194 207 1
194 279 1
195 41 1
195 72 1
195 137 1
195 181 1
195 266 1
196 32 1
196 33 1
196 85 1
196 103 1
196 118 1
196 144 1
196 180 1
196 254 1
197 43 1
197 121 1
197 167 1
197 238 1
198 5 1
198 10 1
198 17 1
198 18 1
198 39 1
198 96 1
198 111 1
198 126 1
198 131 1
198 157 1
198 188 1
198 189 1
198 220 1
198 246 1
199 20 1
199 115 1
199 125 1
199 130 1
199 136 1
199 138 1
199 192 1
199 208 1
200 14 1
200 43 1
200 51 1
200 100 1
200 108 1
200 131 1
200 140 1
200 143 1
200 192 1
200 208 1
200 246 1
201 17 1
201 32 1
201 88 1
201 103 1
201 115 1
201 118 1
201 144 1
201 156 1
201 163 1
201 173 1
201 180 1
201 194 1
201 196 1
201 210 1
201 266 1
202 35 1
202 91 1
202 205 1
202 222 1
202 234 1
202 238 1
203 5 1
203 7 1
203 13 1
203 62 1
203 64 1
203 68 1
203 76 1
203 109 1
203 168 1
203 178 1
203 194 1
203 205 1
204 32 1
204 64 1
204 99 1
204 140 1
204 182 1
205 2 1
205 19 1
205 64 1
205 74 1
205 150 1
205 170 1
205 203 1
205 204 1
206 10 1
206 31 1
206 118 1
206 136 1
206 137 1
206 138 1
206 193 1
206 249 1
207 10 1
207 195 1
207 227 1
208 11 1
208 51 1
208 76 1
208 143 1
208 199 1
208 200 1
209 33 1
210 72 1
210 117 1
210 185 1
210 189 1
210 196 1
211 60 1
211 92 1
211 170 1
211 207 1
211 233 1
211 273 1
212 55 1
212 63 1
212 129 1
212 146 1
212 257 1
213 79 1
213 90 1
213 103 1
213 132 1
213 136 1
213 171 1
214 17 1
214 49 1
214 59 1
214 60 1
214 123 1
214 146 1
214 188 1
214 192 1
214 200 1
214 225 1
214 280 1
215 51 1
215 118 1
215 134 1
215 136 1
215 163 1
215 216 1
215 255 1
216 58 1
216 60 1
216 104 1
216 278 1
217 25 1
217 99 1
217 177 1
217 227 1
218 7 1
218 142 1
218 217 1
218 219 1
219 30 1
219 53 1
219 60 1
219 71 1
219 196 1
219 227 1
219 236 1
219 259 1
219 276 1
220 4 1
220 6 1
220 16 1
220 32 1
220 72 1
220 96 1
220 101 1
220 111 1
220 165 1
220 166 1
220 184 1
220 198 1
220 204 1
220 206 1
220 233 1
220 266 1
221 126 1
221 141 1
221 149 1
221 188 1
222 1 1
222 22 1
222 53 1
222 91 1
222 152 1
222 200 1
222 202 1
222 230 1
223 164 1
224 4 1
225 48 1
225 120 1
225 138 1
226 35 1
226 77 1
226 143 1
226 251 1
227 35 1
227 114 1
227 126 1
227 134 1
227 173 1
227 207 1
227 217 1
228 3 1
228 102 1
228 149 1
228 170 1
228 188 1
228 213 1
228 227 1
228 245 1
228 258 1
228 285 1
229 11 1
229 150 1
230 140 1
230 185 1
232 3 1
232 7 1
232 15 1
232 19 1
232 25 1
232 99 1
232 126 1
232 131 1
232 147 1
232 166 1
232 206 1
232 208 1
232 240 1
232 246 1
232 259 1
233 189 1
233 219 1
233 242 1
233 245 1
234 1 1
234 4 1
234 5 1
234 31 1
234 33 1
234 86 1
234 106 1
234 119 1
234 165 1
234 173 1
234 217 1
234 231 1
234 268 1
234 273 1
234 289 1
235 10 1
235 11 1
235 31 1
235 92 1
235 102 1
235 103 1
235 216 1
235 241 1
235 252 1
235 268 1
236 130 1
236 141 1
237 204 1
237 240 1
238 184 1
238 197 1
239 53 1
239 169 1
239 238 1
239 257 1
239 258 1
239 262 1
239 277 1
240 91 1
241 190 1
242 206 1
245 78 1
245 139 1
245 144 1
245 248 1
246 17 1
246 105 1
246 131 1
246 139 1
247 157 1
247 214 1
247 273 1
248 256 1
249 206 1
250 10 1
250 12 1
250 17 1
250 54 1
250 67 1
250 133 1
250 182 1
251 196 1
253 54 1
253 172 1
253 216 1
253 225 1
253 231 1
254 4 1
254 58 1
254 177 1
254 192 1
255 10 1
255 29 1
255 221 1
256 28 1
256 131 1
256 200 1
256 248 1
257 33 1
257 59 1
257 70 1
257 212 1
257 239 1
258 27 1
258 102 1
258 137 1
259 281 1
263 109 1
263 151 1
264 204 1
264 293 1
265 84 1
265 101 1
266 13 1
266 85 1
267 70 1
267 72 1
268 16 1
268 62 1
269 5 1
269 9 1
269 32 1
269 64 1
269 117 1
269 161 1
269 206 1
269 212 1
270 9 1
270 19 1
270 37 1
270 77 1
270 80 1
270 130 1
270 134 1
270 169 1
270 171 1
270 231 1
270 284 1
271 132 1
272 8 1
272 21 1
272 126 1
272 138 1
272 193 1
272 212 1
272 213 1
272 255 1
272 264 1
272 285 1
273 219 1
274 1 1
274 18 1
274 30 1
274 133 1
274 196 1
274 206 1
274 215 1
274 227 1
274 270 1
275 223 1
276 10 1
276 22 1
276 31 1
276 35 1
276 91 1
276 134 1
276 141 1
276 179 1
276 216 1
276 226 1
277 3 1
277 59 1
277 75 1
277 87 1
277 118 1
277 126 1
277 138 1
277 149 1
277 154 1
277 167 1
277 196 1
277 214 1
278 57 1
278 103 1
278 171 1
278 192 1
278 196 1
278 211 1
278 214 1
278 220 1
280 285 1
283 63 1
284 15 1
284 124 1
