1 134 1
1 210 1
2 3 1
2 4 1
2 13 1
2 14 1
2 32 1
2 64 1
2 72 1
2 76 1
2 94 1
2 99 1
2 112 1
2 117 1
2 126 1
2 133 1
2 139 1
2 143 1
2 185 1
2 196 1
2 200 1
2 205 1
2 211 1
2 227 1
2 240 1
2 255 1
3 2 1
3 13 1
3 14 1
3 17 1
3 30 1
3 32 1
3 44 1
3 48 1
3 53 1
3 64 1
3 72 1
3 76 1
3 88 1
3 91 1
3 94 1
3 103 1
3 120 1
3 124 1
3 134 1
3 135 1
3 139 1
3 143 1
3 144 1
3 151 1
3 173 1
3 192 1
3 193 1
3 196 1
3 200 1
3 205 1
3 207 1
3 208 1
3 214 1
3 216 1
3 218 1
3 227 1
3 231 1
3 239 1
3 254 1
3 255 1
3 285 1
4 3 1
4 7 1
4 9 1
4 13 1
4 41 1
4 43 1
4 59 1
4 60 1
4 84 1
4 101 1
4 109 1
4 112 1
4 118 1
4 119 1
4 120 1
4 124 1
4 134 1
4 138 1
4 143 1
4 150 1
4 173 1
4 178 1
4 188 1
4 192 1
4 202 1
4 203 1
4 205 1
4 206 1
4 208 1
4 273 1
4 276 1
4 285 1
4 288 1
5 2 1
5 3 1
5 13 1
5 19 1
5 28 1
5 31 1
5 32 1
5 35 1
5 43 1
5 60 1
5 64 1
5 72 1
5 77 1
5 88 1
5 96 1
5 106 1
5 107 1
5 114 1
5 119 1
5 126 1
5 131 1
5 135 1
5 138 1
5 163 1
5 171 1
5 173 1
5 178 1
5 204 1
5 205 1
5 206 1
5 208 1
5 214 1
5 227 1
5 242 1
5 291 1
6 13 1
6 18 1
6 51 1
6 88 1
6 149 1
6 165 1
6 197 1
6 293 1
7 1 1
7 3 1
7 5 1
7 11 1
7 14 1
7 17 1
7 48 1
7 57 1
7 64 1
7 72 1
7 99 1
7 120 1
7 121 1
7 126 1
7 130 1
7 138 1
7 143 1
7 165 1
7 173 1
7 199 1
7 202 1
7 203 1
7 205 1
7 207 1
7 227 1
7 246 1
7 285 1
8 17 1
8 21 1
8 28 1
8 68 1
8 104 1
8 125 1
8 130 1
8 173 1
8 211 1
8 228 1
8 238 1
8 256 1
8 284 1
8 285 1
9 5 1
9 13 1
9 28 1
9 59 1
9 92 1
9 110 1
9 124 1
9 143 1
9 148 1
9 171 1
10 80 1
10 88 1
10 112 1
10 126 1
10 169 1
10 186 1
10 229 1
10 246 1
11 7 1
11 44 1
11 123 1
11 126 1
11 135 1
11 153 1
11 173 1
11 214 1
11 216 1
12 54 1
12 75 1
12 101 1
12 173 1
12 208 1
12 240 1
12 256 1
13 1 1
13 3 1
13 8 1
13 14 1
13 16 1
13 28 1
13 32 1
13 33 1
13 43 1
13 60 1
13 64 1
13 72 1
13 76 1
13 91 1
13 94 1
13 96 1
13 99 1
13 103 1
13 110 1
13 111 1
13 112 1
13 116 1
13 118 1
13 119 1
13 120 1
13 124 1
13 134 1
13 138 1
13 143 1
13 151 1
13 173 1
13 196 1
13 200 1
13 205 1
13 206 1
13 208 1
13 218 1
13 225 1
13 226 1
13 227 1
13 229 1
13 233 1
13 254 1
13 271 1
13 281 1
14 2 1
14 3 1
14 5 1
14 17 1
14 32 1
14 48 1
14 60 1
14 64 1
14 72 1
14 76 1
14 87 1
14 91 1
14 94 1
14 99 1
14 124 1
14 126 1
14 133 1
14 138 1
14 139 1
14 151 1
14 173 1
14 192 1
14 196 1
14 208 1
14 227 1
14 246 1
15 3 1
15 4 1
15 13 1
15 14 1
15 32 1
15 83 1
15 91 1
15 124 1
15 143 1
15 149 1
15 173 1
15 178 1
15 193 1
15 194 1
15 200 1
15 254 1
15 256 1
16 3 1
16 42 1
16 122 1
16 241 1
17 28 1
17 37 1
17 43 1
18 6 1
18 43 1
18 58 1
18 131 1
18 202 1
18 270 1
19 31 1
19 122 1
19 131 1
19 221 1
20 5 1
20 94 1
20 119 1
20 131 1
20 140 1
20 204 1
21 2 1
21 64 1
21 67 1
21 119 1
21 125 1
21 126 1
21 215 1
21 256 1
21 260 1
22 16 1
22 71 1
22 101 1
22 107 1
22 150 1
22 166 1
22 173 1
22 188 1
22 221 1
22 247 1
22 253 1
22 258 1
22 284 1
23 3 1
23 21 1
23 28 1
23 70 1
23 87 1
23 88 1
23 93 1
23 128 1
23 170 1
23 173 1
23 188 1
23 218 1
23 225 1
23 249 1
24 5 1
24 13 1
24 30 1
24 35 1
24 72 1
24 93 1
24 118 1
24 138 1
24 172 1
24 173 1
24 178 1
24 203 1
24 205 1
24 207 1
24 212 1
24 226 1
24 231 1
24 235 1
24 246 1
25 68 1
25 150 1
25 154 1
25 204 1
25 275 1
26 54 1
26 123 1
26 138 1
26 153 1
26 169 1
27 42 1
27 110 1
28 13 1
28 16 1
28 18 1
28 222 1
28 259 1
29 4 1
29 164 1
29 166 1
29 182 1
30 31 1
30 151 1
30 164 1
30 170 1
30 242 1
30 284 1
31 19 1
31 127 1
31 220 1
32 2 1
32 53 1
32 64 1
32 70 1
32 94 1
32 143 1
32 178 1
32 200 1
33 25 1
33 41 1
33 129 1
33 210 1
33 213 1
34 4 1
34 19 1
34 65 1
34 79 1
34 88 1
34 117 1
34 146 1
34 149 1
34 150 1
34 154 1
34 155 1
34 170 1
34 247 1
35 130 1
35 173 1
35 181 1
35 202 1
35 203 1
36 4 1
36 60 1
36 64 1
36 68 1
36 103 1
36 109 1
36 116 1
36 118 1
36 119 1
36 126 1
36 138 1
36 143 1
36 215 1
36 233 1
36 246 1
36 260 1
37 17 1
37 78 1
37 102 1
37 105 1
37 108 1
37 146 1
37 283 1
38 33 1
38 195 1
38 205 1
38 240 1
38 281 1
39 216 1
39 241 1
39 278 1
40 5 1
40 59 1
40 63 1
40 96 1
40 115 1
40 121 1
40 164 1
40 176 1
40 200 1
40 204 1
41 33 1
41 84 1
41 118 1
41 264 1
41 283 1
42 88 1
42 115 1
42 118 1
42 180 1
42 217 1
42 237 1
43 58 1
43 59 1
43 72 1
43 112 1
43 119 1
43 120 1
43 140 1
43 150 1
43 192 1
43 225 1
44 3 1
44 4 1
44 7 1
44 11 1
44 28 1
44 87 1
44 96 1
44 126 1
44 143 1
44 163 1
44 171 1
44 173 1
44 203 1
44 208 1
44 214 1
45 1 1
45 2 1
45 3 1
45 4 1
45 5 1
45 6 1
45 7 1
45 8 1
45 11 1
45 13 1
45 14 1
45 15 1
45 16 1
45 17 1
45 19 1
45 20 1
45 22 1
45 24 1
45 31 1
45 32 1
45 35 1
45 36 1
45 37 1
45 42 1
45 43 1
45 49 1
45 51 1
45 57 1
45 59 1
45 60 1
45 62 1
45 63 1
45 64 1
45 66 1
45 68 1
45 72 1
45 73 1
45 75 1
45 76 1
45 78 1
45 84 1
45 85 1
45 87 1
45 88 1
45 91 1
45 92 1
45 94 1
45 96 1
45 98 1
45 99 1
45 100 1
45 103 1
45 104 1
45 106 1
45 109 1
45 110 1
45 112 1
45 113 1
45 114 1
45 115 1
45 116 1
45 117 1
45 118 1
45 119 1
45 120 1
45 122 1
45 123 1
45 124 1
45 125 1
45 126 1
45 130 1
45 131 1
45 132 1
45 133 1
45 134 1
45 136 1
45 138 1
45 140 1
45 142 1
45 143 1
45 146 1
45 150 1
45 151 1
45 156 1
45 157 1
45 159 1
45 160 1
45 161 1
45 163 1
45 167 1
45 170 1
45 171 1
45 173 1
45 178 1
45 179 1
45 183 1
45 186 1
45 188 1
45 189 1
45 192 1
45 193 1
45 194 1
45 196 1
45 197 1
45 199 1
45 200 1
45 201 1
45 202 1
45 203 1
45 205 1
45 206 1
45 207 1
45 208 1
45 209 1
45 214 1
45 215 1
45 217 1
45 219 1
45 225 1
45 226 1
45 227 1
45 231 1
45 233 1
45 234 1
45 238 1
45 239 1
45 242 1
45 245 1
45 246 1
45 257 1
45 259 1
45 274 1
45 276 1
45 280 1
46 85 1
46 93 1
46 109 1
46 113 1
46 248 1
47 16 1
47 31 1
47 63 1
47 73 1
47 110 1
47 111 1
47 122 1
47 125 1
47 148 1
47 154 1
47 162 1
47 188 1
47 263 1
47 279 1
48 5 1
48 7 1
48 14 1
48 17 1
48 60 1
48 72 1
48 120 1
48 138 1
48 143 1
48 150 1
48 154 1
48 173 1
48 192 1
48 199 1
48 205 1
48 220 1
48 246 1
48 285 1
49 2 1
49 3 1
49 5 1
49 13 1
49 42 1
49 60 1
49 85 1
49 88 1
49 103 1
49 104 1
49 114 1
49 115 1
49 118 1
49 126 1
49 131 1
49 158 1
49 177 1
49 178 1
49 230 1
49 277 1
50 12 1
50 42 1
50 59 1
50 66 1
50 96 1
50 100 1
50 119 1
50 132 1
50 163 1
50 193 1
50 217 1
50 246 1
50 257 1
51 13 1
51 30 1
51 41 1
51 128 1
51 248 1
51 277 1
52 5 1
52 9 1
52 84 1
52 110 1
52 119 1
52 130 1
52 138 1
52 155 1
52 176 1
53 25 1
53 51 1
53 115 1
53 119 1
53 120 1
53 149 1
53 165 1
54 240 1
56 15 1
56 42 1
56 62 1
56 133 1
56 240 1
57 16 1
57 31 1
57 279 1
59 9 1
59 22 1
59 43 1
59 149 1
59 179 1
59 192 1
59 262 1
60 87 1
60 111 1
60 112 1
60 114 1
60 124 1
60 126 1
60 134 1
60 143 1
60 178 1
60 193 1
60 196 1
60 219 1
60 227 1
61 13 1
61 63 1
61 85 1
61 136 1
61 268 1
62 17 1
62 68 1
62 224 1
63 239 1
64 14 1
64 60 1
64 106 1
64 138 1
64 227 1
65 28 1
65 31 1
65 56 1
65 64 1
65 84 1
65 87 1
65 117 1
65 202 1
65 204 1
65 211 1
65 217 1
66 53 1
66 77 1
66 120 1
66 278 1
66 284 1
67 112 1
67 186 1
67 238 1
68 78 1
68 130 1
68 159 1
68 163 1
68 245 1
68 246 1
69 58 1
69 92 1
69 164 1
69 292 1
70 141 1
70 209 1
71 248 1
72 5 1
72 24 1
72 77 1
72 138 1
72 172 1
72 205 1
72 207 1
73 3 1
73 13 1
73 54 1
73 59 1
73 102 1
73 118 1
73 185 1
73 186 1
73 192 1
73 219 1
73 220 1
74 3 1
74 59 1
74 77 1
74 78 1
74 105 1
74 118 1
74 119 1
74 133 1
74 137 1
74 140 1
74 160 1
74 188 1
74 198 1
74 210 1
74 217 1
74 225 1
74 245 1
75 3 1
75 12 1
75 13 1
75 14 1
75 16 1
75 28 1
75 51 1
75 60 1
75 76 1
75 128 1
75 136 1
75 150 1
75 206 1
75 207 1
75 213 1
75 225 1
75 229 1
75 246 1
76 2 1
76 3 1
76 13 1
76 14 1
76 72 1
76 87 1
76 112 1
76 134 1
76 139 1
76 180 1
76 192 1
76 200 1
76 218 1
77 90 1
77 216 1
78 5 1
78 68 1
78 112 1
78 126 1
78 133 1
78 162 1
78 180 1
78 194 1
78 233 1
78 242 1
79 9 1
79 151 1
79 217 1
79 233 1
79 241 1
79 266 1
80 39 1
80 182 1
80 196 1
80 199 1
81 224 1
82 4 1
82 47 1
83 192 1
83 241 1
84 41 1
84 57 1
85 3 1
85 4 1
85 7 1
85 10 1
85 13 1
85 32 1
85 54 1
85 60 1
85 64 1
85 94 1
85 96 1
85 99 1
85 106 1
85 117 1
85 118 1
85 122 1
85 126 1
85 133 1
85 138 1
85 143 1
85 167 1
85 178 1
85 180 1
85 196 1
85 199 1
85 206 1
85 208 1
85 210 1
85 214 1
85 219 1
85 226 1
85 227 1
85 233 1
85 262 1
85 264 1
85 282 1
86 1 1
86 27 1
86 53 1
86 66 1
86 90 1
86 159 1
86 170 1
86 172 1
86 219 1
86 229 1
86 262 1
87 3 1
87 5 1
87 7 1
87 9 1
87 12 1
87 15 1
87 19 1
87 28 1
87 32 1
87 72 1
87 82 1
87 91 1
87 101 1
87 102 1
87 106 1
87 107 1
87 114 1
87 116 1
87 126 1
87 131 1
87 134 1
87 138 1
87 141 1
87 143 1
87 150 1
87 173 1
87 192 1
87 196 1
87 203 1
87 215 1
87 226 1
87 227 1
87 236 1
87 246 1
87 273 1
87 279 1
88 44 1
88 55 1
88 68 1
88 99 1
88 102 1
88 168 1
88 179 1
89 3 1
89 55 1
89 97 1
89 141 1
89 204 1
90 3 1
90 10 1
90 13 1
90 51 1
90 91 1
90 99 1
90 144 1
90 196 1
91 13 1
91 92 1
91 103 1
91 151 1
91 192 1
91 208 1
91 227 1
92 17 1
92 240 1
93 81 1
94 21 1
94 28 1
94 122 1
94 133 1
94 136 1
94 200 1
94 227 1
95 37 1
95 169 1
95 246 1
96 64 1
96 106 1
96 126 1
96 155 1
96 199 1
96 257 1
97 3 1
97 32 1
97 59 1
97 130 1
98 4 1
98 13 1
98 17 1
98 26 1
98 29 1
98 91 1
98 124 1
98 138 1
98 172 1
98 188 1
98 201 1
98 230 1
98 242 1
98 249 1
99 3 1
99 7 1
99 14 1
99 39 1
99 49 1
99 64 1
99 72 1
99 88 1
99 98 1
99 118 1
99 125 1
99 143 1
99 146 1
99 152 1
99 192 1
99 205 1
99 246 1
99 278 1
99 286 1
100 90 1
100 110 1
100 126 1
100 209 1
100 275 1
101 70 1
101 85 1
101 108 1
102 54 1
102 67 1
102 112 1
102 126 1
102 173 1
102 188 1
103 36 1
103 55 1
103 60 1
103 110 1
103 114 1
103 116 1
103 118 1
103 150 1
103 205 1
103 212 1
103 272 1
103 281 1
104 5 1
104 16 1
104 49 1
104 85 1
104 92 1
104 106 1
104 126 1
104 158 1
104 177 1
104 210 1
104 212 1
105 43 1
105 55 1
105 131 1
105 132 1
105 149 1
105 183 1
105 261 1
106 60 1
106 64 1
106 96 1
106 126 1
106 131 1
106 138 1
106 204 1
106 247 1
107 3 1
107 56 1
107 95 1
107 116 1
107 128 1
107 149 1
107 252 1
108 27 1
108 86 1
108 87 1
108 101 1
108 145 1
108 204 1
108 236 1
109 19 1
109 43 1
109 63 1
109 64 1
109 92 1
109 112 1
109 131 1
109 190 1
109 193 1
109 221 1
109 234 1
110 100 1
110 118 1
110 128 1
110 135 1
110 251 1
110 284 1
111 69 1
111 161 1
111 204 1
111 219 1
112 43 1
112 67 1
112 119 1
112 134 1
112 138 1
112 170 1
112 258 1
113 22 1
113 27 1
113 86 1
113 122 1
113 137 1
113 225 1
113 237 1
114 49 1
114 60 1
114 102 1
114 103 1
114 104 1
114 116 1
114 118 1
114 171 1
114 177 1
114 197 1
114 230 1
114 255 1
115 17 1
115 20 1
115 43 1
115 57 1
115 60 1
115 64 1
115 72 1
115 73 1
115 74 1
115 87 1
115 91 1
115 106 1
115 118 1
115 119 1
115 126 1
115 131 1
115 146 1
115 192 1
115 196 1
115 198 1
115 205 1
115 214 1
115 225 1
115 227 1
115 254 1
116 6 1
116 7 1
116 60 1
116 103 1
116 107 1
116 114 1
116 118 1
116 206 1
116 234 1
117 17 1
117 88 1
117 223 1
118 17 1
118 19 1
118 20 1
118 21 1
118 32 1
118 55 1
118 60 1
118 71 1
118 72 1
118 74 1
118 83 1
118 91 1
118 103 1
118 105 1
118 115 1
118 117 1
118 130 1
118 140 1
118 156 1
118 189 1
118 200 1
118 205 1
118 208 1
118 225 1
118 226 1
118 231 1
119 35 1
119 43 1
119 58 1
119 59 1
119 69 1
119 96 1
119 99 1
119 103 1
119 116 1
119 118 1
119 133 1
119 138 1
119 140 1
119 143 1
119 146 1
119 150 1
119 170 1
119 173 1
119 188 1
119 192 1
119 193 1
119 202 1
119 203 1
119 208 1
119 214 1
119 225 1
119 231 1
119 237 1
119 238 1
119 259 1
119 285 1
120 10 1
120 17 1
120 22 1
120 43 1
120 47 1
120 48 1
120 53 1
120 77 1
120 91 1
120 119 1
120 143 1
120 173 1
120 192 1
120 199 1
120 205 1
120 208 1
120 212 1
120 214 1
120 284 1
120 285 1
121 23 1
121 144 1
121 168 1
121 227 1
122 16 1
122 186 1
122 214 1
123 11 1
123 92 1
123 109 1
123 110 1
123 126 1
123 137 1
123 173 1
123 194 1
123 217 1
123 246 1
123 257 1
124 13 1
124 60 1
124 70 1
124 71 1
124 111 1
124 134 1
124 138 1
124 150 1
124 190 1
124 218 1
124 256 1
125 20 1
125 68 1
125 88 1
125 99 1
125 130 1
125 173 1
125 204 1
125 205 1
126 2 1
126 3 1
126 4 1
126 7 1
126 22 1
126 48 1
126 54 1
126 60 1
126 64 1
126 71 1
126 85 1
126 96 1
126 99 1
126 106 1
126 117 1
126 118 1
126 120 1
126 138 1
126 143 1
126 196 1
126 199 1
126 208 1
126 219 1
126 227 1
126 273 1
127 31 1
127 91 1
127 202 1
128 110 1
128 202 1
129 9 1
129 202 1
129 209 1
130 8 1
130 68 1
130 122 1
130 125 1
130 173 1
130 205 1
131 3 1
131 4 1
131 5 1
131 13 1
131 19 1
131 20 1
131 32 1
131 85 1
131 106 1
131 126 1
131 138 1
131 140 1
131 143 1
131 171 1
131 204 1
131 208 1
131 227 1
131 260 1
132 4 1
132 16 1
132 49 1
132 104 1
132 145 1
132 157 1
132 179 1
132 182 1
133 3 1
133 4 1
133 12 1
133 87 1
133 94 1
133 126 1
133 138 1
133 151 1
133 162 1
133 194 1
133 210 1
133 227 1
133 229 1
133 246 1
133 254 1
134 67 1
134 112 1
134 119 1
134 124 1
134 173 1
136 27 1
136 52 1
136 104 1
136 141 1
136 162 1
136 227 1
137 210 1
138 3 1
138 4 1
138 7 1
138 59 1
138 64 1
138 96 1
138 103 1
138 111 1
138 117 1
138 118 1
138 119 1
138 126 1
138 131 1
138 143 1
138 173 1
138 199 1
138 204 1
138 205 1
138 207 1
138 208 1
138 246 1
138 285 1
139 13 1
139 185 1
139 206 1
139 209 1
139 215 1
139 268 1
140 20 1
140 32 1
140 131 1
140 179 1
141 21 1
141 70 1
141 285 1
142 13 1
142 21 1
142 118 1
142 136 1
142 158 1
142 172 1
142 197 1
142 220 1
142 226 1
143 3 1
143 7 1
143 13 1
143 32 1
143 53 1
143 60 1
143 91 1
143 94 1
143 111 1
143 120 1
143 135 1
143 192 1
143 196 1
143 208 1
143 214 1
143 216 1
145 108 1
145 132 1
146 41 1
146 51 1
146 62 1
146 83 1
146 94 1
146 110 1
146 128 1
146 139 1
146 148 1
146 164 1
146 167 1
146 205 1
147 110 1
147 226 1
148 6 1
148 47 1
148 67 1
149 21 1
149 35 1
149 51 1
149 58 1
149 65 1
149 68 1
149 196 1
149 229 1
150 124 1
150 186 1
151 14 1
152 8 1
152 60 1
152 87 1
152 101 1
152 104 1
152 120 1
152 143 1
152 169 1
152 173 1
152 208 1
152 257 1
152 266 1
153 4 1
153 5 1
153 33 1
153 104 1
153 121 1
153 199 1
153 238 1
154 30 1
154 38 1
154 205 1
154 233 1
154 236 1
154 240 1
155 10 1
155 54 1
155 83 1
155 84 1
155 122 1
155 154 1
155 239 1
156 62 1
156 115 1
156 138 1
156 172 1
156 178 1
156 180 1
156 217 1
156 226 1
156 238 1
157 19 1
157 71 1
157 91 1
157 103 1
157 119 1
157 175 1
157 208 1
158 5 1
158 15 1
158 19 1
158 63 1
158 85 1
158 166 1
158 168 1
158 251 1
158 271 1
159 9 1
159 63 1
159 117 1
159 176 1
159 237 1
160 3 1
160 27 1
160 53 1
160 68 1
160 94 1
160 146 1
160 149 1
160 229 1
160 247 1
161 10 1
161 15 1
161 53 1
161 88 1
161 94 1
161 107 1
161 108 1
161 140 1
161 185 1
161 193 1
162 42 1
162 59 1
162 122 1
162 133 1
162 146 1
162 189 1
162 216 1
162 226 1
162 246 1
163 1 1
163 68 1
163 96 1
163 97 1
163 106 1
163 126 1
163 131 1
163 200 1
163 240 1
164 3 1
164 19 1
164 43 1
164 59 1
164 112 1
164 131 1
164 137 1
164 173 1
164 192 1
164 271 1
165 55 1
165 108 1
165 136 1
165 184 1
165 234 1
165 283 1
166 1 1
166 39 1
166 43 1
166 94 1
166 147 1
167 33 1
167 134 1
167 146 1
167 160 1
167 185 1
167 202 1
167 207 1
167 210 1
167 219 1
167 283 1
167 289 1
168 19 1
168 93 1
168 112 1
168 135 1
168 152 1
168 177 1
168 207 1
168 215 1
168 230 1
168 285 1
169 17 1
169 46 1
169 50 1
169 61 1
169 70 1
169 127 1
169 154 1
169 171 1
170 21 1
170 99 1
170 210 1
170 267 1
170 276 1
170 282 1
171 9 1
171 17 1
171 59 1
171 114 1
171 198 1
171 263 1
172 5 1
172 73 1
172 85 1
172 156 1
172 229 1
172 249 1
173 7 1
173 8 1
173 14 1
173 17 1
173 28 1
173 35 1
173 48 1
173 64 1
173 70 1
173 92 1
173 94 1
173 121 1
173 130 1
173 146 1
173 150 1
173 159 1
173 192 1
173 199 1
173 202 1
173 203 1
173 205 1
173 208 1
173 227 1
173 246 1
173 256 1
173 285 1
174 1 1
174 3 1
174 6 1
174 39 1
174 119 1
174 151 1
174 181 1
174 194 1
174 213 1
174 219 1
174 258 1
175 22 1
175 91 1
175 99 1
175 108 1
175 182 1
176 53 1
176 122 1
176 169 1
176 199 1
176 266 1
177 56 1
177 173 1
177 181 1
177 186 1
177 229 1
177 230 1
177 277 1
178 3 1
178 13 1
178 32 1
178 51 1
178 60 1
178 64 1
178 98 1
178 138 1
178 143 1
178 150 1
178 205 1
178 206 1
178 249 1
179 20 1
179 62 1
179 68 1
179 71 1
179 109 1
179 117 1
179 128 1
179 219 1
179 245 1
179 280 1
180 11 1
180 35 1
180 62 1
180 102 1
180 137 1
180 194 1
180 196 1
180 208 1
181 46 1
181 55 1
181 61 1
181 63 1
181 85 1
181 148 1
181 251 1
182 66 1
182 104 1
182 152 1
182 170 1
182 223 1
182 283 1
183 1 1
183 54 1
183 64 1
183 87 1
183 138 1
183 189 1
183 242 1
183 259 1
183 287 1
184 16 1
184 54 1
184 115 1
184 165 1
185 150 1
185 195 1
185 202 1
185 208 1
186 51 1
186 67 1
186 70 1
186 73 1
186 102 1
186 122 1
186 150 1
186 221 1
187 22 1
187 58 1
187 70 1
187 163 1
187 258 1
187 279 1
188 3 1
188 16 1
188 59 1
188 68 1
188 69 1
188 74 1
188 87 1
188 151 1
188 161 1
188 181 1
188 199 1
188 206 1
188 219 1
188 221 1
188 246 1
188 276 1
189 9 1
189 10 1
189 64 1
190 3 1
190 5 1
190 19 1
190 39 1
190 44 1
190 102 1
190 109 1
190 126 1
190 131 1
190 133 1
190 138 1
190 194 1
190 201 1
190 203 1
190 219 1
190 258 1
190 279 1
191 2 1
191 3 1
191 7 1
191 13 1
191 14 1
191 18 1
191 35 1
191 43 1
191 85 1
191 91 1
191 99 1
191 106 1
191 112 1
191 119 1
191 120 1
191 121 1
191 126 1
191 130 1
191 131 1
191 138 1
191 143 1
191 165 1
191 173 1
191 178 1
191 189 1
191 192 1
191 206 1
191 208 1
191 216 1
191 225 1
191 259 1
192 68 1
192 73 1
192 85 1
192 91 1
192 112 1
192 123 1
192 147 1
192 150 1
192 194 1
192 205 1
192 216 1
193 13 1
193 88 1
193 143 1
193 187 1
193 209 1
194 11 1
194 78 1
194 97 1
194 115 1
194 117 1
194 123 1
194 126 1
194 147 1
194 215 1
194 262 1
195 13 1
195 39 1
195 138 1
195 185 1
195 230 1
196 33 1
196 102 1
196 136 1
196 151 1
196 186 1
196 227 1
196 295 1
196 297 1
197 7 1
197 21 1
197 114 1
197 142 1
198 1 1
198 73 1
198 74 1
198 85 1
198 106 1
198 115 1
198 119 1
198 126 1
198 144 1
198 182 1
198 225 1
198 241 1
198 254 1
198 269 1
199 10 1
199 43 1
199 48 1
199 96 1
199 120 1
199 219 1
199 279 1
199 285 1
200 11 1
200 15 1
200 32 1
200 42 1
200 78 1
200 94 1
200 122 1
200 153 1
200 194 1
200 260 1
200 264 1
201 3 1
201 13 1
201 21 1
201 66 1
201 85 1
201 87 1
201 91 1
201 98 1
201 124 1
201 188 1
201 190 1
201 199 1
201 206 1
201 230 1
201 285 1
202 64 1
202 85 1
202 126 1
202 129 1
202 185 1
202 238 1
203 3 1
203 4 1
203 7 1
203 35 1
203 43 1
203 85 1
203 119 1
203 126 1
203 192 1
203 202 1
203 258 1
203 285 1
204 61 1
204 107 1
204 111 1
204 125 1
204 249 1
205 72 1
205 118 1
205 153 1
205 173 1
205 192 1
205 207 1
205 212 1
205 227 1
206 12 1
206 28 1
206 31 1
206 51 1
206 114 1
206 116 1
206 169 1
206 178 1
207 72 1
207 188 1
207 252 1
208 91 1
208 120 1
208 143 1
208 173 1
208 200 1
208 265 1
209 70 1
210 87 1
210 117 1
210 133 1
210 137 1
210 166 1
211 32 1
211 70 1
211 71 1
211 109 1
211 151 1
211 157 1
212 13 1
212 103 1
212 136 1
212 205 1
212 278 1
213 13 1
213 33 1
213 66 1
213 75 1
213 143 1
213 195 1
214 13 1
214 68 1
214 118 1
214 119 1
214 122 1
214 161 1
214 166 1
214 173 1
214 207 1
214 208 1
214 262 1
215 3 1
215 13 1
215 70 1
215 116 1
215 124 1
215 139 1
215 183 1
216 58 1
216 63 1
216 209 1
216 260 1
217 42 1
217 119 1
217 123 1
217 135 1
218 124 1
218 194 1
218 225 1
218 245 1
219 54 1
219 67 1
219 119 1
219 137 1
219 151 1
219 192 1
219 211 1
219 225 1
219 251 1
220 4 1
220 10 1
220 13 1
220 67 1
220 91 1
220 109 1
220 112 1
220 118 1
220 134 1
220 142 1
220 158 1
220 193 1
220 199 1
220 204 1
220 240 1
220 268 1
221 19 1
221 122 1
221 144 1
221 245 1
222 68 1
222 101 1
222 135 1
222 146 1
222 167 1
222 174 1
222 241 1
222 285 1
223 51 1
224 260 1
225 119 1
225 218 1
225 247 1
226 55 1
226 142 1
226 156 1
226 196 1
227 28 1
227 86 1
227 94 1
227 126 1
227 133 1
227 196 1
227 205 1
228 5 1
228 60 1
228 66 1
228 67 1
228 83 1
228 84 1
228 100 1
228 107 1
228 214 1
228 258 1
229 149 1
229 172 1
230 177 1
230 195 1
232 9 1
232 19 1
232 31 1
232 94 1
232 99 1
232 100 1
232 110 1
232 133 1
232 136 1
232 161 1
232 194 1
232 204 1
232 231 1
232 248 1
232 250 1
233 4 1
233 28 1
233 53 1
233 258 1
234 6 1
234 22 1
234 60 1
234 68 1
234 116 1
234 118 1
234 124 1
234 143 1
234 170 1
234 185 1
234 206 1
234 210 1
234 244 1
234 275 1
234 290 1
235 6 1
235 13 1
235 46 1
235 53 1
235 90 1
235 92 1
235 169 1
235 204 1
235 237 1
235 257 1
236 195 1
236 239 1
237 168 1
237 296 1
238 67 1
238 202 1
239 63 1
239 100 1
239 102 1
239 139 1
239 231 1
239 242 1
239 245 1
240 54 1
241 222 1
242 134 1
245 69 1
245 77 1
245 83 1
245 221 1
246 58 1
246 63 1
246 87 1
246 196 1
247 15 1
247 171 1
247 260 1
248 71 1
249 172 1
250 9 1
250 10 1
250 57 1
250 92 1
250 104 1
250 132 1
250 254 1
251 4 1
253 84 1
253 137 1
253 210 1
253 217 1
253 229 1
254 18 1
254 128 1
254 197 1
254 232 1
255 121 1
255 149 1
255 167 1
256 15 1
256 85 1
256 169 1
256 231 1
257 96 1
257 123 1
257 229 1
257 233 1
257 248 1
258 3 1
258 122 1
258 203 1
259 204 1
263 102 1
263 140 1
264 59 1
264 257 1
265 33 1
265 86 1
266 71 1
266 89 1
267 8 1
267 284 1
268 13 1
268 104 1
269 13 1
269 34 1
269 71 1
269 107 1
269 195 1
269 212 1
269 213 1
269 243 1
270 58 1
270 78 1
270 87 1
270 91 1
270 105 1
270 119 1
270 123 1
270 180 1
270 194 1
270 225 1
270 242 1
271 262 1
272 15 1
272 69 1
272 72 1
272 83 1
272 92 1
272 109 1
272 126 1
272 162 1
272 184 1
272 285 1
273 149 1
274 59 1
274 113 1
274 118 1
274 211 1
274 214 1
274 217 1
274 273 1
274 277 1
274 280 1
275 29 1
276 67 1
276 91 1
276 173 1
276 188 1
276 202 1
276 203 1
276 207 1
276 208 1
276 221 1
276 294 1
277 4 1
277 9 1
277 18 1
277 49 1
277 59 1
277 63 1
277 88 1
277 118 1
277 130 1
277 185 1
277 267 1
277 279 1
278 5 1
278 7 1
278 113 1
278 138 1
278 218 1
278 226 1
278 254 1
278 265 1
280 279 1
283 196 1
284 30 1
284 87 1
