1 32 1
1 100 1
2 4 1
2 9 1
2 13 1
2 22 1
2 25 1
2 28 1
2 48 1
2 60 1
2 63 1
2 96 1
2 103 1
2 118 1
2 126 1
2 131 1
2 133 1
2 138 1
2 158 1
2 185 1
2 194 1
2 200 1
2 205 1
2 214 1
2 227 1
2 263 1
3 4 1
3 7 1
3 9 1
3 13 1
3 14 1
3 15 1
3 23 1
3 30 1
3 31 1
3 60 1
3 63 1
3 68 1
3 72 1
3 74 1
3 91 1
3 94 1
3 96 1
3 106 1
3 109 1
3 114 1
3 118 1
3 119 1
3 122 1
3 124 1
3 126 1
3 131 1
3 143 1
3 171 1
3 173 1
3 178 1
3 192 1
3 200 1
3 204 1
3 205 1
3 206 1
3 208 1
3 215 1
3 219 1
3 240 1
3 246 1
3 290 1
4 5 1
4 13 1
4 17 1
4 19 1
4 43 1
4 60 1
4 64 1
4 68 1
4 70 1
4 91 1
4 106 1
4 108 1
4 111 1
4 116 1
4 118 1
4 122 1
4 126 1
4 131 1
4 134 1
4 143 1
4 171 1
4 172 1
4 173 1
4 192 1
4 196 1
4 199 1
4 202 1
4 204 1
4 205 1
4 207 1
4 208 1
4 227 1
4 254 1
5 12 1
5 16 1
5 19 1
5 42 1
5 43 1
5 53 1
5 59 1
5 64 1
5 68 1
5 88 1
5 93 1
5 96 1
5 112 1
5 118 1
5 120 1
5 122 1
5 126 1
5 130 1
5 131 1
5 140 1
5 146 1
5 150 1
5 172 1
5 178 1
5 185 1
5 192 1
5 194 1
5 202 1
5 204 1
5 205 1
5 208 1
5 227 1
5 246 1
5 260 1
5 279 1
6 17 1
6 21 1
6 63 1
6 94 1
6 116 1
6 185 1
6 225 1
6 229 1
7 4 1
7 5 1
7 13 1
7 14 1
7 53 1
7 76 1
7 91 1
7 102 1
7 106 1
7 111 1
7 114 1
7 117 1
7 122 1
7 126 1
7 143 1
7 167 1
7 173 1
7 178 1
7 192 1
7 196 1
7 199 1
7 200 1
7 205 1
7 206 1
7 207 1
7 217 1
7 231 1
8 21 1
8 28 1
8 38 1
8 42 1
8 48 1
8 96 1
8 128 1
8 143 1
8 162 1
8 173 1
8 188 1
8 199 1
8 230 1
8 242 1
9 20 1
9 62 1
9 92 1
9 105 1
9 166 1
9 203 1
9 218 1
9 225 1
9 238 1
9 275 1
10 66 1
10 123 1
10 124 1
10 158 1
10 161 1
10 173 1
10 182 1
10 237 1
11 16 1
11 24 1
11 84 1
11 107 1
11 108 1
11 173 1
11 222 1
11 268 1
11 285 1
12 3 1
12 30 1
12 42 1
12 66 1
12 208 1
12 246 1
12 285 1
13 4 1
13 5 1
13 16 1
13 19 1
13 32 1
13 33 1
13 48 1
13 54 1
13 60 1
13 68 1
13 70 1
13 72 1
13 78 1
13 86 1
13 91 1
13 97 1
13 103 1
13 106 1
13 112 1
13 115 1
13 120 1
13 122 1
13 126 1
13 130 1
13 133 1
13 138 1
13 143 1
13 146 1
13 156 1
13 161 1
13 173 1
13 192 1
13 194 1
13 199 1
13 205 1
13 207 1
13 208 1
13 209 1
13 212 1
13 214 1
13 216 1
13 226 1
13 227 1
13 254 1
13 263 1
14 3 1
14 4 1
14 7 1
14 13 1
14 31 1
14 53 1
14 60 1
14 64 1
14 91 1
14 112 1
14 118 1
14 119 1
14 122 1
14 126 1
14 133 1
14 134 1
14 173 1
14 178 1
14 192 1
14 198 1
14 202 1
14 205 1
14 206 1
14 219 1
14 227 1
14 246 1
15 5 1
15 7 1
15 13 1
15 28 1
15 53 1
15 87 1
15 102 1
15 104 1
15 126 1
15 143 1
15 173 1
15 195 1
15 196 1
15 205 1
15 219 1
15 230 1
15 246 1
16 1 1
16 48 1
16 84 1
16 274 1
17 72 1
17 92 1
17 201 1
18 13 1
18 73 1
18 105 1
18 118 1
18 159 1
18 237 1
19 97 1
19 197 1
19 202 1
19 213 1
20 29 1
20 35 1
20 125 1
20 139 1
20 143 1
20 210 1
21 3 1
21 18 1
21 33 1
21 57 1
21 86 1
21 121 1
21 162 1
21 204 1
21 211 1
22 3 1
22 43 1
22 54 1
22 59 1
22 87 1
22 99 1
22 104 1
22 130 1
22 149 1
22 192 1
22 203 1
22 217 1
22 231 1
23 28 1
23 68 1
23 85 1
23 96 1
23 101 1
23 107 1
23 111 1
23 113 1
23 138 1
23 149 1
23 173 1
23 215 1
23 227 1
23 264 1
24 2 1
24 11 1
24 27 1
24 28 1
24 31 1
24 35 1
24 54 1
24 73 1
24 85 1
24 87 1
24 101 1
24 108 1
24 131 1
24 134 1
24 143 1
24 163 1
24 167 1
24 213 1
24 222 1
25 65 1
25 69 1
25 137 1
25 144 1
25 259 1
26 135 1
26 137 1
26 153 1
26 210 1
26 214 1
27 85 1
27 136 1
28 2 1
28 10 1
28 17 1
28 118 1
28 249 1
29 7 1
29 94 1
29 150 1
29 219 1
30 12 1
30 55 1
30 58 1
30 183 1
30 189 1
30 285 1
31 39 1
31 101 1
31 112 1
32 72 1
32 87 1
32 106 1
32 120 1
32 138 1
32 213 1
32 226 1
32 260 1
33 48 1
33 55 1
33 62 1
33 77 1
33 212 1
34 3 1
34 53 1
34 71 1
34 81 1
34 93 1
34 108 1
34 116 1
34 152 1
34 172 1
34 178 1
34 196 1
34 218 1
34 238 1
35 20 1
35 98 1
35 161 1
35 180 1
35 275 1
36 6 1
36 15 1
36 17 1
36 43 1
36 68 1
36 99 1
36 115 1
36 119 1
36 126 1
36 136 1
36 143 1
36 148 1
36 150 1
36 152 1
36 156 1
36 283 1
37 70 1
37 111 1
37 139 1
37 167 1
37 181 1
37 216 1
37 254 1
38 92 1
38 119 1
38 136 1
38 170 1
38 273 1
39 195 1
39 260 1
39 285 1
40 15 1
40 19 1
40 28 1
40 92 1
40 125 1
40 132 1
40 150 1
40 162 1
40 188 1
40 241 1
41 72 1
41 145 1
41 151 1
41 157 1
41 216 1
42 55 1
42 83 1
42 96 1
42 203 1
42 219 1
42 237 1
43 102 1
43 109 1
43 146 1
43 172 1
43 190 1
43 196 1
43 197 1
43 202 1
43 203 1
43 233 1
44 10 1
44 13 1
44 47 1
44 51 1
44 87 1
44 104 1
44 124 1
44 138 1
44 143 1
44 173 1
44 192 1
44 208 1
44 226 1
44 249 1
44 285 1
45 2 1
45 3 1
45 4 1
45 5 1
45 7 1
45 9 1
45 10 1
45 11 1
45 12 1
45 13 1
45 14 1
45 15 1
45 16 1
45 17 1
45 19 1
45 20 1
45 27 1
45 32 1
45 33 1
45 44 1
45 47 1
45 48 1
45 49 1
45 51 1
45 52 1
45 54 1
45 55 1
45 58 1
45 59 1
45 60 1
45 61 1
45 64 1
45 67 1
45 68 1
45 70 1
45 71 1
45 72 1
45 74 1
45 85 1
45 87 1
45 91 1
45 92 1
45 93 1
45 94 1
45 98 1
45 99 1
45 103 1
45 104 1
45 106 1
45 107 1
45 109 1
45 110 1
45 112 1
45 113 1
45 114 1
45 115 1
45 116 1
45 117 1
45 118 1
45 119 1
45 120 1
45 121 1
45 122 1
45 123 1
45 124 1
45 125 1
45 126 1
45 130 1
45 131 1
45 133 1
45 134 1
45 136 1
45 137 1
45 138 1
45 140 1
45 142 1
45 143 1
45 146 1
45 147 1
45 148 1
45 149 1
45 150 1
45 151 1
45 154 1
45 160 1
45 163 1
45 169 1
45 171 1
45 173 1
45 176 1
45 177 1
45 178 1
45 179 1
45 180 1
45 181 1
45 183 1
45 186 1
45 192 1
45 194 1
45 195 1
45 196 1
45 199 1
45 200 1
45 201 1
45 202 1
45 203 1
45 204 1
45 205 1
45 206 1
45 207 1
45 208 1
45 209 1
45 214 1
45 217 1
45 219 1
45 220 1
45 225 1
45 227 1
45 228 1
45 230 1
45 231 1
45 233 1
45 237 1
45 238 1
45 239 1
45 242 1
45 246 1
45 249 1
45 252 1
45 254 1
45 255 1
45 268 1
45 273 1
45 277 1
46 119 1
46 121 1
46 166 1
46 170 1
46 203 1
47 16 1
47 44 1
47 64 1
47 107 1
47 122 1
47 155 1
47 170 1
47 199 1
47 208 1
47 214 1
47 227 1
47 240 1
47 255 1
47 279 1
48 2 1
48 3 1
48 4 1
48 8 1
48 13 1
48 14 1
48 33 1
48 60 1
48 72 1
48 96 1
48 116 1
48 119 1
48 126 1
48 133 1
48 173 1
48 199 1
48 212 1
48 227 1
49 3 1
49 5 1
49 14 1
49 59 1
49 64 1
49 87 1
49 99 1
49 102 1
49 103 1
49 110 1
49 118 1
49 126 1
49 130 1
49 138 1
49 143 1
49 149 1
49 173 1
49 186 1
49 219 1
49 246 1
50 3 1
50 12 1
50 22 1
50 39 1
50 94 1
50 100 1
50 119 1
50 137 1
50 219 1
50 227 1
50 246 1
50 251 1
50 252 1
51 6 1
51 13 1
51 21 1
51 259 1
51 265 1
51 285 1
52 3 1
52 9 1
52 35 1
52 120 1
52 124 1
52 176 1
52 214 1
52 215 1
52 257 1
53 77 1
53 102 1
53 158 1
53 192 1
53 210 1
53 256 1
53 285 1
54 141 1
56 17 1
56 37 1
56 65 1
56 128 1
56 238 1
57 3 1
57 210 1
57 218 1
59 7 1
59 120 1
59 140 1
59 150 1
59 170 1
59 207 1
59 217 1
60 14 1
60 64 1
60 70 1
60 118 1
60 119 1
60 122 1
60 126 1
60 133 1
60 192 1
60 205 1
60 217 1
60 227 1
60 246 1
61 13 1
61 42 1
61 162 1
61 190 1
61 260 1
62 49 1
62 140 1
62 279 1
63 150 1
64 13 1
64 21 1
64 75 1
64 208 1
64 227 1
65 3 1
65 4 1
65 13 1
65 72 1
65 92 1
65 110 1
65 149 1
65 196 1
65 203 1
65 225 1
65 256 1
66 7 1
66 24 1
66 100 1
66 159 1
66 236 1
67 103 1
67 120 1
67 134 1
68 94 1
68 112 1
68 131 1
68 200 1
68 205 1
68 210 1
69 59 1
69 78 1
69 216 1
69 238 1
70 60 1
70 131 1
71 177 1
72 13 1
72 41 1
72 112 1
72 114 1
72 115 1
72 151 1
72 226 1
73 3 1
73 4 1
73 13 1
73 18 1
73 60 1
73 118 1
73 133 1
73 143 1
73 169 1
73 229 1
73 234 1
74 3 1
74 4 1
74 13 1
74 15 1
74 85 1
74 91 1
74 94 1
74 114 1
74 124 1
74 146 1
74 171 1
74 173 1
74 199 1
74 212 1
74 214 1
74 227 1
74 231 1
75 3 1
75 13 1
75 27 1
75 37 1
75 58 1
75 64 1
75 69 1
75 73 1
75 85 1
75 87 1
75 110 1
75 118 1
75 138 1
75 143 1
75 153 1
75 188 1
75 194 1
75 208 1
76 9 1
76 72 1
76 103 1
76 111 1
76 124 1
76 138 1
76 157 1
76 179 1
76 193 1
76 218 1
76 219 1
76 230 1
76 257 1
77 39 1
77 206 1
78 63 1
78 66 1
78 77 1
78 85 1
78 88 1
78 134 1
78 137 1
78 151 1
78 196 1
78 225 1
79 85 1
79 120 1
79 138 1
79 189 1
79 196 1
79 220 1
80 88 1
80 138 1
80 208 1
80 237 1
81 285 1
82 87 1
82 168 1
83 6 1
83 62 1
84 16 1
84 253 1
85 1 1
85 2 1
85 3 1
85 4 1
85 5 1
85 13 1
85 21 1
85 28 1
85 35 1
85 64 1
85 67 1
85 68 1
85 88 1
85 90 1
85 96 1
85 109 1
85 110 1
85 115 1
85 118 1
85 120 1
85 126 1
85 128 1
85 131 1
85 133 1
85 134 1
85 146 1
85 151 1
85 166 1
85 188 1
85 194 1
85 208 1
85 224 1
85 227 1
85 240 1
85 248 1
85 295 1
86 9 1
86 29 1
86 30 1
86 66 1
86 67 1
86 110 1
86 144 1
86 218 1
86 272 1
86 278 1
86 279 1
87 1 1
87 3 1
87 4 1
87 10 1
87 13 1
87 19 1
87 41 1
87 58 1
87 63 1
87 64 1
87 71 1
87 72 1
87 88 1
87 96 1
87 112 1
87 124 1
87 126 1
87 130 1
87 131 1
87 134 1
87 143 1
87 150 1
87 172 1
87 192 1
87 193 1
87 194 1
87 205 1
87 206 1
87 208 1
87 221 1
87 227 1
87 236 1
87 239 1
87 273 1
87 285 1
87 292 1
88 51 1
88 66 1
88 168 1
88 188 1
88 208 1
88 226 1
88 246 1
89 13 1
89 63 1
89 193 1
89 233 1
89 281 1
90 107 1
90 115 1
90 123 1
90 143 1
90 154 1
90 197 1
90 210 1
90 225 1
91 83 1
91 94 1
91 122 1
91 202 1
91 204 1
91 216 1
91 284 1
92 31 1
92 166 1
93 22 1
94 17 1
94 91 1
94 103 1
94 112 1
94 199 1
94 245 1
94 258 1
95 153 1
95 165 1
95 283 1
96 42 1
96 48 1
96 128 1
96 140 1
96 275 1
96 283 1
97 67 1
97 119 1
97 134 1
97 160 1
98 1 1
98 11 1
98 18 1
98 22 1
98 32 1
98 35 1
98 83 1
98 94 1
98 119 1
98 138 1
98 158 1
98 160 1
98 163 1
98 285 1
99 3 1
99 5 1
99 13 1
99 16 1
99 39 1
99 49 1
99 72 1
99 102 1
99 110 1
99 130 1
99 131 1
99 144 1
99 148 1
99 178 1
99 186 1
99 204 1
99 205 1
99 209 1
99 279 1
100 51 1
100 64 1
100 85 1
100 110 1
100 227 1
101 31 1
101 72 1
101 102 1
102 63 1
102 146 1
102 151 1
102 152 1
102 181 1
102 242 1
103 11 1
103 17 1
103 32 1
103 49 1
103 59 1
103 67 1
103 94 1
103 132 1
103 138 1
103 139 1
103 225 1
103 233 1
104 13 1
104 58 1
104 118 1
104 124 1
104 126 1
104 137 1
104 150 1
104 161 1
104 173 1
104 219 1
104 256 1
105 91 1
105 99 1
105 127 1
105 165 1
105 173 1
105 216 1
105 231 1
106 5 1
106 7 1
106 32 1
106 173 1
106 176 1
106 199 1
106 206 1
106 227 1
107 28 1
107 78 1
107 153 1
107 183 1
107 197 1
107 231 1
107 242 1
108 11 1
108 64 1
108 78 1
108 119 1
108 131 1
108 137 1
108 170 1
109 10 1
109 16 1
109 83 1
109 120 1
109 138 1
109 190 1
109 206 1
109 225 1
109 226 1
109 243 1
109 259 1
110 3 1
110 13 1
110 85 1
110 109 1
110 188 1
110 251 1
111 60 1
111 76 1
111 77 1
111 117 1
112 31 1
112 68 1
112 132 1
112 193 1
112 205 1
112 273 1
112 277 1
113 6 1
113 43 1
113 146 1
113 182 1
113 185 1
113 196 1
113 254 1
114 7 1
114 53 1
114 72 1
114 126 1
114 131 1
114 151 1
114 167 1
114 171 1
114 173 1
114 192 1
114 247 1
114 276 1
115 3 1
115 4 1
115 5 1
115 13 1
115 32 1
115 33 1
115 59 1
115 62 1
115 72 1
115 88 1
115 91 1
115 94 1
115 112 1
115 118 1
115 120 1
115 138 1
115 139 1
115 186 1
115 196 1
115 200 1
115 205 1
115 208 1
115 217 1
115 224 1
115 226 1
116 6 1
116 43 1
116 54 1
116 57 1
116 119 1
116 140 1
116 143 1
116 172 1
116 196 1
117 17 1
117 242 1
117 260 1
118 3 1
118 5 1
118 7 1
118 9 1
118 12 1
118 14 1
118 32 1
118 43 1
118 53 1
118 68 1
118 87 1
118 88 1
118 91 1
118 112 1
118 126 1
118 131 1
118 134 1
118 151 1
118 192 1
118 202 1
118 204 1
118 208 1
118 227 1
118 229 1
118 231 1
118 246 1
119 3 1
119 5 1
119 7 1
119 9 1
119 11 1
119 21 1
119 51 1
119 60 1
119 64 1
119 71 1
119 85 1
119 91 1
119 94 1
119 106 1
119 113 1
119 116 1
119 118 1
119 122 1
119 125 1
119 142 1
119 143 1
119 149 1
119 170 1
119 177 1
119 178 1
119 193 1
119 203 1
119 215 1
119 238 1
119 245 1
119 246 1
120 10 1
120 16 1
120 32 1
120 43 1
120 59 1
120 67 1
120 72 1
120 87 1
120 103 1
120 119 1
120 138 1
120 140 1
120 186 1
120 203 1
120 225 1
120 226 1
120 234 1
120 246 1
120 257 1
120 260 1
121 106 1
121 117 1
121 267 1
121 283 1
122 91 1
122 208 1
122 209 1
123 3 1
123 14 1
123 39 1
123 124 1
123 128 1
123 145 1
123 194 1
123 215 1
123 230 1
123 278 1
123 285 1
124 3 1
124 13 1
124 17 1
124 104 1
124 118 1
124 123 1
124 126 1
124 173 1
124 201 1
124 240 1
124 250 1
125 20 1
125 83 1
125 130 1
125 142 1
125 164 1
125 189 1
125 282 1
125 285 1
126 4 1
126 8 1
126 14 1
126 19 1
126 43 1
126 51 1
126 60 1
126 63 1
126 64 1
126 91 1
126 118 1
126 119 1
126 122 1
126 131 1
126 173 1
126 192 1
126 199 1
126 202 1
126 204 1
126 205 1
126 207 1
126 208 1
126 217 1
126 246 1
126 293 1
127 156 1
127 164 1
127 284 1
128 47 1
128 96 1
129 42 1
129 264 1
129 276 1
130 3 1
130 99 1
130 112 1
130 125 1
130 186 1
130 205 1
131 2 1
131 25 1
131 28 1
131 53 1
131 60 1
131 68 1
131 70 1
131 91 1
131 108 1
131 114 1
131 124 1
131 126 1
131 173 1
131 194 1
131 200 1
131 205 1
131 225 1
131 280 1
132 5 1
132 67 1
132 100 1
132 136 1
132 138 1
132 195 1
132 217 1
132 247 1
133 3 1
133 28 1
133 43 1
133 60 1
133 63 1
133 118 1
133 126 1
133 128 1
133 173 1
133 185 1
133 192 1
133 198 1
133 199 1
133 227 1
133 229 1
134 27 1
134 67 1
134 78 1
134 91 1
134 204 1
136 1 1
136 4 1
136 10 1
136 32 1
136 126 1
136 285 1
137 78 1
138 5 1
138 32 1
138 49 1
138 59 1
138 71 1
138 87 1
138 88 1
138 92 1
138 94 1
138 99 1
138 103 1
138 118 1
138 130 1
138 135 1
138 143 1
138 163 1
138 173 1
138 178 1
138 186 1
138 205 1
138 214 1
138 226 1
139 37 1
139 59 1
139 64 1
139 87 1
139 143 1
139 180 1
140 42 1
140 60 1
140 96 1
140 203 1
141 54 1
141 85 1
141 285 1
142 3 1
142 20 1
142 60 1
142 64 1
142 85 1
142 119 1
142 125 1
142 245 1
142 277 1
143 3 1
143 7 1
143 13 1
143 15 1
143 87 1
143 99 1
143 102 1
143 106 1
143 116 1
143 119 1
143 125 1
143 150 1
143 173 1
143 192 1
143 208 1
143 285 1
145 41 1
145 123 1
146 28 1
146 43 1
146 70 1
146 106 1
146 133 1
146 136 1
146 166 1
146 196 1
146 229 1
146 256 1
146 258 1
146 262 1
147 85 1
147 87 1
148 59 1
148 72 1
148 248 1
149 31 1
149 60 1
149 61 1
149 70 1
149 99 1
149 182 1
149 204 1
149 249 1
150 59 1
150 63 1
151 225 1
152 1 1
152 4 1
152 13 1
152 22 1
152 44 1
152 99 1
152 150 1
152 155 1
152 163 1
152 179 1
152 193 1
152 233 1
153 54 1
153 64 1
153 121 1
153 129 1
153 138 1
153 211 1
153 236 1
154 6 1
154 98 1
154 102 1
154 138 1
154 257 1
154 278 1
155 42 1
155 117 1
155 150 1
155 210 1
155 211 1
155 216 1
155 286 1
156 20 1
156 36 1
156 53 1
156 84 1
156 88 1
156 112 1
156 127 1
156 154 1
156 221 1
157 13 1
157 68 1
157 110 1
157 169 1
157 188 1
157 214 1
157 264 1
158 4 1
158 51 1
158 55 1
158 58 1
158 99 1
158 131 1
158 135 1
158 193 1
158 205 1
159 71 1
159 72 1
159 109 1
159 140 1
159 240 1
160 42 1
160 57 1
160 111 1
160 138 1
160 139 1
160 177 1
160 207 1
160 221 1
160 246 1
161 26 1
161 46 1
161 51 1
161 146 1
161 168 1
161 174 1
161 212 1
161 232 1
161 242 1
161 261 1
162 1 1
162 8 1
162 19 1
162 86 1
162 88 1
162 96 1
162 117 1
162 136 1
162 269 1
163 8 1
163 31 1
163 87 1
163 92 1
163 132 1
163 138 1
163 165 1
163 233 1
163 289 1
164 16 1
164 35 1
164 79 1
164 91 1
164 188 1
164 195 1
164 202 1
164 209 1
164 258 1
164 282 1
165 57 1
165 109 1
165 113 1
165 121 1
165 154 1
165 241 1
166 43 1
166 126 1
166 196 1
166 257 1
166 266 1
167 4 1
167 13 1
167 17 1
167 21 1
167 73 1
167 114 1
167 123 1
167 147 1
167 173 1
167 259 1
167 284 1
168 21 1
168 28 1
168 46 1
168 51 1
168 70 1
168 101 1
168 115 1
168 135 1
168 258 1
168 262 1
169 18 1
169 55 1
169 58 1
169 135 1
169 188 1
169 196 1
169 233 1
169 278 1
170 92 1
170 154 1
170 155 1
170 185 1
170 188 1
170 208 1
171 74 1
171 101 1
171 104 1
171 114 1
171 165 1
171 241 1
172 6 1
172 43 1
172 116 1
172 198 1
172 223 1
172 240 1
173 5 1
173 7 1
173 14 1
173 17 1
173 32 1
173 44 1
173 53 1
173 64 1
173 77 1
173 83 1
173 91 1
173 106 1
173 114 1
173 119 1
173 122 1
173 124 1
173 126 1
173 178 1
173 192 1
173 199 1
173 205 1
173 206 1
173 208 1
173 230 1
173 267 1
173 279 1
174 22 1
174 58 1
174 61 1
174 71 1
174 99 1
174 102 1
174 105 1
174 247 1
174 251 1
174 258 1
174 271 1
175 8 1
175 13 1
175 63 1
175 115 1
175 234 1
176 112 1
176 118 1
176 124 1
176 135 1
176 202 1
177 17 1
177 21 1
177 64 1
177 71 1
177 88 1
177 94 1
177 194 1
178 5 1
178 14 1
178 43 1
178 68 1
178 90 1
178 91 1
178 112 1
178 126 1
178 135 1
178 141 1
178 150 1
178 192 1
178 205 1
179 15 1
179 94 1
179 103 1
179 118 1
179 206 1
179 210 1
179 219 1
179 221 1
179 225 1
179 271 1
180 43 1
180 51 1
180 66 1
180 86 1
180 164 1
180 221 1
180 249 1
180 276 1
181 8 1
181 22 1
181 103 1
181 138 1
181 169 1
181 188 1
181 207 1
182 27 1
182 60 1
182 69 1
182 104 1
182 227 1
182 242 1
183 10 1
183 16 1
183 109 1
183 112 1
183 117 1
183 193 1
183 194 1
183 244 1
183 279 1
184 71 1
184 200 1
184 225 1
184 284 1
185 2 1
185 141 1
185 205 1
185 229 1
186 5 1
186 13 1
186 87 1
186 99 1
186 118 1
186 120 1
186 130 1
186 138 1
187 54 1
187 107 1
187 130 1
187 194 1
187 219 1
187 266 1
188 3 1
188 4 1
188 13 1
188 14 1
188 19 1
188 35 1
188 75 1
188 94 1
188 105 1
188 110 1
188 126 1
188 138 1
188 173 1
188 208 1
188 218 1
188 251 1
189 67 1
189 159 1
189 258 1
190 3 1
190 16 1
190 21 1
190 35 1
190 43 1
190 93 1
190 98 1
190 109 1
190 138 1
190 173 1
190 194 1
190 204 1
190 214 1
190 231 1
190 245 1
190 246 1
190 270 1
191 1 1
191 2 1
191 4 1
191 7 1
191 14 1
191 31 1
191 36 1
191 54 1
191 59 1
191 60 1
191 68 1
191 84 1
191 114 1
191 118 1
191 119 1
191 122 1
191 126 1
191 131 1
191 138 1
191 163 1
191 170 1
191 173 1
191 179 1
191 200 1
191 206 1
191 208 1
191 214 1
191 216 1
191 229 1
191 280 1
191 283 1
192 43 1
192 53 1
192 88 1
192 101 1
192 126 1
192 141 1
192 171 1
192 189 1
192 202 1
192 208 1
192 254 1
193 5 1
193 18 1
193 59 1
193 69 1
193 180 1
194 3 1
194 13 1
194 39 1
194 70 1
194 123 1
194 124 1
194 207 1
194 209 1
194 230 1
194 257 1
195 15 1
195 57 1
195 107 1
195 132 1
195 227 1
196 3 1
196 70 1
196 116 1
196 143 1
196 208 1
196 242 1
196 246 1
196 294 1
197 19 1
197 22 1
197 50 1
197 107 1
198 3 1
198 14 1
198 19 1
198 60 1
198 118 1
198 119 1
198 126 1
198 133 1
198 134 1
198 161 1
198 167 1
198 193 1
198 241 1
198 246 1
199 46 1
199 64 1
199 126 1
199 154 1
199 200 1
199 205 1
199 227 1
199 247 1
200 7 1
200 60 1
200 112 1
200 126 1
200 151 1
200 173 1
200 192 1
200 199 1
200 202 1
200 205 1
200 225 1
201 3 1
201 5 1
201 17 1
201 60 1
201 92 1
201 110 1
201 118 1
201 119 1
201 124 1
201 126 1
201 136 1
201 149 1
201 168 1
201 229 1
201 280 1
202 19 1
202 43 1
202 59 1
202 204 1
202 235 1
202 248 1
203 9 1
203 13 1
203 56 1
203 91 1
203 96 1
203 120 1
203 128 1
203 140 1
203 143 1
203 210 1
203 238 1
203 246 1
204 32 1
204 89 1
204 91 1
204 202 1
204 262 1
205 68 1
205 99 1
205 112 1
205 117 1
205 130 1
205 164 1
205 178 1
205 200 1
206 30 1
206 66 1
206 68 1
206 110 1
206 126 1
206 173 1
206 205 1
206 221 1
207 7 1
207 96 1
207 150 1
208 60 1
208 64 1
208 88 1
208 122 1
208 177 1
208 192 1
209 122 1
210 28 1
210 99 1
210 104 1
210 221 1
210 258 1
211 41 1
211 59 1
211 78 1
211 101 1
211 245 1
211 265 1
212 33 1
212 175 1
212 234 1
212 256 1
212 277 1
213 19 1
213 32 1
213 149 1
213 156 1
213 180 1
213 287 1
214 2 1
214 3 1
214 15 1
214 32 1
214 74 1
214 94 1
214 106 1
214 119 1
214 143 1
214 185 1
214 195 1
215 133 1
215 143 1
215 146 1
215 179 1
215 220 1
215 239 1
215 254 1
216 70 1
216 76 1
216 104 1
216 204 1
217 7 1
217 171 1
217 207 1
217 239 1
218 76 1
218 241 1
218 245 1
218 257 1
219 60 1
219 73 1
219 85 1
219 119 1
219 133 1
219 134 1
219 139 1
219 229 1
219 254 1
220 3 1
220 4 1
220 5 1
220 13 1
220 51 1
220 97 1
220 115 1
220 119 1
220 138 1
220 143 1
220 169 1
220 172 1
220 207 1
220 209 1
220 215 1
220 240 1
221 150 1
221 206 1
221 210 1
221 214 1
222 11 1
222 19 1
222 54 1
222 55 1
222 62 1
222 84 1
222 88 1
222 180 1
223 33 1
224 187 1
225 59 1
225 103 1
225 151 1
226 64 1
226 120 1
226 138 1
226 291 1
227 64 1
227 95 1
227 100 1
227 106 1
227 133 1
227 199 1
227 284 1
228 20 1
228 30 1
228 32 1
228 49 1
228 56 1
228 92 1
228 117 1
228 219 1
228 248 1
228 256 1
229 133 1
229 185 1
230 76 1
230 123 1
232 9 1
232 28 1
232 56 1
232 75 1
232 85 1
232 119 1
232 146 1
232 150 1
232 196 1
232 211 1
232 226 1
232 239 1
232 240 1
232 260 1
232 288 1
233 69 1
233 136 1
233 151 1
233 202 1
234 3 1
234 13 1
234 28 1
234 68 1
234 73 1
234 87 1
234 91 1
234 118 1
234 126 1
234 149 1
234 173 1
234 182 1
234 192 1
234 206 1
234 247 1
235 3 1
235 84 1
235 116 1
235 117 1
235 119 1
235 143 1
235 144 1
235 159 1
235 196 1
235 207 1
236 90 1
236 170 1
237 3 1
237 173 1
238 9 1
238 203 1
239 104 1
239 117 1
239 171 1
239 181 1
239 217 1
239 268 1
239 285 1
240 172 1
241 165 1
242 116 1
245 80 1
245 94 1
245 121 1
245 258 1
246 13 1
246 143 1
246 203 1
246 284 1
247 128 1
247 135 1
247 262 1
248 148 1
249 149 1
250 85 1
250 102 1
250 143 1
250 226 1
250 240 1
250 255 1
250 266 1
251 281 1
253 32 1
253 55 1
253 82 1
253 104 1
253 184 1
254 17 1
254 33 1
254 34 1
254 196 1
255 35 1
255 59 1
255 196 1
256 110 1
256 212 1
256 214 1
256 296 1
257 76 1
257 169 1
257 173 1
257 182 1
257 218 1
258 204 1
258 210 1
258 281 1
259 63 1
263 115 1
263 151 1
264 189 1
264 276 1
265 170 1
265 279 1
266 73 1
266 204 1
267 186 1
267 229 1
268 72 1
268 241 1
269 2 1
269 17 1
269 58 1
269 84 1
269 88 1
269 169 1
269 259 1
269 271 1
270 5 1
270 31 1
270 41 1
270 109 1
270 111 1
270 138 1
270 151 1
270 178 1
270 213 1
270 220 1
270 248 1
271 197 1
272 19 1
272 54 1
272 144 1
272 149 1
272 150 1
272 157 1
272 202 1
272 211 1
272 225 1
272 262 1
273 17 1
274 1 1
274 9 1
274 83 1
274 100 1
274 108 1
274 119 1
274 139 1
274 233 1
274 297 1
275 62 1
276 64 1
276 67 1
276 84 1
276 85 1
276 120 1
276 129 1
276 169 1
276 200 1
276 215 1
276 229 1
277 10 1
277 68 1
277 77 1
277 117 1
277 134 1
277 142 1
277 147 1
277 164 1
277 188 1
277 192 1
277 262 1
277 284 1
278 67 1
278 103 1
278 137 1
278 138 1
278 162 1
278 185 1
278 217 1
278 245 1
280 223 1
283 90 1
284 71 1
284 184 1
