1 140 1
1 179 1
2 9 1
2 13 1
2 15 1
2 28 1
2 59 1
2 60 1
2 64 1
2 71 1
2 85 1
2 87 1
2 110 1
2 112 1
2 118 1
2 123 1
2 126 1
2 144 1
2 162 1
2 175 1
2 192 1
2 202 1
2 241 1
2 242 1
2 245 1
2 284 1
3 1 1
3 7 1
3 9 1
3 11 1
3 19 1
3 28 1
3 31 1
3 43 1
3 49 1
3 53 1
3 57 1
3 63 1
3 64 1
3 68 1
3 72 1
3 77 1
3 82 1
3 84 1
3 91 1
3 94 1
3 103 1
3 115 1
3 120 1
3 121 1
3 124 1
3 133 1
3 143 1
3 150 1
3 151 1
3 192 1
3 196 1
3 199 1
3 200 1
3 205 1
3 208 1
3 225 1
3 227 1
3 246 1
3 256 1
3 260 1
3 263 1
4 2 1
4 7 1
4 13 1
4 15 1
4 28 1
4 43 1
4 51 1
4 60 1
4 85 1
4 94 1
4 99 1
4 104 1
4 112 1
4 118 1
4 119 1
4 124 1
4 126 1
4 130 1
4 131 1
4 138 1
4 141 1
4 150 1
4 159 1
4 173 1
4 177 1
4 188 1
4 192 1
4 199 1
4 204 1
4 208 1
4 213 1
4 216 1
4 247 1
5 1 1
5 2 1
5 3 1
5 14 1
5 21 1
5 33 1
5 42 1
5 43 1
5 60 1
5 64 1
5 68 1
5 104 1
5 106 1
5 112 1
5 116 1
5 117 1
5 118 1
5 130 1
5 131 1
5 137 1
5 138 1
5 139 1
5 146 1
5 165 1
5 170 1
5 173 1
5 188 1
5 196 1
5 202 1
5 204 1
5 206 1
5 208 1
5 217 1
5 219 1
5 227 1
6 70 1
6 93 1
6 107 1
6 162 1
6 167 1
6 193 1
6 241 1
6 247 1
7 3 1
7 4 1
7 16 1
7 19 1
7 49 1
7 64 1
7 86 1
7 91 1
7 94 1
7 99 1
7 106 1
7 110 1
7 118 1
7 119 1
7 120 1
7 126 1
7 131 1
7 133 1
7 138 1
7 139 1
7 142 1
7 143 1
7 192 1
7 199 1
7 202 1
7 208 1
7 229 1
8 10 1
8 13 1
8 17 1
8 23 1
8 76 1
8 78 1
8 85 1
8 115 1
8 136 1
8 209 1
8 238 1
8 258 1
8 262 1
8 279 1
9 13 1
9 21 1
9 99 1
9 154 1
9 159 1
9 205 1
9 209 1
9 215 1
9 245 1
9 248 1
10 3 1
10 5 1
10 112 1
10 119 1
10 128 1
10 137 1
10 171 1
10 275 1
11 3 1
11 5 1
11 33 1
11 63 1
11 84 1
11 120 1
11 158 1
11 180 1
11 217 1
12 110 1
12 119 1
12 140 1
12 240 1
12 242 1
12 247 1
12 281 1
13 5 1
13 7 1
13 12 1
13 14 1
13 15 1
13 16 1
13 22 1
13 28 1
13 32 1
13 55 1
13 60 1
13 64 1
13 68 1
13 73 1
13 85 1
13 88 1
13 91 1
13 98 1
13 103 1
13 104 1
13 106 1
13 112 1
13 116 1
13 122 1
13 124 1
13 131 1
13 133 1
13 134 1
13 138 1
13 173 1
13 188 1
13 194 1
13 204 1
13 205 1
13 207 1
13 208 1
13 225 1
13 226 1
13 227 1
13 233 1
13 240 1
13 246 1
13 258 1
13 260 1
13 285 1
14 3 1
14 5 1
14 13 1
14 16 1
14 21 1
14 60 1
14 74 1
14 91 1
14 106 1
14 117 1
14 118 1
14 122 1
14 126 1
14 134 1
14 138 1
14 143 1
14 146 1
14 173 1
14 188 1
14 193 1
14 201 1
14 203 1
14 214 1
14 219 1
14 227 1
14 239 1
15 19 1
15 22 1
15 56 1
15 64 1
15 72 1
15 77 1
15 85 1
15 96 1
15 104 1
15 118 1
15 119 1
15 120 1
15 131 1
15 133 1
15 151 1
15 202 1
15 246 1
16 122 1
16 134 1
16 206 1
16 273 1
17 91 1
17 101 1
17 107 1
18 32 1
18 44 1
18 122 1
18 168 1
18 205 1
18 219 1
19 64 1
19 120 1
19 133 1
19 257 1
20 119 1
20 126 1
20 140 1
20 151 1
20 200 1
20 238 1
21 25 1
21 27 1
21 33 1
21 88 1
21 143 1
21 170 1
21 182 1
21 202 1
21 217 1
22 5 1
22 29 1
22 32 1
22 41 1
22 54 1
22 63 1
22 66 1
22 111 1
22 121 1
22 158 1
22 181 1
22 226 1
22 227 1
23 33 1
23 47 1
23 49 1
23 56 1
23 126 1
23 134 1
23 151 1
23 153 1
23 217 1
23 224 1
23 250 1
23 270 1
23 278 1
23 279 1
24 8 1
24 13 1
24 32 1
24 60 1
24 99 1
24 111 1
24 126 1
24 130 1
24 138 1
24 153 1
24 157 1
24 173 1
24 185 1
24 188 1
24 206 1
24 228 1
24 235 1
24 236 1
24 279 1
25 29 1
25 51 1
25 109 1
25 179 1
25 189 1
26 67 1
26 102 1
26 164 1
26 219 1
26 245 1
27 3 1
27 209 1
28 78 1
28 93 1
28 173 1
28 205 1
28 208 1
29 3 1
29 10 1
29 11 1
29 53 1
30 55 1
30 87 1
30 140 1
30 207 1
30 231 1
30 243 1
31 57 1
31 165 1
31 227 1
32 28 1
32 83 1
32 122 1
32 130 1
32 150 1
32 158 1
32 205 1
32 227 1
33 35 1
33 135 1
33 159 1
33 170 1
33 217 1
34 4 1
34 19 1
34 58 1
34 100 1
34 112 1
34 144 1
34 180 1
34 184 1
34 186 1
34 200 1
34 223 1
34 271 1
34 293 1
35 33 1
35 90 1
35 112 1
35 114 1
35 254 1
36 3 1
36 4 1
36 13 1
36 60 1
36 63 1
36 68 1
36 99 1
36 100 1
36 103 1
36 130 1
36 138 1
36 149 1
36 165 1
36 173 1
36 255 1
36 276 1
37 3 1
37 28 1
37 79 1
37 91 1
37 108 1
37 161 1
37 186 1
38 59 1
38 62 1
38 96 1
38 170 1
38 193 1
39 92 1
39 238 1
39 279 1
40 21 1
40 28 1
40 33 1
40 44 1
40 68 1
40 94 1
40 101 1
40 148 1
40 183 1
40 211 1
41 97 1
41 117 1
41 172 1
41 173 1
41 227 1
42 21 1
42 94 1
42 126 1
42 193 1
42 214 1
42 217 1
43 91 1
43 119 1
43 120 1
43 124 1
43 138 1
43 143 1
43 172 1
43 196 1
43 207 1
43 242 1
44 10 1
44 13 1
44 18 1
44 20 1
44 22 1
44 32 1
44 37 1
44 85 1
44 122 1
44 137 1
44 143 1
44 156 1
44 173 1
44 205 1
44 219 1
45 2 1
45 3 1
45 4 1
45 5 1
45 7 1
45 8 1
45 9 1
45 11 1
45 13 1
45 14 1
45 15 1
45 16 1
45 17 1
45 19 1
45 20 1
45 21 1
45 28 1
45 31 1
45 32 1
45 36 1
45 39 1
45 43 1
45 48 1
45 49 1
45 50 1
45 51 1
45 53 1
45 56 1
45 59 1
45 60 1
45 63 1
45 64 1
45 65 1
45 67 1
45 68 1
45 70 1
45 72 1
45 73 1
45 75 1
45 76 1
45 83 1
45 85 1
45 87 1
45 88 1
45 91 1
45 92 1
45 94 1
45 96 1
45 97 1
45 98 1
45 99 1
45 101 1
45 102 1
45 103 1
45 106 1
45 107 1
45 108 1
45 110 1
45 112 1
45 114 1
45 115 1
45 116 1
45 118 1
45 119 1
45 120 1
45 122 1
45 123 1
45 124 1
45 125 1
45 126 1
45 128 1
45 130 1
45 131 1
45 133 1
45 134 1
45 135 1
45 136 1
45 137 1
45 138 1
45 140 1
45 142 1
45 143 1
45 146 1
45 149 1
45 150 1
45 157 1
45 164 1
45 171 1
45 173 1
45 178 1
45 180 1
45 183 1
45 185 1
45 186 1
45 188 1
45 192 1
45 194 1
45 195 1
45 196 1
45 197 1
45 199 1
45 200 1
45 201 1
45 202 1
45 203 1
45 205 1
45 206 1
45 208 1
45 210 1
45 211 1
45 212 1
45 214 1
45 219 1
45 220 1
45 221 1
45 225 1
45 227 1
45 229 1
45 230 1
45 231 1
45 239 1
45 240 1
45 245 1
45 246 1
45 247 1
45 248 1
45 251 1
45 252 1
45 253 1
45 256 1
45 257 1
45 264 1
45 273 1
45 294 1
46 42 1
46 85 1
46 132 1
46 216 1
46 277 1
47 4 1
47 13 1
47 51 1
47 88 1
47 109 1
47 172 1
47 173 1
47 189 1
47 214 1
47 216 1
47 225 1
47 241 1
47 280 1
47 284 1
48 43 1
48 62 1
48 72 1
48 85 1
48 91 1
48 96 1
48 106 1
48 107 1
48 119 1
48 120 1
48 131 1
48 138 1
48 192 1
48 208 1
48 214 1
48 227 1
48 248 1
48 267 1
49 3 1
49 4 1
49 7 1
49 43 1
49 64 1
49 68 1
49 72 1
49 85 1
49 99 1
49 109 1
49 130 1
49 131 1
49 138 1
49 143 1
49 173 1
49 192 1
49 196 1
49 205 1
49 208 1
49 225 1
50 4 1
50 59 1
50 71 1
50 84 1
50 92 1
50 112 1
50 194 1
50 199 1
50 204 1
50 205 1
50 214 1
50 255 1
50 266 1
51 13 1
51 96 1
51 121 1
51 167 1
51 227 1
51 247 1
52 61 1
52 88 1
52 107 1
52 135 1
52 137 1
52 218 1
52 237 1
52 242 1
52 288 1
53 6 1
53 63 1
53 73 1
53 192 1
53 209 1
53 230 1
53 266 1
54 212 1
56 17 1
56 87 1
56 136 1
56 164 1
56 172 1
57 70 1
57 136 1
57 150 1
59 75 1
59 119 1
59 173 1
59 178 1
59 205 1
59 210 1
59 212 1
60 3 1
60 17 1
60 43 1
60 119 1
60 126 1
60 131 1
60 138 1
60 151 1
60 173 1
60 188 1
60 208 1
60 225 1
60 227 1
61 15 1
61 67 1
61 72 1
61 126 1
61 230 1
62 51 1
62 154 1
62 209 1
63 11 1
64 19 1
64 63 1
64 133 1
64 202 1
64 291 1
65 53 1
65 73 1
65 85 1
65 109 1
65 119 1
65 138 1
65 176 1
65 197 1
65 230 1
65 258 1
65 273 1
66 18 1
66 111 1
66 178 1
66 205 1
66 232 1
67 72 1
67 74 1
67 203 1
68 3 1
68 72 1
68 88 1
68 94 1
68 199 1
68 276 1
69 155 1
69 207 1
69 214 1
69 229 1
70 185 1
70 229 1
71 127 1
72 14 1
72 67 1
72 68 1
72 92 1
72 96 1
72 203 1
72 276 1
73 3 1
73 53 1
73 59 1
73 85 1
73 116 1
73 138 1
73 177 1
73 183 1
73 200 1
73 246 1
73 262 1
74 3 1
74 5 1
74 14 1
74 21 1
74 31 1
74 60 1
74 67 1
74 72 1
74 78 1
74 110 1
74 118 1
74 126 1
74 134 1
74 142 1
74 143 1
74 165 1
74 285 1
75 3 1
75 4 1
75 7 1
75 13 1
75 14 1
75 16 1
75 58 1
75 59 1
75 60 1
75 114 1
75 115 1
75 119 1
75 126 1
75 163 1
75 173 1
75 196 1
75 205 1
75 212 1
76 8 1
76 13 1
76 16 1
76 70 1
76 85 1
76 94 1
76 107 1
76 115 1
76 139 1
76 145 1
76 167 1
76 256 1
76 265 1
77 17 1
77 100 1
78 13 1
78 35 1
78 92 1
78 141 1
78 200 1
78 231 1
78 234 1
78 239 1
78 246 1
78 262 1
79 3 1
79 42 1
79 87 1
79 137 1
79 193 1
79 251 1
80 5 1
80 14 1
80 111 1
80 208 1
81 87 1
82 202 1
82 295 1
83 127 1
83 158 1
84 11 1
84 115 1
85 3 1
85 5 1
85 7 1
85 15 1
85 19 1
85 21 1
85 22 1
85 59 1
85 60 1
85 64 1
85 68 1
85 70 1
85 87 1
85 91 1
85 92 1
85 101 1
85 102 1
85 112 1
85 116 1
85 119 1
85 126 1
85 131 1
85 138 1
85 139 1
85 150 1
85 173 1
85 185 1
85 200 1
85 208 1
85 220 1
85 231 1
85 238 1
85 246 1
85 263 1
85 281 1
85 296 1
86 54 1
86 70 1
86 87 1
86 135 1
86 143 1
86 159 1
86 179 1
86 195 1
86 197 1
86 246 1
86 297 1
87 2 1
87 9 1
87 12 1
87 13 1
87 15 1
87 32 1
87 33 1
87 59 1
87 64 1
87 68 1
87 72 1
87 91 1
87 104 1
87 105 1
87 114 1
87 115 1
87 121 1
87 122 1
87 131 1
87 132 1
87 147 1
87 154 1
87 163 1
87 182 1
87 192 1
87 196 1
87 199 1
87 202 1
87 205 1
87 214 1
87 219 1
87 229 1
87 233 1
87 240 1
87 246 1
87 248 1
88 17 1
88 28 1
88 53 1
88 67 1
88 172 1
88 173 1
88 224 1
89 17 1
89 69 1
89 83 1
89 219 1
89 240 1
90 3 1
90 13 1
90 39 1
90 94 1
90 117 1
90 119 1
90 234 1
90 258 1
91 84 1
91 126 1
91 131 1
91 150 1
91 214 1
91 233 1
91 285 1
92 11 1
92 17 1
93 153 1
94 6 1
94 68 1
94 88 1
94 123 1
94 185 1
94 198 1
94 199 1
95 6 1
95 182 1
95 254 1
96 48 1
96 72 1
96 108 1
96 138 1
96 143 1
96 239 1
97 63 1
97 85 1
97 216 1
97 257 1
98 4 1
98 16 1
98 58 1
98 62 1
98 63 1
98 85 1
98 102 1
98 113 1
98 173 1
98 177 1
98 180 1
98 197 1
98 210 1
98 285 1
99 3 1
99 5 1
99 7 1
99 10 1
99 13 1
99 36 1
99 60 1
99 91 1
99 103 1
99 124 1
99 126 1
99 130 1
99 138 1
99 143 1
99 168 1
99 173 1
99 192 1
99 202 1
99 208 1
100 106 1
100 149 1
100 164 1
100 214 1
100 285 1
101 17 1
101 87 1
101 259 1
102 21 1
102 119 1
102 128 1
102 149 1
102 150 1
102 245 1
103 3 1
103 13 1
103 64 1
103 94 1
103 118 1
103 136 1
103 143 1
103 173 1
103 199 1
103 203 1
103 225 1
103 260 1
104 17 1
104 31 1
104 32 1
104 55 1
104 57 1
104 71 1
104 97 1
104 131 1
104 227 1
104 244 1
104 249 1
105 5 1
105 66 1
105 93 1
105 112 1
105 170 1
105 237 1
105 278 1
106 48 1
106 100 1
106 118 1
106 130 1
106 138 1
106 151 1
106 192 1
106 285 1
107 43 1
107 76 1
107 99 1
107 120 1
107 138 1
107 240 1
107 266 1
108 13 1
108 58 1
108 73 1
108 96 1
108 107 1
108 114 1
108 209 1
109 27 1
109 43 1
109 58 1
109 92 1
109 113 1
109 114 1
109 166 1
109 178 1
109 206 1
109 216 1
109 219 1
110 124 1
110 143 1
110 178 1
110 202 1
110 237 1
110 286 1
111 9 1
111 87 1
111 116 1
111 215 1
112 2 1
112 9 1
112 71 1
112 110 1
112 122 1
112 131 1
112 204 1
113 27 1
113 121 1
113 198 1
113 227 1
113 268 1
113 279 1
113 284 1
114 4 1
114 14 1
114 35 1
114 108 1
114 109 1
114 126 1
114 163 1
114 203 1
114 205 1
114 254 1
114 265 1
114 279 1
115 4 1
115 7 1
115 43 1
115 54 1
115 62 1
115 70 1
115 71 1
115 75 1
115 114 1
115 118 1
115 119 1
115 120 1
115 124 1
115 126 1
115 143 1
115 146 1
115 149 1
115 170 1
115 186 1
115 196 1
115 199 1
115 205 1
115 229 1
115 252 1
115 283 1
116 5 1
116 42 1
116 111 1
116 130 1
116 217 1
116 220 1
116 227 1
116 242 1
116 257 1
117 9 1
117 18 1
117 112 1
118 3 1
118 15 1
118 19 1
118 30 1
118 41 1
118 53 1
118 59 1
118 64 1
118 67 1
118 100 1
118 106 1
118 110 1
118 119 1
118 133 1
118 134 1
118 143 1
118 150 1
118 151 1
118 173 1
118 192 1
118 194 1
118 204 1
118 205 1
118 218 1
118 229 1
118 285 1
119 3 1
119 7 1
119 16 1
119 19 1
119 43 1
119 48 1
119 64 1
119 67 1
119 68 1
119 72 1
119 86 1
119 91 1
119 94 1
119 96 1
119 101 1
119 120 1
119 124 1
119 131 1
119 133 1
119 143 1
119 150 1
119 151 1
119 172 1
119 192 1
119 196 1
119 202 1
119 207 1
119 208 1
119 229 1
119 231 1
119 246 1
120 19 1
120 21 1
120 43 1
120 48 1
120 64 1
120 67 1
120 72 1
120 80 1
120 91 1
120 109 1
120 119 1
120 123 1
120 138 1
120 143 1
120 185 1
120 196 1
120 203 1
120 208 1
120 210 1
120 231 1
121 57 1
121 58 1
121 136 1
121 208 1
122 14 1
122 32 1
122 205 1
123 2 1
123 60 1
123 64 1
123 77 1
123 120 1
123 125 1
123 126 1
123 138 1
123 198 1
123 199 1
123 277 1
124 13 1
124 43 1
124 62 1
124 94 1
124 104 1
124 116 1
124 119 1
124 120 1
124 133 1
124 143 1
124 207 1
125 60 1
125 61 1
125 72 1
125 108 1
125 118 1
125 123 1
125 126 1
125 134 1
126 5 1
126 7 1
126 13 1
126 14 1
126 16 1
126 32 1
126 60 1
126 67 1
126 87 1
126 112 1
126 114 1
126 118 1
126 119 1
126 125 1
126 132 1
126 134 1
126 138 1
126 150 1
126 151 1
126 201 1
126 203 1
126 205 1
126 219 1
126 223 1
126 227 1
127 71 1
127 218 1
127 221 1
128 146 1
128 171 1
129 90 1
129 213 1
129 220 1
130 24 1
130 32 1
130 99 1
130 138 1
130 173 1
130 237 1
131 3 1
131 4 1
131 13 1
131 55 1
131 84 1
131 91 1
131 103 1
131 104 1
131 110 1
131 112 1
131 122 1
131 124 1
131 143 1
131 168 1
131 173 1
131 192 1
131 204 1
131 208 1
132 3 1
132 13 1
132 22 1
132 58 1
132 68 1
132 118 1
132 149 1
132 260 1
133 19 1
133 22 1
133 39 1
133 59 1
133 64 1
133 68 1
133 72 1
133 85 1
133 96 1
133 120 1
133 124 1
133 143 1
133 173 1
133 210 1
133 258 1
134 10 1
134 16 1
134 102 1
134 113 1
134 125 1
136 31 1
136 52 1
136 128 1
136 134 1
136 140 1
136 144 1
137 258 1
138 41 1
138 42 1
138 46 1
138 60 1
138 88 1
138 94 1
138 99 1
138 106 1
138 117 1
138 118 1
138 119 1
138 126 1
138 130 1
138 134 1
138 151 1
138 173 1
138 188 1
138 196 1
138 207 1
138 208 1
138 227 1
138 279 1
139 7 1
139 39 1
139 68 1
139 161 1
139 208 1
139 217 1
140 30 1
140 138 1
140 182 1
140 200 1
141 78 1
141 203 1
141 234 1
142 3 1
142 7 1
142 74 1
142 87 1
142 156 1
142 192 1
142 238 1
142 249 1
142 285 1
143 4 1
143 13 1
143 43 1
143 66 1
143 91 1
143 110 1
143 118 1
143 120 1
143 123 1
143 124 1
143 138 1
143 192 1
143 196 1
143 205 1
143 221 1
143 246 1
145 76 1
145 186 1
146 14 1
146 19 1
146 42 1
146 60 1
146 99 1
146 122 1
146 138 1
146 139 1
146 173 1
146 229 1
146 240 1
146 260 1
147 136 1
147 285 1
148 104 1
148 184 1
148 256 1
149 43 1
149 54 1
149 64 1
149 88 1
149 132 1
149 212 1
149 216 1
149 282 1
150 32 1
150 91 1
151 200 1
152 20 1
152 31 1
152 43 1
152 54 1
152 107 1
152 117 1
152 118 1
152 149 1
152 215 1
152 238 1
152 242 1
152 283 1
153 5 1
153 10 1
153 118 1
153 206 1
153 207 1
153 210 1
153 277 1
154 16 1
154 63 1
154 118 1
154 134 1
154 192 1
154 213 1
155 3 1
155 5 1
155 86 1
155 178 1
155 208 1
155 259 1
155 268 1
156 22 1
156 44 1
156 59 1
156 85 1
156 116 1
156 142 1
156 196 1
156 216 1
156 227 1
157 17 1
157 55 1
157 86 1
157 135 1
157 169 1
157 258 1
157 279 1
158 54 1
158 85 1
158 117 1
158 160 1
158 171 1
158 185 1
158 188 1
158 195 1
158 231 1
159 60 1
159 125 1
159 126 1
159 138 1
159 236 1
160 2 1
160 16 1
160 88 1
160 110 1
160 124 1
160 143 1
160 163 1
160 202 1
160 226 1
161 1 1
161 12 1
161 115 1
161 126 1
161 135 1
161 136 1
161 226 1
161 240 1
161 246 1
161 283 1
162 2 1
162 13 1
162 43 1
162 119 1
162 139 1
162 192 1
162 245 1
162 259 1
162 264 1
163 35 1
163 51 1
163 90 1
163 109 1
163 114 1
163 117 1
163 218 1
163 254 1
163 285 1
164 37 1
164 66 1
164 99 1
164 117 1
164 152 1
164 154 1
164 180 1
164 196 1
164 236 1
164 259 1
165 9 1
165 20 1
165 31 1
165 57 1
165 68 1
165 111 1
166 35 1
166 77 1
166 102 1
166 104 1
166 171 1
167 13 1
167 35 1
167 70 1
167 76 1
167 77 1
167 83 1
167 115 1
167 118 1
167 166 1
167 200 1
167 225 1
168 4 1
168 13 1
168 28 1
168 102 1
168 119 1
168 124 1
168 173 1
168 190 1
168 199 1
168 260 1
169 10 1
169 47 1
169 83 1
169 84 1
169 196 1
169 215 1
169 225 1
169 238 1
170 34 1
170 89 1
170 128 1
170 169 1
170 206 1
170 209 1
171 54 1
171 128 1
171 148 1
171 196 1
171 242 1
171 276 1
172 41 1
172 53 1
172 88 1
172 94 1
172 221 1
172 284 1
173 3 1
173 13 1
173 15 1
173 49 1
173 60 1
173 64 1
173 87 1
173 103 1
173 126 1
173 133 1
173 136 1
173 143 1
173 155 1
173 186 1
173 188 1
173 190 1
173 194 1
173 196 1
173 205 1
173 210 1
173 214 1
173 225 1
173 227 1
173 233 1
173 246 1
173 285 1
174 3 1
174 4 1
174 17 1
174 28 1
174 39 1
174 68 1
174 77 1
174 88 1
174 94 1
174 138 1
174 189 1
175 10 1
175 92 1
175 206 1
175 226 1
175 254 1
176 53 1
176 69 1
176 83 1
176 154 1
176 171 1
177 32 1
177 66 1
177 110 1
177 149 1
177 205 1
177 264 1
177 268 1
178 13 1
178 103 1
178 105 1
178 122 1
178 146 1
178 180 1
178 190 1
178 205 1
178 211 1
178 215 1
178 241 1
178 246 1
178 292 1
179 68 1
179 72 1
179 87 1
179 117 1
179 122 1
179 149 1
179 173 1
179 181 1
179 194 1
179 206 1
180 6 1
180 25 1
180 51 1
180 113 1
180 141 1
180 204 1
180 230 1
180 273 1
181 141 1
181 149 1
181 150 1
181 169 1
181 233 1
181 259 1
181 262 1
182 96 1
182 156 1
182 255 1
182 256 1
182 261 1
182 284 1
183 3 1
183 8 1
183 13 1
183 18 1
183 28 1
183 46 1
183 94 1
183 188 1
183 208 1
184 10 1
184 148 1
184 161 1
184 163 1
185 35 1
185 70 1
185 129 1
185 195 1
186 24 1
186 26 1
186 28 1
186 37 1
186 145 1
186 173 1
186 233 1
186 248 1
187 6 1
187 125 1
187 199 1
187 225 1
187 241 1
187 275 1
188 3 1
188 7 1
188 12 1
188 13 1
188 17 1
188 49 1
188 51 1
188 60 1
188 87 1
188 125 1
188 134 1
188 192 1
188 194 1
188 204 1
188 225 1
188 226 1
189 133 1
189 178 1
189 203 1
190 3 1
190 13 1
190 60 1
190 78 1
190 84 1
190 96 1
190 103 1
190 108 1
190 109 1
190 112 1
190 126 1
190 150 1
190 169 1
190 173 1
190 178 1
190 215 1
190 246 1
191 3 1
191 4 1
191 7 1
191 13 1
191 14 1
191 27 1
191 32 1
191 43 1
191 48 1
191 51 1
191 60 1
191 96 1
191 99 1
191 103 1
191 106 1
191 118 1
191 119 1
191 122 1
191 126 1
191 138 1
191 146 1
191 149 1
191 150 1
191 153 1
191 163 1
191 164 1
191 173 1
191 203 1
191 205 1
191 208 1
191 225 1
192 1 1
192 19 1
192 48 1
192 58 1
192 100 1
192 110 1
192 118 1
192 126 1
192 139 1
192 143 1
192 281 1
193 53 1
193 55 1
193 91 1
193 140 1
193 157 1
194 3 1
194 71 1
194 106 1
194 133 1
194 193 1
194 195 1
194 204 1
194 206 1
194 222 1
194 251 1
195 71 1
195 112 1
195 150 1
195 185 1
195 212 1
196 13 1
196 32 1
196 66 1
196 124 1
196 143 1
196 192 1
196 210 1
196 246 1
197 69 1
197 98 1
197 230 1
197 284 1
198 4 1
198 5 1
198 42 1
198 94 1
198 102 1
198 105 1
198 123 1
198 126 1
198 178 1
198 192 1
198 199 1
198 203 1
198 208 1
198 211 1
199 70 1
199 76 1
199 78 1
199 94 1
199 115 1
199 133 1
199 229 1
199 242 1
200 7 1
200 20 1
200 30 1
200 83 1
200 119 1
200 126 1
200 140 1
200 151 1
200 152 1
200 169 1
200 192 1
201 5 1
201 13 1
201 14 1
201 18 1
201 32 1
201 90 1
201 106 1
201 118 1
201 126 1
201 150 1
201 151 1
201 188 1
201 193 1
201 219 1
201 251 1
202 2 1
202 64 1
202 110 1
202 112 1
202 237 1
202 280 1
203 3 1
203 13 1
203 14 1
203 67 1
203 72 1
203 103 1
203 118 1
203 126 1
203 146 1
203 207 1
203 246 1
203 257 1
204 112 1
204 135 1
204 194 1
204 217 1
204 285 1
205 28 1
205 32 1
205 114 1
205 122 1
205 177 1
205 178 1
205 210 1
205 226 1
206 51 1
206 162 1
206 169 1
206 194 1
206 200 1
206 204 1
206 210 1
206 262 1
207 1 1
207 17 1
207 218 1
208 3 1
208 60 1
208 126 1
208 131 1
208 138 1
208 151 1
209 9 1
210 59 1
210 126 1
210 206 1
210 215 1
210 290 1
211 58 1
211 64 1
211 88 1
211 165 1
211 202 1
211 229 1
212 8 1
212 54 1
212 91 1
212 187 1
212 195 1
213 59 1
213 87 1
213 129 1
213 221 1
213 240 1
213 274 1
214 35 1
214 51 1
214 60 1
214 91 1
214 93 1
214 123 1
214 126 1
214 169 1
214 173 1
214 194 1
214 208 1
215 5 1
215 63 1
215 95 1
215 160 1
215 178 1
215 179 1
215 226 1
216 214 1
216 218 1
216 282 1
216 289 1
217 33 1
217 42 1
217 146 1
217 233 1
218 44 1
218 207 1
218 219 1
218 249 1
219 1 1
219 2 1
219 17 1
219 38 1
219 53 1
219 59 1
219 128 1
219 194 1
219 287 1
220 5 1
220 9 1
220 30 1
220 96 1
220 109 1
220 111 1
220 116 1
220 118 1
220 130 1
220 140 1
220 179 1
220 189 1
220 194 1
220 204 1
220 257 1
220 285 1
221 88 1
221 172 1
221 207 1
221 213 1
222 105 1
222 162 1
222 166 1
222 204 1
222 206 1
222 217 1
222 221 1
222 256 1
223 3 1
224 35 1
225 27 1
225 103 1
225 227 1
226 4 1
226 91 1
226 227 1
226 230 1
227 31 1
227 41 1
227 92 1
227 116 1
227 204 1
227 225 1
227 226 1
228 11 1
228 31 1
228 61 1
228 64 1
228 70 1
228 104 1
228 168 1
228 205 1
228 214 1
228 254 1
229 70 1
229 199 1
230 197 1
230 226 1
232 1 1
232 4 1
232 7 1
232 19 1
232 81 1
232 87 1
232 99 1
232 101 1
232 102 1
232 117 1
232 119 1
232 150 1
232 169 1
232 181 1
232 254 1
233 144 1
233 156 1
233 185 1
233 285 1
234 13 1
234 54 1
234 69 1
234 78 1
234 92 1
234 104 1
234 122 1
234 177 1
234 200 1
234 202 1
234 206 1
234 226 1
234 246 1
234 262 1
234 272 1
235 9 1
235 17 1
235 19 1
235 59 1
235 69 1
235 102 1
235 208 1
235 211 1
235 241 1
235 278 1
236 74 1
236 167 1
237 4 1
237 176 1
238 8 1
238 20 1
239 31 1
239 39 1
239 96 1
239 143 1
239 171 1
239 176 1
239 205 1
240 12 1
241 6 1
242 239 1
245 9 1
245 170 1
245 172 1
245 258 1
246 73 1
246 92 1
246 147 1
246 249 1
247 22 1
247 154 1
247 221 1
248 186 1
249 218 1
250 3 1
250 4 1
250 118 1
250 131 1
250 174 1
250 227 1
250 234 1
251 117 1
253 5 1
253 99 1
253 106 1
253 161 1
253 194 1
254 30 1
254 128 1
254 155 1
254 216 1
255 71 1
255 173 1
255 283 1
256 64 1
256 166 1
256 222 1
256 245 1
257 64 1
257 88 1
257 116 1
257 277 1
257 284 1
258 137 1
258 147 1
258 233 1
259 161 1
263 167 1
263 254 1
264 204 1
264 269 1
265 204 1
265 267 1
266 202 1
266 271 1
267 87 1
267 162 1
268 65 1
268 66 1
269 55 1
269 59 1
269 73 1
269 135 1
269 144 1
269 170 1
269 246 1
269 271 1
270 1 1
270 46 1
270 59 1
270 109 1
270 146 1
270 166 1
270 210 1
270 219 1
270 225 1
270 275 1
270 278 1
271 192 1
272 6 1
272 42 1
272 54 1
272 71 1
272 91 1
272 102 1
272 132 1
272 152 1
272 196 1
272 283 1
273 249 1
274 1 1
274 5 1
274 20 1
274 55 1
274 118 1
274 121 1
274 178 1
274 260 1
274 285 1
275 181 1
276 54 1
276 84 1
276 143 1
276 148 1
276 160 1
276 170 1
276 171 1
276 193 1
276 196 1
276 231 1
277 13 1
277 17 1
277 28 1
277 72 1
277 101 1
277 103 1
277 173 1
277 186 1
277 189 1
277 193 1
277 207 1
277 257 1
278 59 1
278 62 1
278 137 1
278 143 1
278 146 1
278 182 1
278 280 1
278 285 1
280 3 1
283 98 1
284 47 1
284 63 1
