1 22 1
1 173 1
2 5 1
2 14 1
2 15 1
2 24 1
2 26 1
2 28 1
2 43 1
2 68 1
2 72 1
2 90 1
2 94 1
2 99 1
2 118 1
2 130 1
2 132 1
2 151 1
2 169 1
2 205 1
2 218 1
2 227 1
2 233 1
2 238 1
2 251 1
2 285 1
3 1 1
3 7 1
3 10 1
3 19 1
3 20 1
3 32 1
3 43 1
3 54 1
3 59 1
3 60 1
3 68 1
3 72 1
3 77 1
3 91 1
3 94 1
3 96 1
3 112 1
3 118 1
3 120 1
3 122 1
3 126 1
3 127 1
3 132 1
3 133 1
3 138 1
3 150 1
3 172 1
3 173 1
3 192 1
3 196 1
3 200 1
3 204 1
3 205 1
3 206 1
3 208 1
3 216 1
3 227 1
3 229 1
3 245 1
3 270 1
3 285 1
4 13 1
4 14 1
4 43 1
4 59 1
4 60 1
4 61 1
4 68 1
4 71 1
4 72 1
4 88 1
4 102 1
4 105 1
4 118 1
4 119 1
4 120 1
4 124 1
4 126 1
4 131 1
4 133 1
4 138 1
4 150 1
4 173 1
4 180 1
4 185 1
4 196 1
4 202 1
4 203 1
4 205 1
4 212 1
4 225 1
4 246 1
4 252 1
4 288 1
5 3 1
5 13 1
5 14 1
5 31 1
5 32 1
5 48 1
5 59 1
5 60 1
5 64 1
5 66 1
5 68 1
5 72 1
5 91 1
5 94 1
5 103 1
5 109 1
5 112 1
5 119 1
5 126 1
5 131 1
5 138 1
5 143 1
5 173 1
5 202 1
5 203 1
5 208 1
5 209 1
5 212 1
5 214 1
5 217 1
5 227 1
5 234 1
5 242 1
5 248 1
5 257 1
6 11 1
6 19 1
6 72 1
6 120 1
6 137 1
6 215 1
6 256 1
6 283 1
7 3 1
7 14 1
7 16 1
7 42 1
7 49 1
7 51 1
7 59 1
7 60 1
7 64 1
7 92 1
7 96 1
7 100 1
7 106 1
7 114 1
7 118 1
7 126 1
7 133 1
7 138 1
7 150 1
7 173 1
7 192 1
7 196 1
7 205 1
7 208 1
7 214 1
7 239 1
7 277 1
8 9 1
8 32 1
8 61 1
8 69 1
8 72 1
8 185 1
8 193 1
8 207 1
8 208 1
8 211 1
8 214 1
8 223 1
8 241 1
8 285 1
9 19 1
9 106 1
9 111 1
9 114 1
9 130 1
9 136 1
9 188 1
9 196 1
9 241 1
9 297 1
10 71 1
10 81 1
10 196 1
10 204 1
10 231 1
10 232 1
10 235 1
10 257 1
11 13 1
11 72 1
11 83 1
11 98 1
11 108 1
11 111 1
11 113 1
11 231 1
11 233 1
12 41 1
12 43 1
12 54 1
12 132 1
12 134 1
12 139 1
12 199 1
13 3 1
13 7 1
13 9 1
13 14 1
13 17 1
13 32 1
13 51 1
13 59 1
13 60 1
13 63 1
13 64 1
13 71 1
13 72 1
13 88 1
13 91 1
13 94 1
13 103 1
13 107 1
13 110 1
13 112 1
13 116 1
13 118 1
13 119 1
13 122 1
13 126 1
13 133 1
13 138 1
13 143 1
13 151 1
13 153 1
13 161 1
13 173 1
13 178 1
13 185 1
13 192 1
13 195 1
13 199 1
13 200 1
13 210 1
13 221 1
13 225 1
13 227 1
13 237 1
13 239 1
13 246 1
14 5 1
14 7 1
14 13 1
14 31 1
14 39 1
14 51 1
14 59 1
14 60 1
14 64 1
14 72 1
14 78 1
14 88 1
14 94 1
14 106 1
14 118 1
14 120 1
14 124 1
14 126 1
14 138 1
14 151 1
14 173 1
14 192 1
14 203 1
14 205 1
14 227 1
14 246 1
15 2 1
15 3 1
15 6 1
15 12 1
15 16 1
15 22 1
15 28 1
15 68 1
15 69 1
15 99 1
15 130 1
15 163 1
15 164 1
15 169 1
15 196 1
15 227 1
15 285 1
16 57 1
16 138 1
16 193 1
16 206 1
17 76 1
17 204 1
17 257 1
18 49 1
18 135 1
18 192 1
18 246 1
18 266 1
18 284 1
19 172 1
19 192 1
19 202 1
19 204 1
20 17 1
20 63 1
20 117 1
20 165 1
20 170 1
20 245 1
21 51 1
21 105 1
21 109 1
21 110 1
21 119 1
21 146 1
21 164 1
21 225 1
21 229 1
22 16 1
22 17 1
22 30 1
22 55 1
22 58 1
22 66 1
22 89 1
22 107 1
22 115 1
22 126 1
22 143 1
22 202 1
22 230 1
23 3 1
23 4 1
23 53 1
23 58 1
23 72 1
23 87 1
23 94 1
23 110 1
23 111 1
23 120 1
23 126 1
23 138 1
23 149 1
23 192 1
24 2 1
24 5 1
24 13 1
24 16 1
24 28 1
24 35 1
24 43 1
24 60 1
24 68 1
24 75 1
24 109 1
24 133 1
24 138 1
24 169 1
24 173 1
24 176 1
24 205 1
24 277 1
24 279 1
25 16 1
25 54 1
25 121 1
25 129 1
25 273 1
26 16 1
26 62 1
26 134 1
26 220 1
26 243 1
27 64 1
27 187 1
28 2 1
28 130 1
28 178 1
28 258 1
28 285 1
29 20 1
29 21 1
29 58 1
29 211 1
30 67 1
30 68 1
30 132 1
30 212 1
30 214 1
30 259 1
31 115 1
31 194 1
31 227 1
32 8 1
32 43 1
32 72 1
32 116 1
32 124 1
32 183 1
32 208 1
32 227 1
33 85 1
33 115 1
33 189 1
33 215 1
33 273 1
34 4 1
34 10 1
34 15 1
34 31 1
34 57 1
34 93 1
34 117 1
34 125 1
34 128 1
34 179 1
34 194 1
34 196 1
34 253 1
35 37 1
35 136 1
35 202 1
35 222 1
35 242 1
36 3 1
36 4 1
36 7 1
36 28 1
36 33 1
36 53 1
36 79 1
36 85 1
36 87 1
36 103 1
36 124 1
36 135 1
36 169 1
36 173 1
36 194 1
36 205 1
37 8 1
37 15 1
37 35 1
37 99 1
37 134 1
37 150 1
37 199 1
38 3 1
38 157 1
38 170 1
38 177 1
38 242 1
39 19 1
39 109 1
39 119 1
40 13 1
40 86 1
40 119 1
40 170 1
40 192 1
40 194 1
40 239 1
40 240 1
40 258 1
40 259 1
41 101 1
41 109 1
41 134 1
41 194 1
41 225 1
42 1 1
42 54 1
42 203 1
42 216 1
42 227 1
42 283 1
43 1 1
43 49 1
43 55 1
43 64 1
43 92 1
43 150 1
43 205 1
43 216 1
43 246 1
43 249 1
44 9 1
44 21 1
44 28 1
44 32 1
44 63 1
44 66 1
44 94 1
44 116 1
44 119 1
44 143 1
44 171 1
44 180 1
44 221 1
44 227 1
44 231 1
45 2 1
45 3 1
45 4 1
45 5 1
45 6 1
45 7 1
45 8 1
45 9 1
45 11 1
45 13 1
45 14 1
45 15 1
45 17 1
45 19 1
45 28 1
45 31 1
45 32 1
45 33 1
45 35 1
45 42 1
45 43 1
45 44 1
45 48 1
45 49 1
45 53 1
45 54 1
45 55 1
45 58 1
45 59 1
45 60 1
45 63 1
45 64 1
45 66 1
45 67 1
45 68 1
45 70 1
45 71 1
45 72 1
45 73 1
45 74 1
45 76 1
45 77 1
45 78 1
45 83 1
45 85 1
45 87 1
45 88 1
45 90 1
45 91 1
45 94 1
45 96 1
45 99 1
45 100 1
45 102 1
45 103 1
45 104 1
45 105 1
45 106 1
45 110 1
45 112 1
45 114 1
45 115 1
45 116 1
45 118 1
45 119 1
45 120 1
45 122 1
45 123 1
45 124 1
45 126 1
45 130 1
45 131 1
45 133 1
45 136 1
45 138 1
45 140 1
45 141 1
45 143 1
45 147 1
45 149 1
45 150 1
45 151 1
45 153 1
45 154 1
45 155 1
45 157 1
45 163 1
45 164 1
45 167 1
45 170 1
45 172 1
45 173 1
45 178 1
45 181 1
45 185 1
45 186 1
45 188 1
45 189 1
45 190 1
45 192 1
45 193 1
45 194 1
45 195 1
45 196 1
45 199 1
45 200 1
45 202 1
45 203 1
45 204 1
45 205 1
45 206 1
45 207 1
45 208 1
45 210 1
45 212 1
45 213 1
45 214 1
45 215 1
45 217 1
45 218 1
45 219 1
45 225 1
45 226 1
45 227 1
45 230 1
45 234 1
45 238 1
45 240 1
45 241 1
45 246 1
45 256 1
45 265 1
45 283 1
45 284 1
46 25 1
46 51 1
46 104 1
46 208 1
46 285 1
47 3 1
47 13 1
47 64 1
47 86 1
47 104 1
47 108 1
47 114 1
47 188 1
47 196 1
47 216 1
47 219 1
47 226 1
47 244 1
47 281 1
48 4 1
48 70 1
48 85 1
48 94 1
48 106 1
48 118 1
48 126 1
48 154 1
48 155 1
48 173 1
48 188 1
48 196 1
48 201 1
48 205 1
48 212 1
48 213 1
48 276 1
48 285 1
49 1 1
49 4 1
49 7 1
49 13 1
49 29 1
49 43 1
49 51 1
49 60 1
49 106 1
49 119 1
49 122 1
49 126 1
49 131 1
49 138 1
49 150 1
49 159 1
49 173 1
49 188 1
49 192 1
49 277 1
50 4 1
50 16 1
50 23 1
50 33 1
50 57 1
50 64 1
50 70 1
50 158 1
50 182 1
50 209 1
50 217 1
50 240 1
50 258 1
51 10 1
51 35 1
51 58 1
51 63 1
51 83 1
51 146 1
52 68 1
52 82 1
52 86 1
52 87 1
52 148 1
52 208 1
52 214 1
52 260 1
52 278 1
53 5 1
53 13 1
53 33 1
53 102 1
53 205 1
53 221 1
53 279 1
54 122 1
56 84 1
56 102 1
56 138 1
56 156 1
56 199 1
57 38 1
57 47 1
57 165 1
59 88 1
59 103 1
59 116 1
59 217 1
59 224 1
59 229 1
59 245 1
60 12 1
60 43 1
60 68 1
60 86 1
60 109 1
60 138 1
60 146 1
60 147 1
60 150 1
60 173 1
60 208 1
60 217 1
60 271 1
61 10 1
61 118 1
61 139 1
61 149 1
61 230 1
62 9 1
62 17 1
62 266 1
63 171 1
64 3 1
64 106 1
64 112 1
64 166 1
64 214 1
65 1 1
65 20 1
65 35 1
65 84 1
65 91 1
65 94 1
65 99 1
65 110 1
65 168 1
65 258 1
65 262 1
66 21 1
66 30 1
66 205 1
66 219 1
66 257 1
67 30 1
67 114 1
67 213 1
68 8 1
68 78 1
68 121 1
68 203 1
68 204 1
68 214 1
69 10 1
69 52 1
69 118 1
69 152 1
70 73 1
70 124 1
71 185 1
72 8 1
72 85 1
72 94 1
72 104 1
72 120 1
72 210 1
72 285 1
73 4 1
73 70 1
73 71 1
73 146 1
73 173 1
73 185 1
73 190 1
73 199 1
73 208 1
73 227 1
73 276 1
74 13 1
74 58 1
74 87 1
74 91 1
74 96 1
74 118 1
74 123 1
74 136 1
74 143 1
74 146 1
74 148 1
74 186 1
74 202 1
74 205 1
74 208 1
74 215 1
74 217 1
75 3 1
75 5 1
75 13 1
75 16 1
75 18 1
75 20 1
75 60 1
75 96 1
75 120 1
75 126 1
75 133 1
75 138 1
75 140 1
75 142 1
75 173 1
75 195 1
75 206 1
75 207 1
76 3 1
76 13 1
76 17 1
76 85 1
76 87 1
76 110 1
76 119 1
76 127 1
76 170 1
76 173 1
76 192 1
76 225 1
76 295 1
77 152 1
77 205 1
78 17 1
78 68 1
78 77 1
78 118 1
78 126 1
78 138 1
78 146 1
78 163 1
78 167 1
78 241 1
79 6 1
79 50 1
79 63 1
79 192 1
79 202 1
79 207 1
80 63 1
80 166 1
80 238 1
80 281 1
81 248 1
82 189 1
82 285 1
83 58 1
83 148 1
84 185 1
84 263 1
85 3 1
85 5 1
85 7 1
85 13 1
85 16 1
85 17 1
85 19 1
85 42 1
85 60 1
85 67 1
85 76 1
85 96 1
85 104 1
85 108 1
85 111 1
85 118 1
85 119 1
85 122 1
85 130 1
85 136 1
85 137 1
85 138 1
85 143 1
85 173 1
85 192 1
85 196 1
85 199 1
85 200 1
85 203 1
85 205 1
85 225 1
85 233 1
85 240 1
85 251 1
85 262 1
85 279 1
86 1 1
86 5 1
86 42 1
86 65 1
86 93 1
86 103 1
86 146 1
86 159 1
86 178 1
86 202 1
86 219 1
87 3 1
87 7 1
87 8 1
87 9 1
87 13 1
87 14 1
87 43 1
87 54 1
87 55 1
87 91 1
87 96 1
87 102 1
87 106 1
87 114 1
87 118 1
87 119 1
87 120 1
87 122 1
87 124 1
87 126 1
87 131 1
87 137 1
87 138 1
87 143 1
87 149 1
87 150 1
87 171 1
87 179 1
87 192 1
87 199 1
87 205 1
87 206 1
87 208 1
87 229 1
87 246 1
87 247 1
88 66 1
88 120 1
88 205 1
88 215 1
88 278 1
88 280 1
88 284 1
89 9 1
89 87 1
89 107 1
89 111 1
89 192 1
90 35 1
90 42 1
90 60 1
90 117 1
90 161 1
90 188 1
90 255 1
90 285 1
91 62 1
91 93 1
91 123 1
91 143 1
91 181 1
91 203 1
91 217 1
92 164 1
92 267 1
93 85 1
94 6 1
94 48 1
94 70 1
94 72 1
94 196 1
94 210 1
94 227 1
95 211 1
95 214 1
95 265 1
96 3 1
96 7 1
96 122 1
96 197 1
96 204 1
96 208 1
97 22 1
97 123 1
97 140 1
97 159 1
98 11 1
98 13 1
98 31 1
98 32 1
98 59 1
98 83 1
98 93 1
98 133 1
98 158 1
98 242 1
98 255 1
98 279 1
98 290 1
98 294 1
99 3 1
99 7 1
99 10 1
99 41 1
99 46 1
99 64 1
99 70 1
99 85 1
99 92 1
99 130 1
99 131 1
99 133 1
99 140 1
99 188 1
99 199 1
99 215 1
99 222 1
99 225 1
99 234 1
100 19 1
100 114 1
100 144 1
100 165 1
100 266 1
101 41 1
101 148 1
101 210 1
102 9 1
102 15 1
102 33 1
102 65 1
102 77 1
102 225 1
103 4 1
103 13 1
103 17 1
103 36 1
103 53 1
103 59 1
103 88 1
103 128 1
103 138 1
103 149 1
103 202 1
103 246 1
104 28 1
104 72 1
104 101 1
104 112 1
104 131 1
104 143 1
104 172 1
104 178 1
104 230 1
104 240 1
104 257 1
105 3 1
105 13 1
105 94 1
105 110 1
105 112 1
105 192 1
105 285 1
106 9 1
106 14 1
106 64 1
106 88 1
106 114 1
106 118 1
106 124 1
106 173 1
107 19 1
107 28 1
107 97 1
107 129 1
107 192 1
107 245 1
107 285 1
108 11 1
108 39 1
108 116 1
108 128 1
108 167 1
108 169 1
108 199 1
109 1 1
109 55 1
109 60 1
109 99 1
109 106 1
109 107 1
109 147 1
109 168 1
109 218 1
109 254 1
109 296 1
110 62 1
110 76 1
110 92 1
110 111 1
110 137 1
110 145 1
111 11 1
111 68 1
111 143 1
111 171 1
112 60 1
112 64 1
112 168 1
112 196 1
112 200 1
112 219 1
112 226 1
113 72 1
113 78 1
113 126 1
113 135 1
113 136 1
113 233 1
113 241 1
114 7 1
114 9 1
114 67 1
114 90 1
114 100 1
114 101 1
114 106 1
114 118 1
114 156 1
114 208 1
114 247 1
114 273 1
115 3 1
115 4 1
115 7 1
115 13 1
115 14 1
115 33 1
115 36 1
115 59 1
115 60 1
115 69 1
115 72 1
115 85 1
115 103 1
115 118 1
115 120 1
115 124 1
115 133 1
115 139 1
115 149 1
115 151 1
115 173 1
115 194 1
115 196 1
115 200 1
115 205 1
116 32 1
116 59 1
116 108 1
116 142 1
116 167 1
116 200 1
116 206 1
116 226 1
116 260 1
117 121 1
117 173 1
117 214 1
118 2 1
118 5 1
118 9 1
118 13 1
118 14 1
118 32 1
118 46 1
118 51 1
118 59 1
118 60 1
118 71 1
118 77 1
118 94 1
118 101 1
118 110 1
118 112 1
118 192 1
118 194 1
118 205 1
118 210 1
118 225 1
118 227 1
118 246 1
118 254 1
118 260 1
118 272 1
119 3 1
119 13 1
119 44 1
119 54 1
119 59 1
119 60 1
119 63 1
119 88 1
119 91 1
119 94 1
119 96 1
119 103 1
119 107 1
119 108 1
119 112 1
119 116 1
119 122 1
119 123 1
119 133 1
119 134 1
119 138 1
119 143 1
119 151 1
119 173 1
119 180 1
119 186 1
119 221 1
119 227 1
119 229 1
119 231 1
119 246 1
120 4 1
120 5 1
120 7 1
120 13 1
120 14 1
120 59 1
120 72 1
120 85 1
120 88 1
120 97 1
120 118 1
120 124 1
120 126 1
120 133 1
120 134 1
120 143 1
120 173 1
120 205 1
120 208 1
120 252 1
121 10 1
121 13 1
121 157 1
121 226 1
122 54 1
122 96 1
122 137 1
123 13 1
123 74 1
123 87 1
123 91 1
123 96 1
123 119 1
123 131 1
123 143 1
123 186 1
123 208 1
123 229 1
124 13 1
124 14 1
124 32 1
124 64 1
124 70 1
124 119 1
124 143 1
124 173 1
124 205 1
124 226 1
124 246 1
125 3 1
125 6 1
125 39 1
125 70 1
125 126 1
125 132 1
125 226 1
125 279 1
126 3 1
126 5 1
126 32 1
126 41 1
126 60 1
126 64 1
126 75 1
126 91 1
126 96 1
126 109 1
126 112 1
126 119 1
126 125 1
126 138 1
126 150 1
126 173 1
126 179 1
126 196 1
126 198 1
126 203 1
126 206 1
126 216 1
126 226 1
126 245 1
126 246 1
127 76 1
127 158 1
127 176 1
128 169 1
128 207 1
129 107 1
129 113 1
129 178 1
130 15 1
130 99 1
130 169 1
130 178 1
130 238 1
130 246 1
131 3 1
131 13 1
131 56 1
131 91 1
131 119 1
131 120 1
131 123 1
131 126 1
131 134 1
131 143 1
131 199 1
131 206 1
131 208 1
131 214 1
131 220 1
131 227 1
131 276 1
131 283 1
132 31 1
132 107 1
132 125 1
132 126 1
132 135 1
132 139 1
132 211 1
132 267 1
133 3 1
133 7 1
133 13 1
133 32 1
133 43 1
133 60 1
133 110 1
133 112 1
133 138 1
133 150 1
133 173 1
133 194 1
133 205 1
133 227 1
133 249 1
134 39 1
134 41 1
134 101 1
134 149 1
134 239 1
136 55 1
136 103 1
136 117 1
136 179 1
136 202 1
136 256 1
137 122 1
138 3 1
138 16 1
138 32 1
138 59 1
138 60 1
138 64 1
138 68 1
138 75 1
138 91 1
138 96 1
138 112 1
138 126 1
138 143 1
138 150 1
138 173 1
138 183 1
138 199 1
138 203 1
138 204 1
138 205 1
138 217 1
138 276 1
139 12 1
139 31 1
139 39 1
139 126 1
139 151 1
139 227 1
140 11 1
140 209 1
140 230 1
140 231 1
141 100 1
141 151 1
141 177 1
142 113 1
142 116 1
142 126 1
142 138 1
142 198 1
142 200 1
142 240 1
142 260 1
142 275 1
143 3 1
143 44 1
143 88 1
143 91 1
143 96 1
143 107 1
143 119 1
143 120 1
143 131 1
143 186 1
143 208 1
143 209 1
143 217 1
143 231 1
143 247 1
143 258 1
145 110 1
145 151 1
146 17 1
146 55 1
146 74 1
146 87 1
146 91 1
146 122 1
146 141 1
146 143 1
146 204 1
146 246 1
146 259 1
146 261 1
147 91 1
147 146 1
148 74 1
148 110 1
148 202 1
149 13 1
149 103 1
149 118 1
149 119 1
149 143 1
149 151 1
149 208 1
149 225 1
150 43 1
150 200 1
151 145 1
152 4 1
152 19 1
152 21 1
152 98 1
152 105 1
152 153 1
152 158 1
152 166 1
152 202 1
152 216 1
152 236 1
152 247 1
153 3 1
153 31 1
153 67 1
153 161 1
153 178 1
153 188 1
153 210 1
154 22 1
154 64 1
154 85 1
154 99 1
154 182 1
154 207 1
155 87 1
155 92 1
155 112 1
155 124 1
155 205 1
155 209 1
155 214 1
156 92 1
156 100 1
156 114 1
156 143 1
156 193 1
156 208 1
156 238 1
156 262 1
156 286 1
157 21 1
157 43 1
157 51 1
157 87 1
157 218 1
157 229 1
157 264 1
158 3 1
158 29 1
158 39 1
158 53 1
158 69 1
158 194 1
158 206 1
158 260 1
158 282 1
159 69 1
159 134 1
159 160 1
159 248 1
159 271 1
160 5 1
160 13 1
160 117 1
160 119 1
160 121 1
160 136 1
160 245 1
160 254 1
160 291 1
161 33 1
161 37 1
161 57 1
161 85 1
161 91 1
161 97 1
161 102 1
161 104 1
161 177 1
161 260 1
162 78 1
162 87 1
162 112 1
162 164 1
162 210 1
162 214 1
162 219 1
162 230 1
162 260 1
163 13 1
163 62 1
163 195 1
163 204 1
163 207 1
163 225 1
163 259 1
163 280 1
163 284 1
164 24 1
164 27 1
164 87 1
164 90 1
164 122 1
164 133 1
164 154 1
164 173 1
164 178 1
164 182 1
165 18 1
165 20 1
165 64 1
165 67 1
165 140 1
165 170 1
166 114 1
166 124 1
166 251 1
166 254 1
166 275 1
167 53 1
167 98 1
167 102 1
167 116 1
167 117 1
167 122 1
167 169 1
167 173 1
167 224 1
167 233 1
167 256 1
168 3 1
168 17 1
168 22 1
168 27 1
168 192 1
168 193 1
168 195 1
168 237 1
168 256 1
168 258 1
169 21 1
169 104 1
169 122 1
169 137 1
169 161 1
169 194 1
169 229 1
169 238 1
170 3 1
170 58 1
170 73 1
170 117 1
170 144 1
170 150 1
171 5 1
171 63 1
171 85 1
171 118 1
171 204 1
171 249 1
172 18 1
172 19 1
172 109 1
172 178 1
172 192 1
172 195 1
173 4 1
173 13 1
173 20 1
173 22 1
173 28 1
173 32 1
173 48 1
173 59 1
173 60 1
173 64 1
173 68 1
173 71 1
173 84 1
173 88 1
173 116 1
173 118 1
173 124 1
173 133 1
173 150 1
173 163 1
173 185 1
173 200 1
173 212 1
173 223 1
173 227 1
173 236 1
174 6 1
174 62 1
174 94 1
174 118 1
174 130 1
174 153 1
174 156 1
174 165 1
174 215 1
174 237 1
174 242 1
175 42 1
175 134 1
175 180 1
175 188 1
175 256 1
176 88 1
176 94 1
176 106 1
176 135 1
176 204 1
177 4 1
177 34 1
177 56 1
177 141 1
177 151 1
177 197 1
177 278 1
178 10 1
178 17 1
178 72 1
178 126 1
178 130 1
178 138 1
178 146 1
178 171 1
178 172 1
178 179 1
178 192 1
178 246 1
178 279 1
179 5 1
179 13 1
179 14 1
179 83 1
179 88 1
179 91 1
179 99 1
179 172 1
179 203 1
179 233 1
180 15 1
180 17 1
180 109 1
180 113 1
180 134 1
180 167 1
180 273 1
180 285 1
181 4 1
181 46 1
181 68 1
181 110 1
181 119 1
181 121 1
181 284 1
182 25 1
182 28 1
182 30 1
182 88 1
182 139 1
182 162 1
183 9 1
183 13 1
183 42 1
183 135 1
183 162 1
183 236 1
183 239 1
183 258 1
183 264 1
184 3 1
184 59 1
184 146 1
184 210 1
185 71 1
185 84 1
185 181 1
185 278 1
186 13 1
186 19 1
186 91 1
186 119 1
186 143 1
186 199 1
186 201 1
186 217 1
187 15 1
187 154 1
187 177 1
187 193 1
187 207 1
187 219 1
188 3 1
188 4 1
188 43 1
188 47 1
188 49 1
188 51 1
188 117 1
188 126 1
188 128 1
188 138 1
188 150 1
188 173 1
188 200 1
188 207 1
188 219 1
188 285 1
189 51 1
189 254 1
189 268 1
190 5 1
190 55 1
190 62 1
190 66 1
190 73 1
190 84 1
190 87 1
190 92 1
190 100 1
190 102 1
190 119 1
190 126 1
190 144 1
190 204 1
190 206 1
190 219 1
190 268 1
191 2 1
191 3 1
191 5 1
191 13 1
191 15 1
191 17 1
191 28 1
191 68 1
191 87 1
191 108 1
191 111 1
191 118 1
191 124 1
191 125 1
191 126 1
191 136 1
191 138 1
191 144 1
191 146 1
191 163 1
191 166 1
191 176 1
191 178 1
191 203 1
191 205 1
191 207 1
191 208 1
191 233 1
191 238 1
191 250 1
191 274 1
192 3 1
192 5 1
192 7 1
192 18 1
192 71 1
192 77 1
192 138 1
192 180 1
192 193 1
192 196 1
192 248 1
193 119 1
193 131 1
193 189 1
193 200 1
193 206 1
194 3 1
194 13 1
194 31 1
194 32 1
194 85 1
194 101 1
194 115 1
194 149 1
194 229 1
194 246 1
195 19 1
195 102 1
195 163 1
195 172 1
195 202 1
196 112 1
196 117 1
196 173 1
196 242 1
196 262 1
196 263 1
196 279 1
196 282 1
197 64 1
197 84 1
197 257 1
197 277 1
198 5 1
198 17 1
198 21 1
198 22 1
198 85 1
198 112 1
198 117 1
198 126 1
198 140 1
198 171 1
198 182 1
198 230 1
198 246 1
198 271 1
199 99 1
199 130 1
199 131 1
199 143 1
199 151 1
199 201 1
199 208 1
199 225 1
200 27 1
200 56 1
200 70 1
200 125 1
200 142 1
200 143 1
200 150 1
200 173 1
200 275 1
200 285 1
200 289 1
201 13 1
201 27 1
201 42 1
201 48 1
201 66 1
201 103 1
201 118 1
201 119 1
201 130 1
201 149 1
201 173 1
201 186 1
201 210 1
201 249 1
201 262 1
202 19 1
202 28 1
202 35 1
202 64 1
202 103 1
202 106 1
203 1 1
203 3 1
203 13 1
203 16 1
203 42 1
203 68 1
203 91 1
203 125 1
203 126 1
203 138 1
203 240 1
203 269 1
204 19 1
204 63 1
204 84 1
204 171 1
204 246 1
205 7 1
205 14 1
205 43 1
205 87 1
205 92 1
205 118 1
205 124 1
205 246 1
206 32 1
206 126 1
206 138 1
206 189 1
206 190 1
206 204 1
206 226 1
206 254 1
207 128 1
207 208 1
207 231 1
208 4 1
208 60 1
208 96 1
208 120 1
208 143 1
208 165 1
209 140 1
210 4 1
210 117 1
210 162 1
210 184 1
210 219 1
211 10 1
211 104 1
211 139 1
211 149 1
211 205 1
211 254 1
212 22 1
212 48 1
212 116 1
212 173 1
212 196 1
213 48 1
213 64 1
213 67 1
213 99 1
213 126 1
213 138 1
214 3 1
214 49 1
214 61 1
214 64 1
214 68 1
214 78 1
214 92 1
214 94 1
214 181 1
214 211 1
214 242 1
215 33 1
215 37 1
215 53 1
215 83 1
215 115 1
215 196 1
215 221 1
216 11 1
216 53 1
216 220 1
216 285 1
217 28 1
217 60 1
217 67 1
217 186 1
218 2 1
218 4 1
218 204 1
218 284 1
219 17 1
219 44 1
219 76 1
219 119 1
219 143 1
219 184 1
219 194 1
219 283 1
219 292 1
220 3 1
220 5 1
220 58 1
220 83 1
220 87 1
220 91 1
220 119 1
220 123 1
220 126 1
220 131 1
220 135 1
220 138 1
220 143 1
220 144 1
220 192 1
220 281 1
221 53 1
221 183 1
221 227 1
221 234 1
222 7 1
222 84 1
222 85 1
222 99 1
222 137 1
222 141 1
222 154 1
222 199 1
223 202 1
224 168 1
225 54 1
225 199 1
225 229 1
226 112 1
226 125 1
226 135 1
226 149 1
227 31 1
227 32 1
227 70 1
227 94 1
227 131 1
227 210 1
227 221 1
228 1 1
228 4 1
228 54 1
228 104 1
228 115 1
228 155 1
228 177 1
228 219 1
228 240 1
228 279 1
229 225 1
229 258 1
230 140 1
230 198 1
232 5 1
232 19 1
232 35 1
232 126 1
232 134 1
232 160 1
232 172 1
232 180 1
232 182 1
232 194 1
232 202 1
232 204 1
232 226 1
232 241 1
232 293 1
233 28 1
233 53 1
233 57 1
233 280 1
234 2 1
234 12 1
234 43 1
234 85 1
234 99 1
234 104 1
234 126 1
234 131 1
234 139 1
234 140 1
234 151 1
234 188 1
234 208 1
234 209 1
234 216 1
235 28 1
235 73 1
235 80 1
235 88 1
235 104 1
235 112 1
235 122 1
235 128 1
235 131 1
235 227 1
236 109 1
236 262 1
237 53 1
237 102 1
238 130 1
238 156 1
239 12 1
239 118 1
239 134 1
239 152 1
239 193 1
239 197 1
239 268 1
240 142 1
241 78 1
242 102 1
245 20 1
245 64 1
245 117 1
245 171 1
246 95 1
246 99 1
246 178 1
246 228 1
247 98 1
247 206 1
247 249 1
248 257 1
249 43 1
250 3 1
250 122 1
250 188 1
250 209 1
250 221 1
250 245 1
250 251 1
251 27 1
253 87 1
253 92 1
253 103 1
253 213 1
253 247 1
254 5 1
254 99 1
254 237 1
254 240 1
255 2 1
255 118 1
255 166 1
256 6 1
256 16 1
256 193 1
256 219 1
257 21 1
257 63 1
257 162 1
257 197 1
257 248 1
258 162 1
258 186 1
258 229 1
259 216 1
263 128 1
263 207 1
264 70 1
264 173 1
265 110 1
265 231 1
266 64 1
266 85 1
267 115 1
267 136 1
268 60 1
268 67 1
269 17 1
269 21 1
269 35 1
269 101 1
269 134 1
269 137 1
269 143 1
269 175 1
270 4 1
270 51 1
270 70 1
270 73 1
270 121 1
270 131 1
270 150 1
270 206 1
270 220 1
270 242 1
270 287 1
271 254 1
272 3 1
272 18 1
272 30 1
272 63 1
272 67 1
272 92 1
272 160 1
272 192 1
272 226 1
272 284 1
273 115 1
274 43 1
274 54 1
274 128 1
274 159 1
274 161 1
274 170 1
274 207 1
274 237 1
274 259 1
275 196 1
276 91 1
276 119 1
276 120 1
276 123 1
276 126 1
276 131 1
276 143 1
276 154 1
276 227 1
276 255 1
277 2 1
277 47 1
277 59 1
277 67 1
277 73 1
277 170 1
277 185 1
277 188 1
277 197 1
277 208 1
277 218 1
277 219 1
278 21 1
278 71 1
278 91 1
278 115 1
278 170 1
278 174 1
278 218 1
278 264 1
280 106 1
283 233 1
284 218 1
284 225 1
