1 25 1
1 126 1
2 3 1
2 9 1
2 13 1
2 30 1
2 37 1
2 60 1
2 85 1
2 91 1
2 118 1
2 119 1
2 120 1
2 122 1
2 126 1
2 134 1
2 143 1
2 146 1
2 150 1
2 173 1
2 188 1
2 192 1
2 200 1
2 205 1
2 262 1
2 283 1
3 7 1
3 13 1
3 14 1
3 19 1
3 31 1
3 43 1
3 58 1
3 64 1
3 66 1
3 76 1
3 84 1
3 88 1
3 91 1
3 94 1
3 96 1
3 102 1
3 103 1
3 109 1
3 110 1
3 115 1
3 117 1
3 119 1
3 122 1
3 131 1
3 150 1
3 172 1
3 192 1
3 199 1
3 200 1
3 202 1
3 204 1
3 205 1
3 207 1
3 208 1
3 214 1
3 219 1
3 225 1
3 227 1
3 240 1
3 246 1
3 260 1
4 3 1
4 7 1
4 10 1
4 19 1
4 33 1
4 43 1
4 46 1
4 57 1
4 60 1
4 85 1
4 87 1
4 90 1
4 91 1
4 106 1
4 109 1
4 117 1
4 118 1
4 120 1
4 123 1
4 125 1
4 126 1
4 128 1
4 133 1
4 143 1
4 173 1
4 194 1
4 199 1
4 205 1
4 207 1
4 208 1
4 227 1
4 272 1
4 280 1
5 3 1
5 7 1
5 13 1
5 19 1
5 31 1
5 32 1
5 35 1
5 43 1
5 53 1
5 58 1
5 59 1
5 64 1
5 68 1
5 88 1
5 91 1
5 112 1
5 114 1
5 115 1
5 119 1
5 130 1
5 134 1
5 138 1
5 143 1
5 156 1
5 157 1
5 163 1
5 171 1
5 179 1
5 196 1
5 205 1
5 207 1
5 225 1
5 226 1
5 246 1
5 285 1
6 58 1
6 62 1
6 74 1
6 108 1
6 170 1
6 251 1
6 256 1
6 260 1
7 3 1
7 4 1
7 14 1
7 43 1
7 60 1
7 64 1
7 86 1
7 87 1
7 91 1
7 96 1
7 109 1
7 118 1
7 119 1
7 120 1
7 125 1
7 138 1
7 143 1
7 150 1
7 173 1
7 192 1
7 193 1
7 196 1
7 204 1
7 205 1
7 208 1
7 226 1
7 239 1
8 48 1
8 60 1
8 64 1
8 66 1
8 126 1
8 133 1
8 138 1
8 143 1
8 173 1
8 192 1
8 203 1
8 209 1
8 216 1
8 233 1
9 3 1
9 28 1
9 30 1
9 67 1
9 104 1
9 118 1
9 150 1
9 173 1
9 216 1
9 225 1
10 26 1
10 32 1
10 151 1
10 159 1
10 213 1
10 229 1
10 231 1
10 254 1
11 59 1
11 63 1
11 77 1
11 94 1
11 104 1
11 165 1
11 199 1
11 221 1
11 277 1
12 67 1
12 72 1
12 78 1
12 97 1
12 121 1
12 134 1
12 209 1
13 3 1
13 5 1
13 14 1
13 19 1
13 24 1
13 31 1
13 32 1
13 43 1
13 48 1
13 53 1
13 58 1
13 64 1
13 67 1
13 88 1
13 91 1
13 94 1
13 96 1
13 102 1
13 106 1
13 110 1
13 112 1
13 114 1
13 117 1
13 119 1
13 122 1
13 126 1
13 129 1
13 130 1
13 131 1
13 132 1
13 138 1
13 143 1
13 173 1
13 186 1
13 189 1
13 196 1
13 200 1
13 205 1
13 206 1
13 208 1
13 212 1
13 225 1
13 227 1
13 240 1
13 246 1
14 3 1
14 5 1
14 7 1
14 19 1
14 28 1
14 43 1
14 64 1
14 70 1
14 87 1
14 94 1
14 99 1
14 104 1
14 110 1
14 119 1
14 122 1
14 125 1
14 131 1
14 133 1
14 138 1
14 143 1
14 172 1
14 192 1
14 204 1
14 226 1
14 234 1
14 238 1
15 17 1
15 59 1
15 66 1
15 71 1
15 78 1
15 112 1
15 116 1
15 118 1
15 119 1
15 131 1
15 163 1
15 171 1
15 189 1
15 204 1
15 205 1
15 220 1
15 236 1
16 105 1
16 109 1
16 182 1
16 218 1
17 116 1
17 216 1
17 242 1
18 35 1
18 119 1
18 150 1
18 178 1
18 241 1
18 244 1
19 3 1
19 43 1
19 131 1
19 246 1
20 78 1
20 84 1
20 93 1
20 109 1
20 118 1
20 254 1
21 9 1
21 22 1
21 27 1
21 60 1
21 107 1
21 161 1
21 213 1
21 237 1
21 271 1
22 3 1
22 19 1
22 28 1
22 64 1
22 119 1
22 121 1
22 131 1
22 133 1
22 216 1
22 257 1
22 268 1
22 271 1
22 289 1
23 15 1
23 31 1
23 49 1
23 59 1
23 63 1
23 69 1
23 111 1
23 120 1
23 124 1
23 133 1
23 178 1
23 188 1
23 210 1
23 211 1
24 8 1
24 32 1
24 64 1
24 106 1
24 126 1
24 138 1
24 140 1
24 143 1
24 155 1
24 164 1
24 173 1
24 179 1
24 180 1
24 181 1
24 200 1
24 203 1
24 208 1
24 247 1
24 249 1
25 10 1
25 39 1
25 83 1
25 139 1
25 194 1
26 137 1
26 149 1
26 262 1
26 266 1
26 277 1
27 68 1
27 242 1
28 14 1
28 70 1
28 108 1
28 133 1
28 204 1
29 6 1
29 101 1
29 233 1
29 283 1
30 9 1
30 32 1
30 59 1
30 67 1
30 98 1
30 192 1
31 68 1
31 109 1
31 213 1
32 91 1
32 96 1
32 99 1
32 126 1
32 138 1
32 196 1
32 214 1
32 284 1
33 54 1
33 85 1
33 101 1
33 123 1
33 134 1
34 4 1
34 17 1
34 39 1
34 72 1
34 73 1
34 88 1
34 157 1
34 167 1
34 199 1
34 227 1
34 246 1
34 282 1
34 284 1
35 74 1
35 99 1
35 102 1
35 108 1
35 126 1
36 1 1
36 12 1
36 54 1
36 72 1
36 96 1
36 102 1
36 107 1
36 146 1
36 150 1
36 153 1
36 162 1
36 177 1
36 186 1
36 225 1
36 233 1
36 254 1
37 2 1
37 85 1
37 118 1
37 122 1
37 151 1
37 173 1
37 205 1
38 42 1
38 51 1
38 55 1
38 179 1
38 188 1
39 30 1
39 185 1
39 204 1
40 3 1
40 22 1
40 39 1
40 43 1
40 91 1
40 118 1
40 138 1
40 149 1
40 210 1
40 279 1
41 17 1
41 210 1
41 227 1
41 248 1
41 278 1
42 9 1
42 139 1
42 158 1
42 245 1
42 247 1
42 285 1
43 19 1
43 28 1
43 53 1
43 60 1
43 76 1
43 112 1
43 114 1
43 170 1
43 172 1
43 195 1
44 5 1
44 7 1
44 13 1
44 68 1
44 83 1
44 92 1
44 96 1
44 133 1
44 134 1
44 150 1
44 181 1
44 185 1
44 196 1
44 198 1
44 265 1
45 2 1
45 3 1
45 4 1
45 5 1
45 7 1
45 11 1
45 13 1
45 14 1
45 15 1
45 16 1
45 17 1
45 19 1
45 21 1
45 22 1
45 28 1
45 32 1
45 33 1
45 39 1
45 41 1
45 43 1
45 48 1
45 49 1
45 51 1
45 54 1
45 58 1
45 59 1
45 60 1
45 61 1
45 62 1
45 63 1
45 64 1
45 67 1
45 68 1
45 69 1
45 71 1
45 72 1
45 73 1
45 74 1
45 76 1
45 83 1
45 85 1
45 86 1
45 87 1
45 88 1
45 91 1
45 92 1
45 93 1
45 94 1
45 96 1
45 97 1
45 98 1
45 99 1
45 102 1
45 103 1
45 104 1
45 105 1
45 106 1
45 107 1
45 109 1
45 110 1
45 112 1
45 114 1
45 115 1
45 116 1
45 117 1
45 118 1
45 119 1
45 120 1
45 121 1
45 122 1
45 123 1
45 124 1
45 125 1
45 126 1
45 130 1
45 131 1
45 133 1
45 134 1
45 138 1
45 139 1
45 140 1
45 143 1
45 144 1
45 149 1
45 150 1
45 151 1
45 152 1
45 154 1
45 160 1
45 161 1
45 163 1
45 168 1
45 170 1
45 171 1
45 172 1
45 173 1
45 178 1
45 182 1
45 186 1
45 192 1
45 193 1
45 194 1
45 195 1
45 196 1
45 199 1
45 201 1
45 202 1
45 203 1
45 204 1
45 205 1
45 206 1
45 208 1
45 212 1
45 214 1
45 215 1
45 217 1
45 218 1
45 220 1
45 221 1
45 226 1
45 227 1
45 230 1
45 238 1
45 240 1
45 245 1
45 246 1
45 248 1
45 249 1
45 257 1
45 277 1
45 280 1
45 283 1
45 295 1
45 297 1
46 3 1
46 7 1
46 91 1
46 179 1
46 217 1
47 3 1
47 10 1
47 16 1
47 33 1
47 84 1
47 99 1
47 105 1
47 134 1
47 158 1
47 167 1
47 212 1
47 224 1
47 231 1
47 258 1
48 4 1
48 5 1
48 7 1
48 13 1
48 57 1
48 60 1
48 87 1
48 90 1
48 98 1
48 103 1
48 117 1
48 119 1
48 126 1
48 146 1
48 173 1
48 218 1
48 246 1
48 257 1
49 3 1
49 4 1
49 13 1
49 55 1
49 60 1
49 72 1
49 75 1
49 87 1
49 100 1
49 103 1
49 126 1
49 152 1
49 171 1
49 173 1
49 193 1
49 202 1
49 208 1
49 226 1
49 227 1
49 285 1
50 16 1
50 28 1
50 59 1
50 83 1
50 146 1
50 154 1
50 170 1
50 171 1
50 176 1
50 210 1
50 214 1
50 219 1
50 261 1
51 21 1
51 28 1
51 88 1
51 124 1
51 165 1
51 279 1
52 5 1
52 41 1
52 63 1
52 69 1
52 118 1
52 124 1
52 188 1
52 202 1
52 227 1
53 10 1
53 56 1
53 84 1
53 88 1
53 118 1
53 233 1
53 264 1
54 240 1
56 46 1
56 63 1
56 73 1
56 120 1
56 288 1
57 111 1
57 217 1
57 246 1
59 11 1
59 22 1
59 53 1
59 77 1
59 85 1
59 118 1
59 125 1
60 48 1
60 64 1
60 106 1
60 111 1
60 119 1
60 126 1
60 143 1
60 150 1
60 173 1
60 192 1
60 203 1
60 246 1
60 248 1
61 71 1
61 96 1
61 159 1
61 168 1
61 174 1
62 8 1
62 16 1
62 118 1
63 124 1
64 16 1
64 150 1
64 192 1
64 196 1
64 203 1
65 5 1
65 13 1
65 29 1
65 55 1
65 67 1
65 71 1
65 87 1
65 98 1
65 150 1
65 173 1
65 231 1
66 71 1
66 115 1
66 117 1
66 147 1
66 192 1
67 140 1
67 258 1
67 284 1
68 31 1
68 70 1
68 104 1
68 193 1
68 195 1
68 238 1
69 32 1
69 54 1
69 91 1
69 185 1
70 104 1
70 204 1
71 257 1
72 1 1
72 3 1
72 28 1
72 124 1
72 171 1
72 208 1
72 227 1
73 3 1
73 4 1
73 7 1
73 13 1
73 74 1
73 101 1
73 109 1
73 149 1
73 167 1
73 173 1
73 202 1
74 3 1
74 4 1
74 6 1
74 13 1
74 35 1
74 55 1
74 64 1
74 73 1
74 110 1
74 116 1
74 118 1
74 146 1
74 164 1
74 173 1
74 192 1
74 214 1
74 226 1
75 4 1
75 13 1
75 16 1
75 47 1
75 49 1
75 60 1
75 63 1
75 70 1
75 72 1
75 91 1
75 126 1
75 137 1
75 162 1
75 173 1
75 202 1
75 204 1
75 208 1
75 227 1
76 43 1
76 84 1
76 85 1
76 99 1
76 112 1
76 131 1
76 134 1
76 194 1
76 195 1
76 208 1
76 225 1
76 254 1
76 255 1
77 4 1
77 68 1
78 15 1
78 20 1
78 51 1
78 68 1
78 88 1
78 130 1
78 131 1
78 159 1
78 274 1
78 281 1
79 59 1
79 72 1
79 89 1
79 208 1
79 210 1
79 263 1
80 58 1
80 91 1
80 92 1
80 264 1
81 236 1
82 69 1
82 140 1
83 144 1
83 242 1
84 118 1
84 263 1
85 3 1
85 5 1
85 13 1
85 14 1
85 19 1
85 32 1
85 43 1
85 64 1
85 72 1
85 82 1
85 91 1
85 94 1
85 96 1
85 107 1
85 110 1
85 114 1
85 118 1
85 119 1
85 124 1
85 131 1
85 138 1
85 143 1
85 150 1
85 151 1
85 173 1
85 199 1
85 205 1
85 207 1
85 208 1
85 214 1
85 225 1
85 227 1
85 233 1
85 247 1
85 255 1
85 283 1
86 3 1
86 13 1
86 21 1
86 42 1
86 72 1
86 75 1
86 156 1
86 196 1
86 217 1
86 258 1
86 279 1
87 2 1
87 3 1
87 22 1
87 42 1
87 56 1
87 59 1
87 60 1
87 63 1
87 64 1
87 72 1
87 79 1
87 85 1
87 91 1
87 102 1
87 118 1
87 120 1
87 131 1
87 137 1
87 138 1
87 139 1
87 140 1
87 143 1
87 144 1
87 161 1
87 173 1
87 177 1
87 178 1
87 192 1
87 203 1
87 204 1
87 205 1
87 208 1
87 219 1
87 227 1
87 236 1
87 258 1
88 32 1
88 53 1
88 77 1
88 96 1
88 112 1
88 221 1
88 229 1
89 37 1
89 44 1
89 93 1
89 106 1
89 235 1
90 58 1
90 92 1
90 112 1
90 135 1
90 136 1
90 198 1
90 207 1
90 208 1
91 11 1
91 32 1
91 162 1
91 199 1
91 205 1
91 215 1
91 255 1
92 83 1
92 225 1
93 16 1
94 5 1
94 14 1
94 173 1
94 204 1
94 207 1
94 210 1
94 246 1
95 35 1
95 108 1
95 135 1
96 7 1
96 32 1
96 42 1
96 119 1
96 205 1
96 275 1
97 17 1
97 140 1
97 189 1
97 230 1
98 16 1
98 27 1
98 48 1
98 60 1
98 87 1
98 112 1
98 126 1
98 138 1
98 146 1
98 158 1
98 216 1
98 230 1
98 242 1
98 262 1
99 3 1
99 6 1
99 14 1
99 64 1
99 70 1
99 87 1
99 106 1
99 122 1
99 126 1
99 128 1
99 143 1
99 181 1
99 194 1
99 196 1
99 206 1
99 212 1
99 219 1
99 238 1
99 246 1
100 13 1
100 92 1
100 118 1
100 122 1
100 178 1
101 138 1
101 156 1
101 252 1
102 15 1
102 68 1
102 71 1
102 122 1
102 135 1
102 249 1
103 3 1
103 4 1
103 49 1
103 87 1
103 94 1
103 120 1
103 126 1
103 133 1
103 199 1
103 202 1
103 205 1
103 208 1
104 33 1
104 42 1
104 70 1
104 90 1
104 99 1
104 103 1
104 117 1
104 146 1
104 229 1
104 259 1
104 260 1
105 116 1
105 134 1
105 148 1
105 188 1
105 192 1
105 245 1
105 253 1
106 5 1
106 99 1
106 110 1
106 128 1
106 167 1
106 173 1
106 200 1
106 276 1
107 3 1
107 33 1
107 65 1
107 123 1
107 132 1
107 159 1
107 296 1
108 1 1
108 4 1
108 35 1
108 112 1
108 116 1
108 166 1
108 284 1
109 20 1
109 27 1
109 47 1
109 78 1
109 119 1
109 134 1
109 169 1
109 212 1
109 239 1
109 262 1
109 283 1
110 1 1
110 10 1
110 18 1
110 106 1
110 225 1
110 239 1
111 2 1
111 186 1
111 197 1
111 257 1
112 12 1
112 63 1
112 114 1
112 119 1
112 130 1
112 136 1
112 201 1
113 21 1
113 64 1
113 136 1
113 164 1
113 210 1
113 273 1
113 279 1
114 13 1
114 43 1
114 55 1
114 88 1
114 99 1
114 112 1
114 119 1
114 143 1
114 151 1
114 205 1
114 206 1
114 221 1
115 5 1
115 13 1
115 14 1
115 19 1
115 28 1
115 43 1
115 51 1
115 53 1
115 68 1
115 70 1
115 85 1
115 112 1
115 126 1
115 130 1
115 131 1
115 137 1
115 138 1
115 143 1
115 179 1
115 188 1
115 194 1
115 205 1
115 211 1
115 219 1
115 225 1
116 17 1
116 33 1
116 108 1
116 119 1
116 126 1
116 185 1
116 190 1
116 217 1
116 245 1
117 53 1
117 186 1
117 279 1
118 2 1
118 3 1
118 13 1
118 15 1
118 18 1
118 32 1
118 84 1
118 112 1
118 114 1
118 119 1
118 124 1
118 138 1
118 143 1
118 149 1
118 151 1
118 169 1
118 172 1
118 173 1
118 189 1
118 194 1
118 200 1
118 202 1
118 204 1
118 205 1
118 214 1
118 219 1
119 2 1
119 7 1
119 9 1
119 18 1
119 28 1
119 31 1
119 64 1
119 69 1
119 91 1
119 96 1
119 106 1
119 114 1
119 122 1
119 126 1
119 128 1
119 130 1
119 138 1
119 143 1
119 150 1
119 188 1
119 192 1
119 200 1
119 203 1
119 205 1
119 206 1
119 217 1
119 226 1
119 237 1
119 238 1
119 245 1
119 258 1
120 3 1
120 9 1
120 54 1
120 77 1
120 85 1
120 91 1
120 94 1
120 103 1
120 118 1
120 123 1
120 126 1
120 133 1
120 138 1
120 141 1
120 173 1
120 178 1
120 203 1
120 208 1
120 217 1
120 285 1
121 63 1
121 95 1
121 106 1
121 231 1
122 100 1
122 204 1
122 206 1
123 3 1
123 5 1
123 13 1
123 33 1
123 68 1
123 85 1
123 107 1
123 120 1
123 133 1
123 134 1
123 266 1
124 9 1
124 13 1
124 63 1
124 72 1
124 94 1
124 126 1
124 171 1
124 178 1
124 208 1
124 239 1
124 292 1
125 7 1
125 14 1
125 56 1
125 59 1
125 110 1
125 120 1
125 202 1
125 285 1
126 3 1
126 48 1
126 60 1
126 64 1
126 70 1
126 85 1
126 87 1
126 99 1
126 102 1
126 103 1
126 106 1
126 138 1
126 143 1
126 146 1
126 150 1
126 170 1
126 173 1
126 194 1
126 202 1
126 206 1
126 207 1
126 208 1
126 219 1
126 246 1
126 260 1
127 28 1
127 182 1
127 226 1
128 138 1
128 257 1
129 66 1
129 140 1
129 177 1
130 112 1
130 178 1
130 186 1
130 201 1
130 259 1
130 276 1
131 14 1
131 19 1
131 43 1
131 51 1
131 53 1
131 76 1
131 110 1
131 112 1
131 115 1
131 138 1
131 149 1
131 151 1
131 188 1
131 205 1
131 214 1
131 225 1
131 227 1
131 254 1
132 3 1
132 63 1
132 91 1
132 113 1
132 151 1
132 221 1
132 229 1
132 293 1
133 1 1
133 3 1
133 7 1
133 13 1
133 44 1
133 67 1
133 85 1
133 120 1
133 123 1
133 210 1
133 216 1
133 217 1
133 227 1
133 276 1
133 285 1
134 21 1
134 33 1
134 194 1
134 231 1
134 265 1
136 68 1
136 101 1
136 135 1
136 138 1
136 180 1
136 196 1
137 149 1
138 3 1
138 7 1
138 9 1
138 17 1
138 32 1
138 63 1
138 64 1
138 70 1
138 87 1
138 96 1
138 99 1
138 102 1
138 103 1
138 120 1
138 123 1
138 124 1
138 126 1
138 143 1
138 196 1
138 246 1
138 251 1
138 284 1
139 15 1
139 42 1
139 96 1
139 155 1
139 240 1
139 256 1
140 54 1
140 67 1
140 192 1
140 230 1
141 1 1
141 136 1
141 172 1
142 4 1
142 17 1
142 138 1
142 166 1
142 170 1
142 199 1
142 208 1
142 220 1
142 285 1
143 13 1
143 14 1
143 17 1
143 70 1
143 102 1
143 114 1
143 122 1
143 126 1
143 138 1
143 173 1
143 200 1
143 205 1
143 206 1
143 227 1
143 242 1
143 246 1
145 197 1
145 249 1
146 8 1
146 48 1
146 60 1
146 64 1
146 87 1
146 117 1
146 119 1
146 183 1
146 192 1
146 203 1
146 209 1
146 252 1
147 135 1
147 138 1
148 66 1
148 88 1
148 229 1
149 1 1
149 43 1
149 115 1
149 125 1
149 137 1
149 177 1
149 202 1
149 281 1
150 9 1
150 64 1
151 131 1
152 15 1
152 77 1
152 78 1
152 102 1
152 109 1
152 116 1
152 118 1
152 196 1
152 206 1
152 217 1
152 223 1
152 258 1
153 51 1
153 107 1
153 164 1
153 210 1
153 221 1
153 241 1
153 285 1
154 3 1
154 53 1
154 71 1
154 190 1
154 219 1
154 285 1
155 51 1
155 107 1
155 209 1
155 215 1
155 224 1
155 227 1
155 280 1
156 13 1
156 67 1
156 68 1
156 78 1
156 101 1
156 143 1
156 165 1
156 227 1
156 254 1
157 4 1
157 20 1
157 35 1
157 109 1
157 139 1
157 226 1
157 242 1
158 60 1
158 64 1
158 72 1
158 150 1
158 151 1
158 180 1
158 192 1
158 212 1
158 275 1
159 17 1
159 25 1
159 27 1
159 88 1
159 155 1
160 5 1
160 6 1
160 13 1
160 68 1
160 135 1
160 136 1
160 169 1
160 184 1
160 197 1
161 2 1
161 13 1
161 53 1
161 62 1
161 111 1
161 124 1
161 126 1
161 173 1
161 225 1
161 242 1
162 13 1
162 49 1
162 55 1
162 60 1
162 75 1
162 103 1
162 202 1
162 208 1
162 215 1
163 13 1
163 60 1
163 88 1
163 113 1
163 126 1
163 143 1
163 166 1
163 173 1
163 246 1
164 2 1
164 42 1
164 59 1
164 104 1
164 135 1
164 154 1
164 173 1
164 180 1
164 194 1
164 260 1
165 53 1
165 156 1
165 178 1
165 215 1
165 233 1
165 260 1
166 19 1
166 81 1
166 88 1
166 185 1
166 269 1
167 3 1
167 10 1
167 73 1
167 103 1
167 115 1
167 137 1
167 147 1
167 149 1
167 202 1
167 230 1
167 254 1
168 3 1
168 5 1
168 10 1
168 11 1
168 13 1
168 59 1
168 94 1
168 214 1
168 215 1
168 277 1
169 17 1
169 54 1
169 132 1
169 148 1
169 149 1
169 196 1
169 214 1
169 229 1
170 104 1
170 130 1
170 146 1
170 199 1
170 214 1
170 267 1
171 13 1
171 72 1
171 103 1
171 124 1
171 207 1
171 228 1
172 3 1
172 10 1
172 43 1
172 83 1
172 141 1
172 257 1
173 3 1
173 5 1
173 13 1
173 14 1
173 15 1
173 57 1
173 60 1
173 72 1
173 94 1
173 106 1
173 110 1
173 118 1
173 122 1
173 126 1
173 143 1
173 146 1
173 150 1
173 154 1
173 189 1
173 193 1
173 206 1
173 208 1
173 219 1
173 225 1
173 246 1
173 285 1
174 3 1
174 28 1
174 32 1
174 87 1
174 122 1
174 136 1
174 141 1
174 157 1
174 166 1
174 193 1
174 240 1
175 4 1
175 44 1
175 71 1
175 192 1
175 208 1
176 4 1
176 143 1
176 164 1
176 169 1
176 210 1
177 110 1
177 129 1
177 199 1
177 231 1
177 258 1
177 259 1
177 260 1
178 86 1
178 94 1
178 120 1
178 124 1
178 130 1
178 138 1
178 153 1
178 192 1
178 203 1
178 207 1
178 234 1
178 241 1
178 262 1
179 20 1
179 59 1
179 72 1
179 104 1
179 117 1
179 132 1
179 187 1
179 205 1
179 248 1
179 273 1
180 70 1
180 78 1
180 100 1
180 104 1
180 138 1
180 196 1
180 203 1
180 256 1
181 5 1
181 19 1
181 20 1
181 29 1
181 139 1
181 169 1
181 183 1
182 5 1
182 19 1
182 136 1
182 259 1
182 270 1
182 273 1
183 4 1
183 27 1
183 34 1
183 68 1
183 119 1
183 153 1
183 204 1
183 206 1
183 275 1
184 72 1
184 176 1
184 185 1
184 194 1
185 100 1
185 184 1
185 213 1
185 279 1
186 36 1
186 54 1
186 130 1
186 178 1
186 237 1
186 240 1
186 248 1
186 256 1
187 73 1
187 163 1
187 168 1
187 175 1
187 188 1
187 284 1
188 2 1
188 9 1
188 30 1
188 43 1
188 60 1
188 91 1
188 99 1
188 104 1
188 118 1
188 126 1
188 161 1
188 173 1
188 192 1
188 205 1
188 208 1
188 222 1
189 68 1
189 206 1
189 229 1
190 17 1
190 32 1
190 54 1
190 55 1
190 116 1
190 119 1
190 122 1
190 126 1
190 136 1
190 138 1
190 170 1
190 178 1
190 188 1
190 217 1
190 229 1
190 243 1
190 285 1
191 3 1
191 4 1
191 5 1
191 7 1
191 11 1
191 13 1
191 14 1
191 28 1
191 59 1
191 64 1
191 87 1
191 94 1
191 100 1
191 103 1
191 111 1
191 118 1
191 120 1
191 126 1
191 131 1
191 138 1
191 143 1
191 163 1
191 173 1
191 192 1
191 193 1
191 197 1
191 207 1
191 209 1
191 246 1
191 284 1
191 285 1
192 8 1
192 28 1
192 60 1
192 121 1
192 143 1
192 151 1
192 182 1
192 199 1
192 203 1
192 209 1
192 234 1
193 6 1
193 17 1
193 125 1
193 185 1
193 211 1
194 8 1
194 16 1
194 22 1
194 76 1
194 93 1
194 131 1
194 134 1
194 195 1
194 230 1
194 279 1
195 65 1
195 68 1
195 76 1
195 92 1
195 182 1
196 6 1
196 15 1
196 59 1
196 64 1
196 84 1
196 119 1
196 188 1
196 222 1
197 111 1
197 141 1
197 145 1
197 153 1
198 5 1
198 13 1
198 18 1
198 35 1
198 44 1
198 51 1
198 91 1
198 119 1
198 133 1
198 169 1
198 199 1
198 241 1
198 245 1
198 268 1
199 91 1
199 92 1
199 117 1
199 142 1
199 151 1
199 169 1
199 205 1
199 233 1
200 2 1
200 88 1
200 106 1
200 113 1
200 144 1
200 158 1
200 166 1
200 170 1
200 192 1
200 204 1
200 205 1
201 4 1
201 5 1
201 13 1
201 43 1
201 59 1
201 71 1
201 112 1
201 115 1
201 124 1
201 130 1
201 169 1
201 171 1
201 172 1
201 196 1
201 225 1
202 30 1
202 49 1
202 103 1
202 200 1
202 205 1
202 229 1
203 8 1
203 13 1
203 24 1
203 60 1
203 64 1
203 77 1
203 120 1
203 121 1
203 138 1
203 143 1
203 162 1
203 173 1
204 68 1
204 70 1
204 122 1
204 214 1
204 258 1
205 91 1
205 92 1
205 96 1
205 143 1
205 178 1
205 199 1
205 200 1
205 202 1
206 21 1
206 117 1
206 122 1
206 126 1
206 177 1
206 180 1
206 181 1
206 276 1
207 7 1
207 94 1
207 196 1
208 72 1
208 142 1
208 146 1
208 173 1
208 193 1
208 227 1
209 12 1
210 41 1
210 57 1
210 119 1
210 227 1
210 230 1
211 31 1
211 85 1
211 117 1
211 136 1
211 194 1
211 291 1
212 47 1
212 99 1
212 238 1
212 251 1
212 271 1
213 31 1
213 35 1
213 39 1
213 97 1
213 108 1
213 185 1
214 32 1
214 99 1
214 126 1
214 205 1
214 208 1
214 215 1
214 219 1
214 241 1
214 250 1
214 264 1
214 285 1
215 54 1
215 58 1
215 61 1
215 92 1
215 139 1
215 214 1
215 234 1
216 3 1
216 6 1
216 59 1
216 267 1
217 42 1
217 116 1
217 190 1
217 266 1
218 1 1
218 16 1
218 176 1
218 238 1
219 28 1
219 92 1
219 134 1
219 206 1
219 207 1
219 218 1
219 231 1
219 240 1
219 249 1
220 3 1
220 13 1
220 17 1
220 22 1
220 46 1
220 51 1
220 61 1
220 62 1
220 86 1
220 94 1
220 112 1
220 142 1
220 196 1
220 200 1
220 216 1
220 273 1
221 11 1
221 94 1
221 114 1
221 195 1
222 13 1
222 62 1
222 99 1
222 100 1
222 118 1
222 124 1
222 188 1
222 193 1
223 85 1
224 138 1
225 39 1
225 110 1
225 131 1
226 7 1
226 127 1
226 143 1
226 233 1
227 4 1
227 41 1
227 72 1
227 85 1
227 90 1
227 165 1
227 208 1
228 13 1
228 21 1
228 73 1
228 144 1
228 167 1
228 196 1
228 207 1
228 209 1
228 211 1
228 237 1
229 132 1
229 148 1
230 140 1
230 210 1
232 5 1
232 13 1
232 18 1
232 21 1
232 51 1
232 115 1
232 119 1
232 128 1
232 137 1
232 149 1
232 151 1
232 152 1
232 168 1
232 173 1
232 218 1
233 16 1
233 17 1
233 116 1
233 251 1
234 19 1
234 20 1
234 31 1
234 41 1
234 60 1
234 107 1
234 135 1
234 160 1
234 192 1
234 194 1
234 199 1
234 229 1
234 256 1
234 268 1
234 278 1
235 13 1
235 55 1
235 60 1
235 94 1
235 115 1
235 118 1
235 173 1
235 200 1
235 204 1
235 242 1
236 239 1
236 278 1
237 60 1
237 281 1
238 68 1
238 218 1
239 9 1
239 21 1
239 118 1
239 124 1
239 154 1
239 170 1
239 183 1
240 54 1
241 198 1
242 133 1
245 1 1
245 62 1
245 116 1
245 130 1
246 88 1
246 113 1
246 163 1
246 185 1
247 16 1
247 254 1
247 285 1
248 186 1
249 145 1
250 4 1
250 10 1
250 87 1
250 111 1
250 128 1
250 229 1
250 282 1
251 51 1
253 121 1
253 126 1
253 161 1
253 219 1
253 279 1
254 9 1
254 87 1
254 165 1
254 197 1
255 58 1
255 66 1
255 147 1
256 172 1
256 186 1
256 231 1
256 240 1
257 52 1
257 71 1
257 128 1
257 137 1
257 246 1
258 12 1
258 17 1
258 67 1
259 287 1
263 21 1
263 247 1
264 286 1
264 290 1
265 160 1
265 285 1
266 42 1
266 211 1
267 20 1
267 32 1
268 85 1
268 227 1
269 17 1
269 23 1
269 66 1
269 84 1
269 85 1
269 196 1
269 245 1
269 247 1
270 22 1
270 105 1
270 126 1
270 142 1
270 154 1
270 173 1
270 216 1
270 219 1
270 220 1
270 221 1
270 246 1
271 227 1
272 80 1
272 92 1
272 101 1
272 112 1
272 131 1
272 151 1
272 202 1
272 219 1
272 241 1
272 262 1
273 278 1
274 35 1
274 37 1
274 38 1
274 59 1
274 101 1
274 126 1
274 223 1
274 226 1
274 237 1
275 87 1
276 12 1
276 31 1
276 36 1
276 83 1
276 118 1
276 123 1
276 133 1
276 202 1
276 226 1
276 285 1
277 4 1
277 11 1
277 94 1
277 102 1
277 119 1
277 127 1
277 140 1
277 150 1
277 162 1
277 225 1
277 227 1
277 259 1
278 50 1
278 57 1
278 128 1
278 148 1
278 149 1
278 180 1
278 218 1
278 294 1
280 110 1
283 232 1
284 67 1
284 256 1
