1 119 1
1 139 1
2 4 1
2 14 1
2 16 1
2 28 1
2 32 1
2 79 1
2 85 1
2 88 1
2 91 1
2 103 1
2 115 1
2 118 1
2 119 1
2 120 1
2 126 1
2 130 1
2 138 1
2 143 1
2 150 1
2 169 1
2 204 1
2 205 1
2 208 1
2 213 1
3 2 1
3 7 1
3 9 1
3 17 1
3 19 1
3 21 1
3 35 1
3 60 1
3 68 1
3 72 1
3 76 1
3 86 1
3 87 1
3 91 1
3 92 1
3 103 1
3 104 1
3 114 1
3 122 1
3 126 1
3 134 1
3 136 1
3 138 1
3 149 1
3 151 1
3 164 1
3 173 1
3 178 1
3 184 1
3 185 1
3 202 1
3 205 1
3 208 1
3 214 1
3 218 1
3 225 1
3 227 1
3 230 1
3 237 1
3 276 1
3 285 1
4 2 1
4 3 1
4 5 1
4 13 1
4 14 1
4 16 1
4 22 1
4 28 1
4 30 1
4 53 1
4 60 1
4 68 1
4 87 1
4 88 1
4 112 1
4 118 1
4 119 1
4 123 1
4 126 1
4 128 1
4 138 1
4 140 1
4 143 1
4 154 1
4 163 1
4 169 1
4 172 1
4 180 1
4 204 1
4 209 1
4 214 1
4 246 1
4 288 1
5 3 1
5 6 1
5 9 1
5 13 1
5 14 1
5 31 1
5 32 1
5 58 1
5 60 1
5 87 1
5 91 1
5 92 1
5 96 1
5 102 1
5 106 1
5 109 1
5 112 1
5 120 1
5 130 1
5 133 1
5 134 1
5 173 1
5 188 1
5 192 1
5 194 1
5 196 1
5 201 1
5 205 1
5 208 1
5 219 1
5 225 1
5 229 1
5 240 1
5 254 1
5 283 1
6 55 1
6 59 1
6 130 1
6 194 1
6 225 1
6 246 1
6 256 1
6 264 1
7 3 1
7 5 1
7 13 1
7 17 1
7 31 1
7 68 1
7 70 1
7 76 1
7 91 1
7 99 1
7 112 1
7 114 1
7 116 1
7 118 1
7 126 1
7 138 1
7 159 1
7 170 1
7 173 1
7 185 1
7 188 1
7 192 1
7 202 1
7 203 1
7 205 1
7 208 1
7 221 1
8 21 1
8 26 1
8 51 1
8 77 1
8 118 1
8 126 1
8 137 1
8 192 1
8 195 1
8 200 1
8 217 1
8 227 1
8 251 1
8 279 1
9 11 1
9 43 1
9 62 1
9 96 1
9 122 1
9 209 1
9 227 1
9 231 1
9 247 1
9 254 1
10 17 1
10 34 1
10 55 1
10 72 1
10 102 1
10 149 1
10 179 1
10 275 1
11 9 1
11 117 1
11 141 1
11 146 1
11 238 1
11 242 1
11 281 1
11 290 1
11 292 1
12 44 1
12 71 1
12 110 1
12 136 1
12 137 1
12 141 1
12 146 1
13 3 1
13 5 1
13 14 1
13 16 1
13 17 1
13 28 1
13 32 1
13 60 1
13 64 1
13 68 1
13 69 1
13 91 1
13 94 1
13 106 1
13 109 1
13 112 1
13 118 1
13 119 1
13 120 1
13 122 1
13 124 1
13 126 1
13 133 1
13 138 1
13 143 1
13 146 1
13 150 1
13 161 1
13 164 1
13 170 1
13 173 1
13 192 1
13 193 1
13 194 1
13 196 1
13 199 1
13 203 1
13 205 1
13 207 1
13 208 1
13 225 1
13 227 1
13 254 1
13 275 1
13 285 1
14 9 1
14 28 1
14 60 1
14 71 1
14 85 1
14 87 1
14 91 1
14 94 1
14 103 1
14 115 1
14 118 1
14 119 1
14 120 1
14 126 1
14 130 1
14 131 1
14 136 1
14 143 1
14 173 1
14 192 1
14 205 1
14 208 1
14 225 1
14 227 1
14 268 1
14 284 1
15 21 1
15 42 1
15 60 1
15 66 1
15 96 1
15 124 1
15 133 1
15 135 1
15 140 1
15 144 1
15 173 1
15 196 1
15 199 1
15 206 1
15 215 1
15 229 1
15 270 1
16 6 1
16 20 1
16 85 1
16 284 1
17 60 1
17 196 1
17 279 1
18 53 1
18 109 1
18 189 1
18 219 1
18 258 1
18 279 1
19 41 1
19 54 1
19 100 1
19 183 1
20 16 1
20 18 1
20 64 1
20 85 1
20 110 1
20 140 1
21 32 1
21 63 1
21 110 1
21 185 1
21 205 1
21 208 1
21 226 1
21 238 1
21 258 1
22 19 1
22 64 1
22 70 1
22 92 1
22 100 1
22 124 1
22 147 1
22 151 1
22 194 1
22 204 1
22 219 1
22 227 1
22 234 1
23 3 1
23 28 1
23 60 1
23 78 1
23 87 1
23 106 1
23 119 1
23 126 1
23 152 1
23 153 1
23 196 1
23 218 1
23 281 1
23 282 1
24 2 1
24 3 1
24 4 1
24 5 1
24 13 1
24 51 1
24 55 1
24 76 1
24 88 1
24 99 1
24 101 1
24 106 1
24 116 1
24 117 1
24 126 1
24 180 1
24 192 1
24 227 1
24 260 1
25 3 1
25 13 1
25 67 1
25 128 1
25 182 1
26 194 1
26 209 1
26 210 1
26 233 1
26 245 1
27 92 1
27 185 1
28 87 1
28 120 1
28 122 1
28 151 1
28 173 1
29 6 1
29 17 1
29 18 1
29 264 1
30 13 1
30 17 1
30 143 1
30 163 1
30 193 1
30 247 1
31 32 1
31 107 1
31 151 1
32 31 1
32 71 1
32 134 1
32 150 1
32 193 1
32 205 1
32 214 1
32 228 1
33 6 1
33 51 1
33 87 1
33 91 1
33 229 1
34 24 1
34 32 1
34 67 1
34 72 1
34 87 1
34 117 1
34 128 1
34 136 1
34 150 1
34 194 1
34 206 1
34 231 1
34 246 1
35 64 1
35 73 1
35 145 1
35 165 1
35 202 1
36 4 1
36 29 1
36 37 1
36 42 1
36 67 1
36 119 1
36 123 1
36 130 1
36 170 1
36 171 1
36 189 1
36 192 1
36 193 1
36 195 1
36 209 1
36 252 1
37 53 1
37 72 1
37 90 1
37 117 1
37 127 1
37 226 1
37 268 1
38 60 1
38 88 1
38 124 1
38 172 1
38 199 1
39 64 1
39 115 1
39 167 1
40 13 1
40 58 1
40 102 1
40 113 1
40 117 1
40 118 1
40 199 1
40 205 1
40 218 1
40 275 1
41 19 1
41 59 1
41 156 1
41 207 1
41 230 1
42 10 1
42 41 1
42 85 1
42 151 1
42 173 1
42 214 1
43 3 1
43 91 1
43 106 1
43 118 1
43 120 1
43 122 1
43 159 1
43 202 1
43 254 1
43 273 1
44 3 1
44 12 1
44 13 1
44 19 1
44 56 1
44 72 1
44 92 1
44 105 1
44 146 1
44 149 1
44 178 1
44 182 1
44 202 1
44 214 1
44 257 1
45 1 1
45 2 1
45 3 1
45 4 1
45 5 1
45 7 1
45 8 1
45 9 1
45 12 1
45 13 1
45 14 1
45 15 1
45 16 1
45 17 1
45 18 1
45 19 1
45 20 1
45 21 1
45 22 1
45 27 1
45 28 1
45 30 1
45 31 1
45 32 1
45 33 1
45 35 1
45 42 1
45 43 1
45 44 1
45 47 1
45 48 1
45 49 1
45 50 1
45 53 1
45 54 1
45 59 1
45 60 1
45 61 1
45 62 1
45 63 1
45 64 1
45 68 1
45 69 1
45 71 1
45 72 1
45 73 1
45 83 1
45 85 1
45 87 1
45 88 1
45 90 1
45 91 1
45 92 1
45 96 1
45 97 1
45 98 1
45 99 1
45 100 1
45 103 1
45 106 1
45 107 1
45 109 1
45 110 1
45 111 1
45 112 1
45 113 1
45 114 1
45 115 1
45 116 1
45 118 1
45 119 1
45 120 1
45 121 1
45 122 1
45 123 1
45 124 1
45 126 1
45 129 1
45 131 1
45 132 1
45 133 1
45 134 1
45 137 1
45 138 1
45 139 1
45 140 1
45 143 1
45 146 1
45 147 1
45 148 1
45 150 1
45 151 1
45 155 1
45 157 1
45 162 1
45 165 1
45 168 1
45 169 1
45 172 1
45 173 1
45 177 1
45 178 1
45 180 1
45 188 1
45 190 1
45 192 1
45 196 1
45 199 1
45 200 1
45 202 1
45 203 1
45 204 1
45 205 1
45 206 1
45 208 1
45 210 1
45 214 1
45 221 1
45 225 1
45 226 1
45 227 1
45 229 1
45 235 1
45 238 1
45 239 1
45 240 1
45 245 1
45 246 1
45 250 1
45 252 1
45 255 1
45 258 1
45 271 1
45 276 1
46 55 1
46 242 1
46 244 1
46 251 1
46 279 1
47 13 1
47 72 1
47 110 1
47 142 1
47 172 1
47 181 1
47 213 1
47 216 1
47 230 1
47 233 1
47 257 1
47 260 1
47 262 1
47 285 1
48 4 1
48 9 1
48 16 1
48 27 1
48 43 1
48 52 1
48 73 1
48 112 1
48 118 1
48 122 1
48 126 1
48 138 1
48 190 1
48 202 1
48 204 1
48 208 1
48 220 1
48 285 1
49 3 1
49 4 1
49 13 1
49 44 1
49 63 1
49 65 1
49 70 1
49 75 1
49 85 1
49 99 1
49 114 1
49 119 1
49 124 1
49 126 1
49 139 1
49 143 1
49 167 1
49 173 1
49 181 1
49 192 1
50 1 1
50 4 1
50 22 1
50 31 1
50 32 1
50 43 1
50 55 1
50 69 1
50 70 1
50 87 1
50 111 1
50 120 1
50 192 1
51 1 1
51 21 1
51 25 1
51 153 1
51 182 1
51 217 1
52 54 1
52 84 1
52 91 1
52 94 1
52 102 1
52 143 1
52 217 1
52 242 1
52 284 1
53 62 1
53 109 1
53 126 1
53 166 1
53 217 1
53 238 1
53 248 1
54 19 1
56 126 1
56 188 1
56 240 1
56 272 1
56 279 1
57 1 1
57 5 1
57 76 1
59 67 1
59 105 1
59 136 1
59 154 1
59 176 1
59 186 1
59 200 1
60 14 1
60 17 1
60 28 1
60 64 1
60 112 1
60 131 1
60 140 1
60 173 1
60 182 1
60 208 1
60 211 1
60 225 1
60 279 1
61 12 1
61 63 1
61 119 1
61 163 1
61 204 1
62 85 1
62 188 1
62 221 1
63 222 1
64 20 1
64 57 1
64 165 1
64 201 1
64 208 1
65 13 1
65 66 1
65 95 1
65 98 1
65 99 1
65 125 1
65 149 1
65 166 1
65 188 1
65 193 1
65 283 1
66 54 1
66 60 1
66 108 1
66 229 1
66 284 1
67 59 1
67 73 1
67 249 1
68 13 1
68 28 1
68 54 1
68 122 1
68 202 1
68 207 1
69 29 1
69 133 1
69 134 1
69 192 1
70 106 1
70 185 1
71 226 1
72 44 1
72 131 1
72 170 1
72 178 1
72 215 1
72 246 1
72 284 1
73 43 1
73 48 1
73 57 1
73 67 1
73 78 1
73 83 1
73 112 1
73 118 1
73 125 1
73 245 1
73 285 1
74 5 1
74 7 1
74 32 1
74 80 1
74 117 1
74 125 1
74 138 1
74 169 1
74 178 1
74 193 1
74 194 1
74 196 1
74 198 1
74 237 1
74 246 1
74 278 1
74 279 1
75 3 1
75 5 1
75 9 1
75 13 1
75 22 1
75 49 1
75 67 1
75 76 1
75 96 1
75 106 1
75 113 1
75 119 1
75 126 1
75 138 1
75 167 1
75 192 1
75 211 1
75 241 1
76 1 1
76 3 1
76 4 1
76 5 1
76 7 1
76 13 1
76 75 1
76 86 1
76 116 1
76 119 1
76 134 1
76 152 1
76 170 1
77 117 1
77 246 1
78 5 1
78 54 1
78 96 1
78 102 1
78 106 1
78 108 1
78 110 1
78 196 1
78 230 1
78 255 1
79 4 1
79 10 1
79 88 1
79 137 1
79 138 1
79 155 1
80 10 1
80 150 1
80 266 1
80 285 1
81 109 1
82 144 1
82 178 1
83 68 1
83 90 1
84 149 1
84 217 1
85 7 1
85 10 1
85 13 1
85 15 1
85 19 1
85 43 1
85 54 1
85 64 1
85 68 1
85 91 1
85 92 1
85 94 1
85 99 1
85 104 1
85 107 1
85 114 1
85 116 1
85 118 1
85 120 1
85 126 1
85 131 1
85 139 1
85 150 1
85 173 1
85 177 1
85 192 1
85 194 1
85 200 1
85 203 1
85 205 1
85 206 1
85 208 1
85 227 1
85 246 1
85 277 1
85 285 1
86 41 1
86 42 1
86 51 1
86 73 1
86 127 1
86 134 1
86 149 1
86 166 1
86 207 1
86 227 1
86 229 1
87 3 1
87 9 1
87 15 1
87 17 1
87 19 1
87 22 1
87 41 1
87 43 1
87 54 1
87 60 1
87 61 1
87 64 1
87 85 1
87 91 1
87 94 1
87 96 1
87 103 1
87 104 1
87 110 1
87 112 1
87 118 1
87 126 1
87 133 1
87 138 1
87 143 1
87 166 1
87 173 1
87 196 1
87 202 1
87 205 1
87 219 1
87 225 1
87 227 1
87 256 1
87 260 1
87 291 1
88 167 1
88 202 1
88 206 1
88 208 1
88 212 1
88 219 1
88 259 1
89 31 1
89 59 1
89 78 1
89 109 1
89 180 1
90 3 1
90 28 1
90 121 1
90 126 1
90 138 1
90 146 1
90 223 1
90 278 1
91 33 1
91 103 1
91 104 1
91 205 1
91 211 1
91 225 1
91 229 1
92 15 1
92 150 1
93 39 1
94 38 1
94 84 1
94 105 1
94 114 1
94 131 1
94 217 1
94 257 1
95 70 1
95 173 1
95 242 1
96 9 1
96 15 1
96 66 1
96 109 1
96 133 1
96 233 1
97 64 1
97 96 1
97 154 1
97 209 1
98 3 1
98 7 1
98 20 1
98 58 1
98 63 1
98 68 1
98 118 1
98 120 1
98 123 1
98 143 1
98 160 1
98 196 1
98 215 1
98 253 1
99 2 1
99 3 1
99 9 1
99 13 1
99 43 1
99 49 1
99 53 1
99 70 1
99 115 1
99 116 1
99 118 1
99 126 1
99 138 1
99 143 1
99 172 1
99 196 1
99 203 1
99 209 1
99 221 1
100 19 1
100 64 1
100 135 1
100 138 1
100 259 1
101 72 1
101 199 1
101 280 1
102 59 1
102 67 1
102 113 1
102 211 1
102 233 1
102 267 1
103 20 1
103 59 1
103 91 1
103 104 1
103 110 1
103 117 1
103 126 1
103 130 1
103 138 1
103 205 1
103 239 1
103 254 1
104 32 1
104 35 1
104 59 1
104 103 1
104 110 1
104 150 1
104 204 1
104 226 1
104 239 1
104 249 1
104 285 1
105 63 1
105 69 1
105 72 1
105 77 1
105 130 1
105 271 1
105 297 1
106 5 1
106 70 1
106 74 1
106 78 1
106 102 1
106 171 1
106 225 1
106 240 1
107 31 1
107 39 1
107 126 1
107 166 1
107 173 1
107 246 1
107 247 1
108 8 1
108 64 1
108 78 1
108 156 1
108 158 1
108 188 1
108 278 1
109 60 1
109 70 1
109 72 1
109 92 1
109 93 1
109 96 1
109 119 1
109 131 1
109 195 1
109 197 1
109 233 1
110 11 1
110 55 1
110 103 1
110 143 1
110 205 1
110 264 1
111 102 1
111 135 1
111 172 1
111 210 1
112 48 1
112 88 1
112 138 1
112 172 1
112 204 1
112 232 1
112 254 1
113 5 1
113 13 1
113 36 1
113 122 1
113 143 1
113 219 1
113 286 1
114 4 1
114 7 1
114 28 1
114 42 1
114 85 1
114 91 1
114 94 1
114 119 1
114 143 1
114 173 1
114 192 1
114 208 1
115 2 1
115 3 1
115 4 1
115 13 1
115 14 1
115 37 1
115 60 1
115 85 1
115 87 1
115 94 1
115 114 1
115 118 1
115 119 1
115 126 1
115 138 1
115 143 1
115 173 1
115 176 1
115 192 1
115 204 1
115 205 1
115 214 1
115 219 1
115 227 1
115 258 1
116 3 1
116 5 1
116 7 1
116 24 1
116 76 1
116 144 1
116 177 1
116 203 1
116 219 1
117 109 1
117 246 1
117 278 1
118 3 1
118 7 1
118 14 1
118 27 1
118 31 1
118 32 1
118 43 1
118 68 1
118 71 1
118 78 1
118 91 1
118 94 1
118 122 1
118 126 1
118 134 1
118 138 1
118 143 1
118 149 1
118 150 1
118 208 1
118 221 1
118 225 1
118 254 1
118 257 1
118 266 1
118 285 1
119 2 1
119 3 1
119 7 1
119 13 1
119 16 1
119 17 1
119 21 1
119 28 1
119 32 1
119 43 1
119 46 1
119 60 1
119 64 1
119 85 1
119 88 1
119 91 1
119 100 1
119 114 1
119 118 1
119 120 1
119 122 1
119 126 1
119 130 1
119 134 1
119 135 1
119 138 1
119 150 1
119 161 1
119 173 1
119 207 1
119 208 1
120 9 1
120 14 1
120 28 1
120 43 1
120 64 1
120 67 1
120 73 1
120 88 1
120 96 1
120 103 1
120 122 1
120 131 1
120 154 1
120 159 1
120 173 1
120 194 1
120 205 1
120 206 1
120 256 1
120 262 1
121 55 1
121 116 1
121 186 1
121 237 1
122 43 1
122 68 1
122 208 1
123 4 1
123 13 1
123 14 1
123 36 1
123 98 1
123 117 1
123 128 1
123 143 1
123 195 1
123 200 1
123 227 1
124 15 1
124 58 1
124 96 1
124 132 1
124 133 1
124 170 1
124 189 1
124 199 1
124 226 1
124 229 1
124 234 1
125 74 1
125 77 1
125 111 1
125 112 1
125 121 1
125 128 1
125 202 1
125 259 1
126 2 1
126 3 1
126 14 1
126 16 1
126 21 1
126 27 1
126 35 1
126 43 1
126 48 1
126 59 1
126 64 1
126 68 1
126 91 1
126 94 1
126 118 1
126 119 1
126 138 1
126 143 1
126 151 1
126 169 1
126 202 1
126 205 1
126 208 1
126 227 1
126 257 1
127 37 1
127 88 1
127 141 1
128 125 1
128 180 1
129 149 1
129 216 1
129 285 1
130 6 1
130 17 1
130 103 1
130 119 1
130 185 1
130 273 1
131 13 1
131 14 1
131 64 1
131 70 1
131 72 1
131 84 1
131 94 1
131 118 1
131 120 1
131 121 1
131 146 1
131 173 1
131 179 1
131 192 1
131 201 1
131 206 1
131 208 1
131 217 1
132 20 1
132 22 1
132 94 1
132 124 1
132 187 1
132 212 1
132 224 1
132 226 1
133 1 1
133 6 1
133 47 1
133 88 1
133 91 1
133 96 1
133 124 1
133 136 1
133 137 1
133 170 1
133 196 1
133 199 1
133 208 1
133 224 1
133 246 1
134 32 1
134 85 1
134 136 1
134 227 1
134 237 1
136 63 1
136 64 1
136 186 1
136 204 1
136 281 1
136 283 1
137 256 1
138 3 1
138 5 1
138 10 1
138 48 1
138 68 1
138 72 1
138 74 1
138 93 1
138 104 1
138 112 1
138 122 1
138 137 1
138 148 1
138 151 1
138 161 1
138 178 1
138 196 1
138 204 1
138 208 1
138 220 1
138 263 1
138 285 1
139 17 1
139 33 1
139 84 1
139 117 1
139 156 1
139 186 1
140 60 1
140 66 1
140 69 1
140 246 1
141 11 1
141 116 1
141 177 1
142 123 1
142 134 1
142 162 1
142 171 1
142 194 1
142 207 1
142 230 1
142 256 1
142 257 1
143 2 1
143 3 1
143 7 1
143 13 1
143 14 1
143 16 1
143 85 1
143 91 1
143 94 1
143 110 1
143 114 1
143 119 1
143 126 1
143 190 1
143 199 1
143 205 1
145 35 1
145 212 1
146 3 1
146 43 1
146 53 1
146 85 1
146 87 1
146 118 1
146 122 1
146 183 1
146 200 1
146 208 1
146 227 1
146 262 1
147 5 1
147 58 1
148 83 1
148 110 1
148 209 1
149 5 1
149 102 1
149 104 1
149 125 1
149 129 1
149 189 1
149 238 1
149 285 1
150 32 1
150 277 1
151 42 1
152 65 1
152 101 1
152 112 1
152 119 1
152 131 1
152 138 1
152 163 1
152 169 1
152 188 1
152 207 1
152 231 1
152 243 1
153 43 1
153 49 1
153 99 1
153 105 1
153 150 1
153 193 1
153 196 1
154 3 1
154 58 1
154 72 1
154 140 1
154 231 1
154 285 1
155 6 1
155 39 1
155 86 1
155 130 1
155 143 1
155 162 1
155 280 1
156 41 1
156 43 1
156 87 1
156 99 1
156 108 1
156 202 1
156 207 1
156 240 1
156 260 1
157 18 1
157 19 1
157 85 1
157 175 1
157 186 1
157 200 1
157 258 1
158 5 1
158 13 1
158 16 1
158 75 1
158 82 1
158 106 1
158 163 1
158 165 1
158 277 1
159 17 1
159 97 1
159 174 1
159 199 1
159 285 1
160 71 1
160 77 1
160 84 1
160 100 1
160 210 1
160 219 1
160 227 1
160 236 1
160 295 1
161 7 1
161 51 1
161 72 1
161 101 1
161 146 1
161 173 1
161 189 1
161 210 1
161 262 1
161 271 1
162 13 1
162 59 1
162 83 1
162 171 1
162 173 1
162 192 1
162 205 1
162 248 1
162 293 1
163 10 1
163 13 1
163 30 1
163 62 1
163 87 1
163 128 1
163 177 1
163 192 1
163 216 1
164 1 1
164 7 1
164 72 1
164 101 1
164 126 1
164 151 1
164 212 1
164 227 1
164 229 1
164 263 1
165 5 1
165 35 1
165 60 1
165 92 1
165 181 1
165 215 1
166 28 1
166 61 1
166 217 1
166 234 1
166 273 1
167 13 1
167 21 1
167 49 1
167 84 1
167 108 1
167 143 1
167 156 1
167 164 1
167 227 1
167 242 1
167 257 1
168 12 1
168 31 1
168 54 1
168 63 1
168 77 1
168 101 1
168 203 1
168 216 1
168 217 1
168 260 1
169 42 1
169 111 1
169 132 1
169 144 1
169 163 1
169 212 1
169 216 1
169 267 1
170 3 1
170 25 1
170 63 1
170 203 1
170 247 1
170 262 1
171 4 1
171 118 1
171 128 1
171 144 1
171 162 1
171 188 1
172 3 1
172 99 1
172 111 1
172 150 1
172 210 1
172 213 1
173 7 1
173 8 1
173 13 1
173 17 1
173 60 1
173 64 1
173 70 1
173 94 1
173 99 1
173 101 1
173 114 1
173 121 1
173 126 1
173 131 1
173 133 1
173 151 1
173 158 1
173 179 1
173 192 1
173 196 1
173 199 1
173 203 1
173 206 1
173 208 1
173 227 1
173 251 1
174 11 1
174 13 1
174 71 1
174 104 1
174 125 1
174 154 1
174 180 1
174 186 1
174 214 1
174 222 1
174 233 1
175 20 1
175 110 1
175 119 1
175 211 1
175 260 1
176 66 1
176 88 1
176 124 1
176 169 1
176 206 1
177 22 1
177 115 1
177 116 1
177 234 1
177 239 1
177 242 1
177 276 1
178 22 1
178 67 1
178 72 1
178 104 1
178 118 1
178 131 1
178 173 1
178 198 1
178 214 1
178 215 1
178 246 1
178 248 1
178 284 1
179 13 1
179 62 1
179 63 1
179 96 1
179 116 1
179 185 1
179 192 1
179 216 1
179 225 1
179 249 1
180 13 1
180 39 1
180 68 1
180 87 1
180 126 1
180 143 1
180 150 1
180 159 1
181 3 1
181 71 1
181 140 1
181 146 1
181 149 1
181 254 1
181 282 1
182 92 1
182 110 1
182 150 1
182 167 1
182 199 1
182 261 1
183 42 1
183 85 1
183 149 1
183 171 1
183 199 1
183 200 1
183 241 1
183 245 1
183 249 1
184 179 1
184 196 1
184 203 1
184 241 1
185 70 1
185 89 1
185 130 1
185 153 1
186 30 1
186 59 1
186 93 1
186 99 1
186 123 1
186 139 1
186 200 1
186 215 1
187 33 1
187 77 1
187 109 1
187 135 1
187 199 1
187 220 1
188 4 1
188 7 1
188 13 1
188 15 1
188 35 1
188 64 1
188 68 1
188 115 1
188 124 1
188 143 1
188 171 1
188 193 1
188 202 1
188 204 1
188 207 1
188 218 1
189 49 1
189 160 1
189 246 1
190 3 1
190 4 1
190 16 1
190 48 1
190 108 1
190 112 1
190 117 1
190 138 1
190 143 1
190 168 1
190 214 1
190 233 1
190 236 1
190 256 1
190 259 1
190 280 1
190 285 1
191 2 1
191 3 1
191 13 1
191 32 1
191 48 1
191 53 1
191 57 1
191 60 1
191 83 1
191 88 1
191 94 1
191 112 1
191 115 1
191 119 1
191 123 1
191 126 1
191 134 1
191 138 1
191 143 1
191 158 1
191 162 1
191 173 1
191 200 1
191 204 1
191 205 1
191 219 1
191 225 1
191 238 1
191 245 1
191 259 1
191 279 1
192 8 1
192 13 1
192 51 1
192 119 1
192 124 1
192 126 1
192 143 1
192 151 1
192 173 1
192 185 1
192 227 1
193 42 1
193 136 1
193 170 1
193 206 1
193 277 1
194 93 1
194 106 1
194 117 1
194 126 1
194 143 1
194 197 1
194 205 1
194 216 1
194 225 1
194 246 1
195 8 1
195 46 1
195 135 1
195 198 1
195 218 1
196 1 1
196 19 1
196 64 1
196 88 1
196 100 1
196 133 1
196 164 1
196 185 1
197 19 1
197 165 1
197 194 1
197 210 1
198 1 1
198 4 1
198 10 1
198 32 1
198 72 1
198 74 1
198 83 1
198 112 1
198 138 1
198 152 1
198 178 1
198 196 1
198 207 1
198 218 1
199 4 1
199 57 1
199 101 1
199 124 1
199 133 1
199 196 1
199 204 1
199 240 1
200 3 1
200 15 1
200 56 1
200 99 1
200 107 1
200 123 1
200 139 1
200 155 1
200 186 1
200 205 1
200 227 1
201 8 1
201 11 1
201 13 1
201 31 1
201 51 1
201 56 1
201 64 1
201 68 1
201 85 1
201 108 1
201 131 1
201 141 1
201 173 1
201 182 1
201 192 1
202 43 1
202 68 1
202 125 1
202 179 1
202 207 1
202 241 1
203 3 1
203 7 1
203 59 1
203 60 1
203 70 1
203 87 1
203 99 1
203 116 1
203 138 1
203 173 1
203 221 1
203 269 1
204 12 1
204 112 1
204 122 1
204 138 1
204 294 1
205 32 1
205 58 1
205 91 1
205 103 1
205 104 1
205 120 1
205 194 1
205 208 1
206 51 1
206 59 1
206 111 1
206 118 1
206 120 1
206 140 1
206 188 1
206 217 1
207 60 1
207 142 1
207 240 1
208 14 1
208 19 1
208 64 1
208 94 1
208 122 1
208 205 1
209 148 1
210 33 1
210 91 1
210 197 1
210 241 1
210 245 1
211 39 1
211 121 1
211 173 1
211 195 1
211 210 1
211 219 1
212 88 1
212 104 1
212 134 1
212 145 1
212 149 1
213 47 1
213 59 1
213 103 1
213 172 1
213 204 1
213 233 1
214 3 1
214 87 1
214 118 1
214 131 1
214 173 1
214 176 1
214 178 1
214 192 1
214 215 1
214 236 1
214 258 1
215 21 1
215 53 1
215 59 1
215 119 1
215 139 1
215 186 1
215 258 1
216 188 1
216 230 1
216 231 1
216 268 1
217 23 1
217 84 1
217 206 1
217 296 1
218 173 1
218 195 1
218 210 1
218 230 1
219 83 1
219 135 1
219 138 1
219 178 1
219 199 1
219 202 1
219 214 1
219 258 1
219 284 1
220 3 1
220 4 1
220 13 1
220 58 1
220 68 1
220 90 1
220 92 1
220 98 1
220 112 1
220 124 1
220 133 1
220 138 1
220 178 1
220 206 1
220 246 1
220 265 1
221 99 1
221 173 1
221 203 1
221 237 1
222 3 1
222 19 1
222 33 1
222 63 1
222 97 1
222 210 1
222 226 1
222 245 1
223 168 1
224 28 1
225 60 1
225 106 1
225 128 1
226 51 1
226 71 1
226 207 1
226 240 1
227 64 1
227 119 1
227 126 1
227 134 1
227 146 1
227 173 1
227 200 1
228 7 1
228 84 1
228 94 1
228 102 1
228 131 1
228 148 1
228 206 1
228 208 1
228 214 1
228 231 1
229 33 1
229 248 1
230 142 1
230 218 1
232 3 1
232 17 1
232 53 1
232 71 1
232 87 1
232 118 1
232 119 1
232 126 1
232 132 1
232 193 1
232 226 1
232 231 1
232 240 1
232 242 1
232 247 1
233 57 1
233 118 1
233 178 1
233 188 1
234 3 1
234 10 1
234 11 1
234 13 1
234 51 1
234 62 1
234 66 1
234 73 1
234 119 1
234 124 1
234 126 1
234 138 1
234 197 1
234 212 1
234 260 1
235 4 1
235 9 1
235 16 1
235 19 1
235 96 1
235 133 1
235 150 1
235 197 1
235 229 1
235 265 1
236 78 1
236 249 1
237 164 1
237 202 1
238 11 1
238 53 1
239 51 1
239 53 1
239 107 1
239 161 1
239 246 1
239 276 1
239 287 1
240 226 1
241 184 1
242 133 1
245 210 1
245 231 1
245 274 1
245 283 1
246 94 1
246 140 1
246 213 1
246 289 1
247 54 1
247 131 1
247 214 1
248 229 1
249 67 1
250 39 1
250 43 1
250 66 1
250 124 1
250 138 1
250 194 1
250 262 1
251 248 1
253 4 1
253 5 1
253 103 1
253 107 1
253 160 1
254 10 1
254 33 1
254 91 1
254 255 1
255 4 1
255 196 1
255 226 1
256 59 1
256 115 1
256 137 1
256 154 1
257 94 1
257 137 1
257 142 1
257 171 1
257 200 1
258 18 1
258 205 1
258 238 1
259 55 1
263 59 1
263 242 1
264 203 1
264 273 1
265 102 1
265 181 1
266 205 1
266 241 1
267 5 1
267 35 1
268 158 1
268 251 1
269 3 1
269 60 1
269 130 1
269 132 1
269 157 1
269 170 1
269 173 1
269 216 1
270 5 1
270 21 1
270 59 1
270 107 1
270 115 1
270 118 1
270 135 1
270 143 1
270 151 1
270 168 1
270 220 1
271 111 1
272 13 1
272 63 1
272 81 1
272 119 1
272 130 1
272 136 1
272 143 1
272 169 1
272 183 1
272 192 1
273 219 1
274 27 1
274 35 1
274 54 1
274 68 1
274 102 1
274 157 1
274 223 1
274 246 1
274 283 1
275 67 1
276 17 1
276 28 1
276 60 1
276 86 1
276 106 1
276 107 1
276 161 1
276 219 1
276 225 1
276 239 1
277 15 1
277 17 1
277 58 1
277 64 1
277 112 1
277 131 1
277 147 1
277 150 1
277 173 1
277 204 1
277 266 1
277 285 1
278 46 1
278 99 1
278 120 1
278 131 1
278 146 1
278 151 1
278 171 1
278 246 1
280 153 1
283 221 1
284 30 1
284 72 1
