1 29 1
3 36 1
4 37 1
5 39 1
6 3 1
7 26 1
8 7 1
8 9 1
8 16 1
8 20 1
8 22 1
8 24 1
8 25 1
8 26 1
8 27 1
8 33 1
8 34 1
8 37 1
8 39 1
8 41 1
8 42 1
9 1 1
9 5 1
9 7 1
9 16 1
9 22 1
9 24 1
9 35 1
9 36 1
9 42 1
9 45 1
10 4 1
10 5 1
10 7 1
10 16 1
10 21 1
10 26 1
10 33 1
10 35 1
10 38 1
10 42 1
10 45 1
11 4 1
11 20 1
11 27 1
11 33 1
11 35 1
12 3 1
12 16 1
12 22 1
12 24 1
12 35 1
12 36 1
13 20 1
13 28 1
13 37 1
13 39 1
13 43 1
14 1 1
14 7 1
14 13 1
14 23 1
14 26 1
14 39 1
14 45 1
15 1 1
15 4 1
15 22 1
15 24 1
15 29 1
15 36 1
15 39 1
15 42 1
16 1 1
16 2 1
16 3 1
16 4 1
16 5 1
16 7 1
16 11 1
16 21 1
16 22 1
16 23 1
16 25 1
16 26 1
16 29 1
16 32 1
16 33 1
16 36 1
16 37 1
16 38 1
16 41 1
16 43 1
16 44 1
16 45 1
17 23 1
17 38 1
18 41 1
19 27 1
20 2 1
20 4 1
20 15 1
20 21 1
20 23 1
20 24 1
20 25 1
20 26 1
20 27 1
20 28 1
20 33 1
20 35 1
20 36 1
20 38 1
20 39 1
20 40 1
20 41 1
20 42 1
20 45 1
21 7 1
21 38 1
22 3 1
22 6 1
22 25 1
22 28 1
22 29 1
22 32 1
22 33 1
22 36 1
22 38 1
22 43 1
23 28 1
23 29 1
23 35 1
23 38 1
23 44 1
24 3 1
24 4 1
24 7 1
24 16 1
24 22 1
24 26 1
24 33 1
24 35 1
24 36 1
24 39 1
24 42 1
25 1 1
25 2 1
25 6 1
25 14 1
25 42 1
26 23 1
26 32 1
26 37 1
26 38 1
26 39 1
27 2 1
27 3 1
27 22 1
27 36 1
28 1 1
28 4 1
28 32 1
29 3 1
29 7 1
29 21 1
29 32 1
29 34 1
29 35 1
29 42 1
29 44 1
30 4 1
30 21 1
30 24 1
30 27 1
30 32 1
30 34 1
30 42 1
31 1 1
31 2 1
31 20 1
31 21 1
31 22 1
31 24 1
31 25 1
31 34 1
31 35 1
31 42 1
31 44 1
32 21 1
32 38 1
33 1 1
33 4 1
33 7 1
33 25 1
33 26 1
33 38 1
33 44 1
34 3 1
34 7 1
34 12 1
34 21 1
34 24 1
34 26 1
34 37 1
35 33 1
36 2 1
36 4 1
36 7 1
36 37 1
37 21 1
38 39 1
39 1 1
39 3 1
40 27 1
41 1 1
41 37 1
42 21 1
42 44 1
43 4 1
43 35 1
44 36 1
45 35 1
45 37 1
