1 7 1
3 36 1
4 27 1
5 42 1
6 25 1
7 4 1
8 1 1
8 15 1
8 16 1
8 20 1
8 22 1
8 24 1
8 25 1
8 27 1
8 32 1
8 33 1
8 35 1
8 36 1
8 38 1
8 39 1
8 42 1
9 1 1
9 5 1
9 6 1
9 20 1
9 21 1
9 24 1
9 26 1
9 35 1
9 37 1
9 42 1
10 1 1
10 7 1
10 21 1
10 22 1
10 24 1
10 26 1
10 27 1
10 28 1
10 34 1
10 38 1
10 42 1
11 7 1
11 16 1
11 38 1
11 42 1
11 43 1
12 2 1
12 22 1
12 23 1
12 32 1
12 33 1
12 45 1
13 3 1
13 7 1
13 23 1
13 32 1
13 44 1
14 2 1
14 4 1
14 24 1
14 26 1
14 32 1
14 35 1
14 36 1
15 1 1
15 7 1
15 16 1
15 21 1
15 27 1
15 35 1
15 39 1
15 41 1
16 1 1
16 3 1
16 4 1
16 5 1
16 7 1
16 9 1
16 20 1
16 21 1
16 24 1
16 25 1
16 28 1
16 29 1
16 33 1
16 34 1
16 35 1
16 38 1
16 39 1
16 41 1
16 42 1
16 43 1
16 44 1
16 45 1
17 23 1
17 39 1
18 44 1
19 44 1
20 3 1
20 4 1
20 5 1
20 21 1
20 22 1
20 23 1
20 25 1
20 26 1
20 27 1
20 28 1
20 29 1
20 33 1
20 34 1
20 35 1
20 36 1
20 38 1
20 39 1
20 42 1
20 43 1
21 4 1
21 7 1
22 1 1
22 7 1
22 21 1
22 24 1
22 27 1
22 35 1
22 36 1
22 38 1
22 39 1
22 45 1
23 3 1
23 4 1
23 26 1
23 36 1
23 42 1
24 1 1
24 2 1
24 3 1
24 29 1
24 32 1
24 36 1
24 37 1
24 39 1
24 40 1
24 41 1
24 44 1
25 3 1
25 14 1
25 21 1
25 22 1
25 33 1
26 2 1
26 6 1
26 7 1
26 28 1
26 42 1
27 1 1
27 24 1
27 36 1
27 38 1
28 4 1
28 22 1
28 33 1
29 1 1
29 3 1
29 4 1
29 33 1
29 35 1
29 37 1
29 39 1
29 42 1
30 4 1
30 16 1
30 24 1
30 25 1
30 26 1
30 32 1
30 37 1
31 1 1
31 4 1
31 7 1
31 16 1
31 22 1
31 26 1
31 29 1
31 36 1
31 37 1
31 44 1
31 45 1
32 21 1
32 38 1
33 2 1
33 3 1
33 13 1
33 22 1
33 37 1
33 41 1
33 45 1
34 7 1
34 12 1
34 25 1
34 26 1
34 29 1
34 35 1
34 39 1
35 2 1
36 11 1
36 26 1
36 35 1
36 38 1
37 21 1
38 35 1
39 36 1
39 37 1
40 20 1
41 34 1
41 38 1
42 21 1
42 33 1
43 3 1
43 4 1
44 37 1
45 23 1
45 37 1
