1 3 1
3 35 1
4 1 1
5 4 1
6 3 1
7 2 1
8 4 1
8 16 1
8 22 1
8 25 1
8 26 1
8 29 1
8 32 1
8 33 1
8 35 1
8 36 1
8 37 1
8 38 1
8 39 1
8 42 1
8 44 1
9 11 1
9 14 1
9 20 1
9 22 1
9 23 1
9 25 1
9 28 1
9 37 1
9 40 1
9 44 1
10 7 1
10 16 1
10 20 1
10 22 1
10 24 1
10 25 1
10 33 1
10 37 1
10 38 1
10 39 1
10 42 1
11 7 1
11 20 1
11 28 1
11 29 1
11 32 1
12 1 1
12 2 1
12 24 1
12 26 1
12 39 1
12 42 1
13 1 1
13 16 1
13 29 1
13 35 1
13 37 1
14 7 1
14 15 1
14 16 1
14 22 1
14 25 1
14 26 1
14 36 1
15 1 1
15 4 1
15 23 1
15 29 1
15 32 1
15 34 1
15 35 1
15 41 1
16 2 1
16 5 1
16 6 1
16 7 1
16 12 1
16 21 1
16 25 1
16 26 1
16 27 1
16 28 1
16 32 1
16 33 1
16 34 1
16 35 1
16 36 1
16 37 1
16 38 1
16 39 1
16 41 1
16 42 1
16 43 1
16 44 1
17 3 1
17 4 1
18 24 1
19 26 1
20 1 1
20 2 1
20 3 1
20 7 1
20 13 1
20 22 1
20 23 1
20 24 1
20 26 1
20 27 1
20 28 1
20 33 1
20 35 1
20 36 1
20 37 1
20 38 1
20 39 1
20 41 1
20 44 1
21 3 1
21 38 1
22 2 1
22 3 1
22 6 1
22 21 1
22 24 1
22 26 1
22 33 1
22 36 1
22 44 1
22 45 1
23 4 1
23 22 1
23 26 1
23 38 1
23 45 1
24 4 1
24 7 1
24 21 1
24 27 1
24 33 1
24 35 1
24 36 1
24 38 1
24 42 1
24 43 1
24 45 1
25 5 1
25 24 1
25 27 1
25 32 1
25 37 1
26 7 1
26 21 1
26 33 1
26 37 1
26 45 1
27 7 1
27 21 1
27 35 1
27 39 1
28 25 1
28 26 1
28 39 1
29 1 1
29 4 1
29 16 1
29 24 1
29 27 1
29 34 1
29 36 1
29 42 1
30 2 1
30 3 1
30 22 1
30 24 1
30 35 1
30 38 1
30 42 1
31 1 1
31 4 1
31 5 1
31 7 1
31 9 1
31 20 1
31 29 1
31 36 1
31 42 1
31 44 1
31 45 1
32 22 1
32 36 1
33 7 1
33 21 1
33 27 1
33 34 1
33 37 1
33 39 1
33 42 1
34 3 1
34 21 1
34 32 1
34 35 1
34 36 1
34 42 1
34 43 1
35 4 1
36 1 1
36 4 1
36 21 1
36 39 1
37 7 1
38 35 1
39 1 1
39 23 1
40 41 1
41 23 1
41 33 1
42 21 1
42 38 1
43 21 1
43 38 1
44 3 1
45 1 1
45 4 1
