1 23 1
3 26 1
4 26 1
5 38 1
6 1 1
7 45 1
8 1 1
8 4 1
8 9 1
8 16 1
8 20 1
8 21 1
8 22 1
8 24 1
8 27 1
8 28 1
8 33 1
8 35 1
8 36 1
8 37 1
8 38 1
9 4 1
9 20 1
9 21 1
9 28 1
9 29 1
9 32 1
9 35 1
9 38 1
9 39 1
9 42 1
10 3 1
10 7 1
10 16 1
10 20 1
10 21 1
10 23 1
10 24 1
10 25 1
10 26 1
10 27 1
10 36 1
11 1 1
11 21 1
11 22 1
11 37 1
11 42 1
12 6 1
12 16 1
12 24 1
12 25 1
12 42 1
12 43 1
13 2 1
13 7 1
13 27 1
13 36 1
13 37 1
14 7 1
14 11 1
14 24 1
14 27 1
14 36 1
14 39 1
14 44 1
15 1 1
15 5 1
15 21 1
15 22 1
15 23 1
15 35 1
15 36 1
15 42 1
16 2 1
16 3 1
16 4 1
16 5 1
16 7 1
16 14 1
16 21 1
16 22 1
16 24 1
16 25 1
16 27 1
16 28 1
16 29 1
16 32 1
16 34 1
16 36 1
16 37 1
16 38 1
16 39 1
16 42 1
16 43 1
16 44 1
17 33 1
17 38 1
18 22 1
19 37 1
20 1 1
20 3 1
20 4 1
20 6 1
20 7 1
20 21 1
20 22 1
20 23 1
20 24 1
20 25 1
20 26 1
20 29 1
20 32 1
20 33 1
20 35 1
20 38 1
20 39 1
20 41 1
20 45 1
21 4 1
21 35 1
22 1 1
22 4 1
22 7 1
22 28 1
22 33 1
22 35 1
22 36 1
22 37 1
22 39 1
22 41 1
23 3 1
23 12 1
23 16 1
23 35 1
23 42 1
24 1 1
24 2 1
24 3 1
24 4 1
24 5 1
24 7 1
24 21 1
24 26 1
24 33 1
24 38 1
24 42 1
25 21 1
25 26 1
25 36 1
25 38 1
25 39 1
26 29 1
26 35 1
26 37 1
26 42 1
26 45 1
27 4 1
27 7 1
27 26 1
27 37 1
28 3 1
28 24 1
28 38 1
29 7 1
29 32 1
29 33 1
29 35 1
29 38 1
29 41 1
29 43 1
29 44 1
30 2 1
30 22 1
30 24 1
30 27 1
30 33 1
30 34 1
30 44 1
31 1 1
31 3 1
31 7 1
31 16 1
31 20 1
31 25 1
31 29 1
31 32 1
31 34 1
31 39 1
31 42 1
32 1 1
32 3 1
33 1 1
33 2 1
33 7 1
33 13 1
33 23 1
33 34 1
33 35 1
34 4 1
34 15 1
34 26 1
34 36 1
34 41 1
34 44 1
34 45 1
35 45 1
36 2 1
36 3 1
36 4 1
36 26 1
37 44 1
38 35 1
39 21 1
39 37 1
40 39 1
41 25 1
41 39 1
42 22 1
42 32 1
43 4 1
43 33 1
44 36 1
45 40 1
45 42 1
