1 37 1
3 25 1
4 2 1
5 21 1
6 5 1
7 32 1
8 1 1
8 3 1
8 4 1
8 9 1
8 16 1
8 20 1
8 23 1
8 25 1
8 27 1
8 35 1
8 36 1
8 37 1
8 42 1
8 43 1
8 45 1
9 4 1
9 7 1
9 16 1
9 22 1
9 24 1
9 32 1
9 34 1
9 35 1
9 37 1
9 38 1
10 2 1
10 3 1
10 7 1
10 20 1
10 21 1
10 24 1
10 29 1
10 33 1
10 35 1
10 42 1
10 45 1
11 1 1
11 2 1
11 3 1
11 37 1
11 42 1
12 4 1
12 22 1
12 23 1
12 24 1
12 36 1
12 41 1
13 1 1
13 26 1
13 29 1
13 33 1
13 42 1
14 6 1
14 21 1
14 24 1
14 26 1
14 27 1
14 34 1
14 45 1
15 7 1
15 16 1
15 24 1
15 25 1
15 26 1
15 35 1
15 36 1
15 43 1
16 2 1
16 3 1
16 4 1
16 7 1
16 11 1
16 20 1
16 21 1
16 22 1
16 23 1
16 25 1
16 26 1
16 28 1
16 29 1
16 35 1
16 36 1
16 37 1
16 38 1
16 39 1
16 41 1
16 42 1
16 44 1
16 45 1
17 20 1
17 44 1
18 27 1
19 33 1
20 1 1
20 2 1
20 4 1
20 7 1
20 12 1
20 13 1
20 21 1
20 22 1
20 25 1
20 26 1
20 28 1
20 32 1
20 35 1
20 37 1
20 38 1
20 39 1
20 40 1
20 44 1
20 45 1
21 35 1
21 41 1
22 1 1
22 4 1
22 6 1
22 21 1
22 25 1
22 28 1
22 35 1
22 36 1
22 39 1
22 42 1
23 3 1
23 32 1
23 33 1
23 34 1
23 42 1
24 1 1
24 4 1
24 7 1
24 16 1
24 21 1
24 22 1
24 29 1
24 32 1
24 38 1
24 39 1
24 42 1
25 2 1
25 5 1
25 7 1
25 21 1
25 35 1
26 7 1
26 23 1
26 28 1
26 33 1
26 44 1
27 1 1
27 22 1
27 24 1
27 39 1
28 7 1
28 42 1
28 44 1
29 1 1
29 22 1
29 23 1
29 26 1
29 36 1
29 37 1
29 39 1
29 42 1
30 3 1
30 4 1
30 26 1
30 29 1
30 33 1
30 35 1
30 38 1
31 14 1
31 15 1
31 16 1
31 21 1
31 24 1
31 26 1
31 27 1
31 33 1
31 34 1
31 35 1
31 38 1
32 36 1
32 44 1
33 1 1
33 4 1
33 7 1
33 24 1
33 27 1
33 37 1
33 38 1
34 3 1
34 22 1
34 36 1
34 38 1
34 39 1
34 41 1
34 43 1
35 32 1
36 1 1
36 4 1
36 21 1
36 33 1
37 4 1
38 39 1
39 26 1
39 37 1
40 36 1
41 3 1
41 38 1
42 3 1
42 7 1
43 36 1
43 39 1
44 5 1
45 27 1
45 38 1
