1 41 1
3 38 1
4 38 1
5 24 1
6 1 1
7 38 1
8 1 1
8 3 1
8 4 1
8 12 1
8 21 1
8 24 1
8 26 1
8 28 1
8 29 1
8 35 1
8 37 1
8 38 1
8 42 1
8 44 1
8 45 1
9 5 1
9 6 1
9 20 1
9 22 1
9 23 1
9 25 1
9 26 1
9 29 1
9 44 1
9 45 1
10 2 1
10 3 1
10 4 1
10 20 1
10 22 1
10 23 1
10 24 1
10 25 1
10 27 1
10 38 1
10 42 1
11 3 1
11 7 1
11 26 1
11 34 1
11 36 1
12 2 1
12 16 1
12 20 1
12 22 1
12 42 1
12 45 1
13 3 1
13 25 1
13 26 1
13 28 1
13 32 1
14 4 1
14 7 1
14 21 1
14 32 1
14 35 1
14 38 1
14 39 1
15 4 1
15 7 1
15 16 1
15 22 1
15 32 1
15 33 1
15 39 1
15 42 1
16 1 1
16 3 1
16 4 1
16 5 1
16 7 1
16 14 1
16 21 1
16 22 1
16 24 1
16 25 1
16 27 1
16 28 1
16 32 1
16 33 1
16 34 1
16 35 1
16 36 1
16 37 1
16 38 1
16 39 1
16 42 1
16 44 1
17 23 1
17 33 1
18 38 1
19 37 1
20 2 1
20 4 1
20 5 1
20 6 1
20 11 1
20 21 1
20 22 1
20 23 1
20 26 1
20 27 1
20 29 1
20 33 1
20 36 1
20 37 1
20 39 1
20 40 1
20 41 1
20 42 1
20 43 1
21 2 1
21 35 1
22 3 1
22 4 1
22 21 1
22 24 1
22 26 1
22 32 1
22 33 1
22 34 1
22 37 1
22 42 1
23 2 1
23 16 1
23 24 1
23 39 1
23 41 1
24 2 1
24 3 1
24 4 1
24 13 1
24 21 1
24 25 1
24 26 1
24 35 1
24 36 1
24 39 1
24 42 1
25 1 1
25 7 1
25 26 1
25 33 1
25 35 1
26 1 1
26 7 1
26 32 1
26 36 1
26 42 1
27 21 1
27 22 1
27 37 1
27 44 1
28 1 1
28 34 1
28 36 1
29 4 1
29 16 1
29 21 1
29 22 1
29 24 1
29 35 1
29 36 1
29 39 1
30 1 1
30 7 1
30 23 1
30 25 1
30 29 1
30 37 1
30 41 1
31 9 1
31 15 1
31 16 1
31 20 1
31 28 1
31 36 1
31 37 1
31 38 1
31 39 1
31 42 1
31 45 1
32 21 1
32 38 1
33 1 1
33 4 1
33 7 1
33 21 1
33 35 1
33 37 1
33 43 1
34 7 1
34 24 1
34 33 1
34 36 1
34 39 1
34 43 1
34 45 1
35 1 1
36 1 1
36 3 1
36 7 1
36 27 1
37 35 1
38 27 1
39 4 1
39 26 1
40 33 1
41 27 1
41 44 1
42 3 1
42 35 1
43 35 1
43 36 1
44 7 1
45 29 1
45 44 1
