1 37 1
3 7 1
4 1 1
5 33 1
6 3 1
7 38 1
8 2 1
8 3 1
8 4 1
8 7 1
8 21 1
8 23 1
8 24 1
8 26 1
8 28 1
8 33 1
8 35 1
8 38 1
8 42 1
8 44 1
8 45 1
9 3 1
9 5 1
9 23 1
9 24 1
9 25 1
9 26 1
9 27 1
9 34 1
9 38 1
9 39 1
10 5 1
10 21 1
10 25 1
10 27 1
10 33 1
10 35 1
10 36 1
10 39 1
10 40 1
10 42 1
10 43 1
11 3 1
11 5 1
11 16 1
11 26 1
11 36 1
12 2 1
12 3 1
12 7 1
12 20 1
12 42 1
12 45 1
13 4 1
13 20 1
13 22 1
13 35 1
13 37 1
14 4 1
14 16 1
14 25 1
14 35 1
14 37 1
14 38 1
14 42 1
15 1 1
15 4 1
15 7 1
15 16 1
15 21 1
15 27 1
15 36 1
15 41 1
16 1 1
16 3 1
16 4 1
16 9 1
16 20 1
16 21 1
16 22 1
16 23 1
16 24 1
16 25 1
16 26 1
16 27 1
16 32 1
16 33 1
16 34 1
16 35 1
16 37 1
16 38 1
16 39 1
16 42 1
16 43 1
16 44 1
17 1 1
17 22 1
18 16 1
19 35 1
20 1 1
20 2 1
20 4 1
20 7 1
20 22 1
20 23 1
20 24 1
20 26 1
20 28 1
20 29 1
20 32 1
20 34 1
20 36 1
20 37 1
20 38 1
20 39 1
20 42 1
20 44 1
20 45 1
21 38 1
21 41 1
22 1 1
22 4 1
22 7 1
22 21 1
22 25 1
22 26 1
22 33 1
22 35 1
22 37 1
22 44 1
23 3 1
23 7 1
23 24 1
23 35 1
23 42 1
24 2 1
24 21 1
24 22 1
24 29 1
24 32 1
24 33 1
24 34 1
24 37 1
24 38 1
24 39 1
24 44 1
25 1 1
25 7 1
25 23 1
25 36 1
25 45 1
26 2 1
26 33 1
26 36 1
26 39 1
26 42 1
27 3 1
27 13 1
27 35 1
27 37 1
28 7 1
28 11 1
28 15 1
29 2 1
29 4 1
29 6 1
29 22 1
29 28 1
29 32 1
29 39 1
29 41 1
30 1 1
30 16 1
30 24 1
30 26 1
30 36 1
30 44 1
30 45 1
31 7 1
31 20 1
31 22 1
31 24 1
31 25 1
31 26 1
31 27 1
31 33 1
31 37 1
31 38 1
31 42 1
32 1 1
32 38 1
33 4 1
33 12 1
33 21 1
33 28 1
33 32 1
33 36 1
33 39 1
34 7 1
34 21 1
34 22 1
34 27 1
34 29 1
34 35 1
34 39 1
35 36 1
36 4 1
36 6 1
36 29 1
36 43 1
37 26 1
38 1 1
39 32 1
39 41 1
40 3 1
41 4 1
41 14 1
42 24 1
42 35 1
43 21 1
43 29 1
44 21 1
45 36 1
45 42 1
