1 42 1
3 35 1
4 37 1
5 29 1
6 26 1
7 39 1
8 1 1
8 4 1
8 12 1
8 16 1
8 22 1
8 23 1
8 24 1
8 25 1
8 32 1
8 35 1
8 38 1
8 41 1
8 42 1
8 43 1
8 45 1
9 1 1
9 3 1
9 4 1
9 16 1
9 20 1
9 21 1
9 32 1
9 36 1
9 38 1
9 42 1
10 5 1
10 7 1
10 20 1
10 21 1
10 23 1
10 24 1
10 25 1
10 32 1
10 34 1
10 44 1
10 45 1
11 7 1
11 24 1
11 35 1
11 37 1
11 39 1
12 6 1
12 21 1
12 22 1
12 23 1
12 38 1
12 45 1
13 7 1
13 26 1
13 33 1
13 39 1
13 44 1
14 1 1
14 7 1
14 22 1
14 24 1
14 25 1
14 35 1
14 42 1
15 1 1
15 21 1
15 23 1
15 26 1
15 29 1
15 33 1
15 35 1
15 36 1
16 2 1
16 3 1
16 4 1
16 7 1
16 13 1
16 14 1
16 20 1
16 22 1
16 24 1
16 25 1
16 26 1
16 27 1
16 28 1
16 29 1
16 33 1
16 35 1
16 36 1
16 37 1
16 38 1
16 39 1
16 41 1
16 45 1
17 16 1
17 43 1
18 35 1
19 42 1
20 2 1
20 3 1
20 4 1
20 5 1
20 7 1
20 21 1
20 22 1
20 23 1
20 24 1
20 26 1
20 27 1
20 28 1
20 29 1
20 33 1
20 40 1
20 41 1
20 42 1
20 43 1
20 44 1
21 3 1
21 32 1
22 3 1
22 4 1
22 7 1
22 15 1
22 24 1
22 27 1
22 33 1
22 37 1
22 39 1
22 41 1
23 1 1
23 4 1
23 36 1
23 37 1
23 39 1
24 1 1
24 5 1
24 7 1
24 21 1
24 25 1
24 33 1
24 35 1
24 37 1
24 38 1
24 42 1
24 44 1
25 1 1
25 3 1
25 27 1
25 34 1
25 38 1
26 1 1
26 4 1
26 7 1
26 36 1
26 39 1
27 1 1
27 4 1
27 26 1
27 32 1
28 2 1
28 22 1
28 33 1
29 4 1
29 21 1
29 28 1
29 33 1
29 35 1
29 36 1
29 37 1
29 38 1
30 16 1
30 22 1
30 26 1
30 27 1
30 34 1
30 36 1
30 42 1
31 3 1
31 7 1
31 9 1
31 16 1
31 20 1
31 22 1
31 25 1
31 29 1
31 34 1
31 36 1
31 38 1
32 7 1
32 35 1
33 2 1
33 4 1
33 21 1
33 26 1
33 39 1
33 44 1
33 45 1
34 3 1
34 4 1
34 21 1
34 26 1
34 38 1
34 42 1
34 44 1
35 38 1
36 1 1
36 24 1
36 32 1
36 35 1
37 21 1
38 2 1
39 3 1
39 37 1
40 6 1
41 37 1
41 39 1
42 2 1
42 28 1
43 11 1
43 36 1
44 27 1
45 36 1
45 42 1
