1 35 1
3 43 1
4 32 1
5 1 1
6 4 1
7 37 1
8 1 1
8 3 1
8 4 1
8 16 1
8 24 1
8 26 1
8 27 1
8 28 1
8 32 1
8 34 1
8 35 1
8 36 1
8 38 1
8 39 1
8 42 1
9 3 1
9 7 1
9 20 1
9 21 1
9 22 1
9 24 1
9 26 1
9 28 1
9 33 1
9 42 1
10 1 1
10 2 1
10 3 1
10 4 1
10 7 1
10 16 1
10 21 1
10 22 1
10 27 1
10 35 1
10 37 1
11 21 1
11 22 1
11 24 1
11 28 1
11 41 1
12 6 1
12 23 1
12 33 1
12 34 1
12 36 1
12 38 1
13 1 1
13 9 1
13 24 1
13 26 1
13 43 1
14 16 1
14 20 1
14 26 1
14 29 1
14 34 1
14 35 1
14 39 1
15 1 1
15 7 1
15 13 1
15 14 1
15 26 1
15 32 1
15 33 1
15 39 1
16 2 1
16 3 1
16 5 1
16 7 1
16 11 1
16 20 1
16 21 1
16 22 1
16 23 1
16 24 1
16 25 1
16 26 1
16 27 1
16 33 1
16 35 1
16 36 1
16 37 1
16 38 1
16 39 1
16 42 1
16 43 1
16 44 1
17 23 1
17 42 1
18 7 1
19 33 1
20 2 1
20 3 1
20 4 1
20 5 1
20 21 1
20 22 1
20 24 1
20 25 1
20 26 1
20 27 1
20 33 1
20 35 1
20 36 1
20 37 1
20 39 1
20 41 1
20 42 1
20 44 1
20 45 1
21 25 1
21 40 1
22 1 1
22 2 1
22 3 1
22 7 1
22 26 1
22 33 1
22 35 1
22 37 1
22 38 1
22 42 1
23 1 1
23 7 1
23 22 1
23 42 1
23 44 1
24 2 1
24 5 1
24 7 1
24 21 1
24 23 1
24 25 1
24 29 1
24 33 1
24 35 1
24 37 1
24 41 1
25 4 1
25 29 1
25 36 1
25 38 1
25 39 1
26 4 1
26 24 1
26 29 1
26 38 1
26 42 1
27 4 1
27 7 1
27 36 1
27 42 1
28 6 1
28 24 1
28 35 1
29 3 1
29 27 1
29 36 1
29 37 1
29 38 1
29 39 1
29 44 1
29 45 1
30 2 1
30 7 1
30 20 1
30 22 1
30 29 1
30 41 1
30 44 1
31 1 1
31 4 1
31 16 1
31 21 1
31 25 1
31 26 1
31 32 1
31 34 1
31 35 1
31 36 1
31 45 1
32 23 1
32 39 1
33 1 1
33 3 1
33 21 1
33 37 1
33 38 1
33 39 1
33 42 1
34 7 1
34 16 1
34 21 1
34 22 1
34 25 1
34 36 1
34 45 1
35 32 1
36 4 1
36 15 1
36 28 1
36 32 1
37 21 1
38 35 1
39 38 1
39 44 1
40 3 1
41 12 1
41 38 1
42 37 1
42 45 1
43 1 1
43 4 1
44 27 1
45 4 1
45 36 1
