1 4 1
3 32 1
4 35 1
5 2 1
6 34 1
7 4 1
8 1 1
8 4 1
8 16 1
8 21 1
8 23 1
8 24 1
8 26 1
8 29 1
8 32 1
8 34 1
8 35 1
8 37 1
8 38 1
8 42 1
8 44 1
9 7 1
9 16 1
9 22 1
9 23 1
9 26 1
9 27 1
9 28 1
9 29 1
9 36 1
9 38 1
10 3 1
10 7 1
10 20 1
10 22 1
10 24 1
10 25 1
10 27 1
10 29 1
10 33 1
10 36 1
10 45 1
11 1 1
11 26 1
11 27 1
11 39 1
11 41 1
12 20 1
12 24 1
12 25 1
12 35 1
12 36 1
12 38 1
13 16 1
13 25 1
13 38 1
13 41 1
13 45 1
14 6 1
14 21 1
14 23 1
14 32 1
14 33 1
14 35 1
14 42 1
15 3 1
15 7 1
15 22 1
15 26 1
15 33 1
15 36 1
15 39 1
15 40 1
16 1 1
16 2 1
16 3 1
16 4 1
16 5 1
16 7 1
16 11 1
16 21 1
16 22 1
16 24 1
16 26 1
16 32 1
16 33 1
16 34 1
16 35 1
16 36 1
16 37 1
16 38 1
16 41 1
16 42 1
16 44 1
16 45 1
17 16 1
17 25 1
18 27 1
19 1 1
20 1 1
20 4 1
20 5 1
20 7 1
20 21 1
20 22 1
20 24 1
20 25 1
20 26 1
20 27 1
20 28 1
20 32 1
20 35 1
20 36 1
20 37 1
20 38 1
20 41 1
20 42 1
20 43 1
21 43 1
21 44 1
22 1 1
22 2 1
22 5 1
22 6 1
22 7 1
22 26 1
22 35 1
22 36 1
22 37 1
22 39 1
23 2 1
23 26 1
23 33 1
23 42 1
23 45 1
24 1 1
24 3 1
24 7 1
24 15 1
24 21 1
24 22 1
24 32 1
24 35 1
24 37 1
24 38 1
24 39 1
25 3 1
25 7 1
25 27 1
25 39 1
25 44 1
26 1 1
26 3 1
26 4 1
26 35 1
26 39 1
27 21 1
27 24 1
27 36 1
27 38 1
28 3 1
28 37 1
28 45 1
29 4 1
29 13 1
29 33 1
29 34 1
29 35 1
29 38 1
29 39 1
29 42 1
30 3 1
30 4 1
30 14 1
30 23 1
30 26 1
30 39 1
30 42 1
31 1 1
31 3 1
31 9 1
31 16 1
31 20 1
31 21 1
31 22 1
31 29 1
31 33 1
31 36 1
31 43 1
32 4 1
32 21 1
33 2 1
33 4 1
33 7 1
33 20 1
33 22 1
33 28 1
33 42 1
34 7 1
34 12 1
34 24 1
34 33 1
34 36 1
34 37 1
34 42 1
35 25 1
36 21 1
36 28 1
36 35 1
36 42 1
37 44 1
38 21 1
39 1 1
39 38 1
40 37 1
41 4 1
41 44 1
42 7 1
42 37 1
43 29 1
43 39 1
44 23 1
45 2 1
45 24 1
