1 36 1
3 35 1
4 3 1
5 4 1
6 4 1
7 26 1
8 2 1
8 3 1
8 7 1
8 22 1
8 23 1
8 24 1
8 25 1
8 29 1
8 32 1
8 33 1
8 34 1
8 35 1
8 37 1
8 42 1
8 44 1
9 7 1
9 21 1
9 22 1
9 24 1
9 25 1
9 34 1
9 38 1
9 39 1
9 42 1
9 45 1
10 1 1
10 2 1
10 7 1
10 16 1
10 21 1
10 22 1
10 23 1
10 24 1
10 38 1
10 39 1
10 45 1
11 4 1
11 14 1
11 25 1
11 28 1
11 45 1
12 1 1
12 16 1
12 20 1
12 36 1
12 38 1
12 42 1
13 3 1
13 22 1
13 24 1
13 27 1
13 32 1
14 4 1
14 16 1
14 23 1
14 26 1
14 33 1
14 39 1
14 42 1
15 4 1
15 12 1
15 16 1
15 28 1
15 33 1
15 35 1
15 36 1
15 38 1
16 1 1
16 3 1
16 4 1
16 5 1
16 7 1
16 9 1
16 13 1
16 20 1
16 24 1
16 26 1
16 27 1
16 32 1
16 34 1
16 35 1
16 36 1
16 37 1
16 39 1
16 41 1
16 42 1
16 43 1
16 44 1
16 45 1
17 21 1
17 33 1
18 42 1
19 26 1
20 1 1
20 5 1
20 7 1
20 11 1
20 23 1
20 25 1
20 26 1
20 27 1
20 28 1
20 35 1
20 36 1
20 37 1
20 38 1
20 39 1
20 40 1
20 41 1
20 42 1
20 43 1
20 44 1
21 2 1
21 22 1
22 2 1
22 3 1
22 7 1
22 26 1
22 33 1
22 34 1
22 35 1
22 37 1
22 42 1
22 44 1
23 5 1
23 7 1
23 21 1
23 32 1
23 38 1
24 2 1
24 7 1
24 22 1
24 26 1
24 27 1
24 29 1
24 32 1
24 33 1
24 35 1
24 36 1
24 38 1
25 21 1
25 24 1
25 29 1
25 39 1
25 44 1
26 1 1
26 35 1
26 36 1
26 39 1
26 42 1
27 6 1
27 36 1
27 44 1
27 45 1
28 1 1
28 21 1
28 26 1
29 2 1
29 4 1
29 15 1
29 21 1
29 22 1
29 32 1
29 37 1
29 42 1
30 3 1
30 16 1
30 24 1
30 26 1
30 35 1
30 37 1
30 38 1
31 1 1
31 4 1
31 20 1
31 22 1
31 24 1
31 25 1
31 28 1
31 29 1
31 33 1
31 35 1
31 41 1
32 21 1
32 43 1
33 3 1
33 7 1
33 20 1
33 23 1
33 27 1
33 36 1
33 41 1
34 1 1
34 3 1
34 7 1
34 27 1
34 33 1
34 36 1
34 39 1
35 39 1
36 21 1
36 35 1
36 37 1
36 38 1
37 4 1
38 3 1
39 1 1
39 6 1
40 29 1
41 4 1
41 38 1
42 4 1
42 37 1
43 1 1
43 7 1
44 37 1
45 21 1
45 25 1
