1 45 1
3 42 1
4 44 1
5 43 1
6 21 1
7 23 1
8 2 1
8 7 1
8 16 1
8 20 1
8 21 1
8 22 1
8 24 1
8 25 1
8 27 1
8 29 1
8 33 1
8 35 1
8 38 1
8 39 1
8 41 1
9 1 1
9 7 1
9 16 1
9 20 1
9 21 1
9 29 1
9 37 1
9 39 1
9 42 1
9 45 1
10 3 1
10 4 1
10 21 1
10 22 1
10 23 1
10 26 1
10 33 1
10 36 1
10 37 1
10 38 1
10 39 1
11 20 1
11 23 1
11 32 1
11 36 1
11 37 1
12 1 1
12 22 1
12 28 1
12 34 1
12 35 1
12 39 1
13 4 1
13 23 1
13 36 1
13 38 1
13 42 1
14 3 1
14 21 1
14 26 1
14 32 1
14 38 1
14 44 1
14 45 1
15 1 1
15 3 1
15 4 1
15 7 1
15 22 1
15 27 1
15 38 1
15 42 1
16 1 1
16 2 1
16 3 1
16 4 1
16 5 1
16 7 1
16 13 1
16 21 1
16 22 1
16 23 1
16 24 1
16 25 1
16 26 1
16 27 1
16 29 1
16 32 1
16 33 1
16 34 1
16 35 1
16 36 1
16 44 1
16 45 1
17 7 1
17 25 1
18 20 1
19 24 1
20 1 1
20 2 1
20 3 1
20 4 1
20 7 1
20 16 1
20 21 1
20 22 1
20 24 1
20 26 1
20 28 1
20 33 1
20 34 1
20 35 1
20 38 1
20 39 1
20 42 1
20 43 1
20 44 1
21 38 1
21 39 1
22 21 1
22 24 1
22 26 1
22 27 1
22 33 1
22 35 1
22 36 1
22 37 1
22 38 1
22 39 1
23 1 1
23 26 1
23 35 1
23 36 1
23 37 1
24 1 1
24 2 1
24 4 1
24 6 1
24 7 1
24 28 1
24 33 1
24 35 1
24 39 1
24 42 1
24 43 1
25 1 1
25 3 1
25 26 1
25 33 1
25 38 1
26 1 1
26 24 1
26 29 1
26 32 1
26 35 1
27 5 1
27 36 1
27 37 1
27 38 1
28 4 1
28 37 1
28 42 1
29 1 1
29 3 1
29 4 1
29 12 1
29 21 1
29 34 1
29 35 1
29 42 1
30 7 1
30 9 1
30 16 1
30 22 1
30 36 1
30 37 1
30 40 1
31 2 1
31 5 1
31 11 1
31 14 1
31 16 1
31 21 1
31 24 1
31 25 1
31 28 1
31 29 1
31 33 1
32 7 1
32 15 1
33 4 1
33 27 1
33 32 1
33 35 1
33 39 1
33 41 1
33 44 1
34 3 1
34 22 1
34 24 1
34 25 1
34 32 1
34 36 1
34 41 1
35 42 1
36 2 1
36 25 1
36 37 1
36 42 1
37 26 1
38 3 1
39 7 1
39 35 1
40 4 1
41 26 1
41 27 1
42 7 1
42 45 1
43 36 1
43 44 1
44 6 1
45 4 1
45 41 1
