1 44 1
3 42 1
4 25 1
5 24 1
6 3 1
7 32 1
8 4 1
8 5 1
8 7 1
8 11 1
8 20 1
8 22 1
8 24 1
8 25 1
8 26 1
8 27 1
8 29 1
8 33 1
8 39 1
8 41 1
8 44 1
9 1 1
9 7 1
9 21 1
9 22 1
9 23 1
9 25 1
9 26 1
9 36 1
9 37 1
9 39 1
10 3 1
10 4 1
10 23 1
10 26 1
10 27 1
10 34 1
10 36 1
10 37 1
10 38 1
10 42 1
10 45 1
11 4 1
11 20 1
11 34 1
11 38 1
11 45 1
12 3 1
12 16 1
12 23 1
12 26 1
12 32 1
12 36 1
13 4 1
13 22 1
13 24 1
13 35 1
13 41 1
14 3 1
14 7 1
14 16 1
14 21 1
14 33 1
14 36 1
14 38 1
15 1 1
15 24 1
15 25 1
15 29 1
15 35 1
15 36 1
15 37 1
15 42 1
16 1 1
16 3 1
16 4 1
16 5 1
16 7 1
16 21 1
16 22 1
16 23 1
16 24 1
16 25 1
16 26 1
16 27 1
16 29 1
16 32 1
16 33 1
16 35 1
16 37 1
16 38 1
16 39 1
16 40 1
16 42 1
16 44 1
17 29 1
17 33 1
18 9 1
19 32 1
20 1 1
20 2 1
20 3 1
20 4 1
20 7 1
20 12 1
20 14 1
20 15 1
20 16 1
20 21 1
20 22 1
20 25 1
20 33 1
20 35 1
20 36 1
20 41 1
20 42 1
20 43 1
20 45 1
21 38 1
21 45 1
22 1 1
22 7 1
22 21 1
22 34 1
22 35 1
22 36 1
22 41 1
22 42 1
22 44 1
22 45 1
23 2 1
23 3 1
23 27 1
23 39 1
23 43 1
24 1 1
24 2 1
24 4 1
24 7 1
24 21 1
24 22 1
24 28 1
24 32 1
24 37 1
24 38 1
24 39 1
25 21 1
25 27 1
25 29 1
25 35 1
25 37 1
26 4 1
26 27 1
26 28 1
26 37 1
26 44 1
27 2 1
27 21 1
27 35 1
27 39 1
28 4 1
28 20 1
28 33 1
29 7 1
29 13 1
29 21 1
29 22 1
29 23 1
29 24 1
29 26 1
29 39 1
30 3 1
30 6 1
30 7 1
30 16 1
30 24 1
30 38 1
30 43 1
31 4 1
31 7 1
31 16 1
31 20 1
31 22 1
31 24 1
31 26 1
31 34 1
31 37 1
31 38 1
31 44 1
32 2 1
32 35 1
33 1 1
33 5 1
33 7 1
33 32 1
33 35 1
33 37 1
33 42 1
34 1 1
34 28 1
34 33 1
34 35 1
34 36 1
34 39 1
34 42 1
35 39 1
36 1 1
36 26 1
36 33 1
36 42 1
37 38 1
38 3 1
39 28 1
39 38 1
40 1 1
41 21 1
41 36 1
42 4 1
42 35 1
43 26 1
43 42 1
44 6 1
45 2 1
45 36 1
