1 4 1
3 42 1
4 32 1
5 4 1
6 29 1
7 40 1
8 1 1
8 3 1
8 4 1
8 20 1
8 21 1
8 22 1
8 23 1
8 24 1
8 26 1
8 29 1
8 35 1
8 38 1
8 39 1
8 41 1
8 42 1
9 2 1
9 3 1
9 20 1
9 21 1
9 26 1
9 27 1
9 33 1
9 38 1
9 39 1
9 42 1
10 2 1
10 4 1
10 7 1
10 16 1
10 20 1
10 21 1
10 22 1
10 24 1
10 33 1
10 35 1
10 38 1
11 26 1
11 34 1
11 38 1
11 43 1
11 45 1
12 2 1
12 4 1
12 6 1
12 22 1
12 29 1
12 37 1
13 23 1
13 29 1
13 32 1
13 34 1
13 39 1
14 1 1
14 5 1
14 7 1
14 23 1
14 36 1
14 38 1
14 39 1
15 3 1
15 5 1
15 21 1
15 26 1
15 35 1
15 38 1
15 39 1
15 43 1
16 1 1
16 3 1
16 4 1
16 7 1
16 14 1
16 21 1
16 22 1
16 24 1
16 25 1
16 26 1
16 27 1
16 28 1
16 32 1
16 33 1
16 35 1
16 36 1
16 37 1
16 38 1
16 39 1
16 41 1
16 42 1
16 44 1
17 37 1
17 44 1
18 24 1
19 22 1
20 3 1
20 4 1
20 6 1
20 7 1
20 13 1
20 16 1
20 21 1
20 22 1
20 23 1
20 25 1
20 26 1
20 27 1
20 33 1
20 34 1
20 36 1
20 37 1
20 38 1
20 39 1
20 43 1
21 1 1
21 42 1
22 3 1
22 4 1
22 7 1
22 21 1
22 25 1
22 35 1
22 36 1
22 38 1
22 42 1
22 44 1
23 1 1
23 4 1
23 11 1
23 32 1
23 37 1
24 1 1
24 2 1
24 3 1
24 7 1
24 21 1
24 27 1
24 33 1
24 35 1
24 36 1
24 39 1
24 44 1
25 4 1
25 7 1
25 35 1
25 36 1
25 37 1
26 25 1
26 28 1
26 35 1
26 37 1
26 44 1
27 2 1
27 3 1
27 35 1
27 36 1
28 1 1
28 25 1
28 41 1
29 16 1
29 23 1
29 24 1
29 26 1
29 33 1
29 34 1
29 36 1
29 42 1
30 12 1
30 20 1
30 22 1
30 24 1
30 29 1
30 35 1
30 42 1
31 1 1
31 3 1
31 7 1
31 9 1
31 16 1
31 22 1
31 24 1
31 27 1
31 28 1
31 39 1
31 45 1
32 2 1
32 21 1
33 21 1
33 25 1
33 26 1
33 32 1
33 36 1
33 37 1
33 45 1
34 1 1
34 15 1
34 16 1
34 26 1
34 32 1
34 33 1
34 42 1
35 42 1
36 1 1
36 5 1
36 35 1
36 44 1
37 41 1
38 24 1
39 4 1
39 28 1
40 36 1
41 7 1
41 38 1
42 37 1
42 45 1
43 33 1
43 45 1
44 7 1
45 7 1
45 27 1
