1 44 1
3 36 1
4 21 1
5 33 1
6 22 1
7 3 1
8 1 1
8 5 1
8 16 1
8 20 1
8 22 1
8 24 1
8 26 1
8 32 1
8 33 1
8 34 1
8 37 1
8 38 1
8 39 1
8 42 1
8 45 1
9 2 1
9 5 1
9 7 1
9 16 1
9 24 1
9 26 1
9 27 1
9 36 1
9 42 1
9 45 1
10 3 1
10 4 1
10 16 1
10 22 1
10 26 1
10 28 1
10 32 1
10 35 1
10 37 1
10 38 1
10 39 1
11 21 1
11 29 1
11 34 1
11 36 1
11 38 1
12 3 1
12 4 1
12 7 1
12 20 1
12 36 1
12 38 1
13 7 1
13 25 1
13 35 1
13 36 1
13 39 1
14 4 1
14 6 1
14 7 1
14 24 1
14 28 1
14 38 1
14 45 1
15 2 1
15 14 1
15 20 1
15 24 1
15 26 1
15 36 1
15 38 1
15 42 1
16 1 1
16 2 1
16 3 1
16 4 1
16 7 1
16 11 1
16 20 1
16 21 1
16 22 1
16 23 1
16 24 1
16 27 1
16 29 1
16 32 1
16 33 1
16 37 1
16 39 1
16 40 1
16 41 1
16 42 1
16 43 1
16 45 1
17 3 1
17 4 1
18 42 1
19 1 1
20 1 1
20 3 1
20 4 1
20 5 1
20 7 1
20 22 1
20 23 1
20 24 1
20 25 1
20 26 1
20 27 1
20 29 1
20 33 1
20 35 1
20 36 1
20 38 1
20 39 1
20 41 1
20 44 1
21 3 1
21 38 1
22 1 1
22 3 1
22 21 1
22 27 1
22 32 1
22 35 1
22 38 1
22 39 1
22 42 1
22 44 1
23 24 1
23 25 1
23 35 1
23 37 1
23 44 1
24 1 1
24 4 1
24 7 1
24 13 1
24 22 1
24 26 1
24 27 1
24 35 1
24 36 1
24 37 1
24 43 1
25 4 1
25 22 1
25 33 1
25 35 1
25 39 1
26 2 1
26 3 1
26 4 1
26 22 1
26 44 1
27 1 1
27 29 1
27 36 1
27 42 1
28 16 1
28 23 1
28 34 1
29 1 1
29 7 1
29 21 1
29 23 1
29 25 1
29 35 1
29 37 1
29 39 1
30 6 1
30 7 1
30 16 1
30 26 1
30 27 1
30 28 1
30 43 1
31 7 1
31 9 1
31 23 1
31 24 1
31 29 1
31 33 1
31 34 1
31 35 1
31 36 1
31 37 1
31 44 1
32 4 1
32 37 1
33 1 1
33 21 1
33 26 1
33 35 1
33 41 1
33 42 1
33 45 1
34 2 1
34 7 1
34 12 1
34 15 1
34 25 1
34 26 1
34 33 1
35 32 1
36 2 1
36 25 1
36 28 1
36 33 1
37 21 1
38 35 1
39 21 1
39 41 1
40 42 1
41 32 1
41 37 1
42 1 1
42 4 1
43 21 1
43 39 1
44 21 1
45 38 1
45 42 1
