1 26 1
3 36 1
4 35 1
5 35 1
6 39 1
7 3 1
8 2 1
8 3 1
8 4 1
8 7 1
8 21 1
8 22 1
8 23 1
8 24 1
8 25 1
8 28 1
8 32 1
8 33 1
8 35 1
8 36 1
8 37 1
9 2 1
9 4 1
9 7 1
9 15 1
9 22 1
9 29 1
9 33 1
9 36 1
9 38 1
9 44 1
10 1 1
10 7 1
10 22 1
10 24 1
10 27 1
10 35 1
10 36 1
10 37 1
10 38 1
10 42 1
10 45 1
11 20 1
11 35 1
11 37 1
11 38 1
11 41 1
12 14 1
12 21 1
12 28 1
12 35 1
12 37 1
12 45 1
13 1 1
13 16 1
13 20 1
13 27 1
13 38 1
14 1 1
14 3 1
14 16 1
14 20 1
14 24 1
14 32 1
14 43 1
15 3 1
15 4 1
15 21 1
15 22 1
15 23 1
15 24 1
15 37 1
15 45 1
16 1 1
16 2 1
16 3 1
16 4 1
16 5 1
16 7 1
16 9 1
16 21 1
16 23 1
16 24 1
16 25 1
16 26 1
16 29 1
16 33 1
16 34 1
16 36 1
16 37 1
16 38 1
16 39 1
16 41 1
16 42 1
16 44 1
17 5 1
17 24 1
18 1 1
19 7 1
20 3 1
20 4 1
20 7 1
20 16 1
20 21 1
20 22 1
20 23 1
20 24 1
20 25 1
20 27 1
20 29 1
20 32 1
20 34 1
20 35 1
20 37 1
20 38 1
20 39 1
20 42 1
20 44 1
21 25 1
21 45 1
22 3 1
22 4 1
22 6 1
22 27 1
22 32 1
22 36 1
22 38 1
22 39 1
22 41 1
22 42 1
23 4 1
23 27 1
23 32 1
23 35 1
23 42 1
24 1 1
24 2 1
24 7 1
24 21 1
24 22 1
24 25 1
24 26 1
24 27 1
24 33 1
24 34 1
24 36 1
25 5 1
25 26 1
25 34 1
25 37 1
25 44 1
26 2 1
26 3 1
26 7 1
26 33 1
26 35 1
27 6 1
27 7 1
27 26 1
27 43 1
28 4 1
28 21 1
28 45 1
29 22 1
29 24 1
29 33 1
29 35 1
29 36 1
29 37 1
29 39 1
29 44 1
30 1 1
30 13 1
30 16 1
30 20 1
30 26 1
30 29 1
30 39 1
31 2 1
31 4 1
31 7 1
31 16 1
31 21 1
31 25 1
31 29 1
31 32 1
31 33 1
31 39 1
31 41 1
32 38 1
32 42 1
33 3 1
33 4 1
33 22 1
33 23 1
33 28 1
33 36 1
33 42 1
34 7 1
34 12 1
34 26 1
34 33 1
34 36 1
34 42 1
34 43 1
35 38 1
36 11 1
36 21 1
36 39 1
36 42 1
37 26 1
38 1 1
39 26 1
39 42 1
40 28 1
41 1 1
41 21 1
42 35 1
42 40 1
43 4 1
43 44 1
44 39 1
45 1 1
45 38 1
