1 3 1
3 35 1
4 37 1
5 27 1
6 1 1
7 27 1
8 4 1
8 5 1
8 7 1
8 16 1
8 25 1
8 26 1
8 27 1
8 29 1
8 33 1
8 35 1
8 38 1
8 39 1
8 41 1
8 42 1
8 45 1
9 2 1
9 3 1
9 4 1
9 15 1
9 28 1
9 35 1
9 36 1
9 37 1
9 38 1
9 40 1
10 4 1
10 16 1
10 23 1
10 25 1
10 34 1
10 35 1
10 36 1
10 38 1
10 39 1
10 42 1
10 45 1
11 13 1
11 16 1
11 22 1
11 36 1
11 44 1
12 7 1
12 21 1
12 22 1
12 24 1
12 25 1
12 45 1
13 24 1
13 32 1
13 33 1
13 38 1
13 39 1
14 1 1
14 3 1
14 22 1
14 24 1
14 26 1
14 36 1
14 42 1
15 3 1
15 5 1
15 7 1
15 16 1
15 25 1
15 26 1
15 28 1
15 33 1
16 3 1
16 4 1
16 7 1
16 14 1
16 20 1
16 21 1
16 22 1
16 23 1
16 24 1
16 26 1
16 27 1
16 29 1
16 32 1
16 33 1
16 34 1
16 35 1
16 36 1
16 38 1
16 39 1
16 42 1
16 43 1
16 44 1
17 32 1
17 35 1
18 27 1
19 42 1
20 1 1
20 2 1
20 3 1
20 4 1
20 6 1
20 7 1
20 9 1
20 21 1
20 23 1
20 24 1
20 25 1
20 28 1
20 35 1
20 36 1
20 39 1
20 41 1
20 42 1
20 43 1
20 45 1
21 2 1
21 7 1
22 3 1
22 21 1
22 29 1
22 32 1
22 33 1
22 36 1
22 37 1
22 39 1
22 43 1
22 44 1
23 7 1
23 21 1
23 22 1
23 37 1
23 42 1
24 4 1
24 7 1
24 21 1
24 23 1
24 26 1
24 29 1
24 33 1
24 38 1
24 39 1
24 42 1
24 44 1
25 1 1
25 21 1
25 26 1
25 35 1
25 37 1
26 1 1
26 6 1
26 34 1
26 38 1
26 39 1
27 1 1
27 4 1
27 22 1
27 33 1
28 24 1
28 36 1
28 37 1
29 1 1
29 3 1
29 4 1
29 26 1
29 35 1
29 38 1
29 41 1
29 42 1
30 2 1
30 16 1
30 20 1
30 21 1
30 24 1
30 36 1
30 44 1
31 1 1
31 4 1
31 11 1
31 20 1
31 22 1
31 28 1
31 29 1
31 32 1
31 36 1
31 37 1
31 45 1
32 20 1
32 26 1
33 2 1
33 21 1
33 26 1
33 32 1
33 38 1
33 41 1
33 42 1
34 1 1
34 5 1
34 12 1
34 22 1
34 35 1
34 39 1
34 44 1
35 33 1
36 2 1
36 4 1
36 24 1
36 38 1
37 7 1
38 23 1
39 1 1
39 37 1
40 35 1
41 21 1
41 25 1
42 7 1
42 34 1
43 4 1
43 37 1
44 3 1
45 7 1
45 27 1
