1 24 1
3 44 1
4 1 1
5 4 1
6 35 1
7 27 1
8 3 1
8 7 1
8 11 1
8 16 1
8 21 1
8 27 1
8 28 1
8 29 1
8 34 1
8 35 1
8 36 1
8 37 1
8 38 1
8 43 1
8 45 1
9 1 1
9 4 1
9 7 1
9 16 1
9 25 1
9 26 1
9 32 1
9 35 1
9 37 1
9 41 1
10 15 1
10 20 1
10 21 1
10 24 1
10 28 1
10 29 1
10 35 1
10 37 1
10 38 1
10 42 1
10 43 1
11 1 1
11 21 1
11 22 1
11 32 1
11 33 1
12 20 1
12 24 1
12 33 1
12 34 1
12 39 1
12 42 1
13 3 1
13 16 1
13 23 1
13 25 1
13 39 1
14 4 1
14 20 1
14 21 1
14 24 1
14 25 1
14 36 1
14 42 1
15 12 1
15 23 1
15 26 1
15 29 1
15 33 1
15 35 1
15 38 1
15 41 1
16 1 1
16 3 1
16 4 1
16 5 1
16 7 1
16 21 1
16 23 1
16 24 1
16 25 1
16 26 1
16 27 1
16 29 1
16 32 1
16 33 1
16 34 1
16 35 1
16 36 1
16 37 1
16 39 1
16 42 1
16 43 1
16 45 1
17 22 1
17 37 1
18 7 1
19 44 1
20 1 1
20 2 1
20 4 1
20 5 1
20 7 1
20 9 1
20 13 1
20 16 1
20 21 1
20 22 1
20 24 1
20 26 1
20 32 1
20 33 1
20 34 1
20 37 1
20 38 1
20 39 1
20 44 1
21 39 1
21 42 1
22 2 1
22 4 1
22 6 1
22 7 1
22 25 1
22 27 1
22 32 1
22 36 1
22 37 1
22 45 1
23 1 1
23 5 1
23 14 1
23 36 1
23 42 1
24 2 1
24 3 1
24 6 1
24 7 1
24 21 1
24 22 1
24 33 1
24 38 1
24 39 1
24 42 1
24 45 1
25 1 1
25 7 1
25 21 1
25 33 1
25 36 1
26 2 1
26 4 1
26 35 1
26 39 1
26 42 1
27 3 1
27 4 1
27 38 1
27 44 1
28 3 1
28 22 1
28 26 1
29 21 1
29 22 1
29 26 1
29 33 1
29 36 1
29 38 1
29 39 1
29 44 1
30 1 1
30 4 1
30 7 1
30 20 1
30 22 1
30 28 1
30 44 1
31 1 1
31 7 1
31 16 1
31 23 1
31 24 1
31 26 1
31 35 1
31 36 1
31 38 1
31 41 1
31 45 1
32 1 1
32 41 1
33 2 1
33 23 1
33 26 1
33 27 1
33 28 1
33 36 1
33 42 1
34 2 1
34 3 1
34 21 1
34 22 1
34 24 1
34 29 1
34 42 1
35 3 1
36 4 1
36 26 1
36 27 1
36 39 1
37 35 1
38 40 1
39 32 1
39 38 1
40 3 1
41 35 1
41 37 1
42 7 1
42 38 1
43 4 1
43 35 1
44 37 1
45 25 1
45 36 1
