1 3 1
3 37 1
4 23 1
5 24 1
6 24 1
7 45 1
8 1 1
8 4 1
8 7 1
8 9 1
8 20 1
8 21 1
8 22 1
8 23 1
8 24 1
8 25 1
8 27 1
8 36 1
8 38 1
8 40 1
8 42 1
9 5 1
9 7 1
9 16 1
9 23 1
9 25 1
9 29 1
9 32 1
9 33 1
9 42 1
9 44 1
10 2 1
10 7 1
10 14 1
10 16 1
10 21 1
10 23 1
10 24 1
10 29 1
10 34 1
10 36 1
10 39 1
11 2 1
11 16 1
11 32 1
11 37 1
11 43 1
12 4 1
12 22 1
12 33 1
12 35 1
12 37 1
12 38 1
13 2 1
13 25 1
13 34 1
13 38 1
13 41 1
14 3 1
14 21 1
14 22 1
14 24 1
14 28 1
14 35 1
14 42 1
15 23 1
15 26 1
15 28 1
15 35 1
15 36 1
15 38 1
15 39 1
15 43 1
16 1 1
16 2 1
16 4 1
16 5 1
16 6 1
16 7 1
16 12 1
16 15 1
16 21 1
16 24 1
16 25 1
16 26 1
16 27 1
16 28 1
16 32 1
16 33 1
16 35 1
16 36 1
16 38 1
16 39 1
16 42 1
16 44 1
17 33 1
17 41 1
18 22 1
19 37 1
20 1 1
20 3 1
20 4 1
20 7 1
20 13 1
20 16 1
20 21 1
20 24 1
20 25 1
20 26 1
20 28 1
20 29 1
20 32 1
20 33 1
20 36 1
20 37 1
20 38 1
20 39 1
20 44 1
21 26 1
21 39 1
22 1 1
22 3 1
22 4 1
22 7 1
22 20 1
22 26 1
22 29 1
22 33 1
22 35 1
22 38 1
23 6 1
23 34 1
23 35 1
23 36 1
23 39 1
24 1 1
24 3 1
24 4 1
24 21 1
24 26 1
24 27 1
24 34 1
24 35 1
24 42 1
24 43 1
24 45 1
25 21 1
25 36 1
25 37 1
25 39 1
25 44 1
26 4 1
26 35 1
26 36 1
26 37 1
26 45 1
27 1 1
27 3 1
27 4 1
27 7 1
28 7 1
28 35 1
28 37 1
29 2 1
29 11 1
29 21 1
29 32 1
29 38 1
29 39 1
29 42 1
29 45 1
30 16 1
30 20 1
30 22 1
30 29 1
30 36 1
30 42 1
30 44 1
31 3 1
31 4 1
31 5 1
31 7 1
31 20 1
31 21 1
31 22 1
31 24 1
31 25 1
31 26 1
31 42 1
32 26 1
32 42 1
33 1 1
33 4 1
33 21 1
33 27 1
33 35 1
33 37 1
33 41 1
34 2 1
34 3 1
34 22 1
34 26 1
34 27 1
34 38 1
34 45 1
35 44 1
36 1 1
36 27 1
36 33 1
36 39 1
37 4 1
38 7 1
39 32 1
39 35 1
40 38 1
41 3 1
41 42 1
42 1 1
42 7 1
43 22 1
43 33 1
44 41 1
45 1 1
45 36 1
