1 6 1
3 42 1
4 37 1
5 45 1
6 33 1
7 37 1
8 1 1
8 4 1
8 12 1
8 14 1
8 22 1
8 23 1
8 26 1
8 32 1
8 33 1
8 35 1
8 36 1
8 38 1
8 42 1
8 44 1
8 45 1
9 1 1
9 6 1
9 7 1
9 11 1
9 22 1
9 23 1
9 24 1
9 27 1
9 34 1
9 43 1
10 3 1
10 4 1
10 15 1
10 16 1
10 23 1
10 24 1
10 26 1
10 27 1
10 32 1
10 36 1
10 44 1
11 1 1
11 21 1
11 22 1
11 26 1
11 36 1
12 1 1
12 2 1
12 20 1
12 25 1
12 27 1
12 39 1
13 2 1
13 7 1
13 21 1
13 22 1
13 45 1
14 4 1
14 16 1
14 20 1
14 26 1
14 29 1
14 36 1
14 37 1
15 7 1
15 16 1
15 22 1
15 25 1
15 34 1
15 36 1
15 38 1
15 42 1
16 1 1
16 2 1
16 3 1
16 4 1
16 5 1
16 7 1
16 20 1
16 22 1
16 23 1
16 24 1
16 25 1
16 26 1
16 27 1
16 28 1
16 29 1
16 33 1
16 35 1
16 36 1
16 37 1
16 39 1
16 41 1
16 42 1
17 43 1
17 44 1
18 33 1
19 20 1
20 1 1
20 3 1
20 4 1
20 7 1
20 21 1
20 22 1
20 24 1
20 25 1
20 26 1
20 27 1
20 29 1
20 32 1
20 33 1
20 34 1
20 35 1
20 37 1
20 38 1
20 39 1
20 45 1
21 7 1
21 35 1
22 2 1
22 3 1
22 4 1
22 5 1
22 21 1
22 28 1
22 29 1
22 32 1
22 37 1
22 42 1
23 2 1
23 24 1
23 29 1
23 38 1
23 39 1
24 3 1
24 4 1
24 7 1
24 26 1
24 33 1
24 35 1
24 36 1
24 37 1
24 38 1
24 39 1
24 44 1
25 28 1
25 32 1
25 39 1
25 40 1
25 42 1
26 2 1
26 4 1
26 7 1
26 21 1
26 27 1
27 22 1
27 25 1
27 34 1
27 36 1
28 3 1
28 21 1
28 45 1
29 1 1
29 4 1
29 7 1
29 21 1
29 26 1
29 33 1
29 38 1
29 42 1
30 5 1
30 9 1
30 16 1
30 21 1
30 23 1
30 35 1
30 38 1
31 4 1
31 16 1
31 24 1
31 25 1
31 28 1
31 33 1
31 35 1
31 37 1
31 38 1
31 39 1
31 42 1
32 3 1
32 41 1
33 7 1
33 13 1
33 35 1
33 36 1
33 38 1
33 42 1
33 43 1
34 1 1
34 24 1
34 37 1
34 38 1
34 39 1
34 42 1
34 44 1
35 41 1
36 4 1
36 7 1
36 21 1
36 32 1
37 39 1
38 44 1
39 21 1
39 41 1
40 26 1
41 1 1
41 3 1
42 35 1
42 36 1
43 1 1
43 35 1
44 3 1
45 24 1
45 35 1
