1 42 1
3 21 1
4 35 1
5 25 1
6 24 1
7 38 1
8 1 1
8 3 1
8 4 1
8 16 1
8 20 1
8 22 1
8 23 1
8 24 1
8 26 1
8 27 1
8 28 1
8 32 1
8 35 1
8 43 1
8 44 1
9 2 1
9 3 1
9 4 1
9 6 1
9 12 1
9 24 1
9 25 1
9 39 1
9 41 1
9 45 1
10 3 1
10 4 1
10 7 1
10 20 1
10 23 1
10 24 1
10 34 1
10 36 1
10 37 1
10 38 1
10 39 1
11 27 1
11 36 1
11 38 1
11 39 1
11 42 1
12 1 1
12 2 1
12 21 1
12 29 1
12 34 1
12 39 1
13 1 1
13 16 1
13 21 1
13 27 1
13 37 1
14 7 1
14 16 1
14 21 1
14 27 1
14 33 1
14 37 1
14 45 1
15 3 1
15 22 1
15 23 1
15 32 1
15 35 1
15 36 1
15 42 1
15 45 1
16 3 1
16 4 1
16 7 1
16 9 1
16 15 1
16 20 1
16 21 1
16 22 1
16 23 1
16 24 1
16 26 1
16 27 1
16 32 1
16 33 1
16 35 1
16 36 1
16 38 1
16 39 1
16 40 1
16 42 1
16 44 1
16 45 1
17 21 1
17 22 1
18 7 1
19 24 1
20 1 1
20 2 1
20 4 1
20 7 1
20 21 1
20 22 1
20 23 1
20 24 1
20 25 1
20 26 1
20 29 1
20 33 1
20 35 1
20 36 1
20 37 1
20 38 1
20 39 1
20 43 1
20 44 1
21 7 1
21 35 1
22 1 1
22 4 1
22 6 1
22 24 1
22 28 1
22 33 1
22 35 1
22 37 1
22 39 1
22 44 1
23 7 1
23 11 1
23 21 1
23 25 1
23 33 1
24 5 1
24 7 1
24 25 1
24 29 1
24 32 1
24 33 1
24 36 1
24 38 1
24 39 1
24 42 1
24 44 1
25 7 1
25 13 1
25 21 1
25 35 1
25 38 1
26 1 1
26 7 1
26 25 1
26 37 1
26 42 1
27 21 1
27 22 1
27 26 1
27 37 1
28 3 1
28 4 1
28 33 1
29 1 1
29 3 1
29 26 1
29 28 1
29 34 1
29 35 1
29 38 1
29 44 1
30 2 1
30 7 1
30 14 1
30 16 1
30 29 1
30 32 1
30 34 1
31 1 1
31 3 1
31 20 1
31 22 1
31 26 1
31 28 1
31 32 1
31 36 1
31 37 1
31 39 1
31 41 1
32 42 1
32 43 1
33 2 1
33 4 1
33 5 1
33 26 1
33 38 1
33 41 1
33 42 1
34 1 1
34 16 1
34 22 1
34 26 1
34 27 1
34 33 1
34 36 1
35 2 1
36 1 1
36 4 1
36 5 1
36 42 1
37 4 1
38 42 1
39 26 1
39 29 1
40 3 1
41 37 1
41 45 1
42 4 1
42 41 1
43 35 1
43 38 1
44 36 1
45 35 1
45 36 1
