1 7 1
3 7 1
4 37 1
5 38 1
6 1 1
7 4 1
8 3 1
8 6 1
8 13 1
8 20 1
8 21 1
8 22 1
8 26 1
8 28 1
8 32 1
8 33 1
8 35 1
8 37 1
8 38 1
8 39 1
8 42 1
9 3 1
9 12 1
9 21 1
9 22 1
9 24 1
9 29 1
9 33 1
9 35 1
9 43 1
9 45 1
10 4 1
10 14 1
10 22 1
10 24 1
10 26 1
10 32 1
10 35 1
10 36 1
10 41 1
10 42 1
10 45 1
11 1 1
11 7 1
11 16 1
11 20 1
11 33 1
12 21 1
12 26 1
12 33 1
12 35 1
12 36 1
12 37 1
13 2 1
13 4 1
13 16 1
13 26 1
13 34 1
14 1 1
14 3 1
14 16 1
14 22 1
14 32 1
14 34 1
14 39 1
15 2 1
15 5 1
15 21 1
15 25 1
15 26 1
15 27 1
15 38 1
15 42 1
16 1 1
16 3 1
16 4 1
16 6 1
16 7 1
16 9 1
16 23 1
16 24 1
16 25 1
16 26 1
16 27 1
16 32 1
16 33 1
16 34 1
16 35 1
16 36 1
16 37 1
16 39 1
16 40 1
16 42 1
16 43 1
16 44 1
17 21 1
17 36 1
18 20 1
19 21 1
20 1 1
20 3 1
20 4 1
20 7 1
20 16 1
20 21 1
20 23 1
20 24 1
20 25 1
20 26 1
20 27 1
20 29 1
20 34 1
20 35 1
20 36 1
20 37 1
20 38 1
20 39 1
20 42 1
21 35 1
21 44 1
22 4 1
22 5 1
22 7 1
22 11 1
22 21 1
22 32 1
22 35 1
22 38 1
22 39 1
22 42 1
23 2 1
23 5 1
23 22 1
23 37 1
23 45 1
24 1 1
24 3 1
24 4 1
24 7 1
24 21 1
24 22 1
24 23 1
24 26 1
24 35 1
24 36 1
24 38 1
25 24 1
25 38 1
25 39 1
25 41 1
25 43 1
26 2 1
26 4 1
26 33 1
26 39 1
26 42 1
27 1 1
27 25 1
27 39 1
27 42 1
28 27 1
28 29 1
28 38 1
29 1 1
29 7 1
29 24 1
29 25 1
29 26 1
29 36 1
29 37 1
29 41 1
30 16 1
30 23 1
30 28 1
30 38 1
30 39 1
30 44 1
30 45 1
31 3 1
31 7 1
31 20 1
31 21 1
31 22 1
31 24 1
31 29 1
31 33 1
31 35 1
31 36 1
31 41 1
32 25 1
32 42 1
33 23 1
33 27 1
33 28 1
33 32 1
33 36 1
33 37 1
33 38 1
34 4 1
34 15 1
34 27 1
34 29 1
34 33 1
34 36 1
34 44 1
35 45 1
36 1 1
36 2 1
36 3 1
36 4 1
37 42 1
38 35 1
39 4 1
39 37 1
40 3 1
41 1 1
41 24 1
42 7 1
42 44 1
43 22 1
43 44 1
44 28 1
45 2 1
45 7 1
