1 27 1
3 43 1
4 35 1
5 7 1
6 2 1
7 32 1
8 1 1
8 3 1
8 4 1
8 7 1
8 15 1
8 21 1
8 22 1
8 24 1
8 26 1
8 27 1
8 33 1
8 34 1
8 39 1
8 42 1
8 44 1
9 3 1
9 7 1
9 16 1
9 20 1
9 21 1
9 23 1
9 24 1
9 33 1
9 34 1
9 42 1
10 5 1
10 16 1
10 20 1
10 21 1
10 26 1
10 28 1
10 32 1
10 33 1
10 36 1
10 38 1
10 42 1
11 26 1
11 28 1
11 32 1
11 36 1
11 45 1
12 1 1
12 4 1
12 20 1
12 22 1
12 27 1
12 38 1
13 2 1
13 24 1
13 28 1
13 29 1
13 32 1
14 5 1
14 24 1
14 26 1
14 29 1
14 34 1
14 37 1
14 43 1
15 4 1
15 20 1
15 22 1
15 26 1
15 33 1
15 35 1
15 39 1
15 41 1
16 1 1
16 3 1
16 4 1
16 6 1
16 7 1
16 14 1
16 22 1
16 23 1
16 24 1
16 25 1
16 26 1
16 27 1
16 28 1
16 29 1
16 32 1
16 34 1
16 35 1
16 36 1
16 37 1
16 38 1
16 42 1
16 45 1
17 24 1
17 41 1
18 33 1
19 21 1
20 1 1
20 3 1
20 4 1
20 7 1
20 11 1
20 16 1
20 21 1
20 22 1
20 23 1
20 24 1
20 25 1
20 26 1
20 29 1
20 35 1
20 36 1
20 37 1
20 38 1
20 41 1
20 45 1
21 26 1
21 42 1
22 3 1
22 4 1
22 7 1
22 23 1
22 24 1
22 25 1
22 36 1
22 39 1
22 42 1
22 44 1
23 4 1
23 7 1
23 26 1
23 27 1
23 38 1
24 2 1
24 6 1
24 7 1
24 21 1
24 33 1
24 35 1
24 36 1
24 38 1
24 39 1
24 40 1
24 42 1
25 4 1
25 21 1
25 39 1
25 43 1
25 45 1
26 2 1
26 27 1
26 33 1
26 41 1
26 42 1
27 2 1
27 3 1
27 39 1
27 44 1
28 4 1
28 37 1
28 44 1
29 1 1
29 21 1
29 25 1
29 36 1
29 37 1
29 38 1
29 39 1
29 42 1
30 1 1
30 3 1
30 16 1
30 22 1
30 35 1
30 37 1
30 39 1
31 4 1
31 7 1
31 9 1
31 16 1
31 21 1
31 22 1
31 23 1
31 33 1
31 37 1
31 38 1
31 39 1
32 1 1
32 3 1
33 4 1
33 7 1
33 25 1
33 35 1
33 36 1
33 37 1
33 44 1
34 1 1
34 2 1
34 22 1
34 29 1
34 35 1
34 44 1
34 45 1
35 1 1
36 1 1
36 7 1
36 35 1
36 38 1
37 25 1
38 35 1
39 5 1
39 36 1
40 12 1
41 13 1
41 42 1
42 3 1
42 32 1
43 35 1
43 36 1
44 37 1
45 21 1
45 38 1
