1 38 1
3 35 1
4 3 1
5 22 1
6 4 1
7 45 1
8 1 1
8 4 1
8 13 1
8 16 1
8 20 1
8 21 1
8 22 1
8 23 1
8 25 1
8 29 1
8 32 1
8 37 1
8 38 1
8 39 1
8 42 1
9 11 1
9 25 1
9 27 1
9 29 1
9 32 1
9 33 1
9 36 1
9 39 1
9 42 1
9 45 1
10 3 1
10 4 1
10 9 1
10 16 1
10 22 1
10 27 1
10 33 1
10 34 1
10 35 1
10 39 1
10 41 1
11 16 1
11 24 1
11 26 1
11 35 1
11 45 1
12 1 1
12 7 1
12 14 1
12 20 1
12 41 1
12 42 1
13 5 1
13 12 1
13 23 1
13 26 1
13 36 1
14 7 1
14 16 1
14 21 1
14 27 1
14 33 1
14 36 1
14 37 1
15 3 1
15 4 1
15 5 1
15 7 1
15 22 1
15 24 1
15 36 1
15 38 1
16 1 1
16 2 1
16 3 1
16 4 1
16 5 1
16 7 1
16 15 1
16 20 1
16 21 1
16 22 1
16 24 1
16 26 1
16 27 1
16 28 1
16 32 1
16 33 1
16 35 1
16 36 1
16 37 1
16 38 1
16 39 1
16 42 1
17 22 1
17 36 1
18 38 1
19 1 1
20 1 1
20 2 1
20 4 1
20 6 1
20 7 1
20 24 1
20 26 1
20 29 1
20 33 1
20 34 1
20 36 1
20 37 1
20 38 1
20 39 1
20 41 1
20 42 1
20 43 1
20 44 1
20 45 1
21 4 1
21 7 1
22 3 1
22 7 1
22 21 1
22 24 1
22 26 1
22 34 1
22 35 1
22 36 1
22 39 1
22 41 1
23 1 1
23 3 1
23 21 1
23 37 1
23 44 1
24 1 1
24 2 1
24 4 1
24 21 1
24 25 1
24 28 1
24 32 1
24 36 1
24 37 1
24 38 1
24 40 1
25 4 1
25 7 1
25 23 1
25 35 1
25 44 1
26 25 1
26 28 1
26 32 1
26 37 1
26 39 1
27 3 1
27 22 1
27 35 1
27 45 1
28 25 1
28 27 1
28 35 1
29 2 1
29 4 1
29 7 1
29 24 1
29 25 1
29 26 1
29 32 1
29 43 1
30 16 1
30 24 1
30 27 1
30 28 1
30 33 1
30 39 1
30 44 1
31 3 1
31 20 1
31 21 1
31 22 1
31 26 1
31 29 1
31 33 1
31 35 1
31 38 1
31 42 1
31 44 1
32 1 1
32 42 1
33 23 1
33 26 1
33 34 1
33 38 1
33 39 1
33 43 1
33 44 1
34 2 1
34 3 1
34 4 1
34 24 1
34 35 1
34 36 1
34 42 1
35 1 1
36 7 1
36 35 1
36 37 1
36 42 1
37 42 1
38 2 1
39 1 1
39 21 1
40 21 1
41 21 1
41 29 1
42 6 1
42 38 1
43 26 1
43 37 1
44 7 1
45 23 1
45 33 1
