1 5 1
3 26 1
4 7 1
5 24 1
6 7 1
7 43 1
8 1 1
8 3 1
8 5 1
8 15 1
8 20 1
8 24 1
8 26 1
8 27 1
8 28 1
8 32 1
8 34 1
8 36 1
8 38 1
8 41 1
8 44 1
9 1 1
9 13 1
9 22 1
9 24 1
9 25 1
9 33 1
9 35 1
9 37 1
9 38 1
9 42 1
10 4 1
10 16 1
10 24 1
10 26 1
10 29 1
10 32 1
10 33 1
10 36 1
10 39 1
10 43 1
10 44 1
11 3 1
11 14 1
11 21 1
11 24 1
11 33 1
12 2 1
12 4 1
12 7 1
12 22 1
12 26 1
12 39 1
13 21 1
13 32 1
13 35 1
13 37 1
13 44 1
14 3 1
14 7 1
14 21 1
14 23 1
14 33 1
14 36 1
14 38 1
15 1 1
15 3 1
15 6 1
15 16 1
15 22 1
15 28 1
15 33 1
15 36 1
16 1 1
16 3 1
16 4 1
16 5 1
16 7 1
16 9 1
16 21 1
16 22 1
16 24 1
16 25 1
16 26 1
16 27 1
16 32 1
16 33 1
16 36 1
16 37 1
16 38 1
16 39 1
16 40 1
16 41 1
16 44 1
16 45 1
17 22 1
17 34 1
18 39 1
19 16 1
20 1 1
20 2 1
20 3 1
20 4 1
20 7 1
20 21 1
20 22 1
20 25 1
20 26 1
20 27 1
20 28 1
20 32 1
20 34 1
20 35 1
20 36 1
20 37 1
20 39 1
20 41 1
20 42 1
21 3 1
21 42 1
22 1 1
22 4 1
22 7 1
22 21 1
22 26 1
22 35 1
22 37 1
22 38 1
22 42 1
22 45 1
23 3 1
23 20 1
23 21 1
23 35 1
23 42 1
24 4 1
24 7 1
24 20 1
24 23 1
24 25 1
24 27 1
24 29 1
24 35 1
24 36 1
24 42 1
24 43 1
25 1 1
25 22 1
25 28 1
25 37 1
25 39 1
26 2 1
26 7 1
26 38 1
26 42 1
26 44 1
27 1 1
27 4 1
27 37 1
27 39 1
28 35 1
28 38 1
28 45 1
29 1 1
29 4 1
29 20 1
29 22 1
29 23 1
29 27 1
29 34 1
29 35 1
30 1 1
30 4 1
30 16 1
30 29 1
30 38 1
30 42 1
30 44 1
31 4 1
31 7 1
31 12 1
31 16 1
31 24 1
31 25 1
31 27 1
31 33 1
31 35 1
31 36 1
31 37 1
32 11 1
32 21 1
33 3 1
33 21 1
33 23 1
33 24 1
33 29 1
33 36 1
33 45 1
34 2 1
34 21 1
34 25 1
34 26 1
34 37 1
34 38 1
34 42 1
35 36 1
36 6 1
36 26 1
36 41 1
36 42 1
37 2 1
38 32 1
39 33 1
39 35 1
40 23 1
41 38 1
41 39 1
42 4 1
42 45 1
43 2 1
43 39 1
44 29 1
45 7 1
45 35 1
