1 2 1
3 35 1
4 35 1
5 37 1
6 36 1
7 26 1
8 4 1
8 13 1
8 16 1
8 20 1
8 21 1
8 22 1
8 26 1
8 28 1
8 29 1
8 38 1
8 39 1
8 41 1
8 42 1
8 44 1
8 45 1
9 4 1
9 7 1
9 12 1
9 22 1
9 24 1
9 32 1
9 36 1
9 38 1
9 39 1
9 44 1
10 1 1
10 3 1
10 4 1
10 7 1
10 16 1
10 22 1
10 23 1
10 24 1
10 29 1
10 34 1
10 42 1
11 7 1
11 21 1
11 25 1
11 36 1
11 45 1
12 1 1
12 20 1
12 21 1
12 37 1
12 39 1
12 40 1
13 2 1
13 20 1
13 24 1
13 41 1
13 43 1
14 1 1
14 2 1
14 21 1
14 22 1
14 24 1
14 25 1
14 29 1
15 3 1
15 4 1
15 5 1
15 6 1
15 14 1
15 16 1
15 25 1
15 39 1
16 1 1
16 3 1
16 4 1
16 7 1
16 9 1
16 20 1
16 22 1
16 23 1
16 24 1
16 25 1
16 26 1
16 27 1
16 28 1
16 32 1
16 33 1
16 35 1
16 38 1
16 39 1
16 41 1
16 42 1
16 44 1
16 45 1
17 15 1
17 29 1
18 7 1
19 27 1
20 1 1
20 2 1
20 3 1
20 4 1
20 5 1
20 7 1
20 21 1
20 22 1
20 23 1
20 25 1
20 26 1
20 27 1
20 29 1
20 32 1
20 33 1
20 35 1
20 36 1
20 37 1
20 42 1
21 7 1
21 33 1
22 4 1
22 11 1
22 21 1
22 23 1
22 24 1
22 27 1
22 32 1
22 35 1
22 37 1
22 41 1
23 1 1
23 4 1
23 21 1
23 24 1
23 35 1
24 1 1
24 3 1
24 21 1
24 28 1
24 32 1
24 33 1
24 35 1
24 36 1
24 38 1
24 39 1
24 45 1
25 4 1
25 5 1
25 23 1
25 36 1
25 38 1
26 1 1
26 2 1
26 35 1
26 37 1
26 43 1
27 7 1
27 26 1
27 38 1
27 42 1
28 26 1
28 35 1
28 42 1
29 1 1
29 22 1
29 24 1
29 34 1
29 35 1
29 36 1
29 37 1
29 44 1
30 4 1
30 7 1
30 16 1
30 21 1
30 34 1
30 36 1
30 42 1
31 2 1
31 7 1
31 22 1
31 26 1
31 28 1
31 32 1
31 33 1
31 34 1
31 36 1
31 38 1
31 42 1
32 25 1
32 33 1
33 1 1
33 3 1
33 7 1
33 27 1
33 37 1
33 39 1
33 42 1
34 3 1
34 16 1
34 26 1
34 27 1
34 37 1
34 38 1
34 39 1
35 6 1
36 37 1
36 38 1
36 44 1
36 45 1
37 42 1
38 26 1
39 3 1
39 36 1
40 33 1
41 33 1
41 39 1
42 35 1
42 38 1
43 4 1
43 21 1
44 43 1
45 3 1
45 44 1
