1 38 1
3 33 1
4 39 1
5 3 1
6 21 1
7 4 1
8 2 1
8 3 1
8 4 1
8 7 1
8 13 1
8 16 1
8 20 1
8 21 1
8 23 1
8 26 1
8 29 1
8 32 1
8 33 1
8 35 1
8 38 1
9 5 1
9 12 1
9 16 1
9 24 1
9 26 1
9 28 1
9 35 1
9 38 1
9 39 1
9 42 1
10 1 1
10 4 1
10 5 1
10 9 1
10 21 1
10 22 1
10 24 1
10 25 1
10 32 1
10 43 1
10 44 1
11 7 1
11 20 1
11 32 1
11 37 1
11 38 1
12 1 1
12 2 1
12 3 1
12 4 1
12 24 1
12 35 1
13 20 1
13 22 1
13 26 1
13 36 1
13 45 1
14 1 1
14 3 1
14 24 1
14 29 1
14 34 1
14 36 1
14 44 1
15 1 1
15 2 1
15 20 1
15 29 1
15 34 1
15 35 1
15 38 1
15 42 1
16 1 1
16 2 1
16 3 1
16 4 1
16 7 1
16 14 1
16 22 1
16 23 1
16 24 1
16 26 1
16 29 1
16 32 1
16 34 1
16 35 1
16 36 1
16 37 1
16 38 1
16 39 1
16 40 1
16 42 1
16 43 1
16 44 1
17 7 1
17 27 1
18 26 1
19 22 1
20 1 1
20 3 1
20 7 1
20 16 1
20 21 1
20 22 1
20 24 1
20 25 1
20 26 1
20 27 1
20 29 1
20 32 1
20 33 1
20 35 1
20 37 1
20 39 1
20 41 1
20 42 1
20 45 1
21 28 1
21 37 1
22 3 1
22 4 1
22 6 1
22 21 1
22 25 1
22 36 1
22 38 1
22 39 1
22 42 1
22 45 1
23 4 1
23 21 1
23 22 1
23 27 1
23 33 1
24 1 1
24 4 1
24 21 1
24 27 1
24 33 1
24 35 1
24 36 1
24 38 1
24 42 1
24 43 1
24 45 1
25 7 1
25 36 1
25 39 1
25 41 1
25 42 1
26 1 1
26 2 1
26 7 1
26 25 1
26 41 1
27 1 1
27 5 1
27 37 1
27 44 1
28 2 1
28 7 1
28 16 1
29 3 1
29 23 1
29 24 1
29 27 1
29 33 1
29 36 1
29 38 1
29 39 1
30 4 1
30 7 1
30 15 1
30 26 1
30 28 1
30 33 1
30 39 1
31 3 1
31 16 1
31 21 1
31 23 1
31 24 1
31 25 1
31 33 1
31 34 1
31 36 1
31 37 1
31 41 1
32 4 1
32 22 1
33 21 1
33 27 1
33 32 1
33 35 1
33 36 1
33 39 1
33 42 1
34 1 1
34 6 1
34 7 1
34 22 1
34 23 1
34 26 1
34 35 1
35 44 1
36 7 1
36 11 1
36 35 1
36 44 1
37 45 1
38 35 1
39 21 1
39 42 1
40 37 1
41 28 1
41 42 1
42 36 1
42 37 1
43 4 1
43 38 1
44 37 1
45 25 1
45 26 1
