1 38 1
3 33 1
4 21 1
5 1 1
6 32 1
7 38 1
8 1 1
8 2 1
8 4 1
8 16 1
8 22 1
8 23 1
8 24 1
8 25 1
8 27 1
8 33 1
8 35 1
8 36 1
8 37 1
8 39 1
8 42 1
9 2 1
9 4 1
9 21 1
9 26 1
9 28 1
9 29 1
9 32 1
9 38 1
9 41 1
9 45 1
10 4 1
10 16 1
10 22 1
10 23 1
10 24 1
10 26 1
10 27 1
10 32 1
10 36 1
10 38 1
10 45 1
11 3 1
11 25 1
11 27 1
11 29 1
11 43 1
12 3 1
12 4 1
12 21 1
12 22 1
12 42 1
12 45 1
13 16 1
13 36 1
13 37 1
13 44 1
13 45 1
14 16 1
14 20 1
14 22 1
14 33 1
14 34 1
14 36 1
14 44 1
15 3 1
15 4 1
15 23 1
15 24 1
15 25 1
15 29 1
15 35 1
15 39 1
16 2 1
16 3 1
16 4 1
16 7 1
16 12 1
16 15 1
16 21 1
16 23 1
16 24 1
16 25 1
16 26 1
16 27 1
16 28 1
16 33 1
16 34 1
16 35 1
16 36 1
16 37 1
16 41 1
16 42 1
16 43 1
16 44 1
17 37 1
17 42 1
18 26 1
19 32 1
20 1 1
20 2 1
20 3 1
20 4 1
20 5 1
20 7 1
20 21 1
20 26 1
20 29 1
20 32 1
20 33 1
20 34 1
20 36 1
20 37 1
20 38 1
20 39 1
20 40 1
20 41 1
20 42 1
21 7 1
21 39 1
22 3 1
22 20 1
22 24 1
22 29 1
22 33 1
22 35 1
22 36 1
22 38 1
22 39 1
22 42 1
23 1 1
23 3 1
23 25 1
23 26 1
23 39 1
24 1 1
24 3 1
24 7 1
24 20 1
24 21 1
24 28 1
24 33 1
24 37 1
24 38 1
24 42 1
24 44 1
25 1 1
25 3 1
25 22 1
25 24 1
25 27 1
26 25 1
26 32 1
26 35 1
26 38 1
26 39 1
27 7 1
27 24 1
27 38 1
27 44 1
28 6 1
28 20 1
28 35 1
29 1 1
29 7 1
29 21 1
29 23 1
29 26 1
29 35 1
29 36 1
29 42 1
30 1 1
30 4 1
30 16 1
30 22 1
30 28 1
30 38 1
30 39 1
31 11 1
31 13 1
31 14 1
31 22 1
31 27 1
31 33 1
31 34 1
31 35 1
31 37 1
31 39 1
31 44 1
32 2 1
32 7 1
33 5 1
33 6 1
33 21 1
33 26 1
33 36 1
33 37 1
33 42 1
34 4 1
34 7 1
34 9 1
34 21 1
34 35 1
34 43 1
34 45 1
35 1 1
36 1 1
36 5 1
36 21 1
36 35 1
37 42 1
38 37 1
39 7 1
39 35 1
40 4 1
41 4 1
41 7 1
42 2 1
42 36 1
43 24 1
43 26 1
44 7 1
45 22 1
45 41 1
