1 7 1
3 45 1
4 1 1
5 16 1
6 26 1
7 42 1
8 3 1
8 16 1
8 21 1
8 22 1
8 23 1
8 24 1
8 25 1
8 27 1
8 29 1
8 32 1
8 33 1
8 35 1
8 36 1
8 38 1
8 45 1
9 1 1
9 2 1
9 7 1
9 20 1
9 21 1
9 24 1
9 27 1
9 33 1
9 39 1
9 41 1
10 7 1
10 11 1
10 12 1
10 16 1
10 20 1
10 22 1
10 23 1
10 33 1
10 38 1
10 41 1
10 45 1
11 21 1
11 32 1
11 33 1
11 36 1
11 38 1
12 5 1
12 7 1
12 16 1
12 20 1
12 25 1
12 44 1
13 1 1
13 4 1
13 27 1
13 33 1
13 42 1
14 3 1
14 4 1
14 22 1
14 23 1
14 29 1
14 44 1
14 45 1
15 2 1
15 3 1
15 26 1
15 28 1
15 35 1
15 36 1
15 37 1
15 43 1
16 2 1
16 3 1
16 4 1
16 7 1
16 14 1
16 21 1
16 22 1
16 24 1
16 25 1
16 27 1
16 29 1
16 34 1
16 35 1
16 36 1
16 37 1
16 38 1
16 39 1
16 41 1
16 42 1
16 43 1
16 44 1
16 45 1
17 3 1
17 7 1
18 3 1
19 42 1
20 1 1
20 2 1
20 6 1
20 7 1
20 15 1
20 21 1
20 22 1
20 24 1
20 26 1
20 27 1
20 28 1
20 32 1
20 33 1
20 35 1
20 36 1
20 37 1
20 38 1
20 42 1
20 43 1
21 35 1
21 37 1
22 1 1
22 4 1
22 21 1
22 23 1
22 26 1
22 32 1
22 34 1
22 35 1
22 42 1
22 44 1
23 3 1
23 5 1
23 13 1
23 24 1
23 25 1
24 2 1
24 3 1
24 6 1
24 21 1
24 26 1
24 28 1
24 37 1
24 38 1
24 39 1
24 42 1
24 44 1
25 3 1
25 37 1
25 38 1
25 39 1
25 42 1
26 4 1
26 7 1
26 25 1
26 36 1
26 40 1
27 21 1
27 29 1
27 33 1
27 39 1
28 22 1
28 35 1
28 39 1
29 1 1
29 7 1
29 22 1
29 26 1
29 34 1
29 36 1
29 38 1
29 42 1
30 4 1
30 16 1
30 20 1
30 26 1
30 27 1
30 36 1
30 37 1
31 1 1
31 4 1
31 9 1
31 21 1
31 22 1
31 23 1
31 26 1
31 35 1
31 36 1
31 39 1
31 42 1
32 5 1
32 24 1
33 1 1
33 7 1
33 24 1
33 25 1
33 28 1
33 32 1
33 38 1
34 4 1
34 24 1
34 35 1
34 37 1
34 38 1
34 41 1
34 44 1
35 39 1
36 4 1
36 32 1
36 34 1
36 35 1
37 4 1
38 37 1
39 2 1
39 29 1
40 1 1
41 7 1
41 33 1
42 4 1
42 35 1
43 1 1
43 36 1
44 21 1
45 26 1
45 39 1
