1 4 1
3 38 1
4 37 1
5 38 1
6 41 1
7 26 1
8 4 1
8 7 1
8 9 1
8 23 1
8 24 1
8 25 1
8 26 1
8 27 1
8 28 1
8 32 1
8 33 1
8 35 1
8 38 1
8 39 1
8 43 1
9 3 1
9 7 1
9 13 1
9 23 1
9 25 1
9 27 1
9 33 1
9 34 1
9 35 1
9 38 1
10 3 1
10 7 1
10 16 1
10 21 1
10 22 1
10 24 1
10 29 1
10 33 1
10 34 1
10 35 1
10 43 1
11 1 1
11 3 1
11 20 1
11 21 1
11 35 1
12 1 1
12 6 1
12 7 1
12 38 1
12 39 1
12 44 1
13 16 1
13 21 1
13 29 1
13 37 1
13 42 1
14 2 1
14 16 1
14 20 1
14 23 1
14 26 1
14 27 1
14 35 1
15 14 1
15 20 1
15 25 1
15 27 1
15 32 1
15 33 1
15 41 1
15 44 1
16 2 1
16 3 1
16 4 1
16 5 1
16 6 1
16 7 1
16 21 1
16 22 1
16 24 1
16 25 1
16 26 1
16 28 1
16 29 1
16 33 1
16 34 1
16 36 1
16 37 1
16 38 1
16 41 1
16 42 1
16 44 1
16 45 1
17 3 1
17 20 1
18 34 1
19 32 1
20 1 1
20 2 1
20 3 1
20 12 1
20 16 1
20 21 1
20 22 1
20 23 1
20 24 1
20 26 1
20 28 1
20 29 1
20 32 1
20 33 1
20 35 1
20 37 1
20 38 1
20 39 1
20 42 1
21 4 1
21 36 1
22 2 1
22 4 1
22 7 1
22 21 1
22 35 1
22 36 1
22 37 1
22 38 1
22 41 1
22 42 1
23 1 1
23 4 1
23 22 1
23 26 1
23 37 1
24 1 1
24 2 1
24 3 1
24 4 1
24 21 1
24 29 1
24 32 1
24 36 1
24 39 1
24 42 1
24 43 1
25 1 1
25 7 1
25 27 1
25 36 1
25 39 1
26 1 1
26 4 1
26 5 1
26 36 1
26 42 1
27 21 1
27 26 1
27 36 1
27 45 1
28 7 1
28 22 1
28 24 1
29 4 1
29 7 1
29 21 1
29 33 1
29 35 1
29 37 1
29 39 1
29 42 1
30 2 1
30 16 1
30 22 1
30 23 1
30 24 1
30 35 1
30 39 1
31 15 1
31 21 1
31 24 1
31 25 1
31 26 1
31 27 1
31 32 1
31 33 1
31 37 1
31 39 1
31 45 1
32 4 1
32 25 1
33 1 1
33 7 1
33 22 1
33 38 1
33 42 1
33 44 1
33 45 1
34 1 1
34 22 1
34 24 1
34 35 1
34 36 1
34 39 1
34 40 1
35 7 1
36 3 1
36 4 1
36 38 1
36 42 1
37 5 1
38 42 1
39 1 1
39 45 1
40 26 1
41 36 1
41 44 1
42 37 1
42 44 1
43 11 1
43 36 1
44 3 1
45 28 1
45 35 1
