1 42 1
3 42 1
4 36 1
5 22 1
6 7 1
7 4 1
8 1 1
8 4 1
8 15 1
8 16 1
8 20 1
8 22 1
8 24 1
8 25 1
8 26 1
8 27 1
8 33 1
8 35 1
8 36 1
8 41 1
8 44 1
9 1 1
9 2 1
9 4 1
9 20 1
9 21 1
9 22 1
9 35 1
9 36 1
9 38 1
9 41 1
10 4 1
10 16 1
10 22 1
10 25 1
10 26 1
10 32 1
10 34 1
10 36 1
10 37 1
10 39 1
10 44 1
11 1 1
11 23 1
11 28 1
11 32 1
11 38 1
12 2 1
12 16 1
12 24 1
12 27 1
12 39 1
12 42 1
13 7 1
13 21 1
13 36 1
13 38 1
13 44 1
14 3 1
14 23 1
14 24 1
14 28 1
14 33 1
14 34 1
14 37 1
15 3 1
15 24 1
15 27 1
15 29 1
15 32 1
15 36 1
15 38 1
15 43 1
16 1 1
16 2 1
16 3 1
16 4 1
16 5 1
16 7 1
16 20 1
16 21 1
16 22 1
16 23 1
16 24 1
16 25 1
16 29 1
16 33 1
16 35 1
16 36 1
16 37 1
16 38 1
16 42 1
16 43 1
16 44 1
16 45 1
17 4 1
17 29 1
18 16 1
19 7 1
20 1 1
20 4 1
20 5 1
20 7 1
20 11 1
20 14 1
20 21 1
20 22 1
20 24 1
20 26 1
20 27 1
20 28 1
20 29 1
20 32 1
20 34 1
20 35 1
20 38 1
20 41 1
20 42 1
21 3 1
21 38 1
22 1 1
22 2 1
22 3 1
22 7 1
22 21 1
22 24 1
22 32 1
22 35 1
22 36 1
22 45 1
23 21 1
23 22 1
23 29 1
23 33 1
23 44 1
24 3 1
24 4 1
24 6 1
24 7 1
24 26 1
24 33 1
24 35 1
24 37 1
24 42 1
24 43 1
24 45 1
25 21 1
25 22 1
25 35 1
25 39 1
25 45 1
26 1 1
26 7 1
26 25 1
26 39 1
26 42 1
27 3 1
27 34 1
27 37 1
27 39 1
28 21 1
28 23 1
28 26 1
29 7 1
29 13 1
29 21 1
29 32 1
29 35 1
29 36 1
29 37 1
29 45 1
30 2 1
30 9 1
30 23 1
30 25 1
30 26 1
30 27 1
30 33 1
31 5 1
31 12 1
31 16 1
31 21 1
31 24 1
31 26 1
31 33 1
31 35 1
31 36 1
31 40 1
31 42 1
32 3 1
32 39 1
33 4 1
33 7 1
33 26 1
33 35 1
33 37 1
33 38 1
33 44 1
34 1 1
34 3 1
34 4 1
34 26 1
34 37 1
34 38 1
34 39 1
35 42 1
36 27 1
36 28 1
36 35 1
36 42 1
37 38 1
38 1 1
39 2 1
39 6 1
40 41 1
41 25 1
41 33 1
42 7 1
42 39 1
43 1 1
43 37 1
44 20 1
45 4 1
45 39 1
