1 7 1
3 33 1
4 7 1
5 34 1
6 7 1
7 42 1
8 1 1
8 3 1
8 4 1
8 7 1
8 11 1
8 12 1
8 16 1
8 21 1
8 25 1
8 26 1
8 27 1
8 32 1
8 36 1
8 37 1
8 38 1
9 7 1
9 14 1
9 20 1
9 27 1
9 29 1
9 32 1
9 33 1
9 38 1
9 43 1
9 44 1
10 1 1
10 7 1
10 16 1
10 20 1
10 22 1
10 24 1
10 33 1
10 34 1
10 36 1
10 37 1
10 42 1
11 1 1
11 3 1
11 21 1
11 24 1
11 26 1
12 2 1
12 4 1
12 9 1
12 25 1
12 26 1
12 28 1
13 4 1
13 22 1
13 29 1
13 37 1
13 39 1
14 3 1
14 4 1
14 16 1
14 20 1
14 26 1
14 37 1
14 45 1
15 1 1
15 21 1
15 23 1
15 24 1
15 27 1
15 37 1
15 40 1
15 42 1
16 1 1
16 2 1
16 3 1
16 4 1
16 5 1
16 7 1
16 22 1
16 24 1
16 25 1
16 27 1
16 28 1
16 29 1
16 32 1
16 33 1
16 35 1
16 36 1
16 37 1
16 38 1
16 39 1
16 42 1
16 44 1
16 45 1
17 34 1
17 42 1
18 3 1
19 41 1
20 3 1
20 4 1
20 6 1
20 7 1
20 16 1
20 21 1
20 22 1
20 23 1
20 24 1
20 26 1
20 27 1
20 33 1
20 35 1
20 36 1
20 38 1
20 39 1
20 41 1
20 42 1
20 43 1
21 35 1
21 39 1
22 1 1
22 4 1
22 5 1
22 23 1
22 25 1
22 26 1
22 32 1
22 36 1
22 39 1
22 42 1
23 2 1
23 21 1
23 24 1
23 38 1
23 41 1
24 3 1
24 4 1
24 6 1
24 21 1
24 26 1
24 35 1
24 37 1
24 38 1
24 42 1
24 44 1
24 45 1
25 1 1
25 3 1
25 32 1
25 36 1
25 37 1
26 1 1
26 4 1
26 33 1
26 35 1
26 36 1
27 5 1
27 22 1
27 36 1
27 37 1
28 1 1
28 29 1
28 35 1
29 1 1
29 2 1
29 4 1
29 7 1
29 15 1
29 26 1
29 36 1
29 43 1
30 3 1
30 22 1
30 24 1
30 25 1
30 35 1
30 38 1
30 45 1
31 16 1
31 21 1
31 22 1
31 24 1
31 27 1
31 33 1
31 35 1
31 38 1
31 42 1
31 44 1
31 45 1
32 28 1
32 29 1
33 7 1
33 13 1
33 21 1
33 23 1
33 35 1
33 36 1
33 39 1
34 20 1
34 21 1
34 25 1
34 33 1
34 38 1
34 39 1
34 44 1
35 7 1
36 23 1
36 35 1
36 38 1
36 41 1
37 21 1
38 39 1
39 28 1
39 42 1
40 34 1
41 39 1
41 44 1
42 26 1
42 32 1
43 2 1
43 22 1
44 4 1
45 2 1
45 35 1
