1 23 1
3 38 1
4 1 1
5 25 1
6 33 1
7 38 1
8 2 1
8 20 1
8 21 1
8 22 1
8 23 1
8 24 1
8 25 1
8 26 1
8 27 1
8 34 1
8 35 1
8 36 1
8 37 1
8 38 1
8 44 1
9 1 1
9 2 1
9 3 1
9 15 1
9 16 1
9 24 1
9 26 1
9 29 1
9 33 1
9 44 1
10 6 1
10 16 1
10 21 1
10 22 1
10 24 1
10 29 1
10 33 1
10 39 1
10 42 1
10 44 1
10 45 1
11 1 1
11 4 1
11 25 1
11 37 1
11 39 1
12 1 1
12 3 1
12 20 1
12 22 1
12 35 1
12 42 1
13 24 1
13 25 1
13 32 1
13 34 1
13 43 1
14 20 1
14 21 1
14 22 1
14 24 1
14 35 1
14 42 1
14 44 1
15 6 1
15 7 1
15 25 1
15 33 1
15 35 1
15 37 1
15 39 1
15 44 1
16 2 1
16 3 1
16 5 1
16 7 1
16 11 1
16 21 1
16 22 1
16 25 1
16 26 1
16 28 1
16 29 1
16 32 1
16 33 1
16 35 1
16 36 1
16 37 1
16 38 1
16 39 1
16 41 1
16 42 1
16 44 1
16 45 1
17 24 1
17 39 1
18 28 1
19 38 1
20 4 1
20 5 1
20 7 1
20 13 1
20 16 1
20 21 1
20 22 1
20 23 1
20 24 1
20 26 1
20 27 1
20 28 1
20 34 1
20 35 1
20 36 1
20 38 1
20 39 1
20 42 1
20 43 1
21 3 1
21 36 1
22 1 1
22 3 1
22 4 1
22 7 1
22 24 1
22 27 1
22 37 1
22 41 1
22 42 1
22 45 1
23 16 1
23 21 1
23 35 1
23 38 1
23 42 1
24 1 1
24 2 1
24 3 1
24 21 1
24 23 1
24 26 1
24 34 1
24 35 1
24 36 1
24 37 1
24 42 1
25 4 1
25 27 1
25 36 1
25 39 1
25 41 1
26 1 1
26 4 1
26 32 1
26 36 1
26 37 1
27 7 1
27 9 1
27 26 1
27 37 1
28 35 1
28 36 1
28 40 1
29 4 1
29 7 1
29 12 1
29 21 1
29 32 1
29 33 1
29 38 1
29 43 1
30 4 1
30 7 1
30 29 1
30 33 1
30 38 1
30 42 1
30 45 1
31 3 1
31 4 1
31 7 1
31 20 1
31 21 1
31 26 1
31 29 1
31 32 1
31 33 1
31 36 1
31 39 1
32 3 1
32 45 1
33 1 1
33 7 1
33 14 1
33 21 1
33 28 1
33 35 1
33 41 1
34 2 1
34 16 1
34 26 1
34 27 1
34 32 1
34 36 1
34 42 1
35 5 1
36 2 1
36 7 1
36 35 1
36 39 1
37 7 1
38 4 1
39 1 1
39 22 1
40 26 1
41 1 1
41 3 1
42 4 1
42 37 1
43 22 1
43 23 1
44 4 1
45 27 1
45 38 1
