1 205 1
1 325 1
1 407 1
1 429 1
1 883 1
1 894 1
3 28 1
3 46 1
3 245 1
3 268 1
3 407 1
3 624 1
3 884 1
27 28 1
27 55 1
28 3 1
28 27 1
28 55 1
28 134 1
28 245 1
28 353 1
28 407 1
28 642 1
32 1 1
32 184 1
32 364 1
32 425 1
34 272 1
34 496 1
34 694 1
34 1519 1
45 55 1
45 101 1
45 205 1
45 240 1
45 407 1
45 468 1
45 883 1
46 3 1
46 268 1
46 366 1
46 884 1
48 117 1
48 587 1
48 769 1
55 27 1
55 28 1
55 45 1
55 72 1
55 353 1
55 407 1
55 624 1
55 642 1
61 624 1
63 213 1
63 564 1
63 869 1
70 213 1
70 343 1
70 520 1
70 576 1
70 779 1
72 55 1
72 353 1
72 624 1
79 80 1
79 132 1
79 184 1
79 441 1
79 447 1
79 869 1
79 1332 1
80 79 1
80 132 1
80 447 1
80 492 1
85 1 1
85 257 1
85 327 1
85 425 1
85 779 1
85 883 1
85 894 1
92 257 1
92 674 1
101 45 1
101 205 1
101 240 1
101 325 1
101 407 1
101 468 1
101 642 1
101 883 1
101 960 1
117 48 1
117 119 1
117 277 1
117 388 1
117 452 1
117 488 1
117 545 1
117 587 1
117 601 1
117 603 1
117 634 1
117 769 1
117 866 1
117 869 1
117 959 1
117 1401 1
119 117 1
119 564 1
119 603 1
119 634 1
119 959 1
119 1401 1
120 222 1
120 232 1
120 771 1
122 125 1
122 147 1
122 335 1
122 605 1
122 797 1
124 425 1
124 494 1
125 122 1
125 147 1
125 272 1
125 327 1
125 335 1
125 425 1
125 576 1
125 605 1
125 797 1
132 79 1
132 80 1
132 441 1
132 447 1
132 492 1
132 869 1
132 1332 1
134 28 1
134 480 1
134 674 1
147 1 1
147 28 1
147 122 1
147 125 1
147 151 1
147 272 1
147 605 1
147 691 1
147 765 1
147 797 1
151 1 1
151 147 1
151 252 1
151 265 1
151 272 1
151 496 1
151 502 1
151 605 1
151 691 1
151 765 1
151 797 1
151 845 1
151 920 1
156 232 1
159 80 1
159 353 1
165 1485 1
170 245 1
170 252 1
170 622 1
170 691 1
170 798 1
170 869 1
173 48 1
173 471 1
173 577 1
184 79 1
184 200 1
184 447 1
190 222 1
190 753 1
190 974 1
190 1228 1
196 214 1
196 285 1
196 364 1
196 494 1
196 779 1
200 184 1
200 883 1
201 170 1
201 245 1
201 447 1
201 465 1
201 622 1
201 642 1
201 691 1
201 869 1
202 38 1
202 196 1
202 240 1
202 285 1
202 779 1
205 1 1
205 45 1
205 101 1
205 219 1
205 240 1
205 325 1
205 407 1
205 429 1
205 468 1
205 642 1
205 883 1
205 960 1
211 531 1
211 587 1
211 612 1
213 63 1
213 70 1
214 196 1
214 312 1
214 494 1
219 205 1
222 120 1
222 190 1
222 753 1
232 120 1
232 200 1
240 38 1
240 45 1
240 101 1
240 202 1
240 205 1
240 407 1
240 960 1
242 335 1
242 486 1
242 970 1
245 3 1
245 28 1
245 170 1
245 407 1
245 691 1
245 798 1
245 894 1
248 447 1
248 492 1
248 1332 1
252 170 1
252 265 1
252 272 1
252 622 1
252 691 1
252 845 1
252 1519 1
255 343 1
257 92 1
257 275 1
257 674 1
265 151 1
265 252 1
265 272 1
265 496 1
265 691 1
265 694 1
265 845 1
265 1519 1
265 1594 1
268 3 1
268 46 1
268 452 1
268 488 1
268 1828 1
272 34 1
272 201 1
272 252 1
272 502 1
272 605 1
272 622 1
272 691 1
272 694 1
272 765 1
272 797 1
272 1519 1
275 257 1
275 674 1
275 970 1
277 117 1
277 388 1
277 601 1
277 634 1
277 866 1
277 869 1
285 196 1
285 202 1
285 364 1
285 494 1
285 779 1
312 214 1
312 674 1
325 1 1
325 45 1
325 101 1
325 205 1
325 407 1
325 468 1
325 883 1
327 122 1
327 125 1
327 335 1
327 425 1
327 491 1
327 494 1
327 779 1
327 797 1
335 122 1
335 242 1
335 491 1
343 70 1
343 255 1
343 520 1
353 27 1
353 28 1
353 55 1
353 72 1
353 125 1
364 32 1
364 196 1
364 425 1
364 494 1
364 779 1
366 46 1
388 85 1
388 117 1
388 200 1
388 277 1
388 452 1
388 465 1
388 883 1
388 894 1
407 1 1
407 28 1
407 38 1
407 45 1
407 55 1
407 101 1
407 205 1
407 240 1
407 245 1
407 325 1
407 468 1
407 624 1
407 883 1
425 32 1
425 85 1
425 122 1
425 124 1
425 125 1
425 214 1
425 327 1
425 364 1
425 494 1
425 779 1
429 1 1
429 205 1
429 219 1
429 480 1
429 642 1
429 883 1
429 894 1
440 34 1
440 441 1
440 491 1
440 498 1
440 1332 1
441 79 1
441 132 1
441 440 1
441 447 1
441 492 1
441 869 1
441 1332 1
447 79 1
447 80 1
447 132 1
447 184 1
447 201 1
447 441 1
447 492 1
447 1332 1
452 85 1
452 170 1
452 268 1
452 884 1
452 920 1
465 388 1
465 857 1
465 867 1
468 45 1
468 101 1
468 205 1
468 325 1
468 407 1
468 883 1
468 960 1
471 173 1
471 577 1
480 134 1
480 429 1
486 242 1
486 1594 1
488 46 1
488 268 1
488 1828 1
491 125 1
491 327 1
491 335 1
491 343 1
492 79 1
492 80 1
492 132 1
492 184 1
492 248 1
492 255 1
492 441 1
492 447 1
492 1332 1
494 124 1
494 196 1
494 214 1
494 285 1
494 327 1
494 364 1
494 425 1
494 779 1
496 34 1
496 151 1
496 265 1
496 272 1
496 694 1
496 765 1
496 797 1
496 1519 1
498 440 1
498 869 1
502 201 1
502 272 1
502 622 1
502 691 1
502 845 1
520 70 1
520 213 1
520 343 1
520 576 1
531 211 1
531 612 1
531 797 1
545 117 1
545 603 1
545 1401 1
564 63 1
564 119 1
576 1 1
576 70 1
576 125 1
576 520 1
577 173 1
577 471 1
587 48 1
587 117 1
587 211 1
587 634 1
587 866 1
601 117 1
601 248 1
601 277 1
601 452 1
601 587 1
601 634 1
601 857 1
603 117 1
603 119 1
603 388 1
603 452 1
603 545 1
603 1401 1
605 122 1
605 272 1
605 502 1
605 765 1
605 797 1
612 211 1
612 531 1
622 170 1
622 201 1
622 245 1
622 272 1
622 502 1
622 691 1
622 798 1
622 894 1
624 28 1
624 55 1
624 72 1
624 92 1
624 134 1
624 245 1
624 353 1
624 407 1
624 642 1
624 674 1
634 119 1
634 587 1
634 959 1
642 28 1
642 55 1
642 72 1
642 205 1
642 219 1
642 353 1
642 624 1
674 92 1
674 134 1
674 257 1
674 275 1
674 312 1
674 624 1
691 120 1
691 170 1
691 245 1
691 252 1
691 265 1
691 272 1
691 502 1
691 622 1
691 845 1
691 894 1
694 272 1
694 496 1
753 190 1
753 222 1
765 496 1
765 605 1
765 797 1
769 48 1
769 55 1
769 117 1
769 119 1
769 587 1
769 601 1
769 634 1
769 866 1
769 959 1
771 120 1
771 691 1
779 70 1
779 196 1
779 202 1
779 214 1
779 285 1
779 327 1
779 364 1
779 425 1
779 494 1
797 272 1
797 496 1
797 531 1
797 605 1
797 765 1
798 335 1
798 894 1
845 151 1
845 252 1
845 265 1
845 272 1
845 502 1
845 691 1
857 465 1
857 601 1
857 634 1
857 753 1
857 867 1
866 117 1
866 119 1
866 452 1
866 587 1
866 603 1
866 634 1
866 769 1
866 869 1
866 959 1
867 465 1
867 857 1
869 79 1
869 170 1
869 441 1
869 498 1
883 1 1
883 45 1
883 85 1
883 101 1
883 200 1
883 205 1
883 219 1
883 325 1
883 429 1
883 468 1
883 642 1
883 894 1
883 960 1
884 46 1
884 441 1
894 1 1
894 85 1
894 170 1
894 245 1
894 388 1
894 429 1
894 452 1
894 622 1
894 691 1
894 798 1
894 883 1
920 151 1
920 452 1
920 491 1
959 48 1
959 117 1
959 119 1
959 634 1
959 769 1
959 866 1
960 101 1
960 240 1
970 242 1
970 275 1
974 190 1
974 1228 1
1228 190 1
1228 753 1
1228 974 1
1332 79 1
1332 132 1
1332 440 1
1332 441 1
1332 447 1
1332 492 1
1401 119 1
1401 545 1
1401 564 1
1401 603 1
1485 165 1
1519 34 1
1519 252 1
1519 265 1
1519 272 1
1519 496 1
1519 694 1
1594 265 1
1594 486 1
1828 268 1
1828 488 1
