1 28 1
1 353 1
1 407 1
1 691 1
1 797 1
1 883 1
3 151 1
3 213 1
3 634 1
3 769 1
3 869 1
3 894 1
3 960 1
27 32 1
27 603 1
28 1 1
28 34 1
28 117 1
28 205 1
28 265 1
28 407 1
28 691 1
28 883 1
32 27 1
32 46 1
32 603 1
32 694 1
34 28 1
34 79 1
34 196 1
34 205 1
45 55 1
45 101 1
45 277 1
45 441 1
45 494 1
45 496 1
45 1332 1
46 120 1
46 132 1
46 202 1
46 1401 1
48 272 1
48 335 1
48 798 1
55 45 1
55 277 1
55 441 1
55 492 1
55 494 1
55 496 1
55 959 1
55 1332 1
61 213 1
63 364 1
63 622 1
63 869 1
70 173 1
70 184 1
70 440 1
70 545 1
70 674 1
72 196 1
72 605 1
72 691 1
79 34 1
79 252 1
79 312 1
79 327 1
79 343 1
79 520 1
79 867 1
80 196 1
80 605 1
80 753 1
80 765 1
85 119 1
85 201 1
85 388 1
85 452 1
85 605 1
85 622 1
85 883 1
92 325 1
92 468 1
101 45 1
101 55 1
101 257 1
101 441 1
101 492 1
101 494 1
101 496 1
101 959 1
101 1332 1
117 1 1
117 28 1
117 34 1
117 38 1
117 125 1
117 205 1
117 265 1
117 272 1
117 277 1
117 353 1
117 407 1
117 425 1
117 691 1
117 797 1
117 866 1
117 883 1
119 134 1
119 245 1
119 498 1
119 634 1
119 894 1
119 1828 1
120 46 1
120 132 1
120 1401 1
122 214 1
122 252 1
122 268 1
122 327 1
122 491 1
124 779 1
124 845 1
125 38 1
125 117 1
125 205 1
125 219 1
125 265 1
125 364 1
125 691 1
125 797 1
125 866 1
132 46 1
132 120 1
132 202 1
132 624 1
132 894 1
132 960 1
132 1401 1
134 119 1
134 634 1
134 894 1
147 48 1
147 170 1
147 245 1
147 257 1
147 272 1
147 425 1
147 452 1
147 624 1
147 642 1
147 798 1
151 3 1
151 134 1
151 213 1
151 245 1
151 272 1
151 577 1
151 601 1
151 624 1
151 634 1
151 769 1
151 869 1
151 894 1
151 960 1
156 200 1
159 72 1
159 335 1
165 471 1
170 211 1
170 272 1
170 425 1
170 429 1
170 601 1
170 642 1
173 70 1
173 222 1
173 488 1
184 70 1
184 612 1
184 674 1
190 240 1
190 325 1
190 468 1
190 1519 1
196 72 1
196 80 1
196 605 1
196 753 1
196 765 1
200 587 1
200 779 1
201 219 1
201 447 1
201 452 1
201 502 1
201 622 1
201 642 1
201 779 1
201 884 1
202 46 1
202 120 1
202 132 1
202 1401 1
202 1594 1
205 1 1
205 28 1
205 34 1
205 117 1
205 125 1
205 265 1
205 272 1
205 353 1
205 407 1
205 691 1
205 866 1
205 883 1
211 170 1
211 429 1
211 601 1
213 3 1
213 151 1
214 122 1
214 268 1
214 327 1
219 622 1
222 173 1
222 364 1
222 920 1
232 471 1
232 883 1
240 92 1
240 190 1
240 275 1
240 325 1
240 468 1
240 1519 1
240 1594 1
242 364 1
242 622 1
242 869 1
245 119 1
245 147 1
245 170 1
245 272 1
245 425 1
245 634 1
245 960 1
248 184 1
248 634 1
248 674 1
252 79 1
252 122 1
252 214 1
252 268 1
252 327 1
252 491 1
252 520 1
255 869 1
257 101 1
257 496 1
257 974 1
265 1 1
265 28 1
265 117 1
265 125 1
265 205 1
265 407 1
265 691 1
265 797 1
265 883 1
268 122 1
268 214 1
268 252 1
268 491 1
268 520 1
272 48 1
272 117 1
272 170 1
272 205 1
272 245 1
272 335 1
272 407 1
272 429 1
272 797 1
272 798 1
272 883 1
275 240 1
275 325 1
275 845 1
277 1 1
277 38 1
277 45 1
277 55 1
277 117 1
277 797 1
285 465 1
285 488 1
285 920 1
285 970 1
285 1332 1
312 79 1
312 327 1
325 92 1
325 190 1
325 232 1
325 240 1
325 275 1
325 468 1
325 1519 1
327 79 1
327 80 1
327 122 1
327 214 1
327 252 1
327 312 1
327 343 1
327 869 1
335 48 1
335 272 1
335 429 1
343 79 1
343 576 1
343 867 1
353 1 1
353 28 1
353 205 1
353 691 1
353 884 1
364 63 1
364 125 1
364 222 1
364 242 1
364 869 1
366 857 1
388 85 1
388 201 1
388 480 1
388 576 1
388 605 1
388 622 1
388 869 1
388 883 1
407 1 1
407 28 1
407 117 1
407 200 1
407 205 1
407 265 1
407 272 1
407 425 1
407 587 1
407 691 1
407 797 1
407 866 1
407 883 1
425 117 1
425 147 1
425 170 1
425 245 1
425 272 1
425 407 1
425 587 1
425 624 1
425 642 1
425 691 1
429 125 1
429 170 1
429 211 1
429 272 1
429 335 1
429 601 1
429 753 1
440 70 1
440 486 1
440 564 1
440 603 1
440 694 1
441 45 1
441 55 1
441 101 1
441 492 1
441 494 1
441 959 1
441 1332 1
447 452 1
447 502 1
447 587 1
447 642 1
447 694 1
447 779 1
447 845 1
447 1228 1
452 272 1
452 407 1
452 447 1
452 691 1
452 779 1
465 285 1
465 488 1
465 970 1
468 92 1
468 190 1
468 240 1
468 325 1
468 531 1
468 765 1
468 1519 1
471 165 1
471 232 1
480 388 1
480 576 1
486 440 1
486 564 1
488 219 1
488 285 1
488 465 1
491 214 1
491 252 1
491 268 1
491 327 1
492 45 1
492 55 1
492 101 1
492 441 1
492 465 1
492 494 1
492 496 1
492 765 1
492 1332 1
494 45 1
494 55 1
494 101 1
494 441 1
494 492 1
494 496 1
494 959 1
494 1332 1
496 45 1
496 55 1
496 101 1
496 257 1
496 441 1
496 492 1
496 494 1
496 959 1
498 119 1
498 1828 1
502 353 1
502 447 1
502 642 1
502 694 1
502 845 1
520 79 1
520 122 1
520 252 1
520 268 1
531 468 1
531 765 1
531 1519 1
545 70 1
545 674 1
545 857 1
564 486 1
564 603 1
576 79 1
576 343 1
576 388 1
576 480 1
577 151 1
577 779 1
587 200 1
587 425 1
587 447 1
587 779 1
587 1228 1
601 125 1
601 170 1
601 211 1
601 252 1
601 335 1
601 429 1
601 491 1
603 27 1
603 32 1
603 440 1
603 564 1
603 694 1
603 866 1
605 72 1
605 80 1
605 196 1
605 753 1
605 771 1
612 184 1
612 674 1
622 63 1
622 85 1
622 201 1
622 219 1
622 242 1
622 364 1
622 605 1
622 869 1
624 119 1
624 132 1
624 147 1
624 245 1
624 272 1
624 425 1
624 634 1
624 642 1
624 769 1
624 894 1
634 119 1
634 134 1
634 245 1
642 85 1
642 201 1
642 447 1
642 452 1
642 502 1
642 587 1
642 779 1
674 70 1
674 184 1
674 248 1
674 545 1
674 612 1
674 857 1
691 1 1
691 28 1
691 72 1
691 117 1
691 205 1
691 272 1
691 353 1
691 407 1
691 425 1
691 797 1
694 447 1
694 502 1
753 80 1
753 196 1
765 80 1
765 196 1
765 531 1
769 3 1
769 85 1
769 151 1
769 388 1
769 624 1
769 634 1
769 869 1
769 883 1
769 894 1
771 27 1
771 605 1
779 124 1
779 200 1
779 447 1
779 452 1
779 502 1
779 577 1
779 587 1
779 642 1
779 845 1
797 1 1
797 265 1
797 407 1
797 691 1
797 883 1
798 48 1
798 335 1
845 124 1
845 275 1
845 447 1
845 502 1
845 603 1
845 779 1
857 184 1
857 248 1
857 366 1
857 545 1
857 674 1
866 1 1
866 28 1
866 117 1
866 125 1
866 205 1
866 353 1
866 407 1
866 691 1
866 797 1
867 79 1
867 343 1
869 242 1
869 255 1
869 364 1
869 622 1
883 1 1
883 28 1
883 48 1
883 85 1
883 117 1
883 205 1
883 265 1
883 272 1
883 388 1
883 407 1
883 452 1
883 797 1
883 798 1
884 170 1
884 1485 1
894 3 1
894 119 1
894 132 1
894 134 1
894 151 1
894 245 1
894 624 1
894 634 1
894 769 1
894 960 1
894 974 1
920 222 1
920 255 1
920 285 1
959 55 1
959 101 1
959 122 1
959 441 1
959 494 1
959 496 1
960 245 1
960 894 1
970 285 1
970 465 1
974 257 1
974 894 1
1228 447 1
1228 452 1
1228 587 1
1332 45 1
1332 55 1
1332 101 1
1332 441 1
1332 492 1
1332 494 1
1401 46 1
1401 120 1
1401 132 1
1401 624 1
1485 884 1
1519 190 1
1519 240 1
1519 325 1
1519 468 1
1519 531 1
1519 765 1
1594 202 1
1594 240 1
1828 119 1
1828 498 1
