1 170 1
1 272 1
1 407 1
1 496 1
1 622 1
1 634 1
3 28 1
3 34 1
3 55 1
3 429 1
3 447 1
3 769 1
3 960 1
27 211 1
27 213 1
28 34 1
28 55 1
28 257 1
28 429 1
28 447 1
28 502 1
28 769 1
28 960 1
32 46 1
32 196 1
32 335 1
32 425 1
34 28 1
34 55 1
34 257 1
34 447 1
45 205 1
45 425 1
45 691 1
45 753 1
45 779 1
45 894 1
45 1519 1
46 196 1
46 268 1
46 425 1
46 894 1
48 468 1
48 694 1
48 857 1
55 3 1
55 28 1
55 34 1
55 202 1
55 429 1
55 447 1
55 769 1
55 960 1
61 55 1
63 72 1
63 248 1
63 441 1
70 190 1
70 245 1
70 275 1
70 441 1
70 603 1
72 63 1
72 248 1
72 441 1
79 498 1
79 531 1
79 564 1
79 587 1
79 959 1
79 1332 1
79 1401 1
80 440 1
80 471 1
80 612 1
80 1594 1
85 1 1
85 117 1
85 125 1
85 272 1
85 325 1
85 407 1
85 869 1
92 285 1
92 488 1
101 122 1
101 200 1
101 205 1
101 214 1
101 219 1
101 492 1
101 624 1
101 691 1
101 883 1
117 1 1
117 85 1
117 125 1
117 132 1
117 170 1
117 265 1
117 272 1
117 325 1
117 407 1
117 494 1
117 496 1
117 603 1
117 622 1
117 634 1
117 642 1
117 869 1
119 120 1
119 245 1
119 691 1
119 765 1
119 779 1
119 1519 1
120 119 1
120 245 1
120 492 1
122 101 1
122 205 1
122 492 1
122 502 1
122 883 1
124 211 1
124 845 1
125 1 1
125 117 1
125 265 1
125 272 1
125 335 1
125 407 1
125 496 1
125 502 1
125 691 1
132 1 1
132 117 1
132 272 1
132 407 1
132 605 1
132 622 1
132 634 1
134 480 1
134 486 1
134 1332 1
147 48 1
147 79 1
147 201 1
147 587 1
147 601 1
147 694 1
147 797 1
147 959 1
147 1332 1
147 1401 1
151 119 1
151 205 1
151 245 1
151 327 1
151 452 1
151 465 1
151 468 1
151 491 1
151 624 1
151 691 1
151 765 1
151 857 1
151 883 1
156 184 1
159 214 1
159 642 1
165 577 1
170 1 1
170 117 1
170 407 1
170 494 1
170 634 1
170 869 1
173 184 1
173 213 1
173 364 1
184 173 1
184 364 1
184 674 1
190 70 1
190 441 1
190 576 1
190 603 1
196 32 1
196 46 1
196 268 1
196 894 1
196 1594 1
200 101 1
200 219 1
201 48 1
201 80 1
201 147 1
201 240 1
201 353 1
201 587 1
201 694 1
201 797 1
202 28 1
202 55 1
202 447 1
202 488 1
202 577 1
205 45 1
205 101 1
205 119 1
205 122 1
205 151 1
205 327 1
205 624 1
205 691 1
205 779 1
205 866 1
205 883 1
205 1519 1
211 27 1
211 124 1
211 213 1
213 27 1
213 211 1
214 101 1
214 492 1
214 883 1
219 200 1
222 240 1
222 353 1
222 797 1
232 343 1
232 866 1
240 201 1
240 222 1
240 232 1
240 285 1
240 353 1
240 388 1
240 797 1
242 252 1
242 674 1
242 894 1
245 70 1
245 119 1
245 120 1
245 255 1
245 343 1
245 441 1
245 765 1
248 72 1
248 388 1
248 634 1
252 184 1
252 242 1
252 268 1
252 312 1
252 364 1
252 674 1
252 894 1
255 277 1
257 28 1
257 447 1
257 845 1
265 117 1
265 125 1
265 170 1
265 272 1
265 335 1
265 407 1
265 494 1
265 502 1
265 642 1
268 46 1
268 196 1
268 252 1
268 425 1
268 894 1
272 1 1
272 132 1
272 170 1
272 265 1
272 407 1
272 496 1
272 605 1
272 634 1
272 798 1
272 845 1
272 920 1
275 70 1
275 441 1
275 603 1
277 201 1
277 255 1
277 429 1
277 601 1
277 797 1
277 960 1
285 92 1
285 122 1
285 240 1
285 488 1
285 797 1
312 252 1
312 869 1
325 85 1
325 117 1
325 335 1
325 492 1
325 494 1
325 545 1
325 869 1
327 205 1
327 245 1
327 452 1
327 491 1
327 624 1
327 691 1
327 779 1
327 883 1
335 125 1
335 325 1
335 502 1
343 245 1
343 1228 1
343 1828 1
353 222 1
353 240 1
353 452 1
353 797 1
353 866 1
364 173 1
364 184 1
364 252 1
364 425 1
364 674 1
366 605 1
388 85 1
388 240 1
388 272 1
388 353 1
388 587 1
388 601 1
388 634 1
388 797 1
407 1 1
407 85 1
407 117 1
407 132 1
407 170 1
407 265 1
407 272 1
407 494 1
407 496 1
407 605 1
407 622 1
407 634 1
407 642 1
425 32 1
425 45 1
425 46 1
425 196 1
425 252 1
425 268 1
425 364 1
425 674 1
425 894 1
425 974 1
429 3 1
429 28 1
429 55 1
429 201 1
429 277 1
429 447 1
429 960 1
440 80 1
440 471 1
440 605 1
440 612 1
440 798 1
441 63 1
441 70 1
441 72 1
441 190 1
441 245 1
441 275 1
441 576 1
447 3 1
447 28 1
447 34 1
447 55 1
447 202 1
447 257 1
447 429 1
447 769 1
452 120 1
452 245 1
452 327 1
452 465 1
452 884 1
465 151 1
465 452 1
465 468 1
468 48 1
468 151 1
468 452 1
468 465 1
468 694 1
468 857 1
468 866 1
471 80 1
471 440 1
480 134 1
480 486 1
486 134 1
486 480 1
488 92 1
488 122 1
488 285 1
491 125 1
491 624 1
491 753 1
491 883 1
492 101 1
492 120 1
492 122 1
492 200 1
492 214 1
492 219 1
492 325 1
492 869 1
492 883 1
494 117 1
494 170 1
494 265 1
494 325 1
494 407 1
494 545 1
494 642 1
494 869 1
496 1 1
496 117 1
496 125 1
496 272 1
496 407 1
496 622 1
496 691 1
496 869 1
498 79 1
498 564 1
502 28 1
502 125 1
502 265 1
502 272 1
502 335 1
520 642 1
520 771 1
520 867 1
520 970 1
531 79 1
531 959 1
531 1332 1
545 325 1
545 494 1
545 869 1
564 79 1
564 498 1
576 190 1
576 441 1
576 603 1
576 642 1
577 165 1
577 202 1
587 79 1
587 388 1
587 959 1
587 1332 1
587 1401 1
601 38 1
601 85 1
601 92 1
601 147 1
601 277 1
601 388 1
601 797 1
603 70 1
603 190 1
603 275 1
603 441 1
603 576 1
603 642 1
605 1 1
605 132 1
605 272 1
605 366 1
605 622 1
612 80 1
612 440 1
622 1 1
622 117 1
622 132 1
622 272 1
622 407 1
622 496 1
622 605 1
622 634 1
624 45 1
624 101 1
624 205 1
624 327 1
624 452 1
624 491 1
624 691 1
624 753 1
624 779 1
624 866 1
634 1 1
634 132 1
634 272 1
642 117 1
642 170 1
642 265 1
642 335 1
642 407 1
642 494 1
642 869 1
674 184 1
674 242 1
674 252 1
674 364 1
674 425 1
674 894 1
691 45 1
691 101 1
691 119 1
691 205 1
691 496 1
691 622 1
691 765 1
691 779 1
691 883 1
691 1519 1
694 48 1
694 468 1
753 45 1
753 779 1
765 119 1
765 245 1
765 691 1
769 3 1
769 28 1
769 38 1
769 55 1
769 353 1
769 447 1
769 601 1
769 797 1
769 883 1
771 520 1
771 884 1
779 45 1
779 119 1
779 205 1
779 327 1
779 691 1
779 753 1
779 765 1
779 883 1
779 1519 1
797 222 1
797 240 1
797 285 1
797 353 1
797 388 1
798 605 1
798 845 1
845 72 1
845 124 1
845 257 1
845 272 1
845 798 1
845 920 1
857 38 1
857 48 1
857 151 1
857 452 1
857 468 1
866 205 1
866 214 1
866 232 1
866 452 1
866 465 1
866 468 1
866 624 1
866 694 1
866 883 1
867 520 1
867 970 1
869 170 1
869 312 1
869 494 1
869 545 1
883 101 1
883 122 1
883 151 1
883 200 1
883 205 1
883 214 1
883 219 1
883 327 1
883 491 1
883 492 1
883 624 1
883 691 1
883 779 1
884 447 1
884 1485 1
894 27 1
894 45 1
894 46 1
894 196 1
894 242 1
894 252 1
894 268 1
894 364 1
894 425 1
894 674 1
894 974 1
920 272 1
920 798 1
920 845 1
959 79 1
959 134 1
959 147 1
959 531 1
959 587 1
959 1332 1
960 28 1
960 55 1
970 520 1
970 867 1
974 425 1
974 894 1
1228 343 1
1228 502 1
1228 1828 1
1332 79 1
1332 134 1
1332 531 1
1332 587 1
1332 959 1
1332 1401 1
1401 79 1
1401 564 1
1401 587 1
1401 1332 1
1485 884 1
1519 45 1
1519 119 1
1519 205 1
1519 691 1
1519 765 1
1519 779 1
1594 80 1
1594 196 1
1828 343 1
1828 1228 1
