1 119 1
1 564 1
1 691 1
1 779 1
1 845 1
1 894 1
3 1 1
3 117 1
3 119 1
3 325 1
3 624 1
3 691 1
3 894 1
27 190 1
27 576 1
28 45 1
28 119 1
28 125 1
28 245 1
28 265 1
28 343 1
28 587 1
28 674 1
32 202 1
32 491 1
32 765 1
32 970 1
34 200 1
34 275 1
34 959 1
34 974 1
45 28 1
45 70 1
45 119 1
45 245 1
45 268 1
45 674 1
45 959 1
46 252 1
46 255 1
46 312 1
46 1594 1
48 205 1
48 407 1
48 797 1
55 196 1
55 257 1
55 272 1
55 492 1
55 496 1
55 642 1
55 769 1
55 1332 1
61 46 1
63 242 1
63 452 1
63 612 1
70 45 1
70 245 1
70 268 1
70 857 1
70 959 1
72 80 1
72 622 1
72 765 1
79 101 1
79 122 1
79 170 1
79 441 1
79 494 1
79 603 1
79 1828 1
80 72 1
80 222 1
80 468 1
80 545 1
85 1 1
85 120 1
85 202 1
85 491 1
85 502 1
85 605 1
85 1485 1
92 190 1
92 285 1
101 79 1
101 122 1
101 170 1
101 441 1
101 488 1
101 494 1
101 603 1
101 866 1
101 1828 1
117 1 1
117 3 1
117 119 1
117 240 1
117 248 1
117 277 1
117 325 1
117 502 1
117 564 1
117 624 1
117 691 1
117 779 1
117 798 1
117 845 1
117 883 1
117 894 1
119 1 1
119 28 1
119 45 1
119 564 1
119 691 1
119 779 1
120 364 1
120 498 1
120 520 1
122 79 1
122 219 1
122 441 1
122 494 1
122 603 1
124 173 1
124 494 1
125 28 1
125 201 1
125 213 1
125 265 1
125 353 1
125 388 1
125 452 1
125 587 1
125 634 1
132 205 1
132 272 1
132 407 1
132 425 1
132 447 1
132 869 1
132 883 1
134 147 1
134 211 1
134 252 1
147 125 1
147 134 1
147 151 1
147 214 1
147 327 1
147 353 1
147 388 1
147 452 1
147 587 1
147 634 1
151 125 1
151 147 1
151 200 1
151 265 1
151 335 1
151 353 1
151 388 1
151 452 1
151 605 1
151 624 1
151 634 1
151 691 1
151 1228 1
156 601 1
159 272 1
159 797 1
165 343 1
170 79 1
170 101 1
170 429 1
170 441 1
170 471 1
170 884 1
173 124 1
173 232 1
173 335 1
184 257 1
184 622 1
184 642 1
190 27 1
190 92 1
190 285 1
190 576 1
196 55 1
196 272 1
196 496 1
196 960 1
196 1332 1
200 465 1
200 577 1
201 72 1
201 184 1
201 257 1
201 465 1
201 622 1
201 642 1
201 765 1
201 960 1
202 32 1
202 85 1
202 364 1
202 779 1
202 970 1
205 48 1
205 132 1
205 214 1
205 272 1
205 407 1
205 425 1
205 440 1
205 447 1
205 601 1
205 797 1
205 869 1
205 883 1
211 134 1
211 252 1
211 753 1
213 125 1
213 771 1
214 205 1
214 407 1
214 425 1
219 441 1
222 80 1
222 468 1
222 545 1
232 173 1
232 184 1
240 117 1
240 622 1
240 642 1
240 691 1
240 769 1
240 779 1
240 894 1
242 63 1
242 612 1
242 884 1
245 28 1
245 45 1
245 70 1
245 268 1
245 343 1
245 674 1
245 691 1
248 327 1
248 603 1
248 765 1
252 46 1
252 134 1
252 211 1
252 491 1
252 753 1
252 1519 1
252 1594 1
255 46 1
257 55 1
257 184 1
257 201 1
265 28 1
265 125 1
265 151 1
265 343 1
265 353 1
265 388 1
265 587 1
265 605 1
265 845 1
268 45 1
268 70 1
268 245 1
268 857 1
268 959 1
272 55 1
272 196 1
272 205 1
272 407 1
272 425 1
272 492 1
272 694 1
272 869 1
272 883 1
272 960 1
272 1332 1
275 34 1
275 867 1
275 974 1
277 117 1
277 272 1
277 407 1
277 452 1
277 642 1
277 883 1
285 27 1
285 92 1
285 190 1
285 576 1
285 1332 1
312 46 1
312 674 1
325 1 1
325 3 1
325 117 1
325 624 1
325 691 1
325 779 1
325 894 1
327 147 1
327 232 1
327 252 1
327 335 1
327 353 1
327 491 1
327 634 1
327 1519 1
335 327 1
335 353 1
335 480 1
343 28 1
343 165 1
343 265 1
353 34 1
353 125 1
353 327 1
353 335 1
353 634 1
364 120 1
364 465 1
364 498 1
364 520 1
364 920 1
366 486 1
388 28 1
388 125 1
388 134 1
388 151 1
388 201 1
388 265 1
388 587 1
388 691 1
407 48 1
407 132 1
407 205 1
407 214 1
407 272 1
407 277 1
407 425 1
407 447 1
407 601 1
407 694 1
407 797 1
407 869 1
407 883 1
425 132 1
425 205 1
425 214 1
425 272 1
425 407 1
425 447 1
425 492 1
425 797 1
425 869 1
425 883 1
429 55 1
429 170 1
429 468 1
429 471 1
429 496 1
429 884 1
429 1401 1
440 48 1
440 205 1
440 797 1
440 883 1
440 1519 1
441 79 1
441 101 1
441 122 1
441 170 1
441 219 1
441 494 1
441 866 1
447 132 1
447 205 1
447 407 1
447 531 1
447 797 1
447 869 1
447 883 1
447 1519 1
452 214 1
452 407 1
452 587 1
452 634 1
452 694 1
465 200 1
465 364 1
465 577 1
468 80 1
468 170 1
468 222 1
468 429 1
468 480 1
468 545 1
468 1401 1
471 170 1
471 429 1
480 335 1
480 468 1
486 366 1
486 674 1
488 101 1
488 494 1
488 624 1
491 252 1
491 327 1
491 634 1
491 753 1
492 55 1
492 213 1
492 272 1
492 425 1
492 496 1
492 605 1
492 769 1
492 1332 1
492 1401 1
494 79 1
494 101 1
494 122 1
494 124 1
494 441 1
494 488 1
494 603 1
494 866 1
496 55 1
496 196 1
496 272 1
496 429 1
496 492 1
496 769 1
496 1332 1
496 1401 1
498 120 1
498 364 1
502 117 1
502 605 1
502 797 1
502 798 1
502 883 1
520 120 1
520 364 1
520 634 1
520 920 1
531 447 1
531 869 1
531 1519 1
545 80 1
545 222 1
545 468 1
564 1 1
564 119 1
576 27 1
576 92 1
576 190 1
576 285 1
577 200 1
577 465 1
587 28 1
587 265 1
587 388 1
587 452 1
587 634 1
601 205 1
601 407 1
601 694 1
601 765 1
601 797 1
601 869 1
601 883 1
603 79 1
603 101 1
603 122 1
603 219 1
603 441 1
603 494 1
605 85 1
605 255 1
605 502 1
605 624 1
605 845 1
612 63 1
612 242 1
622 72 1
622 80 1
622 184 1
622 240 1
622 642 1
622 765 1
622 779 1
622 894 1
624 1 1
624 3 1
624 85 1
624 117 1
624 245 1
624 325 1
624 502 1
624 605 1
624 691 1
624 845 1
634 151 1
634 452 1
634 587 1
642 55 1
642 184 1
642 201 1
642 257 1
642 272 1
642 277 1
642 960 1
674 28 1
674 45 1
674 245 1
674 312 1
674 486 1
674 691 1
691 1 1
691 28 1
691 117 1
691 119 1
691 240 1
691 245 1
691 325 1
691 674 1
691 779 1
691 894 1
694 272 1
694 407 1
753 211 1
753 866 1
765 72 1
765 248 1
765 622 1
769 55 1
769 196 1
769 240 1
769 272 1
769 492 1
769 496 1
769 642 1
769 960 1
769 1332 1
771 213 1
771 866 1
779 1 1
779 38 1
779 117 1
779 119 1
779 240 1
779 325 1
779 622 1
779 691 1
779 894 1
797 48 1
797 205 1
797 425 1
797 447 1
797 502 1
798 38 1
798 894 1
845 1 1
845 85 1
845 117 1
845 265 1
845 605 1
845 624 1
857 45 1
857 70 1
857 245 1
857 268 1
857 959 1
866 79 1
866 101 1
866 122 1
866 170 1
866 219 1
866 441 1
866 488 1
866 494 1
866 753 1
867 275 1
867 1228 1
869 132 1
869 447 1
869 531 1
869 883 1
883 48 1
883 117 1
883 132 1
883 205 1
883 407 1
883 425 1
883 440 1
883 447 1
883 452 1
883 502 1
883 601 1
883 797 1
883 869 1
884 242 1
884 694 1
894 1 1
894 3 1
894 38 1
894 117 1
894 240 1
894 325 1
894 622 1
894 642 1
894 691 1
894 779 1
894 798 1
920 364 1
920 520 1
920 798 1
959 34 1
959 45 1
959 70 1
959 245 1
959 268 1
959 857 1
960 196 1
960 272 1
970 32 1
970 202 1
974 34 1
974 275 1
1228 151 1
1228 335 1
1228 867 1
1332 55 1
1332 196 1
1332 272 1
1332 285 1
1332 492 1
1332 496 1
1401 170 1
1401 429 1
1401 468 1
1401 496 1
1485 85 1
1519 252 1
1519 327 1
1519 440 1
1519 447 1
1519 531 1
1519 869 1
1594 46 1
1594 252 1
1828 79 1
1828 101 1
