1 119 1
1 134 1
1 205 1
1 425 1
1 447 1
1 694 1
3 46 1
3 80 1
3 200 1
3 272 1
3 388 1
3 674 1
3 769 1
27 769 1
27 867 1
28 70 1
28 79 1
28 325 1
28 364 1
28 502 1
28 779 1
28 845 1
28 884 1
32 268 1
32 285 1
32 452 1
32 779 1
34 132 1
34 213 1
34 960 1
34 1594 1
45 272 1
45 327 1
45 441 1
45 496 1
45 691 1
45 894 1
45 1332 1
46 125 1
46 388 1
46 674 1
46 869 1
48 134 1
48 447 1
48 492 1
55 101 1
55 117 1
55 132 1
55 170 1
55 205 1
55 245 1
55 407 1
55 494 1
61 219 1
63 79 1
63 85 1
63 173 1
70 28 1
70 364 1
70 502 1
70 779 1
70 845 1
72 120 1
72 214 1
72 429 1
79 28 1
79 63 1
79 85 1
79 184 1
79 325 1
79 465 1
79 642 1
80 3 1
80 272 1
80 388 1
80 869 1
85 72 1
85 79 1
85 122 1
85 184 1
85 325 1
85 465 1
85 642 1
92 120 1
92 147 1
101 55 1
101 117 1
101 132 1
101 170 1
101 205 1
101 245 1
101 407 1
101 494 1
101 883 1
117 34 1
117 55 1
117 101 1
117 132 1
117 170 1
117 201 1
117 205 1
117 213 1
117 245 1
117 265 1
117 407 1
117 425 1
117 491 1
117 494 1
117 605 1
117 883 1
119 1 1
119 252 1
119 468 1
119 576 1
119 691 1
119 1332 1
120 72 1
120 92 1
120 214 1
122 147 1
122 440 1
122 452 1
122 634 1
122 642 1
124 765 1
124 959 1
125 38 1
125 46 1
125 80 1
125 272 1
125 277 1
125 388 1
125 601 1
125 674 1
125 869 1
132 34 1
132 55 1
132 101 1
132 117 1
132 407 1
132 494 1
132 883 1
134 1 1
134 48 1
134 447 1
147 28 1
147 92 1
147 122 1
147 248 1
147 440 1
147 452 1
147 488 1
147 564 1
147 634 1
147 642 1
151 45 1
151 119 1
151 202 1
151 252 1
151 327 1
151 335 1
151 353 1
151 624 1
151 691 1
151 797 1
151 798 1
151 883 1
151 1332 1
156 219 1
159 441 1
159 798 1
165 959 1
170 55 1
170 101 1
170 245 1
170 407 1
170 494 1
170 634 1
173 63 1
173 85 1
173 335 1
184 79 1
184 325 1
184 974 1
190 205 1
190 425 1
190 492 1
190 694 1
196 441 1
196 496 1
196 691 1
196 894 1
196 1401 1
200 3 1
200 771 1
201 117 1
201 200 1
201 245 1
201 491 1
201 605 1
201 622 1
201 753 1
201 857 1
202 151 1
202 335 1
202 498 1
202 797 1
202 798 1
205 1 1
205 55 1
205 101 1
205 117 1
205 190 1
205 265 1
205 407 1
205 425 1
205 447 1
205 492 1
205 694 1
205 883 1
211 603 1
211 605 1
211 612 1
213 34 1
213 1594 1
214 72 1
214 120 1
214 429 1
219 366 1
222 242 1
222 257 1
222 486 1
232 257 1
232 1519 1
240 196 1
240 275 1
240 441 1
240 496 1
240 587 1
240 691 1
240 894 1
242 222 1
242 257 1
242 486 1
245 55 1
245 170 1
245 494 1
245 605 1
245 622 1
245 634 1
245 857 1
248 452 1
248 564 1
248 634 1
252 119 1
252 353 1
252 468 1
252 624 1
252 691 1
252 797 1
252 1332 1
255 468 1
257 222 1
257 242 1
257 545 1
265 1 1
265 117 1
265 205 1
265 407 1
265 425 1
265 447 1
265 491 1
265 883 1
265 970 1
268 32 1
268 285 1
268 498 1
268 531 1
268 779 1
272 45 1
272 80 1
272 125 1
272 312 1
272 327 1
272 496 1
272 674 1
272 869 1
272 960 1
272 1228 1
272 1332 1
275 240 1
275 587 1
275 894 1
277 125 1
277 272 1
277 353 1
277 601 1
277 866 1
277 869 1
285 32 1
285 268 1
285 531 1
285 779 1
285 797 1
312 272 1
312 1228 1
325 28 1
325 79 1
325 85 1
325 184 1
325 364 1
325 452 1
325 642 1
327 45 1
327 151 1
327 272 1
327 335 1
327 691 1
327 797 1
327 883 1
327 1332 1
335 173 1
335 202 1
335 797 1
343 429 1
343 471 1
343 480 1
353 48 1
353 277 1
353 765 1
353 866 1
353 1519 1
364 28 1
364 70 1
364 325 1
364 779 1
364 845 1
366 219 1
388 46 1
388 80 1
388 92 1
388 125 1
388 272 1
388 674 1
388 869 1
388 884 1
407 1 1
407 55 1
407 101 1
407 117 1
407 132 1
407 170 1
407 205 1
407 265 1
407 425 1
407 447 1
407 492 1
407 494 1
407 883 1
425 1 1
425 117 1
425 190 1
425 205 1
425 265 1
425 407 1
425 447 1
425 492 1
425 694 1
425 883 1
429 72 1
429 120 1
429 214 1
429 219 1
429 343 1
429 480 1
429 960 1
440 122 1
440 147 1
440 452 1
440 634 1
440 642 1
441 45 1
441 196 1
441 240 1
441 496 1
441 587 1
441 691 1
441 894 1
447 1 1
447 48 1
447 134 1
447 205 1
447 265 1
447 425 1
447 492 1
447 883 1
452 79 1
452 465 1
452 634 1
452 642 1
452 779 1
465 79 1
465 85 1
465 642 1
468 1 1
468 119 1
468 252 1
468 255 1
468 576 1
468 624 1
468 691 1
471 343 1
471 564 1
480 343 1
480 429 1
486 222 1
486 242 1
488 622 1
488 624 1
488 959 1
491 117 1
491 170 1
491 605 1
491 883 1
492 1 1
492 48 1
492 134 1
492 190 1
492 205 1
492 407 1
492 425 1
492 447 1
492 694 1
494 55 1
494 101 1
494 117 1
494 132 1
494 170 1
494 245 1
494 407 1
494 883 1
496 45 1
496 196 1
496 240 1
496 272 1
496 327 1
496 441 1
496 587 1
496 894 1
498 202 1
498 268 1
502 28 1
502 70 1
502 364 1
502 520 1
502 845 1
520 502 1
520 603 1
520 765 1
520 920 1
531 268 1
531 285 1
531 779 1
545 257 1
545 867 1
545 1828 1
564 248 1
564 471 1
576 119 1
576 255 1
576 468 1
576 624 1
577 622 1
577 959 1
587 240 1
587 275 1
587 441 1
587 496 1
587 894 1
601 38 1
601 232 1
601 272 1
601 277 1
601 866 1
601 869 1
601 1519 1
603 211 1
603 502 1
603 520 1
603 765 1
603 920 1
603 1485 1
605 211 1
605 245 1
605 343 1
605 612 1
605 753 1
612 211 1
612 605 1
622 214 1
622 245 1
622 488 1
622 577 1
622 634 1
622 753 1
622 857 1
622 959 1
624 1 1
624 119 1
624 151 1
624 252 1
624 335 1
624 353 1
624 468 1
624 576 1
624 691 1
624 797 1
634 122 1
634 440 1
634 452 1
642 28 1
642 79 1
642 122 1
642 184 1
642 325 1
642 465 1
642 884 1
674 3 1
674 46 1
674 125 1
674 272 1
674 388 1
674 869 1
691 45 1
691 119 1
691 196 1
691 240 1
691 252 1
691 441 1
691 468 1
691 797 1
691 1332 1
691 1401 1
694 1 1
694 190 1
753 605 1
753 622 1
765 124 1
765 866 1
765 1519 1
769 3 1
769 27 1
769 125 1
769 200 1
769 201 1
769 272 1
769 407 1
769 894 1
769 1401 1
771 27 1
771 200 1
779 28 1
779 70 1
779 268 1
779 285 1
779 364 1
779 452 1
779 531 1
779 587 1
779 845 1
797 252 1
797 335 1
797 624 1
797 691 1
797 798 1
798 624 1
798 797 1
845 28 1
845 70 1
845 364 1
845 502 1
845 587 1
845 779 1
857 201 1
857 245 1
857 622 1
857 634 1
857 753 1
866 48 1
866 272 1
866 353 1
866 601 1
866 603 1
866 765 1
866 869 1
866 960 1
866 1519 1
867 27 1
867 545 1
869 46 1
869 80 1
869 272 1
869 674 1
883 55 1
883 101 1
883 117 1
883 151 1
883 170 1
883 205 1
883 265 1
883 327 1
883 407 1
883 447 1
883 491 1
883 494 1
883 797 1
884 28 1
884 122 1
894 45 1
894 196 1
894 201 1
894 240 1
894 275 1
894 441 1
894 496 1
894 587 1
894 691 1
894 769 1
894 1401 1
920 502 1
920 520 1
920 603 1
959 124 1
959 165 1
959 214 1
959 488 1
959 577 1
959 622 1
960 429 1
960 970 1
970 265 1
970 960 1
974 184 1
974 1828 1
1228 125 1
1228 272 1
1228 312 1
1332 45 1
1332 119 1
1332 151 1
1332 252 1
1332 327 1
1332 691 1
1401 38 1
1401 196 1
1401 769 1
1401 894 1
1485 603 1
1519 232 1
1519 353 1
1519 601 1
1519 765 1
1519 866 1
1519 869 1
1594 34 1
1594 213 1
1828 545 1
1828 974 1
