1 117 1
1 219 1
1 240 1
1 798 1
1 866 1
1 894 1
3 125 1
3 151 1
3 272 1
3 624 1
3 797 1
3 884 1
3 1332 1
27 325 1
27 587 1
28 45 1
28 132 1
28 252 1
28 465 1
28 634 1
28 797 1
28 869 1
28 883 1
32 151 1
32 272 1
32 353 1
32 407 1
34 38 1
34 80 1
34 486 1
34 867 1
45 28 1
45 132 1
45 252 1
45 634 1
45 694 1
45 779 1
45 883 1
46 48 1
46 79 1
46 440 1
46 587 1
48 46 1
48 79 1
48 587 1
55 70 1
55 119 1
55 190 1
55 268 1
55 441 1
55 494 1
55 674 1
55 959 1
61 219 1
63 120 1
63 214 1
63 577 1
70 55 1
70 119 1
70 494 1
70 674 1
70 959 1
72 173 1
72 275 1
72 1401 1
79 46 1
79 48 1
79 327 1
79 343 1
79 425 1
79 440 1
79 587 1
80 34 1
80 465 1
80 480 1
80 486 1
85 1 1
85 117 1
85 245 1
85 587 1
85 605 1
85 691 1
85 769 1
92 214 1
92 545 1
101 72 1
101 122 1
101 170 1
101 205 1
101 447 1
101 496 1
101 603 1
101 622 1
101 1519 1
117 1 1
117 85 1
117 132 1
117 201 1
117 240 1
117 245 1
117 429 1
117 491 1
117 601 1
117 624 1
117 634 1
117 691 1
117 769 1
117 779 1
117 883 1
117 960 1
119 55 1
119 70 1
119 190 1
119 268 1
119 494 1
119 674 1
120 63 1
120 468 1
120 577 1
122 101 1
122 205 1
122 447 1
122 605 1
122 622 1
124 531 1
124 920 1
125 3 1
125 55 1
125 151 1
125 272 1
125 407 1
125 797 1
125 869 1
125 884 1
125 1332 1
132 28 1
132 45 1
132 117 1
132 201 1
132 429 1
132 634 1
132 883 1
134 605 1
134 691 1
134 894 1
147 27 1
147 214 1
147 252 1
147 272 1
147 325 1
147 388 1
147 407 1
147 452 1
147 845 1
147 1401 1
151 3 1
151 32 1
151 125 1
151 272 1
151 353 1
151 364 1
151 388 1
151 407 1
151 502 1
151 694 1
151 765 1
151 797 1
151 869 1
156 694 1
159 125 1
159 219 1
165 974 1
170 101 1
170 407 1
170 452 1
170 496 1
170 622 1
170 845 1
173 72 1
173 170 1
173 1401 1
184 272 1
184 642 1
184 1332 1
190 55 1
190 119 1
190 674 1
190 959 1
196 265 1
196 327 1
196 425 1
196 468 1
196 642 1
200 202 1
200 894 1
201 28 1
201 45 1
201 132 1
201 327 1
201 447 1
201 488 1
201 634 1
201 883 1
202 1 1
202 200 1
202 213 1
202 691 1
202 894 1
205 101 1
205 122 1
205 170 1
205 429 1
205 447 1
205 496 1
205 576 1
205 601 1
205 603 1
205 622 1
205 779 1
205 1519 1
211 222 1
211 242 1
211 257 1
213 335 1
213 492 1
214 92 1
214 312 1
214 545 1
219 1 1
222 211 1
222 242 1
222 277 1
232 265 1
232 694 1
240 1 1
240 117 1
240 691 1
240 769 1
240 779 1
240 798 1
240 866 1
242 211 1
242 222 1
242 257 1
245 1 1
245 85 1
245 117 1
245 335 1
245 624 1
245 691 1
245 769 1
248 520 1
248 564 1
248 634 1
252 28 1
252 45 1
252 147 1
252 325 1
252 797 1
252 869 1
252 883 1
255 771 1
257 211 1
257 242 1
257 265 1
265 92 1
265 120 1
265 196 1
265 232 1
265 257 1
265 285 1
265 425 1
265 468 1
265 642 1
268 55 1
268 119 1
268 441 1
268 494 1
268 612 1
272 3 1
272 125 1
272 184 1
272 353 1
272 364 1
272 452 1
272 491 1
272 502 1
272 765 1
272 797 1
272 1332 1
275 72 1
275 480 1
275 1401 1
277 222 1
277 245 1
277 248 1
277 335 1
277 492 1
277 691 1
285 196 1
285 265 1
285 425 1
285 468 1
285 642 1
312 214 1
312 545 1
325 27 1
325 147 1
325 252 1
325 502 1
325 624 1
325 869 1
325 883 1
327 46 1
327 48 1
327 79 1
327 196 1
327 343 1
327 425 1
327 440 1
327 642 1
335 213 1
335 245 1
335 441 1
343 79 1
343 327 1
343 425 1
353 80 1
353 272 1
353 364 1
353 407 1
353 765 1
364 272 1
364 353 1
364 407 1
364 502 1
364 765 1
366 867 1
388 151 1
388 272 1
388 343 1
388 407 1
388 452 1
388 465 1
388 765 1
388 1332 1
407 32 1
407 125 1
407 151 1
407 170 1
407 272 1
407 353 1
407 364 1
407 388 1
407 452 1
407 765 1
407 845 1
407 857 1
407 1332 1
425 79 1
425 125 1
425 196 1
425 265 1
425 285 1
425 327 1
425 343 1
425 468 1
425 488 1
425 642 1
429 117 1
429 132 1
429 201 1
429 205 1
429 779 1
429 883 1
429 960 1
440 46 1
440 48 1
440 79 1
440 327 1
440 587 1
441 55 1
441 268 1
441 335 1
441 494 1
441 576 1
441 866 1
441 1828 1
447 101 1
447 122 1
447 205 1
447 496 1
447 603 1
447 622 1
447 753 1
447 1519 1
452 184 1
452 272 1
452 388 1
452 642 1
452 1332 1
465 28 1
465 80 1
465 634 1
468 120 1
468 196 1
468 265 1
468 285 1
468 425 1
468 488 1
468 642 1
471 498 1
471 1485 1
480 80 1
480 275 1
486 34 1
486 80 1
488 79 1
488 425 1
488 468 1
491 601 1
491 779 1
491 883 1
491 960 1
492 213 1
492 245 1
492 277 1
492 335 1
492 441 1
492 605 1
492 691 1
492 866 1
492 894 1
494 55 1
494 70 1
494 119 1
494 268 1
494 441 1
494 576 1
494 674 1
494 959 1
496 101 1
496 170 1
496 205 1
496 447 1
496 603 1
496 622 1
496 920 1
496 1519 1
498 471 1
498 753 1
502 272 1
502 353 1
502 364 1
502 797 1
502 869 1
520 184 1
520 248 1
520 564 1
520 894 1
531 124 1
531 1228 1
531 1594 1
545 92 1
545 214 1
545 312 1
564 520 1
564 894 1
576 119 1
576 205 1
576 441 1
576 494 1
577 63 1
577 120 1
587 27 1
587 46 1
587 48 1
587 79 1
587 1828 1
601 170 1
601 205 1
601 491 1
601 622 1
601 753 1
601 779 1
601 960 1
603 38 1
603 101 1
603 122 1
603 205 1
603 447 1
603 1519 1
605 134 1
605 200 1
605 492 1
605 691 1
605 894 1
612 268 1
612 974 1
622 101 1
622 122 1
622 170 1
622 205 1
622 255 1
622 447 1
622 496 1
622 605 1
624 28 1
624 85 1
624 117 1
624 245 1
624 252 1
624 325 1
624 691 1
624 797 1
624 869 1
624 883 1
634 28 1
634 45 1
634 465 1
642 38 1
642 85 1
642 184 1
642 196 1
642 257 1
642 265 1
642 285 1
674 55 1
674 70 1
674 119 1
674 190 1
674 494 1
674 959 1
691 1 1
691 117 1
691 134 1
691 202 1
691 240 1
691 245 1
691 277 1
691 492 1
691 605 1
691 894 1
694 45 1
694 884 1
753 447 1
753 498 1
765 272 1
765 364 1
765 407 1
769 1 1
769 85 1
769 117 1
769 240 1
769 245 1
769 624 1
769 691 1
769 798 1
769 883 1
771 219 1
771 255 1
779 45 1
779 117 1
779 205 1
779 240 1
779 429 1
779 601 1
779 634 1
779 883 1
779 960 1
797 28 1
797 252 1
797 502 1
797 624 1
797 869 1
798 1 1
798 232 1
845 147 1
845 170 1
845 407 1
845 452 1
845 857 1
845 970 1
857 272 1
857 407 1
857 452 1
857 845 1
857 970 1
866 1 1
866 134 1
866 200 1
866 240 1
866 335 1
866 441 1
866 492 1
866 691 1
866 798 1
867 34 1
867 366 1
869 28 1
869 325 1
869 502 1
869 797 1
883 28 1
883 45 1
883 117 1
883 132 1
883 201 1
883 252 1
883 325 1
883 429 1
883 624 1
883 634 1
883 779 1
883 797 1
883 869 1
884 694 1
884 869 1
894 1 1
894 134 1
894 200 1
894 202 1
894 245 1
894 492 1
894 520 1
894 564 1
894 605 1
894 691 1
894 866 1
920 124 1
920 496 1
920 753 1
959 55 1
959 70 1
959 119 1
959 190 1
959 494 1
959 674 1
960 491 1
960 779 1
970 845 1
970 857 1
974 165 1
974 612 1
1228 34 1
1228 531 1
1228 1594 1
1332 3 1
1332 125 1
1332 184 1
1332 272 1
1332 388 1
1332 407 1
1401 72 1
1401 173 1
1401 275 1
1401 452 1
1485 471 1
1519 101 1
1519 122 1
1519 205 1
1519 447 1
1519 496 1
1519 603 1
1594 531 1
1594 1228 1
1828 441 1
1828 587 1
