1 272 1
1 492 1
1 691 1
1 765 1
1 797 1
1 959 1
3 63 1
3 80 1
3 119 1
3 196 1
3 202 1
3 694 1
3 857 1
27 213 1
27 242 1
28 117 1
28 214 1
28 265 1
28 407 1
28 441 1
28 492 1
28 634 1
28 1519 1
32 122 1
32 480 1
32 605 1
32 884 1
34 1 1
34 272 1
34 691 1
34 959 1
45 257 1
45 447 1
45 494 1
45 496 1
45 576 1
45 622 1
45 883 1
46 122 1
46 268 1
46 674 1
46 1594 1
48 119 1
48 120 1
48 845 1
55 79 1
55 117 1
55 170 1
55 240 1
55 245 1
55 325 1
55 894 1
55 1401 1
61 488 1
63 3 1
63 252 1
63 335 1
70 124 1
70 268 1
70 564 1
70 674 1
70 974 1
72 245 1
72 252 1
72 425 1
79 55 1
79 117 1
79 240 1
79 325 1
79 429 1
79 492 1
79 894 1
80 101 1
80 132 1
80 202 1
80 857 1
85 125 1
85 205 1
85 245 1
85 452 1
85 471 1
85 605 1
85 883 1
92 196 1
92 531 1
101 80 1
101 119 1
101 132 1
101 202 1
101 364 1
101 468 1
101 779 1
101 798 1
101 857 1
117 28 1
117 55 1
117 79 1
117 170 1
117 240 1
117 265 1
117 325 1
117 335 1
117 407 1
117 429 1
117 492 1
117 634 1
117 694 1
117 894 1
117 1401 1
117 1519 1
119 48 1
119 101 1
119 132 1
119 364 1
119 468 1
119 779 1
120 48 1
120 447 1
120 845 1
122 46 1
122 72 1
122 498 1
122 545 1
122 970 1
124 70 1
124 674 1
125 45 1
125 151 1
125 407 1
125 622 1
125 753 1
125 769 1
125 866 1
125 869 1
125 883 1
132 48 1
132 80 1
132 101 1
132 119 1
132 364 1
132 468 1
132 779 1
134 151 1
134 753 1
134 1228 1
147 1 1
147 28 1
147 214 1
147 248 1
147 272 1
147 441 1
147 601 1
147 691 1
147 797 1
147 920 1
151 125 1
151 134 1
151 407 1
151 465 1
151 491 1
151 624 1
151 642 1
151 753 1
151 769 1
151 866 1
151 869 1
151 883 1
151 1332 1
156 441 1
159 255 1
159 353 1
165 219 1
170 55 1
170 468 1
170 694 1
170 779 1
170 798 1
170 894 1
173 447 1
173 486 1
173 867 1
184 222 1
184 343 1
184 520 1
190 480 1
190 491 1
190 642 1
190 1332 1
196 3 1
196 92 1
196 275 1
196 531 1
196 1828 1
200 205 1
200 960 1
201 1 1
201 85 1
201 245 1
201 252 1
201 353 1
201 425 1
201 452 1
201 691 1
202 3 1
202 80 1
202 92 1
202 101 1
202 196 1
205 85 1
205 125 1
205 200 1
205 211 1
205 327 1
205 407 1
205 440 1
205 622 1
205 634 1
205 869 1
205 883 1
205 960 1
211 205 1
211 407 1
211 622 1
213 27 1
213 242 1
214 28 1
214 272 1
214 441 1
219 165 1
222 184 1
222 343 1
222 520 1
232 38 1
232 974 1
240 55 1
240 79 1
240 117 1
240 184 1
240 325 1
240 429 1
240 894 1
242 27 1
242 213 1
242 674 1
245 55 1
245 72 1
245 85 1
245 353 1
245 425 1
245 452 1
245 691 1
248 27 1
248 353 1
248 488 1
252 72 1
252 201 1
252 245 1
252 255 1
252 285 1
252 335 1
252 425 1
255 252 1
257 45 1
257 545 1
257 1485 1
265 28 1
265 117 1
265 170 1
265 325 1
265 492 1
265 634 1
265 694 1
265 894 1
265 1519 1
268 46 1
268 70 1
268 564 1
268 674 1
268 1594 1
272 1 1
272 28 1
272 34 1
272 214 1
272 441 1
272 605 1
272 624 1
272 691 1
272 765 1
272 797 1
272 959 1
275 196 1
275 531 1
275 545 1
277 388 1
277 494 1
277 496 1
277 502 1
277 587 1
277 603 1
285 245 1
285 252 1
285 335 1
285 520 1
285 1828 1
312 771 1
312 1228 1
325 55 1
325 79 1
325 117 1
325 170 1
325 240 1
325 265 1
325 894 1
327 205 1
327 407 1
327 440 1
327 622 1
327 634 1
327 797 1
327 869 1
327 883 1
335 63 1
335 252 1
335 285 1
343 184 1
343 222 1
343 366 1
353 85 1
353 245 1
353 425 1
353 452 1
353 691 1
364 101 1
364 119 1
364 132 1
364 468 1
364 779 1
366 343 1
388 46 1
388 277 1
388 494 1
388 496 1
388 502 1
388 587 1
388 601 1
388 605 1
407 28 1
407 117 1
407 125 1
407 151 1
407 205 1
407 211 1
407 327 1
407 335 1
407 634 1
407 769 1
407 869 1
407 883 1
407 1519 1
425 72 1
425 201 1
425 245 1
425 252 1
425 272 1
425 353 1
425 452 1
425 624 1
425 691 1
425 959 1
429 55 1
429 79 1
429 117 1
429 240 1
429 335 1
429 894 1
429 1401 1
440 205 1
440 327 1
440 869 1
440 883 1
440 960 1
441 28 1
441 147 1
441 214 1
441 272 1
441 605 1
441 765 1
441 797 1
447 45 1
447 120 1
447 494 1
447 496 1
447 576 1
447 587 1
447 603 1
447 642 1
452 1 1
452 38 1
452 272 1
452 691 1
452 797 1
465 612 1
465 642 1
465 1332 1
468 101 1
468 119 1
468 132 1
468 170 1
468 364 1
468 779 1
468 798 1
471 85 1
471 884 1
480 32 1
480 190 1
486 173 1
486 867 1
488 248 1
488 364 1
488 674 1
491 190 1
491 219 1
491 642 1
491 1332 1
492 1 1
492 28 1
492 79 1
492 117 1
492 214 1
492 265 1
492 272 1
492 624 1
492 691 1
494 45 1
494 277 1
494 388 1
494 447 1
494 496 1
494 502 1
494 576 1
494 587 1
496 45 1
496 277 1
496 388 1
496 447 1
496 494 1
496 502 1
496 587 1
496 603 1
498 122 1
498 970 1
502 388 1
502 494 1
502 587 1
502 603 1
502 605 1
520 184 1
520 222 1
520 285 1
520 343 1
531 92 1
531 196 1
531 275 1
545 122 1
545 257 1
545 275 1
564 70 1
564 268 1
576 45 1
576 388 1
576 447 1
576 494 1
577 845 1
577 866 1
587 447 1
587 494 1
587 496 1
587 502 1
587 603 1
601 34 1
601 120 1
601 147 1
601 272 1
601 797 1
601 845 1
601 920 1
603 219 1
603 447 1
603 496 1
603 502 1
603 587 1
603 884 1
605 32 1
605 213 1
605 272 1
605 441 1
605 765 1
612 465 1
612 1332 1
622 45 1
622 205 1
622 211 1
622 327 1
622 407 1
622 642 1
622 769 1
622 883 1
624 1 1
624 201 1
624 272 1
624 425 1
624 452 1
624 492 1
624 691 1
624 765 1
624 797 1
624 959 1
634 28 1
634 205 1
634 883 1
642 122 1
642 184 1
642 190 1
642 232 1
642 447 1
642 465 1
642 1332 1
674 46 1
674 70 1
674 124 1
674 242 1
674 268 1
674 488 1
691 1 1
691 34 1
691 245 1
691 272 1
691 353 1
691 425 1
691 452 1
691 624 1
691 765 1
691 797 1
694 170 1
694 265 1
753 134 1
753 151 1
765 1 1
765 441 1
765 605 1
769 125 1
769 151 1
769 257 1
769 327 1
769 407 1
769 491 1
769 622 1
769 642 1
769 869 1
771 219 1
771 312 1
779 48 1
779 101 1
779 119 1
779 132 1
779 170 1
779 364 1
779 468 1
779 798 1
779 845 1
797 1 1
797 272 1
797 441 1
797 452 1
797 691 1
798 201 1
798 779 1
845 48 1
845 120 1
845 272 1
845 577 1
845 601 1
845 779 1
857 3 1
857 80 1
857 101 1
857 119 1
857 779 1
866 125 1
866 134 1
866 200 1
866 577 1
866 634 1
866 753 1
866 869 1
866 883 1
866 960 1
867 173 1
867 486 1
869 205 1
869 407 1
869 866 1
869 1332 1
883 45 1
883 125 1
883 200 1
883 205 1
883 327 1
883 407 1
883 440 1
883 622 1
883 634 1
883 866 1
883 869 1
883 960 1
883 1519 1
884 471 1
884 624 1
894 55 1
894 79 1
894 117 1
894 170 1
894 240 1
894 265 1
894 325 1
894 429 1
894 564 1
894 694 1
894 1401 1
920 147 1
920 601 1
920 797 1
959 1 1
959 34 1
959 272 1
959 425 1
959 624 1
959 691 1
960 200 1
960 205 1
970 122 1
970 498 1
974 70 1
974 232 1
1228 38 1
1228 134 1
1228 312 1
1332 190 1
1332 465 1
1332 491 1
1332 612 1
1332 642 1
1332 869 1
1401 55 1
1401 79 1
1401 429 1
1401 894 1
1485 257 1
1519 28 1
1519 117 1
1519 265 1
1519 407 1
1519 634 1
1519 883 1
1594 46 1
1594 268 1
1828 196 1
1828 285 1
