1 48 1
1 72 1
1 122 1
1 205 1
1 502 1
1 691 1
3 1 1
3 151 1
3 205 1
3 335 1
3 691 1
3 894 1
3 960 1
27 920 1
27 974 1
28 45 1
28 55 1
28 79 1
28 240 1
28 325 1
28 496 1
28 674 1
28 779 1
32 425 1
32 441 1
32 624 1
32 869 1
34 120 1
34 196 1
34 242 1
34 440 1
45 28 1
45 202 1
45 205 1
45 275 1
45 285 1
45 494 1
45 779 1
46 85 1
46 388 1
46 452 1
46 798 1
48 1 1
48 335 1
48 502 1
55 28 1
55 79 1
55 240 1
55 325 1
55 605 1
55 674 1
55 779 1
55 857 1
61 46 1
63 165 1
63 196 1
63 335 1
70 425 1
70 441 1
70 447 1
70 498 1
70 869 1
72 1 1
72 122 1
72 691 1
79 28 1
79 55 1
79 325 1
79 343 1
79 496 1
79 674 1
79 779 1
80 92 1
80 222 1
80 268 1
80 605 1
85 28 1
85 46 1
85 388 1
85 407 1
85 452 1
85 622 1
85 1332 1
92 80 1
92 605 1
101 272 1
101 327 1
101 407 1
101 587 1
101 634 1
101 642 1
101 845 1
101 883 1
101 1332 1
117 119 1
117 125 1
117 170 1
117 252 1
117 272 1
117 364 1
117 407 1
117 429 1
117 491 1
117 492 1
117 624 1
117 642 1
117 769 1
117 797 1
117 866 1
117 883 1
119 117 1
119 125 1
119 170 1
119 252 1
119 429 1
119 797 1
120 242 1
120 601 1
120 894 1
122 1 1
122 72 1
122 170 1
122 691 1
122 894 1
124 196 1
124 1828 1
125 117 1
125 119 1
125 170 1
125 252 1
125 388 1
125 452 1
125 765 1
125 797 1
125 798 1
132 184 1
132 190 1
132 265 1
132 468 1
132 603 1
132 959 1
132 1519 1
134 200 1
134 257 1
134 312 1
147 80 1
147 92 1
147 119 1
147 252 1
147 268 1
147 564 1
147 601 1
147 605 1
147 694 1
147 1594 1
151 1 1
151 3 1
151 38 1
151 48 1
151 205 1
151 335 1
151 452 1
151 488 1
151 502 1
151 691 1
151 884 1
151 894 1
151 960 1
156 38 1
159 85 1
159 335 1
165 63 1
170 117 1
170 119 1
170 125 1
170 252 1
170 492 1
170 797 1
173 219 1
173 564 1
173 884 1
184 265 1
184 468 1
184 603 1
190 132 1
190 265 1
190 468 1
190 959 1
196 34 1
196 124 1
196 242 1
196 440 1
196 576 1
200 134 1
200 257 1
201 1 1
201 27 1
201 72 1
201 122 1
201 245 1
201 691 1
201 866 1
201 894 1
202 45 1
202 205 1
202 214 1
202 353 1
202 494 1
205 1 1
205 3 1
205 45 1
205 151 1
205 202 1
205 214 1
205 285 1
205 353 1
205 494 1
205 502 1
205 691 1
205 894 1
211 265 1
211 465 1
211 520 1
213 486 1
213 531 1
214 205 1
214 353 1
214 494 1
219 1228 1
222 80 1
222 268 1
222 471 1
232 134 1
232 1228 1
240 28 1
240 55 1
240 79 1
240 325 1
240 496 1
240 674 1
240 779 1
242 34 1
242 120 1
242 196 1
245 201 1
245 425 1
245 441 1
245 601 1
245 691 1
245 869 1
245 894 1
248 388 1
248 622 1
248 1485 1
252 117 1
252 119 1
252 147 1
252 170 1
252 268 1
252 605 1
252 797 1
255 564 1
257 134 1
257 200 1
257 312 1
265 132 1
265 184 1
265 190 1
265 211 1
265 353 1
265 468 1
265 603 1
265 959 1
265 1519 1
268 80 1
268 147 1
268 222 1
268 252 1
268 797 1
272 101 1
272 201 1
272 245 1
272 327 1
272 364 1
272 491 1
272 587 1
272 634 1
272 753 1
272 883 1
272 1332 1
275 45 1
275 285 1
275 494 1
277 272 1
277 327 1
277 407 1
277 634 1
277 845 1
277 1332 1
285 45 1
285 205 1
285 275 1
285 494 1
285 691 1
312 134 1
312 257 1
325 28 1
325 45 1
325 55 1
325 79 1
325 240 1
325 496 1
325 779 1
327 101 1
327 272 1
327 407 1
327 587 1
327 634 1
327 753 1
327 883 1
327 1332 1
335 48 1
335 63 1
335 960 1
343 79 1
343 502 1
343 642 1
353 214 1
353 257 1
353 488 1
353 494 1
353 960 1
364 272 1
364 407 1
364 624 1
364 866 1
364 883 1
366 471 1
388 34 1
388 46 1
388 85 1
388 125 1
388 452 1
388 622 1
388 765 1
388 798 1
407 101 1
407 117 1
407 272 1
407 277 1
407 327 1
407 364 1
407 587 1
407 634 1
407 769 1
407 845 1
407 866 1
407 883 1
407 1332 1
425 32 1
425 70 1
425 245 1
425 441 1
425 447 1
425 622 1
425 624 1
425 691 1
425 869 1
425 1401 1
429 117 1
429 119 1
429 343 1
429 492 1
429 642 1
429 797 1
429 883 1
440 34 1
440 196 1
440 200 1
440 576 1
440 605 1
441 70 1
441 245 1
441 425 1
441 447 1
441 624 1
441 765 1
441 869 1
447 70 1
447 425 1
447 441 1
447 498 1
447 622 1
447 765 1
447 869 1
447 1401 1
452 46 1
452 48 1
452 170 1
452 492 1
452 765 1
465 211 1
465 520 1
465 576 1
468 132 1
468 184 1
468 190 1
468 219 1
468 265 1
468 603 1
468 1519 1
471 222 1
471 366 1
480 577 1
480 970 1
486 213 1
486 531 1
488 353 1
488 884 1
488 959 1
491 125 1
491 245 1
491 272 1
491 883 1
492 117 1
492 125 1
492 170 1
492 429 1
492 452 1
492 634 1
492 642 1
492 797 1
492 883 1
494 45 1
494 202 1
494 205 1
494 214 1
494 275 1
494 285 1
494 353 1
494 691 1
496 28 1
496 55 1
496 79 1
496 240 1
496 325 1
496 674 1
496 779 1
496 857 1
498 70 1
498 447 1
502 1 1
502 48 1
502 205 1
502 343 1
502 587 1
520 119 1
520 211 1
520 465 1
520 769 1
531 213 1
531 486 1
531 545 1
545 531 1
545 612 1
545 867 1
564 173 1
564 255 1
576 196 1
576 200 1
576 440 1
576 465 1
577 480 1
577 970 1
587 101 1
587 272 1
587 407 1
587 753 1
587 883 1
601 1 1
601 120 1
601 122 1
601 201 1
601 245 1
601 691 1
601 894 1
603 132 1
603 184 1
603 219 1
603 468 1
603 960 1
603 1519 1
605 55 1
605 80 1
605 92 1
605 213 1
605 857 1
612 545 1
612 867 1
622 85 1
622 388 1
622 425 1
622 447 1
622 452 1
622 765 1
622 869 1
622 1401 1
624 32 1
624 117 1
624 245 1
624 272 1
624 364 1
624 425 1
624 441 1
624 447 1
624 694 1
624 869 1
634 101 1
634 272 1
634 845 1
642 38 1
642 170 1
642 343 1
642 429 1
642 492 1
642 797 1
642 883 1
674 28 1
674 55 1
674 79 1
674 240 1
674 496 1
674 779 1
691 1 1
691 3 1
691 72 1
691 122 1
691 151 1
691 205 1
691 425 1
691 494 1
691 869 1
691 894 1
694 1519 1
694 1594 1
753 272 1
753 587 1
765 441 1
765 447 1
765 622 1
769 117 1
769 272 1
769 407 1
769 520 1
769 634 1
769 642 1
769 797 1
769 798 1
769 866 1
771 465 1
771 1401 1
779 28 1
779 45 1
779 55 1
779 79 1
779 232 1
779 240 1
779 325 1
779 496 1
779 674 1
797 117 1
797 119 1
797 125 1
797 252 1
797 268 1
798 46 1
798 452 1
845 101 1
845 272 1
845 277 1
845 407 1
845 634 1
845 1332 1
857 28 1
857 55 1
857 496 1
857 605 1
857 779 1
866 117 1
866 214 1
866 364 1
866 407 1
866 491 1
866 624 1
866 642 1
866 769 1
866 883 1
867 545 1
867 612 1
869 70 1
869 245 1
869 441 1
869 447 1
883 101 1
883 272 1
883 327 1
883 364 1
883 407 1
883 429 1
883 491 1
883 492 1
883 587 1
883 624 1
883 634 1
883 642 1
883 753 1
884 173 1
884 255 1
894 1 1
894 3 1
894 120 1
894 122 1
894 151 1
894 201 1
894 205 1
894 245 1
894 502 1
894 601 1
894 691 1
920 27 1
920 85 1
920 974 1
959 132 1
959 190 1
959 248 1
959 265 1
959 488 1
959 1828 1
960 151 1
960 335 1
970 480 1
970 577 1
974 27 1
974 920 1
1228 219 1
1228 232 1
1228 694 1
1332 101 1
1332 272 1
1332 277 1
1332 327 1
1332 407 1
1332 845 1
1401 447 1
1401 622 1
1401 771 1
1401 869 1
1485 248 1
1519 132 1
1519 184 1
1519 265 1
1519 468 1
1519 603 1
1519 694 1
1594 147 1
1594 694 1
1828 124 1
1828 959 1
