1 45 1
1 72 1
1 196 1
1 214 1
1 494 1
1 920 1
3 28 1
3 55 1
3 117 1
3 205 1
3 272 1
3 753 1
3 845 1
27 170 1
27 407 1
28 3 1
28 55 1
28 122 1
28 184 1
28 205 1
28 240 1
28 407 1
28 425 1
32 200 1
32 492 1
32 601 1
32 857 1
34 101 1
34 147 1
34 202 1
34 219 1
45 1 1
45 72 1
45 196 1
45 214 1
45 494 1
45 883 1
45 959 1
46 70 1
46 587 1
46 674 1
46 779 1
48 165 1
48 468 1
48 605 1
55 28 1
55 117 1
55 205 1
55 240 1
55 425 1
55 753 1
55 845 1
55 894 1
61 603 1
63 502 1
63 576 1
63 1594 1
70 46 1
70 265 1
70 587 1
70 674 1
70 779 1
72 1 1
72 45 1
72 494 1
79 101 1
79 125 1
79 364 1
79 407 1
79 441 1
79 447 1
79 779 1
80 388 1
80 634 1
80 642 1
80 691 1
85 201 1
85 245 1
85 272 1
85 624 1
85 634 1
85 691 1
85 883 1
92 272 1
92 691 1
101 34 1
101 79 1
101 147 1
101 202 1
101 265 1
101 364 1
101 587 1
101 674 1
101 779 1
117 3 1
117 28 1
117 55 1
117 85 1
117 205 1
117 240 1
117 245 1
117 272 1
117 407 1
117 425 1
117 447 1
117 601 1
117 624 1
117 753 1
117 845 1
117 894 1
119 120 1
119 132 1
119 429 1
119 488 1
119 797 1
119 1519 1
120 119 1
120 797 1
120 1519 1
122 28 1
122 205 1
122 452 1
122 624 1
122 894 1
124 242 1
124 587 1
125 79 1
125 232 1
125 245 1
125 268 1
125 327 1
125 441 1
125 447 1
125 869 1
125 960 1
132 119 1
132 277 1
132 429 1
132 440 1
132 797 1
132 1401 1
132 1519 1
134 480 1
134 564 1
134 1485 1
147 34 1
147 79 1
147 101 1
147 170 1
147 202 1
147 219 1
147 335 1
147 364 1
147 407 1
147 1332 1
151 125 1
151 213 1
151 327 1
151 343 1
151 353 1
151 407 1
151 441 1
151 447 1
151 496 1
151 605 1
151 765 1
151 960 1
151 970 1
156 214 1
159 765 1
159 866 1
165 48 1
170 27 1
170 134 1
170 335 1
170 407 1
170 480 1
170 1332 1
173 242 1
173 564 1
173 970 1
184 28 1
184 471 1
184 765 1
190 285 1
190 325 1
190 335 1
190 1332 1
196 1 1
196 45 1
196 494 1
196 883 1
196 959 1
200 492 1
200 545 1
201 1 1
201 92 1
201 196 1
201 214 1
201 272 1
201 452 1
201 691 1
201 883 1
202 27 1
202 34 1
202 101 1
202 147 1
202 219 1
205 3 1
205 28 1
205 55 1
205 117 1
205 122 1
205 272 1
205 425 1
205 452 1
205 622 1
205 624 1
205 845 1
205 894 1
211 275 1
211 325 1
211 867 1
213 343 1
213 496 1
214 1 1
214 45 1
214 883 1
219 603 1
222 265 1
222 312 1
222 364 1
232 268 1
232 327 1
240 28 1
240 55 1
240 117 1
240 184 1
240 425 1
240 694 1
240 769 1
242 124 1
242 173 1
242 564 1
245 85 1
245 272 1
245 407 1
245 447 1
245 691 1
245 869 1
245 883 1
248 170 1
248 335 1
248 1332 1
252 465 1
252 491 1
252 502 1
252 622 1
252 694 1
252 866 1
252 884 1
255 576 1
257 468 1
257 496 1
257 603 1
265 46 1
265 70 1
265 101 1
265 222 1
265 364 1
265 465 1
265 587 1
265 674 1
265 779 1
268 125 1
268 232 1
268 327 1
268 407 1
268 441 1
272 85 1
272 92 1
272 122 1
272 201 1
272 205 1
272 245 1
272 624 1
272 691 1
272 798 1
272 883 1
272 894 1
275 211 1
275 325 1
275 867 1
277 119 1
277 132 1
277 429 1
277 605 1
277 797 1
277 1401 1
285 170 1
285 190 1
285 325 1
285 486 1
285 1332 1
312 222 1
312 364 1
325 190 1
325 211 1
325 275 1
325 285 1
325 335 1
325 486 1
325 1332 1
327 125 1
327 151 1
327 268 1
327 407 1
327 441 1
327 496 1
327 765 1
327 869 1
335 170 1
335 190 1
335 1332 1
343 213 1
343 496 1
343 520 1
353 48 1
353 272 1
353 468 1
353 605 1
353 974 1
364 79 1
364 101 1
364 222 1
364 265 1
364 312 1
366 974 1
388 1 1
388 38 1
388 45 1
388 80 1
388 494 1
388 642 1
388 691 1
388 920 1
407 27 1
407 28 1
407 79 1
407 117 1
407 125 1
407 151 1
407 170 1
407 245 1
407 268 1
407 327 1
407 441 1
407 447 1
407 869 1
425 28 1
425 55 1
425 117 1
425 205 1
425 240 1
425 452 1
425 622 1
425 694 1
425 769 1
425 894 1
429 119 1
429 132 1
429 277 1
429 488 1
429 797 1
429 1401 1
429 1519 1
440 119 1
440 132 1
440 388 1
440 769 1
440 797 1
441 79 1
441 125 1
441 151 1
441 268 1
441 407 1
441 447 1
441 496 1
447 79 1
447 117 1
447 125 1
447 245 1
447 407 1
447 441 1
447 869 1
447 960 1
452 80 1
452 622 1
452 634 1
452 642 1
452 691 1
465 252 1
465 265 1
465 779 1
468 48 1
468 257 1
468 353 1
468 577 1
468 603 1
468 605 1
468 869 1
471 184 1
471 765 1
480 134 1
480 170 1
486 285 1
486 325 1
488 119 1
488 120 1
488 797 1
491 252 1
491 502 1
491 779 1
491 884 1
492 32 1
492 200 1
492 255 1
492 272 1
492 545 1
492 601 1
492 771 1
492 798 1
492 857 1
494 1 1
494 45 1
494 72 1
494 196 1
494 388 1
494 531 1
494 883 1
494 959 1
496 151 1
496 213 1
496 257 1
496 327 1
496 343 1
496 441 1
496 520 1
496 869 1
498 612 1
498 1828 1
502 252 1
502 491 1
502 866 1
502 884 1
502 960 1
520 38 1
520 343 1
520 496 1
520 869 1
531 494 1
531 883 1
531 959 1
545 200 1
545 492 1
545 857 1
564 134 1
564 242 1
576 63 1
576 255 1
576 502 1
576 1594 1
577 468 1
577 605 1
587 46 1
587 70 1
587 124 1
587 674 1
587 779 1
601 117 1
601 245 1
601 272 1
601 353 1
601 492 1
601 691 1
601 798 1
603 48 1
603 219 1
603 257 1
603 468 1
603 605 1
603 869 1
605 48 1
605 353 1
605 468 1
605 577 1
605 869 1
612 498 1
612 1828 1
622 205 1
622 252 1
622 425 1
622 452 1
622 491 1
622 694 1
622 866 1
622 894 1
624 38 1
624 85 1
624 117 1
624 122 1
624 201 1
624 205 1
624 452 1
624 634 1
624 691 1
624 894 1
634 80 1
634 691 1
634 883 1
642 80 1
642 252 1
642 452 1
642 465 1
642 634 1
642 691 1
642 1228 1
674 46 1
674 70 1
674 101 1
674 265 1
674 587 1
674 779 1
691 1 1
691 80 1
691 92 1
691 245 1
691 272 1
691 388 1
691 601 1
691 634 1
691 642 1
691 883 1
694 240 1
694 252 1
753 55 1
753 845 1
765 184 1
765 471 1
765 960 1
769 85 1
769 240 1
769 425 1
769 440 1
769 622 1
769 642 1
769 694 1
769 797 1
769 1228 1
771 492 1
771 642 1
779 34 1
779 46 1
779 70 1
779 79 1
779 101 1
779 265 1
779 465 1
779 587 1
779 674 1
797 119 1
797 120 1
797 440 1
797 488 1
797 1519 1
798 272 1
798 353 1
845 3 1
845 28 1
845 55 1
845 117 1
845 205 1
845 753 1
857 32 1
857 272 1
857 492 1
857 545 1
857 798 1
866 200 1
866 252 1
866 491 1
866 502 1
866 622 1
866 624 1
866 634 1
866 642 1
866 894 1
867 211 1
867 275 1
869 245 1
869 447 1
869 520 1
869 603 1
883 1 1
883 45 1
883 72 1
883 122 1
883 196 1
883 201 1
883 214 1
883 272 1
883 494 1
883 531 1
883 634 1
883 691 1
883 959 1
884 257 1
884 502 1
894 55 1
894 117 1
894 122 1
894 205 1
894 272 1
894 425 1
894 452 1
894 622 1
894 624 1
894 634 1
894 866 1
920 1 1
920 184 1
920 388 1
959 1 1
959 45 1
959 196 1
959 494 1
959 531 1
959 883 1
960 447 1
960 765 1
970 151 1
970 173 1
974 353 1
974 366 1
1228 248 1
1228 642 1
1228 769 1
1332 170 1
1332 190 1
1332 248 1
1332 285 1
1332 325 1
1332 335 1
1401 132 1
1401 277 1
1401 429 1
1401 797 1
1485 134 1
1519 119 1
1519 120 1
1519 132 1
1519 429 1
1519 797 1
1519 1401 1
1594 63 1
1594 576 1
1828 498 1
1828 612 1
