1 92 1
1 134 1
1 173 1
1 219 1
1 252 1
1 465 1
3 1 1
3 219 1
3 245 1
3 440 1
3 492 1
3 605 1
3 694 1
27 125 1
27 496 1
28 117 1
28 407 1
28 425 1
28 441 1
28 622 1
28 634 1
28 869 1
28 894 1
32 170 1
32 200 1
32 753 1
32 845 1
34 1 1
34 85 1
34 245 1
34 691 1
45 70 1
45 79 1
45 205 1
45 240 1
45 265 1
45 468 1
45 494 1
46 364 1
46 674 1
46 866 1
46 1519 1
48 205 1
48 468 1
48 491 1
55 85 1
55 125 1
55 272 1
55 325 1
55 388 1
55 452 1
55 883 1
55 1332 1
61 219 1
63 72 1
63 388 1
63 1828 1
70 45 1
70 205 1
70 240 1
70 265 1
70 494 1
72 275 1
72 312 1
72 1401 1
79 45 1
79 122 1
79 205 1
79 211 1
79 265 1
79 491 1
79 494 1
80 753 1
80 845 1
80 920 1
80 970 1
85 1 1
85 34 1
85 55 1
85 245 1
85 353 1
85 465 1
85 492 1
92 1 1
92 245 1
101 147 1
101 184 1
101 201 1
101 327 1
101 335 1
101 441 1
101 601 1
101 691 1
101 765 1
117 28 1
117 125 1
117 147 1
117 151 1
117 202 1
117 272 1
117 407 1
117 425 1
117 441 1
117 447 1
117 622 1
117 634 1
117 691 1
117 869 1
117 883 1
117 894 1
119 132 1
119 277 1
119 634 1
119 642 1
119 960 1
119 1332 1
120 257 1
120 520 1
120 576 1
122 79 1
122 214 1
122 242 1
122 884 1
122 1594 1
124 222 1
124 545 1
125 27 1
125 55 1
125 200 1
125 272 1
125 327 1
125 353 1
125 388 1
125 452 1
125 883 1
132 119 1
132 272 1
132 277 1
132 325 1
132 577 1
132 642 1
132 1332 1
134 1 1
134 173 1
134 255 1
147 101 1
147 117 1
147 184 1
147 201 1
147 213 1
147 447 1
147 691 1
147 694 1
147 765 1
147 883 1
151 27 1
151 117 1
151 125 1
151 272 1
151 327 1
151 407 1
151 425 1
151 622 1
151 765 1
151 798 1
151 869 1
151 894 1
151 960 1
156 85 1
159 196 1
159 232 1
165 771 1
170 32 1
170 252 1
170 603 1
170 624 1
170 769 1
170 797 1
173 1 1
173 134 1
173 219 1
184 101 1
184 335 1
184 691 1
190 364 1
190 496 1
190 674 1
190 1519 1
196 268 1
196 285 1
196 502 1
196 779 1
196 959 1
200 277 1
200 798 1
201 147 1
201 272 1
201 452 1
201 488 1
201 624 1
201 765 1
201 883 1
201 960 1
202 28 1
202 117 1
202 425 1
202 634 1
202 894 1
205 45 1
205 48 1
205 70 1
205 79 1
205 211 1
205 240 1
205 252 1
205 265 1
205 468 1
205 491 1
205 494 1
205 624 1
211 79 1
211 205 1
211 494 1
213 471 1
213 480 1
214 122 1
214 252 1
214 974 1
219 1 1
222 124 1
222 545 1
222 612 1
232 691 1
232 1485 1
240 45 1
240 48 1
240 70 1
240 205 1
240 265 1
240 468 1
240 494 1
242 122 1
242 335 1
242 884 1
245 1 1
245 3 1
245 34 1
245 92 1
245 353 1
245 492 1
245 605 1
248 214 1
248 335 1
248 691 1
252 1 1
252 122 1
252 170 1
252 205 1
252 214 1
252 624 1
252 1594 1
255 134 1
257 120 1
257 486 1
257 779 1
265 45 1
265 48 1
265 70 1
265 79 1
265 205 1
265 240 1
265 468 1
265 491 1
265 494 1
268 196 1
268 285 1
268 502 1
268 779 1
268 959 1
272 55 1
272 119 1
272 125 1
272 132 1
272 325 1
272 407 1
272 642 1
272 883 1
272 894 1
272 960 1
272 1332 1
275 72 1
275 498 1
275 867 1
277 119 1
277 132 1
277 200 1
277 255 1
277 488 1
277 634 1
285 196 1
285 268 1
285 502 1
285 779 1
285 959 1
312 72 1
312 1401 1
325 55 1
325 132 1
325 272 1
325 407 1
325 642 1
325 883 1
325 1332 1
327 55 1
327 101 1
327 125 1
327 201 1
327 272 1
327 452 1
327 765 1
327 1332 1
335 101 1
335 184 1
335 242 1
343 587 1
343 797 1
343 866 1
353 38 1
353 245 1
353 465 1
353 492 1
353 605 1
364 46 1
364 190 1
364 496 1
364 674 1
364 866 1
366 577 1
388 55 1
388 63 1
388 85 1
388 245 1
388 440 1
388 452 1
388 605 1
388 1828 1
407 28 1
407 117 1
407 151 1
407 272 1
407 325 1
407 429 1
407 441 1
407 447 1
407 622 1
407 769 1
407 869 1
407 883 1
407 894 1
425 28 1
425 117 1
425 151 1
425 202 1
425 407 1
425 634 1
425 642 1
425 869 1
425 883 1
425 894 1
429 170 1
429 407 1
429 587 1
429 603 1
429 769 1
429 797 1
429 869 1
440 3 1
440 245 1
440 388 1
440 452 1
440 605 1
441 28 1
441 101 1
441 117 1
441 407 1
441 447 1
441 622 1
441 691 1
447 117 1
447 407 1
447 441 1
447 622 1
447 691 1
447 694 1
447 857 1
447 883 1
452 55 1
452 272 1
452 327 1
452 605 1
452 1332 1
465 1 1
465 353 1
465 492 1
468 45 1
468 48 1
468 205 1
468 240 1
468 252 1
468 265 1
468 494 1
471 213 1
471 480 1
480 213 1
480 471 1
486 257 1
486 779 1
488 201 1
488 576 1
488 1401 1
491 48 1
491 79 1
491 779 1
491 798 1
492 1 1
492 3 1
492 34 1
492 85 1
492 92 1
492 245 1
492 353 1
492 465 1
492 605 1
494 45 1
494 70 1
494 79 1
494 205 1
494 211 1
494 240 1
494 265 1
494 468 1
496 27 1
496 46 1
496 190 1
496 364 1
496 531 1
496 564 1
496 674 1
496 1519 1
498 275 1
498 867 1
502 196 1
502 268 1
502 779 1
502 798 1
502 959 1
520 120 1
520 502 1
520 576 1
520 779 1
531 496 1
531 674 1
531 1519 1
545 124 1
545 222 1
545 612 1
564 496 1
564 974 1
576 120 1
576 134 1
576 488 1
576 520 1
577 132 1
577 366 1
587 343 1
587 429 1
587 797 1
587 866 1
587 869 1
601 101 1
601 184 1
601 248 1
601 335 1
601 587 1
601 691 1
601 769 1
603 80 1
603 170 1
603 429 1
603 624 1
603 797 1
603 1228 1
605 3 1
605 245 1
605 440 1
605 492 1
605 884 1
612 222 1
612 545 1
622 28 1
622 117 1
622 151 1
622 441 1
622 447 1
622 691 1
622 857 1
622 869 1
624 45 1
624 79 1
624 122 1
624 170 1
624 205 1
624 214 1
624 252 1
624 603 1
624 797 1
624 1228 1
634 28 1
634 119 1
634 642 1
642 28 1
642 119 1
642 353 1
642 425 1
642 634 1
642 894 1
642 960 1
674 46 1
674 190 1
674 364 1
674 496 1
674 531 1
674 1519 1
691 34 1
691 101 1
691 184 1
691 248 1
691 335 1
691 441 1
691 447 1
691 601 1
691 694 1
691 857 1
694 447 1
694 691 1
753 80 1
753 845 1
765 101 1
765 327 1
765 883 1
769 170 1
769 343 1
769 407 1
769 429 1
769 587 1
769 601 1
769 797 1
769 866 1
769 869 1
771 38 1
771 165 1
779 120 1
779 196 1
779 257 1
779 268 1
779 285 1
779 486 1
779 502 1
779 520 1
779 959 1
797 343 1
797 429 1
797 587 1
797 869 1
797 1401 1
798 200 1
798 601 1
845 32 1
845 80 1
845 170 1
845 753 1
845 920 1
845 970 1
857 441 1
857 447 1
857 622 1
857 691 1
857 694 1
866 46 1
866 272 1
866 343 1
866 364 1
866 452 1
866 587 1
866 603 1
866 624 1
866 797 1
867 275 1
867 498 1
869 28 1
869 425 1
869 587 1
869 797 1
883 55 1
883 117 1
883 125 1
883 272 1
883 325 1
883 407 1
883 425 1
883 447 1
883 452 1
883 634 1
883 642 1
883 765 1
883 894 1
884 38 1
884 242 1
894 28 1
894 117 1
894 119 1
894 151 1
894 202 1
894 272 1
894 407 1
894 425 1
894 634 1
894 642 1
894 883 1
920 80 1
920 753 1
920 845 1
959 196 1
959 257 1
959 268 1
959 285 1
959 502 1
959 779 1
960 119 1
960 272 1
970 80 1
970 845 1
974 214 1
974 564 1
1228 170 1
1228 603 1
1228 624 1
1332 55 1
1332 119 1
1332 132 1
1332 272 1
1332 325 1
1332 327 1
1401 72 1
1401 312 1
1401 564 1
1401 797 1
1485 232 1
1519 46 1
1519 190 1
1519 364 1
1519 496 1
1519 531 1
1519 674 1
1594 122 1
1594 252 1
1828 63 1
1828 388 1
