1 45 1
1 63 1
1 117 1
1 120 1
1 327 1
1 691 1
3 101 1
3 147 1
3 245 1
3 447 1
3 694 1
3 765 1
3 894 1
27 211 1
27 486 1
28 45 1
28 205 1
28 272 1
28 441 1
28 465 1
28 492 1
28 624 1
28 779 1
32 232 1
32 277 1
32 353 1
32 364 1
34 184 1
34 494 1
34 1228 1
34 1519 1
45 1 1
45 28 1
45 63 1
45 117 1
45 205 1
45 465 1
45 622 1
46 132 1
46 257 1
46 494 1
46 674 1
48 240 1
48 468 1
48 634 1
55 79 1
55 170 1
55 327 1
55 407 1
55 425 1
55 502 1
55 601 1
55 691 1
61 1 1
63 1 1
63 45 1
63 200 1
70 101 1
70 245 1
70 447 1
70 603 1
70 894 1
72 200 1
72 242 1
72 1401 1
79 55 1
79 170 1
79 327 1
79 407 1
79 425 1
79 691 1
79 753 1
80 252 1
80 268 1
80 364 1
80 587 1
85 92 1
85 125 1
85 205 1
85 272 1
85 335 1
85 771 1
85 845 1
92 196 1
92 1332 1
101 3 1
101 70 1
101 147 1
101 202 1
101 245 1
101 343 1
101 447 1
101 883 1
101 894 1
117 1 1
117 28 1
117 45 1
117 151 1
117 205 1
117 213 1
117 272 1
117 325 1
117 335 1
117 441 1
117 465 1
117 496 1
117 622 1
117 691 1
117 869 1
117 883 1
119 214 1
119 272 1
119 492 1
119 642 1
119 769 1
119 779 1
120 1 1
120 622 1
120 691 1
122 45 1
122 285 1
122 407 1
122 425 1
122 857 1
124 219 1
124 285 1
125 46 1
125 80 1
125 388 1
125 452 1
125 488 1
125 494 1
125 587 1
125 605 1
125 797 1
132 46 1
132 196 1
132 222 1
132 257 1
132 531 1
132 674 1
132 1828 1
134 312 1
134 576 1
134 577 1
147 3 1
147 101 1
147 214 1
147 245 1
147 248 1
147 447 1
147 694 1
147 765 1
147 883 1
147 894 1
151 1 1
151 48 1
151 117 1
151 120 1
151 240 1
151 327 1
151 468 1
151 496 1
151 622 1
151 634 1
151 691 1
151 869 1
151 883 1
156 38 1
159 72 1
159 869 1
165 884 1
170 38 1
170 55 1
170 79 1
170 502 1
170 691 1
170 866 1
173 312 1
173 576 1
173 884 1
184 494 1
184 564 1
184 869 1
190 255 1
190 471 1
190 491 1
190 970 1
196 92 1
196 520 1
196 845 1
196 1332 1
196 1594 1
200 72 1
200 242 1
201 28 1
201 265 1
201 353 1
201 441 1
201 452 1
201 491 1
201 624 1
201 642 1
202 101 1
202 219 1
202 245 1
202 883 1
202 894 1
205 28 1
205 45 1
205 85 1
205 117 1
205 272 1
205 325 1
205 335 1
205 440 1
205 465 1
205 622 1
205 869 1
205 959 1
211 27 1
211 214 1
211 486 1
213 545 1
213 974 1
214 119 1
214 211 1
214 779 1
219 124 1
222 132 1
222 531 1
222 674 1
232 353 1
232 1485 1
240 48 1
240 151 1
240 429 1
240 468 1
240 496 1
240 634 1
240 883 1
242 72 1
242 200 1
242 1401 1
245 70 1
245 202 1
245 447 1
245 603 1
245 694 1
245 797 1
245 894 1
248 564 1
248 603 1
248 634 1
252 80 1
252 268 1
252 364 1
252 564 1
252 587 1
252 603 1
252 1332 1
255 190 1
257 46 1
257 132 1
257 674 1
265 201 1
265 272 1
265 353 1
265 452 1
265 492 1
265 624 1
265 642 1
265 769 1
265 960 1
268 80 1
268 252 1
268 277 1
268 364 1
268 587 1
272 28 1
272 119 1
272 205 1
272 265 1
272 325 1
272 335 1
272 492 1
272 642 1
272 779 1
272 869 1
272 960 1
275 480 1
275 694 1
275 1332 1
277 32 1
277 125 1
277 268 1
277 364 1
277 388 1
277 587 1
285 122 1
285 124 1
285 407 1
285 866 1
285 867 1
312 134 1
312 173 1
325 117 1
325 205 1
325 272 1
325 335 1
325 440 1
325 869 1
325 959 1
327 1 1
327 55 1
327 79 1
327 407 1
327 601 1
327 622 1
327 691 1
327 753 1
335 117 1
335 325 1
335 869 1
343 101 1
343 447 1
343 498 1
353 265 1
353 272 1
353 634 1
353 642 1
353 769 1
364 32 1
364 80 1
364 252 1
364 268 1
364 587 1
366 612 1
388 122 1
388 125 1
388 277 1
388 587 1
388 605 1
388 612 1
388 765 1
388 797 1
407 55 1
407 79 1
407 122 1
407 170 1
407 285 1
407 425 1
407 502 1
407 601 1
407 691 1
407 753 1
407 798 1
407 866 1
407 867 1
425 55 1
425 79 1
425 122 1
425 170 1
425 407 1
425 502 1
425 691 1
425 798 1
425 857 1
425 866 1
429 48 1
429 240 1
429 441 1
429 468 1
429 496 1
429 634 1
429 883 1
440 85 1
440 205 1
440 255 1
440 325 1
440 959 1
441 28 1
441 117 1
441 429 1
441 496 1
441 624 1
441 779 1
441 883 1
447 3 1
447 70 1
447 101 1
447 245 1
447 343 1
447 498 1
447 603 1
447 894 1
452 125 1
452 201 1
452 388 1
452 605 1
452 797 1
465 28 1
465 45 1
465 205 1
468 48 1
468 151 1
468 240 1
468 429 1
468 496 1
468 634 1
468 883 1
471 190 1
471 920 1
480 275 1
480 1332 1
486 27 1
486 211 1
488 605 1
488 797 1
488 798 1
491 1 1
491 190 1
491 452 1
491 959 1
492 28 1
492 119 1
492 201 1
492 265 1
492 272 1
492 452 1
492 624 1
492 779 1
492 960 1
494 34 1
494 46 1
494 125 1
494 184 1
494 605 1
494 797 1
494 1228 1
494 1519 1
496 117 1
496 151 1
496 240 1
496 429 1
496 441 1
496 468 1
496 634 1
496 883 1
498 343 1
498 447 1
502 55 1
502 170 1
502 407 1
502 425 1
502 601 1
520 196 1
520 201 1
520 845 1
520 1332 1
531 132 1
531 222 1
531 674 1
545 213 1
545 624 1
545 974 1
564 184 1
564 252 1
576 134 1
576 173 1
576 577 1
576 884 1
577 134 1
577 576 1
587 80 1
587 125 1
587 252 1
587 268 1
587 364 1
601 1 1
601 55 1
601 79 1
601 327 1
601 407 1
601 691 1
601 753 1
603 70 1
603 219 1
603 245 1
603 252 1
603 447 1
603 797 1
605 27 1
605 488 1
605 494 1
605 797 1
605 1519 1
612 366 1
612 388 1
622 1 1
622 45 1
622 117 1
622 120 1
622 122 1
622 205 1
622 327 1
622 691 1
624 28 1
624 119 1
624 257 1
624 272 1
624 441 1
624 492 1
624 545 1
624 642 1
624 769 1
624 779 1
634 48 1
634 248 1
634 353 1
642 119 1
642 214 1
642 265 1
642 272 1
642 452 1
642 779 1
642 960 1
674 46 1
674 132 1
674 222 1
674 257 1
674 531 1
674 1828 1
691 1 1
691 55 1
691 79 1
691 117 1
691 120 1
691 170 1
691 407 1
691 425 1
691 622 1
691 869 1
694 275 1
694 894 1
753 79 1
753 407 1
765 388 1
765 883 1
765 1519 1
769 119 1
769 265 1
769 272 1
769 353 1
769 452 1
769 491 1
769 624 1
769 642 1
769 960 1
771 85 1
771 343 1
779 28 1
779 119 1
779 214 1
779 272 1
779 441 1
779 452 1
779 492 1
779 642 1
779 866 1
797 125 1
797 245 1
797 488 1
797 494 1
797 605 1
798 857 1
798 1401 1
845 85 1
845 196 1
845 252 1
845 520 1
845 1332 1
845 1594 1
857 122 1
857 170 1
857 425 1
857 502 1
857 798 1
866 55 1
866 119 1
866 170 1
866 272 1
866 407 1
866 425 1
866 502 1
866 779 1
866 797 1
867 285 1
867 407 1
869 184 1
869 205 1
869 335 1
869 959 1
883 34 1
883 101 1
883 117 1
883 151 1
883 240 1
883 429 1
883 441 1
883 468 1
883 496 1
883 634 1
883 691 1
883 765 1
883 894 1
884 38 1
884 165 1
894 3 1
894 70 1
894 101 1
894 147 1
894 202 1
894 219 1
894 245 1
894 447 1
894 694 1
894 765 1
894 883 1
920 134 1
920 471 1
920 1519 1
959 85 1
959 205 1
959 325 1
959 440 1
959 491 1
959 869 1
960 265 1
960 272 1
970 190 1
970 1401 1
974 213 1
974 545 1
1228 34 1
1228 184 1
1228 494 1
1332 92 1
1332 196 1
1332 275 1
1332 480 1
1332 520 1
1332 845 1
1401 72 1
1401 200 1
1401 242 1
1401 970 1
1485 232 1
1519 34 1
1519 494 1
1519 605 1
1519 765 1
1519 797 1
1519 920 1
1594 196 1
1594 845 1
1828 132 1
1828 674 1
