1 28 1
1 48 1
1 119 1
1 441 1
1 694 1
1 894 1
3 117 1
3 245 1
3 440 1
3 468 1
3 491 1
3 642 1
3 869 1
27 80 1
27 184 1
28 1 1
28 85 1
28 252 1
28 277 1
28 327 1
28 441 1
28 488 1
28 894 1
32 219 1
32 245 1
32 674 1
32 1332 1
34 72 1
34 132 1
34 364 1
34 634 1
45 79 1
45 170 1
45 240 1
45 265 1
45 494 1
45 531 1
45 1401 1
46 211 1
46 242 1
46 275 1
46 312 1
48 1 1
48 119 1
48 894 1
55 134 1
55 272 1
55 407 1
55 465 1
55 691 1
55 797 1
55 845 1
55 883 1
61 452 1
63 173 1
63 335 1
63 486 1
70 92 1
70 101 1
70 205 1
70 245 1
70 674 1
72 34 1
72 124 1
72 364 1
79 45 1
79 240 1
79 252 1
79 325 1
79 494 1
79 959 1
79 1401 1
80 27 1
80 120 1
80 122 1
80 184 1
85 28 1
85 248 1
85 252 1
85 441 1
85 634 1
85 797 1
85 883 1
92 70 1
92 205 1
101 70 1
101 205 1
101 245 1
101 335 1
101 491 1
101 520 1
101 674 1
101 869 1
101 1332 1
117 3 1
117 125 1
117 170 1
117 200 1
117 201 1
117 272 1
117 285 1
117 440 1
117 447 1
117 492 1
117 622 1
117 624 1
117 642 1
117 765 1
117 779 1
117 869 1
119 1 1
119 48 1
119 441 1
119 496 1
119 642 1
119 694 1
120 80 1
120 184 1
120 771 1
122 80 1
122 92 1
122 205 1
122 388 1
122 502 1
124 72 1
124 491 1
125 34 1
125 72 1
125 117 1
125 257 1
125 272 1
125 364 1
125 447 1
125 492 1
125 779 1
132 34 1
132 202 1
132 268 1
132 364 1
132 601 1
132 605 1
132 634 1
134 55 1
134 465 1
134 883 1
147 46 1
147 151 1
147 272 1
147 353 1
147 429 1
147 452 1
147 603 1
147 691 1
147 753 1
147 1519 1
151 55 1
151 134 1
151 147 1
151 214 1
151 272 1
151 452 1
151 465 1
151 603 1
151 691 1
151 769 1
151 797 1
151 845 1
151 883 1
156 452 1
159 122 1
159 502 1
165 491 1
170 1 1
170 45 1
170 117 1
170 265 1
170 494 1
170 622 1
173 63 1
173 343 1
173 486 1
184 27 1
184 80 1
184 120 1
190 222 1
190 468 1
190 867 1
190 894 1
196 205 1
196 335 1
196 425 1
196 502 1
196 866 1
200 765 1
200 960 1
201 1 1
201 80 1
201 117 1
201 200 1
201 447 1
201 642 1
201 694 1
201 765 1
202 38 1
202 132 1
202 364 1
202 601 1
202 634 1
205 70 1
205 92 1
205 101 1
205 122 1
205 196 1
205 245 1
205 335 1
205 388 1
205 425 1
205 502 1
205 674 1
205 1332 1
211 46 1
211 275 1
211 312 1
213 407 1
213 587 1
214 240 1
214 265 1
214 494 1
219 1485 1
222 190 1
222 468 1
222 960 1
232 545 1
232 960 1
240 45 1
240 79 1
240 170 1
240 214 1
240 265 1
240 325 1
240 494 1
242 46 1
242 275 1
242 366 1
245 3 1
245 32 1
245 70 1
245 101 1
245 674 1
245 869 1
245 1332 1
248 1 1
248 119 1
248 894 1
252 28 1
252 79 1
252 277 1
252 325 1
252 441 1
252 797 1
252 959 1
255 612 1
257 125 1
257 447 1
257 492 1
265 45 1
265 79 1
265 170 1
265 214 1
265 219 1
265 240 1
265 325 1
265 494 1
265 531 1
268 132 1
268 327 1
268 407 1
268 587 1
268 605 1
272 55 1
272 117 1
272 151 1
272 407 1
272 429 1
272 691 1
272 769 1
272 779 1
272 797 1
272 845 1
272 883 1
275 46 1
275 211 1
275 242 1
277 28 1
277 252 1
277 488 1
277 798 1
277 884 1
277 959 1
285 117 1
285 272 1
285 407 1
285 496 1
285 624 1
312 46 1
312 211 1
325 45 1
325 79 1
325 240 1
325 252 1
325 265 1
325 494 1
325 959 1
327 28 1
327 85 1
327 268 1
327 407 1
327 587 1
327 601 1
327 605 1
327 634 1
335 101 1
335 196 1
335 205 1
343 576 1
343 798 1
343 857 1
353 425 1
353 452 1
353 691 1
353 866 1
353 960 1
364 34 1
364 72 1
364 132 1
364 202 1
364 634 1
366 242 1
388 122 1
388 196 1
388 205 1
388 335 1
388 425 1
388 502 1
388 866 1
388 884 1
407 55 1
407 213 1
407 268 1
407 272 1
407 285 1
407 327 1
407 587 1
407 605 1
407 624 1
407 634 1
407 691 1
407 845 1
407 883 1
425 196 1
425 205 1
425 245 1
425 353 1
425 388 1
425 429 1
425 496 1
425 502 1
425 691 1
425 1519 1
429 147 1
429 272 1
429 353 1
429 425 1
429 496 1
429 691 1
429 1519 1
440 3 1
440 117 1
440 452 1
440 622 1
440 869 1
441 1 1
441 28 1
441 85 1
441 119 1
441 797 1
441 883 1
441 894 1
447 125 1
447 201 1
447 257 1
447 492 1
447 622 1
447 765 1
447 779 1
447 869 1
452 214 1
452 219 1
452 440 1
452 603 1
452 753 1
465 55 1
465 134 1
465 883 1
468 3 1
468 48 1
468 190 1
468 222 1
468 642 1
468 867 1
468 894 1
471 480 1
471 1228 1
480 471 1
480 1228 1
486 63 1
486 173 1
488 28 1
488 601 1
488 1594 1
491 124 1
491 165 1
491 257 1
491 1401 1
492 117 1
492 125 1
492 201 1
492 257 1
492 272 1
492 447 1
492 622 1
492 624 1
492 779 1
494 45 1
494 79 1
494 170 1
494 214 1
494 240 1
494 265 1
494 325 1
494 531 1
496 119 1
496 272 1
496 285 1
496 425 1
496 429 1
496 624 1
496 642 1
496 691 1
498 970 1
498 1828 1
502 122 1
502 196 1
502 205 1
502 335 1
502 388 1
520 101 1
520 245 1
520 869 1
520 1332 1
531 45 1
531 265 1
531 494 1
545 232 1
545 857 1
545 1519 1
564 920 1
564 974 1
576 343 1
576 798 1
576 857 1
576 1594 1
577 753 1
577 1401 1
587 213 1
587 268 1
587 327 1
587 407 1
587 605 1
601 85 1
601 132 1
601 202 1
601 327 1
601 407 1
601 605 1
601 634 1
603 151 1
603 184 1
603 388 1
603 452 1
603 753 1
603 866 1
605 132 1
605 213 1
605 268 1
605 587 1
605 634 1
612 255 1
612 920 1
622 117 1
622 170 1
622 201 1
622 447 1
622 492 1
622 624 1
622 779 1
622 869 1
624 1 1
624 117 1
624 125 1
624 170 1
624 272 1
624 285 1
624 496 1
624 622 1
624 642 1
624 779 1
634 364 1
634 407 1
634 605 1
642 1 1
642 48 1
642 119 1
642 468 1
642 496 1
642 694 1
642 894 1
674 32 1
674 70 1
674 101 1
674 205 1
674 245 1
674 1332 1
691 55 1
691 353 1
691 407 1
691 425 1
691 496 1
691 587 1
691 769 1
691 797 1
691 845 1
691 883 1
694 1 1
694 119 1
753 577 1
753 603 1
765 200 1
765 447 1
765 779 1
769 125 1
769 151 1
769 272 1
769 587 1
769 691 1
769 765 1
769 779 1
769 797 1
769 883 1
771 120 1
771 960 1
779 117 1
779 125 1
779 272 1
779 447 1
779 492 1
779 622 1
779 624 1
779 765 1
779 869 1
797 55 1
797 252 1
797 441 1
797 691 1
797 959 1
798 343 1
798 564 1
845 55 1
845 151 1
845 272 1
845 407 1
845 691 1
845 883 1
857 122 1
857 343 1
857 545 1
857 576 1
857 798 1
866 27 1
866 38 1
866 120 1
866 184 1
866 196 1
866 353 1
866 452 1
866 603 1
866 884 1
867 190 1
867 468 1
869 101 1
869 447 1
869 520 1
869 1332 1
883 28 1
883 55 1
883 85 1
883 134 1
883 272 1
883 327 1
883 407 1
883 441 1
883 465 1
883 691 1
883 769 1
883 797 1
883 894 1
884 38 1
884 866 1
894 1 1
894 28 1
894 48 1
894 119 1
894 190 1
894 248 1
894 441 1
894 468 1
894 642 1
894 694 1
894 883 1
920 255 1
920 564 1
920 612 1
959 28 1
959 79 1
959 252 1
959 277 1
959 325 1
959 797 1
960 200 1
960 222 1
970 498 1
970 1828 1
974 564 1
974 1519 1
1228 232 1
1228 471 1
1228 480 1
1332 101 1
1332 205 1
1332 245 1
1332 520 1
1332 674 1
1332 869 1
1401 45 1
1401 79 1
1401 170 1
1401 577 1
1485 219 1
1519 147 1
1519 353 1
1519 425 1
1519 429 1
1519 545 1
1519 974 1
1594 488 1
1594 576 1
1828 498 1
1828 970 1
