1 45 1
1 48 1
1 134 1
1 364 1
1 452 1
1 691 1
3 32 1
3 101 1
3 134 1
3 173 1
3 564 1
3 605 1
3 691 1
27 388 1
27 771 1
28 45 1
28 48 1
28 101 1
28 252 1
28 407 1
28 425 1
28 447 1
28 691 1
32 1 1
32 3 1
32 101 1
32 691 1
34 219 1
34 240 1
34 468 1
34 779 1
45 1 1
45 28 1
45 48 1
45 151 1
45 252 1
45 407 1
45 691 1
46 63 1
46 429 1
46 642 1
46 857 1
48 1 1
48 28 1
48 45 1
55 117 1
55 132 1
55 205 1
55 272 1
55 496 1
55 502 1
55 694 1
55 883 1
61 364 1
63 46 1
63 272 1
63 587 1
70 184 1
70 268 1
70 545 1
70 622 1
70 1519 1
72 80 1
72 213 1
72 465 1
79 119 1
79 125 1
79 327 1
79 335 1
79 492 1
79 797 1
79 894 1
80 72 1
80 257 1
80 265 1
80 465 1
85 72 1
85 117 1
85 201 1
85 245 1
85 272 1
85 441 1
85 587 1
92 753 1
92 970 1
101 3 1
101 28 1
101 32 1
101 122 1
101 252 1
101 407 1
101 425 1
101 447 1
101 691 1
117 55 1
117 85 1
117 132 1
117 201 1
117 205 1
117 245 1
117 272 1
117 353 1
117 452 1
117 496 1
117 502 1
117 587 1
117 624 1
117 694 1
117 883 1
117 959 1
119 79 1
119 240 1
119 327 1
119 468 1
119 634 1
119 866 1
120 245 1
120 272 1
120 441 1
122 101 1
122 407 1
122 425 1
122 691 1
122 845 1
124 531 1
124 974 1
125 79 1
125 147 1
125 335 1
125 488 1
125 492 1
125 765 1
125 797 1
125 866 1
125 869 1
132 55 1
132 117 1
132 205 1
132 272 1
132 624 1
132 883 1
132 959 1
134 1 1
134 605 1
134 691 1
147 79 1
147 119 1
147 125 1
147 335 1
147 492 1
147 603 1
147 634 1
147 797 1
147 866 1
147 869 1
151 1 1
151 28 1
151 45 1
151 48 1
151 85 1
151 200 1
151 252 1
151 364 1
151 407 1
151 447 1
151 452 1
151 691 1
151 1332 1
156 46 1
159 232 1
159 255 1
165 441 1
170 122 1
170 285 1
170 407 1
170 494 1
170 845 1
170 1332 1
173 3 1
173 587 1
173 605 1
184 70 1
184 214 1
184 1828 1
190 265 1
190 325 1
190 343 1
190 1401 1
196 496 1
196 674 1
196 769 1
196 883 1
196 959 1
200 920 1
200 960 1
201 85 1
201 117 1
201 120 1
201 200 1
201 245 1
201 272 1
201 441 1
201 753 1
202 196 1
202 205 1
202 388 1
202 674 1
202 883 1
205 55 1
205 117 1
205 132 1
205 202 1
205 272 1
205 353 1
205 388 1
205 496 1
205 502 1
205 624 1
205 674 1
205 883 1
211 222 1
211 520 1
211 605 1
213 72 1
213 1594 1
214 184 1
214 245 1
214 1828 1
219 498 1
222 211 1
222 520 1
222 605 1
232 452 1
232 612 1
240 34 1
240 119 1
240 327 1
240 468 1
240 634 1
240 779 1
240 866 1
242 494 1
242 634 1
242 894 1
245 38 1
245 120 1
245 214 1
245 272 1
245 441 1
245 502 1
245 587 1
248 465 1
248 468 1
248 960 1
252 28 1
252 45 1
252 101 1
252 214 1
252 407 1
252 447 1
252 691 1
255 577 1
257 80 1
257 265 1
257 603 1
265 80 1
265 125 1
265 190 1
265 257 1
265 325 1
265 343 1
265 440 1
265 465 1
265 603 1
268 70 1
268 275 1
268 576 1
268 622 1
268 1519 1
272 55 1
272 63 1
272 120 1
272 132 1
272 205 1
272 245 1
272 441 1
272 502 1
272 587 1
272 694 1
272 798 1
275 268 1
275 576 1
275 622 1
277 494 1
277 765 1
277 779 1
277 797 1
277 884 1
277 894 1
285 170 1
285 407 1
285 798 1
285 845 1
285 1332 1
312 486 1
312 491 1
325 190 1
325 265 1
325 343 1
325 440 1
325 564 1
325 603 1
325 642 1
327 79 1
327 119 1
327 240 1
327 468 1
327 634 1
327 779 1
327 797 1
327 894 1
335 79 1
335 797 1
335 894 1
343 190 1
343 325 1
343 471 1
353 117 1
353 272 1
353 624 1
353 694 1
353 960 1
364 1 1
364 151 1
364 601 1
364 642 1
364 1228 1
366 869 1
388 27 1
388 28 1
388 205 1
388 353 1
388 480 1
388 624 1
388 883 1
388 1401 1
407 28 1
407 45 1
407 85 1
407 101 1
407 122 1
407 151 1
407 170 1
407 252 1
407 285 1
407 425 1
407 447 1
407 691 1
407 1332 1
425 28 1
425 101 1
425 122 1
425 170 1
425 407 1
425 447 1
425 488 1
425 691 1
425 769 1
425 884 1
429 1 1
429 46 1
429 452 1
429 642 1
429 798 1
429 857 1
429 1485 1
440 80 1
440 257 1
440 265 1
440 325 1
440 603 1
441 85 1
441 120 1
441 165 1
441 245 1
441 272 1
441 587 1
441 753 1
447 28 1
447 101 1
447 151 1
447 252 1
447 407 1
447 425 1
447 691 1
447 1332 1
452 1 1
452 45 1
452 48 1
452 429 1
452 491 1
465 72 1
465 80 1
465 265 1
468 34 1
468 119 1
468 219 1
468 240 1
468 248 1
468 327 1
468 779 1
471 343 1
471 798 1
480 388 1
480 1401 1
486 312 1
486 491 1
488 125 1
488 425 1
488 642 1
491 248 1
491 312 1
491 486 1
491 960 1
492 79 1
492 119 1
492 125 1
492 147 1
492 335 1
492 765 1
492 797 1
492 869 1
492 894 1
494 170 1
494 242 1
494 277 1
494 634 1
494 779 1
494 845 1
494 894 1
494 1332 1
496 55 1
496 117 1
496 196 1
496 205 1
496 624 1
496 674 1
496 883 1
496 959 1
498 219 1
498 769 1
502 55 1
502 122 1
502 205 1
502 245 1
502 272 1
520 38 1
520 211 1
520 222 1
520 605 1
531 124 1
531 970 1
531 974 1
545 70 1
545 622 1
545 1519 1
564 325 1
564 612 1
576 268 1
576 275 1
576 622 1
576 1519 1
577 255 1
577 867 1
587 117 1
587 173 1
587 245 1
587 272 1
587 441 1
601 92 1
601 201 1
601 364 1
601 491 1
601 753 1
601 869 1
601 1228 1
603 257 1
603 265 1
603 325 1
603 440 1
603 452 1
603 642 1
605 134 1
605 211 1
605 213 1
605 222 1
605 520 1
612 232 1
612 564 1
622 70 1
622 184 1
622 214 1
622 268 1
622 275 1
622 545 1
622 867 1
622 1519 1
624 55 1
624 117 1
624 132 1
624 201 1
624 205 1
624 272 1
624 353 1
624 502 1
624 694 1
624 883 1
634 119 1
634 242 1
634 494 1
642 1 1
642 46 1
642 364 1
642 429 1
642 452 1
642 601 1
642 857 1
674 196 1
674 202 1
674 205 1
674 496 1
674 883 1
674 959 1
691 1 1
691 3 1
691 28 1
691 45 1
691 134 1
691 151 1
691 252 1
691 425 1
691 447 1
691 605 1
694 55 1
694 353 1
753 92 1
753 441 1
765 125 1
765 492 1
765 869 1
769 125 1
769 170 1
769 196 1
769 425 1
769 488 1
769 498 1
769 765 1
769 869 1
769 883 1
771 27 1
771 869 1
779 34 1
779 240 1
779 277 1
779 468 1
779 494 1
779 634 1
779 797 1
779 866 1
779 894 1
797 79 1
797 335 1
797 492 1
797 779 1
797 894 1
798 447 1
798 471 1
845 122 1
845 170 1
845 285 1
845 407 1
845 494 1
845 1332 1
857 1 1
857 46 1
857 429 1
857 452 1
857 642 1
866 34 1
866 119 1
866 147 1
866 219 1
866 240 1
866 327 1
866 634 1
866 779 1
866 797 1
867 577 1
867 622 1
869 366 1
869 601 1
869 765 1
869 1594 1
883 55 1
883 117 1
883 196 1
883 202 1
883 205 1
883 272 1
883 353 1
883 388 1
883 496 1
883 624 1
883 674 1
883 769 1
883 869 1
884 170 1
884 1401 1
894 79 1
894 242 1
894 277 1
894 327 1
894 335 1
894 492 1
894 494 1
894 634 1
894 765 1
894 779 1
894 797 1
920 38 1
920 200 1
920 960 1
959 117 1
959 132 1
959 196 1
959 496 1
959 674 1
959 883 1
960 200 1
960 920 1
970 92 1
970 531 1
974 124 1
974 531 1
1228 364 1
1228 601 1
1228 642 1
1332 170 1
1332 285 1
1332 407 1
1332 447 1
1332 494 1
1332 845 1
1401 27 1
1401 190 1
1401 480 1
1401 884 1
1485 429 1
1519 70 1
1519 184 1
1519 268 1
1519 545 1
1519 576 1
1519 622 1
1594 213 1
1594 869 1
1828 184 1
1828 214 1
