1 28 1
1 80 1
1 120 1
1 587 1
1 642 1
1 753 1
3 205 1
3 252 1
3 272 1
3 407 1
3 494 1
3 869 1
3 894 1
27 79 1
27 200 1
28 1 1
28 85 1
28 125 1
28 245 1
28 364 1
28 441 1
28 779 1
28 857 1
32 214 1
32 222 1
32 520 1
32 798 1
34 252 1
34 272 1
34 869 1
34 1594 1
45 70 1
45 101 1
45 173 1
45 468 1
45 624 1
45 674 1
45 1332 1
46 132 1
46 265 1
46 492 1
46 765 1
48 268 1
48 388 1
48 564 1
55 170 1
55 184 1
55 407 1
55 447 1
55 502 1
55 605 1
55 869 1
55 920 1
61 564 1
63 119 1
63 120 1
63 798 1
70 45 1
70 101 1
70 173 1
70 468 1
70 1332 1
72 257 1
72 327 1
72 545 1
79 27 1
79 117 1
79 200 1
79 240 1
79 335 1
79 425 1
79 496 1
80 1 1
80 196 1
80 471 1
80 587 1
85 1 1
85 28 1
85 120 1
85 151 1
85 196 1
85 587 1
85 642 1
92 119 1
92 312 1
101 45 1
101 70 1
101 214 1
101 325 1
101 468 1
101 674 1
101 884 1
101 1332 1
101 1828 1
117 79 1
117 122 1
117 147 1
117 200 1
117 205 1
117 240 1
117 272 1
117 335 1
117 407 1
117 425 1
117 634 1
117 691 1
117 769 1
117 797 1
117 883 1
117 959 1
119 92 1
119 134 1
119 190 1
119 272 1
119 494 1
119 894 1
120 1 1
120 63 1
120 85 1
122 125 1
122 277 1
122 425 1
122 496 1
122 691 1
124 327 1
124 545 1
125 28 1
125 245 1
125 364 1
125 429 1
125 441 1
125 622 1
125 634 1
125 779 1
125 857 1
132 46 1
132 257 1
132 265 1
132 492 1
132 765 1
132 771 1
132 1519 1
134 119 1
134 190 1
134 894 1
147 38 1
147 72 1
147 117 1
147 219 1
147 248 1
147 498 1
147 691 1
147 797 1
147 883 1
147 959 1
151 1 1
151 38 1
151 85 1
151 120 1
151 201 1
151 440 1
151 452 1
151 491 1
151 601 1
151 624 1
151 642 1
151 845 1
151 960 1
156 605 1
159 119 1
159 798 1
165 974 1
170 55 1
170 184 1
170 502 1
170 520 1
170 605 1
170 866 1
173 45 1
173 70 1
173 1332 1
184 55 1
184 170 1
184 502 1
190 119 1
190 134 1
190 196 1
190 894 1
196 80 1
196 190 1
196 576 1
196 587 1
196 642 1
200 27 1
200 79 1
201 1 1
201 28 1
201 85 1
201 219 1
201 245 1
201 753 1
201 857 1
201 867 1
202 245 1
202 587 1
202 753 1
202 798 1
202 894 1
205 3 1
205 117 1
205 272 1
205 353 1
205 407 1
205 494 1
205 531 1
205 603 1
205 691 1
205 797 1
205 883 1
205 894 1
211 480 1
211 576 1
211 960 1
213 577 1
213 1594 1
214 101 1
214 325 1
214 674 1
219 248 1
222 32 1
222 268 1
222 520 1
232 447 1
232 465 1
240 79 1
240 117 1
240 335 1
240 425 1
240 496 1
240 634 1
240 769 1
242 268 1
242 285 1
242 970 1
245 1 1
245 28 1
245 202 1
245 441 1
245 622 1
245 753 1
245 779 1
248 34 1
248 38 1
248 219 1
252 34 1
252 272 1
252 407 1
252 494 1
252 869 1
252 883 1
252 894 1
255 1228 1
257 72 1
257 327 1
257 1519 1
265 46 1
265 132 1
265 486 1
265 491 1
265 492 1
265 624 1
265 765 1
265 845 1
265 1519 1
268 48 1
268 222 1
268 242 1
268 388 1
268 564 1
272 34 1
272 117 1
272 119 1
272 122 1
272 252 1
272 407 1
272 494 1
272 691 1
272 797 1
272 869 1
272 883 1
275 388 1
275 694 1
275 1228 1
277 122 1
277 134 1
277 447 1
277 496 1
277 691 1
277 866 1
285 242 1
285 343 1
285 531 1
285 603 1
285 970 1
312 92 1
312 486 1
325 45 1
325 101 1
325 214 1
325 468 1
325 674 1
325 1332 1
325 1828 1
327 72 1
327 124 1
327 170 1
327 184 1
327 257 1
327 545 1
327 866 1
327 1401 1
335 79 1
335 117 1
335 959 1
343 498 1
343 603 1
343 884 1
353 205 1
353 407 1
353 603 1
353 691 1
353 797 1
364 28 1
364 429 1
364 441 1
364 622 1
364 779 1
366 605 1
388 48 1
388 268 1
388 272 1
388 275 1
388 452 1
388 488 1
388 601 1
388 694 1
407 3 1
407 55 1
407 117 1
407 205 1
407 252 1
407 272 1
407 353 1
407 494 1
407 634 1
407 691 1
407 797 1
407 869 1
407 883 1
425 79 1
425 117 1
425 122 1
425 240 1
425 335 1
425 496 1
425 634 1
425 691 1
425 769 1
425 883 1
429 28 1
429 125 1
429 245 1
429 364 1
429 441 1
429 622 1
429 779 1
440 151 1
440 452 1
440 492 1
440 601 1
440 624 1
441 28 1
441 125 1
441 245 1
441 364 1
441 429 1
441 622 1
441 779 1
447 55 1
447 232 1
447 465 1
447 502 1
447 612 1
447 866 1
447 869 1
447 1401 1
452 272 1
452 353 1
452 388 1
452 642 1
452 797 1
465 447 1
465 612 1
465 1401 1
468 45 1
468 70 1
468 101 1
468 214 1
468 325 1
468 674 1
468 1332 1
471 80 1
471 587 1
480 211 1
480 577 1
486 265 1
486 312 1
488 213 1
488 694 1
488 845 1
491 151 1
491 219 1
491 353 1
491 845 1
492 46 1
492 92 1
492 132 1
492 265 1
492 440 1
492 452 1
492 624 1
492 765 1
492 1519 1
494 3 1
494 119 1
494 205 1
494 252 1
494 272 1
494 407 1
494 869 1
494 894 1
496 79 1
496 122 1
496 125 1
496 240 1
496 277 1
496 425 1
496 634 1
496 691 1
498 147 1
498 343 1
502 55 1
502 170 1
502 184 1
502 447 1
502 605 1
520 32 1
520 170 1
520 222 1
520 502 1
531 205 1
531 285 1
531 603 1
545 72 1
545 124 1
545 327 1
564 48 1
564 268 1
576 196 1
576 211 1
576 694 1
576 960 1
577 213 1
577 480 1
587 1 1
587 80 1
587 196 1
587 202 1
587 471 1
601 151 1
601 440 1
601 452 1
601 624 1
601 642 1
601 883 1
601 960 1
603 205 1
603 285 1
603 343 1
603 531 1
603 694 1
603 797 1
605 55 1
605 85 1
605 366 1
605 869 1
605 920 1
612 447 1
612 465 1
622 201 1
622 245 1
622 364 1
622 429 1
622 441 1
622 779 1
622 894 1
622 960 1
624 1 1
624 45 1
624 46 1
624 265 1
624 452 1
624 491 1
624 492 1
624 601 1
624 765 1
624 845 1
634 240 1
634 496 1
634 959 1
642 1 1
642 80 1
642 196 1
642 272 1
642 452 1
642 587 1
642 883 1
674 45 1
674 101 1
674 214 1
674 325 1
674 468 1
674 1332 1
691 122 1
691 205 1
691 272 1
691 277 1
691 353 1
691 407 1
691 425 1
691 496 1
691 634 1
691 797 1
694 275 1
694 488 1
753 1 1
753 245 1
765 46 1
765 132 1
765 1519 1
769 27 1
769 79 1
769 117 1
769 200 1
769 240 1
769 335 1
769 425 1
769 642 1
769 883 1
771 132 1
771 255 1
779 28 1
779 125 1
779 245 1
779 327 1
779 364 1
779 429 1
779 441 1
779 622 1
779 1485 1
797 205 1
797 272 1
797 407 1
797 691 1
797 883 1
798 48 1
798 63 1
845 151 1
845 265 1
845 452 1
845 488 1
845 491 1
845 624 1
857 28 1
857 125 1
857 201 1
857 441 1
857 779 1
866 48 1
866 55 1
866 170 1
866 184 1
866 327 1
866 447 1
866 502 1
866 869 1
866 1401 1
867 201 1
867 974 1
869 55 1
869 447 1
869 494 1
869 605 1
883 117 1
883 205 1
883 252 1
883 272 1
883 353 1
883 407 1
883 425 1
883 634 1
883 642 1
883 691 1
883 769 1
883 797 1
883 959 1
884 170 1
884 343 1
894 3 1
894 119 1
894 134 1
894 190 1
894 202 1
894 205 1
894 252 1
894 272 1
894 407 1
894 494 1
894 622 1
920 55 1
920 170 1
920 605 1
959 117 1
959 147 1
959 335 1
959 634 1
959 691 1
959 883 1
960 211 1
960 576 1
970 242 1
970 285 1
974 165 1
974 867 1
1228 255 1
1228 275 1
1228 388 1
1332 45 1
1332 70 1
1332 101 1
1332 325 1
1332 468 1
1332 674 1
1401 232 1
1401 447 1
1401 465 1
1401 866 1
1485 779 1
1519 132 1
1519 257 1
1519 265 1
1519 492 1
1519 765 1
1519 884 1
1594 34 1
1594 213 1
1828 101 1
1828 325 1
