1 28 1
1 205 1
1 265 1
1 447 1
1 601 1
1 769 1
3 85 1
3 407 1
3 492 1
3 769 1
3 797 1
3 869 1
3 883 1
27 202 1
27 480 1
28 1 1
28 101 1
28 117 1
28 205 1
28 213 1
28 440 1
28 691 1
28 779 1
32 488 1
32 491 1
32 545 1
32 884 1
34 85 1
34 255 1
34 353 1
34 1519 1
45 79 1
45 240 1
45 242 1
45 257 1
45 441 1
45 642 1
45 960 1
46 48 1
46 63 1
46 240 1
46 771 1
48 46 1
48 79 1
48 173 1
55 134 1
55 285 1
55 364 1
55 388 1
55 407 1
55 447 1
55 601 1
55 674 1
61 605 1
63 46 1
63 200 1
63 970 1
70 132 1
70 190 1
70 312 1
70 465 1
70 494 1
72 92 1
72 691 1
72 765 1
79 45 1
79 48 1
79 240 1
79 335 1
79 441 1
79 642 1
79 694 1
80 211 1
80 222 1
80 605 1
80 884 1
85 3 1
85 34 1
85 119 1
85 151 1
85 214 1
85 587 1
85 797 1
92 72 1
92 622 1
101 28 1
101 117 1
101 205 1
101 213 1
101 325 1
101 440 1
101 468 1
101 691 1
101 779 1
117 28 1
117 101 1
117 122 1
117 125 1
117 151 1
117 170 1
117 205 1
117 325 1
117 429 1
117 452 1
117 468 1
117 587 1
117 603 1
117 634 1
117 691 1
117 779 1
119 125 1
119 151 1
119 170 1
119 184 1
119 587 1
119 797 1
120 196 1
120 974 1
120 1519 1
122 117 1
122 151 1
122 170 1
122 452 1
122 603 1
124 184 1
124 388 1
125 119 1
125 151 1
125 170 1
125 184 1
125 452 1
125 587 1
125 622 1
125 634 1
125 691 1
132 70 1
132 190 1
132 268 1
132 465 1
132 494 1
132 531 1
132 857 1
134 55 1
134 407 1
134 447 1
147 27 1
147 125 1
147 245 1
147 272 1
147 353 1
147 502 1
147 622 1
147 624 1
147 634 1
147 894 1
151 34 1
151 85 1
151 117 1
151 119 1
151 122 1
151 125 1
151 170 1
151 184 1
151 219 1
151 353 1
151 452 1
151 587 1
151 634 1
156 38 1
159 72 1
159 452 1
165 798 1
170 119 1
170 122 1
170 429 1
170 452 1
170 587 1
170 691 1
173 46 1
173 48 1
173 240 1
184 119 1
184 124 1
184 587 1
190 70 1
190 132 1
190 465 1
190 857 1
196 120 1
196 492 1
196 797 1
196 869 1
196 1519 1
200 486 1
200 1594 1
201 45 1
201 79 1
201 240 1
201 441 1
201 642 1
201 694 1
201 753 1
201 960 1
202 27 1
202 80 1
202 222 1
202 480 1
202 884 1
205 1 1
205 28 1
205 101 1
205 117 1
205 265 1
205 325 1
205 327 1
205 440 1
205 468 1
205 691 1
205 779 1
205 866 1
211 80 1
211 222 1
211 232 1
213 28 1
213 101 1
214 268 1
214 275 1
214 494 1
219 471 1
222 80 1
222 202 1
222 211 1
232 211 1
232 335 1
240 45 1
240 46 1
240 48 1
240 79 1
240 173 1
240 201 1
240 441 1
242 45 1
242 257 1
242 642 1
245 272 1
245 496 1
245 502 1
245 883 1
245 920 1
245 959 1
245 1332 1
248 119 1
248 213 1
248 1401 1
252 425 1
252 612 1
252 624 1
252 845 1
252 883 1
252 894 1
252 1332 1
255 545 1
257 45 1
257 242 1
257 441 1
265 1 1
265 48 1
265 205 1
265 327 1
265 343 1
265 520 1
265 576 1
265 642 1
265 866 1
268 132 1
268 214 1
268 275 1
268 494 1
268 531 1
272 245 1
272 407 1
272 425 1
272 496 1
272 622 1
272 769 1
272 797 1
272 845 1
272 869 1
272 883 1
272 1332 1
275 214 1
275 268 1
275 494 1
277 248 1
277 425 1
277 605 1
277 798 1
277 883 1
277 920 1
285 55 1
285 364 1
285 447 1
285 502 1
285 674 1
312 70 1
312 494 1
325 28 1
325 101 1
325 117 1
325 205 1
325 468 1
325 779 1
325 866 1
327 1 1
327 201 1
327 205 1
327 265 1
327 343 1
327 520 1
327 642 1
327 866 1
335 79 1
335 441 1
335 857 1
343 265 1
343 327 1
343 867 1
353 34 1
353 245 1
353 272 1
353 622 1
353 634 1
364 55 1
364 285 1
364 407 1
364 447 1
364 674 1
366 545 1
388 1 1
388 55 1
388 124 1
388 364 1
388 407 1
388 447 1
388 601 1
388 674 1
407 1 1
407 3 1
407 55 1
407 134 1
407 196 1
407 272 1
407 364 1
407 388 1
407 447 1
407 492 1
407 674 1
407 797 1
407 869 1
425 252 1
425 272 1
425 277 1
425 335 1
425 605 1
425 845 1
425 869 1
425 883 1
425 894 1
425 1228 1
429 117 1
429 122 1
429 170 1
429 200 1
429 603 1
429 691 1
429 765 1
440 28 1
440 101 1
440 205 1
440 232 1
440 694 1
441 45 1
441 79 1
441 201 1
441 240 1
441 257 1
441 335 1
441 960 1
447 1 1
447 55 1
447 134 1
447 285 1
447 364 1
447 407 1
447 601 1
447 674 1
452 38 1
452 603 1
452 691 1
452 765 1
452 779 1
465 70 1
465 190 1
465 494 1
468 101 1
468 117 1
468 205 1
468 325 1
468 488 1
468 691 1
468 779 1
471 219 1
471 612 1
480 27 1
480 202 1
486 200 1
486 1594 1
488 32 1
488 468 1
488 624 1
491 214 1
491 564 1
491 960 1
491 1828 1
492 1 1
492 3 1
492 120 1
492 196 1
492 407 1
492 769 1
492 797 1
492 869 1
492 1519 1
494 70 1
494 132 1
494 214 1
494 268 1
494 275 1
494 312 1
494 465 1
494 531 1
496 245 1
496 272 1
496 624 1
496 798 1
496 883 1
496 894 1
496 959 1
496 1332 1
498 753 1
498 1401 1
502 147 1
502 245 1
502 272 1
502 634 1
502 894 1
520 219 1
520 265 1
520 327 1
520 576 1
531 132 1
531 268 1
531 494 1
545 32 1
545 255 1
545 366 1
564 491 1
564 1828 1
576 219 1
576 265 1
576 520 1
576 577 1
577 576 1
577 867 1
587 117 1
587 119 1
587 125 1
587 170 1
587 184 1
601 1 1
601 38 1
601 55 1
601 122 1
601 134 1
601 447 1
601 564 1
603 122 1
603 429 1
603 452 1
603 691 1
603 765 1
603 779 1
605 80 1
605 252 1
605 425 1
605 894 1
605 1228 1
612 252 1
612 471 1
622 92 1
622 125 1
622 201 1
622 272 1
622 327 1
622 353 1
622 634 1
622 797 1
624 147 1
624 245 1
624 272 1
624 496 1
624 502 1
624 634 1
624 883 1
624 894 1
624 959 1
624 1332 1
634 353 1
634 502 1
634 622 1
642 45 1
642 79 1
642 242 1
642 257 1
642 441 1
642 694 1
642 960 1
674 55 1
674 285 1
674 364 1
674 388 1
674 407 1
674 447 1
691 28 1
691 72 1
691 117 1
691 125 1
691 170 1
691 429 1
691 452 1
691 634 1
691 765 1
691 779 1
694 79 1
694 642 1
753 498 1
753 1401 1
765 72 1
765 429 1
765 691 1
769 1 1
769 3 1
769 272 1
769 388 1
769 407 1
769 492 1
769 797 1
769 866 1
769 869 1
771 46 1
771 85 1
779 28 1
779 55 1
779 101 1
779 117 1
779 205 1
779 325 1
779 468 1
779 603 1
779 691 1
797 119 1
797 196 1
797 407 1
797 622 1
797 869 1
798 165 1
798 488 1
845 252 1
845 272 1
845 425 1
845 869 1
845 883 1
845 894 1
857 132 1
857 190 1
857 335 1
857 491 1
857 765 1
866 1 1
866 28 1
866 85 1
866 205 1
866 265 1
866 325 1
866 327 1
866 343 1
866 642 1
867 343 1
867 577 1
869 196 1
869 407 1
869 492 1
869 797 1
883 252 1
883 272 1
883 277 1
883 425 1
883 496 1
883 605 1
883 624 1
883 798 1
883 845 1
883 869 1
883 894 1
883 959 1
883 1332 1
884 80 1
884 335 1
894 147 1
894 252 1
894 272 1
894 353 1
894 425 1
894 496 1
894 502 1
894 605 1
894 624 1
894 845 1
894 883 1
920 245 1
920 277 1
920 753 1
959 245 1
959 272 1
959 496 1
959 624 1
959 883 1
959 1332 1
960 45 1
960 441 1
970 63 1
970 1485 1
974 120 1
974 1519 1
1228 92 1
1228 425 1
1228 605 1
1332 245 1
1332 252 1
1332 272 1
1332 496 1
1332 883 1
1332 959 1
1401 248 1
1401 498 1
1401 694 1
1401 753 1
1485 970 1
1519 34 1
1519 120 1
1519 196 1
1519 492 1
1519 974 1
1519 1401 1
1594 200 1
1594 486 1
1828 491 1
1828 564 1
