1 28 1
1 80 1
1 117 1
1 122 1
1 605 1
1 869 1
3 38 1
3 72 1
3 79 1
3 429 1
3 545 1
3 960 1
3 970 1
27 242 1
27 1828 1
28 1 1
28 80 1
28 170 1
28 257 1
28 494 1
28 624 1
28 691 1
28 883 1
32 79 1
32 277 1
32 491 1
32 797 1
34 48 1
34 79 1
34 285 1
34 468 1
45 101 1
45 117 1
45 124 1
45 214 1
45 447 1
45 465 1
45 857 1
46 132 1
46 353 1
46 520 1
46 894 1
48 34 1
48 79 1
48 468 1
55 245 1
55 325 1
55 388 1
55 496 1
55 502 1
55 601 1
55 845 1
55 1332 1
61 48 1
63 200 1
63 531 1
63 1485 1
70 134 1
70 190 1
70 213 1
70 268 1
70 429 1
72 429 1
72 867 1
72 960 1
79 3 1
79 32 1
79 48 1
79 468 1
79 491 1
79 545 1
79 1228 1
80 1 1
80 28 1
80 798 1
80 866 1
85 28 1
85 117 1
85 170 1
85 494 1
85 624 1
85 691 1
85 883 1
92 285 1
92 468 1
101 45 1
101 117 1
101 184 1
101 214 1
101 248 1
101 335 1
101 447 1
101 465 1
101 857 1
117 1 1
117 28 1
117 45 1
117 85 1
117 101 1
117 125 1
117 170 1
117 214 1
117 252 1
117 335 1
117 447 1
117 494 1
117 587 1
117 624 1
117 691 1
117 883 1
119 205 1
119 240 1
119 265 1
119 441 1
119 779 1
119 797 1
120 312 1
120 486 1
120 612 1
122 1 1
122 242 1
122 353 1
122 605 1
122 869 1
124 45 1
124 465 1
125 85 1
125 117 1
125 245 1
125 252 1
125 272 1
125 452 1
125 587 1
125 603 1
125 883 1
132 46 1
132 353 1
132 492 1
132 622 1
132 691 1
132 765 1
132 894 1
134 70 1
134 190 1
134 268 1
147 55 1
147 125 1
147 245 1
147 272 1
147 325 1
147 327 1
147 407 1
147 452 1
147 601 1
147 634 1
151 1 1
151 122 1
151 201 1
151 325 1
151 327 1
151 343 1
151 353 1
151 605 1
151 622 1
151 634 1
151 691 1
151 869 1
151 894 1
156 753 1
159 85 1
159 120 1
165 974 1
170 28 1
170 219 1
170 494 1
170 624 1
170 691 1
170 883 1
173 34 1
173 425 1
173 531 1
184 101 1
184 335 1
184 440 1
190 70 1
190 134 1
190 268 1
190 429 1
196 202 1
196 674 1
196 694 1
196 959 1
196 1519 1
200 531 1
200 1594 1
201 213 1
201 268 1
201 272 1
201 366 1
201 603 1
201 605 1
201 869 1
201 883 1
202 196 1
202 425 1
202 694 1
202 866 1
202 959 1
205 119 1
205 211 1
205 240 1
205 265 1
205 272 1
205 407 1
205 441 1
205 577 1
205 769 1
205 779 1
205 797 1
205 1401 1
211 205 1
211 407 1
211 642 1
213 70 1
213 268 1
214 45 1
214 101 1
214 447 1
219 471 1
222 255 1
222 564 1
222 920 1
232 429 1
232 960 1
240 119 1
240 205 1
240 265 1
240 407 1
240 441 1
240 769 1
240 797 1
242 27 1
242 122 1
242 612 1
245 55 1
245 125 1
245 325 1
245 364 1
245 634 1
245 691 1
245 1828 1
248 101 1
248 184 1
248 335 1
252 117 1
252 125 1
252 214 1
252 272 1
252 447 1
252 587 1
252 603 1
255 222 1
257 28 1
257 494 1
257 624 1
265 119 1
265 205 1
265 240 1
265 407 1
265 480 1
265 642 1
265 769 1
265 779 1
265 797 1
268 70 1
268 134 1
268 190 1
268 201 1
268 213 1
272 205 1
272 252 1
272 407 1
272 447 1
272 452 1
272 587 1
272 634 1
272 642 1
272 779 1
272 883 1
272 1401 1
275 496 1
275 845 1
275 1332 1
277 32 1
277 343 1
277 425 1
277 491 1
277 779 1
277 797 1
285 34 1
285 92 1
285 468 1
285 492 1
285 798 1
312 120 1
312 486 1
325 55 1
325 147 1
325 151 1
325 245 1
325 327 1
325 364 1
325 634 1
327 147 1
327 245 1
327 272 1
327 325 1
327 364 1
327 452 1
327 634 1
327 1228 1
335 184 1
335 440 1
335 642 1
343 277 1
343 425 1
343 576 1
353 46 1
353 122 1
353 200 1
353 869 1
353 894 1
364 245 1
364 325 1
364 327 1
364 634 1
364 869 1
366 201 1
388 45 1
388 55 1
388 122 1
388 488 1
388 496 1
388 605 1
388 845 1
388 884 1
407 119 1
407 147 1
407 205 1
407 211 1
407 240 1
407 265 1
407 272 1
407 441 1
407 452 1
407 642 1
407 779 1
407 797 1
407 1401 1
425 173 1
425 196 1
425 202 1
425 277 1
425 343 1
425 576 1
425 674 1
425 694 1
425 959 1
425 1519 1
429 3 1
429 70 1
429 72 1
429 134 1
429 190 1
429 232 1
429 960 1
440 184 1
440 272 1
440 335 1
440 642 1
440 857 1
441 119 1
441 205 1
441 240 1
441 407 1
441 577 1
441 779 1
441 797 1
447 45 1
447 101 1
447 117 1
447 214 1
447 252 1
447 272 1
447 587 1
447 603 1
452 38 1
452 245 1
452 327 1
452 691 1
452 1332 1
465 45 1
465 101 1
465 124 1
468 34 1
468 48 1
468 79 1
468 92 1
468 285 1
468 491 1
468 642 1
471 219 1
471 771 1
480 265 1
480 753 1
486 120 1
486 312 1
488 498 1
488 605 1
488 869 1
491 48 1
491 79 1
491 468 1
491 564 1
492 132 1
492 170 1
492 285 1
492 622 1
492 691 1
492 765 1
492 798 1
492 866 1
492 894 1
494 28 1
494 85 1
494 117 1
494 170 1
494 257 1
494 624 1
494 691 1
494 883 1
496 27 1
496 55 1
496 275 1
496 388 1
496 502 1
496 601 1
496 845 1
496 1332 1
498 488 1
498 605 1
502 55 1
502 496 1
502 601 1
502 884 1
502 1332 1
520 46 1
520 765 1
520 866 1
520 894 1
531 63 1
531 173 1
531 200 1
545 3 1
545 79 1
545 970 1
564 222 1
564 920 1
576 92 1
576 343 1
576 425 1
576 1519 1
577 205 1
577 441 1
587 117 1
587 252 1
587 272 1
587 447 1
587 883 1
601 55 1
601 388 1
601 496 1
601 502 1
601 883 1
601 884 1
601 1332 1
603 125 1
603 252 1
603 272 1
603 447 1
603 587 1
603 1594 1
605 1 1
605 122 1
605 488 1
605 498 1
605 869 1
612 120 1
612 242 1
622 1 1
622 132 1
622 151 1
622 353 1
622 492 1
622 691 1
622 765 1
622 894 1
624 28 1
624 170 1
624 201 1
624 219 1
624 257 1
624 364 1
624 494 1
624 634 1
624 869 1
624 883 1
634 245 1
634 364 1
634 869 1
642 184 1
642 211 1
642 248 1
642 272 1
642 335 1
642 407 1
642 452 1
674 196 1
674 425 1
674 694 1
674 753 1
674 959 1
674 1519 1
691 1 1
691 28 1
691 117 1
691 132 1
691 151 1
691 170 1
691 494 1
691 622 1
691 883 1
691 894 1
694 196 1
694 674 1
753 480 1
753 674 1
765 132 1
765 492 1
765 622 1
769 119 1
769 205 1
769 240 1
769 265 1
769 407 1
769 441 1
769 642 1
769 779 1
769 797 1
771 80 1
771 471 1
779 119 1
779 205 1
779 265 1
779 272 1
779 407 1
779 441 1
779 753 1
779 769 1
779 797 1
797 119 1
797 205 1
797 407 1
797 441 1
797 779 1
798 38 1
798 80 1
845 55 1
845 275 1
845 388 1
845 496 1
845 502 1
845 1332 1
857 45 1
857 101 1
857 125 1
857 440 1
857 465 1
866 46 1
866 80 1
866 257 1
866 492 1
866 520 1
866 622 1
866 765 1
866 798 1
866 894 1
867 72 1
867 960 1
869 1 1
869 151 1
869 364 1
869 634 1
883 1 1
883 28 1
883 85 1
883 117 1
883 125 1
883 170 1
883 252 1
883 272 1
883 447 1
883 494 1
883 587 1
883 624 1
883 691 1
884 255 1
884 388 1
894 1 1
894 46 1
894 132 1
894 151 1
894 353 1
894 492 1
894 520 1
894 622 1
894 691 1
894 765 1
894 866 1
920 219 1
920 222 1
920 564 1
959 196 1
959 202 1
959 425 1
959 502 1
959 674 1
959 1519 1
960 72 1
960 867 1
970 3 1
970 545 1
974 165 1
974 1401 1
1228 79 1
1228 232 1
1228 327 1
1332 55 1
1332 275 1
1332 452 1
1332 496 1
1332 502 1
1332 845 1
1401 272 1
1401 407 1
1401 452 1
1401 974 1
1485 63 1
1519 196 1
1519 425 1
1519 576 1
1519 674 1
1519 694 1
1519 959 1
1594 200 1
1594 603 1
1828 27 1
1828 245 1
