1 48 1
1 184 1
1 272 1
1 605 1
1 624 1
1 959 1
3 48 1
3 124 1
3 440 1
3 587 1
3 691 1
3 884 1
3 920 1
27 28 1
27 894 1
28 27 1
28 85 1
28 101 1
28 147 1
28 240 1
28 268 1
28 779 1
28 894 1
32 38 1
32 219 1
32 624 1
32 894 1
34 232 1
34 343 1
34 545 1
34 753 1
45 46 1
45 190 1
45 242 1
45 275 1
45 285 1
45 502 1
45 1332 1
46 45 1
46 222 1
46 285 1
46 1332 1
48 1 1
48 125 1
48 173 1
55 79 1
55 119 1
55 151 1
55 205 1
55 364 1
55 407 1
55 447 1
55 883 1
61 452 1
63 577 1
63 1401 1
63 1519 1
70 205 1
70 364 1
70 691 1
70 883 1
70 1401 1
72 429 1
72 494 1
72 869 1
79 55 1
79 119 1
79 205 1
79 407 1
79 447 1
79 691 1
79 883 1
80 255 1
80 465 1
80 471 1
80 883 1
85 28 1
85 147 1
85 452 1
85 622 1
85 642 1
85 779 1
85 797 1
92 122 1
92 343 1
101 28 1
101 265 1
101 268 1
101 272 1
101 622 1
101 674 1
101 765 1
101 779 1
101 894 1
117 85 1
117 132 1
117 196 1
117 202 1
117 240 1
117 245 1
117 252 1
117 325 1
117 327 1
117 496 1
117 587 1
117 622 1
117 634 1
117 694 1
117 797 1
117 866 1
119 55 1
119 79 1
119 205 1
119 407 1
119 447 1
119 691 1
120 425 1
120 486 1
120 496 1
122 92 1
122 120 1
122 441 1
122 471 1
122 486 1
124 3 1
124 920 1
125 48 1
125 134 1
125 200 1
125 201 1
125 272 1
125 335 1
125 353 1
125 492 1
125 564 1
132 117 1
132 245 1
132 494 1
132 496 1
132 576 1
132 634 1
132 866 1
134 125 1
134 272 1
134 492 1
147 28 1
147 85 1
147 170 1
147 214 1
147 388 1
147 407 1
147 452 1
147 564 1
147 605 1
147 642 1
151 55 1
151 79 1
151 119 1
151 205 1
151 257 1
151 407 1
151 441 1
151 447 1
151 452 1
151 601 1
151 845 1
151 883 1
151 960 1
156 798 1
159 80 1
159 201 1
165 407 1
170 184 1
170 214 1
170 277 1
170 407 1
170 468 1
170 605 1
173 48 1
173 491 1
173 857 1
184 1 1
184 170 1
184 605 1
190 45 1
190 242 1
190 275 1
190 1332 1
196 117 1
196 252 1
196 325 1
196 622 1
196 797 1
200 312 1
200 425 1
201 327 1
201 335 1
201 353 1
201 440 1
201 492 1
201 587 1
201 691 1
201 694 1
202 117 1
202 465 1
202 634 1
202 797 1
202 866 1
205 55 1
205 70 1
205 79 1
205 119 1
205 151 1
205 214 1
205 364 1
205 407 1
205 441 1
205 447 1
205 691 1
205 883 1
211 213 1
211 335 1
211 480 1
213 211 1
213 335 1
214 170 1
214 205 1
214 407 1
219 232 1
222 46 1
222 275 1
222 468 1
232 122 1
232 219 1
240 28 1
240 117 1
240 245 1
240 252 1
240 325 1
240 634 1
240 779 1
242 45 1
242 190 1
242 1332 1
245 117 1
245 132 1
245 240 1
245 325 1
245 494 1
245 496 1
245 634 1
248 465 1
248 502 1
248 769 1
252 117 1
252 196 1
252 240 1
252 325 1
252 502 1
252 779 1
252 797 1
255 80 1
257 603 1
257 845 1
257 960 1
265 101 1
265 196 1
265 268 1
265 272 1
265 622 1
265 674 1
265 765 1
265 779 1
265 894 1
268 28 1
268 101 1
268 265 1
268 272 1
268 884 1
272 1 1
272 28 1
272 48 1
272 101 1
272 134 1
272 268 1
272 624 1
272 674 1
272 765 1
272 894 1
272 959 1
275 45 1
275 190 1
275 222 1
277 1 1
277 170 1
277 184 1
277 388 1
277 468 1
277 603 1
285 45 1
285 46 1
285 353 1
285 1228 1
285 1332 1
312 200 1
312 425 1
325 117 1
325 196 1
325 240 1
325 245 1
325 252 1
325 634 1
325 797 1
327 117 1
327 170 1
327 214 1
327 353 1
327 488 1
327 492 1
327 587 1
327 694 1
335 125 1
335 211 1
335 213 1
343 34 1
343 92 1
343 601 1
353 46 1
353 285 1
353 327 1
353 694 1
353 1332 1
364 55 1
364 70 1
364 447 1
364 691 1
364 883 1
366 798 1
388 1 1
388 170 1
388 184 1
388 277 1
388 468 1
388 480 1
388 605 1
388 642 1
407 55 1
407 79 1
407 119 1
407 151 1
407 165 1
407 170 1
407 205 1
407 214 1
407 441 1
407 447 1
407 452 1
407 691 1
407 883 1
425 120 1
425 200 1
425 245 1
425 312 1
425 429 1
425 491 1
425 494 1
425 496 1
425 857 1
425 869 1
429 72 1
429 425 1
429 494 1
429 612 1
429 753 1
429 769 1
429 869 1
440 3 1
440 201 1
440 335 1
440 587 1
440 691 1
441 122 1
441 205 1
441 407 1
441 452 1
441 601 1
441 845 1
441 883 1
447 55 1
447 79 1
447 119 1
447 151 1
447 205 1
447 364 1
447 407 1
447 691 1
452 125 1
452 441 1
452 564 1
452 691 1
452 883 1
465 80 1
465 202 1
465 502 1
468 1 1
468 170 1
468 222 1
468 277 1
468 388 1
468 603 1
468 959 1
471 80 1
471 122 1
480 211 1
480 388 1
486 120 1
486 122 1
488 219 1
488 502 1
488 1401 1
491 72 1
491 425 1
491 494 1
491 869 1
492 125 1
492 134 1
492 201 1
492 272 1
492 327 1
492 353 1
492 587 1
492 694 1
492 866 1
494 72 1
494 132 1
494 245 1
494 425 1
494 429 1
494 491 1
494 496 1
494 869 1
496 117 1
496 120 1
496 132 1
496 245 1
496 425 1
496 494 1
496 576 1
496 869 1
498 867 1
498 1594 1
502 45 1
502 465 1
502 488 1
502 798 1
502 1401 1
520 245 1
520 624 1
520 634 1
520 869 1
531 970 1
531 974 1
531 1828 1
545 34 1
545 753 1
545 769 1
564 125 1
564 147 1
576 132 1
576 496 1
576 869 1
576 1485 1
577 63 1
577 1519 1
587 3 1
587 327 1
587 440 1
587 492 1
587 691 1
601 34 1
601 92 1
601 122 1
601 343 1
601 441 1
601 866 1
601 883 1
603 1 1
603 257 1
603 468 1
603 845 1
603 960 1
603 1519 1
605 1 1
605 184 1
605 272 1
605 642 1
605 959 1
612 429 1
612 769 1
622 85 1
622 101 1
622 196 1
622 252 1
622 265 1
622 642 1
622 779 1
622 797 1
624 1 1
624 27 1
624 28 1
624 32 1
624 38 1
624 245 1
624 272 1
624 520 1
624 869 1
624 894 1
634 325 1
634 520 1
634 797 1
642 1 1
642 272 1
642 388 1
642 605 1
642 624 1
642 797 1
642 959 1
674 101 1
674 265 1
674 272 1
674 765 1
674 779 1
674 894 1
691 55 1
691 70 1
691 79 1
691 119 1
691 205 1
691 364 1
691 447 1
691 452 1
691 587 1
691 883 1
694 117 1
694 327 1
753 34 1
753 545 1
765 265 1
765 272 1
765 674 1
769 85 1
769 219 1
769 248 1
769 429 1
769 452 1
769 545 1
769 612 1
769 753 1
769 765 1
771 335 1
771 970 1
779 28 1
779 101 1
779 240 1
779 252 1
779 265 1
779 622 1
779 642 1
779 674 1
779 894 1
797 196 1
797 252 1
797 622 1
797 634 1
797 642 1
798 343 1
798 366 1
845 151 1
845 257 1
845 441 1
845 603 1
845 960 1
845 1519 1
857 173 1
857 200 1
857 425 1
857 491 1
857 869 1
866 117 1
866 125 1
866 132 1
866 134 1
866 202 1
866 272 1
866 492 1
866 634 1
866 797 1
867 498 1
867 1594 1
869 72 1
869 494 1
869 520 1
869 857 1
883 55 1
883 70 1
883 79 1
883 80 1
883 119 1
883 205 1
883 255 1
883 364 1
883 407 1
883 441 1
883 447 1
883 601 1
883 691 1
884 248 1
884 268 1
894 27 1
894 28 1
894 32 1
894 38 1
894 101 1
894 265 1
894 272 1
894 624 1
894 674 1
894 765 1
894 779 1
920 3 1
920 124 1
920 884 1
959 1 1
959 272 1
959 468 1
959 605 1
959 624 1
959 642 1
960 257 1
960 1519 1
970 531 1
970 771 1
974 531 1
974 1828 1
1228 45 1
1228 285 1
1228 1332 1
1332 45 1
1332 46 1
1332 190 1
1332 242 1
1332 353 1
1332 1228 1
1401 70 1
1401 488 1
1401 502 1
1401 798 1
1485 576 1
1519 63 1
1519 213 1
1519 577 1
1519 603 1
1519 845 1
1519 960 1
1594 498 1
1594 867 1
1828 531 1
1828 974 1
