1 170 1
1 205 1
1 272 1
1 622 1
1 869 1
1 883 1
3 1 1
3 32 1
3 119 1
3 325 1
3 388 1
3 869 1
3 883 1
27 343 1
27 884 1
28 72 1
28 101 1
28 245 1
28 605 1
28 634 1
28 779 1
28 866 1
28 1828 1
32 3 1
32 388 1
32 869 1
32 884 1
34 101 1
34 125 1
34 779 1
34 798 1
45 122 1
45 132 1
45 184 1
45 252 1
45 492 1
45 691 1
45 797 1
46 245 1
46 327 1
46 465 1
46 520 1
48 425 1
48 429 1
48 494 1
55 63 1
55 196 1
55 200 1
55 240 1
55 242 1
55 268 1
55 502 1
55 587 1
61 502 1
63 55 1
63 200 1
63 222 1
70 79 1
70 441 1
70 857 1
70 959 1
70 1332 1
72 28 1
72 779 1
72 866 1
79 70 1
79 80 1
79 257 1
79 441 1
79 857 1
79 959 1
79 1332 1
80 79 1
80 486 1
80 959 1
80 1332 1
85 28 1
85 72 1
85 101 1
85 134 1
85 219 1
85 605 1
85 779 1
92 312 1
92 577 1
101 28 1
101 34 1
101 85 1
101 125 1
101 134 1
101 245 1
101 488 1
101 605 1
101 779 1
117 151 1
117 205 1
117 265 1
117 272 1
117 277 1
117 407 1
117 447 1
117 452 1
117 603 1
117 622 1
117 624 1
117 691 1
117 765 1
117 797 1
117 883 1
117 894 1
119 3 1
119 576 1
119 601 1
119 867 1
119 1519 1
119 1594 1
120 277 1
120 491 1
120 691 1
122 45 1
122 132 1
122 252 1
122 327 1
122 468 1
124 465 1
124 520 1
125 34 1
125 85 1
125 101 1
125 134 1
125 245 1
125 564 1
125 601 1
125 605 1
125 779 1
132 45 1
132 122 1
132 202 1
132 327 1
132 468 1
132 492 1
132 634 1
134 85 1
134 101 1
134 245 1
147 28 1
147 125 1
147 335 1
147 498 1
147 545 1
147 601 1
147 605 1
147 779 1
147 798 1
147 960 1
151 38 1
151 117 1
151 120 1
151 265 1
151 277 1
151 407 1
151 452 1
151 603 1
151 624 1
151 691 1
151 765 1
151 797 1
151 894 1
156 272 1
159 1 1
159 502 1
165 232 1
170 1 1
170 214 1
170 272 1
170 285 1
170 364 1
170 869 1
173 496 1
173 694 1
173 970 1
184 45 1
184 691 1
184 797 1
190 496 1
190 674 1
190 694 1
190 845 1
196 55 1
196 240 1
196 268 1
196 502 1
196 587 1
200 55 1
200 240 1
201 1 1
201 45 1
201 119 1
201 122 1
201 170 1
201 364 1
201 769 1
201 974 1
202 46 1
202 132 1
202 327 1
202 468 1
202 634 1
205 1 1
205 117 1
205 265 1
205 325 1
205 388 1
205 407 1
205 447 1
205 452 1
205 622 1
205 869 1
205 883 1
205 894 1
211 496 1
211 674 1
211 845 1
213 480 1
213 753 1
214 170 1
214 272 1
214 642 1
219 471 1
222 63 1
222 248 1
222 612 1
232 165 1
232 248 1
240 55 1
240 196 1
240 200 1
240 268 1
240 502 1
240 587 1
240 1828 1
242 55 1
242 364 1
242 587 1
245 28 1
245 46 1
245 85 1
245 101 1
245 134 1
245 634 1
245 779 1
248 79 1
248 219 1
248 222 1
252 45 1
252 122 1
252 184 1
252 492 1
252 564 1
252 691 1
252 797 1
255 492 1
257 79 1
257 343 1
257 441 1
265 117 1
265 151 1
265 205 1
265 407 1
265 447 1
265 452 1
265 624 1
265 883 1
265 894 1
268 55 1
268 196 1
268 240 1
268 502 1
268 587 1
272 1 1
272 170 1
272 214 1
272 325 1
272 353 1
272 366 1
272 429 1
272 494 1
272 642 1
272 960 1
272 1401 1
275 425 1
275 429 1
275 1519 1
277 117 1
277 120 1
277 151 1
277 491 1
277 691 1
277 797 1
285 125 1
285 170 1
285 364 1
285 612 1
285 769 1
312 92 1
312 577 1
325 1 1
325 3 1
325 205 1
325 272 1
325 388 1
325 869 1
325 883 1
327 46 1
327 132 1
327 202 1
327 245 1
327 468 1
327 492 1
327 634 1
327 866 1
335 491 1
335 798 1
335 920 1
343 27 1
343 257 1
343 471 1
353 214 1
353 425 1
353 440 1
353 494 1
353 642 1
364 170 1
364 242 1
364 285 1
364 587 1
364 769 1
366 272 1
388 1 1
388 3 1
388 32 1
388 119 1
388 205 1
388 325 1
388 869 1
388 883 1
407 117 1
407 205 1
407 265 1
407 447 1
407 452 1
407 603 1
407 622 1
407 624 1
407 691 1
407 765 1
407 797 1
407 883 1
407 894 1
425 48 1
425 200 1
425 272 1
425 275 1
425 353 1
425 429 1
425 440 1
425 494 1
425 1401 1
425 1519 1
429 48 1
429 272 1
429 275 1
429 353 1
429 425 1
429 494 1
429 642 1
440 353 1
440 425 1
440 494 1
440 642 1
440 1401 1
441 70 1
441 79 1
441 257 1
441 691 1
441 857 1
441 959 1
441 1332 1
447 117 1
447 205 1
447 407 1
447 622 1
447 624 1
447 869 1
447 883 1
447 894 1
452 55 1
452 205 1
452 255 1
452 407 1
452 797 1
465 46 1
465 124 1
465 520 1
468 122 1
468 132 1
468 202 1
468 327 1
468 492 1
468 634 1
468 866 1
471 219 1
471 343 1
480 213 1
480 753 1
486 80 1
486 920 1
488 232 1
488 564 1
488 1332 1
491 120 1
491 335 1
491 441 1
491 691 1
492 45 1
492 48 1
492 122 1
492 132 1
492 252 1
492 255 1
492 327 1
492 468 1
492 634 1
494 48 1
494 272 1
494 353 1
494 425 1
494 429 1
494 440 1
494 642 1
494 1401 1
496 173 1
496 190 1
496 211 1
496 531 1
496 674 1
496 694 1
496 845 1
496 970 1
498 147 1
498 545 1
502 55 1
502 196 1
502 240 1
502 268 1
502 587 1
520 46 1
520 124 1
520 201 1
520 465 1
531 496 1
531 674 1
531 845 1
545 147 1
545 498 1
545 960 1
564 252 1
564 488 1
576 119 1
576 601 1
576 867 1
576 884 1
577 92 1
577 312 1
587 55 1
587 196 1
587 242 1
587 268 1
587 364 1
601 34 1
601 119 1
601 125 1
601 184 1
601 335 1
601 576 1
601 798 1
603 117 1
603 252 1
603 353 1
603 407 1
603 691 1
603 797 1
605 28 1
605 101 1
605 125 1
605 219 1
605 866 1
612 222 1
612 285 1
622 1 1
622 117 1
622 205 1
622 447 1
622 765 1
622 869 1
622 883 1
622 894 1
624 92 1
624 151 1
624 213 1
624 265 1
624 407 1
624 447 1
624 452 1
624 465 1
624 894 1
624 960 1
634 28 1
634 245 1
634 779 1
642 48 1
642 214 1
642 272 1
642 494 1
642 753 1
642 769 1
642 960 1
674 190 1
674 211 1
674 496 1
674 531 1
674 694 1
674 845 1
691 45 1
691 120 1
691 184 1
691 252 1
691 388 1
691 407 1
691 441 1
691 603 1
691 765 1
691 797 1
694 190 1
694 674 1
753 213 1
753 480 1
765 117 1
765 407 1
765 691 1
769 27 1
769 38 1
769 170 1
769 201 1
769 214 1
769 272 1
769 285 1
769 364 1
769 642 1
771 272 1
771 1485 1
779 28 1
779 34 1
779 72 1
779 85 1
779 101 1
779 125 1
779 245 1
779 605 1
779 634 1
797 45 1
797 184 1
797 252 1
797 603 1
797 691 1
798 335 1
798 753 1
845 190 1
845 211 1
845 496 1
845 531 1
845 674 1
845 694 1
857 70 1
857 79 1
857 441 1
857 624 1
857 1332 1
866 28 1
866 72 1
866 196 1
866 245 1
866 335 1
866 468 1
866 491 1
866 605 1
866 634 1
867 119 1
867 576 1
869 1 1
869 325 1
869 447 1
869 883 1
883 1 1
883 117 1
883 170 1
883 205 1
883 265 1
883 272 1
883 325 1
883 407 1
883 447 1
883 452 1
883 622 1
883 869 1
883 894 1
884 27 1
884 343 1
894 117 1
894 151 1
894 205 1
894 265 1
894 407 1
894 447 1
894 452 1
894 622 1
894 624 1
894 765 1
894 883 1
920 80 1
920 335 1
920 486 1
959 70 1
959 79 1
959 80 1
959 257 1
959 441 1
959 1332 1
960 147 1
960 545 1
970 173 1
970 496 1
974 201 1
974 1228 1
1228 201 1
1228 974 1
1228 1519 1
1332 70 1
1332 79 1
1332 80 1
1332 441 1
1332 488 1
1332 959 1
1401 272 1
1401 425 1
1401 494 1
1401 642 1
1485 771 1
1519 38 1
1519 119 1
1519 275 1
1519 425 1
1519 1228 1
1519 1594 1
1594 119 1
1594 1519 1
1828 28 1
1828 240 1
