1 92 1
1 205 1
1 364 1
1 545 1
1 674 1
1 1401 1
3 34 1
3 201 1
3 219 1
3 222 1
3 325 1
3 502 1
3 798 1
27 165 1
27 884 1
28 101 1
28 388 1
28 603 1
28 634 1
28 691 1
28 797 1
28 883 1
28 1332 1
32 38 1
32 196 1
32 213 1
32 219 1
34 3 1
34 196 1
34 502 1
34 798 1
45 184 1
45 190 1
45 240 1
45 265 1
45 407 1
45 587 1
45 974 1
46 255 1
46 447 1
46 468 1
46 959 1
48 312 1
48 465 1
48 1828 1
55 120 1
55 170 1
55 245 1
55 272 1
55 335 1
55 441 1
55 494 1
55 642 1
61 38 1
63 200 1
63 277 1
63 465 1
70 79 1
70 190 1
70 285 1
70 440 1
70 605 1
72 211 1
72 242 1
72 894 1
79 70 1
79 285 1
79 471 1
79 492 1
79 587 1
79 605 1
79 694 1
80 425 1
80 488 1
80 496 1
80 765 1
85 45 1
85 201 1
85 353 1
85 407 1
85 491 1
85 601 1
85 798 1
92 1 1
92 545 1
101 28 1
101 122 1
101 388 1
101 425 1
101 496 1
101 603 1
101 769 1
101 869 1
101 883 1
117 1 1
117 38 1
117 119 1
117 122 1
117 205 1
117 268 1
117 343 1
117 364 1
117 429 1
117 447 1
117 492 1
117 622 1
117 674 1
117 857 1
117 869 1
117 1519 1
119 117 1
119 447 1
119 468 1
119 488 1
119 564 1
119 959 1
120 55 1
120 245 1
120 779 1
122 101 1
122 268 1
122 496 1
122 883 1
122 1519 1
124 214 1
124 275 1
125 134 1
125 170 1
125 196 1
125 248 1
125 257 1
125 325 1
125 353 1
125 452 1
125 753 1
132 151 1
132 245 1
132 272 1
132 494 1
132 691 1
132 779 1
132 797 1
134 257 1
134 325 1
134 753 1
147 55 1
147 170 1
147 252 1
147 272 1
147 335 1
147 407 1
147 441 1
147 491 1
147 605 1
147 642 1
151 120 1
151 132 1
151 245 1
151 272 1
151 327 1
151 494 1
151 634 1
151 691 1
151 779 1
151 797 1
151 845 1
151 866 1
151 884 1
156 694 1
159 869 1
159 1332 1
165 27 1
170 55 1
170 125 1
170 272 1
170 335 1
170 441 1
170 605 1
173 200 1
173 465 1
173 771 1
184 45 1
184 275 1
184 407 1
190 45 1
190 70 1
190 265 1
190 587 1
196 32 1
196 34 1
196 125 1
196 325 1
196 502 1
200 173 1
200 577 1
201 85 1
201 125 1
201 196 1
201 257 1
201 325 1
201 353 1
201 502 1
201 564 1
202 122 1
202 214 1
202 232 1
202 277 1
202 894 1
205 1 1
205 117 1
205 219 1
205 364 1
205 366 1
205 429 1
205 576 1
205 622 1
205 674 1
205 857 1
205 869 1
205 1401 1
211 72 1
211 242 1
211 894 1
213 531 1
213 970 1
214 124 1
214 275 1
214 894 1
219 32 1
222 3 1
222 245 1
222 845 1
232 202 1
232 753 1
240 45 1
240 184 1
240 252 1
240 265 1
240 353 1
240 407 1
240 601 1
242 72 1
242 211 1
242 894 1
245 55 1
245 120 1
245 222 1
245 255 1
245 494 1
245 779 1
245 845 1
248 452 1
248 624 1
248 960 1
252 147 1
252 240 1
252 272 1
252 407 1
252 441 1
252 624 1
252 642 1
255 46 1
257 125 1
257 134 1
257 325 1
265 45 1
265 184 1
265 190 1
265 240 1
265 407 1
265 587 1
265 601 1
265 624 1
265 1485 1
268 117 1
268 122 1
268 447 1
268 492 1
268 1519 1
272 55 1
272 132 1
272 151 1
272 170 1
272 245 1
272 335 1
272 441 1
272 494 1
272 691 1
272 779 1
272 797 1
275 124 1
275 184 1
275 214 1
277 63 1
277 80 1
277 202 1
277 214 1
277 452 1
277 894 1
285 70 1
285 79 1
285 200 1
285 440 1
285 605 1
312 48 1
312 753 1
325 3 1
325 125 1
325 134 1
325 196 1
325 201 1
325 257 1
325 502 1
327 28 1
327 388 1
327 425 1
327 634 1
327 691 1
327 797 1
327 883 1
327 1332 1
335 55 1
335 272 1
335 441 1
343 447 1
343 468 1
343 959 1
353 48 1
353 125 1
353 240 1
353 407 1
353 634 1
364 1 1
364 117 1
364 205 1
364 429 1
364 674 1
366 205 1
388 28 1
388 85 1
388 101 1
388 327 1
388 691 1
388 866 1
388 883 1
388 1332 1
407 45 1
407 85 1
407 147 1
407 184 1
407 240 1
407 252 1
407 265 1
407 353 1
407 441 1
407 491 1
407 624 1
407 642 1
407 960 1
425 80 1
425 101 1
425 219 1
425 327 1
425 496 1
425 694 1
425 765 1
425 769 1
425 869 1
425 883 1
429 1 1
429 117 1
429 205 1
429 364 1
429 576 1
429 622 1
429 674 1
440 70 1
440 79 1
440 285 1
440 605 1
440 624 1
441 55 1
441 170 1
441 252 1
441 272 1
441 335 1
441 407 1
441 624 1
447 46 1
447 119 1
447 268 1
447 343 1
447 468 1
447 492 1
447 959 1
447 1519 1
452 34 1
452 170 1
452 272 1
452 587 1
452 624 1
465 48 1
465 63 1
465 1828 1
468 46 1
468 119 1
468 343 1
468 447 1
468 492 1
468 587 1
468 959 1
471 79 1
471 694 1
480 612 1
480 1594 1
486 498 1
486 867 1
488 80 1
488 119 1
488 765 1
491 72 1
491 147 1
491 252 1
491 407 1
492 46 1
492 79 1
492 92 1
492 117 1
492 268 1
492 447 1
492 468 1
492 587 1
492 1519 1
494 55 1
494 132 1
494 151 1
494 245 1
494 272 1
494 691 1
494 779 1
494 797 1
496 80 1
496 101 1
496 122 1
496 425 1
496 765 1
496 769 1
496 869 1
496 883 1
498 486 1
498 867 1
502 3 1
502 34 1
502 125 1
502 196 1
502 798 1
520 452 1
520 642 1
520 894 1
520 920 1
531 213 1
531 866 1
531 970 1
545 1 1
545 92 1
545 1401 1
564 119 1
564 960 1
576 1 1
576 205 1
576 429 1
576 622 1
577 200 1
577 974 1
587 45 1
587 79 1
587 190 1
587 265 1
587 452 1
601 85 1
601 232 1
601 240 1
601 265 1
601 353 1
601 407 1
601 491 1
603 28 1
603 101 1
603 388 1
603 634 1
603 883 1
603 1228 1
605 70 1
605 79 1
605 170 1
605 285 1
605 335 1
612 480 1
612 1594 1
622 1 1
622 117 1
622 205 1
622 576 1
622 674 1
622 857 1
622 869 1
622 1401 1
624 170 1
624 252 1
624 272 1
624 407 1
624 440 1
624 441 1
624 452 1
624 605 1
624 642 1
624 960 1
634 28 1
634 691 1
634 1332 1
642 55 1
642 85 1
642 252 1
642 272 1
642 452 1
642 520 1
642 894 1
674 1 1
674 117 1
674 205 1
674 364 1
674 429 1
674 622 1
691 27 1
691 28 1
691 132 1
691 327 1
691 494 1
691 634 1
691 779 1
691 797 1
691 883 1
691 1332 1
694 79 1
694 471 1
753 134 1
753 312 1
765 80 1
765 425 1
765 496 1
769 28 1
769 101 1
769 425 1
769 496 1
769 603 1
769 634 1
769 765 1
769 869 1
769 883 1
771 173 1
771 960 1
779 120 1
779 132 1
779 245 1
779 272 1
779 494 1
779 691 1
779 797 1
779 845 1
779 866 1
797 28 1
797 132 1
797 272 1
797 494 1
797 691 1
798 201 1
798 502 1
845 151 1
845 222 1
845 245 1
845 779 1
845 797 1
845 866 1
857 1 1
857 117 1
857 205 1
857 364 1
857 622 1
866 48 1
866 151 1
866 272 1
866 531 1
866 691 1
866 779 1
866 797 1
866 845 1
866 884 1
867 486 1
867 498 1
869 117 1
869 205 1
869 425 1
869 622 1
883 28 1
883 101 1
883 327 1
883 425 1
883 496 1
883 603 1
883 634 1
883 691 1
883 765 1
883 769 1
883 869 1
883 1228 1
883 1332 1
884 27 1
884 601 1
894 72 1
894 202 1
894 211 1
894 214 1
894 242 1
894 277 1
894 452 1
894 520 1
894 642 1
894 694 1
894 920 1
920 520 1
920 642 1
920 894 1
959 46 1
959 119 1
959 343 1
959 447 1
959 468 1
959 488 1
960 248 1
960 564 1
970 213 1
970 531 1
974 45 1
974 577 1
1228 603 1
1228 869 1
1228 883 1
1332 28 1
1332 327 1
1332 388 1
1332 634 1
1332 691 1
1332 883 1
1401 1 1
1401 119 1
1401 205 1
1401 545 1
1485 265 1
1519 117 1
1519 119 1
1519 122 1
1519 268 1
1519 447 1
1519 492 1
1594 480 1
1594 612 1
1828 48 1
1828 465 1
