1 28 1
1 55 1
1 147 1
1 388 1
1 691 1
1 869 1
3 1 1
3 28 1
3 117 1
3 147 1
3 622 1
3 691 1
3 869 1
27 222 1
27 440 1
28 1 1
28 3 1
28 55 1
28 117 1
28 245 1
28 622 1
28 691 1
28 845 1
32 34 1
32 605 1
32 694 1
32 1401 1
34 32 1
34 213 1
34 605 1
34 694 1
45 46 1
45 132 1
45 240 1
45 312 1
45 520 1
45 959 1
45 1228 1
46 45 1
46 132 1
46 545 1
46 959 1
48 798 1
48 920 1
48 1594 1
55 1 1
55 28 1
55 134 1
55 245 1
55 388 1
55 691 1
55 845 1
55 869 1
61 34 1
63 325 1
63 642 1
63 779 1
70 257 1
70 265 1
70 272 1
70 429 1
70 797 1
72 214 1
72 364 1
72 496 1
79 190 1
79 425 1
79 441 1
79 447 1
79 468 1
79 674 1
79 857 1
80 200 1
80 245 1
80 771 1
80 974 1
85 119 1
85 327 1
85 353 1
85 407 1
85 452 1
85 502 1
85 634 1
92 211 1
92 531 1
101 117 1
101 147 1
101 151 1
101 275 1
101 277 1
101 471 1
101 691 1
101 769 1
101 869 1
117 1 1
117 3 1
117 28 1
117 101 1
117 196 1
117 205 1
117 272 1
117 277 1
117 327 1
117 587 1
117 622 1
117 691 1
117 769 1
117 797 1
117 869 1
117 884 1
119 85 1
119 213 1
119 353 1
119 502 1
119 634 1
119 894 1
120 425 1
120 447 1
120 1519 1
122 125 1
122 205 1
122 252 1
122 335 1
122 883 1
124 465 1
124 612 1
125 122 1
125 205 1
125 252 1
125 272 1
125 335 1
125 407 1
125 797 1
125 883 1
125 960 1
132 45 1
132 46 1
132 240 1
132 255 1
132 520 1
132 545 1
132 959 1
134 55 1
134 245 1
134 845 1
147 1 1
147 3 1
147 28 1
147 38 1
147 85 1
147 101 1
147 488 1
147 622 1
147 691 1
147 869 1
151 48 1
151 85 1
151 101 1
151 275 1
151 277 1
151 335 1
151 343 1
151 452 1
151 465 1
151 769 1
151 798 1
151 869 1
151 974 1
156 753 1
159 48 1
159 642 1
165 343 1
170 214 1
170 364 1
170 407 1
170 496 1
170 624 1
170 960 1
173 496 1
173 531 1
173 564 1
184 496 1
184 866 1
184 894 1
190 79 1
190 425 1
190 441 1
190 447 1
196 117 1
196 232 1
196 327 1
196 587 1
196 1401 1
200 80 1
200 245 1
201 125 1
201 170 1
201 219 1
201 407 1
201 492 1
201 605 1
201 765 1
201 960 1
202 170 1
202 219 1
202 605 1
202 765 1
202 779 1
205 117 1
205 122 1
205 125 1
205 252 1
205 272 1
205 327 1
205 407 1
205 492 1
205 587 1
205 603 1
205 797 1
205 883 1
211 92 1
211 531 1
211 642 1
213 119 1
213 894 1
214 72 1
214 364 1
214 496 1
219 765 1
222 27 1
222 440 1
222 577 1
232 196 1
232 603 1
240 45 1
240 132 1
240 353 1
240 502 1
240 634 1
240 894 1
240 959 1
242 494 1
242 779 1
242 970 1
245 28 1
245 38 1
245 55 1
245 80 1
245 134 1
245 200 1
245 498 1
248 196 1
248 353 1
248 1401 1
252 122 1
252 125 1
252 205 1
252 272 1
252 407 1
252 491 1
252 883 1
255 694 1
257 70 1
257 429 1
257 797 1
265 70 1
265 272 1
265 327 1
265 429 1
265 488 1
265 587 1
265 642 1
265 797 1
265 798 1
268 285 1
268 325 1
268 494 1
268 779 1
268 1332 1
272 70 1
272 122 1
272 252 1
272 265 1
272 407 1
272 429 1
272 452 1
272 587 1
272 603 1
272 797 1
272 883 1
275 101 1
275 151 1
275 769 1
277 101 1
277 117 1
277 151 1
277 364 1
277 797 1
277 884 1
285 268 1
285 441 1
285 494 1
285 753 1
285 1332 1
312 45 1
312 1228 1
325 63 1
325 268 1
325 494 1
325 576 1
325 642 1
325 779 1
325 1332 1
327 117 1
327 196 1
327 205 1
327 265 1
327 272 1
327 587 1
327 642 1
327 691 1
335 601 1
335 883 1
335 894 1
343 165 1
343 441 1
343 674 1
353 119 1
353 240 1
353 492 1
353 502 1
353 634 1
364 72 1
364 170 1
364 214 1
364 486 1
364 496 1
366 480 1
388 1 1
388 28 1
388 55 1
388 134 1
388 200 1
388 245 1
388 691 1
388 845 1
407 125 1
407 170 1
407 201 1
407 205 1
407 252 1
407 272 1
407 452 1
407 492 1
407 603 1
407 624 1
407 866 1
407 883 1
407 960 1
425 79 1
425 120 1
425 190 1
425 441 1
425 447 1
425 468 1
425 491 1
425 674 1
425 857 1
425 1519 1
429 70 1
429 257 1
429 265 1
429 272 1
429 587 1
429 642 1
429 797 1
440 27 1
440 38 1
440 222 1
440 248 1
440 577 1
441 79 1
441 190 1
441 285 1
441 343 1
441 447 1
441 674 1
441 1519 1
447 79 1
447 120 1
447 190 1
447 441 1
447 468 1
447 674 1
447 1519 1
447 1828 1
452 85 1
452 119 1
452 353 1
452 634 1
452 920 1
465 124 1
465 612 1
465 970 1
468 79 1
468 232 1
468 425 1
468 447 1
468 491 1
468 857 1
468 1519 1
471 101 1
471 486 1
480 366 1
480 674 1
486 364 1
486 471 1
488 1 1
488 265 1
488 622 1
491 55 1
491 80 1
491 425 1
491 468 1
492 125 1
492 201 1
492 205 1
492 272 1
492 353 1
492 407 1
492 624 1
492 866 1
492 883 1
494 242 1
494 268 1
494 285 1
494 325 1
494 576 1
494 753 1
494 779 1
494 1332 1
496 72 1
496 170 1
496 173 1
496 184 1
496 214 1
496 364 1
496 624 1
496 866 1
498 245 1
498 867 1
502 27 1
502 119 1
502 240 1
502 634 1
502 894 1
520 45 1
520 46 1
520 132 1
520 959 1
531 92 1
531 173 1
531 211 1
545 46 1
545 132 1
545 1828 1
564 867 1
564 1594 1
576 325 1
576 494 1
576 779 1
576 1332 1
577 222 1
577 440 1
587 117 1
587 196 1
587 205 1
587 265 1
587 272 1
601 184 1
601 335 1
601 605 1
601 765 1
601 866 1
601 883 1
601 894 1
603 122 1
603 205 1
603 252 1
603 272 1
603 407 1
603 883 1
605 32 1
605 34 1
605 202 1
605 219 1
605 765 1
612 124 1
612 465 1
622 1 1
622 3 1
622 28 1
622 117 1
622 257 1
622 488 1
622 691 1
622 869 1
624 119 1
624 170 1
624 201 1
624 214 1
624 407 1
624 452 1
624 492 1
624 634 1
624 883 1
624 894 1
634 85 1
634 119 1
634 502 1
642 45 1
642 92 1
642 211 1
642 265 1
642 272 1
642 327 1
642 429 1
674 79 1
674 343 1
674 425 1
674 441 1
674 447 1
674 480 1
691 1 1
691 28 1
691 55 1
691 101 1
691 117 1
691 388 1
691 622 1
691 779 1
691 845 1
691 869 1
694 34 1
694 255 1
753 494 1
753 1332 1
765 202 1
765 219 1
765 605 1
769 1 1
769 101 1
769 117 1
769 151 1
769 275 1
769 691 1
769 694 1
769 798 1
769 869 1
771 80 1
771 200 1
779 63 1
779 202 1
779 242 1
779 268 1
779 325 1
779 494 1
779 576 1
779 642 1
779 1332 1
797 70 1
797 205 1
797 257 1
797 272 1
797 884 1
798 48 1
798 388 1
845 28 1
845 55 1
845 134 1
845 245 1
845 388 1
845 691 1
857 79 1
857 120 1
857 425 1
857 468 1
857 491 1
866 170 1
866 184 1
866 201 1
866 407 1
866 492 1
866 496 1
866 624 1
866 765 1
866 960 1
867 498 1
867 564 1
869 1 1
869 55 1
869 622 1
869 691 1
883 122 1
883 184 1
883 205 1
883 252 1
883 272 1
883 335 1
883 407 1
883 452 1
883 601 1
883 603 1
883 624 1
883 634 1
883 894 1
884 245 1
884 797 1
894 119 1
894 184 1
894 213 1
894 240 1
894 335 1
894 452 1
894 502 1
894 601 1
894 624 1
894 634 1
894 883 1
920 48 1
920 452 1
920 605 1
959 45 1
959 46 1
959 132 1
959 240 1
959 520 1
959 601 1
960 125 1
960 170 1
970 242 1
970 465 1
974 80 1
974 151 1
1228 45 1
1228 72 1
1228 312 1
1332 268 1
1332 285 1
1332 325 1
1332 494 1
1332 753 1
1332 779 1
1401 196 1
1401 248 1
1401 694 1
1401 1485 1
1485 1401 1
1519 79 1
1519 120 1
1519 425 1
1519 441 1
1519 447 1
1519 468 1
1594 48 1
1594 564 1
1828 447 1
1828 545 1
