1 79 1
1 240 1
1 468 1
1 494 1
1 642 1
1 1332 1
3 242 1
3 272 1
3 325 1
3 425 1
3 452 1
3 603 1
3 797 1
27 46 1
27 496 1
28 45 1
28 101 1
28 117 1
28 252 1
28 335 1
28 343 1
28 407 1
28 441 1
32 46 1
32 465 1
32 496 1
32 753 1
34 38 1
34 124 1
34 190 1
34 520 1
45 28 1
45 101 1
45 117 1
45 252 1
45 388 1
45 441 1
45 488 1
46 27 1
46 134 1
46 465 1
46 496 1
48 119 1
48 465 1
48 494 1
55 117 1
55 122 1
55 587 1
55 605 1
55 622 1
55 691 1
55 797 1
55 866 1
61 272 1
63 72 1
63 80 1
63 214 1
70 132 1
70 265 1
70 272 1
70 364 1
70 779 1
72 80 1
72 214 1
72 694 1
79 1 1
79 240 1
79 285 1
79 494 1
79 959 1
79 1332 1
79 1519 1
80 63 1
80 72 1
80 214 1
80 694 1
85 1 1
85 119 1
85 147 1
85 196 1
85 327 1
85 694 1
85 765 1
92 496 1
92 869 1
101 28 1
101 45 1
101 117 1
101 252 1
101 343 1
101 388 1
101 407 1
101 441 1
101 488 1
117 28 1
117 45 1
117 55 1
117 101 1
117 122 1
117 151 1
117 252 1
117 388 1
117 407 1
117 441 1
117 491 1
117 587 1
117 605 1
117 691 1
117 797 1
117 866 1
119 48 1
119 196 1
119 285 1
119 327 1
119 494 1
119 959 1
120 213 1
120 612 1
120 974 1
122 55 1
122 151 1
122 335 1
122 691 1
122 866 1
124 34 1
124 190 1
125 170 1
125 252 1
125 447 1
125 502 1
125 624 1
125 674 1
125 894 1
125 960 1
125 1228 1
132 70 1
132 265 1
132 272 1
132 364 1
132 425 1
132 452 1
132 779 1
134 46 1
134 496 1
134 498 1
147 27 1
147 85 1
147 119 1
147 134 1
147 196 1
147 327 1
147 468 1
147 694 1
147 765 1
147 883 1
151 55 1
151 117 1
151 122 1
151 268 1
151 272 1
151 335 1
151 491 1
151 587 1
151 605 1
151 622 1
151 691 1
151 797 1
151 866 1
156 452 1
159 219 1
159 691 1
165 798 1
170 205 1
170 502 1
170 634 1
170 857 1
170 883 1
170 894 1
173 257 1
173 577 1
173 960 1
184 364 1
184 867 1
184 1594 1
190 34 1
190 124 1
190 265 1
190 520 1
196 85 1
196 119 1
196 275 1
196 327 1
196 765 1
200 407 1
200 869 1
201 219 1
201 353 1
201 576 1
201 601 1
201 691 1
201 797 1
201 798 1
201 920 1
202 211 1
202 255 1
202 277 1
202 353 1
202 364 1
205 170 1
205 245 1
205 268 1
205 447 1
205 492 1
205 624 1
205 634 1
205 674 1
205 857 1
205 883 1
205 894 1
205 1401 1
211 202 1
211 564 1
211 779 1
213 120 1
213 257 1
214 63 1
214 72 1
214 80 1
219 691 1
222 255 1
222 480 1
222 486 1
232 502 1
232 884 1
240 1 1
240 79 1
240 440 1
240 494 1
240 545 1
240 1332 1
240 1519 1
242 3 1
242 325 1
242 366 1
245 205 1
245 407 1
245 429 1
245 624 1
245 634 1
245 869 1
245 883 1
248 85 1
248 213 1
248 622 1
252 28 1
252 45 1
252 101 1
252 117 1
252 407 1
252 441 1
252 488 1
255 222 1
257 173 1
257 213 1
257 577 1
265 34 1
265 70 1
265 132 1
265 190 1
265 272 1
265 425 1
265 520 1
265 753 1
265 779 1
268 151 1
268 205 1
268 492 1
268 634 1
268 883 1
272 70 1
272 132 1
272 265 1
272 325 1
272 364 1
272 425 1
272 452 1
272 564 1
272 603 1
272 753 1
272 779 1
275 196 1
275 327 1
275 765 1
277 202 1
277 245 1
277 257 1
277 447 1
277 603 1
277 642 1
285 48 1
285 79 1
285 119 1
285 494 1
285 959 1
312 531 1
312 1828 1
325 3 1
325 242 1
325 272 1
325 425 1
325 452 1
325 603 1
325 1485 1
327 1 1
327 85 1
327 119 1
327 196 1
327 272 1
327 275 1
327 694 1
327 765 1
335 28 1
335 122 1
335 587 1
343 28 1
343 101 1
343 441 1
353 125 1
353 447 1
353 502 1
353 601 1
353 894 1
364 70 1
364 132 1
364 184 1
364 202 1
364 272 1
366 242 1
388 28 1
388 45 1
388 101 1
388 117 1
388 343 1
388 407 1
388 441 1
388 869 1
407 28 1
407 101 1
407 117 1
407 184 1
407 200 1
407 245 1
407 388 1
407 429 1
407 441 1
407 468 1
407 642 1
407 769 1
407 869 1
425 3 1
425 132 1
425 201 1
425 265 1
425 272 1
425 325 1
425 452 1
425 603 1
425 779 1
425 797 1
429 200 1
429 245 1
429 407 1
429 468 1
429 642 1
429 797 1
429 869 1
440 1 1
440 79 1
440 240 1
440 1332 1
440 1519 1
441 28 1
441 45 1
441 101 1
441 117 1
441 252 1
441 343 1
441 407 1
447 125 1
447 205 1
447 277 1
447 353 1
447 492 1
447 502 1
447 674 1
447 894 1
452 201 1
452 219 1
452 272 1
452 364 1
452 425 1
465 32 1
465 46 1
465 48 1
468 1 1
468 147 1
468 407 1
468 429 1
468 492 1
468 642 1
468 769 1
471 845 1
471 960 1
480 222 1
480 486 1
486 222 1
486 480 1
488 28 1
488 45 1
488 252 1
491 122 1
491 335 1
491 691 1
491 797 1
492 205 1
492 245 1
492 268 1
492 447 1
492 468 1
492 624 1
492 634 1
492 642 1
492 883 1
494 1 1
494 48 1
494 79 1
494 119 1
494 240 1
494 285 1
494 959 1
494 1332 1
496 27 1
496 32 1
496 46 1
496 92 1
496 134 1
496 465 1
496 498 1
496 869 1
498 134 1
498 496 1
502 125 1
502 170 1
502 214 1
502 447 1
502 894 1
520 34 1
520 45 1
520 190 1
520 265 1
531 312 1
531 1228 1
531 1828 1
545 240 1
545 1332 1
545 1519 1
564 211 1
564 779 1
576 201 1
576 798 1
576 845 1
576 920 1
577 173 1
577 257 1
587 55 1
587 335 1
587 605 1
587 622 1
587 691 1
601 38 1
601 125 1
601 353 1
601 769 1
601 779 1
601 798 1
601 883 1
603 3 1
603 272 1
603 325 1
603 425 1
603 797 1
603 884 1
605 55 1
605 232 1
605 587 1
605 622 1
605 691 1
612 120 1
612 974 1
622 55 1
622 85 1
622 151 1
622 248 1
622 335 1
622 587 1
622 605 1
622 691 1
624 80 1
624 170 1
624 205 1
624 214 1
624 245 1
624 634 1
624 642 1
624 674 1
624 883 1
624 1401 1
634 245 1
634 268 1
634 492 1
642 1 1
642 245 1
642 277 1
642 388 1
642 407 1
642 429 1
642 869 1
674 125 1
674 205 1
674 447 1
674 624 1
674 883 1
674 894 1
691 55 1
691 122 1
691 219 1
691 272 1
691 491 1
691 587 1
691 605 1
691 622 1
691 797 1
691 866 1
694 72 1
694 80 1
753 272 1
753 970 1
765 196 1
765 275 1
765 327 1
769 1 1
769 184 1
769 407 1
769 452 1
769 468 1
769 601 1
769 642 1
769 779 1
769 869 1
771 200 1
771 869 1
779 70 1
779 132 1
779 211 1
779 265 1
779 425 1
779 452 1
779 564 1
779 601 1
779 769 1
797 55 1
797 117 1
797 429 1
797 491 1
797 691 1
798 165 1
798 765 1
845 471 1
845 576 1
845 884 1
845 959 1
845 960 1
845 970 1
857 170 1
857 205 1
857 634 1
857 883 1
857 894 1
866 55 1
866 92 1
866 117 1
866 151 1
866 248 1
866 272 1
866 605 1
866 622 1
866 691 1
867 184 1
867 1594 1
869 92 1
869 200 1
869 496 1
869 771 1
883 147 1
883 170 1
883 205 1
883 245 1
883 268 1
883 353 1
883 447 1
883 492 1
883 624 1
883 634 1
883 674 1
883 894 1
883 1401 1
884 38 1
884 232 1
894 125 1
894 170 1
894 205 1
894 353 1
894 447 1
894 502 1
894 634 1
894 674 1
894 857 1
894 883 1
894 1401 1
920 120 1
920 201 1
920 576 1
959 48 1
959 79 1
959 119 1
959 285 1
959 494 1
959 845 1
960 471 1
960 845 1
970 753 1
970 845 1
974 120 1
974 612 1
1228 125 1
1228 531 1
1228 960 1
1332 1 1
1332 79 1
1332 440 1
1332 494 1
1332 545 1
1332 1519 1
1401 170 1
1401 205 1
1401 624 1
1401 883 1
1485 325 1
1519 1 1
1519 79 1
1519 240 1
1519 440 1
1519 545 1
1519 1332 1
1594 184 1
1594 867 1
1828 312 1
1828 531 1
