1 122 1
1 335 1
1 429 1
1 447 1
1 468 1
1 765 1
3 55 1
3 72 1
3 245 1
3 407 1
3 496 1
3 883 1
3 894 1
27 80 1
27 257 1
28 45 1
28 196 1
28 252 1
28 327 1
28 440 1
28 496 1
28 603 1
28 1401 1
32 213 1
32 491 1
32 531 1
32 867 1
34 48 1
34 80 1
34 134 1
34 974 1
45 28 1
45 252 1
45 327 1
45 440 1
45 496 1
45 603 1
45 883 1
46 151 1
46 797 1
46 869 1
46 884 1
48 34 1
48 70 1
48 80 1
55 72 1
55 119 1
55 245 1
55 407 1
55 691 1
55 779 1
55 883 1
55 894 1
61 564 1
63 28 1
63 117 1
63 257 1
70 48 1
70 117 1
70 325 1
70 335 1
70 520 1
72 55 1
72 119 1
72 894 1
79 132 1
79 205 1
79 265 1
79 272 1
79 452 1
79 769 1
79 798 1
80 27 1
80 34 1
80 48 1
80 257 1
85 151 1
85 502 1
85 601 1
85 634 1
85 694 1
85 797 1
85 869 1
92 252 1
92 255 1
101 170 1
101 213 1
101 285 1
101 425 1
101 441 1
101 494 1
101 587 1
101 622 1
101 845 1
117 1 1
117 63 1
117 70 1
117 80 1
117 122 1
117 257 1
117 325 1
117 335 1
117 429 1
117 447 1
117 468 1
117 502 1
117 520 1
117 624 1
117 691 1
117 765 1
119 55 1
119 72 1
119 245 1
119 642 1
119 779 1
119 894 1
120 674 1
120 959 1
120 1519 1
122 1 1
122 117 1
122 429 1
122 447 1
122 765 1
124 190 1
124 465 1
125 205 1
125 240 1
125 272 1
125 353 1
125 364 1
125 492 1
125 545 1
125 605 1
125 642 1
132 79 1
132 205 1
132 240 1
132 265 1
132 272 1
132 769 1
132 798 1
134 248 1
134 471 1
134 974 1
147 125 1
147 151 1
147 201 1
147 211 1
147 353 1
147 545 1
147 634 1
147 797 1
147 884 1
147 1401 1
151 46 1
151 85 1
151 125 1
151 147 1
151 201 1
151 232 1
151 353 1
151 601 1
151 634 1
151 797 1
151 869 1
151 884 1
151 960 1
156 488 1
159 38 1
159 48 1
165 867 1
170 101 1
170 441 1
170 494 1
170 587 1
170 624 1
170 845 1
173 184 1
173 753 1
173 970 1
184 173 1
184 564 1
184 970 1
190 124 1
190 211 1
190 214 1
190 465 1
196 28 1
196 265 1
196 343 1
196 407 1
196 612 1
200 242 1
200 753 1
201 85 1
201 151 1
201 219 1
201 388 1
201 601 1
201 634 1
201 797 1
201 960 1
202 120 1
202 248 1
202 674 1
202 959 1
202 1519 1
205 79 1
205 125 1
205 132 1
205 240 1
205 265 1
205 272 1
205 364 1
205 452 1
205 492 1
205 605 1
205 769 1
205 866 1
211 147 1
211 190 1
211 214 1
213 101 1
213 275 1
214 190 1
214 211 1
214 465 1
219 268 1
222 366 1
222 605 1
222 960 1
232 452 1
232 634 1
240 125 1
240 132 1
240 205 1
240 272 1
240 452 1
240 492 1
240 866 1
242 200 1
242 753 1
242 779 1
245 55 1
245 119 1
245 407 1
245 691 1
245 779 1
245 883 1
245 894 1
248 34 1
248 48 1
248 134 1
252 28 1
252 45 1
252 92 1
252 601 1
252 603 1
252 869 1
252 1401 1
255 92 1
257 27 1
257 63 1
257 80 1
265 79 1
265 132 1
265 196 1
265 205 1
265 343 1
265 452 1
265 769 1
265 798 1
265 866 1
268 219 1
268 275 1
268 277 1
268 388 1
268 498 1
272 79 1
272 132 1
272 205 1
272 240 1
272 364 1
272 407 1
272 447 1
272 452 1
272 502 1
272 605 1
272 691 1
275 213 1
275 268 1
275 498 1
277 85 1
277 201 1
277 268 1
277 388 1
277 576 1
277 869 1
285 101 1
285 245 1
285 425 1
285 587 1
285 1332 1
312 624 1
312 857 1
325 1 1
325 70 1
325 117 1
325 335 1
325 429 1
325 468 1
325 520 1
327 28 1
327 45 1
327 440 1
327 491 1
327 496 1
327 603 1
327 779 1
327 883 1
335 1 1
335 70 1
335 325 1
343 196 1
343 265 1
343 612 1
353 125 1
353 214 1
353 545 1
353 634 1
353 642 1
364 205 1
364 272 1
364 492 1
364 605 1
364 642 1
366 222 1
388 201 1
388 219 1
388 255 1
388 268 1
388 277 1
388 576 1
388 694 1
388 869 1
407 3 1
407 55 1
407 119 1
407 196 1
407 245 1
407 272 1
407 496 1
407 642 1
407 691 1
407 779 1
407 883 1
407 894 1
407 1228 1
425 101 1
425 170 1
425 285 1
425 441 1
425 494 1
425 587 1
425 622 1
425 642 1
425 845 1
425 1332 1
429 1 1
429 117 1
429 122 1
429 325 1
429 447 1
429 465 1
429 765 1
440 28 1
440 45 1
440 327 1
440 335 1
440 603 1
441 101 1
441 170 1
441 425 1
441 494 1
441 622 1
441 624 1
441 845 1
447 1 1
447 117 1
447 122 1
447 429 1
447 468 1
447 502 1
447 691 1
447 765 1
452 79 1
452 245 1
452 272 1
452 407 1
452 691 1
465 124 1
465 190 1
465 214 1
468 1 1
468 117 1
468 122 1
468 325 1
468 447 1
468 502 1
468 691 1
471 134 1
471 960 1
480 494 1
480 1332 1
486 488 1
486 920 1
488 388 1
488 486 1
488 576 1
491 200 1
491 587 1
491 753 1
491 959 1
492 125 1
492 205 1
492 240 1
492 272 1
492 353 1
492 364 1
492 605 1
492 642 1
492 866 1
494 101 1
494 170 1
494 425 1
494 441 1
494 480 1
494 587 1
494 622 1
494 1332 1
496 3 1
496 28 1
496 45 1
496 327 1
496 407 1
496 691 1
496 883 1
496 1228 1
498 268 1
498 275 1
502 1 1
502 117 1
502 447 1
502 468 1
502 691 1
520 1 1
520 70 1
520 117 1
520 325 1
531 32 1
531 634 1
531 797 1
545 125 1
545 147 1
545 353 1
564 184 1
564 577 1
576 277 1
576 388 1
576 488 1
576 869 1
577 564 1
577 1485 1
587 285 1
587 425 1
587 491 1
587 494 1
587 1332 1
601 46 1
601 85 1
601 151 1
601 252 1
601 694 1
601 797 1
601 869 1
603 28 1
603 45 1
603 252 1
603 327 1
603 642 1
603 883 1
605 92 1
605 205 1
605 222 1
605 272 1
605 364 1
612 196 1
612 343 1
622 101 1
622 170 1
622 184 1
622 425 1
622 441 1
622 494 1
622 845 1
622 1332 1
624 38 1
624 117 1
624 122 1
624 170 1
624 184 1
624 312 1
624 335 1
624 441 1
624 622 1
624 857 1
634 232 1
634 531 1
634 797 1
642 119 1
642 219 1
642 272 1
642 353 1
642 364 1
642 492 1
642 866 1
674 120 1
674 202 1
674 894 1
674 959 1
674 1519 1
674 1828 1
691 1 1
691 55 1
691 117 1
691 272 1
691 407 1
691 447 1
691 468 1
691 502 1
691 779 1
691 883 1
694 797 1
694 869 1
753 200 1
753 242 1
765 1 1
765 447 1
765 920 1
769 27 1
769 79 1
769 132 1
769 205 1
769 214 1
769 265 1
769 272 1
769 452 1
769 798 1
771 960 1
771 1594 1
779 55 1
779 119 1
779 242 1
779 245 1
779 407 1
779 605 1
779 691 1
779 883 1
779 894 1
797 46 1
797 531 1
797 634 1
797 694 1
797 869 1
798 79 1
798 272 1
845 101 1
845 170 1
845 425 1
845 441 1
845 622 1
845 624 1
857 38 1
857 312 1
857 441 1
857 624 1
857 1594 1
866 79 1
866 196 1
866 205 1
866 240 1
866 265 1
866 272 1
866 343 1
866 452 1
866 492 1
867 32 1
867 165 1
869 46 1
869 85 1
869 694 1
869 797 1
883 3 1
883 28 1
883 45 1
883 55 1
883 119 1
883 245 1
883 252 1
883 407 1
883 496 1
883 691 1
883 779 1
883 894 1
883 1401 1
884 46 1
884 634 1
894 3 1
894 55 1
894 72 1
894 119 1
894 170 1
894 245 1
894 407 1
894 674 1
894 691 1
894 779 1
894 883 1
920 486 1
920 765 1
920 1332 1
959 120 1
959 200 1
959 202 1
959 491 1
959 674 1
959 1519 1
960 222 1
960 471 1
970 173 1
970 184 1
974 34 1
974 134 1
1228 327 1
1228 407 1
1228 496 1
1332 285 1
1332 425 1
1332 480 1
1332 494 1
1332 587 1
1332 622 1
1401 28 1
1401 45 1
1401 252 1
1401 883 1
1485 577 1
1519 120 1
1519 202 1
1519 624 1
1519 674 1
1519 959 1
1519 1828 1
1594 771 1
1594 857 1
1828 674 1
1828 1519 1
