1 48 1
1 125 1
1 441 1
1 587 1
1 603 1
1 960 1
3 38 1
3 245 1
3 407 1
3 447 1
3 492 1
3 502 1
3 634 1
27 213 1
27 545 1
28 205 1
28 213 1
28 272 1
28 494 1
28 624 1
28 779 1
28 883 1
28 894 1
32 27 1
32 190 1
32 353 1
32 545 1
34 122 1
34 327 1
34 353 1
34 480 1
45 70 1
45 79 1
45 101 1
45 240 1
45 265 1
45 285 1
45 765 1
46 335 1
46 364 1
46 857 1
46 1332 1
48 1 1
48 119 1
48 960 1
55 184 1
55 252 1
55 272 1
55 325 1
55 494 1
55 779 1
55 883 1
55 894 1
61 564 1
63 92 1
63 488 1
63 634 1
70 45 1
70 79 1
70 101 1
70 240 1
70 285 1
72 80 1
72 119 1
72 959 1
79 45 1
79 70 1
79 101 1
79 240 1
79 265 1
79 285 1
79 327 1
80 72 1
80 119 1
80 242 1
80 959 1
85 55 1
85 120 1
85 184 1
85 205 1
85 272 1
85 779 1
85 894 1
92 63 1
92 488 1
101 45 1
101 70 1
101 79 1
101 219 1
101 240 1
101 265 1
101 285 1
101 327 1
101 765 1
117 1 1
117 125 1
117 170 1
117 202 1
117 211 1
117 407 1
117 425 1
117 429 1
117 441 1
117 496 1
117 605 1
117 622 1
117 642 1
117 691 1
117 866 1
117 960 1
119 48 1
119 72 1
119 80 1
119 173 1
119 769 1
119 959 1
120 134 1
120 674 1
120 845 1
122 34 1
122 196 1
122 353 1
122 480 1
122 753 1
124 577 1
124 1519 1
125 1 1
125 46 1
125 48 1
125 429 1
125 441 1
125 587 1
125 603 1
125 605 1
125 622 1
132 232 1
132 245 1
132 388 1
132 440 1
132 468 1
132 601 1
132 634 1
134 120 1
134 674 1
134 845 1
147 28 1
147 151 1
147 201 1
147 205 1
147 257 1
147 272 1
147 491 1
147 624 1
147 869 1
147 883 1
151 28 1
151 38 1
151 147 1
151 201 1
151 205 1
151 272 1
151 491 1
151 624 1
151 642 1
151 694 1
151 753 1
151 869 1
151 883 1
156 353 1
159 92 1
159 219 1
165 196 1
170 117 1
170 407 1
170 452 1
170 496 1
170 691 1
170 769 1
173 72 1
173 119 1
173 959 1
184 55 1
184 272 1
184 894 1
190 32 1
190 441 1
190 545 1
190 587 1
196 165 1
196 214 1
196 576 1
196 1401 1
196 1519 1
200 219 1
200 255 1
201 34 1
201 122 1
201 184 1
201 257 1
201 272 1
201 353 1
201 771 1
201 883 1
202 117 1
202 170 1
202 407 1
202 496 1
202 691 1
205 28 1
205 85 1
205 147 1
205 151 1
205 252 1
205 272 1
205 325 1
205 494 1
205 624 1
205 779 1
205 883 1
205 894 1
211 117 1
211 425 1
211 576 1
213 27 1
213 28 1
214 196 1
214 1401 1
214 1519 1
219 200 1
222 343 1
222 471 1
222 531 1
232 132 1
232 601 1
240 45 1
240 70 1
240 79 1
240 101 1
240 265 1
240 327 1
240 765 1
242 80 1
242 388 1
242 468 1
245 3 1
245 407 1
245 447 1
245 468 1
245 634 1
245 797 1
245 866 1
248 268 1
248 343 1
248 605 1
252 55 1
252 205 1
252 272 1
252 325 1
252 494 1
252 798 1
252 883 1
255 200 1
257 201 1
257 564 1
257 1228 1
265 45 1
265 79 1
265 101 1
265 219 1
265 240 1
265 275 1
265 327 1
265 498 1
265 765 1
268 248 1
268 277 1
268 364 1
268 520 1
268 1332 1
272 28 1
272 55 1
272 85 1
272 184 1
272 252 1
272 494 1
272 779 1
272 798 1
272 869 1
272 883 1
272 894 1
275 265 1
275 327 1
275 765 1
277 248 1
277 268 1
277 364 1
277 465 1
277 1332 1
277 1594 1
285 45 1
285 70 1
285 79 1
285 101 1
285 960 1
312 694 1
312 974 1
325 55 1
325 205 1
325 252 1
325 272 1
325 779 1
325 894 1
325 970 1
327 45 1
327 79 1
327 101 1
327 240 1
327 265 1
327 275 1
327 765 1
327 1401 1
335 46 1
335 691 1
335 797 1
343 222 1
343 531 1
343 674 1
353 34 1
353 119 1
353 122 1
353 488 1
353 753 1
364 46 1
364 268 1
364 520 1
364 857 1
364 1332 1
366 612 1
388 79 1
388 132 1
388 242 1
388 245 1
388 468 1
388 601 1
388 634 1
388 884 1
407 3 1
407 117 1
407 170 1
407 202 1
407 245 1
407 447 1
407 452 1
407 492 1
407 496 1
407 502 1
407 691 1
407 797 1
407 866 1
425 1 1
425 117 1
425 125 1
425 211 1
425 429 1
425 441 1
425 603 1
425 622 1
425 642 1
425 869 1
429 1 1
429 117 1
429 125 1
429 425 1
429 441 1
429 603 1
429 642 1
440 132 1
440 134 1
440 674 1
440 797 1
440 845 1
441 1 1
441 125 1
441 190 1
441 425 1
441 429 1
441 587 1
441 622 1
447 3 1
447 245 1
447 407 1
447 496 1
447 634 1
447 691 1
447 797 1
447 866 1
452 335 1
452 388 1
452 492 1
452 691 1
452 797 1
465 277 1
465 576 1
465 1594 1
468 132 1
468 242 1
468 245 1
468 388 1
468 601 1
468 634 1
468 884 1
471 222 1
471 612 1
480 34 1
480 122 1
486 867 1
486 920 1
488 63 1
488 92 1
488 634 1
491 151 1
491 170 1
491 869 1
491 1332 1
492 3 1
492 407 1
492 447 1
492 452 1
492 502 1
492 642 1
492 691 1
492 769 1
492 797 1
494 28 1
494 55 1
494 205 1
494 252 1
494 272 1
494 779 1
494 883 1
494 894 1
496 117 1
496 170 1
496 202 1
496 407 1
496 447 1
496 452 1
496 691 1
496 866 1
498 265 1
498 691 1
502 407 1
502 492 1
502 691 1
502 769 1
502 797 1
520 268 1
520 364 1
520 491 1
520 1332 1
531 222 1
531 343 1
531 674 1
545 27 1
545 32 1
545 190 1
564 257 1
564 1228 1
576 196 1
576 211 1
576 214 1
576 465 1
577 124 1
577 1519 1
587 1 1
587 190 1
587 441 1
587 603 1
587 605 1
601 132 1
601 388 1
601 452 1
601 468 1
601 605 1
601 634 1
601 884 1
603 1 1
603 200 1
603 335 1
603 425 1
603 429 1
603 587 1
605 1 1
605 125 1
605 587 1
605 622 1
605 869 1
612 366 1
612 471 1
622 1 1
622 117 1
622 125 1
622 425 1
622 441 1
622 587 1
622 605 1
622 869 1
624 28 1
624 85 1
624 205 1
624 272 1
624 642 1
624 694 1
624 798 1
624 845 1
624 869 1
624 883 1
634 132 1
634 245 1
634 447 1
642 117 1
642 425 1
642 492 1
642 622 1
642 753 1
642 798 1
642 869 1
674 120 1
674 134 1
674 343 1
674 440 1
674 531 1
674 845 1
691 117 1
691 119 1
691 170 1
691 335 1
691 447 1
691 452 1
691 496 1
691 498 1
691 502 1
691 797 1
694 151 1
694 312 1
753 122 1
753 353 1
765 45 1
765 101 1
765 275 1
769 48 1
769 119 1
769 170 1
769 407 1
769 452 1
769 465 1
769 492 1
769 502 1
769 797 1
771 122 1
771 201 1
779 28 1
779 55 1
779 205 1
779 272 1
779 325 1
779 494 1
779 694 1
779 883 1
779 894 1
797 245 1
797 335 1
797 407 1
797 447 1
797 691 1
798 642 1
798 960 1
845 85 1
845 120 1
845 134 1
845 440 1
845 624 1
845 674 1
857 46 1
857 200 1
857 255 1
857 364 1
857 1332 1
866 117 1
866 170 1
866 407 1
866 447 1
866 452 1
866 496 1
866 502 1
866 642 1
866 691 1
867 486 1
867 920 1
869 425 1
869 605 1
869 622 1
869 624 1
883 28 1
883 38 1
883 55 1
883 147 1
883 151 1
883 205 1
883 252 1
883 272 1
883 494 1
883 624 1
883 694 1
883 779 1
883 869 1
884 214 1
884 468 1
894 28 1
894 55 1
894 85 1
894 184 1
894 205 1
894 252 1
894 272 1
894 325 1
894 494 1
894 779 1
894 883 1
920 213 1
920 486 1
920 867 1
959 72 1
959 80 1
959 119 1
959 173 1
959 232 1
959 1828 1
960 1 1
960 48 1
970 325 1
970 1828 1
974 312 1
974 1485 1
1228 257 1
1228 335 1
1228 564 1
1332 46 1
1332 268 1
1332 364 1
1332 491 1
1332 520 1
1332 857 1
1401 196 1
1401 214 1
1401 245 1
1401 1519 1
1485 974 1
1519 80 1
1519 124 1
1519 196 1
1519 214 1
1519 577 1
1519 1401 1
1594 277 1
1594 465 1
1828 959 1
1828 970 1
