1 122 1
1 257 1
1 272 1
1 327 1
1 465 1
1 753 1
3 28 1
3 55 1
3 407 1
3 769 1
3 869 1
3 894 1
3 1519 1
27 201 1
27 343 1
28 55 1
28 170 1
28 468 1
28 603 1
28 779 1
28 869 1
28 894 1
28 1519 1
32 55 1
32 72 1
32 869 1
32 894 1
34 520 1
34 605 1
34 691 1
34 1228 1
45 170 1
45 441 1
45 468 1
45 492 1
45 494 1
45 577 1
45 797 1
46 70 1
46 119 1
46 211 1
46 624 1
48 285 1
48 502 1
48 674 1
55 28 1
55 32 1
55 132 1
55 603 1
55 779 1
55 869 1
55 894 1
55 1519 1
61 184 1
63 184 1
63 268 1
63 488 1
70 46 1
70 117 1
70 119 1
70 205 1
70 425 1
72 486 1
72 564 1
72 974 1
79 214 1
79 245 1
79 272 1
79 325 1
79 327 1
79 407 1
79 765 1
80 190 1
80 612 1
80 845 1
80 1828 1
85 147 1
85 184 1
85 205 1
85 343 1
85 447 1
85 691 1
85 884 1
92 211 1
92 883 1
101 117 1
101 119 1
101 125 1
101 205 1
101 425 1
101 452 1
101 587 1
101 691 1
101 866 1
117 46 1
117 70 1
117 101 1
117 119 1
117 125 1
117 170 1
117 205 1
117 240 1
117 425 1
117 452 1
117 491 1
117 587 1
117 624 1
117 798 1
117 857 1
117 866 1
119 46 1
119 70 1
119 101 1
119 205 1
119 425 1
119 624 1
120 190 1
120 605 1
120 867 1
122 1 1
122 257 1
122 441 1
122 502 1
122 605 1
124 222 1
124 576 1
125 101 1
125 117 1
125 240 1
125 353 1
125 425 1
125 452 1
125 587 1
125 691 1
125 866 1
132 55 1
132 353 1
132 691 1
132 779 1
132 869 1
132 894 1
132 1332 1
134 213 1
134 364 1
134 388 1
147 34 1
147 85 1
147 125 1
147 200 1
147 205 1
147 353 1
147 447 1
147 622 1
147 691 1
147 1332 1
151 1 1
151 202 1
151 214 1
151 272 1
151 327 1
151 364 1
151 366 1
151 388 1
151 465 1
151 634 1
151 642 1
151 883 1
151 960 1
156 196 1
159 38 1
159 605 1
165 884 1
170 28 1
170 45 1
170 117 1
170 452 1
170 468 1
170 494 1
173 196 1
173 242 1
173 694 1
184 63 1
184 268 1
184 1594 1
190 80 1
190 120 1
190 605 1
190 1485 1
196 173 1
196 242 1
196 353 1
196 452 1
196 694 1
200 622 1
200 1332 1
201 1 1
201 27 1
201 214 1
201 272 1
201 343 1
201 407 1
201 883 1
201 1401 1
202 151 1
202 265 1
202 272 1
202 642 1
202 883 1
205 70 1
205 85 1
205 101 1
205 117 1
205 119 1
205 125 1
205 147 1
205 240 1
205 425 1
205 447 1
205 622 1
205 691 1
211 46 1
211 92 1
211 496 1
213 134 1
213 488 1
214 79 1
214 151 1
214 1401 1
219 232 1
222 124 1
222 498 1
222 576 1
232 219 1
232 364 1
240 117 1
240 125 1
240 205 1
240 353 1
240 447 1
240 634 1
240 691 1
242 173 1
242 196 1
242 694 1
245 79 1
245 265 1
245 272 1
245 325 1
245 335 1
245 496 1
245 883 1
248 38 1
248 441 1
248 564 1
252 245 1
252 265 1
252 272 1
252 407 1
252 496 1
252 769 1
252 883 1
255 312 1
257 1 1
257 122 1
257 491 1
265 79 1
265 202 1
265 245 1
265 252 1
265 272 1
265 325 1
265 407 1
265 496 1
265 883 1
268 63 1
268 184 1
268 488 1
268 779 1
268 1594 1
272 1 1
272 79 1
272 214 1
272 245 1
272 252 1
272 325 1
272 327 1
272 335 1
272 407 1
272 496 1
272 765 1
275 441 1
275 494 1
275 545 1
277 85 1
277 492 1
277 642 1
277 797 1
277 883 1
277 920 1
285 48 1
285 429 1
285 502 1
285 601 1
285 674 1
312 255 1
312 642 1
325 79 1
325 245 1
325 265 1
325 272 1
325 407 1
325 496 1
325 765 1
327 1 1
327 79 1
327 252 1
327 272 1
327 407 1
327 465 1
327 765 1
327 798 1
335 531 1
335 845 1
335 959 1
343 27 1
343 201 1
343 857 1
353 132 1
353 196 1
353 248 1
353 447 1
353 691 1
364 134 1
364 151 1
364 388 1
364 642 1
364 960 1
366 151 1
388 134 1
388 219 1
388 232 1
388 364 1
388 622 1
388 634 1
388 642 1
388 960 1
407 3 1
407 79 1
407 245 1
407 252 1
407 265 1
407 272 1
407 325 1
407 327 1
407 496 1
407 765 1
407 769 1
407 797 1
407 883 1
425 70 1
425 101 1
425 117 1
425 119 1
425 125 1
425 205 1
425 452 1
425 587 1
425 624 1
425 866 1
429 48 1
429 285 1
429 502 1
429 601 1
429 642 1
429 674 1
429 959 1
440 170 1
440 335 1
440 531 1
440 845 1
440 959 1
441 45 1
441 122 1
441 248 1
441 275 1
441 494 1
441 545 1
441 577 1
447 85 1
447 147 1
447 205 1
447 240 1
447 353 1
447 622 1
447 634 1
447 691 1
452 45 1
452 196 1
452 491 1
452 587 1
452 694 1
465 1 1
465 327 1
465 753 1
468 28 1
468 45 1
468 170 1
468 441 1
468 492 1
468 494 1
468 797 1
471 480 1
471 970 1
480 471 1
480 970 1
486 72 1
486 520 1
488 213 1
488 219 1
488 268 1
491 1 1
491 122 1
491 257 1
491 624 1
492 45 1
492 92 1
492 170 1
492 277 1
492 468 1
492 494 1
492 797 1
492 883 1
492 920 1
494 45 1
494 170 1
494 275 1
494 441 1
494 468 1
494 492 1
494 545 1
494 797 1
496 211 1
496 245 1
496 252 1
496 265 1
496 272 1
496 325 1
496 407 1
496 765 1
498 222 1
498 576 1
502 48 1
502 201 1
502 429 1
502 601 1
502 674 1
520 34 1
520 486 1
520 605 1
520 1228 1
531 335 1
531 440 1
531 845 1
545 275 1
545 441 1
545 494 1
564 72 1
564 974 1
576 124 1
576 213 1
576 222 1
576 498 1
577 45 1
577 441 1
587 101 1
587 117 1
587 425 1
587 452 1
587 866 1
601 48 1
601 85 1
601 285 1
601 447 1
601 502 1
601 634 1
601 674 1
603 28 1
603 55 1
603 634 1
603 779 1
603 869 1
603 1519 1
605 120 1
605 122 1
605 190 1
605 587 1
605 867 1
612 80 1
612 1828 1
622 200 1
622 205 1
622 219 1
622 388 1
622 447 1
622 634 1
622 691 1
622 1332 1
624 1 1
624 46 1
624 117 1
624 119 1
624 122 1
624 257 1
624 452 1
624 491 1
624 753 1
624 857 1
634 240 1
634 447 1
634 960 1
642 134 1
642 312 1
642 364 1
642 388 1
642 429 1
642 634 1
642 960 1
674 48 1
674 285 1
674 429 1
674 502 1
674 601 1
674 959 1
691 34 1
691 101 1
691 125 1
691 205 1
691 240 1
691 447 1
691 622 1
691 779 1
691 894 1
691 1332 1
694 196 1
694 242 1
753 1 1
753 465 1
765 79 1
765 272 1
765 407 1
769 3 1
769 28 1
769 38 1
769 245 1
769 252 1
769 255 1
769 407 1
769 797 1
769 883 1
771 884 1
771 1401 1
779 28 1
779 55 1
779 132 1
779 200 1
779 268 1
779 603 1
779 869 1
779 894 1
779 1332 1
797 45 1
797 468 1
797 494 1
797 769 1
797 798 1
798 797 1
798 869 1
845 80 1
845 170 1
845 335 1
845 440 1
845 531 1
845 959 1
857 27 1
857 117 1
857 201 1
857 343 1
857 624 1
866 1 1
866 101 1
866 117 1
866 119 1
866 425 1
866 587 1
866 624 1
866 753 1
866 798 1
867 120 1
867 605 1
869 28 1
869 55 1
869 132 1
869 779 1
883 92 1
883 151 1
883 202 1
883 245 1
883 252 1
883 265 1
883 272 1
883 277 1
883 407 1
883 492 1
883 642 1
883 797 1
883 1401 1
884 165 1
884 694 1
894 3 1
894 28 1
894 32 1
894 55 1
894 132 1
894 603 1
894 691 1
894 779 1
894 869 1
894 1332 1
894 1519 1
920 277 1
920 492 1
920 797 1
959 80 1
959 335 1
959 429 1
959 440 1
959 674 1
959 845 1
960 364 1
960 634 1
970 471 1
970 480 1
974 72 1
974 564 1
1228 34 1
1228 120 1
1228 520 1
1332 132 1
1332 200 1
1332 622 1
1332 691 1
1332 779 1
1332 894 1
1401 214 1
1401 272 1
1401 771 1
1401 883 1
1485 190 1
1519 3 1
1519 28 1
1519 55 1
1519 603 1
1519 869 1
1519 894 1
1594 184 1
1594 268 1
1828 80 1
1828 612 1
