1 55 1
1 117 1
1 119 1
1 252 1
1 883 1
1 959 1
3 32 1
3 85 1
3 124 1
3 214 1
3 219 1
3 465 1
3 502 1
27 101 1
27 325 1
28 245 1
28 272 1
28 327 1
28 492 1
28 624 1
28 634 1
28 797 1
28 883 1
32 3 1
32 564 1
32 587 1
32 605 1
34 132 1
34 452 1
34 577 1
34 894 1
45 70 1
45 79 1
45 205 1
45 265 1
45 364 1
45 468 1
45 622 1
46 257 1
46 268 1
46 343 1
46 520 1
48 440 1
48 612 1
48 1332 1
55 1 1
55 80 1
55 85 1
55 119 1
55 252 1
55 285 1
55 407 1
55 441 1
61 219 1
63 486 1
63 545 1
63 1401 1
70 45 1
70 79 1
70 205 1
70 425 1
70 622 1
72 92 1
72 200 1
72 498 1
79 45 1
79 70 1
79 170 1
79 205 1
79 222 1
79 265 1
79 468 1
80 55 1
80 407 1
80 441 1
80 769 1
85 55 1
85 80 1
85 327 1
85 407 1
85 441 1
85 488 1
85 502 1
92 72 1
92 601 1
101 27 1
101 147 1
101 248 1
101 325 1
101 447 1
101 691 1
101 779 1
101 845 1
101 869 1
117 1 1
117 28 1
117 151 1
117 201 1
117 202 1
117 245 1
117 272 1
117 327 1
117 335 1
117 388 1
117 492 1
117 634 1
117 797 1
117 798 1
117 866 1
117 883 1
119 1 1
119 55 1
119 252 1
119 285 1
119 407 1
119 883 1
120 134 1
120 407 1
120 494 1
122 151 1
122 201 1
122 272 1
122 496 1
122 634 1
124 3 1
124 214 1
125 170 1
125 184 1
125 452 1
125 492 1
125 601 1
125 624 1
125 642 1
125 765 1
125 797 1
132 34 1
132 205 1
132 353 1
132 425 1
132 642 1
132 894 1
132 1332 1
134 120 1
134 213 1
134 242 1
147 101 1
147 196 1
147 200 1
147 248 1
147 447 1
147 691 1
147 694 1
147 845 1
147 869 1
147 960 1
151 117 1
151 122 1
151 201 1
151 232 1
151 272 1
151 388 1
151 496 1
151 603 1
151 634 1
151 691 1
151 797 1
151 798 1
151 1519 1
156 214 1
159 92 1
159 798 1
165 674 1
170 79 1
170 125 1
170 222 1
170 601 1
170 624 1
170 765 1
173 452 1
173 486 1
173 545 1
184 240 1
184 753 1
184 1228 1
190 211 1
190 214 1
190 480 1
190 970 1
196 388 1
196 496 1
196 883 1
196 1519 1
196 1594 1
200 72 1
200 498 1
201 28 1
201 122 1
201 245 1
201 272 1
201 624 1
201 634 1
201 797 1
201 883 1
202 117 1
202 272 1
202 335 1
202 492 1
202 634 1
205 45 1
205 70 1
205 79 1
205 132 1
205 170 1
205 222 1
205 265 1
205 364 1
205 425 1
205 468 1
205 622 1
205 779 1
211 190 1
211 214 1
211 480 1
213 134 1
213 242 1
214 124 1
214 190 1
214 211 1
219 1401 1
222 79 1
222 170 1
222 205 1
232 674 1
232 884 1
240 38 1
240 184 1
240 531 1
240 576 1
240 753 1
240 867 1
240 894 1
242 134 1
242 213 1
242 1485 1
245 28 1
245 117 1
245 219 1
245 272 1
245 388 1
245 797 1
245 883 1
248 101 1
248 200 1
248 869 1
252 1 1
252 55 1
252 119 1
252 407 1
252 491 1
252 494 1
252 959 1
255 779 1
257 46 1
257 268 1
257 343 1
265 45 1
265 79 1
265 170 1
265 205 1
265 364 1
265 425 1
265 468 1
265 622 1
265 866 1
268 46 1
268 257 1
268 343 1
268 520 1
268 765 1
272 28 1
272 117 1
272 122 1
272 245 1
272 335 1
272 447 1
272 492 1
272 496 1
272 624 1
272 634 1
272 691 1
275 674 1
275 857 1
275 1828 1
277 122 1
277 312 1
277 353 1
277 465 1
277 894 1
277 1228 1
285 1 1
285 55 1
285 119 1
285 407 1
285 452 1
312 277 1
312 465 1
325 27 1
325 101 1
325 429 1
325 691 1
325 694 1
325 779 1
325 960 1
327 1 1
327 28 1
327 85 1
327 117 1
327 245 1
327 452 1
327 502 1
327 883 1
335 202 1
335 624 1
335 797 1
343 46 1
343 257 1
343 268 1
353 48 1
353 364 1
353 425 1
353 894 1
353 1332 1
364 45 1
364 205 1
364 265 1
364 425 1
364 622 1
366 471 1
388 72 1
388 117 1
388 196 1
388 245 1
388 691 1
388 883 1
388 960 1
388 1594 1
407 1 1
407 55 1
407 80 1
407 119 1
407 120 1
407 252 1
407 285 1
407 441 1
407 494 1
407 587 1
407 769 1
407 866 1
407 959 1
425 45 1
425 70 1
425 132 1
425 205 1
425 265 1
425 353 1
425 364 1
425 468 1
425 622 1
425 1332 1
429 34 1
429 325 1
429 447 1
429 691 1
429 694 1
429 779 1
429 869 1
440 48 1
440 125 1
440 170 1
440 577 1
440 612 1
441 55 1
441 80 1
441 85 1
441 407 1
441 494 1
441 587 1
441 769 1
447 101 1
447 147 1
447 272 1
447 603 1
447 691 1
447 779 1
447 845 1
447 869 1
452 1 1
452 55 1
452 85 1
452 285 1
452 327 1
465 3 1
465 312 1
465 502 1
468 45 1
468 79 1
468 205 1
468 265 1
468 425 1
468 622 1
468 1332 1
471 366 1
471 1401 1
480 190 1
480 211 1
486 63 1
486 173 1
488 441 1
488 502 1
488 920 1
491 119 1
491 343 1
491 866 1
491 974 1
492 28 1
492 117 1
492 125 1
492 202 1
492 272 1
492 335 1
492 624 1
492 642 1
492 797 1
494 120 1
494 252 1
494 407 1
494 441 1
494 587 1
494 605 1
494 769 1
494 959 1
496 122 1
496 151 1
496 196 1
496 272 1
496 603 1
496 634 1
496 883 1
496 1519 1
498 72 1
498 200 1
502 3 1
502 465 1
502 488 1
502 869 1
502 920 1
520 46 1
520 257 1
520 268 1
520 765 1
531 240 1
531 576 1
531 894 1
545 63 1
545 173 1
545 974 1
564 587 1
564 605 1
576 38 1
576 240 1
576 531 1
576 894 1
577 34 1
577 440 1
587 32 1
587 441 1
587 494 1
587 564 1
587 605 1
601 92 1
601 125 1
601 170 1
601 184 1
601 452 1
601 642 1
601 765 1
603 151 1
603 272 1
603 447 1
603 496 1
603 691 1
603 1519 1
605 452 1
605 494 1
605 564 1
605 587 1
605 674 1
612 48 1
612 440 1
622 45 1
622 70 1
622 79 1
622 205 1
622 265 1
622 364 1
622 468 1
622 491 1
624 28 1
624 125 1
624 170 1
624 255 1
624 335 1
624 452 1
624 492 1
624 601 1
624 642 1
624 797 1
634 28 1
634 117 1
634 272 1
642 132 1
642 245 1
642 353 1
642 605 1
642 765 1
642 797 1
642 1332 1
674 165 1
674 232 1
674 275 1
674 605 1
674 857 1
674 884 1
691 101 1
691 272 1
691 325 1
691 429 1
691 447 1
691 694 1
691 779 1
691 845 1
691 869 1
691 960 1
694 325 1
694 429 1
753 184 1
753 240 1
765 268 1
765 520 1
765 642 1
769 80 1
769 120 1
769 125 1
769 134 1
769 407 1
769 441 1
769 494 1
769 587 1
769 605 1
771 753 1
771 1401 1
779 101 1
779 205 1
779 255 1
779 429 1
779 447 1
779 691 1
779 694 1
779 845 1
779 869 1
797 28 1
797 125 1
797 245 1
797 335 1
797 642 1
798 27 1
798 970 1
845 101 1
845 147 1
845 447 1
845 691 1
845 779 1
845 869 1
857 46 1
857 275 1
857 674 1
857 884 1
857 1828 1
866 1 1
866 117 1
866 119 1
866 252 1
866 327 1
866 407 1
866 491 1
866 883 1
866 959 1
867 240 1
867 894 1
869 429 1
869 447 1
869 691 1
869 779 1
883 1 1
883 28 1
883 117 1
883 119 1
883 122 1
883 196 1
883 201 1
883 245 1
883 272 1
883 327 1
883 496 1
883 634 1
883 1519 1
884 213 1
884 674 1
894 34 1
894 38 1
894 48 1
894 132 1
894 240 1
894 277 1
894 353 1
894 531 1
894 576 1
894 867 1
894 1332 1
920 488 1
920 502 1
920 869 1
959 1 1
959 252 1
959 407 1
959 494 1
959 603 1
959 866 1
960 325 1
960 691 1
970 190 1
970 798 1
974 491 1
974 545 1
1228 184 1
1228 277 1
1228 960 1
1332 48 1
1332 132 1
1332 353 1
1332 425 1
1332 642 1
1332 894 1
1401 219 1
1401 471 1
1401 753 1
1401 771 1
1485 242 1
1519 151 1
1519 196 1
1519 272 1
1519 496 1
1519 603 1
1519 883 1
1594 196 1
1594 388 1
1828 275 1
1828 857 1
