1 80 1
1 205 1
1 240 1
1 252 1
1 272 1
1 691 1
3 48 1
3 214 1
3 268 1
3 564 1
3 601 1
3 866 1
3 960 1
27 577 1
27 1332 1
28 85 1
28 92 1
28 184 1
28 222 1
28 441 1
28 468 1
28 545 1
28 779 1
32 55 1
32 202 1
32 407 1
32 797 1
34 214 1
34 268 1
34 674 1
34 798 1
45 117 1
45 265 1
45 272 1
45 447 1
45 622 1
45 691 1
45 959 1
46 70 1
46 587 1
46 674 1
46 779 1
48 3 1
48 255 1
48 960 1
55 32 1
55 117 1
55 327 1
55 364 1
55 407 1
55 447 1
55 465 1
55 797 1
61 248 1
63 190 1
63 219 1
63 1228 1
70 46 1
70 587 1
70 674 1
70 779 1
70 845 1
72 190 1
72 232 1
72 502 1
79 125 1
79 245 1
79 275 1
79 353 1
79 452 1
79 624 1
79 894 1
80 1 1
80 240 1
80 272 1
80 576 1
85 28 1
85 72 1
85 201 1
85 232 1
85 441 1
85 577 1
85 694 1
92 28 1
92 468 1
101 119 1
101 213 1
101 268 1
101 343 1
101 425 1
101 429 1
101 452 1
101 496 1
101 894 1
117 1 1
117 45 1
117 55 1
117 170 1
117 205 1
117 252 1
117 265 1
117 272 1
117 327 1
117 364 1
117 447 1
117 465 1
117 622 1
117 691 1
117 797 1
117 959 1
119 101 1
119 125 1
119 335 1
119 343 1
119 425 1
119 429 1
120 122 1
120 132 1
120 605 1
122 120 1
122 132 1
122 196 1
122 285 1
122 605 1
124 765 1
124 920 1
125 79 1
125 119 1
125 245 1
125 335 1
125 425 1
125 452 1
125 491 1
125 624 1
125 894 1
132 120 1
132 122 1
132 147 1
132 196 1
132 285 1
132 601 1
132 605 1
134 196 1
134 605 1
134 771 1
147 120 1
147 122 1
147 132 1
147 170 1
147 196 1
147 272 1
147 285 1
147 353 1
147 576 1
147 605 1
151 134 1
151 200 1
151 201 1
151 325 1
151 388 1
151 407 1
151 634 1
151 642 1
151 769 1
151 797 1
151 798 1
151 869 1
151 883 1
156 603 1
159 125 1
159 797 1
165 1594 1
170 117 1
170 205 1
170 272 1
170 353 1
170 622 1
170 691 1
173 213 1
173 480 1
173 974 1
184 28 1
184 441 1
184 1828 1
190 63 1
190 72 1
190 502 1
190 1228 1
196 122 1
196 132 1
196 134 1
196 285 1
196 605 1
200 798 1
200 883 1
201 1 1
201 151 1
201 245 1
201 252 1
201 388 1
201 502 1
201 634 1
201 694 1
202 32 1
202 55 1
202 325 1
202 407 1
202 797 1
205 1 1
205 45 1
205 117 1
205 170 1
205 240 1
205 252 1
205 265 1
205 272 1
205 622 1
205 624 1
205 691 1
205 959 1
211 272 1
211 325 1
211 366 1
213 101 1
213 496 1
214 34 1
214 268 1
214 601 1
219 642 1
222 28 1
222 441 1
222 468 1
232 72 1
232 587 1
240 1 1
240 80 1
240 205 1
240 252 1
240 272 1
240 502 1
240 642 1
242 603 1
242 765 1
242 1401 1
245 79 1
245 125 1
245 425 1
245 492 1
245 494 1
245 869 1
245 894 1
248 642 1
248 883 1
248 1332 1
252 1 1
252 117 1
252 205 1
252 240 1
252 272 1
252 502 1
252 694 1
255 48 1
257 425 1
257 496 1
257 894 1
265 38 1
265 45 1
265 117 1
265 205 1
265 272 1
265 327 1
265 364 1
265 447 1
265 622 1
268 3 1
268 34 1
268 101 1
268 214 1
268 601 1
272 1 1
272 38 1
272 45 1
272 80 1
272 205 1
272 211 1
272 240 1
272 252 1
272 255 1
272 265 1
272 576 1
275 79 1
275 277 1
275 894 1
277 79 1
277 170 1
277 275 1
277 353 1
277 624 1
277 691 1
285 122 1
285 132 1
285 147 1
285 196 1
285 605 1
312 498 1
312 520 1
325 151 1
325 202 1
325 211 1
325 407 1
325 642 1
325 769 1
325 797 1
327 38 1
327 55 1
327 214 1
327 265 1
327 447 1
327 465 1
327 564 1
327 634 1
335 119 1
335 624 1
335 845 1
343 101 1
343 119 1
343 496 1
353 79 1
353 170 1
353 272 1
353 452 1
353 691 1
364 55 1
364 117 1
364 407 1
364 447 1
364 797 1
366 211 1
388 151 1
388 201 1
388 245 1
388 407 1
388 634 1
388 753 1
388 869 1
388 883 1
407 55 1
407 151 1
407 202 1
407 325 1
407 364 1
407 388 1
407 447 1
407 634 1
407 642 1
407 769 1
407 797 1
407 869 1
407 883 1
425 101 1
425 119 1
425 125 1
425 245 1
425 257 1
425 335 1
425 429 1
425 496 1
425 624 1
425 894 1
429 101 1
429 119 1
429 257 1
429 343 1
429 425 1
429 496 1
429 894 1
440 48 1
440 866 1
440 884 1
440 960 1
440 970 1
441 28 1
441 184 1
441 222 1
441 468 1
441 491 1
441 779 1
441 857 1
447 45 1
447 55 1
447 265 1
447 327 1
447 364 1
447 407 1
447 465 1
447 797 1
452 79 1
452 92 1
452 201 1
452 245 1
452 531 1
465 55 1
465 327 1
465 447 1
468 28 1
468 92 1
468 184 1
468 222 1
468 441 1
468 471 1
468 545 1
471 468 1
471 545 1
480 173 1
480 974 1
486 488 1
486 867 1
488 27 1
488 486 1
488 867 1
491 85 1
491 441 1
491 587 1
491 779 1
492 245 1
492 494 1
492 603 1
492 765 1
492 869 1
492 883 1
492 1332 1
492 1401 1
492 1519 1
494 245 1
494 492 1
494 603 1
494 612 1
494 869 1
494 883 1
494 1332 1
494 1519 1
496 101 1
496 119 1
496 213 1
496 257 1
496 343 1
496 425 1
496 429 1
496 894 1
498 312 1
498 520 1
502 72 1
502 190 1
502 240 1
502 252 1
502 694 1
520 312 1
520 498 1
520 502 1
520 694 1
531 452 1
531 1401 1
531 1485 1
545 28 1
545 468 1
545 471 1
564 327 1
564 1828 1
576 80 1
576 122 1
576 147 1
576 272 1
577 27 1
577 85 1
587 46 1
587 70 1
587 674 1
587 779 1
587 845 1
601 3 1
601 214 1
601 219 1
601 268 1
601 866 1
601 884 1
601 960 1
603 242 1
603 492 1
603 494 1
603 765 1
603 1332 1
603 1401 1
605 120 1
605 125 1
605 132 1
605 134 1
605 196 1
612 494 1
612 857 1
622 1 1
622 45 1
622 117 1
622 170 1
622 205 1
622 265 1
622 691 1
622 959 1
624 79 1
624 170 1
624 205 1
624 277 1
624 335 1
624 353 1
624 452 1
624 622 1
624 691 1
624 866 1
634 753 1
634 869 1
634 883 1
642 1 1
642 80 1
642 219 1
642 272 1
642 325 1
642 407 1
642 883 1
674 34 1
674 46 1
674 70 1
674 587 1
674 779 1
674 845 1
691 1 1
691 45 1
691 117 1
691 170 1
691 205 1
691 272 1
691 277 1
691 353 1
691 959 1
691 970 1
694 85 1
694 520 1
753 634 1
753 869 1
765 124 1
765 242 1
765 920 1
769 151 1
769 200 1
769 325 1
769 388 1
769 407 1
769 634 1
769 642 1
769 798 1
769 883 1
771 134 1
771 184 1
779 28 1
779 46 1
779 70 1
779 85 1
779 441 1
779 491 1
779 587 1
779 674 1
779 845 1
797 55 1
797 117 1
797 364 1
797 407 1
797 447 1
798 200 1
798 488 1
845 46 1
845 70 1
845 335 1
845 587 1
845 674 1
845 779 1
857 28 1
857 441 1
857 612 1
857 779 1
857 1594 1
866 3 1
866 48 1
866 335 1
866 440 1
866 452 1
866 624 1
866 691 1
866 884 1
866 960 1
867 486 1
867 488 1
869 494 1
869 634 1
869 753 1
869 1519 1
883 200 1
883 248 1
883 388 1
883 407 1
883 494 1
883 634 1
883 642 1
883 691 1
883 753 1
883 769 1
883 869 1
883 1332 1
883 1519 1
884 34 1
884 866 1
894 79 1
894 101 1
894 119 1
894 125 1
894 245 1
894 257 1
894 275 1
894 425 1
894 429 1
894 452 1
894 496 1
920 124 1
920 491 1
920 765 1
959 1 1
959 45 1
959 117 1
959 205 1
959 622 1
959 691 1
960 48 1
960 440 1
970 440 1
970 691 1
974 173 1
974 480 1
1228 28 1
1228 63 1
1228 190 1
1332 27 1
1332 492 1
1332 494 1
1332 603 1
1332 883 1
1332 1519 1
1401 242 1
1401 492 1
1401 531 1
1401 765 1
1485 531 1
1519 219 1
1519 492 1
1519 494 1
1519 869 1
1519 883 1
1519 1332 1
1594 165 1
1594 857 1
1828 184 1
1828 564 1
