1 122 1
1 205 1
1 425 1
1 491 1
1 797 1
1 894 1
3 265 1
3 407 1
3 447 1
3 601 1
3 634 1
3 642 1
3 691 1
27 272 1
27 779 1
28 101 1
28 170 1
28 240 1
28 272 1
28 325 1
28 327 1
28 779 1
28 883 1
32 92 1
32 255 1
32 452 1
32 564 1
34 117 1
34 624 1
34 869 1
34 1519 1
45 55 1
45 119 1
45 364 1
45 468 1
45 492 1
45 494 1
45 1401 1
46 245 1
46 407 1
46 642 1
46 691 1
48 200 1
48 798 1
48 869 1
55 45 1
55 119 1
55 268 1
55 364 1
55 441 1
55 468 1
55 492 1
55 494 1
61 255 1
63 429 1
63 765 1
63 884 1
70 120 1
70 214 1
70 275 1
70 488 1
70 622 1
72 471 1
72 486 1
72 576 1
79 101 1
79 202 1
79 248 1
79 257 1
79 335 1
79 622 1
79 845 1
80 440 1
80 488 1
80 502 1
80 603 1
85 38 1
85 494 1
85 753 1
85 765 1
85 798 1
85 857 1
85 884 1
92 32 1
92 242 1
101 28 1
101 79 1
101 170 1
101 327 1
101 335 1
101 452 1
101 779 1
101 845 1
101 883 1
117 1 1
117 34 1
117 125 1
117 132 1
117 196 1
117 201 1
117 205 1
117 425 1
117 496 1
117 624 1
117 694 1
117 769 1
117 797 1
117 894 1
117 960 1
117 1519 1
119 45 1
119 55 1
119 190 1
119 364 1
119 441 1
119 468 1
120 70 1
120 605 1
120 622 1
122 1 1
122 151 1
122 205 1
122 425 1
122 465 1
124 242 1
124 366 1
125 1 1
125 132 1
125 205 1
125 219 1
125 425 1
125 491 1
125 603 1
125 797 1
125 894 1
132 1 1
132 117 1
132 125 1
132 205 1
132 496 1
132 797 1
132 894 1
134 691 1
134 866 1
134 869 1
147 34 1
147 48 1
147 173 1
147 200 1
147 201 1
147 564 1
147 624 1
147 694 1
147 866 1
147 869 1
151 46 1
151 122 1
151 205 1
151 245 1
151 252 1
151 272 1
151 388 1
151 407 1
151 440 1
151 502 1
151 642 1
151 691 1
151 797 1
156 213 1
159 488 1
159 691 1
165 498 1
170 28 1
170 38 1
170 240 1
170 576 1
170 779 1
170 883 1
173 147 1
173 624 1
173 869 1
184 232 1
184 622 1
184 769 1
190 119 1
190 441 1
190 920 1
190 959 1
196 117 1
196 587 1
196 674 1
196 894 1
196 1332 1
200 48 1
200 869 1
201 28 1
201 272 1
201 343 1
201 496 1
201 624 1
201 779 1
201 883 1
201 960 1
202 79 1
202 120 1
202 265 1
202 605 1
202 622 1
205 1 1
205 117 1
205 122 1
205 125 1
205 132 1
205 151 1
205 353 1
205 425 1
205 491 1
205 496 1
205 797 1
205 894 1
211 268 1
211 343 1
211 531 1
213 465 1
213 545 1
214 70 1
214 222 1
214 275 1
219 694 1
222 214 1
222 275 1
222 465 1
232 184 1
232 798 1
240 28 1
240 170 1
240 272 1
240 325 1
240 327 1
240 779 1
240 883 1
242 92 1
242 124 1
242 771 1
245 46 1
245 272 1
245 388 1
245 407 1
245 452 1
245 502 1
245 867 1
248 79 1
248 184 1
248 622 1
252 27 1
252 151 1
252 272 1
252 325 1
252 691 1
252 779 1
252 883 1
255 32 1
257 79 1
257 335 1
257 845 1
265 3 1
265 202 1
265 388 1
265 407 1
265 447 1
265 452 1
265 605 1
265 622 1
265 642 1
268 55 1
268 211 1
268 343 1
268 531 1
268 612 1
272 27 1
272 28 1
272 240 1
272 245 1
272 252 1
272 325 1
272 407 1
272 447 1
272 605 1
272 634 1
272 691 1
275 70 1
275 214 1
275 222 1
277 80 1
277 353 1
277 429 1
277 502 1
277 753 1
277 765 1
285 45 1
285 587 1
285 674 1
285 1228 1
285 1332 1
312 974 1
312 1594 1
325 28 1
325 170 1
325 240 1
325 252 1
325 272 1
325 779 1
325 883 1
327 28 1
327 101 1
327 170 1
327 240 1
327 272 1
327 335 1
327 845 1
327 883 1
335 79 1
335 101 1
335 257 1
343 211 1
343 268 1
343 531 1
353 214 1
353 277 1
353 429 1
353 960 1
353 970 1
364 45 1
364 55 1
364 119 1
364 441 1
364 494 1
366 124 1
388 245 1
388 265 1
388 407 1
388 447 1
388 452 1
388 605 1
388 642 1
388 798 1
407 3 1
407 46 1
407 245 1
407 265 1
407 272 1
407 388 1
407 447 1
407 452 1
407 601 1
407 605 1
407 634 1
407 642 1
407 691 1
425 1 1
425 117 1
425 122 1
425 125 1
425 205 1
425 353 1
425 491 1
425 797 1
425 894 1
425 1519 1
429 63 1
429 85 1
429 277 1
429 353 1
429 753 1
429 765 1
429 959 1
440 1 1
440 80 1
440 122 1
440 151 1
440 603 1
441 55 1
441 119 1
441 190 1
441 364 1
441 468 1
441 494 1
441 959 1
447 3 1
447 265 1
447 388 1
447 407 1
447 601 1
447 634 1
447 642 1
447 691 1
452 28 1
452 101 1
452 327 1
452 883 1
452 1401 1
465 213 1
465 222 1
465 545 1
468 45 1
468 55 1
468 119 1
468 219 1
468 441 1
468 492 1
468 494 1
471 72 1
471 486 1
480 674 1
480 1332 1
486 72 1
486 471 1
488 70 1
488 80 1
488 184 1
491 1 1
491 205 1
491 214 1
491 353 1
492 45 1
492 55 1
492 119 1
492 364 1
492 441 1
492 468 1
492 494 1
492 1401 1
492 1828 1
494 45 1
494 55 1
494 85 1
494 364 1
494 441 1
494 468 1
494 492 1
494 959 1
496 1 1
496 117 1
496 132 1
496 201 1
496 205 1
496 769 1
496 797 1
496 894 1
498 165 1
498 694 1
502 80 1
502 245 1
502 452 1
502 603 1
502 970 1
520 587 1
520 624 1
520 869 1
520 1519 1
531 211 1
531 268 1
531 343 1
545 213 1
545 465 1
545 577 1
564 147 1
564 866 1
576 38 1
576 72 1
576 170 1
576 612 1
577 545 1
577 857 1
587 196 1
587 285 1
587 674 1
587 960 1
587 1332 1
601 272 1
601 407 1
601 447 1
601 634 1
601 691 1
601 765 1
601 857 1
603 80 1
603 122 1
603 125 1
603 440 1
603 502 1
603 883 1
605 120 1
605 265 1
605 272 1
605 407 1
605 691 1
612 268 1
612 576 1
622 70 1
622 79 1
622 120 1
622 184 1
622 202 1
622 257 1
622 265 1
622 605 1
624 34 1
624 117 1
624 173 1
624 196 1
624 248 1
624 520 1
624 587 1
624 869 1
624 960 1
624 1519 1
634 447 1
634 642 1
634 691 1
642 46 1
642 134 1
642 245 1
642 407 1
642 447 1
642 634 1
642 691 1
674 196 1
674 285 1
674 480 1
674 587 1
674 1228 1
674 1332 1
691 3 1
691 46 1
691 134 1
691 151 1
691 245 1
691 252 1
691 272 1
691 407 1
691 447 1
691 634 1
694 219 1
694 498 1
753 85 1
753 866 1
765 63 1
765 277 1
765 429 1
769 55 1
769 117 1
769 119 1
769 125 1
769 184 1
769 496 1
769 797 1
769 866 1
769 894 1
771 242 1
771 603 1
779 27 1
779 28 1
779 101 1
779 170 1
779 240 1
779 252 1
779 272 1
779 325 1
779 883 1
797 1 1
797 132 1
797 205 1
797 425 1
797 496 1
798 48 1
798 634 1
845 79 1
845 101 1
845 257 1
845 327 1
845 335 1
845 883 1
857 85 1
857 577 1
857 601 1
857 634 1
857 765 1
866 48 1
866 134 1
866 147 1
866 200 1
866 232 1
866 564 1
866 694 1
866 753 1
866 869 1
867 245 1
867 1332 1
869 48 1
869 134 1
869 200 1
869 520 1
883 28 1
883 79 1
883 101 1
883 170 1
883 201 1
883 252 1
883 272 1
883 325 1
883 327 1
883 335 1
883 452 1
883 779 1
883 845 1
884 72 1
884 1485 1
894 1 1
894 117 1
894 125 1
894 132 1
894 196 1
894 205 1
894 219 1
894 425 1
894 496 1
894 769 1
894 797 1
920 92 1
920 190 1
920 959 1
959 85 1
959 190 1
959 429 1
959 441 1
959 494 1
959 920 1
960 117 1
960 587 1
970 353 1
970 502 1
974 312 1
974 1594 1
1228 285 1
1228 674 1
1228 1332 1
1332 196 1
1332 285 1
1332 480 1
1332 587 1
1332 674 1
1332 867 1
1401 45 1
1401 252 1
1401 492 1
1401 1828 1
1485 884 1
1519 34 1
1519 117 1
1519 425 1
1519 520 1
1519 624 1
1519 869 1
1594 312 1
1594 974 1
1828 492 1
1828 1401 1
