1 46 1
1 55 1
1 205 1
1 447 1
1 494 1
1 779 1
3 1 1
3 55 1
3 80 1
3 205 1
3 447 1
3 494 1
3 779 1
27 34 1
27 173 1
28 70 1
28 79 1
28 196 1
28 272 1
28 440 1
28 502 1
28 576 1
28 960 1
32 45 1
32 119 1
32 388 1
32 622 1
34 27 1
34 173 1
34 200 1
34 765 1
45 32 1
45 119 1
45 202 1
45 325 1
45 353 1
45 388 1
45 605 1
46 1 1
46 255 1
46 798 1
46 869 1
48 232 1
48 486 1
48 920 1
55 1 1
55 3 1
55 101 1
55 205 1
55 447 1
55 494 1
55 779 1
55 894 1
61 232 1
63 465 1
63 488 1
63 1228 1
70 28 1
70 196 1
70 353 1
70 440 1
70 564 1
72 222 1
72 612 1
72 1228 1
79 28 1
79 80 1
79 120 1
79 170 1
79 196 1
79 272 1
79 765 1
80 79 1
80 120 1
80 170 1
80 765 1
85 46 1
85 245 1
85 343 1
85 407 1
85 798 1
85 869 1
85 1332 1
92 242 1
92 366 1
101 1 1
101 55 1
101 205 1
101 447 1
101 494 1
101 779 1
101 845 1
101 894 1
101 1401 1
117 122 1
117 277 1
117 327 1
117 335 1
117 452 1
117 496 1
117 587 1
117 601 1
117 603 1
117 634 1
117 642 1
117 753 1
117 866 1
117 883 1
117 959 1
117 1519 1
119 32 1
119 45 1
119 325 1
119 388 1
119 605 1
119 797 1
120 79 1
120 80 1
120 170 1
122 624 1
122 634 1
122 642 1
122 753 1
122 1519 1
124 222 1
124 1485 1
125 85 1
125 190 1
125 205 1
125 245 1
125 265 1
125 407 1
125 441 1
125 491 1
125 857 1
132 240 1
132 252 1
132 407 1
132 441 1
132 622 1
132 674 1
132 869 1
134 265 1
134 407 1
134 1332 1
147 28 1
147 48 1
147 72 1
147 92 1
147 200 1
147 272 1
147 488 1
147 502 1
147 960 1
147 1594 1
151 170 1
151 184 1
151 201 1
151 272 1
151 275 1
151 364 1
151 425 1
151 452 1
151 491 1
151 492 1
151 691 1
151 765 1
151 797 1
156 257 1
159 213 1
159 694 1
165 388 1
170 79 1
170 80 1
170 120 1
170 364 1
170 691 1
170 765 1
173 27 1
173 34 1
173 120 1
184 425 1
184 691 1
184 797 1
190 125 1
190 211 1
190 245 1
190 468 1
196 28 1
196 70 1
196 79 1
196 353 1
196 576 1
200 343 1
200 959 1
201 214 1
201 252 1
201 272 1
201 425 1
201 502 1
201 603 1
201 691 1
201 797 1
202 45 1
202 325 1
202 353 1
202 605 1
202 769 1
205 1 1
205 3 1
205 55 1
205 101 1
205 125 1
205 265 1
205 407 1
205 447 1
205 494 1
205 779 1
205 894 1
205 1332 1
211 190 1
211 468 1
211 771 1
213 312 1
213 694 1
214 272 1
214 624 1
214 691 1
219 866 1
222 72 1
222 124 1
222 612 1
232 28 1
232 48 1
240 132 1
240 252 1
240 407 1
240 441 1
240 622 1
240 674 1
240 869 1
242 92 1
242 480 1
242 970 1
245 85 1
245 125 1
245 190 1
245 407 1
245 468 1
245 798 1
245 857 1
248 38 1
248 245 1
248 407 1
252 132 1
252 240 1
252 407 1
252 441 1
252 622 1
252 674 1
252 869 1
255 46 1
257 531 1
257 845 1
257 894 1
265 85 1
265 125 1
265 134 1
265 205 1
265 245 1
265 407 1
265 857 1
265 974 1
265 1332 1
268 429 1
268 520 1
268 576 1
268 577 1
268 883 1
272 28 1
272 79 1
272 147 1
272 170 1
272 214 1
272 364 1
272 491 1
272 502 1
272 545 1
272 691 1
272 960 1
275 151 1
275 425 1
275 492 1
277 117 1
277 327 1
277 343 1
277 587 1
277 883 1
277 959 1
285 125 1
285 468 1
285 471 1
285 779 1
285 1401 1
312 213 1
312 694 1
325 27 1
325 45 1
325 119 1
325 202 1
325 498 1
325 605 1
325 769 1
327 117 1
327 335 1
327 452 1
327 601 1
327 642 1
327 883 1
327 884 1
327 1519 1
335 327 1
335 634 1
335 883 1
343 200 1
343 277 1
343 959 1
353 45 1
353 70 1
353 196 1
353 465 1
353 694 1
364 151 1
364 170 1
364 272 1
364 425 1
364 691 1
366 92 1
388 45 1
388 119 1
388 165 1
388 219 1
388 605 1
388 691 1
388 769 1
388 797 1
407 38 1
407 85 1
407 132 1
407 134 1
407 205 1
407 240 1
407 245 1
407 248 1
407 252 1
407 265 1
407 441 1
407 869 1
407 1332 1
425 151 1
425 184 1
425 201 1
425 272 1
425 275 1
425 364 1
425 491 1
425 492 1
425 691 1
425 797 1
429 268 1
429 452 1
429 496 1
429 577 1
429 587 1
429 603 1
429 883 1
440 28 1
440 70 1
440 196 1
440 798 1
440 960 1
441 132 1
441 240 1
441 252 1
441 407 1
441 622 1
441 674 1
441 869 1
447 1 1
447 3 1
447 55 1
447 101 1
447 205 1
447 494 1
447 779 1
447 894 1
452 184 1
452 272 1
452 564 1
452 797 1
452 884 1
465 63 1
465 488 1
465 769 1
468 125 1
468 190 1
468 211 1
468 245 1
468 285 1
468 471 1
468 1401 1
471 285 1
471 468 1
480 242 1
480 970 1
486 48 1
486 920 1
488 48 1
488 147 1
488 465 1
491 214 1
491 272 1
491 425 1
491 691 1
492 151 1
492 201 1
492 272 1
492 275 1
492 425 1
492 502 1
492 545 1
492 564 1
492 691 1
494 1 1
494 3 1
494 55 1
494 101 1
494 205 1
494 447 1
494 779 1
494 894 1
496 117 1
496 429 1
496 452 1
496 587 1
496 603 1
496 634 1
496 642 1
496 883 1
498 325 1
498 605 1
502 28 1
502 272 1
502 492 1
502 545 1
502 960 1
520 268 1
520 531 1
520 634 1
520 883 1
531 257 1
531 520 1
531 845 1
545 272 1
545 492 1
545 502 1
564 70 1
564 452 1
576 28 1
576 196 1
576 268 1
576 353 1
577 268 1
577 429 1
587 117 1
587 496 1
587 603 1
587 883 1
587 959 1
601 1 1
601 117 1
601 248 1
601 327 1
601 642 1
601 866 1
601 1519 1
603 117 1
603 429 1
603 452 1
603 496 1
603 587 1
603 884 1
605 45 1
605 119 1
605 219 1
605 325 1
605 498 1
612 72 1
612 222 1
622 119 1
622 132 1
622 240 1
622 252 1
622 441 1
622 674 1
622 797 1
622 869 1
624 122 1
624 170 1
624 214 1
624 272 1
624 364 1
624 634 1
624 691 1
624 753 1
624 867 1
624 1828 1
634 335 1
634 496 1
634 883 1
642 117 1
642 122 1
642 496 1
642 624 1
642 634 1
642 753 1
642 866 1
674 132 1
674 240 1
674 252 1
674 441 1
674 622 1
674 869 1
691 79 1
691 170 1
691 184 1
691 201 1
691 214 1
691 272 1
691 364 1
691 425 1
691 492 1
691 797 1
694 213 1
694 312 1
753 122 1
753 624 1
765 34 1
765 79 1
765 80 1
769 45 1
769 119 1
769 202 1
769 325 1
769 353 1
769 388 1
769 465 1
769 605 1
769 797 1
771 211 1
771 219 1
779 1 1
779 55 1
779 101 1
779 205 1
779 245 1
779 285 1
779 447 1
779 494 1
779 894 1
797 119 1
797 151 1
797 184 1
797 622 1
797 691 1
798 46 1
798 255 1
845 38 1
845 101 1
845 257 1
845 531 1
845 894 1
845 1594 1
857 34 1
857 125 1
857 134 1
857 245 1
857 265 1
866 1 1
866 55 1
866 117 1
866 219 1
866 335 1
866 624 1
866 634 1
866 642 1
866 894 1
867 624 1
867 1828 1
869 46 1
869 441 1
869 674 1
869 1332 1
883 117 1
883 122 1
883 268 1
883 327 1
883 335 1
883 429 1
883 496 1
883 520 1
883 587 1
883 601 1
883 634 1
883 642 1
883 1519 1
884 335 1
884 452 1
894 1 1
894 55 1
894 101 1
894 205 1
894 257 1
894 447 1
894 494 1
894 779 1
894 845 1
894 866 1
894 1401 1
920 48 1
920 486 1
920 765 1
959 117 1
959 200 1
959 277 1
959 343 1
959 587 1
959 883 1
960 28 1
960 440 1
970 242 1
970 480 1
974 265 1
974 1332 1
1228 63 1
1228 72 1
1228 694 1
1332 85 1
1332 134 1
1332 265 1
1332 407 1
1332 869 1
1332 974 1
1401 101 1
1401 285 1
1401 447 1
1401 468 1
1485 124 1
1519 117 1
1519 122 1
1519 327 1
1519 601 1
1519 642 1
1519 883 1
1594 147 1
1594 845 1
1828 624 1
1828 867 1
