1 48 1
1 101 1
1 245 1
1 496 1
1 797 1
1 869 1
3 117 1
3 119 1
3 407 1
3 441 1
3 452 1
3 634 1
3 894 1
27 28 1
27 80 1
28 27 1
28 45 1
28 80 1
28 134 1
28 425 1
28 494 1
28 765 1
28 883 1
32 80 1
32 92 1
32 219 1
32 425 1
34 72 1
34 603 1
34 884 1
34 1401 1
45 28 1
45 80 1
45 170 1
45 213 1
45 425 1
45 765 1
45 883 1
46 285 1
46 327 1
46 691 1
46 867 1
48 1 1
48 245 1
48 440 1
55 85 1
55 265 1
55 353 1
55 468 1
55 491 1
55 624 1
55 960 1
55 1519 1
61 797 1
63 343 1
63 480 1
63 1519 1
70 205 1
70 441 1
70 492 1
70 605 1
70 845 1
72 34 1
72 603 1
72 974 1
79 132 1
79 257 1
79 285 1
79 447 1
79 674 1
79 691 1
79 798 1
80 27 1
80 28 1
80 45 1
80 425 1
85 1 1
85 55 1
85 101 1
85 245 1
85 252 1
85 353 1
85 797 1
92 32 1
92 165 1
101 1 1
101 85 1
101 245 1
101 252 1
101 335 1
101 496 1
101 797 1
101 869 1
101 959 1
117 3 1
117 205 1
117 214 1
117 335 1
117 407 1
117 429 1
117 452 1
117 492 1
117 605 1
117 634 1
117 769 1
117 845 1
117 866 1
117 869 1
117 883 1
117 894 1
119 196 1
119 407 1
119 441 1
119 492 1
119 959 1
119 1332 1
120 325 1
120 468 1
120 624 1
122 170 1
122 268 1
122 642 1
122 694 1
122 779 1
124 471 1
124 1228 1
125 240 1
125 272 1
125 325 1
125 494 1
125 502 1
125 587 1
125 622 1
125 642 1
125 883 1
132 79 1
132 257 1
132 277 1
132 447 1
132 674 1
132 691 1
132 798 1
134 28 1
134 494 1
134 622 1
147 119 1
147 196 1
147 205 1
147 407 1
147 441 1
147 452 1
147 624 1
147 634 1
147 960 1
147 1332 1
151 120 1
151 122 1
151 125 1
151 170 1
151 200 1
151 240 1
151 272 1
151 343 1
151 502 1
151 587 1
151 642 1
151 779 1
151 857 1
156 92 1
159 1 1
159 27 1
165 92 1
170 45 1
170 122 1
170 272 1
170 779 1
170 857 1
170 883 1
173 577 1
173 694 1
173 884 1
184 196 1
184 545 1
184 1332 1
190 364 1
190 468 1
190 624 1
190 753 1
196 119 1
196 184 1
196 441 1
196 545 1
196 1332 1
200 242 1
200 1485 1
201 46 1
201 85 1
201 245 1
201 248 1
201 447 1
201 498 1
201 691 1
201 797 1
202 38 1
202 211 1
202 327 1
202 642 1
202 920 1
205 70 1
205 117 1
205 147 1
205 388 1
205 407 1
205 452 1
205 492 1
205 605 1
205 845 1
205 866 1
205 883 1
205 894 1
211 202 1
211 327 1
211 920 1
213 45 1
213 488 1
214 429 1
214 496 1
214 605 1
219 486 1
222 612 1
222 970 1
222 974 1
232 486 1
232 603 1
240 125 1
240 151 1
240 272 1
240 343 1
240 502 1
240 587 1
240 779 1
242 200 1
242 771 1
242 1828 1
245 1 1
245 48 1
245 101 1
245 252 1
245 265 1
245 691 1
245 797 1
248 232 1
248 498 1
248 779 1
252 1 1
252 85 1
252 101 1
252 245 1
252 335 1
252 797 1
252 959 1
255 480 1
257 79 1
257 132 1
257 691 1
265 55 1
265 245 1
265 272 1
265 468 1
265 491 1
265 502 1
265 587 1
265 691 1
265 797 1
268 122 1
268 272 1
268 642 1
268 694 1
268 779 1
272 55 1
272 125 1
272 240 1
272 265 1
272 268 1
272 325 1
272 343 1
272 491 1
272 502 1
272 587 1
272 642 1
275 531 1
275 576 1
275 1594 1
277 79 1
277 132 1
277 201 1
277 447 1
277 674 1
277 691 1
285 46 1
285 79 1
285 674 1
285 691 1
285 798 1
312 447 1
312 520 1
325 120 1
325 125 1
325 272 1
325 494 1
325 601 1
325 622 1
325 765 1
327 38 1
327 46 1
327 202 1
327 211 1
327 257 1
327 642 1
327 691 1
327 867 1
335 101 1
335 252 1
335 959 1
343 151 1
343 240 1
343 272 1
353 55 1
353 364 1
353 624 1
353 753 1
353 869 1
364 190 1
364 353 1
364 601 1
364 753 1
364 769 1
366 1828 1
388 45 1
388 170 1
388 205 1
388 213 1
388 255 1
388 407 1
388 866 1
388 883 1
407 3 1
407 117 1
407 119 1
407 147 1
407 205 1
407 388 1
407 441 1
407 452 1
407 634 1
407 845 1
407 866 1
407 883 1
407 894 1
425 28 1
425 32 1
425 45 1
425 80 1
425 219 1
425 465 1
425 494 1
425 622 1
425 765 1
425 883 1
429 1 1
429 117 1
429 214 1
429 496 1
429 769 1
429 869 1
429 894 1
440 34 1
440 48 1
440 72 1
440 603 1
440 1401 1
441 3 1
441 70 1
441 119 1
441 196 1
441 407 1
441 492 1
441 1332 1
447 79 1
447 132 1
447 201 1
447 277 1
447 312 1
447 520 1
447 674 1
447 691 1
452 170 1
452 388 1
452 488 1
452 634 1
452 894 1
465 425 1
465 520 1
465 765 1
468 55 1
468 120 1
468 190 1
468 265 1
468 624 1
468 960 1
468 1519 1
471 124 1
471 1228 1
480 63 1
480 255 1
486 219 1
486 232 1
488 184 1
488 213 1
488 1332 1
491 48 1
491 55 1
491 245 1
491 265 1
492 70 1
492 117 1
492 119 1
492 205 1
492 407 1
492 441 1
492 605 1
492 845 1
492 866 1
494 28 1
494 125 1
494 134 1
494 325 1
494 425 1
494 587 1
494 601 1
494 622 1
496 1 1
496 101 1
496 214 1
496 252 1
496 429 1
496 797 1
496 869 1
496 959 1
498 201 1
498 248 1
502 240 1
502 265 1
502 272 1
502 491 1
502 587 1
520 201 1
520 312 1
520 447 1
520 465 1
531 275 1
531 564 1
531 576 1
545 184 1
545 196 1
545 1332 1
564 531 1
564 576 1
576 272 1
576 275 1
576 531 1
576 564 1
577 173 1
577 1594 1
587 151 1
587 265 1
587 272 1
587 494 1
587 502 1
601 125 1
601 134 1
601 272 1
601 325 1
601 364 1
601 494 1
601 622 1
603 34 1
603 48 1
603 72 1
603 184 1
603 440 1
603 1401 1
605 70 1
605 117 1
605 205 1
605 214 1
605 219 1
612 222 1
612 970 1
622 28 1
622 125 1
622 134 1
622 325 1
622 425 1
622 494 1
622 765 1
622 883 1
624 55 1
624 120 1
624 190 1
624 272 1
624 364 1
624 468 1
624 601 1
624 753 1
624 960 1
624 1519 1
634 147 1
634 452 1
634 894 1
642 28 1
642 38 1
642 122 1
642 268 1
642 272 1
642 694 1
642 779 1
674 79 1
674 132 1
674 277 1
674 285 1
674 447 1
674 691 1
691 46 1
691 79 1
691 132 1
691 257 1
691 285 1
691 327 1
691 447 1
691 674 1
691 797 1
691 798 1
694 268 1
694 779 1
753 190 1
753 364 1
765 28 1
765 45 1
765 465 1
769 117 1
769 200 1
769 335 1
769 353 1
769 364 1
769 429 1
769 634 1
769 869 1
769 894 1
771 242 1
771 869 1
779 122 1
779 151 1
779 170 1
779 240 1
779 268 1
779 272 1
779 642 1
779 694 1
779 857 1
797 1 1
797 245 1
797 252 1
797 496 1
797 691 1
798 79 1
798 447 1
845 70 1
845 117 1
845 205 1
845 407 1
845 492 1
845 605 1
857 122 1
857 151 1
857 170 1
857 779 1
857 1401 1
866 117 1
866 205 1
866 214 1
866 388 1
866 407 1
866 452 1
866 605 1
866 634 1
866 883 1
867 46 1
867 327 1
869 1 1
869 101 1
869 353 1
869 496 1
883 28 1
883 45 1
883 117 1
883 170 1
883 205 1
883 335 1
883 388 1
883 407 1
883 425 1
883 622 1
883 634 1
883 869 1
883 894 1
884 173 1
884 564 1
894 3 1
894 117 1
894 205 1
894 353 1
894 407 1
894 429 1
894 452 1
894 634 1
894 769 1
894 869 1
894 883 1
920 202 1
920 211 1
920 327 1
959 1 1
959 101 1
959 119 1
959 252 1
959 335 1
959 496 1
960 55 1
960 1519 1
970 222 1
970 612 1
974 72 1
974 222 1
1228 124 1
1228 465 1
1228 471 1
1332 119 1
1332 184 1
1332 196 1
1332 441 1
1332 488 1
1332 545 1
1401 34 1
1401 440 1
1401 603 1
1401 884 1
1485 200 1
1519 55 1
1519 63 1
1519 85 1
1519 468 1
1519 624 1
1519 960 1
1594 275 1
1594 577 1
1828 242 1
1828 366 1
