1 45 1
1 46 1
1 79 1
1 205 1
1 468 1
1 691 1
3 85 1
3 101 1
3 252 1
3 447 1
3 496 1
3 779 1
3 797 1
27 134 1
27 366 1
28 272 1
28 325 1
28 407 1
28 492 1
28 624 1
28 883 1
28 894 1
28 1332 1
32 196 1
32 471 1
32 498 1
32 960 1
34 491 1
34 622 1
34 642 1
34 798 1
45 1 1
45 46 1
45 242 1
45 364 1
45 867 1
45 959 1
45 1519 1
46 1 1
46 45 1
46 242 1
46 959 1
48 134 1
48 213 1
48 1485 1
55 200 1
55 205 1
55 265 1
55 268 1
55 494 1
55 605 1
55 691 1
55 694 1
61 245 1
63 335 1
63 429 1
63 441 1
70 196 1
70 202 1
70 275 1
70 285 1
70 960 1
72 531 1
72 674 1
72 1828 1
79 1 1
79 170 1
79 257 1
79 353 1
79 468 1
79 576 1
79 587 1
80 240 1
80 245 1
80 248 1
80 465 1
85 34 1
85 272 1
85 622 1
85 642 1
85 765 1
85 797 1
85 798 1
92 343 1
92 480 1
101 3 1
101 252 1
101 447 1
101 486 1
101 496 1
101 577 1
101 779 1
101 797 1
101 866 1
117 28 1
117 119 1
117 125 1
117 214 1
117 272 1
117 327 1
117 364 1
117 388 1
117 407 1
117 425 1
117 452 1
117 622 1
117 624 1
117 634 1
117 765 1
117 883 1
119 117 1
119 125 1
119 190 1
119 407 1
119 634 1
119 883 1
120 441 1
120 769 1
120 845 1
122 245 1
122 312 1
122 407 1
122 447 1
122 894 1
124 222 1
124 970 1
125 117 1
125 119 1
125 327 1
125 407 1
125 425 1
125 452 1
125 601 1
125 622 1
125 765 1
132 28 1
132 325 1
132 488 1
132 492 1
132 883 1
132 894 1
132 1332 1
134 27 1
134 48 1
134 213 1
147 1 1
147 151 1
147 205 1
147 272 1
147 452 1
147 502 1
147 587 1
147 605 1
147 624 1
147 691 1
151 1 1
151 79 1
151 147 1
151 170 1
151 201 1
151 257 1
151 272 1
151 353 1
151 468 1
151 502 1
151 587 1
151 605 1
151 691 1
156 201 1
159 564 1
159 866 1
165 190 1
170 79 1
170 184 1
170 272 1
170 576 1
170 587 1
170 691 1
173 545 1
173 564 1
173 779 1
184 491 1
184 765 1
184 920 1
190 119 1
190 165 1
190 214 1
190 1519 1
196 70 1
196 202 1
196 275 1
196 285 1
196 960 1
200 55 1
200 694 1
201 1 1
201 45 1
201 46 1
201 134 1
201 213 1
201 364 1
201 691 1
201 959 1
202 38 1
202 70 1
202 196 1
202 960 1
202 1519 1
205 1 1
205 55 1
205 147 1
205 265 1
205 268 1
205 277 1
205 494 1
205 520 1
205 605 1
205 674 1
205 691 1
205 694 1
211 440 1
211 845 1
211 869 1
213 48 1
213 134 1
214 190 1
214 407 1
214 425 1
219 545 1
222 124 1
222 622 1
222 970 1
232 502 1
232 612 1
240 80 1
240 122 1
240 245 1
240 465 1
240 753 1
240 771 1
240 857 1
242 45 1
242 46 1
242 959 1
245 80 1
245 122 1
245 240 1
245 312 1
245 465 1
245 753 1
245 857 1
248 80 1
248 219 1
248 245 1
252 101 1
252 255 1
252 447 1
252 488 1
252 496 1
252 779 1
252 797 1
255 252 1
257 79 1
257 353 1
257 1519 1
265 55 1
265 200 1
265 205 1
265 268 1
265 277 1
265 494 1
265 520 1
265 691 1
265 694 1
268 55 1
268 205 1
268 265 1
268 277 1
268 494 1
272 1 1
272 28 1
272 48 1
272 117 1
272 170 1
272 425 1
272 452 1
272 634 1
272 691 1
272 883 1
272 894 1
275 70 1
275 196 1
275 285 1
277 55 1
277 200 1
277 205 1
277 265 1
277 268 1
277 694 1
285 70 1
285 196 1
285 275 1
285 960 1
285 1228 1
312 122 1
312 245 1
325 28 1
325 132 1
325 219 1
325 492 1
325 883 1
325 894 1
325 1332 1
327 92 1
327 117 1
327 125 1
327 388 1
327 425 1
327 622 1
327 634 1
327 765 1
335 441 1
335 603 1
335 869 1
343 92 1
343 480 1
343 674 1
353 79 1
353 151 1
353 245 1
353 257 1
353 502 1
364 45 1
364 201 1
364 867 1
364 959 1
364 1519 1
366 27 1
388 117 1
388 125 1
388 327 1
388 407 1
388 425 1
388 452 1
388 601 1
388 634 1
407 28 1
407 117 1
407 119 1
407 122 1
407 214 1
407 272 1
407 388 1
407 425 1
407 452 1
407 624 1
407 634 1
407 883 1
407 894 1
425 117 1
425 125 1
425 214 1
425 272 1
425 327 1
425 388 1
425 407 1
425 452 1
425 624 1
425 883 1
429 63 1
429 335 1
429 353 1
429 441 1
429 603 1
429 769 1
429 869 1
440 120 1
440 211 1
440 769 1
440 845 1
440 869 1
441 63 1
441 120 1
441 335 1
441 429 1
441 603 1
441 845 1
441 869 1
447 3 1
447 101 1
447 252 1
447 496 1
447 577 1
447 779 1
447 797 1
447 1594 1
452 85 1
452 170 1
452 272 1
452 407 1
452 634 1
465 80 1
465 240 1
465 245 1
468 1 1
468 79 1
468 151 1
468 170 1
468 576 1
468 587 1
468 691 1
471 32 1
471 498 1
480 92 1
480 343 1
486 101 1
486 866 1
488 132 1
488 492 1
488 1332 1
491 184 1
491 798 1
491 869 1
491 920 1
492 28 1
492 132 1
492 219 1
492 272 1
492 325 1
492 488 1
492 883 1
492 894 1
492 1332 1
494 55 1
494 205 1
494 265 1
494 268 1
494 520 1
494 605 1
494 674 1
494 691 1
496 3 1
496 38 1
496 101 1
496 252 1
496 447 1
496 642 1
496 779 1
496 797 1
498 32 1
498 471 1
502 147 1
502 151 1
502 605 1
502 612 1
502 884 1
520 205 1
520 255 1
520 265 1
520 494 1
531 72 1
531 974 1
531 1401 1
545 173 1
545 219 1
545 564 1
564 173 1
564 545 1
576 79 1
576 170 1
576 468 1
576 587 1
577 101 1
577 447 1
587 79 1
587 151 1
587 170 1
587 468 1
587 691 1
601 119 1
601 125 1
601 465 1
601 642 1
601 779 1
601 797 1
601 866 1
603 335 1
603 429 1
603 441 1
603 642 1
603 869 1
603 1228 1
605 55 1
605 205 1
605 494 1
605 674 1
605 691 1
612 232 1
612 502 1
622 34 1
622 85 1
622 117 1
622 222 1
622 327 1
622 353 1
622 765 1
622 798 1
624 28 1
624 117 1
624 214 1
624 272 1
624 388 1
624 407 1
624 425 1
624 452 1
624 634 1
624 883 1
634 117 1
634 119 1
634 272 1
642 27 1
642 34 1
642 38 1
642 125 1
642 496 1
642 779 1
642 797 1
674 72 1
674 205 1
674 343 1
674 494 1
674 605 1
674 1828 1
691 1 1
691 55 1
691 170 1
691 184 1
691 205 1
691 265 1
691 272 1
691 468 1
691 494 1
691 587 1
694 55 1
694 200 1
753 240 1
753 857 1
765 85 1
765 184 1
765 622 1
769 120 1
769 335 1
769 429 1
769 440 1
769 441 1
769 603 1
769 845 1
769 869 1
769 884 1
771 240 1
771 343 1
779 3 1
779 101 1
779 252 1
779 447 1
779 496 1
779 601 1
779 642 1
779 797 1
779 866 1
797 85 1
797 252 1
797 447 1
797 496 1
797 642 1
798 34 1
798 353 1
845 120 1
845 211 1
845 440 1
845 441 1
845 769 1
845 869 1
857 80 1
857 240 1
857 245 1
857 248 1
857 753 1
866 101 1
866 119 1
866 486 1
866 601 1
866 642 1
866 753 1
866 779 1
866 797 1
866 884 1
867 45 1
867 364 1
869 211 1
869 335 1
869 429 1
869 441 1
883 28 1
883 48 1
883 117 1
883 119 1
883 122 1
883 132 1
883 272 1
883 325 1
883 407 1
883 624 1
883 634 1
883 894 1
883 1332 1
884 232 1
884 502 1
894 28 1
894 122 1
894 132 1
894 272 1
894 325 1
894 327 1
894 407 1
894 492 1
894 624 1
894 883 1
894 1332 1
920 184 1
920 491 1
920 1401 1
959 1 1
959 45 1
959 46 1
959 201 1
959 242 1
959 364 1
960 70 1
960 196 1
970 124 1
970 222 1
974 531 1
974 1401 1
1228 285 1
1228 603 1
1228 869 1
1332 28 1
1332 132 1
1332 325 1
1332 492 1
1332 883 1
1332 894 1
1401 491 1
1401 531 1
1401 974 1
1401 1594 1
1485 48 1
1519 45 1
1519 72 1
1519 190 1
1519 202 1
1519 257 1
1519 364 1
1594 447 1
1594 1401 1
1828 72 1
1828 674 1
