1 60 1
1 199 1
1 332 1
1 375 1
1 464 1
2 298 1
3 89 1
3 155 1
3 257 1
3 272 1
3 397 1
3 435 1
4 481 1
5 120 1
5 123 1
5 341 1
5 348 1
5 366 1
6 127 1
7 46 1
7 132 1
7 164 1
7 288 1
7 406 1
7 478 1
8 443 1
9 64 1
9 135 1
9 204 1
9 280 1
9 342 1
10 121 1
11 18 1
11 32 1
11 98 1
11 171 1
11 312 1
11 365 1
12 511 1
13 143 1
13 166 1
13 183 1
13 377 1
13 442 1
14 202 1
15 32 1
15 62 1
15 69 1
15 194 1
15 370 1
15 467 1
16 100 1
17 11 1
17 304 1
17 349 1
17 448 1
17 497 1
18 264 1
19 21 1
19 152 1
19 229 1
19 349 1
19 426 1
19 508 1
20 301 1
21 352 1
21 364 1
21 376 1
21 450 1
21 454 1
22 62 1
23 14 1
23 140 1
23 234 1
23 315 1
23 335 1
23 498 1
24 68 1
25 94 1
25 97 1
25 258 1
25 382 1
25 472 1
26 357 1
27 137 1
27 222 1
27 233 1
27 359 1
27 373 1
27 403 1
28 253 1
29 16 1
29 91 1
29 147 1
29 304 1
29 383 1
30 177 1
31 55 1
31 390 1
31 466 1
31 467 1
31 480 1
31 500 1
32 388 1
33 159 1
33 215 1
33 299 1
33 438 1
33 465 1
34 389 1
35 20 1
35 115 1
35 117 1
35 149 1
35 395 1
35 448 1
36 239 1
37 225 1
37 292 1
37 349 1
37 459 1
37 489 1
38 45 1
39 49 1
39 109 1
39 372 1
39 440 1
39 456 1
39 459 1
40 345 1
41 37 1
41 56 1
41 337 1
41 451 1
41 487 1
42 197 1
43 8 1
43 248 1
43 377 1
43 445 1
43 483 1
43 490 1
44 296 1
45 40 1
45 433 1
45 444 1
45 463 1
45 470 1
46 436 1
47 41 1
47 180 1
47 226 1
47 345 1
47 359 1
47 365 1
48 387 1
49 60 1
49 288 1
49 356 1
49 468 1
49 479 1
50 455 1
51 50 1
51 347 1
51 434 1
51 441 1
51 474 1
51 483 1
52 237 1
53 36 1
53 266 1
53 326 1
53 394 1
53 474 1
54 169 1
55 34 1
55 46 1
55 299 1
55 343 1
55 474 1
55 497 1
56 307 1
57 5 1
57 273 1
57 336 1
58 243 1
59 293 1
59 297 1
59 334 1
59 476 1
60 200 1
61 170 1
61 218 1
61 320 1
61 331 1
61 361 1
61 399 1
62 182 1
63 84 1
63 86 1
63 118 1
63 454 1
64 217 1
65 294 1
66 3 1
66 207 1
66 486 1
67 112 1
68 96 1
69 106 1
69 295 1
70 444 1
71 462 1
72 463 1
73 4 1
73 24 1
73 54 1
73 77 1
73 103 1
73 142 1
73 173 1
73 187 1
73 223 1
73 277 1
73 295 1
73 311 1
73 347 1
73 369 1
73 395 1
73 430 1
73 432 1
73 449 1
73 452 1
73 453 1
73 477 1
73 511 1
74 443 1
74 453 1
75 139 1
76 215 1
76 366 1
76 458 1
77 105 1
78 157 1
79 82 1
79 356 1
79 456 1
80 385 1
81 450 1
82 67 1
82 382 1
83 475 1
84 151 1
85 483 1
86 27 1
86 58 1
86 367 1
86 424 1
86 470 1
87 51 1
87 422 1
88 367 1
89 26 1
89 126 1
89 185 1
90 351 1
91 408 1
92 40 1
92 348 1
92 379 1
93 321 1
94 289 1
95 462 1
95 492 1
96 201 1
97 353 1
98 105 1
99 161 1
99 193 1
99 306 1
99 368 1
99 422 1
100 146 1
100 388 1
101 471 1
102 184 1
102 397 1
102 460 1
103 6 1
104 468 1
105 31 1
105 119 1
105 208 1
106 389 1
107 486 1
108 433 1
108 472 1
109 494 1
110 494 1
111 371 1
112 26 1
112 222 1
112 342 1
112 372 1
112 447 1
113 369 1
113 487 1
114 312 1
115 330 1
115 353 1
115 458 1
116 393 1
117 64 1
118 122 1
118 320 1
118 437 1
119 355 1
120 351 1
121 396 1
121 508 1
122 38 1
123 343 1
124 449 1
125 66 1
125 79 1
125 130 1
125 339 1
125 404 1
126 23 1
126 232 1
127 475 1
128 353 1
128 484 1
128 512 1
129 324 1
130 65 1
131 52 1
131 249 1
131 446 1
132 381 1
133 63 1
134 13 1
134 121 1
135 354 1
136 209 1
137 30 1
138 52 1
138 365 1
138 414 1
138 448 1
138 478 1
139 191 1
139 242 1
140 250 1
141 280 1
141 293 1
141 364 1
142 344 1
143 134 1
144 25 1
144 287 1
144 507 1
145 343 1
146 16 1
147 114 1
147 303 1
148 22 1
149 509 1
150 332 1
151 196 1
151 221 1
151 325 1
151 424 1
151 439 1
152 201 1
152 498 1
153 373 1
154 157 1
154 350 1
154 395 1
155 66 1
156 118 1
157 208 1
157 378 1
157 381 1
157 456 1
158 505 1
159 226 1
160 412 1
161 307 1
161 360 1
161 428 1
162 108 1
162 163 1
162 267 1
163 83 1
164 255 1
165 338 1
166 203 1
166 334 1
167 271 1
168 35 1
168 131 1
169 379 1
169 476 1
170 375 1
171 194 1
172 465 1
173 322 1
173 342 1
174 18 1
175 302 1
175 499 1
176 28 1
176 353 1
177 266 1
178 48 1
179 344 1
180 213 1
180 482 1
181 502 1
182 22 1
182 309 1
183 305 1
183 359 1
184 290 1
185 92 1
186 374 1
187 10 1
187 58 1
188 53 1
189 81 1
189 328 1
190 179 1
190 362 1
191 414 1
192 512 1
193 358 1
194 340 1
194 399 1
195 493 1
196 319 1
196 345 1
197 231 1
197 321 1
198 357 1
199 334 1
200 214 1
201 329 1
201 461 1
202 504 1
203 279 1
203 380 1
204 178 1
204 305 1
205 330 1
206 480 1
207 380 1
208 78 1
208 368 1
209 331 1
210 88 1
210 333 1
211 93 1
211 176 1
212 475 1
213 355 1
214 376 1
215 136 1
215 354 1
216 144 1
217 134 1
217 403 1
218 14 1
218 358 1
219 72 1
220 308 1
221 313 1
222 108 1
222 308 1
223 378 1
224 61 1
225 287 1
226 102 1
227 12 1
228 485 1
229 387 1
230 383 1
231 80 1
232 447 1
233 383 1
234 420 1
235 501 1
236 392 1
237 390 1
238 282 1
239 394 1
240 12 1
241 24 1
242 138 1
243 328 1
244 95 1
245 54 1
246 404 1
247 336 1
248 406 1
249 491 1
250 311 1
251 79 1
252 235 1
253 335 1
254 335 1
255 300 1
256 460 1
257 491 1
258 144 1
259 464 1
260 39 1
261 206 1
262 493 1
263 44 1
264 322 1
265 90 1
266 457 1
267 385 1
268 495 1
269 265 1
270 297 1
271 439 1
272 70 1
273 481 1
274 371 1
275 211 1
276 318 1
277 272 1
278 160 1
279 410 1
280 436 1
281 42 1
282 404 1
283 487 1
284 147 1
285 44 1
286 341 1
287 469 1
288 282 1
289 504 1
290 510 1
291 259 1
292 33 1
293 346 1
294 466 1
295 349 1
296 319 1
297 318 1
298 274 1
299 292 1
300 481 1
301 447 1
302 107 1
303 29 1
304 141 1
305 340 1
306 17 1
307 216 1
308 386 1
309 296 1
310 502 1
311 420 1
312 283 1
313 48 1
314 485 1
315 138 1
316 219 1
317 30 1
318 34 1
319 488 1
320 224 1
321 195 1
322 439 1
323 264 1
324 391 1
325 428 1
326 188 1
327 351 1
328 339 1
329 444 1
330 133 1
331 342 1
332 401 1
333 9 1
334 99 1
335 85 1
336 408 1
337 47 1
338 442 1
339 410 1
340 347 1
341 2 1
341 153 1
341 240 1
341 316 1
341 317 1
342 74 1
342 168 1
342 333 1
342 434 1
342 441 1
343 165 1
344 82 1
344 224 1
344 343 1
344 345 1
344 412 1
345 92 1
346 59 1
346 290 1
346 436 1
346 479 1
346 509 1
347 363 1
348 50 1
348 57 1
348 350 1
348 426 1
348 510 1
349 111 1
350 241 1
350 291 1
350 327 1
350 445 1
350 492 1
351 187 1
352 15 1
352 113 1
352 247 1
352 441 1
353 310 1
354 269 1
355 167 1
356 116 1
357 484 1
358 112 1
359 162 1
360 250 1
361 473 1
362 374 1
363 418 1
364 314 1
365 482 1
366 205 1
367 210 1
368 263 1
369 2 1
370 306 1
371 128 1
372 506 1
373 316 1
374 190 1
375 442 1
376 446 1
377 337 1
378 338 1
379 4 1
380 234 1
381 274 1
382 401 1
383 384 1
384 285 1
385 416 1
386 198 1
387 313 1
388 275 1
389 69 1
390 1 1
391 158 1
392 469 1
393 438 1
394 471 1
395 302 1
396 370 1
397 175 1
398 220 1
399 435 1
400 8 1
401 361 1
402 433 1
403 86 1
404 245 1
405 337 1
406 452 1
407 71 1
408 281 1
409 303 1
410 125 1
411 363 1
412 87 1
413 435 1
414 315 1
415 477 1
416 324 1
417 301 1
418 256 1
419 99 1
420 351 1
421 323 1
422 212 1
423 36 1
424 392 1
425 19 1
426 317 1
427 165 1
428 362 1
429 161 1
430 291 1
431 496 1
432 352 1
433 38 1
434 148 1
434 173 1
434 488 1
435 129 1
436 56 1
437 156 1
437 386 1
437 496 1
438 325 1
439 479 1
440 323 1
440 445 1
440 507 1
441 432 1
442 76 1
443 43 1
443 298 1
443 300 1
444 258 1
445 154 1
446 189 1
446 192 1
446 329 1
447 240 1
448 242 1
449 339 1
449 418 1
449 495 1
450 485 1
451 430 1
452 7 1
452 10 1
452 505 1
453 172 1
454 181 1
454 251 1
455 289 1
456 432 1
457 180 1
458 506 1
459 437 1
460 42 1
461 256 1
462 336 1
463 500 1
464 438 1
465 125 1
466 396 1
467 451 1
468 503 1
469 489 1
470 450 1
471 455 1
472 360 1
473 248 1
474 490 1
475 453 1
476 309 1
477 338 1
478 377 1
479 151 1
480 261 1
481 393 1
482 457 1
483 314 1
484 145 1
485 294 1
486 384 1
487 389 1
489 327 1
490 174 1
491 131 1
492 326 1
493 104 1
494 95 1
495 124 1
496 473 1
497 20 1
497 451 1
498 101 1
498 186 1
499 28 1
499 416 1
500 340 1
500 461 1
501 310 1
501 347 1
502 499 1
502 501 1
503 346 1
503 477 1
504 6 1
504 440 1
505 391 1
506 75 1
507 232 1
508 110 1
509 503 1
510 150 1
511 227 1
512 371 1
