1 24 1
1 137 1
1 345 1
1 357 1
1 465 1
2 436 1
3 26 1
3 144 1
3 258 1
3 328 1
3 475 1
3 500 1
4 376 1
5 234 1
5 301 1
5 334 1
5 397 1
5 459 1
6 67 1
7 123 1
7 180 1
7 295 1
7 305 1
7 351 1
7 482 1
8 263 1
9 84 1
9 280 1
9 292 1
9 323 1
9 391 1
10 305 1
11 6 1
11 279 1
11 352 1
11 445 1
11 453 1
11 503 1
12 394 1
13 38 1
13 315 1
13 355 1
13 444 1
13 508 1
14 433 1
15 66 1
15 235 1
15 245 1
15 348 1
15 370 1
15 396 1
16 40 1
17 165 1
17 311 1
17 353 1
17 433 1
17 475 1
18 336 1
19 72 1
19 240 1
19 264 1
19 339 1
19 348 1
19 485 1
20 300 1
21 28 1
21 395 1
21 408 1
21 441 1
21 447 1
22 509 1
23 15 1
23 50 1
23 83 1
23 310 1
23 364 1
23 505 1
24 223 1
25 34 1
25 186 1
25 208 1
25 343 1
25 449 1
26 224 1
27 196 1
27 271 1
27 287 1
27 299 1
27 359 1
27 474 1
28 155 1
29 6 1
29 27 1
29 30 1
29 109 1
29 495 1
30 175 1
31 46 1
31 266 1
31 312 1
31 326 1
31 395 1
31 438 1
32 12 1
33 32 1
33 55 1
33 203 1
33 410 1
33 460 1
34 442 1
35 210 1
35 293 1
35 353 1
35 378 1
35 384 1
35 441 1
36 498 1
37 184 1
37 382 1
37 384 1
37 399 1
37 416 1
38 387 1
39 24 1
39 120 1
39 380 1
39 434 1
39 442 1
39 477 1
40 282 1
41 122 1
41 317 1
41 481 1
41 492 1
41 511 1
42 82 1
43 92 1
43 102 1
43 375 1
43 464 1
43 485 1
43 501 1
44 237 1
45 8 1
45 74 1
45 158 1
45 185 1
45 479 1
46 88 1
47 7 1
47 85 1
47 191 1
47 287 1
47 340 1
47 511 1
48 22 1
49 75 1
49 148 1
49 212 1
49 443 1
49 489 1
50 352 1
51 90 1
51 116 1
51 141 1
51 147 1
51 213 1
51 356 1
52 145 1
53 76 1
53 135 1
53 157 1
53 350 1
53 473 1
54 469 1
55 101 1
55 325 1
55 345 1
55 347 1
55 476 1
55 493 1
56 275 1
57 20 1
57 103 1
57 227 1
58 161 1
59 14 1
59 81 1
59 357 1
59 491 1
60 392 1
61 22 1
61 361 1
61 418 1
61 460 1
61 465 1
61 503 1
62 389 1
63 9 1
63 47 1
63 424 1
63 507 1
64 481 1
65 320 1
66 23 1
66 197 1
66 390 1
67 393 1
68 17 1
69 316 1
69 362 1
70 215 1
71 377 1
72 249 1
73 2 1
73 42 1
73 59 1
73 66 1
73 113 1
73 121 1
73 208 1
73 232 1
73 250 1
73 338 1
73 343 1
73 358 1
73 386 1
73 389 1
73 392 1
73 447 1
73 449 1
73 451 1
73 462 1
73 473 1
73 478 1
73 506 1
74 334 1
74 391 1
75 435 1
76 394 1
76 426 1
76 480 1
77 29 1
78 82 1
79 80 1
79 114 1
79 499 1
80 455 1
81 60 1
82 149 1
82 380 1
83 207 1
84 390 1
85 372 1
86 174 1
86 321 1
86 386 1
86 437 1
86 484 1
87 382 1
87 414 1
88 298 1
89 151 1
89 202 1
89 349 1
90 43 1
91 195 1
92 118 1
92 128 1
92 389 1
93 445 1
94 111 1
95 8 1
95 378 1
96 115 1
97 198 1
98 324 1
99 39 1
99 118 1
99 125 1
99 136 1
99 314 1
100 10 1
100 450 1
101 468 1
102 200 1
102 216 1
102 221 1
103 201 1
104 363 1
105 44 1
105 125 1
105 127 1
106 404 1
107 453 1
108 64 1
108 89 1
109 307 1
110 463 1
111 309 1
112 92 1
112 117 1
112 342 1
112 467 1
112 487 1
113 62 1
113 381 1
114 441 1
115 264 1
115 283 1
115 319 1
116 138 1
117 446 1
118 4 1
118 385 1
118 459 1
119 229 1
120 379 1
121 217 1
121 491 1
122 439 1
123 319 1
124 13 1
125 119 1
125 259 1
125 374 1
125 451 1
125 505 1
126 374 1
126 383 1
127 502 1
128 112 1
128 312 1
128 470 1
129 509 1
130 412 1
131 177 1
131 335 1
131 362 1
132 256 1
133 143 1
134 154 1
134 436 1
135 399 1
136 56 1
137 472 1
138 51 1
138 104 1
138 290 1
138 445 1
138 487 1
139 97 1
139 325 1
140 110 1
141 156 1
141 250 1
141 464 1
142 294 1
143 12 1
144 313 1
144 345 1
144 488 1
145 341 1
146 337 1
147 226 1
147 448 1
148 134 1
149 273 1
150 335 1
151 26 1
151 107 1
151 108 1
151 365 1
151 481 1
152 220 1
152 302 1
153 486 1
154 20 1
154 79 1
154 326 1
155 306 1
156 331 1
157 304 1
157 307 1
157 377 1
157 440 1
158 52 1
159 139 1
160 432 1
161 169 1
161 363 1
161 494 1
162 93 1
162 105 1
162 456 1
163 64 1
164 218 1
165 338 1
166 333 1
166 364 1
167 328 1
168 224 1
168 396 1
169 497 1
169 498 1
170 342 1
171 68 1
172 349 1
173 277 1
173 422 1
174 339 1
175 18 1
175 170 1
176 420 1
176 437 1
177 173 1
178 58 1
179 401 1
180 171 1
180 500 1
181 329 1
182 338 1
182 480 1
183 187 1
183 190 1
184 351 1
185 288 1
186 28 1
187 61 1
187 510 1
188 455 1
189 95 1
189 242 1
190 106 1
190 401 1
191 373 1
192 347 1
193 367 1
194 131 1
194 448 1
195 309 1
196 129 1
196 454 1
197 193 1
197 318 1
198 189 1
199 343 1
200 395 1
201 57 1
201 365 1
202 108 1
203 30 1
203 463 1
204 452 1
204 472 1
205 440 1
206 358 1
207 48 1
208 266 1
208 290 1
209 98 1
210 132 1
210 367 1
211 397 1
211 493 1
212 482 1
213 160 1
214 335 1
215 62 1
215 365 1
216 188 1
217 315 1
217 336 1
218 353 1
218 444 1
219 430 1
220 58 1
221 50 1
222 295 1
222 296 1
223 418 1
224 253 1
225 21 1
226 167 1
227 288 1
228 36 1
229 366 1
230 469 1
231 274 1
232 256 1
233 291 1
234 373 1
235 313 1
236 331 1
237 248 1
238 340 1
239 78 1
240 450 1
241 234 1
242 293 1
243 334 1
244 346 1
245 241 1
246 369 1
247 206 1
248 44 1
249 479 1
250 60 1
251 388 1
252 478 1
253 447 1
254 336 1
255 504 1
256 257 1
257 510 1
258 285 1
259 99 1
260 306 1
261 176 1
262 452 1
263 258 1
264 261 1
265 435 1
266 406 1
267 219 1
268 281 1
269 159 1
270 360 1
271 232 1
272 215 1
273 322 1
274 126 1
275 416 1
276 345 1
277 146 1
278 501 1
279 344 1
280 368 1
281 33 1
282 1 1
283 470 1
284 289 1
285 432 1
286 512 1
287 63 1
288 179 1
289 18 1
290 42 1
291 461 1
292 36 1
293 404 1
294 94 1
295 173 1
296 330 1
297 492 1
298 443 1
299 376 1
300 332 1
301 333 1
302 343 1
303 166 1
304 354 1
305 340 1
306 121 1
307 456 1
308 291 1
309 375 1
310 192 1
311 240 1
312 371 1
313 142 1
314 499 1
315 303 1
316 359 1
317 461 1
318 458 1
319 105 1
320 231 1
321 124 1
322 86 1
323 504 1
324 151 1
325 199 1
326 49 1
327 247 1
328 182 1
329 453 1
330 410 1
331 209 1
332 371 1
333 303 1
334 434 1
335 485 1
336 4 1
337 168 1
338 308 1
339 406 1
340 471 1
341 32 1
341 79 1
341 87 1
341 165 1
341 214 1
342 320 1
342 349 1
342 426 1
342 456 1
342 507 1
343 152 1
344 56 1
344 95 1
344 298 1
344 479 1
344 506 1
345 457 1
346 25 1
346 318 1
346 337 1
346 366 1
346 502 1
347 299 1
348 130 1
348 297 1
348 327 1
348 450 1
348 496 1
349 430 1
350 161 1
350 194 1
350 301 1
350 314 1
350 379 1
351 329 1
352 34 1
352 100 1
352 150 1
352 451 1
353 351 1
354 422 1
355 488 1
356 37 1
357 311 1
358 403 1
359 438 1
360 11 1
361 496 1
362 194 1
363 316 1
364 466 1
365 70 1
366 490 1
367 474 1
368 490 1
369 269 1
370 349 1
371 300 1
372 181 1
373 272 1
374 361 1
375 408 1
376 497 1
377 439 1
378 77 1
379 377 1
380 35 1
381 346 1
382 494 1
383 274 1
384 10 1
385 2 1
386 446 1
387 201 1
388 448 1
389 310 1
390 163 1
391 339 1
392 131 1
393 134 1
394 483 1
395 355 1
396 435 1
397 483 1
398 248 1
399 330 1
400 302 1
401 183 1
402 372 1
403 347 1
404 242 1
405 69 1
406 19 1
407 486 1
408 476 1
409 54 1
410 296 1
411 424 1
412 304 1
413 403 1
414 341 1
415 332 1
416 356 1
417 38 1
418 282 1
419 147 1
420 204 1
421 289 1
422 487 1
423 462 1
424 477 1
425 483 1
426 138 1
427 489 1
428 444 1
429 321 1
430 370 1
431 468 1
432 91 1
433 297 1
434 5 1
434 162 1
434 243 1
435 45 1
436 385 1
437 52 1
437 322 1
437 512 1
438 205 1
439 475 1
440 14 1
440 317 1
440 438 1
441 432 1
442 99 1
443 308 1
443 344 1
443 474 1
444 342 1
445 211 1
446 86 1
446 458 1
446 471 1
447 96 1
448 40 1
449 172 1
449 383 1
449 428 1
450 439 1
451 16 1
452 225 1
452 368 1
452 442 1
453 222 1
454 239 1
454 327 1
455 69 1
456 178 1
457 180 1
458 420 1
459 187 1
460 233 1
461 495 1
462 508 1
463 140 1
464 388 1
465 371 1
466 354 1
467 31 1
468 157 1
469 251 1
470 41 1
471 133 1
472 280 1
473 359 1
474 46 1
475 383 1
476 404 1
477 393 1
478 477 1
479 65 1
480 53 1
481 324 1
482 16 1
483 222 1
484 164 1
485 454 1
486 267 1
487 337 1
489 369 1
490 255 1
491 294 1
492 433 1
493 153 1
494 144 1
495 265 1
496 466 1
497 272 1
497 347 1
498 292 1
498 353 1
499 350 1
499 351 1
500 457 1
500 484 1
501 412 1
501 428 1
502 3 1
502 381 1
503 360 1
503 436 1
504 226 1
504 342 1
505 71 1
506 414 1
507 112 1
508 467 1
509 54 1
510 387 1
511 323 1
512 48 1
