1 29 1
1 145 1
1 345 1
1 387 1
1 432 1
2 82 1
3 36 1
3 189 1
3 194 1
3 324 1
3 378 1
3 505 1
4 299 1
5 34 1
5 226 1
5 370 1
5 438 1
5 440 1
6 484 1
7 90 1
7 128 1
7 343 1
7 346 1
7 416 1
7 461 1
8 356 1
9 143 1
9 193 1
9 281 1
9 327 1
9 464 1
10 332 1
11 184 1
11 272 1
11 322 1
11 331 1
11 334 1
11 353 1
12 261 1
13 15 1
13 66 1
13 92 1
13 384 1
13 406 1
14 322 1
15 34 1
15 387 1
15 412 1
15 477 1
15 484 1
15 487 1
16 173 1
17 108 1
17 199 1
17 217 1
17 317 1
17 422 1
18 396 1
19 14 1
19 183 1
19 395 1
19 436 1
19 468 1
19 481 1
20 115 1
21 39 1
21 235 1
21 263 1
21 382 1
21 426 1
22 114 1
23 117 1
23 161 1
23 178 1
23 234 1
23 380 1
23 470 1
24 503 1
25 258 1
25 294 1
25 312 1
25 471 1
25 499 1
26 377 1
27 129 1
27 140 1
27 180 1
27 361 1
27 433 1
27 479 1
28 499 1
29 120 1
29 443 1
29 451 1
29 462 1
29 466 1
30 256 1
31 62 1
31 106 1
31 332 1
31 376 1
31 392 1
31 433 1
32 300 1
33 23 1
33 172 1
33 318 1
33 349 1
33 481 1
34 108 1
35 91 1
35 99 1
35 333 1
35 404 1
35 437 1
35 461 1
36 337 1
37 36 1
37 188 1
37 443 1
37 476 1
37 487 1
38 351 1
39 162 1
39 192 1
39 369 1
39 455 1
39 478 1
39 504 1
40 368 1
41 156 1
41 237 1
41 314 1
41 395 1
41 444 1
42 303 1
43 26 1
43 64 1
43 76 1
43 134 1
43 457 1
43 511 1
44 446 1
45 207 1
45 253 1
45 292 1
45 328 1
45 442 1
46 191 1
47 165 1
47 313 1
47 318 1
47 329 1
47 389 1
47 401 1
48 357 1
49 60 1
49 94 1
49 204 1
49 448 1
49 473 1
50 297 1
51 4 1
51 158 1
51 195 1
51 435 1
51 465 1
51 483 1
52 362 1
53 95 1
53 131 1
53 224 1
53 258 1
53 314 1
54 50 1
55 152 1
55 359 1
55 414 1
55 437 1
55 453 1
55 495 1
56 99 1
57 138 1
57 305 1
57 502 1
58 377 1
59 392 1
59 440 1
59 474 1
59 488 1
60 257 1
61 40 1
61 53 1
61 105 1
61 336 1
61 386 1
61 464 1
62 439 1
63 10 1
63 16 1
63 308 1
63 424 1
64 500 1
65 27 1
66 48 1
66 133 1
66 490 1
67 187 1
68 340 1
69 245 1
69 355 1
70 52 1
71 144 1
72 512 1
73 11 1
73 19 1
73 20 1
73 32 1
73 42 1
73 89 1
73 131 1
73 222 1
73 310 1
73 320 1
73 356 1
73 358 1
73 399 1
73 404 1
73 408 1
73 420 1
73 435 1
73 441 1
73 472 1
73 475 1
73 485 1
73 506 1
74 293 1
74 479 1
75 223 1
76 77 1
76 86 1
76 255 1
77 428 1
78 248 1
79 60 1
79 61 1
79 350 1
80 404 1
81 344 1
82 116 1
82 436 1
83 43 1
84 460 1
85 345 1
86 88 1
86 289 1
86 334 1
86 338 1
86 507 1
87 222 1
87 364 1
88 182 1
89 274 1
89 327 1
89 333 1
90 326 1
91 485 1
92 173 1
92 343 1
92 458 1
93 478 1
94 160 1
95 466 1
95 486 1
96 98 1
97 441 1
98 485 1
99 22 1
99 24 1
99 348 1
99 359 1
99 474 1
100 57 1
100 247 1
101 309 1
102 2 1
102 289 1
102 447 1
103 380 1
104 496 1
105 325 1
105 447 1
105 460 1
106 296 1
107 38 1
108 69 1
108 119 1
109 294 1
110 365 1
111 181 1
112 202 1
112 227 1
112 307 1
112 381 1
112 456 1
113 340 1
113 354 1
114 304 1
115 85 1
115 300 1
115 306 1
116 101 1
117 489 1
118 48 1
118 452 1
118 480 1
119 17 1
120 198 1
121 75 1
121 459 1
122 58 1
123 118 1
124 494 1
125 59 1
125 64 1
125 352 1
125 471 1
125 510 1
126 28 1
126 79 1
127 339 1
128 123 1
128 329 1
128 367 1
129 65 1
130 250 1
131 316 1
131 353 1
131 483 1
132 242 1
133 55 1
134 273 1
134 453 1
135 285 1
136 44 1
137 475 1
138 97 1
138 170 1
138 410 1
138 433 1
138 506 1
139 127 1
139 445 1
140 368 1
141 8 1
141 416 1
141 495 1
142 159 1
143 422 1
144 81 1
144 208 1
144 362 1
145 449 1
146 295 1
147 225 1
147 456 1
148 492 1
149 4 1
150 107 1
151 185 1
151 214 1
151 221 1
151 302 1
151 370 1
152 256 1
152 438 1
153 10 1
154 42 1
154 82 1
154 455 1
155 326 1
156 12 1
157 378 1
157 444 1
157 463 1
157 510 1
158 382 1
159 512 1
160 24 1
161 205 1
161 275 1
161 393 1
162 218 1
162 231 1
162 483 1
163 353 1
164 468 1
165 434 1
166 196 1
166 375 1
167 374 1
168 337 1
168 434 1
169 109 1
169 146 1
170 180 1
171 373 1
172 353 1
173 13 1
173 264 1
174 447 1
175 343 1
175 467 1
176 179 1
176 215 1
177 301 1
178 104 1
179 436 1
180 310 1
180 453 1
181 125 1
182 200 1
182 243 1
183 63 1
183 377 1
184 208 1
185 477 1
186 167 1
187 358 1
187 502 1
188 211 1
189 111 1
189 212 1
190 18 1
190 234 1
191 317 1
192 21 1
193 338 1
194 291 1
194 503 1
195 269 1
196 138 1
196 164 1
197 54 1
197 325 1
198 391 1
199 331 1
200 288 1
201 346 1
201 365 1
202 148 1
203 308 1
203 438 1
204 354 1
204 403 1
205 365 1
206 46 1
207 383 1
208 271 1
208 432 1
209 121 1
210 25 1
210 216 1
211 251 1
211 266 1
212 374 1
213 334 1
214 344 1
215 9 1
215 28 1
216 349 1
217 46 1
217 450 1
218 241 1
218 369 1
219 449 1
220 379 1
221 360 1
222 341 1
222 497 1
223 442 1
224 168 1
225 1 1
226 315 1
227 259 1
228 298 1
229 341 1
230 248 1
231 335 1
232 399 1
233 287 1
234 149 1
235 56 1
236 157 1
237 118 1
238 321 1
239 161 1
240 206 1
241 476 1
242 166 1
243 126 1
244 45 1
245 335 1
246 351 1
247 403 1
248 442 1
249 6 1
250 401 1
251 147 1
252 508 1
253 470 1
254 135 1
255 267 1
256 486 1
257 439 1
258 240 1
259 154 1
260 56 1
261 418 1
262 351 1
263 357 1
264 487 1
265 69 1
266 41 1
267 44 1
268 347 1
269 498 1
270 491 1
271 16 1
272 345 1
273 291 1
274 489 1
275 342 1
276 435 1
277 371 1
278 242 1
279 351 1
280 153 1
281 187 1
282 465 1
283 220 1
284 311 1
285 511 1
286 190 1
287 448 1
288 58 1
289 298 1
290 130 1
291 306 1
292 224 1
293 174 1
294 297 1
295 169 1
296 397 1
297 54 1
298 86 1
299 302 1
300 491 1
301 232 1
302 389 1
303 330 1
304 445 1
305 84 1
306 312 1
307 136 1
308 474 1
309 342 1
310 373 1
311 480 1
312 366 1
313 72 1
314 316 1
315 371 1
316 395 1
317 379 1
318 51 1
319 219 1
320 348 1
321 364 1
322 385 1
323 213 1
324 342 1
325 62 1
326 311 1
327 215 1
328 112 1
329 50 1
330 366 1
331 439 1
332 412 1
333 40 1
334 347 1
335 3 1
336 349 1
337 6 1
338 194 1
339 454 1
340 445 1
341 22 1
341 87 1
341 110 1
341 376 1
341 410 1
342 113 1
342 124 1
342 355 1
342 372 1
342 414 1
343 509 1
344 134 1
344 144 1
344 151 1
344 264 1
344 459 1
345 67 1
346 232 1
346 359 1
346 361 1
346 371 1
346 490 1
347 481 1
348 96 1
348 335 1
348 424 1
348 469 1
348 496 1
349 290 1
350 142 1
350 201 1
350 210 1
350 272 1
350 336 1
351 18 1
352 150 1
352 296 1
352 381 1
352 389 1
353 280 1
354 342 1
355 309 1
356 383 1
357 444 1
358 155 1
359 397 1
360 323 1
361 282 1
362 70 1
363 7 1
364 71 1
365 406 1
366 32 1
367 330 1
368 450 1
369 360 1
370 12 1
371 390 1
372 347 1
373 132 1
374 226 1
375 450 1
376 229 1
377 137 1
378 384 1
379 504 1
380 469 1
381 493 1
382 147 1
383 8 1
384 157 1
385 307 1
386 197 1
387 426 1
388 35 1
389 501 1
390 458 1
391 498 1
392 393 1
393 239 1
394 20 1
395 501 1
396 337 1
397 505 1
398 320 1
399 451 1
400 31 1
401 482 1
402 295 1
403 463 1
404 279 1
405 386 1
406 80 1
407 343 1
408 375 1
409 339 1
410 265 1
411 349 1
412 277 1
413 508 1
414 462 1
415 497 1
416 363 1
417 475 1
418 500 1
419 420 1
420 66 1
421 323 1
422 457 1
423 383 1
424 79 1
425 5 1
426 488 1
427 92 1
428 165 1
429 240 1
430 37 1
431 74 1
432 396 1
433 473 1
434 319 1
434 428 1
434 477 1
435 209 1
436 2 1
437 26 1
437 293 1
437 494 1
438 315 1
439 93 1
440 186 1
440 301 1
440 388 1
441 288 1
442 78 1
443 249 1
443 350 1
443 430 1
444 448 1
445 467 1
446 30 1
446 112 1
446 163 1
447 52 1
448 233 1
449 201 1
449 456 1
449 492 1
450 408 1
451 454 1
452 49 1
452 446 1
452 472 1
453 390 1
454 121 1
454 394 1
455 283 1
456 328 1
457 38 1
458 299 1
459 339 1
460 175 1
461 363 1
462 324 1
463 388 1
464 95 1
465 336 1
466 391 1
467 340 1
468 507 1
469 103 1
470 287 1
471 282 1
472 290 1
473 452 1
474 203 1
475 102 1
476 430 1
477 151 1
478 33 1
479 141 1
480 14 1
481 432 1
482 250 1
483 509 1
484 319 1
485 171 1
486 30 1
487 385 1
489 493 1
490 122 1
491 394 1
492 176 1
493 274 1
494 280 1
495 479 1
496 125 1
497 83 1
497 482 1
498 266 1
498 303 1
499 47 1
499 418 1
500 304 1
500 372 1
501 68 1
501 105 1
502 100 1
502 451 1
503 338 1
503 345 1
504 177 1
504 347 1
505 441 1
506 292 1
507 352 1
508 305 1
509 139 1
510 367 1
511 321 1
512 313 1
