1 149 1
1 170 1
1 313 1
1 320 1
1 378 1
2 340 1
3 164 1
3 208 1
3 226 1
3 352 1
3 374 1
3 377 1
4 220 1
5 30 1
5 283 1
5 424 1
5 460 1
5 502 1
6 301 1
7 163 1
7 237 1
7 255 1
7 295 1
7 336 1
7 368 1
8 75 1
9 4 1
9 98 1
9 335 1
9 459 1
9 489 1
10 372 1
11 42 1
11 52 1
11 99 1
11 126 1
11 165 1
11 353 1
12 187 1
13 334 1
13 345 1
13 365 1
13 445 1
13 497 1
14 277 1
15 142 1
15 305 1
15 310 1
15 355 1
15 414 1
15 448 1
16 432 1
17 53 1
17 258 1
17 441 1
17 465 1
17 510 1
18 83 1
19 3 1
19 209 1
19 266 1
19 293 1
19 319 1
19 343 1
20 512 1
21 242 1
21 247 1
21 366 1
21 383 1
21 461 1
22 36 1
23 10 1
23 136 1
23 291 1
23 309 1
23 453 1
23 481 1
24 433 1
25 88 1
25 309 1
25 348 1
25 358 1
25 445 1
26 377 1
27 56 1
27 328 1
27 342 1
27 380 1
27 388 1
27 406 1
28 487 1
29 12 1
29 24 1
29 109 1
29 349 1
29 485 1
30 512 1
31 32 1
31 134 1
31 296 1
31 316 1
31 363 1
31 426 1
32 292 1
33 317 1
33 338 1
33 389 1
33 396 1
33 430 1
34 404 1
35 31 1
35 139 1
35 201 1
35 322 1
35 496 1
35 509 1
36 442 1
37 300 1
37 359 1
37 363 1
37 392 1
37 418 1
38 294 1
39 192 1
39 364 1
39 374 1
39 382 1
39 437 1
39 456 1
40 217 1
41 134 1
41 450 1
41 495 1
41 497 1
41 502 1
42 511 1
43 50 1
43 85 1
43 198 1
43 353 1
43 370 1
43 451 1
44 16 1
45 34 1
45 77 1
45 177 1
45 471 1
45 488 1
46 336 1
47 50 1
47 265 1
47 275 1
47 445 1
47 450 1
47 482 1
48 357 1
49 66 1
49 103 1
49 133 1
49 292 1
49 448 1
50 211 1
51 18 1
51 97 1
51 218 1
51 257 1
51 266 1
51 346 1
52 48 1
53 106 1
53 195 1
53 348 1
53 439 1
53 496 1
54 491 1
55 6 1
55 128 1
55 150 1
55 369 1
55 420 1
55 493 1
56 399 1
57 180 1
57 359 1
57 507 1
58 498 1
59 22 1
59 120 1
59 357 1
59 441 1
60 433 1
61 20 1
61 89 1
61 172 1
61 176 1
61 354 1
61 463 1
62 68 1
63 199 1
63 221 1
63 332 1
63 458 1
64 457 1
65 475 1
66 185 1
66 350 1
66 384 1
67 437 1
68 240 1
69 390 1
69 455 1
70 358 1
71 452 1
72 343 1
73 22 1
73 30 1
73 105 1
73 147 1
73 171 1
73 210 1
73 226 1
73 256 1
73 289 1
73 337 1
73 338 1
73 347 1
73 353 1
73 384 1
73 393 1
73 435 1
73 439 1
73 456 1
73 476 1
73 478 1
73 485 1
73 494 1
74 245 1
74 389 1
75 386 1
76 338 1
76 346 1
76 347 1
77 14 1
78 464 1
79 24 1
79 337 1
79 408 1
80 299 1
81 480 1
82 63 1
82 391 1
83 9 1
84 46 1
85 44 1
86 12 1
86 101 1
86 208 1
86 468 1
86 504 1
87 327 1
87 505 1
88 8 1
89 82 1
89 494 1
89 504 1
90 412 1
91 474 1
92 38 1
92 458 1
92 472 1
93 376 1
94 477 1
95 45 1
95 271 1
96 116 1
97 249 1
98 396 1
99 13 1
99 29 1
99 69 1
99 152 1
99 483 1
100 102 1
100 264 1
101 394 1
102 232 1
102 303 1
102 304 1
103 71 1
104 345 1
105 341 1
105 345 1
105 484 1
106 301 1
107 412 1
108 19 1
108 107 1
109 76 1
110 316 1
111 52 1
112 117 1
112 300 1
112 342 1
112 356 1
112 463 1
113 303 1
113 371 1
114 137 1
115 224 1
115 360 1
115 406 1
116 403 1
117 444 1
118 158 1
118 342 1
118 480 1
119 340 1
120 341 1
121 100 1
121 506 1
122 490 1
123 376 1
124 279 1
125 7 1
125 298 1
125 349 1
125 355 1
125 470 1
126 212 1
126 256 1
127 144 1
128 36 1
128 87 1
128 305 1
129 214 1
130 468 1
131 326 1
131 361 1
131 388 1
132 159 1
133 242 1
134 335 1
134 352 1
135 184 1
136 329 1
137 361 1
138 105 1
138 125 1
138 129 1
138 227 1
138 492 1
139 38 1
139 178 1
140 232 1
141 123 1
141 315 1
141 318 1
142 466 1
143 481 1
144 146 1
144 147 1
144 197 1
145 438 1
146 81 1
147 127 1
147 324 1
148 222 1
149 394 1
150 95 1
151 65 1
151 72 1
151 196 1
151 204 1
151 479 1
152 466 1
152 479 1
153 505 1
154 56 1
154 138 1
154 395 1
155 410 1
156 486 1
157 96 1
157 165 1
157 291 1
157 364 1
158 408 1
159 194 1
160 381 1
161 62 1
161 92 1
161 125 1
162 4 1
162 78 1
162 179 1
163 37 1
164 506 1
165 371 1
166 60 1
166 381 1
167 235 1
168 391 1
168 436 1
169 168 1
169 297 1
170 462 1
171 379 1
172 54 1
173 155 1
173 403 1
174 40 1
175 43 1
175 428 1
176 121 1
176 186 1
177 200 1
178 326 1
179 175 1
180 360 1
180 387 1
181 219 1
182 261 1
182 324 1
183 479 1
183 498 1
184 282 1
185 335 1
186 28 1
187 173 1
187 288 1
188 202 1
189 375 1
189 424 1
190 327 1
190 462 1
191 320 1
192 41 1
193 251 1
194 422 1
194 501 1
195 49 1
196 113 1
196 290 1
197 47 1
197 386 1
198 367 1
199 344 1
200 500 1
201 344 1
201 501 1
202 54 1
203 2 1
203 20 1
204 1 1
204 484 1
205 223 1
206 115 1
207 454 1
208 353 1
208 438 1
209 315 1
210 287 1
210 451 1
211 288 1
211 354 1
212 453 1
213 465 1
214 447 1
215 395 1
215 416 1
216 229 1
217 28 1
217 174 1
218 161 1
218 503 1
219 294 1
220 435 1
221 67 1
222 48 1
222 112 1
223 91 1
224 272 1
225 51 1
226 312 1
227 42 1
228 274 1
229 308 1
230 474 1
231 476 1
232 311 1
233 33 1
234 503 1
235 124 1
236 280 1
237 382 1
238 79 1
239 253 1
240 487 1
241 464 1
242 378 1
243 475 1
244 80 1
245 148 1
246 297 1
247 259 1
248 281 1
249 248 1
250 373 1
251 430 1
252 60 1
253 307 1
254 311 1
255 131 1
256 401 1
257 367 1
258 26 1
259 267 1
260 26 1
261 469 1
262 290 1
263 144 1
264 10 1
265 442 1
266 157 1
267 183 1
268 330 1
269 325 1
270 487 1
271 18 1
272 432 1
273 64 1
274 395 1
275 57 1
276 492 1
277 509 1
278 189 1
279 428 1
280 234 1
281 393 1
282 385 1
283 377 1
284 399 1
285 334 1
286 449 1
287 302 1
288 370 1
289 114 1
290 151 1
291 161 1
292 110 1
293 108 1
294 92 1
295 153 1
296 366 1
297 459 1
298 314 1
299 490 1
300 444 1
301 390 1
302 27 1
303 414 1
304 58 1
305 55 1
306 339 1
307 90 1
308 337 1
309 167 1
310 274 1
311 362 1
312 416 1
313 308 1
314 440 1
315 392 1
316 61 1
317 499 1
318 314 1
319 450 1
320 470 1
321 434 1
322 483 1
323 11 1
324 39 1
325 447 1
326 332 1
327 350 1
328 343 1
329 325 1
330 365 1
331 157 1
332 206 1
333 319 1
334 306 1
335 66 1
336 282 1
337 188 1
338 233 1
339 140 1
340 447 1
341 59 1
341 207 1
341 293 1
341 333 1
341 351 1
342 154 1
342 317 1
342 345 1
342 444 1
342 472 1
343 330 1
344 35 1
344 302 1
344 339 1
344 365 1
344 368 1
345 477 1
346 5 1
346 215 1
346 224 1
346 225 1
346 241 1
347 23 1
348 17 1
348 132 1
348 372 1
348 454 1
348 485 1
349 160 1
350 190 1
350 380 1
350 436 1
350 488 1
350 507 1
351 460 1
352 62 1
352 119 1
352 385 1
352 473 1
353 86 1
354 481 1
355 187 1
356 21 1
357 44 1
358 64 1
359 379 1
360 359 1
361 508 1
362 404 1
363 299 1
364 331 1
365 495 1
366 287 1
367 8 1
368 313 1
369 243 1
370 273 1
371 84 1
372 16 1
373 231 1
374 74 1
375 138 1
376 141 1
377 173 1
378 401 1
379 263 1
380 369 1
381 440 1
382 272 1
383 356 1
384 181 1
385 336 1
386 201 1
387 426 1
388 508 1
389 143 1
390 289 1
391 323 1
392 438 1
393 248 1
394 86 1
395 310 1
396 121 1
397 269 1
398 410 1
399 6 1
400 347 1
401 482 1
402 404 1
403 329 1
404 435 1
405 79 1
406 216 1
407 478 1
408 295 1
409 182 1
410 70 1
411 15 1
412 108 1
413 343 1
414 69 1
415 347 1
416 453 1
417 443 1
418 250 1
419 349 1
420 14 1
421 383 1
422 131 1
423 130 1
424 510 1
425 474 1
426 205 1
427 340 1
428 477 1
429 441 1
430 193 1
431 418 1
432 443 1
433 457 1
434 118 1
434 439 1
434 442 1
435 448 1
436 449 1
437 104 1
437 250 1
437 334 1
438 373 1
439 321 1
440 298 1
440 349 1
440 351 1
441 203 1
442 322 1
443 111 1
443 213 1
443 362 1
444 112 1
445 2 1
446 234 1
446 296 1
446 397 1
447 280 1
448 493 1
449 40 1
449 446 1
449 471 1
450 333 1
451 456 1
452 194 1
452 258 1
452 473 1
453 312 1
454 25 1
454 135 1
455 99 1
456 307 1
457 455 1
458 467 1
459 351 1
460 383 1
461 122 1
462 331 1
463 34 1
464 162 1
465 321 1
466 156 1
467 166 1
468 475 1
469 489 1
470 511 1
471 436 1
472 328 1
473 191 1
474 432 1
475 500 1
476 82 1
477 486 1
478 239 1
479 222 1
480 397 1
481 389 1
482 323 1
483 215 1
484 151 1
485 387 1
486 339 1
487 95 1
489 434 1
490 93 1
491 499 1
492 433 1
493 180 1
494 306 1
495 94 1
496 240 1
497 371 1
497 483 1
498 169 1
498 304 1
499 32 1
499 342 1
500 285 1
500 461 1
501 451 1
501 452 1
502 145 1
502 264 1
503 422 1
503 446 1
504 351 1
504 375 1
505 420 1
506 118 1
507 491 1
508 469 1
509 467 1
510 58 1
511 46 1
512 318 1
