1 64 1
1 251 1
1 337 1
1 390 1
1 410 1
2 225 1
3 154 1
3 330 1
3 346 1
3 360 1
3 460 1
3 493 1
4 44 1
5 95 1
5 316 1
5 395 1
5 479 1
5 481 1
6 221 1
7 10 1
7 121 1
7 213 1
7 376 1
7 463 1
7 469 1
8 370 1
9 79 1
9 222 1
9 289 1
9 344 1
9 467 1
10 328 1
11 129 1
11 161 1
11 216 1
11 408 1
11 487 1
11 508 1
12 501 1
13 16 1
13 335 1
13 346 1
13 368 1
13 387 1
14 170 1
15 101 1
15 116 1
15 354 1
15 456 1
15 470 1
15 505 1
16 125 1
17 89 1
17 291 1
17 435 1
17 473 1
17 512 1
18 490 1
19 50 1
19 54 1
19 190 1
19 313 1
19 341 1
19 444 1
20 138 1
21 78 1
21 196 1
21 258 1
21 336 1
21 443 1
22 38 1
23 294 1
23 313 1
23 342 1
23 445 1
23 481 1
23 510 1
24 347 1
25 144 1
25 152 1
25 318 1
25 324 1
25 428 1
26 183 1
27 123 1
27 136 1
27 283 1
27 338 1
27 435 1
27 486 1
28 476 1
29 97 1
29 100 1
29 302 1
29 347 1
29 397 1
30 450 1
31 24 1
31 210 1
31 255 1
31 299 1
31 453 1
31 475 1
32 442 1
33 180 1
33 280 1
33 320 1
33 334 1
33 387 1
34 93 1
35 94 1
35 195 1
35 314 1
35 391 1
35 401 1
35 503 1
36 285 1
37 2 1
37 323 1
37 358 1
37 436 1
37 506 1
38 176 1
39 32 1
39 67 1
39 90 1
39 242 1
39 473 1
39 477 1
40 357 1
41 163 1
41 188 1
41 296 1
41 297 1
41 355 1
42 418 1
43 147 1
43 199 1
43 381 1
43 433 1
43 438 1
43 485 1
44 397 1
45 12 1
45 29 1
45 134 1
45 167 1
45 376 1
46 450 1
47 17 1
47 48 1
47 74 1
47 160 1
47 273 1
47 329 1
48 306 1
49 53 1
49 103 1
49 277 1
49 465 1
49 477 1
50 369 1
51 34 1
51 82 1
51 241 1
51 292 1
51 361 1
51 389 1
52 61 1
53 214 1
53 355 1
53 440 1
53 504 1
53 511 1
54 505 1
55 71 1
55 327 1
55 356 1
55 374 1
55 478 1
55 496 1
56 360 1
57 156 1
57 305 1
57 396 1
58 325 1
59 31 1
59 110 1
59 185 1
59 330 1
60 43 1
61 65 1
61 92 1
61 287 1
61 293 1
61 445 1
61 504 1
62 175 1
63 299 1
63 320 1
63 412 1
63 491 1
64 462 1
65 49 1
66 145 1
66 189 1
66 266 1
67 460 1
68 310 1
69 349 1
69 364 1
70 272 1
71 353 1
72 393 1
73 36 1
73 63 1
73 83 1
73 142 1
73 249 1
73 269 1
73 290 1
73 307 1
73 314 1
73 324 1
73 338 1
73 339 1
73 377 1
73 380 1
73 386 1
73 394 1
73 396 1
73 451 1
73 454 1
73 477 1
73 488 1
73 510 1
74 187 1
74 217 1
75 87 1
76 66 1
76 235 1
76 353 1
77 309 1
78 435 1
79 26 1
79 306 1
79 496 1
80 202 1
81 23 1
82 69 1
82 205 1
83 264 1
84 351 1
85 426 1
86 133 1
86 172 1
86 385 1
86 386 1
86 395 1
87 290 1
87 372 1
88 24 1
89 138 1
89 359 1
89 418 1
90 325 1
91 13 1
92 130 1
92 315 1
92 380 1
93 395 1
94 499 1
95 131 1
95 243 1
96 332 1
97 502 1
98 466 1
99 149 1
99 267 1
99 334 1
99 340 1
99 440 1
100 248 1
100 494 1
101 343 1
102 399 1
102 408 1
102 458 1
103 58 1
104 461 1
105 321 1
105 348 1
105 439 1
106 126 1
107 274 1
108 40 1
108 81 1
109 33 1
110 301 1
111 340 1
112 345 1
112 349 1
112 442 1
112 447 1
112 462 1
113 359 1
113 448 1
114 169 1
115 198 1
115 224 1
115 414 1
116 109 1
117 404 1
118 21 1
118 248 1
118 298 1
119 70 1
120 234 1
121 16 1
121 28 1
122 463 1
123 108 1
124 404 1
125 18 1
125 42 1
125 47 1
125 121 1
125 333 1
126 502 1
126 511 1
127 173 1
128 203 1
128 352 1
128 474 1
129 389 1
130 498 1
131 439 1
131 471 1
131 483 1
132 367 1
133 475 1
134 8 1
134 304 1
135 389 1
136 15 1
137 303 1
138 150 1
138 165 1
138 191 1
138 457 1
138 489 1
139 256 1
139 464 1
140 137 1
141 14 1
141 120 1
141 351 1
142 256 1
143 412 1
144 265 1
144 357 1
144 512 1
145 209 1
146 319 1
147 245 1
147 347 1
148 1 1
149 44 1
150 56 1
151 231 1
151 274 1
151 342 1
151 354 1
151 489 1
152 375 1
152 379 1
153 294 1
154 331 1
154 362 1
154 420 1
155 352 1
156 422 1
157 46 1
157 227 1
157 449 1
157 481 1
158 10 1
159 492 1
160 125 1
161 55 1
161 261 1
161 303 1
162 264 1
162 295 1
162 509 1
163 433 1
164 8 1
165 345 1
166 353 1
166 480 1
167 143 1
168 311 1
168 366 1
169 315 1
169 371 1
170 345 1
171 197 1
172 242 1
173 56 1
173 86 1
174 41 1
175 379 1
175 507 1
176 218 1
176 438 1
177 114 1
178 503 1
179 318 1
180 206 1
180 308 1
181 484 1
182 12 1
182 509 1
183 266 1
183 349 1
184 483 1
185 338 1
186 76 1
187 494 1
187 497 1
188 99 1
189 247 1
189 466 1
190 224 1
190 485 1
191 20 1
192 347 1
193 406 1
194 115 1
194 298 1
195 470 1
196 7 1
196 69 1
197 118 1
197 226 1
198 164 1
199 26 1
200 22 1
201 180 1
201 329 1
202 388 1
203 337 1
203 351 1
204 79 1
204 378 1
205 51 1
206 474 1
207 34 1
208 220 1
208 281 1
209 204 1
210 35 1
210 363 1
211 451 1
211 468 1
212 448 1
213 112 1
214 237 1
215 309 1
215 476 1
216 333 1
217 155 1
217 465 1
218 4 1
218 38 1
219 358 1
220 377 1
221 64 1
222 60 1
222 300 1
223 135 1
224 356 1
225 339 1
226 127 1
227 105 1
228 134 1
229 469 1
230 263 1
231 297 1
232 84 1
233 312 1
234 106 1
235 301 1
236 296 1
237 447 1
238 498 1
239 495 1
240 77 1
241 311 1
242 453 1
243 361 1
244 223 1
245 442 1
246 282 1
247 66 1
248 438 1
249 372 1
250 370 1
251 148 1
252 60 1
253 475 1
254 410 1
255 331 1
256 28 1
257 394 1
258 449 1
259 40 1
260 194 1
261 11 1
262 174 1
263 436 1
264 382 1
265 289 1
266 146 1
267 426 1
268 212 1
269 371 1
270 487 1
271 253 1
272 321 1
273 393 1
274 319 1
275 508 1
276 200 1
277 2 1
278 432 1
279 403 1
280 500 1
281 336 1
282 215 1
283 478 1
284 461 1
285 337 1
286 443 1
287 295 1
288 441 1
289 335 1
290 343 1
291 483 1
292 300 1
293 349 1
294 19 1
295 369 1
296 433 1
297 485 1
298 271 1
299 82 1
300 507 1
301 282 1
302 383 1
303 140 1
304 328 1
305 280 1
306 452 1
307 439 1
308 201 1
309 240 1
310 27 1
311 497 1
312 229 1
313 459 1
314 215 1
315 420 1
316 307 1
317 414 1
318 392 1
319 323 1
320 399 1
321 472 1
322 467 1
323 353 1
324 392 1
325 158 1
326 482 1
327 161 1
328 342 1
329 308 1
330 30 1
331 336 1
332 165 1
333 62 1
334 322 1
335 9 1
336 208 1
337 424 1
338 193 1
339 446 1
340 312 1
341 46 1
341 275 1
341 304 1
341 363 1
341 447 1
342 3 1
342 340 1
342 366 1
342 428 1
342 501 1
343 226 1
344 52 1
344 139 1
344 186 1
344 342 1
344 388 1
345 85 1
346 45 1
346 91 1
346 159 1
346 383 1
346 384 1
347 88 1
348 4 1
348 6 1
348 184 1
348 194 1
348 484 1
349 334 1
350 39 1
350 80 1
350 102 1
350 111 1
350 250 1
351 128 1
352 151 1
352 153 1
352 343 1
352 351 1
353 317 1
354 368 1
355 181 1
356 350 1
357 108 1
358 345 1
359 168 1
360 480 1
361 95 1
362 50 1
363 326 1
364 132 1
365 207 1
366 373 1
367 147 1
368 291 1
369 287 1
370 192 1
371 98 1
372 339 1
373 211 1
374 292 1
375 378 1
376 18 1
377 208 1
378 5 1
379 359 1
380 500 1
381 445 1
382 474 1
383 288 1
384 122 1
385 68 1
386 239 1
387 381 1
388 468 1
389 446 1
390 14 1
391 335 1
392 25 1
393 30 1
394 471 1
395 173 1
396 406 1
397 162 1
398 151 1
399 453 1
400 375 1
401 432 1
402 486 1
403 58 1
404 326 1
405 436 1
406 48 1
407 32 1
408 222 1
409 444 1
410 279 1
411 472 1
412 487 1
413 201 1
414 293 1
415 459 1
416 322 1
417 455 1
418 403 1
419 187 1
420 492 1
421 385 1
422 54 1
423 456 1
424 464 1
425 62 1
426 455 1
427 131 1
428 437 1
429 390 1
430 302 1
431 432 1
432 365 1
433 434 1
434 371 1
434 482 1
434 495 1
435 178 1
436 383 1
437 141 1
437 257 1
437 457 1
438 118 1
439 424 1
440 441 1
440 479 1
440 499 1
441 437 1
442 119 1
443 96 1
443 144 1
443 430 1
444 59 1
445 171 1
446 234 1
446 250 1
446 416 1
447 288 1
448 219 1
449 382 1
449 416 1
449 452 1
450 430 1
451 258 1
452 157 1
452 272 1
452 444 1
453 317 1
454 22 1
454 52 1
455 391 1
456 75 1
457 20 1
458 232 1
459 107 1
460 348 1
461 434 1
462 491 1
463 104 1
464 384 1
465 373 1
466 448 1
467 479 1
468 112 1
469 506 1
470 113 1
471 240 1
472 450 1
473 350 1
474 57 1
475 86 1
476 456 1
477 37 1
478 362 1
479 92 1
480 454 1
481 365 1
482 404 1
483 117 1
484 105 1
485 458 1
486 310 1
487 401 1
489 316 1
490 232 1
491 364 1
492 374 1
493 124 1
494 157 1
495 343 1
496 36 1
497 166 1
497 327 1
498 367 1
498 377 1
499 99 1
499 365 1
500 305 1
500 441 1
501 182 1
501 344 1
502 259 1
502 493 1
503 177 1
503 233 1
504 6 1
504 451 1
505 422 1
506 42 1
507 72 1
508 341 1
509 490 1
510 332 1
511 179 1
512 488 1
