1 54 1
1 107 1
1 392 1
1 404 1
1 454 1
2 458 1
3 31 1
3 76 1
3 92 1
3 97 1
3 483 1
3 498 1
4 315 1
5 38 1
5 233 1
5 288 1
5 441 1
5 504 1
6 501 1
7 62 1
7 71 1
7 131 1
7 181 1
7 208 1
7 349 1
8 305 1
9 225 1
9 239 1
9 289 1
9 298 1
9 324 1
10 326 1
11 22 1
11 62 1
11 242 1
11 338 1
11 458 1
11 500 1
12 82 1
13 440 1
13 444 1
13 455 1
13 459 1
13 464 1
14 114 1
15 6 1
15 26 1
15 242 1
15 334 1
15 393 1
15 406 1
16 203 1
17 36 1
17 93 1
17 127 1
17 300 1
17 377 1
18 350 1
19 27 1
19 138 1
19 351 1
19 367 1
19 399 1
19 494 1
20 301 1
21 150 1
21 250 1
21 282 1
21 389 1
21 441 1
22 487 1
23 28 1
23 38 1
23 197 1
23 263 1
23 329 1
23 390 1
24 331 1
25 103 1
25 224 1
25 343 1
25 346 1
25 353 1
26 505 1
27 200 1
27 274 1
27 318 1
27 366 1
27 433 1
27 507 1
28 335 1
29 61 1
29 328 1
29 335 1
29 406 1
29 490 1
30 341 1
31 26 1
31 342 1
31 389 1
31 441 1
31 442 1
31 471 1
32 116 1
33 1 1
33 81 1
33 86 1
33 99 1
33 215 1
34 476 1
35 37 1
35 180 1
35 182 1
35 282 1
35 331 1
35 337 1
36 304 1
37 102 1
37 178 1
37 223 1
37 266 1
37 327 1
38 426 1
39 195 1
39 259 1
39 377 1
39 438 1
39 472 1
39 490 1
40 475 1
41 55 1
41 296 1
41 447 1
41 491 1
41 504 1
42 359 1
43 29 1
43 50 1
43 249 1
43 345 1
43 382 1
43 435 1
44 229 1
45 18 1
45 339 1
45 373 1
45 379 1
45 396 1
46 302 1
47 4 1
47 18 1
47 59 1
47 123 1
47 129 1
47 155 1
48 478 1
49 92 1
49 303 1
49 325 1
49 394 1
49 436 1
50 28 1
51 5 1
51 32 1
51 131 1
51 190 1
51 342 1
51 378 1
52 48 1
53 82 1
53 151 1
53 293 1
53 353 1
53 506 1
54 370 1
55 2 1
55 14 1
55 163 1
55 205 1
55 301 1
55 422 1
56 470 1
57 112 1
57 176 1
57 386 1
58 436 1
59 96 1
59 177 1
59 408 1
59 465 1
60 338 1
61 305 1
61 309 1
61 347 1
61 376 1
61 435 1
61 487 1
62 40 1
63 104 1
63 154 1
63 234 1
63 354 1
64 316 1
65 77 1
66 39 1
66 448 1
66 457 1
67 496 1
68 388 1
69 204 1
69 467 1
70 85 1
71 383 1
72 374 1
73 42 1
73 60 1
73 88 1
73 118 1
73 139 1
73 145 1
73 210 1
73 227 1
73 287 1
73 295 1
73 307 1
73 311 1
73 351 1
73 353 1
73 358 1
73 379 1
73 389 1
73 420 1
73 426 1
73 444 1
73 460 1
73 512 1
74 273 1
74 506 1
75 308 1
76 275 1
76 371 1
76 452 1
77 380 1
78 34 1
79 6 1
79 151 1
79 461 1
80 375 1
81 462 1
82 279 1
82 395 1
83 215 1
84 333 1
85 112 1
86 91 1
86 292 1
86 323 1
86 326 1
86 485 1
87 119 1
87 420 1
88 499 1
89 267 1
89 344 1
89 477 1
90 35 1
91 100 1
92 78 1
92 280 1
92 341 1
93 485 1
94 385 1
95 315 1
95 428 1
96 422 1
97 328 1
98 451 1
99 187 1
99 220 1
99 271 1
99 391 1
99 488 1
100 349 1
100 495 1
101 365 1
102 109 1
102 345 1
102 512 1
103 135 1
104 325 1
105 226 1
105 362 1
105 457 1
106 463 1
107 459 1
108 179 1
108 320 1
109 117 1
110 368 1
111 10 1
112 8 1
112 70 1
112 214 1
112 266 1
112 412 1
113 25 1
113 251 1
114 372 1
115 30 1
115 134 1
115 381 1
116 12 1
117 358 1
118 258 1
118 347 1
118 476 1
119 247 1
120 308 1
121 414 1
121 444 1
122 234 1
123 110 1
124 216 1
125 137 1
125 334 1
125 397 1
125 416 1
125 471 1
126 19 1
126 152 1
127 340 1
128 401 1
128 453 1
128 479 1
129 149 1
130 432 1
131 241 1
131 318 1
131 348 1
132 483 1
133 478 1
134 217 1
134 461 1
135 198 1
136 147 1
137 508 1
138 126 1
138 147 1
138 292 1
138 424 1
138 481 1
139 4 1
139 304 1
140 218 1
141 13 1
141 329 1
141 412 1
142 80 1
143 345 1
144 40 1
144 156 1
144 508 1
145 12 1
146 482 1
147 237 1
147 452 1
148 350 1
149 352 1
150 387 1
151 101 1
151 283 1
151 289 1
151 321 1
151 475 1
152 138 1
152 167 1
153 351 1
154 165 1
154 180 1
154 464 1
155 443 1
156 437 1
157 188 1
157 189 1
157 434 1
157 454 1
158 451 1
159 466 1
160 42 1
161 317 1
161 380 1
161 468 1
162 84 1
162 143 1
162 310 1
163 41 1
164 507 1
165 95 1
166 33 1
166 449 1
167 486 1
168 23 1
168 489 1
169 153 1
169 272 1
170 509 1
171 2 1
172 222 1
173 57 1
173 175 1
174 211 1
175 94 1
175 395 1
176 240 1
176 492 1
177 248 1
178 382 1
179 66 1
180 63 1
180 65 1
181 165 1
182 319 1
182 480 1
183 162 1
183 351 1
184 54 1
185 140 1
186 297 1
187 113 1
187 416 1
188 173 1
189 52 1
189 448 1
190 410 1
190 465 1
191 144 1
192 408 1
193 392 1
194 64 1
194 206 1
195 378 1
196 3 1
196 111 1
197 11 1
197 306 1
198 207 1
199 502 1
200 450 1
201 144 1
201 404 1
202 353 1
203 10 1
203 414 1
204 401 1
204 403 1
205 313 1
206 373 1
207 124 1
208 387 1
208 495 1
209 9 1
210 159 1
210 404 1
211 201 1
211 240 1
212 118 1
213 22 1
214 36 1
215 333 1
215 346 1
216 340 1
217 296 1
217 310 1
218 136 1
218 359 1
219 68 1
220 446 1
221 505 1
222 366 1
222 440 1
223 106 1
224 58 1
225 432 1
226 376 1
227 50 1
228 483 1
229 488 1
230 361 1
231 339 1
232 375 1
233 307 1
234 222 1
235 503 1
236 484 1
237 20 1
238 314 1
239 291 1
240 381 1
241 469 1
242 489 1
243 473 1
244 46 1
245 187 1
246 232 1
247 95 1
248 245 1
249 499 1
250 481 1
251 364 1
252 314 1
253 469 1
254 481 1
255 264 1
256 146 1
257 433 1
258 394 1
259 277 1
260 319 1
261 17 1
262 256 1
263 290 1
264 502 1
265 410 1
266 501 1
267 320 1
268 208 1
269 86 1
270 226 1
271 383 1
272 347 1
273 21 1
274 449 1
275 243 1
276 472 1
277 466 1
278 482 1
279 288 1
280 302 1
281 403 1
282 90 1
283 79 1
284 287 1
285 359 1
286 281 1
287 158 1
288 496 1
289 460 1
290 66 1
291 15 1
292 486 1
293 393 1
294 264 1
295 363 1
296 349 1
297 487 1
298 209 1
299 121 1
300 395 1
301 272 1
302 316 1
303 148 1
304 194 1
305 367 1
306 291 1
307 160 1
308 108 1
309 468 1
310 134 1
311 297 1
312 285 1
313 309 1
314 474 1
315 56 1
316 356 1
317 299 1
318 436 1
319 355 1
320 344 1
321 336 1
322 348 1
323 336 1
324 340 1
325 280 1
326 368 1
327 334 1
328 142 1
329 231 1
330 450 1
331 327 1
332 462 1
333 510 1
334 390 1
335 224 1
336 79 1
337 445 1
338 399 1
339 342 1
340 493 1
341 115 1
341 343 1
341 372 1
341 456 1
341 497 1
342 45 1
342 250 1
342 337 1
342 450 1
342 479 1
343 332 1
344 75 1
344 105 1
344 108 1
344 352 1
344 377 1
345 258 1
346 121 1
346 132 1
346 256 1
346 336 1
346 477 1
347 212 1
348 34 1
348 51 1
348 265 1
348 317 1
348 453 1
349 105 1
350 299 1
350 303 1
350 374 1
350 439 1
350 511 1
351 169 1
352 49 1
352 89 1
352 269 1
352 337 1
353 371 1
354 193 1
355 202 1
356 313 1
357 201 1
358 122 1
359 312 1
360 235 1
361 128 1
362 349 1
363 455 1
364 330 1
365 338 1
366 219 1
367 60 1
368 8 1
369 295 1
370 125 1
371 503 1
372 213 1
373 485 1
374 347 1
375 161 1
376 339 1
377 261 1
378 56 1
379 475 1
380 439 1
381 360 1
382 72 1
383 87 1
384 362 1
385 322 1
386 477 1
387 453 1
388 386 1
389 69 1
390 447 1
391 174 1
392 354 1
393 20 1
394 345 1
395 53 1
396 463 1
397 498 1
398 52 1
399 365 1
400 430 1
401 369 1
402 194 1
403 170 1
404 357 1
405 369 1
406 43 1
407 391 1
408 133 1
409 435 1
410 30 1
411 474 1
412 183 1
413 492 1
414 432 1
415 168 1
416 456 1
417 445 1
418 509 1
419 384 1
420 470 1
421 48 1
422 448 1
423 24 1
424 447 1
425 355 1
426 323 1
427 430 1
428 361 1
429 161 1
430 383 1
431 363 1
432 467 1
433 192 1
434 24 1
434 58 1
434 342 1
435 418 1
436 484 1
437 130 1
437 186 1
437 322 1
438 473 1
439 343 1
440 293 1
440 300 1
440 360 1
441 433 1
442 311 1
443 44 1
443 47 1
443 185 1
444 298 1
445 172 1
446 44 1
446 424 1
446 438 1
447 456 1
448 306 1
449 69 1
449 330 1
449 494 1
450 434 1
451 64 1
452 199 1
452 257 1
452 274 1
453 510 1
454 67 1
454 294 1
455 141 1
456 479 1
457 157 1
458 385 1
459 365 1
460 312 1
461 99 1
462 343 1
463 164 1
464 120 1
465 321 1
466 445 1
467 16 1
468 439 1
469 491 1
470 500 1
471 370 1
472 442 1
473 480 1
474 221 1
475 232 1
476 418 1
477 388 1
478 74 1
479 290 1
480 437 1
481 255 1
482 332 1
483 184 1
484 442 1
485 396 1
486 32 1
487 451 1
489 511 1
490 446 1
491 397 1
492 356 1
493 324 1
494 166 1
495 7 1
496 335 1
497 364 1
497 443 1
498 125 1
498 196 1
499 98 1
499 438 1
500 371 1
500 428 1
501 173 1
501 248 1
502 16 1
502 294 1
503 171 1
503 384 1
504 493 1
504 497 1
505 474 1
506 46 1
507 14 1
508 191 1
509 253 1
510 357 1
511 83 1
512 157 1
