1 19 1
1 47 1
1 56 1
1 163 1
1 323 1
2 88 1
3 112 1
3 145 1
3 154 1
3 173 1
3 438 1
3 439 1
4 390 1
5 306 1
5 315 1
5 396 1
5 437 1
5 462 1
6 159 1
7 70 1
7 130 1
7 308 1
7 396 1
7 442 1
7 484 1
8 477 1
9 121 1
9 231 1
9 308 1
9 401 1
9 483 1
10 356 1
11 10 1
11 16 1
11 34 1
11 319 1
11 379 1
11 414 1
12 232 1
13 226 1
13 274 1
13 336 1
13 432 1
13 510 1
14 441 1
15 81 1
15 182 1
15 259 1
15 457 1
15 470 1
15 479 1
16 474 1
17 74 1
17 83 1
17 387 1
17 404 1
17 453 1
18 86 1
19 11 1
19 66 1
19 253 1
19 267 1
19 403 1
19 436 1
20 469 1
21 7 1
21 112 1
21 170 1
21 333 1
21 386 1
22 447 1
23 167 1
23 314 1
23 323 1
23 410 1
23 454 1
23 468 1
24 333 1
25 39 1
25 256 1
25 257 1
25 289 1
25 383 1
26 465 1
27 18 1
27 169 1
27 189 1
27 202 1
27 222 1
27 486 1
28 406 1
29 40 1
29 184 1
29 214 1
29 426 1
29 474 1
30 279 1
31 5 1
31 46 1
31 197 1
31 348 1
31 389 1
31 511 1
32 353 1
33 132 1
33 239 1
33 328 1
33 343 1
33 372 1
34 445 1
35 136 1
35 171 1
35 297 1
35 335 1
35 347 1
35 467 1
36 426 1
37 178 1
37 274 1
37 312 1
37 349 1
37 367 1
38 412 1
39 166 1
39 179 1
39 247 1
39 357 1
39 366 1
39 450 1
40 487 1
41 38 1
41 108 1
41 287 1
41 296 1
41 358 1
42 342 1
43 180 1
43 185 1
43 221 1
43 251 1
43 294 1
43 304 1
44 458 1
45 138 1
45 168 1
45 353 1
45 477 1
45 480 1
46 496 1
47 61 1
47 69 1
47 373 1
47 444 1
47 480 1
47 503 1
48 487 1
49 6 1
49 153 1
49 309 1
49 337 1
49 389 1
50 192 1
51 10 1
51 101 1
51 123 1
51 249 1
51 283 1
51 328 1
52 445 1
53 141 1
53 147 1
53 422 1
53 447 1
53 510 1
54 155 1
55 180 1
55 209 1
55 264 1
55 340 1
55 345 1
55 456 1
56 470 1
57 336 1
57 428 1
57 481 1
58 479 1
59 161 1
59 232 1
59 250 1
59 430 1
60 119 1
61 1 1
61 78 1
61 294 1
61 345 1
61 346 1
61 492 1
62 370 1
63 29 1
63 348 1
63 349 1
63 455 1
64 103 1
65 324 1
66 318 1
66 361 1
66 435 1
67 4 1
68 188 1
69 92 1
69 316 1
70 336 1
71 433 1
72 313 1
73 43 1
73 48 1
73 50 1
73 66 1
73 72 1
73 86 1
73 91 1
73 105 1
73 129 1
73 208 1
73 222 1
73 240 1
73 264 1
73 273 1
73 316 1
73 339 1
73 340 1
73 382 1
73 393 1
73 442 1
73 452 1
73 461 1
74 22 1
74 120 1
75 412 1
76 225 1
76 342 1
76 391 1
77 53 1
78 502 1
79 194 1
79 343 1
79 444 1
80 210 1
81 305 1
82 87 1
82 162 1
83 310 1
84 224 1
85 235 1
86 27 1
86 75 1
86 258 1
86 287 1
86 311 1
87 296 1
87 344 1
88 322 1
89 12 1
89 215 1
89 250 1
90 97 1
91 92 1
92 135 1
92 199 1
92 466 1
93 371 1
94 242 1
95 44 1
95 326 1
96 177 1
97 349 1
98 491 1
99 217 1
99 310 1
99 404 1
99 456 1
99 496 1
100 32 1
100 54 1
101 131 1
102 30 1
102 181 1
102 475 1
103 237 1
104 326 1
105 85 1
105 104 1
105 386 1
106 440 1
107 380 1
108 464 1
108 476 1
109 449 1
110 134 1
111 57 1
112 6 1
112 14 1
112 327 1
112 345 1
112 414 1
113 51 1
113 96 1
114 48 1
115 34 1
115 353 1
115 388 1
116 282 1
117 191 1
118 297 1
118 341 1
118 371 1
119 142 1
120 23 1
121 60 1
121 381 1
122 52 1
123 54 1
124 212 1
125 12 1
125 63 1
125 309 1
125 420 1
125 512 1
126 345 1
126 369 1
127 285 1
128 290 1
128 444 1
128 488 1
129 497 1
130 483 1
131 30 1
131 71 1
131 385 1
132 368 1
133 394 1
134 42 1
134 448 1
135 381 1
136 436 1
137 359 1
138 149 1
138 164 1
138 324 1
138 366 1
138 460 1
139 64 1
139 106 1
140 356 1
141 52 1
141 312 1
141 504 1
142 292 1
143 471 1
144 33 1
144 322 1
144 347 1
145 351 1
146 334 1
147 360 1
147 464 1
148 157 1
149 156 1
150 468 1
151 117 1
151 126 1
151 432 1
151 440 1
151 479 1
152 58 1
152 432 1
153 275 1
154 365 1
154 482 1
154 503 1
155 40 1
156 211 1
157 90 1
157 116 1
157 424 1
157 435 1
158 354 1
159 69 1
160 364 1
161 110 1
161 122 1
161 350 1
162 24 1
162 151 1
162 378 1
163 36 1
164 365 1
165 20 1
166 137 1
166 392 1
167 305 1
168 436 1
168 443 1
169 338 1
169 434 1
170 354 1
171 352 1
172 490 1
173 118 1
173 495 1
174 485 1
175 234 1
175 320 1
176 291 1
176 507 1
177 341 1
178 183 1
179 127 1
180 95 1
180 359 1
181 446 1
182 493 1
182 505 1
183 84 1
183 339 1
184 331 1
185 95 1
186 220 1
187 107 1
187 266 1
188 376 1
189 261 1
189 374 1
190 338 1
190 343 1
191 313 1
192 438 1
193 463 1
194 138 1
194 266 1
195 288 1
196 28 1
196 311 1
197 443 1
197 459 1
198 98 1
199 438 1
200 385 1
201 219 1
201 300 1
202 35 1
203 403 1
203 448 1
204 215 1
204 487 1
205 355 1
206 363 1
207 299 1
208 374 1
208 451 1
209 288 1
210 393 1
210 465 1
211 302 1
211 342 1
212 198 1
213 229 1
214 456 1
215 344 1
215 498 1
216 226 1
217 342 1
217 442 1
218 410 1
218 490 1
219 439 1
220 28 1
221 290 1
222 269 1
222 377 1
223 511 1
224 451 1
225 307 1
226 384 1
227 495 1
228 321 1
229 502 1
230 256 1
231 291 1
232 280 1
233 146 1
234 478 1
235 337 1
236 49 1
237 347 1
238 501 1
239 13 1
240 347 1
241 302 1
242 382 1
243 351 1
244 331 1
245 24 1
246 300 1
247 208 1
248 457 1
249 113 1
250 388 1
251 467 1
252 282 1
253 387 1
254 175 1
255 472 1
256 118 1
257 295 1
258 498 1
259 492 1
260 471 1
261 509 1
262 486 1
263 67 1
264 134 1
265 370 1
266 460 1
267 363 1
268 60 1
269 404 1
270 428 1
271 497 1
272 42 1
273 22 1
274 395 1
275 340 1
276 255 1
277 306 1
278 205 1
279 504 1
280 450 1
281 394 1
282 157 1
283 451 1
284 109 1
285 384 1
286 38 1
287 416 1
288 506 1
289 357 1
290 395 1
291 476 1
292 383 1
293 469 1
294 200 1
295 299 1
296 332 1
297 494 1
298 315 1
299 508 1
300 506 1
301 501 1
302 332 1
303 325 1
304 201 1
305 144 1
306 397 1
307 76 1
308 21 1
309 307 1
310 17 1
311 364 1
312 243 1
313 352 1
314 424 1
315 372 1
316 373 1
317 349 1
318 241 1
319 151 1
320 339 1
321 62 1
322 2 1
323 337 1
324 58 1
325 224 1
326 433 1
327 15 1
328 115 1
329 318 1
330 346 1
331 369 1
332 433 1
333 245 1
334 152 1
335 143 1
336 488 1
337 314 1
338 489 1
339 295 1
340 375 1
341 206 1
341 301 1
341 355 1
341 379 1
341 477 1
342 160 1
342 272 1
342 334 1
342 416 1
342 499 1
343 148 1
344 8 1
344 36 1
344 82 1
344 204 1
344 376 1
345 265 1
346 9 1
346 99 1
346 335 1
346 449 1
346 472 1
347 391 1
348 8 1
348 207 1
348 334 1
348 441 1
348 491 1
349 26 1
350 46 1
350 173 1
350 176 1
350 223 1
350 330 1
351 258 1
352 64 1
352 158 1
352 242 1
352 408 1
353 100 1
354 353 1
355 234 1
356 335 1
357 418 1
358 227 1
359 131 1
360 397 1
361 499 1
362 378 1
363 105 1
364 240 1
365 272 1
366 45 1
367 447 1
368 93 1
369 483 1
370 408 1
371 343 1
372 298 1
373 453 1
374 406 1
375 455 1
376 500 1
377 453 1
378 68 1
379 446 1
380 187 1
381 165 1
382 55 1
383 281 1
384 216 1
385 359 1
386 248 1
387 329 1
388 59 1
389 437 1
390 26 1
391 144 1
392 133 1
393 121 1
394 89 1
395 37 1
396 18 1
397 383 1
398 485 1
399 124 1
400 317 1
401 392 1
402 395 1
403 454 1
404 218 1
405 16 1
406 196 1
407 450 1
408 201 1
409 475 1
410 65 1
411 375 1
412 301 1
413 125 1
414 193 1
415 172 1
416 277 1
417 293 1
418 475 1
419 485 1
420 418 1
421 303 1
422 248 1
423 350 1
424 99 1
425 293 1
426 368 1
427 25 1
428 271 1
429 461 1
430 20 1
431 481 1
432 292 1
433 399 1
434 329 1
434 462 1
434 481 1
435 150 1
436 441 1
437 31 1
437 190 1
437 298 1
438 489 1
439 401 1
440 139 1
440 147 1
440 304 1
441 128 1
442 327 1
443 399 1
443 422 1
443 452 1
444 473 1
445 82 1
446 102 1
446 317 1
446 321 1
447 360 1
448 508 1
449 79 1
449 330 1
449 474 1
450 303 1
451 325 1
452 62 1
452 439 1
452 458 1
453 507 1
454 362 1
454 484 1
455 482 1
456 32 1
457 338 1
458 195 1
459 280 1
460 194 1
461 108 1
462 500 1
463 512 1
464 44 1
465 80 1
466 371 1
467 463 1
468 435 1
469 165 1
470 358 1
471 14 1
472 174 1
473 79 1
474 361 1
475 493 1
476 50 1
477 389 1
478 390 1
479 494 1
480 365 1
481 111 1
482 377 1
483 56 1
484 380 1
485 362 1
486 263 1
487 161 1
489 125 1
490 478 1
491 351 1
492 289 1
493 140 1
494 186 1
495 4 1
496 94 1
497 2 1
497 505 1
498 351 1
498 473 1
499 319 1
499 367 1
500 41 1
500 213 1
501 187 1
501 445 1
502 320 1
502 420 1
503 3 1
503 233 1
504 430 1
504 448 1
505 114 1
506 509 1
507 377 1
508 203 1
509 459 1
510 77 1
511 434 1
512 466 1
