1 38 1
1 282 1
1 326 1
1 335 1
1 362 1
2 403 1
3 30 1
3 161 1
3 331 1
3 353 1
3 454 1
3 509 1
4 351 1
5 58 1
5 307 1
5 446 1
5 448 1
5 485 1
6 493 1
7 147 1
7 223 1
7 340 1
7 341 1
7 350 1
7 475 1
8 66 1
9 190 1
9 351 1
9 368 1
9 383 1
9 492 1
10 40 1
11 115 1
11 241 1
11 272 1
11 391 1
11 461 1
11 510 1
12 6 1
13 99 1
13 337 1
13 343 1
13 441 1
13 442 1
14 306 1
15 2 1
15 52 1
15 148 1
15 389 1
15 420 1
15 430 1
16 460 1
17 2 1
17 126 1
17 369 1
17 435 1
17 485 1
18 395 1
19 47 1
19 67 1
19 274 1
19 289 1
19 345 1
19 439 1
20 359 1
21 334 1
21 354 1
21 404 1
21 418 1
21 485 1
22 188 1
23 155 1
23 251 1
23 335 1
23 384 1
23 470 1
23 495 1
24 62 1
25 9 1
25 59 1
25 93 1
25 172 1
25 198 1
26 380 1
27 1 1
27 351 1
27 355 1
27 396 1
27 466 1
27 502 1
28 437 1
29 118 1
29 290 1
29 306 1
29 384 1
29 478 1
30 366 1
31 112 1
31 133 1
31 347 1
31 435 1
31 469 1
31 509 1
32 416 1
33 8 1
33 42 1
33 96 1
33 342 1
33 479 1
34 451 1
35 13 1
35 92 1
35 249 1
35 310 1
35 426 1
35 455 1
36 261 1
37 75 1
37 86 1
37 171 1
37 370 1
37 477 1
38 21 1
39 127 1
39 208 1
39 302 1
39 349 1
39 356 1
39 364 1
40 30 1
41 15 1
41 331 1
41 339 1
41 397 1
41 438 1
42 486 1
43 64 1
43 77 1
43 101 1
43 221 1
43 452 1
43 489 1
44 50 1
45 347 1
45 356 1
45 412 1
45 435 1
45 453 1
46 220 1
47 56 1
47 147 1
47 279 1
47 280 1
47 342 1
47 484 1
48 396 1
49 189 1
49 330 1
49 408 1
49 463 1
49 481 1
50 343 1
51 36 1
51 64 1
51 242 1
51 256 1
51 329 1
51 465 1
52 361 1
53 179 1
53 285 1
53 333 1
53 363 1
53 365 1
54 48 1
55 66 1
55 156 1
55 289 1
55 323 1
55 367 1
55 470 1
56 295 1
57 138 1
57 293 1
57 310 1
58 264 1
59 311 1
59 424 1
59 489 1
59 495 1
60 175 1
61 74 1
61 82 1
61 202 1
61 255 1
61 303 1
61 355 1
62 342 1
63 20 1
63 184 1
63 292 1
63 313 1
64 369 1
65 393 1
66 118 1
66 240 1
66 309 1
67 83 1
68 23 1
69 377 1
69 456 1
70 445 1
71 160 1
72 245 1
73 26 1
73 32 1
73 44 1
73 76 1
73 135 1
73 144 1
73 180 1
73 181 1
73 326 1
73 339 1
73 353 1
73 376 1
73 377 1
73 394 1
73 434 1
73 439 1
73 444 1
73 456 1
73 468 1
73 481 1
73 483 1
73 504 1
74 44 1
74 153 1
75 506 1
76 225 1
76 414 1
76 430 1
77 404 1
78 151 1
79 248 1
79 422 1
79 477 1
80 504 1
81 292 1
82 240 1
82 426 1
83 381 1
84 149 1
85 37 1
86 85 1
86 170 1
86 277 1
86 361 1
86 446 1
87 34 1
87 436 1
88 325 1
89 60 1
89 467 1
89 469 1
90 55 1
91 487 1
92 287 1
92 343 1
92 422 1
93 26 1
94 239 1
95 281 1
95 334 1
96 491 1
97 511 1
98 40 1
99 100 1
99 166 1
99 349 1
99 382 1
99 391 1
100 94 1
100 386 1
101 212 1
102 10 1
102 124 1
102 219 1
103 512 1
104 508 1
105 218 1
105 232 1
105 498 1
106 121 1
107 174 1
108 345 1
108 371 1
109 207 1
110 359 1
111 128 1
112 129 1
112 227 1
112 338 1
112 445 1
112 501 1
113 295 1
113 455 1
114 157 1
115 150 1
115 456 1
115 508 1
116 436 1
117 454 1
118 12 1
118 358 1
118 507 1
119 31 1
120 357 1
121 131 1
121 204 1
122 420 1
123 373 1
124 447 1
125 201 1
125 437 1
125 453 1
125 473 1
125 482 1
126 4 1
126 173 1
127 497 1
128 104 1
128 368 1
128 433 1
129 505 1
130 211 1
131 87 1
131 316 1
131 325 1
132 389 1
133 103 1
134 324 1
134 372 1
135 209 1
136 97 1
137 320 1
138 50 1
138 52 1
138 122 1
138 250 1
138 280 1
139 58 1
139 380 1
140 428 1
141 16 1
141 185 1
141 447 1
142 462 1
143 234 1
144 323 1
144 432 1
144 474 1
145 486 1
146 443 1
147 349 1
147 490 1
148 322 1
149 385 1
150 95 1
151 5 1
151 377 1
151 388 1
151 410 1
151 440 1
152 339 1
152 390 1
153 229 1
154 80 1
154 214 1
154 438 1
155 451 1
156 224 1
157 39 1
157 336 1
157 354 1
157 487 1
158 130 1
159 503 1
160 290 1
161 165 1
161 187 1
161 258 1
162 337 1
162 352 1
162 438 1
163 366 1
164 362 1
165 3 1
166 269 1
166 399 1
167 416 1
168 275 1
168 315 1
169 34 1
169 344 1
170 441 1
171 406 1
172 401 1
173 48 1
173 392 1
174 344 1
175 299 1
175 394 1
176 22 1
176 372 1
177 464 1
178 161 1
179 451 1
180 318 1
180 382 1
181 91 1
182 307 1
182 472 1
183 63 1
183 71 1
184 257 1
185 351 1
186 381 1
187 25 1
187 53 1
188 180 1
189 143 1
189 327 1
190 259 1
190 449 1
191 79 1
192 288 1
193 359 1
194 46 1
194 448 1
195 498 1
196 199 1
196 496 1
197 131 1
197 266 1
198 512 1
199 324 1
200 142 1
201 46 1
201 450 1
202 316 1
203 119 1
203 348 1
204 110 1
204 465 1
205 164 1
206 49 1
207 390 1
208 157 1
208 340 1
209 282 1
210 321 1
210 371 1
211 383 1
211 467 1
212 264 1
213 232 1
214 484 1
215 187 1
215 328 1
216 28 1
217 338 1
217 404 1
218 283 1
218 383 1
219 412 1
220 201 1
221 487 1
222 265 1
222 432 1
223 28 1
224 488 1
225 132 1
226 191 1
227 336 1
228 197 1
229 371 1
230 397 1
231 105 1
232 258 1
233 444 1
234 379 1
235 347 1
236 17 1
237 401 1
238 458 1
239 226 1
240 389 1
241 62 1
242 447 1
243 294 1
244 327 1
245 14 1
246 367 1
247 41 1
248 450 1
249 414 1
250 159 1
251 340 1
252 196 1
253 125 1
254 137 1
255 60 1
256 216 1
257 291 1
258 213 1
259 433 1
260 32 1
261 511 1
262 329 1
263 442 1
264 70 1
265 90 1
266 476 1
267 243 1
268 24 1
269 444 1
270 335 1
271 81 1
272 348 1
273 186 1
274 318 1
275 491 1
276 113 1
277 501 1
278 24 1
279 43 1
280 305 1
281 145 1
282 250 1
283 38 1
284 195 1
285 309 1
286 408 1
287 440 1
288 374 1
289 136 1
290 304 1
291 65 1
292 457 1
293 272 1
294 395 1
295 441 1
296 345 1
297 162 1
298 476 1
299 72 1
300 217 1
301 266 1
302 194 1
303 138 1
304 303 1
305 360 1
306 418 1
307 342 1
308 477 1
309 436 1
310 373 1
311 56 1
312 51 1
313 183 1
314 333 1
315 474 1
316 505 1
317 69 1
318 468 1
319 144 1
320 462 1
321 68 1
322 177 1
323 16 1
324 317 1
325 242 1
326 332 1
327 29 1
328 347 1
329 312 1
330 507 1
331 226 1
332 222 1
333 273 1
334 330 1
335 481 1
336 112 1
337 120 1
338 336 1
339 247 1
340 461 1
341 79 1
341 235 1
341 346 1
341 386 1
341 500 1
342 89 1
342 146 1
342 224 1
342 267 1
342 288 1
343 35 1
344 107 1
344 237 1
344 248 1
344 392 1
344 493 1
345 448 1
346 7 1
346 54 1
346 105 1
346 479 1
346 483 1
347 215 1
348 293 1
348 328 1
348 353 1
348 363 1
348 494 1
349 474 1
350 117 1
350 296 1
350 334 1
350 460 1
350 482 1
351 141 1
352 116 1
352 297 1
352 314 1
352 341 1
353 502 1
354 165 1
355 287 1
356 338 1
357 337 1
358 300 1
359 433 1
360 395 1
361 294 1
362 311 1
363 57 1
364 111 1
365 472 1
366 350 1
367 263 1
368 374 1
369 182 1
370 301 1
371 86 1
372 102 1
373 108 1
374 192 1
375 376 1
376 500 1
377 317 1
378 466 1
379 45 1
380 458 1
381 121 1
382 314 1
383 403 1
384 178 1
385 125 1
386 352 1
387 313 1
388 291 1
389 6 1
390 375 1
391 332 1
392 296 1
393 152 1
394 95 1
395 388 1
396 54 1
397 463 1
398 11 1
399 84 1
400 78 1
401 496 1
402 428 1
403 475 1
404 234 1
405 308 1
406 123 1
407 10 1
408 206 1
409 321 1
410 298 1
411 315 1
412 510 1
413 385 1
414 18 1
415 442 1
416 61 1
417 478 1
418 370 1
419 387 1
420 439 1
421 173 1
422 365 1
423 176 1
424 406 1
425 471 1
426 445 1
427 301 1
428 424 1
429 319 1
430 233 1
431 98 1
432 378 1
433 193 1
434 304 1
434 387 1
434 453 1
435 18 1
436 378 1
437 114 1
437 253 1
437 298 1
438 497 1
439 300 1
440 92 1
440 99 1
440 319 1
441 4 1
442 88 1
443 140 1
443 210 1
443 346 1
444 36 1
445 82 1
446 14 1
446 151 1
446 308 1
447 299 1
448 134 1
449 20 1
449 364 1
449 459 1
450 215 1
451 399 1
452 167 1
452 271 1
452 492 1
453 379 1
454 169 1
454 200 1
455 163 1
456 8 1
457 320 1
458 349 1
459 106 1
460 459 1
461 494 1
462 108 1
463 69 1
464 473 1
465 312 1
466 256 1
467 134 1
468 360 1
469 345 1
470 471 1
471 479 1
472 457 1
473 450 1
474 168 1
475 358 1
476 410 1
477 22 1
478 322 1
479 194 1
480 139 1
481 305 1
482 432 1
483 475 1
484 19 1
485 488 1
486 503 1
487 208 1
489 12 1
490 434 1
491 343 1
492 274 1
493 449 1
494 203 1
495 365 1
496 33 1
497 154 1
497 222 1
498 443 1
498 506 1
499 27 1
499 353 1
500 480 1
500 490 1
501 205 1
501 483 1
502 464 1
502 499 1
503 42 1
503 302 1
504 357 1
504 499 1
505 452 1
506 109 1
507 158 1
508 480 1
509 393 1
510 297 1
511 231 1
512 375 1
