1 138 1
1 292 1
1 373 1
1 487 1
1 508 1
2 370 1
3 58 1
3 76 1
3 154 1
3 289 1
3 301 1
3 475 1
4 144 1
5 250 1
5 314 1
5 356 1
5 361 1
5 391 1
6 466 1
7 12 1
7 44 1
7 151 1
7 204 1
7 342 1
7 496 1
8 430 1
9 89 1
9 97 1
9 177 1
9 343 1
9 467 1
10 74 1
11 30 1
11 33 1
11 42 1
11 395 1
11 438 1
11 497 1
12 492 1
13 117 1
13 158 1
13 349 1
13 372 1
13 420 1
14 264 1
15 38 1
15 416 1
15 443 1
15 454 1
15 480 1
15 492 1
16 393 1
17 121 1
17 389 1
17 433 1
17 455 1
17 472 1
18 80 1
19 106 1
19 137 1
19 242 1
19 326 1
19 444 1
19 495 1
20 28 1
21 47 1
21 95 1
21 109 1
21 253 1
21 280 1
22 385 1
23 9 1
23 10 1
23 181 1
23 210 1
23 305 1
23 469 1
24 342 1
25 24 1
25 183 1
25 248 1
25 261 1
25 377 1
26 364 1
27 16 1
27 198 1
27 344 1
27 345 1
27 352 1
27 481 1
28 226 1
29 19 1
29 338 1
29 354 1
29 434 1
29 500 1
30 470 1
31 144 1
31 193 1
31 294 1
31 435 1
31 442 1
31 476 1
32 258 1
33 67 1
33 314 1
33 374 1
33 426 1
33 474 1
34 172 1
35 57 1
35 159 1
35 199 1
35 235 1
35 305 1
35 447 1
36 392 1
37 54 1
37 112 1
37 340 1
37 456 1
37 469 1
38 379 1
39 16 1
39 94 1
39 201 1
39 359 1
39 471 1
39 483 1
40 290 1
41 348 1
41 384 1
41 462 1
41 494 1
41 509 1
42 365 1
43 222 1
43 247 1
43 266 1
43 287 1
43 331 1
43 336 1
44 171 1
45 22 1
45 157 1
45 388 1
45 397 1
45 481 1
46 312 1
47 2 1
47 64 1
47 147 1
47 153 1
47 318 1
47 353 1
48 49 1
49 40 1
49 342 1
49 357 1
49 378 1
49 403 1
50 512 1
51 216 1
51 309 1
51 322 1
51 358 1
51 449 1
51 463 1
52 145 1
53 28 1
53 36 1
53 107 1
53 140 1
53 351 1
54 380 1
55 75 1
55 146 1
55 299 1
55 321 1
55 444 1
55 468 1
56 474 1
57 327 1
57 343 1
57 383 1
58 424 1
59 62 1
59 391 1
59 453 1
59 458 1
60 245 1
61 64 1
61 136 1
61 232 1
61 249 1
61 349 1
61 359 1
62 484 1
63 165 1
63 313 1
63 406 1
63 414 1
64 169 1
65 6 1
66 99 1
66 186 1
66 297 1
67 187 1
68 292 1
69 239 1
69 346 1
70 501 1
71 150 1
72 388 1
73 21 1
73 37 1
73 90 1
73 163 1
73 205 1
73 208 1
73 221 1
73 237 1
73 273 1
73 304 1
73 335 1
73 338 1
73 358 1
73 365 1
73 430 1
73 438 1
73 459 1
73 482 1
73 488 1
73 493 1
73 505 1
73 506 1
74 345 1
74 472 1
75 111 1
76 336 1
76 379 1
76 503 1
77 345 1
78 112 1
79 7 1
79 372 1
79 503 1
80 133 1
81 275 1
82 110 1
82 271 1
83 213 1
84 378 1
85 135 1
86 5 1
86 34 1
86 208 1
86 320 1
86 343 1
87 350 1
87 370 1
88 54 1
89 124 1
89 234 1
89 485 1
90 368 1
91 329 1
92 274 1
92 339 1
92 354 1
93 113 1
94 387 1
95 147 1
95 179 1
96 450 1
97 23 1
98 301 1
99 209 1
99 381 1
99 418 1
99 442 1
99 477 1
100 315 1
100 385 1
101 351 1
102 168 1
102 410 1
102 510 1
103 45 1
104 445 1
105 196 1
105 296 1
105 426 1
106 190 1
107 277 1
108 215 1
108 309 1
109 317 1
110 461 1
111 375 1
112 71 1
112 88 1
112 347 1
112 394 1
112 462 1
113 297 1
113 335 1
114 6 1
115 35 1
115 92 1
115 206 1
116 412 1
117 285 1
118 224 1
118 420 1
118 512 1
119 166 1
120 465 1
121 15 1
121 50 1
122 184 1
123 127 1
124 466 1
125 99 1
125 219 1
125 440 1
125 455 1
125 508 1
126 17 1
126 340 1
127 289 1
128 375 1
128 404 1
128 490 1
129 351 1
130 293 1
131 335 1
131 349 1
131 447 1
132 162 1
133 36 1
134 131 1
134 156 1
135 432 1
136 404 1
137 83 1
138 8 1
138 315 1
138 340 1
138 456 1
138 473 1
139 167 1
139 357 1
140 473 1
141 299 1
141 396 1
141 412 1
142 339 1
143 341 1
144 303 1
144 317 1
144 344 1
145 453 1
146 353 1
147 66 1
147 187 1
148 501 1
149 218 1
150 79 1
151 180 1
151 202 1
151 366 1
151 390 1
151 457 1
152 443 1
152 448 1
153 152 1
154 125 1
154 306 1
154 424 1
155 448 1
156 170 1
157 224 1
157 282 1
157 382 1
157 451 1
158 436 1
159 316 1
160 52 1
161 82 1
161 87 1
161 511 1
162 46 1
162 70 1
162 442 1
163 72 1
164 229 1
165 258 1
166 197 1
166 352 1
167 390 1
168 203 1
168 440 1
169 445 1
169 465 1
170 467 1
171 396 1
172 223 1
173 151 1
173 368 1
174 500 1
175 298 1
175 381 1
176 182 1
176 311 1
177 283 1
178 332 1
179 303 1
180 63 1
180 173 1
181 56 1
182 422 1
182 458 1
183 55 1
183 300 1
184 279 1
185 328 1
186 330 1
187 189 1
187 222 1
188 226 1
189 194 1
189 483 1
190 214 1
190 432 1
191 366 1
192 95 1
193 91 1
194 34 1
194 308 1
195 453 1
196 69 1
196 333 1
197 61 1
197 460 1
198 479 1
199 104 1
200 51 1
201 323 1
201 463 1
202 129 1
203 18 1
203 323 1
204 310 1
204 355 1
205 377 1
206 337 1
207 32 1
208 326 1
208 347 1
209 125 1
210 452 1
210 496 1
211 459 1
211 498 1
212 470 1
213 82 1
214 502 1
215 479 1
215 485 1
216 435 1
217 225 1
217 499 1
218 439 1
218 474 1
219 13 1
220 2 1
221 428 1
222 248 1
222 324 1
223 486 1
224 439 1
225 241 1
226 484 1
227 14 1
228 452 1
229 436 1
230 349 1
231 329 1
232 502 1
233 373 1
234 26 1
235 327 1
236 59 1
237 257 1
238 494 1
239 383 1
240 371 1
241 160 1
242 98 1
243 138 1
244 418 1
245 475 1
246 334 1
247 256 1
248 408 1
249 101 1
250 336 1
251 69 1
252 256 1
253 20 1
254 211 1
255 175 1
256 360 1
257 488 1
258 507 1
259 509 1
260 266 1
261 433 1
262 288 1
263 404 1
264 58 1
265 78 1
266 377 1
267 307 1
268 477 1
269 394 1
270 291 1
271 30 1
272 243 1
273 478 1
274 308 1
275 342 1
276 274 1
277 56 1
278 304 1
279 504 1
280 290 1
281 240 1
282 295 1
283 318 1
284 272 1
285 143 1
286 217 1
287 319 1
288 386 1
289 331 1
290 362 1
291 414 1
292 334 1
293 410 1
294 464 1
295 215 1
296 347 1
297 93 1
298 240 1
299 353 1
300 81 1
301 498 1
302 165 1
303 207 1
304 476 1
305 333 1
306 435 1
307 319 1
308 280 1
309 200 1
310 291 1
311 497 1
312 306 1
313 84 1
314 478 1
315 376 1
316 343 1
317 31 1
318 350 1
319 60 1
320 437 1
321 42 1
322 432 1
323 348 1
324 161 1
325 149 1
326 178 1
327 148 1
328 12 1
329 399 1
330 392 1
331 242 1
332 507 1
333 367 1
334 68 1
335 445 1
336 408 1
337 311 1
338 395 1
339 480 1
340 339 1
341 46 1
341 118 1
341 185 1
341 282 1
341 302 1
342 48 1
342 347 1
342 428 1
342 441 1
342 448 1
343 220 1
344 4 1
344 105 1
344 122 1
344 361 1
344 380 1
345 351 1
346 100 1
346 120 1
346 251 1
346 264 1
346 487 1
347 53 1
348 18 1
348 22 1
348 201 1
348 364 1
348 491 1
349 475 1
350 1 1
350 161 1
350 233 1
350 401 1
350 464 1
351 403 1
352 119 1
352 312 1
352 434 1
352 489 1
353 141 1
354 20 1
355 86 1
356 194 1
357 48 1
358 406 1
359 324 1
360 441 1
361 490 1
362 436 1
363 14 1
364 483 1
365 43 1
366 40 1
367 330 1
368 259 1
369 433 1
370 479 1
371 281 1
372 188 1
373 399 1
374 389 1
375 444 1
376 265 1
377 457 1
378 313 1
379 471 1
380 481 1
381 395 1
382 485 1
383 108 1
384 499 1
385 346 1
386 321 1
387 338 1
388 29 1
389 134 1
390 10 1
391 24 1
392 353 1
393 446 1
394 495 1
395 506 1
396 44 1
397 77 1
398 337 1
399 505 1
400 446 1
401 482 1
402 486 1
403 345 1
404 376 1
405 369 1
406 387 1
407 454 1
408 461 1
409 269 1
410 130 1
411 439 1
412 374 1
413 460 1
414 192 1
415 493 1
416 62 1
417 320 1
418 103 1
419 337 1
420 341 1
421 105 1
422 176 1
423 227 1
424 3 1
425 132 1
426 11 1
427 504 1
428 302 1
429 131 1
430 371 1
431 355 1
432 115 1
433 79 1
434 294 1
434 360 1
434 451 1
435 334 1
436 322 1
437 26 1
437 38 1
437 86 1
438 174 1
439 362 1
440 102 1
440 389 1
440 477 1
441 191 1
442 293 1
443 121 1
443 287 1
443 383 1
444 155 1
445 263 1
446 272 1
446 325 1
446 487 1
447 134 1
448 41 1
449 65 1
449 118 1
449 447 1
450 363 1
451 491 1
452 50 1
452 231 1
452 386 1
453 450 1
454 180 1
454 332 1
455 393 1
456 422 1
457 307 1
458 367 1
459 32 1
460 96 1
461 450 1
462 232 1
463 39 1
464 85 1
465 8 1
466 114 1
467 92 1
468 451 1
469 437 1
470 267 1
471 300 1
472 126 1
473 438 1
474 384 1
475 234 1
476 397 1
477 128 1
478 139 1
479 108 1
480 142 1
481 489 1
482 52 1
483 164 1
484 416 1
485 157 1
486 255 1
487 441 1
489 27 1
490 359 1
491 325 1
492 328 1
493 123 1
494 371 1
495 356 1
496 510 1
497 288 1
497 369 1
498 116 1
498 173 1
499 195 1
499 449 1
500 298 1
500 511 1
501 60 1
501 365 1
502 295 1
502 316 1
503 4 1
503 456 1
504 296 1
504 310 1
505 212 1
506 66 1
507 401 1
508 25 1
509 363 1
510 382 1
511 250 1
512 468 1
