1 147 1
1 198 1
1 209 1
1 456 1
1 486 1
2 482 1
3 204 1
3 325 1
3 351 1
3 467 1
3 481 1
3 489 1
4 484 1
5 75 1
5 82 1
5 317 1
5 420 1
5 441 1
6 457 1
7 53 1
7 267 1
7 329 1
7 337 1
7 424 1
7 433 1
8 288 1
9 201 1
9 256 1
9 448 1
9 455 1
9 496 1
10 310 1
11 156 1
11 331 1
11 343 1
11 393 1
11 397 1
11 464 1
12 324 1
13 145 1
13 261 1
13 314 1
13 424 1
13 446 1
14 36 1
15 39 1
15 69 1
15 293 1
15 458 1
15 483 1
15 511 1
16 2 1
17 115 1
17 351 1
17 396 1
17 491 1
17 501 1
18 480 1
19 28 1
19 234 1
19 329 1
19 338 1
19 412 1
19 444 1
20 496 1
21 125 1
21 160 1
21 280 1
21 328 1
21 396 1
22 437 1
23 10 1
23 32 1
23 155 1
23 346 1
23 446 1
23 448 1
24 365 1
25 173 1
25 247 1
25 249 1
25 316 1
25 479 1
26 386 1
27 5 1
27 232 1
27 347 1
27 416 1
27 456 1
27 476 1
28 506 1
29 30 1
29 65 1
29 131 1
29 326 1
29 508 1
30 162 1
31 42 1
31 292 1
31 333 1
31 337 1
31 347 1
31 435 1
32 393 1
33 118 1
33 213 1
33 241 1
33 344 1
33 435 1
34 72 1
35 126 1
35 210 1
35 212 1
35 300 1
35 450 1
35 503 1
36 229 1
37 78 1
37 112 1
37 248 1
37 348 1
37 470 1
38 159 1
39 142 1
39 171 1
39 190 1
39 225 1
39 401 1
39 406 1
40 59 1
41 30 1
41 263 1
41 299 1
41 345 1
41 436 1
42 470 1
43 283 1
43 316 1
43 379 1
43 435 1
43 445 1
43 450 1
44 473 1
45 4 1
45 118 1
45 274 1
45 308 1
45 368 1
46 165 1
47 70 1
47 95 1
47 306 1
47 457 1
47 477 1
47 506 1
48 481 1
49 26 1
49 41 1
49 291 1
49 483 1
49 510 1
50 121 1
51 60 1
51 168 1
51 173 1
51 248 1
51 253 1
51 335 1
52 512 1
53 25 1
53 224 1
53 385 1
53 453 1
53 455 1
54 109 1
55 166 1
55 197 1
55 214 1
55 433 1
55 493 1
55 499 1
56 235 1
57 46 1
57 381 1
57 488 1
58 24 1
59 57 1
59 318 1
59 355 1
59 471 1
60 448 1
61 32 1
61 180 1
61 317 1
61 341 1
61 390 1
61 449 1
62 342 1
63 12 1
63 233 1
63 359 1
63 361 1
64 372 1
65 349 1
66 216 1
66 376 1
66 437 1
67 461 1
68 58 1
69 124 1
69 221 1
70 363 1
71 222 1
72 416 1
73 18 1
73 86 1
73 107 1
73 144 1
73 157 1
73 191 1
73 269 1
73 297 1
73 319 1
73 340 1
73 360 1
73 366 1
73 370 1
73 373 1
73 383 1
73 408 1
73 412 1
73 420 1
73 430 1
73 463 1
73 468 1
73 498 1
74 287 1
74 447 1
75 164 1
76 46 1
76 327 1
76 475 1
77 303 1
78 55 1
79 322 1
79 389 1
79 449 1
80 289 1
81 477 1
82 27 1
82 99 1
83 388 1
84 326 1
85 95 1
86 250 1
86 279 1
86 342 1
86 346 1
86 479 1
87 304 1
87 497 1
88 13 1
89 132 1
89 376 1
89 501 1
90 422 1
91 309 1
92 79 1
92 116 1
92 456 1
93 328 1
94 350 1
95 97 1
95 332 1
96 297 1
97 303 1
98 499 1
99 89 1
99 339 1
99 358 1
99 434 1
99 498 1
100 242 1
100 245 1
101 325 1
102 460 1
102 466 1
102 476 1
103 282 1
104 410 1
105 91 1
105 151 1
105 352 1
106 255 1
107 466 1
108 43 1
108 345 1
109 359 1
110 239 1
111 322 1
112 61 1
112 169 1
112 443 1
112 462 1
112 492 1
113 345 1
113 487 1
114 459 1
115 34 1
115 366 1
115 389 1
116 378 1
117 334 1
118 281 1
118 414 1
118 475 1
119 67 1
120 222 1
121 189 1
121 330 1
122 100 1
123 105 1
124 15 1
125 35 1
125 77 1
125 330 1
125 440 1
125 465 1
126 301 1
126 509 1
127 290 1
128 163 1
128 321 1
128 461 1
129 342 1
130 18 1
131 68 1
131 110 1
131 167 1
132 318 1
133 52 1
134 9 1
134 104 1
135 152 1
136 343 1
137 472 1
138 64 1
138 114 1
138 265 1
138 370 1
138 373 1
139 121 1
139 219 1
140 336 1
141 40 1
141 356 1
141 459 1
142 395 1
143 108 1
144 141 1
144 258 1
144 374 1
145 323 1
146 143 1
147 146 1
147 358 1
148 63 1
149 374 1
150 460 1
151 215 1
151 242 1
151 359 1
151 439 1
151 505 1
152 218 1
152 392 1
153 387 1
154 232 1
154 450 1
154 464 1
155 451 1
156 357 1
157 87 1
157 90 1
157 275 1
157 494 1
158 451 1
159 384 1
160 93 1
161 64 1
161 482 1
161 505 1
162 6 1
162 117 1
162 295 1
163 391 1
164 361 1
165 509 1
166 182 1
166 288 1
167 324 1
168 14 1
168 83 1
169 170 1
169 345 1
170 144 1
171 491 1
172 403 1
173 6 1
173 319 1
174 343 1
175 47 1
175 462 1
176 258 1
176 474 1
177 503 1
178 351 1
179 194 1
180 76 1
180 181 1
181 138 1
182 38 1
182 315 1
183 369 1
183 438 1
184 177 1
185 454 1
186 443 1
187 211 1
187 484 1
188 473 1
189 50 1
189 442 1
190 224 1
190 422 1
191 333 1
192 344 1
193 274 1
194 196 1
194 305 1
195 342 1
196 74 1
196 362 1
197 439 1
197 489 1
198 451 1
199 223 1
200 463 1
201 187 1
201 289 1
202 340 1
203 227 1
203 472 1
204 66 1
204 237 1
205 178 1
206 356 1
207 240 1
208 347 1
208 394 1
209 418 1
210 355 1
210 377 1
211 380 1
211 504 1
212 184 1
213 445 1
214 194 1
215 208 1
215 502 1
216 300 1
217 321 1
217 354 1
218 208 1
218 465 1
219 129 1
220 334 1
221 404 1
222 137 1
222 452 1
223 323 1
224 375 1
225 106 1
226 131 1
227 285 1
228 20 1
229 292 1
230 195 1
231 357 1
232 341 1
233 50 1
234 187 1
235 354 1
236 92 1
237 486 1
238 302 1
239 85 1
240 433 1
241 231 1
242 122 1
243 308 1
244 334 1
245 380 1
246 336 1
247 367 1
248 201 1
249 335 1
250 186 1
251 200 1
252 337 1
253 271 1
254 296 1
255 176 1
256 69 1
257 175 1
258 36 1
259 291 1
260 490 1
261 301 1
262 240 1
263 507 1
264 447 1
265 353 1
266 438 1
267 14 1
268 372 1
269 502 1
270 48 1
271 44 1
272 399 1
273 294 1
274 504 1
275 343 1
276 500 1
277 147 1
278 379 1
279 149 1
280 365 1
281 336 1
282 138 1
283 410 1
284 133 1
285 309 1
286 4 1
287 134 1
288 474 1
289 394 1
290 480 1
291 40 1
292 360 1
293 108 1
294 312 1
295 172 1
296 428 1
297 10 1
298 383 1
299 45 1
300 125 1
301 86 1
302 158 1
303 312 1
304 161 1
305 52 1
306 338 1
307 257 1
308 340 1
309 96 1
310 206 1
311 203 1
312 469 1
313 353 1
314 387 1
315 272 1
316 381 1
317 42 1
318 487 1
319 494 1
320 298 1
321 490 1
322 353 1
323 389 1
324 434 1
325 349 1
326 445 1
327 385 1
328 94 1
329 452 1
330 135 1
331 296 1
332 438 1
333 384 1
334 314 1
335 349 1
336 16 1
337 478 1
338 397 1
339 307 1
340 243 1
341 17 1
341 54 1
341 148 1
341 154 1
341 442 1
342 60 1
342 136 1
342 220 1
342 497 1
342 511 1
343 477 1
344 22 1
344 54 1
344 295 1
344 362 1
344 377 1
345 28 1
346 56 1
346 202 1
346 347 1
346 350 1
346 426 1
347 11 1
348 2 1
348 313 1
348 349 1
348 458 1
348 475 1
349 367 1
350 311 1
350 371 1
350 444 1
350 467 1
350 492 1
351 205 1
352 22 1
352 98 1
352 123 1
352 183 1
353 348 1
354 436 1
355 217 1
356 439 1
357 332 1
358 215 1
359 84 1
360 180 1
361 430 1
362 508 1
363 426 1
364 488 1
365 21 1
366 485 1
367 33 1
368 199 1
369 352 1
370 432 1
371 388 1
372 256 1
373 378 1
374 287 1
375 298 1
376 442 1
377 441 1
378 92 1
379 101 1
380 392 1
381 383 1
382 58 1
383 395 1
384 259 1
385 7 1
386 311 1
387 395 1
388 174 1
389 38 1
390 112 1
391 371 1
392 485 1
393 29 1
394 80 1
395 34 1
396 483 1
397 306 1
398 432 1
399 113 1
400 234 1
401 103 1
402 153 1
403 99 1
404 440 1
405 293 1
406 8 1
407 363 1
408 139 1
409 478 1
410 512 1
411 12 1
412 364 1
413 339 1
414 26 1
415 369 1
416 468 1
417 453 1
418 193 1
419 264 1
420 444 1
421 24 1
422 294 1
423 495 1
424 157 1
425 127 1
426 428 1
427 8 1
428 331 1
429 299 1
430 273 1
431 406 1
432 510 1
433 207 1
434 140 1
434 382 1
434 403 1
435 401 1
436 49 1
437 51 1
437 320 1
437 351 1
438 447 1
439 81 1
440 226 1
440 272 1
440 307 1
441 120 1
442 302 1
443 226 1
443 418 1
443 481 1
444 250 1
445 469 1
446 88 1
446 277 1
446 304 1
447 266 1
448 371 1
449 382 1
449 391 1
449 507 1
450 188 1
451 23 1
452 19 1
452 71 1
452 192 1
453 377 1
454 338 1
454 500 1
455 134 1
456 408 1
457 315 1
458 128 1
459 368 1
460 264 1
461 119 1
462 37 1
463 44 1
464 31 1
465 20 1
466 493 1
467 471 1
468 161 1
469 290 1
470 56 1
471 3 1
472 432 1
473 479 1
474 1 1
475 375 1
476 82 1
477 179 1
478 327 1
479 150 1
480 130 1
481 441 1
482 16 1
483 280 1
484 305 1
485 251 1
486 474 1
487 399 1
489 266 1
490 310 1
491 48 1
492 390 1
493 102 1
494 436 1
495 313 1
496 151 1
497 62 1
497 353 1
498 165 1
498 364 1
499 66 1
499 185 1
500 79 1
500 365 1
501 320 1
501 404 1
502 111 1
502 485 1
503 335 1
503 404 1
504 282 1
504 454 1
505 105 1
506 414 1
507 339 1
508 487 1
509 495 1
510 386 1
511 62 1
512 453 1
