1 143 1
1 422 1
1 452 1
1 486 1
1 499 1
2 289 1
3 22 1
3 56 1
3 294 1
3 323 1
3 387 1
3 508 1
4 428 1
5 235 1
5 240 1
5 327 1
5 369 1
5 451 1
6 79 1
7 135 1
7 296 1
7 316 1
7 334 1
7 352 1
7 364 1
8 477 1
9 16 1
9 93 1
9 116 1
9 368 1
9 497 1
10 12 1
11 70 1
11 131 1
11 213 1
11 216 1
11 225 1
11 391 1
12 212 1
13 215 1
13 264 1
13 290 1
13 359 1
13 410 1
14 366 1
15 115 1
15 279 1
15 329 1
15 377 1
15 447 1
15 501 1
16 168 1
17 64 1
17 94 1
17 150 1
17 313 1
17 359 1
18 442 1
19 65 1
19 110 1
19 147 1
19 256 1
19 372 1
19 491 1
20 53 1
21 46 1
21 219 1
21 328 1
21 348 1
21 509 1
22 145 1
23 24 1
23 157 1
23 266 1
23 352 1
23 460 1
23 469 1
24 45 1
25 46 1
25 321 1
25 379 1
25 433 1
25 439 1
26 464 1
27 88 1
27 201 1
27 274 1
27 291 1
27 360 1
27 414 1
28 338 1
29 155 1
29 182 1
29 298 1
29 349 1
29 474 1
30 242 1
31 44 1
31 234 1
31 347 1
31 401 1
31 449 1
31 480 1
32 1 1
33 71 1
33 111 1
33 317 1
33 470 1
33 483 1
34 128 1
35 22 1
35 167 1
35 309 1
35 311 1
35 323 1
35 439 1
36 259 1
37 28 1
37 32 1
37 359 1
37 379 1
37 410 1
38 300 1
39 68 1
39 161 1
39 282 1
39 330 1
39 338 1
39 512 1
40 208 1
41 261 1
41 335 1
41 358 1
41 443 1
41 463 1
42 436 1
43 7 1
43 113 1
43 331 1
43 332 1
43 374 1
43 473 1
44 342 1
45 23 1
45 28 1
45 105 1
45 455 1
45 502 1
46 350 1
47 39 1
47 112 1
47 326 1
47 392 1
47 454 1
47 495 1
48 315 1
49 30 1
49 95 1
49 285 1
49 340 1
49 347 1
50 340 1
51 37 1
51 127 1
51 207 1
51 337 1
51 378 1
51 506 1
52 503 1
53 38 1
53 194 1
53 210 1
53 272 1
53 351 1
54 308 1
55 24 1
55 137 1
55 265 1
55 288 1
55 430 1
55 432 1
56 69 1
57 121 1
57 138 1
57 468 1
58 345 1
59 109 1
59 194 1
59 382 1
59 472 1
60 336 1
61 29 1
61 50 1
61 64 1
61 310 1
61 353 1
61 479 1
62 186 1
63 76 1
63 99 1
63 371 1
63 493 1
64 441 1
65 298 1
66 269 1
66 305 1
66 343 1
67 319 1
68 134 1
69 406 1
69 456 1
70 27 1
71 36 1
72 337 1
73 20 1
73 75 1
73 90 1
73 107 1
73 144 1
73 158 1
73 204 1
73 211 1
73 314 1
73 335 1
73 394 1
73 395 1
73 406 1
73 436 1
73 438 1
73 441 1
73 442 1
73 462 1
73 477 1
73 481 1
73 492 1
73 509 1
74 178 1
74 339 1
75 169 1
76 122 1
76 245 1
76 428 1
77 180 1
78 492 1
79 180 1
79 354 1
79 418 1
80 272 1
81 292 1
82 371 1
82 466 1
83 300 1
84 416 1
85 58 1
86 334 1
86 339 1
86 392 1
86 446 1
86 503 1
87 184 1
87 469 1
88 172 1
89 192 1
89 290 1
89 487 1
90 118 1
91 450 1
92 187 1
92 399 1
92 487 1
93 54 1
94 381 1
95 376 1
95 489 1
96 275 1
97 66 1
98 345 1
99 12 1
99 156 1
99 295 1
99 355 1
99 501 1
100 153 1
100 498 1
101 6 1
102 97 1
102 117 1
102 436 1
103 81 1
104 187 1
105 16 1
105 266 1
105 432 1
106 126 1
107 258 1
108 67 1
108 306 1
109 487 1
110 475 1
111 281 1
112 13 1
112 315 1
112 361 1
112 505 1
112 507 1
113 4 1
113 396 1
114 72 1
115 91 1
115 175 1
115 444 1
116 456 1
117 306 1
118 69 1
118 320 1
118 463 1
119 494 1
120 397 1
121 389 1
121 510 1
122 389 1
123 148 1
124 208 1
125 42 1
125 82 1
125 297 1
125 388 1
125 433 1
126 200 1
126 500 1
127 404 1
128 165 1
128 422 1
128 443 1
129 179 1
130 102 1
131 108 1
131 129 1
131 472 1
132 289 1
133 475 1
134 17 1
134 344 1
135 123 1
136 328 1
137 334 1
138 120 1
138 188 1
138 451 1
138 465 1
138 500 1
139 242 1
139 329 1
140 375 1
141 303 1
141 312 1
141 358 1
142 483 1
143 18 1
144 89 1
144 203 1
144 448 1
145 35 1
146 418 1
147 255 1
147 310 1
148 26 1
149 324 1
150 481 1
151 38 1
151 190 1
151 250 1
151 293 1
151 383 1
152 222 1
152 295 1
153 350 1
154 141 1
154 227 1
154 384 1
155 287 1
156 224 1
157 296 1
157 320 1
157 377 1
157 485 1
158 103 1
159 256 1
160 439 1
161 47 1
161 100 1
161 371 1
162 2 1
162 96 1
162 452 1
163 380 1
164 322 1
165 366 1
166 258 1
166 485 1
167 136 1
168 9 1
168 173 1
169 101 1
169 394 1
170 506 1
171 8 1
172 2 1
173 376 1
173 414 1
174 44 1
175 301 1
175 347 1
176 151 1
176 467 1
177 488 1
178 157 1
179 442 1
180 6 1
180 476 1
181 209 1
182 311 1
182 333 1
183 222 1
183 333 1
184 79 1
185 181 1
186 199 1
187 226 1
187 233 1
188 378 1
189 383 1
189 404 1
190 95 1
190 477 1
191 10 1
192 124 1
193 86 1
194 14 1
194 30 1
195 349 1
196 33 1
196 147 1
197 62 1
197 349 1
198 62 1
199 99 1
200 345 1
201 144 1
201 364 1
202 280 1
203 201 1
203 355 1
204 112 1
204 121 1
205 370 1
206 8 1
207 357 1
208 412 1
208 471 1
209 343 1
210 303 1
210 385 1
211 40 1
211 304 1
212 82 1
213 189 1
214 51 1
215 138 1
215 387 1
216 232 1
217 302 1
217 362 1
218 202 1
218 302 1
219 440 1
220 353 1
221 373 1
222 18 1
222 354 1
223 374 1
224 119 1
225 283 1
226 316 1
227 491 1
228 356 1
229 171 1
230 496 1
231 226 1
232 504 1
233 357 1
234 52 1
235 367 1
236 462 1
237 481 1
238 80 1
239 74 1
240 274 1
241 232 1
242 248 1
243 483 1
244 470 1
245 476 1
246 191 1
247 327 1
248 445 1
249 445 1
250 486 1
251 440 1
252 125 1
253 468 1
254 330 1
255 386 1
256 318 1
257 307 1
258 511 1
259 325 1
260 397 1
261 490 1
262 218 1
263 474 1
264 257 1
265 457 1
266 473 1
267 362 1
268 420 1
269 318 1
270 435 1
271 152 1
272 444 1
273 183 1
274 299 1
275 317 1
276 40 1
277 56 1
278 50 1
279 151 1
280 36 1
281 339 1
282 133 1
283 11 1
284 435 1
285 162 1
286 351 1
287 384 1
288 478 1
289 322 1
290 388 1
291 271 1
292 464 1
293 505 1
294 495 1
295 161 1
296 448 1
297 390 1
298 484 1
299 341 1
300 264 1
301 502 1
302 475 1
303 380 1
304 92 1
305 149 1
306 426 1
307 437 1
308 205 1
309 85 1
310 346 1
311 504 1
312 292 1
313 134 1
314 26 1
315 174 1
316 231 1
317 461 1
318 499 1
319 331 1
320 301 1
321 170 1
322 361 1
323 337 1
324 49 1
325 435 1
326 447 1
327 338 1
328 479 1
329 444 1
330 399 1
331 346 1
332 312 1
333 453 1
334 474 1
335 273 1
336 130 1
337 114 1
338 5 1
339 54 1
340 511 1
341 108 1
341 336 1
341 372 1
341 447 1
341 493 1
342 43 1
342 248 1
342 326 1
342 360 1
342 383 1
343 482 1
344 196 1
344 313 1
344 368 1
344 369 1
344 393 1
345 389 1
346 34 1
346 197 1
346 241 1
346 319 1
346 489 1
347 370 1
348 176 1
348 321 1
348 395 1
348 408 1
348 461 1
349 456 1
350 20 1
350 66 1
350 220 1
350 335 1
350 390 1
351 478 1
352 14 1
352 60 1
352 293 1
352 345 1
353 84 1
354 424 1
355 457 1
356 459 1
357 396 1
358 453 1
359 98 1
360 437 1
361 508 1
362 445 1
363 401 1
364 459 1
365 31 1
366 324 1
367 55 1
368 304 1
369 92 1
370 308 1
371 309 1
372 21 1
373 420 1
374 448 1
375 382 1
376 434 1
377 365 1
378 416 1
379 159 1
380 48 1
381 412 1
382 32 1
383 263 1
384 375 1
385 485 1
386 430 1
387 277 1
388 454 1
389 57 1
390 132 1
391 106 1
392 193 1
393 386 1
394 224 1
395 52 1
396 10 1
397 78 1
398 393 1
399 342 1
400 381 1
401 365 1
402 467 1
403 83 1
404 105 1
405 340 1
406 118 1
407 453 1
408 450 1
409 343 1
410 297 1
411 480 1
412 251 1
413 336 1
414 60 1
415 239 1
416 438 1
417 351 1
418 446 1
419 404 1
420 347 1
421 139 1
422 363 1
423 250 1
424 163 1
425 206 1
426 391 1
427 146 1
428 63 1
429 482 1
430 367 1
431 305 1
432 247 1
433 466 1
434 131 1
434 173 1
434 507 1
435 356 1
436 455 1
437 77 1
437 198 1
437 342 1
438 195 1
439 465 1
440 58 1
440 344 1
440 432 1
441 61 1
442 498 1
443 34 1
443 185 1
443 314 1
444 15 1
445 342 1
446 438 1
446 451 1
446 490 1
447 299 1
448 307 1
449 243 1
449 267 1
449 497 1
450 341 1
451 215 1
452 291 1
452 408 1
452 458 1
453 441 1
454 48 1
454 426 1
455 249 1
456 294 1
457 19 1
458 4 1
459 240 1
460 353 1
461 253 1
462 288 1
463 142 1
464 25 1
465 471 1
466 125 1
467 140 1
468 351 1
469 214 1
470 479 1
471 494 1
472 434 1
473 287 1
474 403 1
475 282 1
476 280 1
477 488 1
478 349 1
479 377 1
480 332 1
481 164 1
482 496 1
483 449 1
484 450 1
485 424 1
486 87 1
487 59 1
489 177 1
490 41 1
491 325 1
492 165 1
493 160 1
494 512 1
495 3 1
496 343 1
497 237 1
497 484 1
498 221 1
498 365 1
499 86 1
499 403 1
500 234 1
500 385 1
501 353 1
501 363 1
502 223 1
502 348 1
503 395 1
503 433 1
504 104 1
504 217 1
505 42 1
506 229 1
507 510 1
508 154 1
509 458 1
510 373 1
511 166 1
512 460 1
