1 3 1
1 33 1
1 257 1
1 349 1
1 477 1
2 139 1
3 79 1
3 267 1
3 390 1
3 399 1
3 458 1
3 460 1
4 503 1
5 179 1
5 337 1
5 422 1
5 468 1
5 507 1
6 484 1
7 91 1
7 313 1
7 315 1
7 361 1
7 447 1
7 479 1
8 474 1
9 6 1
9 145 1
9 343 1
9 374 1
9 473 1
10 343 1
11 125 1
11 160 1
11 164 1
11 180 1
11 240 1
11 325 1
12 250 1
13 154 1
13 234 1
13 338 1
13 436 1
13 449 1
14 107 1
15 8 1
15 86 1
15 94 1
15 294 1
15 322 1
15 397 1
16 13 1
17 115 1
17 249 1
17 310 1
17 388 1
17 424 1
18 143 1
19 75 1
19 349 1
19 356 1
19 440 1
19 469 1
19 487 1
20 181 1
21 243 1
21 264 1
21 353 1
21 384 1
21 395 1
22 298 1
23 44 1
23 280 1
23 305 1
23 424 1
23 467 1
23 482 1
24 430 1
25 2 1
25 69 1
25 105 1
25 240 1
25 450 1
26 312 1
27 151 1
27 208 1
27 359 1
27 371 1
27 404 1
27 433 1
28 358 1
29 71 1
29 303 1
29 439 1
29 469 1
29 471 1
30 445 1
31 43 1
31 158 1
31 167 1
31 199 1
31 500 1
31 510 1
32 131 1
33 11 1
33 307 1
33 322 1
33 390 1
33 408 1
34 446 1
35 9 1
35 229 1
35 329 1
35 335 1
35 412 1
35 454 1
36 129 1
37 374 1
37 389 1
37 392 1
37 452 1
37 480 1
38 410 1
39 82 1
39 119 1
39 142 1
39 297 1
39 369 1
39 459 1
40 453 1
41 116 1
41 117 1
41 335 1
41 389 1
41 500 1
42 436 1
43 220 1
43 259 1
43 348 1
43 380 1
43 436 1
43 450 1
44 501 1
45 282 1
45 345 1
45 350 1
45 365 1
45 381 1
46 439 1
47 56 1
47 96 1
47 311 1
47 331 1
47 485 1
47 506 1
48 495 1
49 127 1
49 151 1
49 354 1
49 393 1
49 509 1
50 365 1
51 133 1
51 144 1
51 317 1
51 357 1
51 406 1
51 416 1
52 344 1
53 359 1
53 360 1
53 363 1
53 483 1
53 489 1
54 451 1
55 285 1
55 321 1
55 325 1
55 378 1
55 414 1
55 428 1
56 357 1
57 207 1
57 223 1
57 368 1
58 365 1
59 36 1
59 375 1
59 442 1
59 504 1
60 156 1
61 134 1
61 247 1
61 296 1
61 437 1
61 474 1
61 493 1
62 118 1
63 92 1
63 152 1
63 309 1
63 314 1
64 318 1
65 468 1
66 289 1
66 448 1
66 451 1
67 432 1
68 343 1
69 26 1
69 198 1
70 63 1
71 395 1
72 426 1
73 15 1
73 38 1
73 41 1
73 92 1
73 140 1
73 150 1
73 185 1
73 194 1
73 200 1
73 211 1
73 212 1
73 255 1
73 299 1
73 315 1
73 353 1
73 354 1
73 438 1
73 462 1
73 475 1
73 477 1
73 496 1
73 511 1
74 62 1
74 178 1
75 316 1
76 155 1
76 290 1
76 335 1
77 124 1
78 497 1
79 55 1
79 309 1
79 385 1
80 19 1
81 478 1
82 23 1
82 339 1
83 54 1
84 489 1
85 459 1
86 5 1
86 226 1
86 261 1
86 263 1
86 282 1
87 132 1
87 187 1
88 173 1
89 242 1
89 327 1
89 367 1
90 172 1
91 120 1
92 208 1
92 215 1
92 404 1
93 203 1
94 224 1
95 272 1
95 476 1
96 177 1
97 37 1
98 193 1
99 258 1
99 341 1
99 376 1
99 399 1
99 508 1
100 66 1
100 87 1
101 445 1
102 29 1
102 339 1
102 507 1
103 138 1
104 511 1
105 304 1
105 368 1
105 401 1
106 462 1
107 39 1
108 316 1
108 456 1
109 221 1
110 471 1
111 394 1
112 24 1
112 196 1
112 323 1
112 463 1
112 488 1
113 256 1
113 342 1
114 435 1
115 12 1
115 70 1
115 113 1
116 370 1
117 338 1
118 344 1
118 364 1
118 466 1
119 274 1
120 358 1
121 78 1
121 328 1
122 165 1
123 72 1
124 441 1
125 157 1
125 226 1
125 320 1
125 355 1
125 434 1
126 68 1
126 362 1
127 406 1
128 303 1
128 445 1
128 479 1
129 273 1
130 313 1
131 108 1
131 345 1
131 383 1
132 481 1
133 314 1
134 122 1
134 494 1
135 251 1
136 320 1
137 349 1
138 291 1
138 345 1
138 392 1
138 408 1
138 452 1
139 118 1
139 350 1
140 441 1
141 271 1
141 470 1
141 472 1
142 217 1
143 476 1
144 28 1
144 138 1
144 504 1
145 441 1
146 89 1
147 190 1
147 353 1
148 337 1
149 331 1
150 173 1
151 61 1
151 66 1
151 444 1
151 450 1
151 473 1
152 215 1
152 426 1
153 34 1
154 79 1
154 99 1
154 432 1
155 341 1
156 333 1
157 291 1
157 336 1
157 352 1
157 484 1
158 32 1
159 201 1
160 64 1
161 146 1
161 209 1
161 272 1
162 30 1
162 53 1
162 194 1
163 57 1
164 501 1
165 184 1
166 253 1
166 382 1
167 324 1
168 346 1
168 414 1
169 362 1
169 455 1
170 481 1
171 394 1
172 327 1
173 74 1
173 219 1
174 434 1
175 302 1
175 502 1
176 12 1
176 269 1
177 492 1
178 7 1
179 161 1
180 131 1
180 466 1
181 499 1
182 130 1
182 300 1
183 168 1
183 319 1
184 435 1
185 280 1
186 4 1
187 348 1
187 443 1
188 301 1
189 67 1
189 339 1
190 161 1
190 306 1
191 4 1
192 444 1
193 191 1
194 234 1
194 294 1
195 210 1
196 382 1
196 416 1
197 16 1
197 311 1
198 410 1
199 442 1
200 418 1
201 388 1
201 395 1
202 355 1
203 235 1
203 451 1
204 353 1
204 378 1
205 62 1
206 28 1
207 169 1
208 308 1
208 377 1
209 206 1
210 333 1
210 391 1
211 457 1
211 491 1
212 461 1
213 439 1
214 8 1
215 48 1
215 346 1
216 10 1
217 148 1
217 508 1
218 195 1
218 338 1
219 478 1
220 499 1
221 106 1
222 258 1
222 363 1
223 340 1
224 222 1
225 170 1
226 482 1
227 137 1
228 46 1
229 366 1
230 65 1
231 300 1
232 379 1
233 105 1
234 40 1
235 351 1
236 292 1
237 494 1
238 393 1
239 497 1
240 60 1
241 98 1
242 376 1
243 447 1
244 375 1
245 418 1
246 58 1
247 279 1
248 27 1
249 83 1
250 176 1
251 383 1
252 332 1
253 304 1
254 97 1
255 265 1
256 330 1
257 99 1
258 321 1
259 361 1
260 446 1
261 337 1
262 163 1
263 422 1
264 319 1
265 26 1
266 256 1
267 404 1
268 186 1
269 126 1
270 121 1
271 347 1
272 381 1
273 25 1
274 85 1
275 505 1
276 14 1
277 214 1
278 202 1
279 510 1
280 347 1
281 109 1
282 370 1
283 112 1
284 144 1
285 373 1
286 225 1
287 310 1
288 114 1
289 332 1
290 90 1
291 387 1
292 95 1
293 216 1
294 379 1
295 440 1
296 40 1
297 334 1
298 14 1
299 45 1
300 204 1
301 487 1
302 326 1
303 480 1
304 383 1
305 502 1
306 189 1
307 463 1
308 301 1
309 147 1
310 475 1
311 277 1
312 248 1
313 48 1
314 448 1
315 201 1
316 242 1
317 307 1
318 490 1
319 21 1
320 336 1
321 32 1
322 396 1
323 283 1
324 464 1
325 108 1
326 477 1
327 237 1
328 49 1
329 134 1
330 266 1
331 342 1
332 380 1
333 490 1
334 52 1
335 306 1
336 125 1
337 86 1
338 351 1
339 485 1
340 22 1
341 18 1
341 80 1
341 82 1
341 100 1
341 323 1
342 47 1
342 136 1
342 275 1
342 373 1
342 396 1
343 420 1
344 110 1
344 334 1
344 359 1
344 403 1
344 496 1
345 180 1
346 88 1
346 183 1
346 239 1
346 433 1
346 488 1
347 248 1
348 31 1
348 77 1
348 232 1
348 287 1
348 403 1
349 24 1
350 6 1
350 245 1
350 281 1
350 299 1
350 340 1
351 456 1
352 42 1
352 112 1
352 231 1
352 364 1
353 318 1
354 288 1
355 493 1
356 197 1
357 372 1
358 360 1
359 162 1
360 182 1
361 387 1
362 377 1
363 166 1
364 324 1
365 328 1
366 433 1
367 287 1
368 297 1
369 485 1
370 503 1
371 334 1
372 312 1
373 351 1
374 35 1
375 38 1
376 76 1
377 453 1
378 205 1
379 296 1
380 289 1
381 295 1
382 187 1
383 135 1
384 81 1
385 453 1
386 506 1
387 391 1
388 435 1
389 84 1
390 1 1
391 448 1
392 250 1
393 386 1
394 444 1
395 188 1
396 111 1
397 356 1
398 438 1
399 51 1
400 317 1
401 461 1
402 232 1
403 50 1
404 487 1
405 128 1
406 42 1
407 470 1
408 386 1
409 60 1
410 512 1
411 241 1
412 369 1
413 175 1
414 366 1
415 20 1
416 218 1
417 430 1
418 264 1
419 266 1
420 371 1
421 298 1
422 474 1
423 372 1
424 165 1
425 472 1
426 123 1
427 457 1
428 2 1
429 467 1
430 288 1
431 224 1
432 347 1
433 329 1
434 336 1
434 371 1
434 443 1
435 17 1
436 274 1
437 293 1
437 377 1
437 442 1
438 93 1
439 491 1
440 192 1
440 455 1
440 456 1
441 58 1
442 349 1
443 103 1
443 174 1
443 432 1
444 171 1
445 147 1
446 153 1
446 342 1
446 352 1
447 483 1
448 95 1
449 16 1
449 464 1
449 481 1
450 149 1
451 454 1
452 34 1
452 141 1
452 428 1
453 343 1
454 54 1
454 437 1
455 295 1
456 486 1
457 157 1
458 384 1
459 326 1
460 498 1
461 447 1
462 159 1
463 290 1
464 36 1
465 330 1
466 397 1
467 351 1
468 367 1
469 495 1
470 302 1
471 222 1
472 69 1
473 465 1
474 10 1
475 465 1
476 292 1
477 46 1
478 59 1
479 345 1
480 50 1
481 492 1
482 347 1
483 401 1
484 22 1
485 102 1
486 460 1
487 233 1
489 389 1
490 64 1
491 213 1
492 449 1
493 412 1
494 475 1
495 483 1
496 52 1
497 509 1
497 512 1
498 305 1
498 486 1
499 20 1
499 308 1
500 385 1
500 479 1
501 30 1
501 420 1
502 104 1
502 498 1
503 44 1
503 101 1
504 121 1
504 293 1
505 342 1
506 438 1
507 227 1
508 458 1
509 340 1
510 18 1
511 505 1
512 56 1
