1 9 1
1 344 1
1 356 1
1 433 1
1 455 1
2 367 1
3 131 1
3 226 1
3 295 1
3 340 1
3 383 1
3 408 1
4 256 1
5 196 1
5 265 1
5 294 1
5 351 1
5 428 1
6 45 1
7 291 1
7 339 1
7 351 1
7 388 1
7 501 1
7 504 1
8 105 1
9 190 1
9 364 1
9 376 1
9 435 1
9 447 1
10 232 1
11 17 1
11 186 1
11 293 1
11 308 1
11 356 1
11 480 1
12 349 1
13 77 1
13 142 1
13 335 1
13 366 1
13 495 1
14 212 1
15 133 1
15 249 1
15 361 1
15 441 1
15 448 1
15 511 1
16 56 1
17 209 1
17 307 1
17 312 1
17 344 1
17 471 1
18 478 1
19 36 1
19 206 1
19 345 1
19 394 1
19 420 1
19 489 1
20 79 1
21 157 1
21 169 1
21 226 1
21 385 1
21 468 1
22 103 1
23 152 1
23 239 1
23 281 1
23 301 1
23 353 1
23 373 1
24 241 1
25 44 1
25 305 1
25 354 1
25 474 1
25 481 1
26 394 1
27 214 1
27 289 1
27 327 1
27 341 1
27 369 1
27 389 1
28 271 1
29 38 1
29 224 1
29 296 1
29 473 1
29 486 1
30 331 1
31 22 1
31 79 1
31 166 1
31 248 1
31 352 1
31 445 1
32 20 1
33 8 1
33 259 1
33 338 1
33 381 1
33 447 1
34 154 1
35 139 1
35 301 1
35 348 1
35 351 1
35 377 1
35 439 1
36 386 1
37 63 1
37 69 1
37 374 1
37 403 1
37 458 1
38 76 1
39 96 1
39 250 1
39 345 1
39 391 1
39 454 1
39 456 1
40 373 1
41 83 1
41 168 1
41 198 1
41 365 1
41 477 1
42 272 1
43 67 1
43 120 1
43 178 1
43 299 1
43 305 1
43 497 1
44 480 1
45 204 1
45 393 1
45 408 1
45 416 1
45 467 1
46 336 1
47 36 1
47 124 1
47 149 1
47 162 1
47 437 1
47 465 1
48 343 1
49 46 1
49 144 1
49 232 1
49 377 1
49 440 1
50 510 1
51 28 1
51 123 1
51 127 1
51 144 1
51 340 1
51 430 1
52 422 1
53 4 1
53 105 1
53 136 1
53 332 1
53 376 1
54 151 1
55 30 1
55 99 1
55 287 1
55 416 1
55 439 1
55 485 1
56 195 1
57 114 1
57 119 1
57 315 1
58 285 1
59 66 1
59 173 1
59 325 1
59 336 1
60 70 1
61 65 1
61 172 1
61 179 1
61 368 1
61 418 1
61 475 1
62 288 1
63 4 1
63 116 1
63 229 1
63 432 1
64 208 1
65 306 1
66 318 1
66 450 1
66 511 1
67 300 1
68 475 1
69 474 1
69 488 1
70 46 1
71 322 1
72 41 1
73 14 1
73 56 1
73 81 1
73 100 1
73 131 1
73 177 1
73 183 1
73 215 1
73 237 1
73 275 1
73 336 1
73 337 1
73 346 1
73 361 1
73 391 1
73 395 1
73 435 1
73 438 1
73 443 1
73 464 1
73 484 1
73 492 1
74 1 1
74 345 1
75 337 1
76 29 1
76 289 1
76 360 1
77 165 1
78 242 1
79 382 1
79 451 1
79 456 1
80 479 1
81 347 1
82 326 1
82 502 1
83 175 1
84 304 1
85 153 1
86 290 1
86 333 1
86 399 1
86 459 1
86 491 1
87 366 1
87 479 1
88 500 1
89 223 1
89 343 1
89 465 1
90 261 1
91 375 1
92 31 1
92 156 1
92 333 1
93 321 1
94 93 1
95 329 1
95 437 1
96 108 1
97 210 1
98 441 1
99 16 1
99 167 1
99 180 1
99 205 1
99 424 1
100 187 1
100 422 1
101 396 1
102 383 1
102 457 1
102 489 1
103 354 1
104 263 1
105 362 1
105 412 1
105 483 1
106 40 1
107 500 1
108 442 1
108 484 1
109 78 1
110 163 1
111 147 1
112 64 1
112 161 1
112 283 1
112 414 1
112 451 1
113 82 1
113 499 1
114 389 1
115 104 1
115 108 1
115 243 1
116 487 1
117 161 1
118 345 1
118 424 1
118 498 1
119 188 1
120 328 1
121 23 1
121 450 1
122 397 1
123 505 1
124 128 1
125 5 1
125 26 1
125 274 1
125 404 1
125 483 1
126 48 1
126 191 1
127 84 1
128 302 1
128 380 1
128 457 1
129 297 1
130 14 1
131 27 1
131 125 1
131 332 1
132 157 1
133 453 1
134 255 1
134 347 1
135 343 1
136 35 1
137 440 1
138 58 1
138 107 1
138 222 1
138 348 1
138 508 1
139 250 1
139 403 1
140 444 1
141 292 1
141 380 1
141 384 1
142 491 1
143 298 1
144 282 1
144 318 1
144 487 1
145 469 1
146 509 1
147 462 1
147 510 1
148 342 1
149 20 1
150 62 1
151 217 1
151 331 1
151 342 1
151 392 1
151 473 1
152 69 1
152 235 1
153 439 1
154 10 1
154 337 1
154 436 1
155 346 1
156 227 1
157 365 1
157 395 1
157 451 1
157 470 1
158 433 1
159 309 1
160 466 1
161 258 1
161 343 1
161 477 1
162 155 1
162 313 1
162 469 1
163 432 1
164 143 1
165 68 1
166 355 1
166 467 1
167 294 1
168 317 1
168 320 1
169 160 1
169 490 1
170 390 1
171 72 1
172 462 1
173 319 1
173 342 1
174 446 1
175 200 1
175 379 1
176 359 1
176 426 1
177 264 1
178 137 1
179 512 1
180 146 1
180 340 1
181 218 1
182 290 1
182 486 1
183 12 1
183 476 1
184 201 1
185 319 1
186 266 1
187 445 1
187 496 1
188 57 1
189 52 1
189 444 1
190 50 1
190 406 1
191 488 1
192 302 1
193 40 1
194 30 1
194 350 1
195 384 1
196 367 1
196 493 1
197 86 1
197 502 1
198 26 1
199 224 1
200 353 1
201 85 1
201 314 1
202 64 1
203 349 1
203 446 1
204 6 1
204 291 1
205 330 1
206 61 1
207 219 1
208 428 1
208 432 1
209 287 1
210 435 1
210 512 1
211 113 1
211 170 1
212 412 1
213 215 1
214 404 1
215 194 1
215 201 1
216 470 1
217 303 1
217 395 1
218 60 1
218 359 1
219 98 1
220 324 1
221 44 1
222 134 1
222 364 1
223 267 1
224 396 1
225 251 1
226 434 1
227 92 1
228 222 1
229 387 1
230 80 1
231 203 1
232 257 1
233 269 1
234 12 1
235 10 1
236 245 1
237 54 1
238 372 1
239 338 1
240 199 1
241 300 1
242 109 1
243 54 1
244 122 1
245 499 1
246 371 1
247 225 1
248 49 1
249 112 1
250 387 1
251 247 1
252 58 1
253 126 1
254 349 1
255 117 1
256 505 1
257 242 1
258 234 1
259 477 1
260 38 1
261 314 1
262 18 1
263 115 1
264 11 1
265 151 1
266 438 1
267 89 1
268 471 1
269 266 1
270 2 1
271 378 1
272 358 1
273 48 1
274 145 1
275 507 1
276 377 1
277 444 1
278 406 1
279 445 1
280 182 1
281 371 1
282 329 1
283 487 1
284 140 1
285 297 1
286 334 1
287 426 1
288 392 1
289 353 1
290 482 1
291 234 1
292 221 1
293 111 1
294 164 1
295 434 1
296 75 1
297 410 1
298 478 1
299 352 1
300 42 1
301 308 1
302 442 1
303 355 1
304 328 1
305 454 1
306 347 1
307 449 1
308 159 1
309 253 1
310 339 1
311 299 1
312 141 1
313 420 1
314 433 1
315 132 1
316 436 1
317 495 1
318 240 1
319 277 1
320 240 1
321 447 1
322 339 1
323 481 1
324 383 1
325 381 1
326 185 1
327 91 1
328 360 1
329 399 1
330 310 1
331 509 1
332 176 1
333 62 1
334 326 1
335 6 1
336 60 1
337 21 1
338 99 1
339 71 1
340 460 1
341 28 1
341 118 1
341 173 1
341 315 1
341 504 1
342 33 1
342 59 1
342 207 1
342 311 1
342 379 1
343 389 1
344 55 1
344 138 1
344 216 1
344 306 1
344 503 1
345 358 1
346 66 1
346 102 1
346 430 1
346 436 1
346 442 1
347 494 1
348 202 1
348 288 1
348 293 1
348 335 1
348 463 1
349 231 1
350 15 1
350 39 1
350 51 1
350 74 1
350 363 1
351 463 1
352 43 1
352 82 1
352 311 1
352 322 1
353 121 1
354 317 1
355 320 1
356 466 1
357 2 1
358 282 1
359 256 1
360 507 1
361 316 1
362 372 1
363 32 1
364 197 1
365 370 1
366 330 1
367 357 1
368 184 1
369 418 1
370 121 1
371 501 1
372 90 1
373 193 1
374 496 1
375 393 1
376 316 1
377 414 1
378 335 1
379 461 1
380 410 1
381 13 1
382 97 1
383 401 1
384 312 1
385 307 1
386 194 1
387 24 1
388 321 1
389 347 1
390 171 1
391 350 1
392 16 1
393 150 1
394 453 1
395 382 1
396 404 1
397 353 1
398 135 1
399 95 1
400 475 1
401 448 1
402 273 1
403 324 1
404 101 1
405 310 1
406 274 1
407 438 1
408 468 1
409 483 1
410 264 1
411 292 1
412 450 1
413 95 1
414 371 1
415 492 1
416 52 1
417 19 1
418 494 1
419 279 1
420 303 1
421 464 1
422 390 1
423 498 1
424 338 1
425 334 1
426 125 1
427 158 1
428 485 1
429 86 1
430 130 1
431 490 1
432 341 1
433 493 1
434 3 1
434 92 1
434 388 1
435 363 1
436 18 1
437 309 1
437 401 1
437 479 1
438 461 1
439 357 1
440 248 1
440 362 1
440 472 1
441 476 1
442 192 1
443 147 1
443 359 1
443 453 1
444 213 1
445 452 1
446 32 1
446 481 1
446 503 1
447 342 1
448 50 1
449 7 1
449 385 1
449 397 1
450 272 1
451 482 1
452 24 1
452 187 1
452 351 1
453 458 1
454 37 1
454 368 1
455 508 1
456 280 1
457 313 1
458 506 1
459 443 1
460 181 1
461 118 1
462 34 1
463 134 1
464 42 1
465 441 1
466 325 1
467 88 1
468 220 1
469 47 1
470 22 1
471 456 1
472 323 1
473 365 1
474 452 1
475 165 1
476 189 1
477 112 1
478 459 1
479 370 1
480 34 1
481 87 1
482 378 1
483 8 1
484 506 1
485 138 1
486 280 1
487 94 1
489 148 1
490 374 1
491 497 1
492 472 1
493 460 1
494 369 1
495 233 1
496 258 1
497 106 1
497 304 1
498 208 1
498 375 1
499 211 1
499 298 1
500 295 1
500 327 1
501 296 1
501 449 1
502 455 1
502 474 1
503 174 1
503 323 1
504 110 1
504 349 1
505 25 1
506 53 1
507 386 1
508 485 1
509 180 1
510 448 1
511 129 1
512 334 1
