1 43 1
1 223 1
1 345 1
1 362 1
1 458 1
2 148 1
3 32 1
3 133 1
3 134 1
3 369 1
3 418 1
3 474 1
4 332 1
5 150 1
5 209 1
5 233 1
5 448 1
5 456 1
6 85 1
7 115 1
7 197 1
7 310 1
7 445 1
7 495 1
7 500 1
8 186 1
9 20 1
9 144 1
9 442 1
9 456 1
9 458 1
10 103 1
11 86 1
11 108 1
11 184 1
11 299 1
11 338 1
11 385 1
12 277 1
13 187 1
13 275 1
13 312 1
13 349 1
13 461 1
14 140 1
15 34 1
15 93 1
15 302 1
15 370 1
15 424 1
15 487 1
16 309 1
17 91 1
17 208 1
17 224 1
17 440 1
17 453 1
18 436 1
19 58 1
19 151 1
19 337 1
19 378 1
19 386 1
19 435 1
20 36 1
21 52 1
21 74 1
21 443 1
21 463 1
21 478 1
22 498 1
23 308 1
23 345 1
23 347 1
23 435 1
23 479 1
23 501 1
24 483 1
25 6 1
25 138 1
25 282 1
25 376 1
25 444 1
26 19 1
27 60 1
27 69 1
27 110 1
27 190 1
27 204 1
27 255 1
28 462 1
29 59 1
29 334 1
29 365 1
29 462 1
29 507 1
30 5 1
31 62 1
31 117 1
31 137 1
31 231 1
31 353 1
31 512 1
32 497 1
33 92 1
33 119 1
33 120 1
33 397 1
33 430 1
34 374 1
35 46 1
35 147 1
35 301 1
35 418 1
35 432 1
35 457 1
36 143 1
37 105 1
37 386 1
37 451 1
37 469 1
37 486 1
38 487 1
39 44 1
39 146 1
39 215 1
39 229 1
39 240 1
39 483 1
40 183 1
41 111 1
41 247 1
41 315 1
41 433 1
41 442 1
42 441 1
43 240 1
43 342 1
43 353 1
43 354 1
43 377 1
43 395 1
44 201 1
45 54 1
45 213 1
45 264 1
45 271 1
45 291 1
46 9 1
47 313 1
47 325 1
47 327 1
47 331 1
47 387 1
47 481 1
48 16 1
49 76 1
49 185 1
49 338 1
49 356 1
49 473 1
50 279 1
51 214 1
51 311 1
51 345 1
51 367 1
51 424 1
51 469 1
52 351 1
53 64 1
53 95 1
53 116 1
53 289 1
53 349 1
54 478 1
55 18 1
55 161 1
55 324 1
55 391 1
55 399 1
55 464 1
56 125 1
57 104 1
57 371 1
57 476 1
58 173 1
59 182 1
59 321 1
59 335 1
59 361 1
60 250 1
61 2 1
61 75 1
61 341 1
61 346 1
61 359 1
61 459 1
62 26 1
63 383 1
63 412 1
63 441 1
63 489 1
64 406 1
65 333 1
66 408 1
66 438 1
66 466 1
67 499 1
68 46 1
69 169 1
69 446 1
70 245 1
71 180 1
72 326 1
73 22 1
73 80 1
73 118 1
73 199 1
73 205 1
73 265 1
73 321 1
73 322 1
73 328 1
73 330 1
73 334 1
73 336 1
73 339 1
73 341 1
73 403 1
73 408 1
73 426 1
73 436 1
73 471 1
73 482 1
73 508 1
73 510 1
74 88 1
74 445 1
75 353 1
76 242 1
76 401 1
76 452 1
77 390 1
78 324 1
79 25 1
79 166 1
79 438 1
80 292 1
81 89 1
82 33 1
82 66 1
83 145 1
84 320 1
85 35 1
86 342 1
86 361 1
86 461 1
86 485 1
86 490 1
87 295 1
87 414 1
88 188 1
89 243 1
89 385 1
89 410 1
90 62 1
91 274 1
92 304 1
92 454 1
92 486 1
93 48 1
94 165 1
95 42 1
95 112 1
96 195 1
97 445 1
98 305 1
99 159 1
99 305 1
99 326 1
99 384 1
99 502 1
100 375 1
100 387 1
101 266 1
102 210 1
102 318 1
102 450 1
103 357 1
104 237 1
105 336 1
105 372 1
105 479 1
106 309 1
107 280 1
108 42 1
108 448 1
109 298 1
110 464 1
111 330 1
112 144 1
112 157 1
112 302 1
112 433 1
112 449 1
113 287 1
113 348 1
114 404 1
115 83 1
115 359 1
115 384 1
116 389 1
117 57 1
118 69 1
118 347 1
118 457 1
119 206 1
120 102 1
121 293 1
121 377 1
122 313 1
123 253 1
124 479 1
125 67 1
125 131 1
125 307 1
125 318 1
125 380 1
126 10 1
126 343 1
127 437 1
128 45 1
128 436 1
128 508 1
129 416 1
130 47 1
131 38 1
131 289 1
131 505 1
132 157 1
133 307 1
134 12 1
134 234 1
135 451 1
136 303 1
137 40 1
138 79 1
138 297 1
138 310 1
138 369 1
138 503 1
139 132 1
139 153 1
140 370 1
141 355 1
141 359 1
141 393 1
142 187 1
143 2 1
144 160 1
144 294 1
144 393 1
145 396 1
146 512 1
147 208 1
147 297 1
148 372 1
149 333 1
150 4 1
151 26 1
151 51 1
151 96 1
151 496 1
151 499 1
152 52 1
152 452 1
153 435 1
154 61 1
154 256 1
154 389 1
155 181 1
156 317 1
157 316 1
157 334 1
157 484 1
157 509 1
158 420 1
159 459 1
160 11 1
161 239 1
161 335 1
161 381 1
162 136 1
162 165 1
162 294 1
163 138 1
164 354 1
165 468 1
166 192 1
166 312 1
167 304 1
168 256 1
168 455 1
169 299 1
169 460 1
170 108 1
171 222 1
172 480 1
173 38 1
173 434 1
174 507 1
175 325 1
175 491 1
176 288 1
176 383 1
177 322 1
178 315 1
179 232 1
180 114 1
180 364 1
181 485 1
182 293 1
182 481 1
183 141 1
183 353 1
184 488 1
185 311 1
186 20 1
187 264 1
187 343 1
188 222 1
189 356 1
189 391 1
190 30 1
190 217 1
191 416 1
192 79 1
193 438 1
194 105 1
194 352 1
195 505 1
196 492 1
196 510 1
197 71 1
197 347 1
198 497 1
199 10 1
200 383 1
201 156 1
201 395 1
202 226 1
203 259 1
203 481 1
204 36 1
204 432 1
205 378 1
206 488 1
207 242 1
208 78 1
208 216 1
209 485 1
210 200 1
210 506 1
211 456 1
211 509 1
212 495 1
213 24 1
214 151 1
215 283 1
215 343 1
216 350 1
217 70 1
217 377 1
218 162 1
218 193 1
219 496 1
220 444 1
221 365 1
222 147 1
222 218 1
223 471 1
224 124 1
225 149 1
226 367 1
227 234 1
228 126 1
229 300 1
230 50 1
231 344 1
232 433 1
233 342 1
234 489 1
235 274 1
236 465 1
237 323 1
238 129 1
239 379 1
240 444 1
241 349 1
242 174 1
243 123 1
244 404 1
245 296 1
246 357 1
247 300 1
248 63 1
249 235 1
250 27 1
251 3 1
252 28 1
253 483 1
254 428 1
255 319 1
256 215 1
257 127 1
258 107 1
259 48 1
260 371 1
261 72 1
262 439 1
263 39 1
264 420 1
265 454 1
266 414 1
267 442 1
268 316 1
269 66 1
270 290 1
271 362 1
272 441 1
273 118 1
274 17 1
275 453 1
276 131 1
277 410 1
278 23 1
279 379 1
280 258 1
281 152 1
282 364 1
283 373 1
284 202 1
285 301 1
286 227 1
287 358 1
288 292 1
289 272 1
290 470 1
291 201 1
292 388 1
293 392 1
294 175 1
295 14 1
296 81 1
297 432 1
298 203 1
299 65 1
300 295 1
301 350 1
302 90 1
303 375 1
304 430 1
305 189 1
306 7 1
307 56 1
308 447 1
309 500 1
310 476 1
311 440 1
312 360 1
313 360 1
314 346 1
315 504 1
316 172 1
317 224 1
318 504 1
319 41 1
320 340 1
321 29 1
322 323 1
323 250 1
324 290 1
325 480 1
326 135 1
327 422 1
328 8 1
329 388 1
330 484 1
331 332 1
332 447 1
333 343 1
334 470 1
335 281 1
336 194 1
337 428 1
338 450 1
339 448 1
340 84 1
341 167 1
341 363 1
341 446 1
341 449 1
341 494 1
342 13 1
342 273 1
342 280 1
342 347 1
342 368 1
343 439 1
344 128 1
344 248 1
344 314 1
344 473 1
344 503 1
345 267 1
346 37 1
346 212 1
346 258 1
346 296 1
346 403 1
347 87 1
348 22 1
348 34 1
348 64 1
348 412 1
348 439 1
349 477 1
350 12 1
350 101 1
350 337 1
350 426 1
350 493 1
351 374 1
352 21 1
352 249 1
352 336 1
352 396 1
353 366 1
354 339 1
355 475 1
356 337 1
357 351 1
358 342 1
359 339 1
360 122 1
361 394 1
362 460 1
363 4 1
364 139 1
365 55 1
366 351 1
367 371 1
368 86 1
369 287 1
370 14 1
371 511 1
372 349 1
373 501 1
374 366 1
375 177 1
376 95 1
377 422 1
378 453 1
379 50 1
380 44 1
381 30 1
382 389 1
383 18 1
384 477 1
385 164 1
386 180 1
387 506 1
388 434 1
389 16 1
390 121 1
391 60 1
392 288 1
393 161 1
394 170 1
395 1 1
396 511 1
397 82 1
398 335 1
399 365 1
400 40 1
401 196 1
402 477 1
403 472 1
404 8 1
405 282 1
406 348 1
407 392 1
408 351 1
409 298 1
410 171 1
411 303 1
412 178 1
413 99 1
414 465 1
415 285 1
416 475 1
417 406 1
418 251 1
419 494 1
420 220 1
421 399 1
422 306 1
423 447 1
424 241 1
425 94 1
426 355 1
427 482 1
428 121 1
429 272 1
430 207 1
431 68 1
432 308 1
433 168 1
434 58 1
434 329 1
434 474 1
435 493 1
436 344 1
437 113 1
437 257 1
437 468 1
438 77 1
439 219 1
440 24 1
440 109 1
440 142 1
441 363 1
442 319 1
443 314 1
443 352 1
443 498 1
444 317 1
445 380 1
446 100 1
446 269 1
446 437 1
447 331 1
448 263 1
449 98 1
449 191 1
449 382 1
450 382 1
451 6 1
452 49 1
452 198 1
452 211 1
453 261 1
454 56 1
454 472 1
455 376 1
456 163 1
457 112 1
458 194 1
459 173 1
460 395 1
461 368 1
462 82 1
463 176 1
464 328 1
465 266 1
466 443 1
467 450 1
468 345 1
469 248 1
470 475 1
471 106 1
472 92 1
473 490 1
474 31 1
475 154 1
476 32 1
477 99 1
478 394 1
479 397 1
480 291 1
481 97 1
482 15 1
483 28 1
484 130 1
485 358 1
486 232 1
487 381 1
489 390 1
490 487 1
491 492 1
492 401 1
493 340 1
494 404 1
495 306 1
496 467 1
497 54 1
497 329 1
498 338 1
498 466 1
499 125 1
499 340 1
500 53 1
500 226 1
501 455 1
501 502 1
502 373 1
502 451 1
503 134 1
503 327 1
504 463 1
504 467 1
505 320 1
506 491 1
507 225 1
508 221 1
509 179 1
510 158 1
511 155 1
512 474 1
