1 94 1
1 164 1
1 222 1
1 420 1
1 479 1
2 384 1
3 30 1
3 58 1
3 77 1
3 163 1
3 179 1
3 347 1
4 455 1
5 88 1
5 93 1
5 264 1
5 404 1
5 479 1
6 440 1
7 3 1
7 22 1
7 32 1
7 35 1
7 40 1
7 291 1
8 48 1
9 26 1
9 133 1
9 139 1
9 346 1
9 468 1
10 300 1
11 118 1
11 130 1
11 287 1
11 334 1
11 428 1
11 484 1
12 507 1
13 221 1
13 318 1
13 334 1
13 424 1
13 458 1
14 156 1
15 106 1
15 126 1
15 208 1
15 390 1
15 391 1
15 430 1
16 52 1
17 44 1
17 79 1
17 82 1
17 121 1
17 134 1
18 41 1
19 56 1
19 66 1
19 170 1
19 210 1
19 337 1
19 461 1
20 506 1
21 6 1
21 173 1
21 292 1
21 299 1
21 369 1
22 355 1
23 197 1
23 287 1
23 345 1
23 444 1
23 476 1
23 491 1
24 308 1
25 9 1
25 62 1
25 373 1
25 438 1
25 447 1
26 162 1
27 49 1
27 180 1
27 330 1
27 384 1
27 485 1
27 488 1
28 76 1
29 56 1
29 132 1
29 285 1
29 490 1
29 504 1
30 7 1
31 177 1
31 219 1
31 350 1
31 401 1
31 439 1
31 488 1
32 501 1
33 134 1
33 222 1
33 249 1
33 450 1
33 471 1
34 498 1
35 30 1
35 60 1
35 64 1
35 160 1
35 261 1
35 356 1
36 349 1
37 243 1
37 297 1
37 331 1
37 349 1
37 483 1
38 69 1
39 1 1
39 4 1
39 29 1
39 355 1
39 440 1
39 450 1
40 69 1
41 138 1
41 315 1
41 374 1
41 461 1
41 481 1
42 68 1
43 6 1
43 18 1
43 289 1
43 336 1
43 353 1
43 486 1
44 103 1
45 118 1
45 368 1
45 375 1
45 466 1
45 508 1
46 67 1
47 257 1
47 273 1
47 274 1
47 390 1
47 446 1
47 469 1
48 348 1
49 38 1
49 182 1
49 336 1
49 370 1
49 492 1
50 453 1
51 98 1
51 234 1
51 313 1
51 367 1
51 377 1
51 394 1
52 451 1
53 224 1
53 294 1
53 312 1
53 388 1
53 447 1
54 283 1
55 61 1
55 121 1
55 264 1
55 269 1
55 307 1
55 433 1
56 136 1
57 60 1
57 309 1
57 342 1
58 435 1
59 80 1
59 216 1
59 383 1
59 499 1
60 374 1
61 147 1
61 207 1
61 298 1
61 350 1
61 444 1
61 496 1
62 345 1
63 122 1
63 226 1
63 293 1
63 362 1
64 142 1
65 482 1
66 111 1
66 208 1
66 377 1
67 380 1
68 363 1
69 195 1
69 387 1
70 404 1
71 332 1
72 338 1
73 10 1
73 25 1
73 78 1
73 95 1
73 117 1
73 174 1
73 185 1
73 199 1
73 242 1
73 250 1
73 290 1
73 332 1
73 338 1
73 354 1
73 379 1
73 395 1
73 444 1
73 448 1
73 470 1
73 487 1
73 492 1
73 494 1
74 209 1
74 336 1
75 341 1
76 401 1
76 416 1
76 478 1
77 351 1
78 15 1
79 214 1
79 347 1
79 370 1
80 65 1
81 226 1
82 86 1
82 395 1
83 406 1
84 8 1
85 125 1
86 237 1
86 239 1
86 308 1
86 341 1
86 436 1
87 272 1
87 475 1
88 293 1
89 349 1
89 418 1
89 483 1
90 397 1
91 166 1
92 21 1
92 392 1
92 481 1
93 403 1
94 105 1
95 396 1
95 428 1
96 224 1
97 473 1
98 354 1
99 250 1
99 304 1
99 321 1
99 383 1
99 395 1
100 129 1
100 151 1
101 509 1
102 295 1
102 432 1
102 489 1
103 32 1
104 292 1
105 184 1
105 211 1
105 279 1
106 316 1
107 352 1
108 282 1
108 351 1
109 360 1
110 339 1
111 365 1
112 295 1
112 304 1
112 329 1
112 443 1
112 500 1
113 375 1
113 465 1
114 475 1
115 128 1
115 190 1
115 477 1
116 140 1
117 497 1
118 212 1
118 277 1
118 361 1
119 376 1
120 487 1
121 28 1
121 229 1
122 486 1
123 57 1
124 434 1
125 200 1
125 396 1
125 460 1
125 496 1
125 500 1
126 313 1
126 466 1
127 251 1
128 34 1
128 95 1
128 149 1
129 319 1
130 373 1
131 147 1
131 310 1
131 365 1
132 109 1
133 305 1
134 178 1
134 493 1
135 448 1
136 452 1
137 301 1
138 83 1
138 87 1
138 330 1
138 349 1
138 371 1
139 113 1
139 474 1
140 44 1
141 340 1
141 383 1
141 481 1
142 266 1
143 23 1
144 331 1
144 406 1
144 452 1
145 454 1
146 20 1
147 225 1
147 294 1
148 307 1
149 115 1
150 317 1
151 96 1
151 175 1
151 193 1
151 403 1
151 471 1
152 274 1
152 378 1
153 414 1
154 248 1
154 335 1
154 371 1
155 343 1
156 305 1
157 14 1
157 36 1
157 144 1
157 154 1
158 333 1
159 365 1
160 74 1
161 248 1
161 256 1
161 422 1
162 232 1
162 326 1
162 327 1
163 40 1
164 394 1
165 12 1
166 84 1
166 382 1
167 107 1
168 89 1
168 485 1
169 280 1
169 290 1
170 441 1
171 280 1
172 439 1
173 320 1
173 345 1
174 263 1
175 410 1
175 456 1
176 314 1
176 342 1
177 426 1
178 288 1
179 392 1
180 112 1
180 362 1
181 116 1
182 27 1
182 171 1
183 324 1
183 432 1
184 435 1
185 296 1
186 342 1
187 259 1
187 511 1
188 258 1
189 379 1
189 450 1
190 312 1
190 497 1
191 445 1
192 357 1
193 353 1
194 255 1
194 281 1
195 389 1
196 343 1
196 435 1
197 33 1
197 340 1
198 430 1
199 181 1
200 404 1
201 194 1
201 479 1
202 437 1
203 389 1
203 459 1
204 51 1
204 507 1
205 297 1
206 454 1
207 20 1
208 347 1
208 476 1
209 54 1
210 157 1
210 495 1
211 151 1
211 408 1
212 152 1
213 382 1
214 359 1
215 141 1
215 512 1
216 311 1
217 335 1
217 499 1
218 172 1
218 372 1
219 469 1
220 161 1
221 337 1
222 39 1
222 191 1
223 232 1
224 463 1
225 145 1
226 475 1
227 138 1
228 240 1
229 90 1
230 344 1
231 502 1
232 505 1
233 418 1
234 489 1
235 328 1
236 275 1
237 302 1
238 320 1
239 299 1
240 393 1
241 302 1
242 187 1
243 14 1
244 11 1
245 393 1
246 436 1
247 62 1
248 364 1
249 161 1
250 508 1
251 391 1
252 206 1
253 323 1
254 220 1
255 201 1
256 443 1
257 79 1
258 327 1
259 242 1
260 387 1
261 319 1
262 438 1
263 378 1
264 137 1
265 463 1
266 358 1
267 412 1
268 324 1
269 410 1
270 2 1
271 46 1
272 347 1
273 462 1
274 512 1
275 441 1
276 131 1
277 462 1
278 480 1
279 459 1
280 451 1
281 298 1
282 8 1
283 198 1
284 265 1
285 31 1
286 487 1
287 449 1
288 356 1
289 460 1
290 503 1
291 50 1
292 480 1
293 282 1
294 231 1
295 180 1
296 72 1
297 102 1
298 100 1
299 135 1
300 311 1
301 85 1
302 498 1
303 328 1
304 12 1
305 368 1
306 377 1
307 445 1
308 482 1
309 412 1
310 334 1
311 272 1
312 448 1
313 204 1
314 399 1
315 104 1
316 506 1
317 201 1
318 189 1
319 10 1
320 511 1
321 371 1
322 359 1
323 385 1
324 366 1
325 303 1
326 34 1
327 477 1
328 92 1
329 247 1
330 363 1
331 325 1
332 485 1
333 108 1
334 446 1
335 71 1
336 110 1
337 291 1
338 420 1
339 43 1
340 325 1
341 55 1
341 97 1
341 256 1
341 381 1
341 470 1
342 92 1
342 105 1
342 322 1
342 416 1
342 474 1
343 478 1
344 187 1
344 213 1
344 218 1
344 301 1
344 451 1
345 143 1
346 82 1
346 150 1
346 165 1
346 385 1
346 438 1
347 66 1
348 119 1
348 289 1
348 353 1
348 367 1
348 414 1
349 157 1
350 38 1
350 343 1
350 364 1
350 472 1
350 505 1
351 217 1
352 70 1
352 167 1
352 358 1
352 493 1
353 48 1
354 267 1
355 437 1
356 335 1
357 484 1
358 75 1
359 494 1
360 333 1
361 45 1
362 465 1
363 223 1
364 146 1
365 315 1
366 233 1
367 188 1
368 58 1
369 388 1
370 253 1
371 99 1
372 504 1
373 338 1
374 366 1
375 345 1
376 348 1
377 464 1
378 337 1
379 397 1
380 46 1
381 86 1
382 26 1
383 215 1
384 54 1
385 120 1
386 369 1
387 467 1
388 114 1
389 442 1
390 457 1
391 101 1
392 271 1
393 436 1
394 303 1
395 433 1
396 329 1
397 386 1
398 381 1
399 192 1
400 59 1
401 310 1
402 159 1
403 42 1
404 352 1
405 491 1
406 42 1
407 19 1
408 456 1
409 99 1
410 399 1
411 453 1
412 449 1
413 351 1
414 309 1
415 227 1
416 28 1
417 509 1
418 168 1
419 322 1
420 468 1
421 361 1
422 64 1
423 37 1
424 316 1
425 472 1
426 455 1
427 123 1
428 50 1
429 235 1
430 344 1
431 234 1
432 158 1
433 125 1
434 155 1
434 183 1
434 389 1
435 169 1
436 245 1
437 22 1
437 176 1
437 266 1
438 422 1
439 453 1
440 127 1
440 205 1
440 424 1
441 165 1
442 434 1
443 215 1
443 447 1
443 473 1
444 408 1
445 495 1
446 13 1
446 108 1
446 359 1
447 357 1
448 314 1
449 2 1
449 131 1
449 432 1
450 202 1
451 16 1
452 91 1
452 445 1
452 464 1
453 477 1
454 4 1
454 288 1
455 300 1
456 124 1
457 426 1
458 317 1
459 483 1
460 442 1
461 16 1
462 339 1
463 510 1
464 306 1
465 18 1
466 501 1
467 112 1
468 474 1
469 510 1
470 306 1
471 63 1
472 196 1
473 457 1
474 186 1
475 360 1
476 24 1
477 439 1
478 194 1
479 353 1
480 442 1
481 342 1
482 52 1
483 203 1
484 321 1
485 502 1
486 346 1
487 24 1
489 173 1
490 258 1
491 296 1
492 339 1
493 17 1
494 318 1
495 376 1
496 386 1
497 153 1
497 372 1
498 241 1
498 326 1
499 343 1
499 351 1
500 433 1
500 467 1
501 323 1
501 503 1
502 458 1
502 490 1
503 148 1
503 380 1
504 441 1
504 456 1
505 81 1
506 53 1
507 240 1
508 36 1
509 5 1
510 47 1
511 340 1
512 144 1
