1 56 1
1 281 1
1 375 1
1 445 1
1 486 1
2 28 1
3 44 1
3 194 1
3 437 1
3 469 1
3 475 1
3 501 1
4 113 1
5 74 1
5 174 1
5 204 1
5 403 1
5 445 1
6 309 1
7 20 1
7 30 1
7 208 1
7 224 1
7 257 1
7 280 1
8 378 1
9 10 1
9 151 1
9 275 1
9 366 1
9 491 1
10 205 1
11 237 1
11 290 1
11 369 1
11 445 1
11 461 1
11 473 1
12 422 1
13 85 1
13 147 1
13 178 1
13 368 1
13 372 1
14 165 1
15 22 1
15 100 1
15 152 1
15 282 1
15 357 1
15 441 1
16 112 1
17 24 1
17 50 1
17 322 1
17 359 1
17 382 1
18 301 1
19 95 1
19 144 1
19 157 1
19 164 1
19 448 1
19 487 1
20 348 1
21 78 1
21 108 1
21 154 1
21 489 1
21 500 1
22 259 1
23 222 1
23 303 1
23 313 1
23 352 1
23 483 1
23 492 1
24 15 1
25 77 1
25 123 1
25 331 1
25 342 1
25 454 1
26 42 1
27 37 1
27 118 1
27 202 1
27 321 1
27 444 1
27 483 1
28 296 1
29 200 1
29 285 1
29 354 1
29 379 1
29 463 1
30 207 1
31 41 1
31 229 1
31 291 1
31 297 1
31 438 1
31 501 1
32 507 1
33 99 1
33 209 1
33 287 1
33 289 1
33 471 1
34 386 1
35 52 1
35 193 1
35 335 1
35 436 1
35 472 1
35 493 1
36 438 1
37 62 1
37 140 1
37 182 1
37 320 1
37 395 1
38 386 1
39 136 1
39 139 1
39 196 1
39 201 1
39 381 1
39 506 1
40 350 1
41 44 1
41 160 1
41 356 1
41 377 1
41 492 1
42 477 1
43 300 1
43 334 1
43 349 1
43 351 1
43 441 1
43 464 1
44 125 1
45 131 1
45 208 1
45 363 1
45 461 1
45 500 1
46 35 1
47 132 1
47 206 1
47 293 1
47 295 1
47 452 1
47 511 1
48 382 1
49 317 1
49 319 1
49 336 1
49 368 1
49 491 1
50 115 1
51 59 1
51 128 1
51 240 1
51 396 1
51 462 1
51 487 1
52 242 1
53 6 1
53 302 1
53 326 1
53 337 1
53 399 1
54 312 1
55 127 1
55 171 1
55 323 1
55 329 1
55 357 1
55 446 1
56 366 1
57 56 1
57 323 1
57 332 1
58 414 1
59 198 1
59 464 1
59 485 1
59 512 1
60 393 1
61 3 1
61 116 1
61 289 1
61 296 1
61 365 1
61 509 1
62 370 1
63 316 1
63 329 1
63 442 1
63 478 1
64 424 1
65 505 1
66 63 1
66 233 1
66 453 1
67 272 1
68 91 1
69 38 1
69 471 1
70 482 1
71 8 1
72 46 1
73 43 1
73 51 1
73 71 1
73 103 1
73 110 1
73 119 1
73 121 1
73 145 1
73 148 1
73 220 1
73 223 1
73 258 1
73 293 1
73 298 1
73 311 1
73 340 1
73 341 1
73 394 1
73 408 1
73 420 1
73 433 1
73 450 1
74 347 1
74 439 1
75 345 1
76 299 1
76 340 1
76 474 1
77 373 1
78 472 1
79 347 1
79 377 1
79 479 1
80 232 1
81 507 1
82 318 1
82 383 1
83 183 1
84 142 1
85 485 1
86 69 1
86 112 1
86 288 1
86 470 1
86 487 1
87 38 1
87 457 1
88 226 1
89 26 1
89 455 1
89 493 1
90 4 1
91 134 1
92 170 1
92 294 1
92 298 1
93 469 1
94 477 1
95 137 1
95 433 1
96 356 1
97 496 1
98 435 1
99 108 1
99 280 1
99 306 1
99 367 1
99 420 1
100 315 1
100 377 1
101 499 1
102 306 1
102 381 1
102 428 1
103 430 1
104 474 1
105 157 1
105 370 1
105 476 1
106 184 1
107 490 1
108 211 1
108 503 1
109 499 1
110 459 1
111 90 1
112 55 1
112 121 1
112 135 1
112 179 1
112 435 1
113 374 1
113 375 1
114 16 1
115 17 1
115 158 1
115 343 1
116 437 1
117 31 1
118 172 1
118 383 1
118 436 1
119 48 1
120 505 1
121 16 1
121 86 1
122 165 1
123 380 1
124 422 1
125 24 1
125 98 1
125 180 1
125 314 1
125 353 1
126 344 1
126 406 1
127 29 1
128 310 1
128 365 1
128 380 1
129 261 1
130 12 1
131 62 1
131 168 1
131 343 1
132 302 1
133 105 1
134 68 1
134 485 1
135 36 1
136 432 1
137 60 1
138 82 1
138 188 1
138 315 1
138 390 1
138 444 1
139 36 1
139 221 1
140 27 1
141 321 1
141 351 1
141 502 1
142 447 1
143 387 1
144 161 1
144 291 1
144 318 1
145 364 1
146 337 1
147 187 1
147 371 1
148 48 1
149 305 1
150 353 1
151 143 1
151 192 1
151 369 1
151 392 1
151 451 1
152 64 1
152 320 1
153 81 1
154 214 1
154 387 1
154 467 1
155 234 1
156 294 1
157 94 1
157 153 1
157 384 1
157 470 1
158 173 1
159 444 1
160 328 1
161 310 1
161 510 1
161 512 1
162 34 1
162 218 1
162 273 1
163 253 1
164 451 1
165 351 1
166 395 1
166 457 1
167 82 1
168 338 1
168 462 1
169 287 1
169 404 1
170 256 1
171 324 1
172 10 1
173 385 1
173 497 1
174 297 1
175 2 1
175 503 1
176 374 1
176 466 1
177 64 1
178 483 1
179 416 1
180 438 1
180 490 1
181 335 1
182 4 1
182 83 1
183 248 1
183 463 1
184 486 1
185 195 1
186 389 1
187 282 1
187 351 1
188 34 1
189 54 1
189 489 1
190 134 1
190 247 1
191 476 1
192 245 1
193 373 1
194 241 1
194 269 1
195 141 1
196 149 1
196 432 1
197 435 1
197 436 1
198 138 1
199 484 1
200 345 1
201 307 1
201 460 1
202 504 1
203 104 1
203 430 1
204 316 1
204 494 1
205 58 1
206 20 1
207 256 1
208 175 1
208 194 1
209 274 1
210 186 1
210 408 1
211 21 1
211 477 1
212 251 1
213 442 1
214 45 1
215 150 1
215 333 1
216 418 1
217 342 1
217 397 1
218 187 1
218 502 1
219 250 1
220 327 1
221 339 1
222 99 1
222 434 1
223 30 1
224 481 1
225 124 1
226 353 1
227 8 1
228 404 1
229 426 1
230 9 1
231 360 1
232 332 1
233 466 1
234 439 1
235 443 1
236 224 1
237 32 1
238 313 1
239 412 1
240 434 1
241 203 1
242 361 1
243 443 1
244 75 1
245 65 1
246 106 1
247 219 1
248 314 1
249 432 1
250 335 1
251 454 1
252 126 1
253 111 1
254 240 1
255 87 1
256 488 1
257 508 1
258 414 1
259 5 1
260 383 1
261 88 1
262 488 1
263 509 1
264 185 1
265 465 1
266 312 1
267 473 1
268 67 1
269 264 1
270 2 1
271 343 1
272 235 1
273 89 1
274 42 1
275 201 1
276 371 1
277 467 1
278 105 1
279 449 1
280 33 1
281 376 1
282 14 1
283 391 1
284 468 1
285 346 1
286 475 1
287 265 1
288 504 1
289 496 1
290 447 1
291 495 1
292 13 1
293 72 1
294 468 1
295 361 1
296 453 1
297 32 1
298 279 1
299 355 1
300 510 1
301 49 1
302 213 1
303 401 1
304 40 1
305 416 1
306 511 1
307 347 1
308 506 1
309 53 1
310 358 1
311 225 1
312 498 1
313 338 1
314 266 1
315 114 1
316 66 1
317 495 1
318 274 1
319 456 1
320 129 1
321 258 1
322 392 1
323 84 1
324 226 1
325 107 1
326 79 1
327 125 1
328 131 1
329 305 1
330 263 1
331 389 1
332 292 1
333 403 1
334 155 1
335 151 1
336 433 1
337 330 1
338 325 1
339 448 1
340 217 1
341 11 1
341 95 1
341 156 1
341 176 1
341 367 1
342 50 1
342 102 1
342 349 1
342 359 1
342 456 1
343 355 1
344 130 1
344 308 1
344 384 1
344 450 1
344 497 1
345 242 1
346 25 1
346 66 1
346 295 1
346 376 1
346 458 1
347 250 1
348 76 1
348 173 1
348 199 1
348 215 1
348 418 1
349 190 1
350 93 1
350 267 1
350 304 1
350 308 1
350 460 1
351 122 1
352 69 1
352 360 1
352 452 1
352 480 1
353 336 1
354 326 1
355 340 1
356 349 1
357 248 1
358 161 1
359 394 1
360 80 1
361 345 1
362 292 1
363 494 1
364 388 1
365 97 1
366 339 1
367 455 1
368 390 1
369 341 1
370 133 1
371 243 1
372 6 1
373 283 1
374 424 1
375 364 1
376 1 1
377 177 1
378 227 1
379 146 1
380 337 1
381 264 1
382 166 1
383 86 1
384 353 1
385 352 1
386 451 1
387 18 1
388 441 1
389 363 1
390 508 1
391 412 1
392 474 1
393 40 1
394 54 1
395 410 1
396 358 1
397 19 1
398 426 1
399 215 1
400 465 1
401 344 1
402 396 1
403 365 1
404 333 1
405 14 1
406 60 1
407 347 1
408 334 1
409 18 1
410 304 1
411 395 1
412 92 1
413 330 1
414 288 1
415 118 1
416 299 1
417 481 1
418 484 1
419 428 1
420 222 1
421 239 1
422 28 1
423 290 1
424 57 1
425 197 1
426 22 1
427 147 1
428 458 1
429 399 1
430 319 1
431 442 1
432 39 1
433 52 1
434 307 1
434 342 1
434 478 1
435 249 1
436 459 1
437 61 1
437 327 1
437 406 1
438 216 1
439 449 1
440 70 1
440 101 1
440 439 1
441 210 1
442 481 1
443 272 1
443 371 1
443 479 1
444 345 1
445 448 1
446 109 1
446 120 1
446 482 1
447 389 1
448 393 1
449 234 1
449 379 1
449 440 1
450 362 1
451 336 1
452 96 1
452 163 1
452 385 1
453 343 1
454 212 1
454 397 1
455 58 1
456 475 1
457 255 1
458 181 1
459 79 1
460 317 1
461 47 1
462 354 1
463 346 1
464 372 1
465 350 1
466 277 1
467 498 1
468 311 1
469 359 1
470 450 1
471 46 1
472 303 1
473 339 1
474 322 1
475 453 1
476 231 1
477 26 1
478 331 1
479 92 1
480 23 1
481 162 1
482 349 1
483 401 1
484 167 1
485 328 1
486 189 1
487 169 1
489 456 1
490 325 1
491 271 1
492 480 1
493 159 1
494 12 1
495 7 1
496 338 1
497 138 1
497 348 1
498 180 1
498 266 1
499 440 1
499 446 1
500 404 1
500 410 1
501 117 1
501 334 1
502 342 1
502 479 1
503 378 1
503 388 1
504 300 1
504 324 1
505 391 1
506 191 1
507 362 1
508 447 1
509 309 1
510 144 1
511 301 1
512 232 1
