1 17 1
1 234 1
1 302 1
1 345 1
1 395 1
2 472 1
3 60 1
3 66 1
3 251 1
3 387 1
3 403 1
3 444 1
4 70 1
5 167 1
5 301 1
5 345 1
5 388 1
5 504 1
6 229 1
7 131 1
7 332 1
7 399 1
7 426 1
7 468 1
7 479 1
8 174 1
9 38 1
9 64 1
9 288 1
9 308 1
9 439 1
10 46 1
11 194 1
11 218 1
11 306 1
11 395 1
11 456 1
11 480 1
12 65 1
13 71 1
13 189 1
13 321 1
13 340 1
13 490 1
14 226 1
15 36 1
15 72 1
15 91 1
15 164 1
15 303 1
15 441 1
16 132 1
17 315 1
17 347 1
17 433 1
17 447 1
17 460 1
18 32 1
19 41 1
19 289 1
19 291 1
19 352 1
19 430 1
19 466 1
20 190 1
21 52 1
21 258 1
21 309 1
21 325 1
21 491 1
22 293 1
23 234 1
23 294 1
23 295 1
23 422 1
23 478 1
23 501 1
24 374 1
25 66 1
25 93 1
25 293 1
25 358 1
25 465 1
26 216 1
27 140 1
27 315 1
27 324 1
27 338 1
27 394 1
27 406 1
28 325 1
29 14 1
29 53 1
29 341 1
29 465 1
29 487 1
30 456 1
31 138 1
31 147 1
31 157 1
31 192 1
31 316 1
31 475 1
32 437 1
33 271 1
33 349 1
33 359 1
33 386 1
33 435 1
34 35 1
35 87 1
35 233 1
35 272 1
35 275 1
35 353 1
35 457 1
36 346 1
37 307 1
37 331 1
37 361 1
37 384 1
37 481 1
38 155 1
39 24 1
39 30 1
39 285 1
39 387 1
39 396 1
39 436 1
40 182 1
41 179 1
41 265 1
41 389 1
41 494 1
41 507 1
42 75 1
43 11 1
43 96 1
43 222 1
43 447 1
43 450 1
43 453 1
44 471 1
45 36 1
45 201 1
45 225 1
45 435 1
45 480 1
46 443 1
47 67 1
47 134 1
47 175 1
47 280 1
47 451 1
47 479 1
48 397 1
49 79 1
49 154 1
49 156 1
49 317 1
49 502 1
50 479 1
51 45 1
51 210 1
51 226 1
51 428 1
51 448 1
51 474 1
52 130 1
53 123 1
53 168 1
53 172 1
53 299 1
53 432 1
54 100 1
55 33 1
55 247 1
55 327 1
55 358 1
55 391 1
55 433 1
56 347 1
57 27 1
57 296 1
57 378 1
58 231 1
59 187 1
59 288 1
59 334 1
59 487 1
60 18 1
61 57 1
61 177 1
61 232 1
61 248 1
61 433 1
61 461 1
62 298 1
63 78 1
63 82 1
63 152 1
63 490 1
64 444 1
65 470 1
66 165 1
66 227 1
66 462 1
67 495 1
68 267 1
69 299 1
69 305 1
70 121 1
71 392 1
72 319 1
73 5 1
73 54 1
73 82 1
73 83 1
73 209 1
73 242 1
73 250 1
73 269 1
73 273 1
73 277 1
73 300 1
73 336 1
73 338 1
73 340 1
73 362 1
73 369 1
73 380 1
73 418 1
73 446 1
73 454 1
73 468 1
73 497 1
74 364 1
74 424 1
75 450 1
76 77 1
76 380 1
76 382 1
77 493 1
78 328 1
79 50 1
79 368 1
79 434 1
80 343 1
81 353 1
82 186 1
82 307 1
83 323 1
84 326 1
85 107 1
86 42 1
86 185 1
86 335 1
86 408 1
86 414 1
87 34 1
87 501 1
88 283 1
89 195 1
89 335 1
89 495 1
90 489 1
91 110 1
92 108 1
92 159 1
92 349 1
93 351 1
94 370 1
95 396 1
95 422 1
96 34 1
97 373 1
98 305 1
99 108 1
99 361 1
99 379 1
99 446 1
99 483 1
100 298 1
100 386 1
101 404 1
102 134 1
102 364 1
102 499 1
103 196 1
104 438 1
105 42 1
105 351 1
105 476 1
106 462 1
107 297 1
108 56 1
108 253 1
109 342 1
110 473 1
111 142 1
112 125 1
112 390 1
112 438 1
112 493 1
112 506 1
113 28 1
113 448 1
114 171 1
115 69 1
115 448 1
115 452 1
116 365 1
117 103 1
118 428 1
118 483 1
118 498 1
119 280 1
120 412 1
121 44 1
121 112 1
122 337 1
123 118 1
124 95 1
125 150 1
125 180 1
125 204 1
125 261 1
125 507 1
126 264 1
126 482 1
127 484 1
128 23 1
128 310 1
128 477 1
129 363 1
130 457 1
131 295 1
131 443 1
131 474 1
132 274 1
133 126 1
134 382 1
134 408 1
135 410 1
136 391 1
137 477 1
138 105 1
138 343 1
138 352 1
138 389 1
138 452 1
139 145 1
139 344 1
140 439 1
141 43 1
141 320 1
141 343 1
142 257 1
143 281 1
144 16 1
144 194 1
144 406 1
145 272 1
146 99 1
147 62 1
147 440 1
148 26 1
149 377 1
150 111 1
151 80 1
151 148 1
151 166 1
151 420 1
151 424 1
152 219 1
152 376 1
153 497 1
154 115 1
154 224 1
154 365 1
155 9 1
156 200 1
157 12 1
157 69 1
157 86 1
157 170 1
158 314 1
159 239 1
160 504 1
161 342 1
161 347 1
161 371 1
162 59 1
162 314 1
162 377 1
163 356 1
164 350 1
165 503 1
166 97 1
166 454 1
167 104 1
168 81 1
168 259 1
169 136 1
169 472 1
170 51 1
171 292 1
172 336 1
173 503 1
173 510 1
174 366 1
175 153 1
175 461 1
176 383 1
176 460 1
177 282 1
178 223 1
179 404 1
180 294 1
180 334 1
181 85 1
182 329 1
182 508 1
183 143 1
183 311 1
184 344 1
185 381 1
186 76 1
187 32 1
187 162 1
188 445 1
189 256 1
189 290 1
190 316 1
190 442 1
191 197 1
192 266 1
193 12 1
194 348 1
194 509 1
195 173 1
196 350 1
196 401 1
197 287 1
197 375 1
198 347 1
199 193 1
200 52 1
201 92 1
201 478 1
202 487 1
203 481 1
203 500 1
204 112 1
204 469 1
205 438 1
206 383 1
207 345 1
208 313 1
208 511 1
209 330 1
210 88 1
210 346 1
211 109 1
211 357 1
212 483 1
213 418 1
214 144 1
215 222 1
215 327 1
216 46 1
217 14 1
217 243 1
218 459 1
218 476 1
219 151 1
220 263 1
221 48 1
222 456 1
222 467 1
223 320 1
224 512 1
225 492 1
226 334 1
227 453 1
228 95 1
229 117 1
230 21 1
231 342 1
232 187 1
233 8 1
234 505 1
235 489 1
236 509 1
237 203 1
238 301 1
239 496 1
240 372 1
241 399 1
242 183 1
243 250 1
244 24 1
245 149 1
246 161 1
247 445 1
248 13 1
249 106 1
250 458 1
251 458 1
252 336 1
253 99 1
254 481 1
255 505 1
256 133 1
257 120 1
258 274 1
259 114 1
260 101 1
261 232 1
262 28 1
263 475 1
264 508 1
265 355 1
266 333 1
267 511 1
268 449 1
269 151 1
270 390 1
271 451 1
272 139 1
273 4 1
274 379 1
275 367 1
276 184 1
277 64 1
278 20 1
279 119 1
280 486 1
281 385 1
282 486 1
283 213 1
284 86 1
285 15 1
286 403 1
287 191 1
288 412 1
289 89 1
290 449 1
291 324 1
292 165 1
293 201 1
294 312 1
295 436 1
296 61 1
297 188 1
298 342 1
299 466 1
300 282 1
301 302 1
302 471 1
303 22 1
304 488 1
305 94 1
306 338 1
307 435 1
308 455 1
309 178 1
310 339 1
311 242 1
312 161 1
313 4 1
314 373 1
315 300 1
316 401 1
317 37 1
318 264 1
319 335 1
320 240 1
321 318 1
322 323 1
323 331 1
324 353 1
325 447 1
326 339 1
327 482 1
328 360 1
329 498 1
330 158 1
331 322 1
332 374 1
333 353 1
334 18 1
335 395 1
336 291 1
337 469 1
338 492 1
339 362 1
340 20 1
341 6 1
341 258 1
341 279 1
341 394 1
341 432 1
342 58 1
342 62 1
342 128 1
342 445 1
342 491 1
343 464 1
344 10 1
344 60 1
344 198 1
344 328 1
344 366 1
345 181 1
346 90 1
346 207 1
346 235 1
346 256 1
346 404 1
347 369 1
348 55 1
348 84 1
348 304 1
348 349 1
348 477 1
349 393 1
350 102 1
350 180 1
350 310 1
350 345 1
350 356 1
351 341 1
352 326 1
352 351 1
352 376 1
352 436 1
353 355 1
354 3 1
355 354 1
356 432 1
357 426 1
358 378 1
359 351 1
360 383 1
361 459 1
362 360 1
363 40 1
364 500 1
365 463 1
366 485 1
367 39 1
368 56 1
369 163 1
370 377 1
371 414 1
372 384 1
373 215 1
374 202 1
375 463 1
376 141 1
377 245 1
378 304 1
379 220 1
380 212 1
381 290 1
382 249 1
383 169 1
384 317 1
385 494 1
386 303 1
387 367 1
388 224 1
389 19 1
390 217 1
391 499 1
392 38 1
393 348 1
394 322 1
395 337 1
396 124 1
397 221 1
398 442 1
399 312 1
400 410 1
401 441 1
402 485 1
403 453 1
404 311 1
405 206 1
406 442 1
407 365 1
408 157 1
409 22 1
410 359 1
411 357 1
412 44 1
413 308 1
414 370 1
415 26 1
416 7 1
417 58 1
418 484 1
419 502 1
420 309 1
421 506 1
422 485 1
423 397 1
424 381 1
425 47 1
426 416 1
427 441 1
428 437 1
429 337 1
430 147 1
431 375 1
432 29 1
433 255 1
434 49 1
434 296 1
434 359 1
435 455 1
436 40 1
437 16 1
437 127 1
437 211 1
438 444 1
439 137 1
440 30 1
440 31 1
440 363 1
441 464 1
442 144 1
443 10 1
443 248 1
443 473 1
444 98 1
445 297 1
446 176 1
446 208 1
446 385 1
447 116 1
448 488 1
449 92 1
449 332 1
449 371 1
450 54 1
451 474 1
452 205 1
452 388 1
452 392 1
453 371 1
454 430 1
454 496 1
455 313 1
456 440 1
457 340 1
458 470 1
459 160 1
460 333 1
461 368 1
462 306 1
463 135 1
464 138 1
465 240 1
466 287 1
467 343 1
468 416 1
469 241 1
470 450 1
471 121 1
472 512 1
473 475 1
474 321 1
475 389 1
476 146 1
477 393 1
478 105 1
479 79 1
480 118 1
481 50 1
482 215 1
483 467 1
484 292 1
485 63 1
486 6 1
487 2 1
489 113 1
490 349 1
491 420 1
492 510 1
493 74 1
494 129 1
495 319 1
496 289 1
497 125 1
497 439 1
498 68 1
498 199 1
499 25 1
499 131 1
500 237 1
500 451 1
501 8 1
501 173 1
502 372 1
502 434 1
503 122 1
503 208 1
504 330 1
504 354 1
505 1 1
506 266 1
507 48 1
508 318 1
509 339 1
510 329 1
511 214 1
512 2 1
