1 147 1
1 295 1
1 382 1
1 460 1
1 471 1
2 383 1
3 46 1
3 62 1
3 82 1
3 310 1
3 381 1
3 494 1
4 389 1
5 21 1
5 302 1
5 356 1
5 369 1
5 440 1
6 325 1
7 26 1
7 84 1
7 130 1
7 218 1
7 468 1
7 478 1
8 444 1
9 60 1
9 146 1
9 192 1
9 383 1
9 508 1
10 329 1
11 60 1
11 151 1
11 306 1
11 336 1
11 364 1
11 481 1
12 420 1
13 66 1
13 67 1
13 275 1
13 301 1
13 316 1
14 359 1
15 12 1
15 38 1
15 294 1
15 403 1
15 459 1
15 490 1
16 122 1
17 18 1
17 138 1
17 344 1
17 389 1
17 432 1
18 150 1
19 280 1
19 283 1
19 318 1
19 371 1
19 406 1
19 500 1
20 302 1
21 196 1
21 334 1
21 348 1
21 374 1
21 397 1
22 363 1
23 71 1
23 234 1
23 266 1
23 271 1
23 326 1
23 438 1
24 224 1
25 2 1
25 131 1
25 143 1
25 336 1
25 458 1
26 450 1
27 48 1
27 133 1
27 175 1
27 242 1
27 282 1
27 410 1
28 160 1
29 285 1
29 309 1
29 357 1
29 395 1
29 491 1
30 187 1
31 157 1
31 261 1
31 292 1
31 336 1
31 339 1
31 406 1
32 138 1
33 107 1
33 368 1
33 396 1
33 452 1
33 511 1
34 64 1
35 44 1
35 117 1
35 257 1
35 297 1
35 300 1
35 304 1
36 16 1
37 50 1
37 103 1
37 439 1
37 475 1
37 477 1
38 498 1
39 92 1
39 339 1
39 346 1
39 440 1
39 506 1
39 510 1
40 91 1
41 62 1
41 145 1
41 385 1
41 465 1
41 509 1
42 345 1
43 8 1
43 210 1
43 300 1
43 338 1
43 340 1
43 490 1
44 424 1
45 57 1
45 95 1
45 226 1
45 288 1
45 434 1
46 441 1
47 179 1
47 221 1
47 305 1
47 451 1
47 457 1
47 477 1
48 320 1
49 42 1
49 321 1
49 335 1
49 385 1
49 388 1
50 10 1
51 180 1
51 311 1
51 334 1
51 393 1
51 448 1
51 457 1
52 97 1
53 193 1
53 207 1
53 256 1
53 397 1
53 436 1
54 484 1
55 53 1
55 182 1
55 297 1
55 322 1
55 481 1
55 483 1
56 34 1
57 8 1
57 68 1
57 295 1
58 155 1
59 314 1
59 391 1
59 445 1
59 502 1
60 282 1
61 164 1
61 307 1
61 341 1
61 455 1
61 494 1
61 498 1
62 344 1
63 15 1
63 194 1
63 274 1
63 358 1
64 264 1
65 19 1
66 65 1
66 428 1
66 437 1
67 446 1
68 436 1
69 379 1
69 412 1
70 338 1
71 474 1
72 337 1
73 3 1
73 12 1
73 41 1
73 45 1
73 69 1
73 75 1
73 105 1
73 142 1
73 170 1
73 215 1
73 231 1
73 235 1
73 265 1
73 311 1
73 326 1
73 331 1
73 396 1
73 435 1
73 447 1
73 453 1
73 485 1
73 508 1
74 233 1
74 247 1
75 24 1
76 387 1
76 395 1
76 430 1
77 371 1
78 18 1
79 162 1
79 249 1
79 298 1
80 475 1
81 497 1
82 212 1
82 416 1
83 77 1
84 358 1
85 488 1
86 26 1
86 289 1
86 290 1
86 378 1
86 414 1
87 349 1
87 351 1
88 213 1
89 377 1
89 442 1
89 472 1
90 500 1
91 342 1
92 32 1
92 435 1
92 487 1
93 1 1
94 456 1
95 61 1
95 372 1
96 408 1
97 401 1
98 366 1
99 43 1
99 88 1
99 98 1
99 296 1
99 361 1
100 403 1
100 462 1
101 323 1
102 292 1
102 362 1
102 478 1
103 432 1
104 215 1
105 172 1
105 332 1
105 393 1
106 318 1
107 186 1
108 165 1
108 467 1
109 345 1
110 401 1
111 461 1
112 42 1
112 219 1
112 269 1
112 274 1
112 350 1
113 180 1
113 250 1
114 433 1
115 27 1
115 82 1
115 83 1
116 341 1
117 422 1
118 151 1
118 377 1
118 418 1
119 105 1
120 470 1
121 36 1
121 51 1
122 308 1
123 293 1
124 442 1
125 37 1
125 116 1
125 120 1
125 166 1
125 256 1
126 115 1
126 359 1
127 198 1
128 140 1
128 267 1
128 449 1
129 58 1
130 392 1
131 255 1
131 339 1
131 448 1
132 16 1
133 377 1
134 332 1
134 510 1
135 453 1
136 123 1
137 127 1
138 46 1
138 226 1
138 301 1
138 322 1
138 511 1
139 2 1
139 422 1
140 287 1
141 185 1
141 191 1
141 428 1
142 10 1
143 453 1
144 22 1
144 104 1
144 227 1
145 360 1
146 357 1
147 168 1
147 208 1
148 359 1
149 264 1
150 512 1
151 229 1
151 259 1
151 404 1
151 451 1
151 492 1
152 22 1
152 333 1
153 381 1
154 307 1
154 353 1
154 404 1
155 420 1
156 367 1
157 118 1
157 131 1
157 251 1
157 279 1
158 273 1
159 299 1
160 263 1
161 49 1
161 200 1
161 434 1
162 72 1
162 253 1
162 410 1
163 468 1
164 223 1
165 70 1
166 334 1
166 408 1
167 352 1
168 7 1
168 56 1
169 342 1
169 394 1
170 456 1
171 509 1
172 364 1
173 114 1
173 241 1
174 113 1
175 148 1
175 272 1
176 433 1
176 447 1
177 506 1
178 374 1
179 173 1
180 353 1
180 499 1
181 454 1
182 309 1
182 366 1
183 343 1
183 479 1
184 391 1
185 315 1
186 430 1
187 135 1
187 444 1
188 266 1
189 389 1
189 479 1
190 316 1
190 369 1
191 102 1
192 353 1
193 177 1
194 329 1
194 342 1
195 99 1
196 89 1
196 424 1
197 340 1
197 351 1
198 418 1
199 449 1
200 69 1
201 152 1
201 502 1
202 464 1
203 290 1
203 375 1
204 144 1
204 167 1
205 66 1
206 14 1
207 313 1
208 121 1
208 243 1
209 331 1
210 343 1
210 432 1
211 174 1
211 347 1
212 294 1
213 126 1
214 33 1
215 144 1
215 187 1
216 312 1
217 134 1
217 475 1
218 95 1
218 456 1
219 324 1
220 23 1
221 96 1
222 183 1
222 470 1
223 464 1
224 340 1
225 298 1
226 99 1
227 375 1
228 471 1
229 153 1
230 90 1
231 394 1
232 242 1
233 93 1
234 31 1
235 368 1
236 54 1
237 30 1
238 134 1
239 317 1
240 208 1
241 32 1
242 101 1
243 74 1
244 474 1
245 323 1
246 496 1
247 462 1
248 216 1
249 485 1
250 466 1
251 171 1
252 382 1
253 365 1
254 367 1
255 337 1
256 190 1
257 34 1
258 426 1
259 487 1
260 163 1
261 147 1
262 372 1
263 376 1
264 280 1
265 319 1
266 489 1
267 348 1
268 491 1
269 52 1
270 129 1
271 28 1
272 165 1
273 416 1
274 378 1
275 281 1
276 484 1
277 351 1
278 4 1
279 386 1
280 438 1
281 476 1
282 461 1
283 157 1
284 371 1
285 232 1
286 483 1
287 296 1
288 209 1
289 443 1
290 350 1
291 466 1
292 504 1
293 482 1
294 6 1
295 335 1
296 501 1
297 291 1
298 399 1
299 376 1
300 380 1
301 17 1
302 342 1
303 9 1
304 237 1
305 347 1
306 356 1
307 447 1
308 477 1
309 55 1
310 324 1
311 272 1
312 349 1
313 346 1
314 141 1
315 239 1
316 189 1
317 315 1
318 505 1
319 132 1
320 159 1
321 161 1
322 441 1
323 499 1
324 480 1
325 473 1
326 245 1
327 305 1
328 181 1
329 388 1
330 445 1
331 373 1
332 379 1
333 201 1
334 149 1
335 473 1
336 492 1
337 313 1
338 392 1
339 234 1
340 481 1
341 108 1
341 197 1
341 202 1
341 250 1
341 404 1
342 20 1
342 28 1
342 40 1
342 310 1
342 395 1
343 289 1
344 86 1
344 128 1
344 355 1
344 448 1
344 488 1
345 112 1
346 136 1
346 184 1
346 194 1
346 335 1
346 337 1
347 125 1
348 40 1
348 92 1
348 248 1
348 347 1
348 412 1
349 495 1
350 76 1
350 203 1
350 232 1
350 312 1
350 327 1
351 399 1
352 63 1
352 205 1
352 454 1
352 467 1
353 222 1
354 507 1
355 458 1
356 485 1
357 439 1
358 362 1
359 178 1
360 124 1
361 108 1
362 169 1
363 441 1
364 36 1
365 439 1
366 387 1
367 119 1
368 79 1
369 512 1
370 451 1
371 489 1
372 353 1
373 463 1
374 333 1
375 258 1
376 433 1
377 437 1
378 355 1
379 438 1
380 35 1
381 56 1
382 204 1
383 343 1
384 38 1
385 44 1
386 319 1
387 78 1
388 351 1
389 426 1
390 206 1
391 486 1
392 435 1
393 59 1
394 220 1
395 504 1
396 501 1
397 293 1
398 390 1
399 472 1
400 443 1
401 455 1
402 240 1
403 79 1
404 137 1
405 480 1
406 327 1
407 258 1
408 87 1
409 444 1
410 20 1
411 345 1
412 156 1
413 109 1
414 450 1
415 224 1
416 158 1
417 463 1
418 497 1
419 308 1
420 304 1
421 373 1
422 161 1
423 495 1
424 211 1
425 121 1
426 4 1
427 330 1
428 347 1
429 352 1
430 465 1
431 24 1
432 325 1
433 452 1
434 363 1
434 386 1
434 486 1
435 39 1
436 354 1
437 13 1
437 118 1
437 503 1
438 493 1
439 85 1
440 6 1
440 217 1
440 365 1
441 64 1
442 195 1
443 303 1
443 343 1
443 390 1
444 30 1
445 349 1
446 29 1
446 365 1
446 414 1
447 384 1
448 474 1
449 48 1
449 173 1
449 277 1
450 86 1
451 354 1
452 176 1
452 291 1
452 476 1
453 25 1
454 328 1
454 370 1
455 110 1
456 81 1
457 469 1
458 240 1
459 446 1
460 383 1
461 188 1
462 483 1
463 225 1
464 299 1
465 459 1
466 154 1
467 361 1
468 370 1
469 199 1
470 321 1
471 436 1
472 384 1
473 80 1
474 380 1
475 493 1
476 52 1
477 482 1
478 54 1
479 222 1
480 345 1
481 450 1
482 47 1
483 100 1
484 317 1
485 306 1
486 112 1
487 139 1
489 469 1
490 50 1
491 125 1
492 11 1
493 314 1
494 496 1
495 503 1
496 445 1
497 460 1
497 487 1
498 94 1
498 248 1
499 338 1
499 360 1
500 111 1
500 328 1
501 58 1
501 287 1
502 442 1
502 507 1
503 14 1
503 349 1
504 320 1
504 505 1
505 106 1
506 479 1
507 201 1
508 303 1
509 288 1
510 330 1
511 214 1
512 5 1
