1 93 1
1 300 1
1 308 1
1 399 1
1 408 1
2 410 1
3 167 1
3 208 1
3 250 1
3 258 1
3 445 1
3 507 1
4 259 1
5 57 1
5 160 1
5 183 1
5 395 1
5 446 1
6 4 1
7 38 1
7 251 1
7 264 1
7 293 1
7 310 1
7 379 1
8 352 1
9 247 1
9 317 1
9 342 1
9 432 1
9 455 1
10 481 1
11 6 1
11 282 1
11 335 1
11 422 1
11 424 1
11 512 1
12 3 1
13 53 1
13 130 1
13 314 1
13 381 1
13 504 1
14 442 1
15 56 1
15 94 1
15 226 1
15 302 1
15 343 1
15 351 1
16 344 1
17 54 1
17 133 1
17 366 1
17 436 1
17 503 1
18 318 1
19 165 1
19 257 1
19 317 1
19 363 1
19 439 1
19 472 1
20 328 1
21 173 1
21 271 1
21 456 1
21 463 1
21 495 1
22 490 1
23 12 1
23 196 1
23 322 1
23 326 1
23 361 1
23 500 1
24 414 1
25 29 1
25 294 1
25 303 1
25 447 1
25 485 1
26 92 1
27 58 1
27 65 1
27 298 1
27 349 1
27 399 1
27 408 1
28 367 1
29 7 1
29 46 1
29 350 1
29 438 1
29 506 1
30 358 1
31 74 1
31 239 1
31 314 1
31 351 1
31 446 1
31 450 1
32 435 1
33 5 1
33 214 1
33 287 1
33 315 1
33 491 1
34 392 1
35 98 1
35 115 1
35 320 1
35 336 1
35 447 1
35 485 1
36 491 1
37 6 1
37 232 1
37 339 1
37 342 1
37 389 1
38 103 1
39 75 1
39 197 1
39 319 1
39 341 1
39 354 1
39 401 1
40 250 1
41 148 1
41 300 1
41 416 1
41 471 1
41 497 1
42 502 1
43 48 1
43 170 1
43 240 1
43 358 1
43 360 1
43 388 1
44 277 1
45 151 1
45 195 1
45 323 1
45 432 1
45 448 1
46 434 1
47 305 1
47 349 1
47 412 1
47 444 1
47 450 1
47 457 1
48 242 1
49 10 1
49 85 1
49 245 1
49 349 1
49 508 1
50 496 1
51 154 1
51 173 1
51 403 1
51 478 1
51 481 1
51 487 1
52 441 1
53 40 1
53 155 1
53 234 1
53 321 1
53 454 1
54 220 1
55 38 1
55 266 1
55 283 1
55 285 1
55 428 1
55 483 1
56 377 1
57 22 1
57 132 1
57 449 1
58 433 1
59 180 1
59 202 1
59 316 1
59 484 1
60 48 1
61 15 1
61 27 1
61 332 1
61 430 1
61 478 1
61 483 1
62 295 1
63 301 1
63 452 1
63 477 1
63 488 1
64 59 1
65 179 1
66 92 1
66 410 1
66 453 1
67 184 1
68 359 1
69 67 1
69 127 1
70 383 1
71 316 1
72 404 1
73 18 1
73 22 1
73 32 1
73 125 1
73 147 1
73 149 1
73 153 1
73 224 1
73 235 1
73 298 1
73 320 1
73 332 1
73 355 1
73 360 1
73 378 1
73 385 1
73 454 1
73 459 1
73 467 1
73 469 1
73 479 1
73 492 1
74 14 1
74 144 1
75 10 1
76 24 1
76 122 1
76 441 1
77 126 1
78 377 1
79 140 1
79 486 1
79 490 1
80 90 1
81 443 1
82 25 1
82 406 1
83 359 1
84 383 1
85 353 1
86 289 1
86 311 1
86 432 1
86 473 1
86 510 1
87 422 1
87 448 1
88 328 1
89 42 1
89 334 1
89 511 1
90 66 1
91 267 1
92 114 1
92 215 1
92 447 1
93 453 1
94 509 1
95 180 1
95 181 1
96 187 1
97 296 1
98 377 1
99 166 1
99 263 1
99 362 1
99 403 1
99 503 1
100 62 1
100 338 1
101 505 1
102 233 1
102 256 1
102 355 1
103 215 1
104 68 1
105 83 1
105 101 1
105 201 1
106 2 1
107 331 1
108 199 1
108 482 1
109 86 1
110 492 1
111 288 1
112 156 1
112 307 1
112 344 1
112 381 1
112 493 1
113 169 1
113 438 1
114 291 1
115 323 1
115 466 1
115 479 1
116 81 1
117 373 1
118 206 1
118 217 1
118 280 1
119 109 1
120 108 1
121 112 1
121 426 1
122 104 1
123 305 1
124 397 1
125 33 1
125 331 1
125 334 1
125 373 1
125 439 1
126 353 1
126 372 1
127 128 1
128 64 1
128 176 1
128 356 1
129 118 1
130 479 1
131 345 1
131 375 1
131 473 1
132 117 1
133 72 1
134 255 1
134 312 1
135 510 1
136 141 1
137 347 1
138 43 1
138 55 1
138 147 1
138 182 1
138 218 1
139 111 1
139 210 1
140 496 1
141 194 1
141 264 1
141 458 1
142 506 1
143 338 1
144 343 1
144 370 1
144 376 1
145 70 1
146 39 1
147 231 1
147 359 1
148 494 1
149 494 1
150 512 1
151 32 1
151 34 1
151 307 1
151 364 1
151 369 1
152 394 1
152 475 1
153 498 1
154 288 1
154 313 1
154 337 1
155 291 1
156 404 1
157 50 1
157 279 1
157 322 1
157 464 1
158 465 1
159 310 1
160 229 1
161 102 1
161 138 1
161 227 1
162 448 1
162 466 1
162 511 1
163 84 1
164 480 1
165 392 1
166 157 1
166 168 1
167 295 1
168 99 1
168 340 1
169 95 1
169 178 1
170 371 1
171 461 1
172 493 1
173 134 1
173 304 1
174 79 1
175 241 1
175 329 1
176 17 1
176 378 1
177 420 1
178 499 1
179 459 1
180 216 1
180 487 1
181 509 1
182 171 1
182 302 1
183 129 1
183 312 1
184 157 1
185 97 1
186 96 1
187 4 1
187 445 1
188 79 1
189 46 1
189 294 1
190 28 1
190 370 1
191 80 1
192 224 1
193 42 1
194 52 1
194 136 1
195 424 1
196 2 1
196 60 1
197 50 1
197 212 1
198 467 1
199 450 1
200 346 1
201 226 1
201 435 1
202 192 1
203 440 1
203 455 1
204 345 1
204 390 1
205 105 1
206 500 1
207 389 1
208 44 1
208 463 1
209 135 1
210 58 1
210 476 1
211 204 1
211 274 1
212 203 1
213 329 1
214 11 1
215 20 1
215 441 1
216 390 1
217 219 1
217 482 1
218 333 1
218 391 1
219 282 1
220 353 1
221 412 1
222 336 1
222 364 1
223 469 1
224 414 1
225 131 1
226 61 1
227 394 1
228 242 1
229 438 1
230 337 1
231 389 1
232 36 1
233 21 1
234 13 1
235 124 1
236 362 1
237 8 1
238 354 1
239 325 1
240 303 1
241 379 1
242 393 1
243 347 1
244 172 1
245 418 1
246 324 1
247 365 1
248 445 1
249 484 1
250 194 1
251 339 1
252 292 1
253 158 1
254 120 1
255 88 1
256 451 1
257 87 1
258 108 1
259 119 1
260 201 1
261 165 1
262 266 1
263 433 1
264 501 1
265 406 1
266 193 1
267 14 1
268 451 1
269 480 1
270 41 1
271 347 1
272 499 1
273 37 1
274 159 1
275 474 1
276 112 1
277 208 1
278 234 1
279 468 1
280 223 1
281 437 1
282 290 1
283 138 1
284 191 1
285 489 1
286 164 1
287 232 1
288 460 1
289 69 1
290 77 1
291 486 1
292 462 1
293 382 1
294 82 1
295 304 1
296 56 1
297 23 1
298 185 1
299 131 1
300 28 1
301 437 1
302 36 1
303 274 1
304 471 1
305 501 1
306 369 1
307 211 1
308 16 1
309 361 1
310 54 1
311 395 1
312 334 1
313 443 1
314 318 1
315 125 1
316 324 1
317 393 1
318 76 1
319 311 1
320 49 1
321 333 1
322 161 1
323 105 1
324 237 1
325 472 1
326 430 1
327 357 1
328 292 1
329 261 1
330 468 1
331 325 1
332 336 1
333 363 1
334 350 1
335 240 1
336 347 1
337 51 1
338 440 1
339 91 1
340 24 1
341 19 1
341 198 1
341 281 1
341 444 1
341 495 1
342 144 1
342 187 1
342 249 1
342 273 1
342 330 1
343 309 1
344 121 1
344 308 1
344 442 1
344 476 1
344 477 1
345 225 1
346 35 1
346 100 1
346 297 1
346 352 1
346 475 1
347 351 1
348 306 1
348 309 1
348 330 1
348 384 1
348 397 1
349 456 1
350 20 1
350 63 1
350 383 1
350 442 1
350 504 1
351 386 1
352 161 1
352 200 1
352 420 1
352 435 1
353 374 1
354 348 1
355 365 1
356 269 1
357 1 1
358 34 1
359 386 1
360 356 1
361 343 1
362 433 1
363 321 1
364 189 1
365 461 1
366 299 1
367 190 1
368 47 1
369 45 1
370 339 1
371 489 1
372 395 1
373 315 1
374 107 1
375 299 1
376 342 1
377 60 1
378 139 1
379 436 1
380 69 1
381 434 1
382 387 1
383 163 1
384 457 1
385 40 1
386 353 1
387 375 1
388 290 1
389 243 1
390 30 1
391 222 1
392 287 1
393 16 1
394 428 1
395 319 1
396 387 1
397 134 1
398 207 1
399 376 1
400 451 1
401 137 1
402 465 1
403 382 1
404 313 1
405 123 1
406 253 1
407 174 1
408 327 1
409 341 1
410 396 1
411 367 1
412 357 1
413 121 1
414 391 1
415 280 1
416 475 1
417 12 1
418 162 1
419 327 1
420 380 1
421 326 1
422 453 1
423 293 1
424 150 1
425 346 1
426 86 1
427 388 1
428 152 1
429 30 1
430 380 1
431 345 1
432 426 1
433 99 1
434 8 1
434 142 1
434 497 1
435 474 1
436 71 1
437 78 1
437 248 1
437 337 1
438 384 1
439 340 1
440 143 1
440 385 1
440 456 1
441 62 1
442 296 1
443 95 1
443 116 1
443 460 1
444 256 1
445 209 1
446 82 1
446 449 1
446 487 1
447 26 1
448 371 1
449 106 1
449 146 1
449 186 1
450 368 1
451 470 1
452 365 1
452 401 1
452 485 1
453 458 1
454 343 1
454 436 1
455 175 1
456 338 1
457 368 1
458 462 1
459 340 1
460 488 1
461 301 1
462 44 1
463 66 1
464 470 1
465 248 1
466 418 1
467 416 1
468 348 1
469 151 1
470 366 1
471 349 1
472 9 1
473 335 1
474 481 1
475 26 1
476 118 1
477 272 1
478 335 1
479 351 1
480 483 1
481 508 1
482 258 1
483 110 1
484 188 1
485 502 1
486 342 1
487 371 1
489 31 1
490 145 1
491 505 1
492 498 1
493 372 1
494 205 1
495 306 1
496 439 1
497 396 1
497 452 1
498 177 1
498 275 1
499 404 1
499 477 1
500 52 1
500 297 1
501 345 1
501 374 1
502 89 1
502 113 1
503 272 1
503 444 1
504 18 1
504 265 1
505 221 1
506 64 1
507 289 1
508 474 1
509 222 1
510 507 1
511 464 1
512 213 1
