1 109 1
1 243 1
1 317 1
1 358 1
1 454 1
2 173 1
3 131 1
3 201 1
3 396 1
3 468 1
3 469 1
3 487 1
4 180 1
5 50 1
5 165 1
5 396 1
5 435 1
5 456 1
6 76 1
7 85 1
7 169 1
7 342 1
7 356 1
7 357 1
7 463 1
8 481 1
9 42 1
9 44 1
9 233 1
9 472 1
9 478 1
10 369 1
11 10 1
11 107 1
11 205 1
11 380 1
11 404 1
11 489 1
12 390 1
13 36 1
13 53 1
13 99 1
13 320 1
13 377 1
14 119 1
15 5 1
15 144 1
15 157 1
15 221 1
15 305 1
15 495 1
16 324 1
17 12 1
17 288 1
17 353 1
17 371 1
17 437 1
18 101 1
19 83 1
19 149 1
19 167 1
19 231 1
19 291 1
19 441 1
20 84 1
21 191 1
21 241 1
21 277 1
21 399 1
21 479 1
22 139 1
23 46 1
23 64 1
23 93 1
23 176 1
23 321 1
23 323 1
24 347 1
25 16 1
25 111 1
25 299 1
25 306 1
25 312 1
26 481 1
27 35 1
27 166 1
27 373 1
27 393 1
27 397 1
27 485 1
28 343 1
29 9 1
29 11 1
29 89 1
29 91 1
29 408 1
30 382 1
31 30 1
31 130 1
31 242 1
31 332 1
31 440 1
31 468 1
32 455 1
33 82 1
33 218 1
33 274 1
33 296 1
33 439 1
34 314 1
35 82 1
35 153 1
35 261 1
35 340 1
35 363 1
35 436 1
36 392 1
37 51 1
37 235 1
37 300 1
37 328 1
37 379 1
38 183 1
39 4 1
39 65 1
39 96 1
39 308 1
39 343 1
39 432 1
40 142 1
41 110 1
41 237 1
41 310 1
41 355 1
41 361 1
42 395 1
43 72 1
43 124 1
43 224 1
43 287 1
43 313 1
43 322 1
44 29 1
45 160 1
45 264 1
45 279 1
45 444 1
45 450 1
46 366 1
47 4 1
47 209 1
47 374 1
47 430 1
47 441 1
47 480 1
48 483 1
49 16 1
49 17 1
49 39 1
49 206 1
49 395 1
50 258 1
51 18 1
51 33 1
51 34 1
51 78 1
51 182 1
51 282 1
52 92 1
53 32 1
53 234 1
53 348 1
53 376 1
53 391 1
54 165 1
55 181 1
55 192 1
55 214 1
55 259 1
55 289 1
55 476 1
56 512 1
57 401 1
57 406 1
57 473 1
58 337 1
59 158 1
59 321 1
59 337 1
59 462 1
60 354 1
61 77 1
61 134 1
61 223 1
61 344 1
61 414 1
61 426 1
62 445 1
63 126 1
63 240 1
63 340 1
63 461 1
64 412 1
65 483 1
66 22 1
66 50 1
66 364 1
67 38 1
68 474 1
69 60 1
69 475 1
70 327 1
71 8 1
72 300 1
73 8 1
73 14 1
73 34 1
73 67 1
73 121 1
73 177 1
73 200 1
73 281 1
73 292 1
73 295 1
73 320 1
73 328 1
73 334 1
73 347 1
73 362 1
73 388 1
73 403 1
73 416 1
73 436 1
73 446 1
73 457 1
73 477 1
74 454 1
74 458 1
75 38 1
76 98 1
76 148 1
76 437 1
77 503 1
78 213 1
79 189 1
79 302 1
79 352 1
80 271 1
81 359 1
82 2 1
82 345 1
83 434 1
84 304 1
85 121 1
86 184 1
86 232 1
86 384 1
86 489 1
86 500 1
87 465 1
87 486 1
88 117 1
89 40 1
89 253 1
89 263 1
90 23 1
91 316 1
92 266 1
92 376 1
92 509 1
93 87 1
94 48 1
95 296 1
95 447 1
96 207 1
97 506 1
98 315 1
99 349 1
99 369 1
99 390 1
99 432 1
99 438 1
100 297 1
100 318 1
101 275 1
102 62 1
102 363 1
102 492 1
103 305 1
104 174 1
105 86 1
105 386 1
105 474 1
106 164 1
107 226 1
108 371 1
108 493 1
109 293 1
110 442 1
111 282 1
112 99 1
112 187 1
112 334 1
112 370 1
112 450 1
113 250 1
113 326 1
114 491 1
115 135 1
115 335 1
115 453 1
116 351 1
117 132 1
118 86 1
118 247 1
118 291 1
119 374 1
120 461 1
121 97 1
121 287 1
122 330 1
123 316 1
124 372 1
125 68 1
125 144 1
125 265 1
125 464 1
125 499 1
126 303 1
126 487 1
127 392 1
128 133 1
128 225 1
128 385 1
129 329 1
130 56 1
131 52 1
131 330 1
131 435 1
132 251 1
133 331 1
134 229 1
134 382 1
135 156 1
136 18 1
137 249 1
138 342 1
138 471 1
138 484 1
138 494 1
138 504 1
139 349 1
139 379 1
140 102 1
141 69 1
141 92 1
141 438 1
142 138 1
143 54 1
144 45 1
144 108 1
144 510 1
145 3 1
146 304 1
147 20 1
147 509 1
148 6 1
149 70 1
150 294 1
151 74 1
151 122 1
151 455 1
151 479 1
151 481 1
152 289 1
152 360 1
153 172 1
154 161 1
154 414 1
154 459 1
155 433 1
156 492 1
157 355 1
157 375 1
157 428 1
157 482 1
158 297 1
159 216 1
160 104 1
161 105 1
161 226 1
161 462 1
162 80 1
162 227 1
162 459 1
163 6 1
164 490 1
165 466 1
166 170 1
166 447 1
167 446 1
168 458 1
168 474 1
169 202 1
169 444 1
170 27 1
171 385 1
172 280 1
173 145 1
173 389 1
174 151 1
175 217 1
175 389 1
176 143 1
176 505 1
177 456 1
178 193 1
179 387 1
180 47 1
180 491 1
181 311 1
182 224 1
182 353 1
183 383 1
183 448 1
184 357 1
185 433 1
186 212 1
187 248 1
187 442 1
188 319 1
189 366 1
189 510 1
190 36 1
190 406 1
191 128 1
192 479 1
193 194 1
194 41 1
194 178 1
195 66 1
196 307 1
196 335 1
197 163 1
197 424 1
198 303 1
199 264 1
200 75 1
201 26 1
201 294 1
202 173 1
203 384 1
203 465 1
204 381 1
204 418 1
205 508 1
206 380 1
207 496 1
208 307 1
208 420 1
209 472 1
210 185 1
210 420 1
211 339 1
211 475 1
212 512 1
213 345 1
214 487 1
215 285 1
215 368 1
216 422 1
217 333 1
217 502 1
218 331 1
218 352 1
219 315 1
220 103 1
221 295 1
222 42 1
222 353 1
223 314 1
224 449 1
225 338 1
226 106 1
227 61 1
228 290 1
229 201 1
230 292 1
231 127 1
232 470 1
233 125 1
234 410 1
235 95 1
236 359 1
237 497 1
238 40 1
239 356 1
240 422 1
241 90 1
242 401 1
243 10 1
244 339 1
245 476 1
246 120 1
247 351 1
248 146 1
249 171 1
250 448 1
251 333 1
252 62 1
253 507 1
254 301 1
255 351 1
256 250 1
257 179 1
258 418 1
259 358 1
260 288 1
261 466 1
262 439 1
263 447 1
264 359 1
265 449 1
266 105 1
267 198 1
268 7 1
269 365 1
270 255 1
271 234 1
272 365 1
273 365 1
274 203 1
275 377 1
276 14 1
277 136 1
278 322 1
279 343 1
280 100 1
281 63 1
282 71 1
283 306 1
284 272 1
285 428 1
286 388 1
287 404 1
288 269 1
289 329 1
290 424 1
291 448 1
292 232 1
293 141 1
294 46 1
295 433 1
296 15 1
297 280 1
298 470 1
299 393 1
300 43 1
301 353 1
302 346 1
303 272 1
304 256 1
305 195 1
306 342 1
307 399 1
308 511 1
309 368 1
310 442 1
311 55 1
312 326 1
313 453 1
314 370 1
315 488 1
316 434 1
317 256 1
318 488 1
319 378 1
320 440 1
321 394 1
322 293 1
323 150 1
324 302 1
325 490 1
326 334 1
327 69 1
328 501 1
329 58 1
330 475 1
331 58 1
332 147 1
333 2 1
334 190 1
335 451 1
336 485 1
337 301 1
338 503 1
339 450 1
340 138 1
341 313 1
341 336 1
341 443 1
341 457 1
341 501 1
342 25 1
342 59 1
342 298 1
342 324 1
342 340 1
343 175 1
344 60 1
344 161 1
344 327 1
344 347 1
344 452 1
345 372 1
346 49 1
346 240 1
346 338 1
346 486 1
346 496 1
347 159 1
348 215 1
348 377 1
348 394 1
348 445 1
348 464 1
349 484 1
350 88 1
350 118 1
350 186 1
350 219 1
350 404 1
351 345 1
352 325 1
352 439 1
352 467 1
352 499 1
353 337 1
354 383 1
355 12 1
356 495 1
357 493 1
358 453 1
359 199 1
360 194 1
361 335 1
362 64 1
363 31 1
364 443 1
365 408 1
366 349 1
367 310 1
368 482 1
369 416 1
370 347 1
371 410 1
372 95 1
373 204 1
374 180 1
375 350 1
376 52 1
377 467 1
378 436 1
379 22 1
380 308 1
381 373 1
382 26 1
383 336 1
384 28 1
385 290 1
386 266 1
387 258 1
388 257 1
389 168 1
390 112 1
391 54 1
392 497 1
393 81 1
394 504 1
395 344 1
396 341 1
397 478 1
398 494 1
399 208 1
400 477 1
401 364 1
402 245 1
403 349 1
404 112 1
405 152 1
406 311 1
407 215 1
408 114 1
409 361 1
410 108 1
411 383 1
412 362 1
413 473 1
414 79 1
415 367 1
416 469 1
417 134 1
418 129 1
419 283 1
420 30 1
421 403 1
422 477 1
423 387 1
424 460 1
425 162 1
426 378 1
427 432 1
428 24 1
429 157 1
430 312 1
431 502 1
432 32 1
433 391 1
434 20 1
434 28 1
434 445 1
435 325 1
436 319 1
437 44 1
437 274 1
437 341 1
438 13 1
439 187 1
440 57 1
440 318 1
440 360 1
441 354 1
442 208 1
443 66 1
443 188 1
443 505 1
444 483 1
445 1 1
446 19 1
446 56 1
446 471 1
447 444 1
448 339 1
449 123 1
449 343 1
449 397 1
450 375 1
451 115 1
452 395 1
452 441 1
452 463 1
453 451 1
454 309 1
454 351 1
455 485 1
456 511 1
457 239 1
458 389 1
459 426 1
460 211 1
461 222 1
462 154 1
463 125 1
464 438 1
465 21 1
466 137 1
467 298 1
468 151 1
469 508 1
470 342 1
471 299 1
472 248 1
473 197 1
474 273 1
475 131 1
476 196 1
477 386 1
478 346 1
479 222 1
480 220 1
481 480 1
482 309 1
483 94 1
484 452 1
485 210 1
486 113 1
487 381 1
489 371 1
490 435 1
491 242 1
492 140 1
493 507 1
494 317 1
495 155 1
496 37 1
497 267 1
497 345 1
498 147 1
498 348 1
499 79 1
499 451 1
500 118 1
500 456 1
501 412 1
501 498 1
502 336 1
502 460 1
503 48 1
503 116 1
504 332 1
504 367 1
505 506 1
506 338 1
507 24 1
508 350 1
509 498 1
510 430 1
511 500 1
512 323 1
