1 24 1
1 152 1
1 408 1
1 437 1
1 456 1
2 330 1
3 245 1
3 317 1
3 343 1
3 446 1
3 447 1
3 478 1
4 451 1
5 21 1
5 255 1
5 283 1
5 416 1
5 464 1
6 353 1
7 42 1
7 83 1
7 374 1
7 386 1
7 448 1
7 480 1
8 347 1
9 142 1
9 375 1
9 408 1
9 416 1
9 420 1
10 292 1
11 46 1
11 98 1
11 155 1
11 239 1
11 436 1
11 499 1
12 259 1
13 131 1
13 217 1
13 453 1
13 463 1
13 492 1
14 325 1
15 447 1
15 457 1
15 458 1
15 481 1
15 482 1
15 507 1
16 328 1
17 165 1
17 208 1
17 373 1
17 377 1
17 486 1
18 129 1
19 86 1
19 267 1
19 303 1
19 312 1
19 313 1
19 436 1
20 28 1
21 169 1
21 369 1
21 376 1
21 438 1
21 477 1
22 108 1
23 121 1
23 296 1
23 307 1
23 450 1
23 474 1
23 485 1
24 148 1
25 163 1
25 332 1
25 399 1
25 439 1
25 449 1
26 452 1
27 109 1
27 210 1
27 269 1
27 292 1
27 336 1
27 483 1
28 339 1
29 6 1
29 162 1
29 388 1
29 404 1
29 490 1
30 223 1
31 69 1
31 76 1
31 100 1
31 147 1
31 182 1
31 258 1
32 282 1
33 82 1
33 249 1
33 308 1
33 318 1
33 351 1
34 344 1
35 67 1
35 256 1
35 301 1
35 351 1
35 366 1
35 450 1
36 501 1
37 105 1
37 243 1
37 380 1
37 437 1
37 470 1
38 374 1
39 32 1
39 110 1
39 201 1
39 372 1
39 502 1
39 507 1
40 37 1
41 38 1
41 229 1
41 322 1
41 448 1
41 498 1
42 505 1
43 272 1
43 294 1
43 329 1
43 379 1
43 384 1
43 426 1
44 177 1
45 50 1
45 51 1
45 347 1
45 349 1
45 426 1
46 18 1
47 187 1
47 306 1
47 315 1
47 336 1
47 347 1
47 485 1
48 79 1
49 71 1
49 215 1
49 258 1
49 385 1
49 395 1
50 20 1
51 340 1
51 359 1
51 360 1
51 371 1
51 389 1
51 401 1
52 449 1
53 313 1
53 338 1
53 445 1
53 454 1
53 485 1
54 396 1
55 57 1
55 118 1
55 225 1
55 257 1
55 365 1
55 499 1
56 478 1
57 444 1
57 448 1
57 495 1
58 240 1
59 23 1
59 324 1
59 363 1
59 445 1
60 393 1
61 62 1
61 85 1
61 184 1
61 288 1
61 487 1
61 493 1
62 368 1
63 113 1
63 297 1
63 328 1
63 367 1
64 442 1
65 241 1
66 359 1
66 472 1
66 496 1
67 264 1
68 401 1
69 28 1
69 146 1
70 465 1
71 363 1
72 341 1
73 2 1
73 4 1
73 17 1
73 86 1
73 93 1
73 114 1
73 134 1
73 141 1
73 154 1
73 193 1
73 198 1
73 220 1
73 250 1
73 287 1
73 340 1
73 345 1
73 370 1
73 380 1
73 404 1
73 418 1
73 422 1
73 480 1
74 2 1
74 191 1
75 78 1
76 274 1
76 354 1
76 489 1
77 357 1
78 466 1
79 322 1
79 365 1
79 438 1
80 389 1
81 316 1
82 251 1
82 475 1
83 153 1
84 483 1
85 280 1
86 136 1
86 222 1
86 361 1
86 468 1
86 506 1
87 205 1
87 497 1
88 30 1
89 317 1
89 356 1
89 484 1
90 472 1
91 488 1
92 3 1
92 250 1
92 479 1
93 342 1
94 56 1
95 248 1
95 466 1
96 295 1
97 491 1
98 321 1
99 176 1
99 181 1
99 314 1
99 382 1
99 458 1
100 388 1
100 447 1
101 143 1
102 55 1
102 171 1
102 332 1
103 335 1
104 172 1
105 133 1
105 378 1
105 479 1
106 201 1
107 161 1
108 13 1
108 208 1
109 393 1
110 144 1
111 170 1
112 214 1
112 282 1
112 315 1
112 368 1
112 457 1
113 288 1
113 337 1
114 403 1
115 97 1
115 197 1
115 333 1
116 503 1
117 31 1
118 102 1
118 224 1
118 360 1
119 441 1
120 477 1
121 10 1
121 428 1
122 6 1
123 26 1
124 331 1
125 52 1
125 116 1
125 138 1
125 310 1
125 378 1
126 16 1
126 358 1
127 131 1
128 207 1
128 385 1
128 389 1
129 451 1
130 345 1
131 234 1
131 305 1
131 433 1
132 195 1
133 145 1
134 293 1
134 386 1
135 234 1
136 125 1
137 404 1
138 39 1
138 56 1
138 216 1
138 381 1
138 434 1
139 432 1
139 512 1
140 203 1
141 226 1
141 321 1
141 467 1
142 291 1
143 90 1
144 96 1
144 314 1
144 369 1
145 105 1
146 242 1
147 22 1
147 112 1
148 511 1
149 187 1
150 452 1
151 149 1
151 261 1
151 365 1
151 395 1
151 461 1
152 180 1
152 394 1
153 343 1
154 240 1
154 304 1
154 455 1
155 465 1
156 35 1
157 27 1
157 235 1
157 495 1
157 510 1
158 418 1
159 496 1
160 213 1
161 434 1
161 446 1
161 469 1
162 101 1
162 342 1
162 410 1
163 188 1
164 52 1
165 175 1
166 137 1
166 399 1
167 312 1
168 307 1
168 370 1
169 5 1
169 68 1
170 200 1
171 474 1
172 174 1
173 339 1
173 390 1
174 221 1
175 493 1
175 504 1
176 196 1
176 430 1
177 355 1
178 488 1
179 311 1
180 335 1
180 463 1
181 58 1
182 338 1
182 340 1
183 334 1
183 481 1
184 54 1
185 54 1
186 438 1
187 122 1
187 462 1
188 183 1
189 206 1
189 473 1
190 345 1
190 494 1
191 295 1
192 242 1
193 435 1
194 414 1
194 440 1
195 277 1
196 99 1
196 231 1
197 64 1
197 81 1
198 19 1
199 326 1
200 256 1
201 138 1
201 453 1
202 115 1
203 151 1
203 451 1
204 132 1
204 281 1
205 509 1
206 95 1
207 376 1
208 303 1
208 334 1
209 4 1
210 329 1
210 475 1
211 49 1
211 476 1
212 306 1
213 63 1
214 353 1
215 406 1
215 498 1
216 352 1
217 190 1
217 224 1
218 144 1
218 467 1
219 394 1
220 227 1
221 158 1
222 79 1
222 396 1
223 474 1
224 379 1
225 353 1
226 335 1
227 324 1
228 135 1
229 512 1
230 297 1
231 456 1
232 433 1
233 271 1
234 10 1
235 327 1
236 430 1
237 46 1
238 382 1
239 323 1
240 38 1
241 316 1
242 460 1
243 212 1
244 62 1
245 414 1
246 349 1
247 248 1
248 403 1
249 326 1
250 95 1
251 15 1
252 192 1
253 168 1
254 491 1
255 139 1
256 362 1
257 30 1
258 117 1
259 371 1
260 289 1
261 107 1
262 106 1
263 387 1
264 173 1
265 186 1
266 147 1
267 120 1
268 41 1
269 501 1
270 459 1
271 77 1
272 25 1
273 233 1
274 26 1
275 151 1
276 53 1
277 424 1
278 346 1
279 510 1
280 412 1
281 440 1
282 265 1
283 377 1
284 444 1
285 264 1
286 482 1
287 350 1
288 104 1
289 320 1
290 88 1
291 356 1
292 226 1
293 509 1
294 502 1
295 310 1
296 43 1
297 353 1
298 373 1
299 464 1
300 325 1
301 160 1
302 44 1
303 65 1
304 294 1
305 47 1
306 428 1
307 358 1
308 475 1
309 484 1
310 273 1
311 341 1
312 460 1
313 301 1
314 435 1
315 348 1
316 439 1
317 298 1
318 263 1
319 392 1
320 9 1
321 319 1
322 300 1
323 11 1
324 209 1
325 1 1
326 468 1
327 436 1
328 185 1
329 34 1
330 392 1
331 232 1
332 194 1
333 48 1
334 108 1
335 237 1
336 157 1
337 150 1
338 60 1
339 311 1
340 70 1
341 33 1
341 179 1
341 339 1
341 362 1
341 435 1
342 29 1
342 103 1
342 309 1
342 345 1
342 412 1
343 364 1
344 99 1
344 111 1
344 127 1
344 487 1
344 505 1
345 202 1
346 24 1
346 232 1
346 299 1
346 300 1
346 343 1
347 397 1
348 20 1
348 94 1
348 215 1
348 422 1
348 486 1
349 12 1
350 8 1
350 167 1
350 351 1
350 487 1
350 503 1
351 156 1
352 59 1
352 289 1
352 309 1
352 338 1
353 343 1
354 16 1
355 36 1
356 367 1
357 390 1
358 130 1
359 140 1
360 506 1
361 298 1
362 508 1
363 352 1
364 7 1
365 87 1
366 36 1
367 354 1
368 397 1
369 218 1
370 219 1
371 121 1
372 180 1
373 500 1
374 299 1
375 290 1
376 302 1
377 42 1
378 441 1
379 504 1
380 119 1
381 189 1
382 357 1
383 61 1
384 351 1
385 406 1
386 346 1
387 318 1
388 342 1
389 45 1
390 290 1
391 302 1
392 500 1
393 511 1
394 323 1
395 211 1
396 383 1
397 266 1
398 337 1
399 44 1
400 14 1
401 445 1
402 157 1
403 247 1
404 489 1
405 476 1
406 348 1
407 91 1
408 462 1
409 439 1
410 22 1
411 410 1
412 8 1
413 432 1
414 291 1
415 483 1
416 492 1
417 80 1
418 266 1
419 372 1
420 34 1
421 50 1
422 349 1
423 253 1
424 420 1
425 347 1
426 456 1
427 433 1
428 320 1
429 69 1
430 432 1
431 159 1
432 443 1
433 331 1
434 308 1
434 361 1
434 477 1
435 72 1
436 375 1
437 82 1
437 371 1
437 471 1
438 359 1
439 272 1
440 161 1
440 349 1
440 442 1
441 350 1
442 383 1
443 14 1
443 391 1
443 455 1
444 319 1
445 194 1
446 40 1
446 459 1
446 470 1
447 66 1
448 450 1
449 164 1
449 442 1
449 443 1
450 453 1
451 18 1
452 123 1
452 274 1
452 471 1
453 481 1
454 89 1
454 387 1
455 112 1
456 344 1
457 58 1
458 285 1
459 48 1
460 424 1
461 275 1
462 124 1
463 494 1
464 126 1
465 497 1
466 355 1
467 479 1
468 199 1
469 66 1
470 74 1
471 280 1
472 204 1
473 381 1
474 118 1
475 490 1
476 336 1
477 444 1
478 279 1
479 473 1
480 364 1
481 32 1
482 173 1
483 166 1
484 342 1
485 293 1
486 287 1
487 383 1
489 441 1
490 384 1
491 377 1
492 92 1
493 296 1
494 222 1
495 64 1
496 469 1
497 40 1
497 395 1
498 12 1
498 75 1
499 391 1
499 454 1
500 330 1
500 337 1
501 125 1
501 366 1
502 304 1
502 333 1
503 128 1
503 178 1
504 165 1
504 461 1
505 508 1
506 92 1
507 60 1
508 305 1
509 134 1
510 327 1
511 84 1
512 334 1
