1 80 1
1 215 1
1 243 1
1 282 1
1 352 1
2 86 1
3 322 1
3 324 1
3 347 1
3 349 1
3 454 1
3 489 1
4 494 1
5 147 1
5 249 1
5 452 1
5 468 1
5 477 1
6 223 1
7 62 1
7 153 1
7 318 1
7 350 1
7 447 1
7 461 1
8 140 1
9 139 1
9 285 1
9 378 1
9 418 1
9 448 1
10 258 1
11 91 1
11 170 1
11 329 1
11 353 1
11 393 1
11 507 1
12 378 1
13 7 1
13 99 1
13 131 1
13 323 1
13 476 1
14 108 1
15 169 1
15 232 1
15 293 1
15 381 1
15 430 1
15 432 1
16 55 1
17 36 1
17 64 1
17 200 1
17 240 1
17 498 1
18 109 1
19 74 1
19 95 1
19 161 1
19 277 1
19 391 1
19 502 1
20 391 1
21 10 1
21 90 1
21 326 1
21 355 1
21 422 1
22 136 1
23 129 1
23 257 1
23 332 1
23 374 1
23 397 1
23 495 1
24 187 1
25 14 1
25 138 1
25 224 1
25 306 1
25 464 1
26 434 1
27 46 1
27 248 1
27 315 1
27 372 1
27 432 1
27 503 1
28 201 1
29 218 1
29 272 1
29 274 1
29 482 1
29 491 1
30 458 1
31 208 1
31 338 1
31 345 1
31 374 1
31 385 1
31 395 1
32 296 1
33 8 1
33 298 1
33 315 1
33 347 1
33 448 1
34 438 1
35 38 1
35 62 1
35 197 1
35 306 1
35 377 1
35 428 1
36 380 1
37 114 1
37 312 1
37 334 1
37 355 1
37 462 1
38 445 1
39 158 1
39 291 1
39 343 1
39 344 1
39 435 1
39 441 1
40 463 1
41 122 1
41 274 1
41 440 1
41 457 1
41 498 1
42 481 1
43 18 1
43 214 1
43 310 1
43 361 1
43 439 1
43 453 1
44 376 1
45 111 1
45 128 1
45 288 1
45 320 1
45 333 1
46 367 1
47 43 1
47 82 1
47 213 1
47 368 1
47 509 1
47 511 1
48 227 1
49 269 1
49 360 1
49 368 1
49 457 1
49 500 1
50 354 1
51 14 1
51 32 1
51 390 1
51 416 1
51 424 1
51 475 1
52 119 1
53 52 1
53 61 1
53 162 1
53 248 1
53 362 1
54 467 1
55 20 1
55 66 1
55 289 1
55 371 1
55 410 1
55 499 1
56 392 1
57 144 1
57 336 1
57 396 1
58 42 1
59 210 1
59 250 1
59 337 1
59 472 1
60 201 1
61 54 1
61 105 1
61 181 1
61 279 1
61 383 1
61 404 1
62 387 1
63 30 1
63 364 1
63 403 1
63 441 1
64 430 1
65 16 1
66 167 1
66 250 1
66 288 1
67 468 1
68 345 1
69 345 1
69 404 1
70 359 1
71 309 1
72 325 1
73 48 1
73 50 1
73 79 1
73 124 1
73 144 1
73 171 1
73 173 1
73 193 1
73 294 1
73 295 1
73 303 1
73 343 1
73 353 1
73 392 1
73 395 1
73 406 1
73 412 1
73 447 1
73 480 1
73 488 1
73 493 1
73 509 1
74 127 1
74 337 1
75 24 1
76 314 1
76 440 1
76 474 1
77 401 1
78 401 1
79 121 1
79 224 1
79 316 1
80 67 1
81 362 1
82 132 1
82 330 1
83 338 1
84 454 1
85 384 1
86 65 1
86 121 1
86 245 1
86 358 1
86 497 1
87 40 1
87 359 1
88 333 1
89 168 1
89 194 1
89 334 1
90 290 1
91 77 1
92 11 1
92 45 1
92 487 1
93 42 1
94 351 1
95 344 1
95 451 1
96 149 1
97 194 1
98 134 1
99 107 1
99 271 1
99 314 1
99 339 1
99 485 1
100 96 1
100 133 1
101 316 1
102 291 1
102 465 1
102 505 1
103 118 1
104 337 1
105 33 1
105 34 1
105 202 1
106 298 1
107 296 1
108 176 1
108 234 1
109 508 1
110 450 1
111 321 1
112 21 1
112 56 1
112 209 1
112 342 1
112 502 1
113 231 1
113 455 1
114 437 1
115 26 1
115 340 1
115 506 1
116 369 1
117 460 1
118 112 1
118 437 1
118 458 1
119 456 1
120 326 1
121 116 1
121 183 1
122 325 1
123 313 1
124 83 1
125 106 1
125 329 1
125 376 1
125 486 1
125 499 1
126 160 1
126 198 1
127 13 1
128 52 1
128 384 1
128 449 1
129 327 1
130 475 1
131 63 1
131 334 1
131 379 1
132 301 1
133 389 1
134 343 1
134 455 1
135 512 1
136 4 1
137 49 1
138 18 1
138 330 1
138 372 1
138 394 1
138 506 1
139 101 1
139 477 1
140 6 1
141 307 1
141 341 1
141 485 1
142 205 1
143 399 1
144 146 1
144 151 1
144 471 1
145 354 1
146 470 1
147 164 1
147 186 1
148 426 1
149 264 1
150 397 1
151 17 1
151 435 1
151 444 1
151 466 1
151 480 1
152 51 1
152 324 1
153 366 1
154 104 1
154 381 1
154 410 1
155 318 1
156 4 1
157 217 1
157 280 1
157 311 1
157 443 1
158 20 1
159 370 1
160 360 1
161 290 1
161 295 1
161 361 1
162 112 1
162 382 1
162 447 1
163 221 1
164 299 1
165 100 1
166 199 1
166 340 1
167 489 1
168 309 1
168 408 1
169 233 1
169 496 1
170 92 1
171 487 1
172 3 1
173 54 1
173 436 1
174 50 1
175 8 1
175 433 1
176 264 1
176 287 1
177 110 1
178 512 1
179 443 1
180 234 1
180 380 1
181 365 1
182 352 1
182 424 1
183 79 1
183 125 1
184 459 1
185 256 1
186 266 1
187 356 1
187 394 1
188 182 1
189 347 1
189 478 1
190 297 1
190 320 1
191 317 1
192 85 1
193 495 1
194 212 1
194 484 1
195 187 1
196 57 1
196 486 1
197 150 1
197 364 1
198 115 1
199 478 1
200 436 1
201 302 1
201 474 1
202 174 1
203 388 1
203 477 1
204 148 1
204 157 1
205 399 1
206 319 1
207 178 1
208 103 1
208 393 1
209 452 1
210 345 1
210 363 1
211 439 1
211 492 1
212 16 1
213 135 1
214 266 1
215 156 1
215 335 1
216 386 1
217 442 1
217 485 1
218 389 1
218 436 1
219 390 1
220 157 1
221 2 1
222 93 1
222 492 1
223 36 1
224 113 1
225 26 1
226 373 1
227 173 1
228 12 1
229 102 1
230 287 1
231 58 1
232 385 1
233 351 1
234 483 1
235 336 1
236 195 1
237 347 1
238 403 1
239 308 1
240 371 1
241 44 1
242 222 1
243 321 1
244 438 1
245 479 1
246 237 1
247 351 1
248 22 1
249 305 1
250 363 1
251 60 1
252 353 1
253 263 1
254 432 1
255 469 1
256 476 1
257 328 1
258 239 1
259 75 1
260 225 1
261 240 1
262 94 1
263 131 1
264 242 1
265 64 1
266 367 1
267 479 1
268 327 1
269 469 1
270 396 1
271 12 1
272 304 1
273 117 1
274 69 1
275 438 1
276 126 1
277 377 1
278 29 1
279 179 1
280 242 1
281 2 1
282 349 1
283 349 1
284 473 1
285 444 1
286 219 1
287 108 1
288 31 1
289 304 1
290 505 1
291 433 1
292 501 1
293 155 1
294 241 1
295 292 1
296 484 1
297 450 1
298 340 1
299 451 1
300 359 1
301 125 1
302 358 1
303 308 1
304 382 1
305 470 1
306 299 1
307 446 1
308 258 1
309 229 1
310 138 1
311 353 1
312 503 1
313 297 1
314 331 1
315 71 1
316 206 1
317 282 1
318 189 1
319 215 1
320 462 1
321 370 1
322 338 1
323 377 1
324 172 1
325 41 1
326 444 1
327 406 1
328 259 1
329 356 1
330 142 1
331 99 1
332 343 1
333 339 1
334 441 1
335 98 1
336 196 1
337 471 1
338 190 1
339 483 1
340 192 1
341 185 1
341 265 1
341 339 1
341 446 1
341 497 1
342 15 1
342 22 1
342 300 1
342 335 1
342 435 1
343 428 1
344 19 1
344 32 1
344 147 1
344 386 1
344 449 1
345 87 1
346 123 1
346 207 1
346 418 1
346 481 1
346 490 1
347 10 1
348 25 1
348 208 1
348 479 1
348 487 1
348 496 1
349 508 1
350 9 1
350 161 1
350 307 1
350 426 1
350 483 1
351 180 1
352 44 1
352 68 1
352 365 1
352 383 1
353 58 1
354 311 1
355 302 1
356 491 1
357 267 1
358 500 1
359 319 1
360 453 1
361 317 1
362 292 1
363 59 1
364 456 1
365 232 1
366 473 1
367 474 1
368 137 1
369 46 1
370 510 1
371 53 1
372 465 1
373 346 1
374 256 1
375 48 1
376 336 1
377 222 1
378 342 1
379 177 1
380 351 1
381 66 1
382 294 1
383 341 1
384 23 1
385 365 1
386 47 1
387 35 1
388 414 1
389 130 1
390 379 1
391 511 1
392 313 1
393 348 1
394 310 1
395 28 1
396 388 1
397 366 1
398 165 1
399 494 1
400 159 1
401 451 1
402 184 1
403 459 1
404 445 1
405 395 1
406 456 1
407 439 1
408 40 1
409 82 1
410 482 1
411 28 1
412 30 1
413 349 1
414 203 1
415 289 1
416 346 1
417 165 1
418 251 1
419 255 1
420 216 1
421 34 1
422 118 1
423 323 1
424 6 1
425 463 1
426 204 1
427 95 1
428 387 1
429 331 1
430 442 1
431 154 1
432 281 1
433 143 1
434 247 1
434 261 1
434 305 1
435 501 1
436 412 1
437 37 1
437 166 1
437 466 1
438 404 1
439 422 1
440 56 1
440 163 1
440 342 1
441 89 1
442 88 1
443 220 1
443 275 1
443 332 1
444 120 1
445 69 1
446 38 1
446 141 1
446 303 1
447 475 1
448 350 1
449 39 1
449 322 1
449 461 1
450 76 1
451 78 1
452 105 1
452 472 1
452 481 1
453 414 1
454 180 1
454 504 1
455 253 1
456 445 1
457 300 1
458 328 1
459 280 1
460 226 1
461 453 1
462 348 1
463 152 1
464 442 1
465 448 1
466 488 1
467 5 1
468 70 1
469 211 1
470 434 1
471 460 1
472 72 1
473 81 1
474 420 1
475 450 1
476 416 1
477 375 1
478 1 1
479 357 1
480 433 1
481 373 1
482 504 1
483 226 1
484 97 1
485 293 1
486 375 1
487 312 1
489 92 1
490 467 1
491 371 1
492 335 1
493 369 1
494 389 1
495 27 1
496 273 1
497 188 1
497 507 1
498 134 1
498 357 1
499 301 1
499 408 1
500 235 1
500 510 1
501 151 1
501 342 1
502 60 1
502 420 1
503 490 1
503 493 1
504 84 1
504 464 1
505 191 1
506 272 1
507 86 1
508 283 1
509 145 1
510 24 1
511 175 1
512 383 1
