1 25 1
1 265 1
1 290 1
1 505 1
1 508 1
2 353 1
3 28 1
3 161 1
3 249 1
3 430 1
3 446 1
3 457 1
4 123 1
5 194 1
5 205 1
5 314 1
5 345 1
5 353 1
6 316 1
7 69 1
7 176 1
7 312 1
7 334 1
7 340 1
7 439 1
8 313 1
9 24 1
9 97 1
9 191 1
9 237 1
9 298 1
10 169 1
11 202 1
11 274 1
11 304 1
11 339 1
11 347 1
11 509 1
12 478 1
13 345 1
13 362 1
13 401 1
13 485 1
13 497 1
14 128 1
15 89 1
15 306 1
15 343 1
15 371 1
15 416 1
15 451 1
16 351 1
17 12 1
17 324 1
17 340 1
17 424 1
17 433 1
18 338 1
19 151 1
19 217 1
19 352 1
19 365 1
19 367 1
19 436 1
20 344 1
21 221 1
21 240 1
21 317 1
21 321 1
21 510 1
22 227 1
23 153 1
23 242 1
23 388 1
23 410 1
23 440 1
23 451 1
24 172 1
25 14 1
25 364 1
25 418 1
25 433 1
25 477 1
26 257 1
27 83 1
27 124 1
27 289 1
27 335 1
27 401 1
27 420 1
28 310 1
29 38 1
29 189 1
29 266 1
29 343 1
29 456 1
30 239 1
31 226 1
31 308 1
31 353 1
31 360 1
31 420 1
31 486 1
32 442 1
33 86 1
33 116 1
33 131 1
33 343 1
33 390 1
34 27 1
35 37 1
35 74 1
35 204 1
35 339 1
35 488 1
35 489 1
36 292 1
37 209 1
37 222 1
37 365 1
37 386 1
37 496 1
38 471 1
39 258 1
39 287 1
39 395 1
39 404 1
39 441 1
39 454 1
40 291 1
41 46 1
41 95 1
41 135 1
41 222 1
41 453 1
42 500 1
43 88 1
43 157 1
43 345 1
43 433 1
43 444 1
43 512 1
44 60 1
45 17 1
45 31 1
45 76 1
45 362 1
45 499 1
46 304 1
47 213 1
47 214 1
47 321 1
47 374 1
47 426 1
47 501 1
48 75 1
49 39 1
49 272 1
49 326 1
49 366 1
49 456 1
50 391 1
51 63 1
51 309 1
51 358 1
51 459 1
51 479 1
51 508 1
52 26 1
53 40 1
53 134 1
53 412 1
53 435 1
53 470 1
54 414 1
55 56 1
55 61 1
55 98 1
55 336 1
55 448 1
55 481 1
56 491 1
57 308 1
57 351 1
57 359 1
58 507 1
59 20 1
59 91 1
59 225 1
59 235 1
60 494 1
61 121 1
61 139 1
61 339 1
61 382 1
61 441 1
61 473 1
62 439 1
63 34 1
63 294 1
63 463 1
63 464 1
64 397 1
65 68 1
66 126 1
66 323 1
66 435 1
67 36 1
68 330 1
69 180 1
69 342 1
70 348 1
71 80 1
72 336 1
73 14 1
73 56 1
73 94 1
73 118 1
73 142 1
73 182 1
73 184 1
73 269 1
73 291 1
73 297 1
73 317 1
73 327 1
73 336 1
73 337 1
73 338 1
73 343 1
73 356 1
73 360 1
73 432 1
73 460 1
73 482 1
73 483 1
74 157 1
74 495 1
75 422 1
76 86 1
76 361 1
76 384 1
77 408 1
78 4 1
79 250 1
79 338 1
79 502 1
80 18 1
81 480 1
82 314 1
82 318 1
83 188 1
84 141 1
85 490 1
86 66 1
86 288 1
86 330 1
86 357 1
86 371 1
87 127 1
87 443 1
88 352 1
89 36 1
89 313 1
89 484 1
90 484 1
91 293 1
92 90 1
92 285 1
92 468 1
93 54 1
94 103 1
95 148 1
95 443 1
96 481 1
97 381 1
98 155 1
99 147 1
99 294 1
99 327 1
99 403 1
99 447 1
100 52 1
100 475 1
101 472 1
102 114 1
102 372 1
102 464 1
103 316 1
104 395 1
105 113 1
105 137 1
105 348 1
106 6 1
107 96 1
108 349 1
108 493 1
109 119 1
110 302 1
111 258 1
112 30 1
112 302 1
112 325 1
112 393 1
112 450 1
113 183 1
113 387 1
114 190 1
115 28 1
115 399 1
115 445 1
116 439 1
117 394 1
118 33 1
118 274 1
118 406 1
119 333 1
120 395 1
121 363 1
121 485 1
122 70 1
123 71 1
124 156 1
125 16 1
125 51 1
125 64 1
125 283 1
125 452 1
126 354 1
126 388 1
127 311 1
128 58 1
128 186 1
128 477 1
129 379 1
130 108 1
131 167 1
131 223 1
131 349 1
132 20 1
133 303 1
134 220 1
134 448 1
135 347 1
136 165 1
137 282 1
138 11 1
138 99 1
138 108 1
138 462 1
138 504 1
139 219 1
139 333 1
140 472 1
141 30 1
141 85 1
141 435 1
142 178 1
143 335 1
144 375 1
144 412 1
144 469 1
145 337 1
146 462 1
147 187 1
147 501 1
148 166 1
149 22 1
150 345 1
151 41 1
151 42 1
151 53 1
151 312 1
151 384 1
152 428 1
152 506 1
153 179 1
154 379 1
154 442 1
154 512 1
155 8 1
156 23 1
157 60 1
157 266 1
157 453 1
157 496 1
158 132 1
159 165 1
160 224 1
161 196 1
161 215 1
161 337 1
162 138 1
162 493 1
162 505 1
163 117 1
164 320 1
165 146 1
166 319 1
166 476 1
167 408 1
168 147 1
168 234 1
169 459 1
169 468 1
170 390 1
171 134 1
172 455 1
173 52 1
173 485 1
174 133 1
175 282 1
175 432 1
176 149 1
176 168 1
177 100 1
178 436 1
179 422 1
180 54 1
180 392 1
181 215 1
182 152 1
182 307 1
183 105 1
183 174 1
184 120 1
185 359 1
186 233 1
187 58 1
187 305 1
188 487 1
189 245 1
189 307 1
190 102 1
190 163 1
191 104 1
192 389 1
193 19 1
194 293 1
194 487 1
195 185 1
196 3 1
196 6 1
197 277 1
197 461 1
198 342 1
199 234 1
200 391 1
201 350 1
201 460 1
202 8 1
203 109 1
203 311 1
204 208 1
204 281 1
205 489 1
206 357 1
207 110 1
208 26 1
208 297 1
209 482 1
210 159 1
210 332 1
211 328 1
211 349 1
212 112 1
213 410 1
214 250 1
215 207 1
215 510 1
216 267 1
217 199 1
217 474 1
218 87 1
218 162 1
219 65 1
220 171 1
221 305 1
222 35 1
222 290 1
223 458 1
224 349 1
225 300 1
226 192 1
227 466 1
228 180 1
229 434 1
230 347 1
231 440 1
232 444 1
233 377 1
234 359 1
235 474 1
236 44 1
237 32 1
238 187 1
239 112 1
240 492 1
241 161 1
242 46 1
243 356 1
244 334 1
245 315 1
246 383 1
247 502 1
248 340 1
249 251 1
250 381 1
251 456 1
252 481 1
253 319 1
254 385 1
255 465 1
256 451 1
257 355 1
258 346 1
259 7 1
260 466 1
261 323 1
262 404 1
263 449 1
264 69 1
265 306 1
266 494 1
267 92 1
268 253 1
269 79 1
270 370 1
271 378 1
272 503 1
273 50 1
274 206 1
275 368 1
276 322 1
277 363 1
278 195 1
279 48 1
280 342 1
281 301 1
282 483 1
283 383 1
284 424 1
285 344 1
286 95 1
287 57 1
288 470 1
289 32 1
290 486 1
291 62 1
292 329 1
293 59 1
294 382 1
295 177 1
296 64 1
297 82 1
298 84 1
299 122 1
300 264 1
301 437 1
302 143 1
303 318 1
304 218 1
305 264 1
306 448 1
307 299 1
308 247 1
309 240 1
310 396 1
311 107 1
312 78 1
313 241 1
314 62 1
315 371 1
316 492 1
317 469 1
318 229 1
319 4 1
320 341 1
321 118 1
322 361 1
323 414 1
324 280 1
325 499 1
326 81 1
327 479 1
328 438 1
329 498 1
330 301 1
331 449 1
332 452 1
333 154 1
334 259 1
335 387 1
336 488 1
337 255 1
338 328 1
339 463 1
340 436 1
341 131 1
341 144 1
341 248 1
341 261 1
341 483 1
342 325 1
342 332 1
342 369 1
342 438 1
342 500 1
343 446 1
344 92 1
344 140 1
344 295 1
344 303 1
344 380 1
345 404 1
346 111 1
346 160 1
346 364 1
346 377 1
346 495 1
347 226 1
348 18 1
348 396 1
348 397 1
348 441 1
348 453 1
349 358 1
350 106 1
350 366 1
350 392 1
350 480 1
350 511 1
351 45 1
352 210 1
352 289 1
352 403 1
352 442 1
353 487 1
354 378 1
355 346 1
356 447 1
357 232 1
358 224 1
359 232 1
360 341 1
361 82 1
362 386 1
363 151 1
364 1 1
365 13 1
366 465 1
367 66 1
368 273 1
369 376 1
370 394 1
371 461 1
372 385 1
373 310 1
374 144 1
375 374 1
376 399 1
377 509 1
378 428 1
379 29 1
380 503 1
381 389 1
382 130 1
383 331 1
384 298 1
385 256 1
386 320 1
387 497 1
388 347 1
389 271 1
390 434 1
391 9 1
392 490 1
393 295 1
394 444 1
395 445 1
396 478 1
397 42 1
398 40 1
399 369 1
400 99 1
401 38 1
402 467 1
403 383 1
404 150 1
405 474 1
406 370 1
407 121 1
408 296 1
409 373 1
410 44 1
411 299 1
412 511 1
413 173 1
414 10 1
415 288 1
416 279 1
417 231 1
418 125 1
419 335 1
420 105 1
421 243 1
422 93 1
423 173 1
424 50 1
425 372 1
426 380 1
427 2 1
428 354 1
429 197 1
430 280 1
431 125 1
432 315 1
433 158 1
434 164 1
434 170 1
434 393 1
435 367 1
436 248 1
437 34 1
437 430 1
437 438 1
438 211 1
439 355 1
440 287 1
440 324 1
440 477 1
441 55 1
442 467 1
443 47 1
443 351 1
443 507 1
444 115 1
445 437 1
446 15 1
446 48 1
446 373 1
447 138 1
448 129 1
449 21 1
449 326 1
449 455 1
450 212 1
451 476 1
452 342 1
452 350 1
452 418 1
453 242 1
454 181 1
454 458 1
455 145 1
456 457 1
457 193 1
458 208 1
459 10 1
460 136 1
461 353 1
462 447 1
463 334 1
464 377 1
465 77 1
466 22 1
467 24 1
468 203 1
469 200 1
470 101 1
471 506 1
472 479 1
473 471 1
474 375 1
475 331 1
476 256 1
477 12 1
478 67 1
479 263 1
480 445 1
481 72 1
482 275 1
483 175 1
484 450 1
485 426 1
486 475 1
487 5 1
489 2 1
490 475 1
491 416 1
492 309 1
493 16 1
494 376 1
495 79 1
496 43 1
497 365 1
497 389 1
498 272 1
498 292 1
499 450 1
499 498 1
500 198 1
500 216 1
501 296 1
501 432 1
502 406 1
502 473 1
503 49 1
503 454 1
504 201 1
504 322 1
505 300 1
506 351 1
507 368 1
508 194 1
509 504 1
510 329 1
511 201 1
512 491 1
