1 10 1
1 203 1
1 373 1
1 422 1
1 459 1
2 395 1
3 48 1
3 60 1
3 62 1
3 111 1
3 229 1
3 428 1
4 108 1
5 185 1
5 345 1
5 404 1
5 430 1
5 432 1
6 342 1
7 142 1
7 153 1
7 214 1
7 380 1
7 408 1
7 439 1
8 488 1
9 182 1
9 187 1
9 306 1
9 436 1
9 440 1
10 505 1
11 116 1
11 194 1
11 478 1
11 481 1
11 503 1
11 512 1
12 343 1
13 8 1
13 128 1
13 144 1
13 459 1
13 498 1
14 381 1
15 215 1
15 234 1
15 299 1
15 373 1
15 450 1
15 504 1
16 83 1
17 13 1
17 42 1
17 97 1
17 149 1
17 280 1
18 371 1
19 12 1
19 59 1
19 80 1
19 204 1
19 317 1
19 467 1
20 99 1
21 164 1
21 264 1
21 360 1
21 377 1
21 424 1
22 471 1
23 68 1
23 93 1
23 319 1
23 324 1
23 385 1
23 430 1
24 243 1
25 50 1
25 324 1
25 372 1
25 477 1
25 509 1
26 448 1
27 69 1
27 120 1
27 219 1
27 287 1
27 304 1
27 404 1
28 433 1
29 119 1
29 138 1
29 418 1
29 493 1
29 501 1
30 432 1
31 11 1
31 22 1
31 105 1
31 258 1
31 466 1
31 509 1
32 494 1
33 14 1
33 347 1
33 420 1
33 473 1
33 475 1
34 335 1
35 280 1
35 305 1
35 308 1
35 341 1
35 381 1
35 480 1
36 77 1
37 109 1
37 198 1
37 310 1
37 433 1
37 448 1
38 441 1
39 6 1
39 55 1
39 66 1
39 151 1
39 173 1
39 463 1
40 464 1
41 176 1
41 344 1
41 374 1
41 408 1
41 452 1
42 175 1
43 125 1
43 168 1
43 389 1
43 393 1
43 444 1
43 451 1
44 359 1
45 134 1
45 178 1
45 325 1
45 332 1
45 362 1
46 367 1
47 42 1
47 248 1
47 250 1
47 382 1
47 447 1
47 487 1
48 281 1
49 12 1
49 95 1
49 206 1
49 454 1
49 485 1
50 342 1
51 157 1
51 339 1
51 367 1
51 412 1
51 465 1
51 500 1
52 449 1
53 32 1
53 336 1
53 388 1
53 399 1
53 444 1
54 507 1
55 64 1
55 290 1
55 309 1
55 351 1
55 434 1
55 508 1
56 340 1
57 320 1
57 365 1
57 479 1
58 274 1
59 36 1
59 249 1
59 313 1
59 510 1
60 484 1
61 98 1
61 101 1
61 121 1
61 222 1
61 370 1
61 481 1
62 493 1
63 85 1
63 130 1
63 355 1
63 365 1
64 57 1
65 334 1
66 103 1
66 113 1
66 273 1
67 439 1
68 1 1
69 307 1
69 329 1
70 328 1
71 345 1
72 303 1
73 2 1
73 5 1
73 14 1
73 45 1
73 75 1
73 78 1
73 117 1
73 123 1
73 223 1
73 272 1
73 327 1
73 341 1
73 347 1
73 382 1
73 396 1
73 442 1
73 458 1
73 482 1
73 483 1
73 498 1
73 499 1
73 507 1
74 54 1
74 375 1
75 180 1
76 71 1
76 163 1
76 433 1
77 314 1
78 311 1
79 304 1
79 342 1
79 358 1
80 495 1
81 259 1
82 392 1
82 446 1
83 217 1
84 379 1
85 494 1
86 40 1
86 54 1
86 129 1
86 237 1
86 337 1
87 306 1
87 458 1
88 387 1
89 169 1
89 293 1
89 347 1
90 94 1
91 467 1
92 17 1
92 333 1
92 487 1
93 364 1
94 410 1
95 282 1
95 488 1
96 351 1
97 193 1
98 40 1
99 266 1
99 325 1
99 326 1
99 351 1
99 440 1
100 207 1
100 245 1
101 437 1
102 88 1
102 357 1
102 463 1
103 177 1
104 151 1
105 67 1
105 141 1
105 506 1
106 235 1
107 451 1
108 345 1
108 482 1
109 323 1
110 310 1
111 371 1
112 199 1
112 363 1
112 453 1
112 457 1
112 491 1
113 145 1
113 477 1
114 406 1
115 34 1
115 253 1
115 446 1
116 359 1
117 285 1
118 157 1
118 393 1
118 512 1
119 294 1
120 147 1
121 251 1
121 364 1
122 497 1
123 468 1
124 99 1
125 218 1
125 277 1
125 298 1
125 361 1
125 386 1
126 240 1
126 461 1
127 366 1
128 33 1
128 160 1
128 316 1
129 352 1
130 448 1
131 8 1
131 451 1
131 472 1
132 395 1
133 139 1
134 485 1
134 511 1
135 144 1
136 456 1
137 36 1
138 22 1
138 82 1
138 115 1
138 432 1
138 450 1
139 426 1
139 489 1
140 263 1
141 60 1
141 439 1
141 504 1
142 166 1
143 155 1
144 159 1
144 490 1
144 502 1
145 511 1
146 172 1
147 334 1
147 380 1
148 261 1
149 92 1
150 292 1
151 311 1
151 342 1
151 357 1
151 397 1
151 445 1
152 112 1
152 503 1
153 335 1
154 195 1
154 288 1
154 339 1
155 272 1
156 416 1
157 100 1
157 127 1
157 135 1
157 394 1
158 240 1
159 90 1
160 471 1
161 28 1
161 349 1
161 414 1
162 56 1
162 154 1
162 256 1
163 389 1
164 91 1
165 289 1
166 122 1
166 438 1
167 476 1
168 256 1
168 462 1
169 232 1
169 315 1
170 376 1
171 377 1
172 70 1
173 296 1
173 434 1
174 189 1
175 227 1
175 510 1
176 30 1
176 205 1
177 378 1
178 428 1
179 20 1
180 167 1
180 384 1
181 296 1
182 350 1
182 453 1
183 32 1
183 196 1
184 29 1
185 478 1
186 318 1
187 26 1
187 213 1
188 395 1
189 114 1
189 391 1
190 210 1
190 321 1
191 331 1
192 455 1
193 462 1
194 125 1
194 379 1
195 349 1
196 220 1
196 265 1
197 89 1
197 327 1
198 140 1
199 336 1
200 69 1
201 15 1
201 58 1
202 52 1
203 290 1
203 350 1
204 24 1
204 387 1
205 370 1
206 344 1
207 102 1
208 46 1
208 92 1
209 450 1
210 143 1
210 282 1
211 365 1
211 406 1
212 452 1
213 247 1
214 483 1
215 233 1
215 308 1
216 215 1
217 242 1
217 479 1
218 192 1
218 194 1
219 37 1
220 183 1
221 399 1
222 86 1
222 197 1
223 275 1
224 161 1
225 501 1
226 121 1
227 496 1
228 354 1
229 328 1
230 436 1
231 110 1
232 354 1
233 414 1
234 457 1
235 486 1
236 443 1
237 441 1
238 348 1
239 355 1
240 356 1
241 309 1
242 294 1
243 474 1
244 456 1
245 358 1
246 483 1
247 118 1
248 479 1
249 485 1
250 25 1
251 226 1
252 435 1
253 333 1
254 74 1
255 225 1
256 339 1
257 347 1
258 82 1
259 474 1
260 453 1
261 435 1
262 435 1
263 7 1
264 41 1
265 267 1
266 248 1
267 255 1
268 283 1
269 65 1
270 186 1
271 38 1
272 312 1
273 295 1
274 359 1
275 461 1
276 361 1
277 64 1
278 444 1
279 38 1
280 348 1
281 384 1
282 190 1
283 337 1
284 383 1
285 212 1
286 492 1
287 108 1
288 53 1
289 338 1
290 360 1
291 401 1
292 487 1
293 383 1
294 322 1
295 322 1
296 61 1
297 234 1
298 274 1
299 401 1
300 224 1
301 43 1
302 335 1
303 481 1
304 346 1
305 486 1
306 445 1
307 171 1
308 181 1
309 394 1
310 266 1
311 319 1
312 466 1
313 257 1
314 50 1
315 46 1
316 369 1
317 232 1
318 51 1
319 349 1
320 302 1
321 95 1
322 460 1
323 356 1
324 271 1
325 378 1
326 44 1
327 353 1
328 391 1
329 447 1
330 412 1
331 147 1
332 224 1
333 258 1
334 146 1
335 320 1
336 133 1
337 475 1
338 56 1
339 162 1
340 305 1
341 87 1
341 132 1
341 161 1
341 343 1
341 362 1
342 104 1
342 314 1
342 340 1
342 418 1
342 441 1
343 24 1
344 48 1
344 264 1
344 287 1
344 442 1
344 480 1
345 4 1
346 27 1
346 79 1
346 201 1
346 329 1
346 377 1
347 338 1
348 35 1
348 180 1
348 188 1
348 242 1
348 326 1
349 174 1
350 126 1
350 299 1
350 302 1
350 366 1
350 371 1
351 445 1
352 16 1
352 191 1
352 424 1
352 469 1
353 44 1
354 317 1
355 4 1
356 447 1
357 106 1
358 28 1
359 58 1
360 10 1
361 392 1
362 148 1
363 2 1
364 23 1
365 368 1
366 131 1
367 331 1
368 338 1
369 349 1
370 374 1
371 403 1
372 334 1
373 105 1
374 222 1
375 209 1
376 390 1
377 502 1
378 18 1
379 468 1
380 300 1
381 343 1
382 158 1
383 34 1
384 497 1
385 226 1
386 442 1
387 307 1
388 288 1
389 292 1
390 449 1
391 107 1
392 438 1
393 187 1
394 118 1
395 363 1
396 404 1
397 19 1
398 316 1
399 332 1
400 323 1
401 221 1
402 336 1
403 18 1
404 279 1
405 390 1
406 470 1
407 170 1
408 201 1
409 472 1
410 477 1
411 474 1
412 312 1
413 372 1
414 436 1
415 410 1
416 293 1
417 454 1
418 376 1
419 137 1
420 351 1
421 368 1
422 455 1
423 438 1
424 124 1
425 62 1
426 385 1
427 475 1
428 383 1
429 499 1
430 72 1
431 16 1
432 443 1
433 200 1
434 39 1
434 375 1
434 389 1
435 208 1
436 291 1
437 112 1
437 416 1
437 484 1
438 47 1
439 269 1
440 20 1
440 26 1
440 508 1
441 165 1
442 496 1
443 30 1
443 465 1
443 469 1
444 301 1
445 9 1
446 138 1
446 353 1
446 464 1
447 297 1
448 490 1
449 76 1
449 202 1
449 297 1
450 241 1
451 491 1
452 239 1
452 437 1
452 505 1
453 152 1
454 396 1
454 506 1
455 495 1
456 340 1
457 330 1
458 289 1
459 208 1
460 420 1
461 63 1
462 6 1
463 397 1
464 86 1
465 422 1
466 352 1
467 343 1
468 84 1
469 346 1
470 231 1
471 321 1
472 303 1
473 173 1
474 216 1
475 476 1
476 21 1
477 66 1
478 31 1
479 179 1
480 52 1
481 353 1
482 295 1
483 298 1
484 136 1
485 211 1
486 470 1
487 150 1
489 388 1
490 184 1
491 131 1
492 96 1
493 300 1
494 403 1
495 79 1
496 337 1
497 291 1
497 460 1
498 81 1
498 353 1
499 313 1
499 330 1
500 165 1
500 386 1
501 315 1
501 456 1
502 134 1
502 473 1
503 318 1
503 500 1
504 426 1
504 492 1
505 489 1
506 49 1
507 369 1
508 345 1
509 250 1
510 3 1
511 301 1
512 156 1
