1 134 1
1 135 1
1 201 1
1 250 1
1 428 1
2 296 1
3 136 1
3 226 1
3 231 1
3 280 1
3 324 1
3 459 1
4 391 1
5 173 1
5 393 1
5 397 1
5 441 1
5 506 1
6 448 1
7 142 1
7 255 1
7 316 1
7 354 1
7 478 1
7 505 1
8 339 1
9 64 1
9 80 1
9 101 1
9 261 1
9 300 1
10 239 1
11 41 1
11 121 1
11 298 1
11 306 1
11 356 1
11 490 1
12 426 1
13 44 1
13 99 1
13 245 1
13 329 1
13 432 1
14 455 1
15 129 1
15 169 1
15 223 1
15 225 1
15 305 1
15 501 1
16 47 1
17 106 1
17 128 1
17 151 1
17 406 1
17 504 1
18 389 1
19 6 1
19 30 1
19 242 1
19 274 1
19 317 1
19 325 1
20 76 1
21 20 1
21 22 1
21 105 1
21 441 1
21 484 1
22 330 1
23 98 1
23 295 1
23 312 1
23 369 1
23 387 1
23 481 1
24 420 1
25 122 1
25 185 1
25 282 1
25 364 1
25 439 1
26 503 1
27 19 1
27 133 1
27 304 1
27 335 1
27 440 1
27 450 1
28 75 1
29 79 1
29 192 1
29 368 1
29 465 1
29 475 1
30 436 1
31 150 1
31 298 1
31 340 1
31 349 1
31 451 1
31 491 1
32 10 1
33 248 1
33 289 1
33 440 1
33 479 1
33 492 1
34 144 1
35 90 1
35 123 1
35 221 1
35 224 1
35 328 1
35 334 1
36 49 1
37 72 1
37 104 1
37 291 1
37 353 1
37 475 1
38 275 1
39 42 1
39 389 1
39 463 1
39 473 1
39 476 1
39 482 1
40 436 1
41 61 1
41 105 1
41 180 1
41 401 1
41 445 1
42 456 1
43 153 1
43 163 1
43 362 1
43 460 1
43 497 1
43 498 1
44 28 1
45 92 1
45 333 1
45 353 1
45 371 1
45 487 1
46 338 1
47 177 1
47 215 1
47 294 1
47 480 1
47 487 1
47 502 1
48 56 1
49 240 1
49 338 1
49 342 1
49 351 1
49 397 1
50 367 1
51 9 1
51 152 1
51 311 1
51 320 1
51 378 1
51 403 1
52 131 1
53 144 1
53 206 1
53 406 1
53 483 1
53 495 1
54 94 1
55 6 1
55 60 1
55 71 1
55 392 1
55 442 1
55 508 1
56 197 1
57 247 1
57 352 1
57 355 1
58 464 1
59 50 1
59 217 1
59 380 1
59 435 1
60 390 1
61 36 1
61 302 1
61 326 1
61 377 1
61 430 1
61 509 1
62 86 1
63 108 1
63 203 1
63 340 1
63 511 1
64 79 1
65 272 1
66 211 1
66 433 1
66 467 1
67 355 1
68 288 1
69 99 1
69 242 1
70 162 1
71 138 1
72 327 1
73 4 1
73 11 1
73 29 1
73 85 1
73 116 1
73 126 1
73 168 1
73 176 1
73 227 1
73 313 1
73 318 1
73 329 1
73 347 1
73 364 1
73 377 1
73 385 1
73 388 1
73 389 1
73 452 1
73 460 1
73 487 1
73 510 1
74 130 1
74 293 1
75 44 1
76 103 1
76 311 1
76 508 1
77 305 1
78 39 1
79 32 1
79 437 1
79 438 1
80 336 1
81 332 1
82 439 1
82 469 1
83 297 1
84 447 1
85 194 1
86 84 1
86 337 1
86 454 1
86 488 1
86 499 1
87 4 1
87 290 1
88 492 1
89 273 1
89 325 1
89 339 1
90 462 1
91 391 1
92 24 1
92 78 1
92 202 1
93 297 1
94 154 1
95 175 1
95 433 1
96 288 1
97 323 1
98 366 1
99 14 1
99 118 1
99 187 1
99 345 1
99 471 1
100 323 1
100 344 1
101 200 1
102 31 1
102 196 1
102 296 1
103 309 1
104 337 1
105 109 1
105 392 1
105 496 1
106 189 1
107 412 1
108 291 1
108 468 1
109 21 1
110 156 1
111 77 1
112 182 1
112 213 1
112 219 1
112 233 1
112 373 1
113 160 1
113 436 1
114 234 1
115 328 1
115 372 1
115 496 1
116 15 1
117 422 1
118 13 1
118 336 1
118 470 1
119 95 1
120 447 1
121 285 1
121 347 1
122 207 1
123 315 1
124 343 1
125 141 1
125 381 1
125 396 1
125 435 1
125 438 1
126 253 1
126 287 1
127 418 1
128 12 1
128 48 1
128 292 1
129 274 1
130 358 1
131 97 1
131 497 1
131 504 1
132 82 1
133 376 1
134 30 1
134 507 1
135 507 1
136 190 1
137 266 1
138 222 1
138 224 1
138 282 1
138 299 1
138 455 1
139 204 1
139 403 1
140 331 1
141 351 1
141 500 1
141 501 1
142 502 1
143 36 1
144 88 1
144 241 1
144 342 1
145 358 1
146 249 1
147 42 1
147 453 1
148 380 1
149 287 1
150 2 1
151 50 1
151 51 1
151 243 1
151 281 1
151 395 1
152 25 1
152 81 1
153 193 1
154 60 1
154 89 1
154 149 1
155 33 1
156 349 1
157 208 1
157 399 1
157 447 1
157 489 1
158 346 1
159 102 1
160 450 1
161 115 1
161 140 1
161 265 1
162 272 1
162 379 1
162 477 1
163 451 1
164 500 1
165 449 1
166 24 1
166 381 1
167 399 1
168 248 1
168 445 1
169 237 1
169 240 1
170 430 1
171 335 1
172 321 1
173 38 1
173 481 1
174 377 1
175 453 1
175 511 1
176 166 1
176 383 1
177 470 1
178 157 1
179 294 1
180 124 1
180 372 1
181 317 1
182 16 1
182 489 1
183 68 1
183 342 1
184 474 1
185 472 1
186 307 1
187 322 1
187 366 1
188 386 1
189 143 1
189 292 1
190 27 1
190 59 1
191 476 1
192 187 1
193 486 1
194 210 1
194 434 1
195 26 1
196 442 1
196 486 1
197 357 1
197 383 1
198 263 1
199 386 1
200 267 1
201 131 1
201 194 1
202 444 1
203 334 1
203 359 1
204 346 1
204 438 1
205 70 1
206 416 1
207 308 1
208 179 1
208 338 1
209 503 1
210 93 1
210 181 1
211 327 1
211 335 1
212 468 1
213 387 1
214 356 1
215 369 1
215 382 1
216 302 1
217 443 1
217 461 1
218 87 1
218 360 1
219 250 1
220 146 1
221 308 1
222 384 1
222 485 1
223 464 1
224 385 1
225 452 1
226 312 1
227 112 1
228 157 1
229 370 1
230 371 1
231 180 1
232 336 1
233 491 1
234 477 1
235 14 1
236 32 1
237 485 1
238 448 1
239 362 1
240 283 1
241 443 1
242 481 1
243 488 1
244 235 1
245 378 1
246 494 1
247 446 1
248 433 1
249 48 1
250 462 1
251 343 1
252 478 1
253 404 1
254 450 1
255 82 1
256 418 1
257 201 1
258 307 1
259 119 1
260 345 1
261 159 1
262 205 1
263 396 1
264 379 1
265 353 1
266 341 1
267 375 1
268 466 1
269 474 1
270 148 1
271 458 1
272 394 1
273 96 1
274 147 1
275 45 1
276 161 1
277 368 1
278 161 1
279 212 1
280 299 1
281 8 1
282 394 1
283 442 1
284 352 1
285 165 1
286 365 1
287 453 1
288 183 1
289 132 1
290 365 1
291 334 1
292 17 1
293 295 1
294 208 1
295 74 1
296 3 1
297 404 1
298 172 1
299 151 1
300 319 1
301 258 1
302 349 1
303 382 1
304 326 1
305 147 1
306 229 1
307 454 1
308 303 1
309 314 1
310 7 1
311 184 1
312 432 1
313 111 1
314 482 1
315 35 1
316 493 1
317 337 1
318 446 1
319 69 1
320 465 1
321 256 1
322 483 1
323 218 1
324 56 1
325 361 1
326 293 1
327 66 1
328 360 1
329 58 1
330 34 1
331 300 1
332 91 1
333 314 1
334 18 1
335 349 1
336 444 1
337 456 1
338 348 1
339 473 1
340 359 1
341 10 1
341 38 1
341 100 1
341 137 1
341 451 1
342 34 1
342 53 1
342 134 1
342 174 1
342 458 1
343 414 1
344 23 1
344 65 1
344 171 1
344 257 1
344 341 1
345 509 1
346 40 1
346 83 1
346 199 1
346 376 1
346 469 1
347 198 1
348 46 1
348 165 1
348 306 1
348 371 1
348 448 1
349 445 1
350 28 1
350 186 1
350 361 1
350 388 1
350 416 1
351 110 1
352 264 1
352 353 1
352 410 1
352 510 1
353 57 1
354 495 1
355 145 1
356 26 1
357 395 1
358 256 1
359 63 1
360 120 1
361 320 1
362 506 1
363 121 1
364 343 1
365 164 1
366 449 1
367 40 1
368 414 1
369 408 1
370 474 1
371 350 1
372 58 1
373 424 1
374 117 1
375 216 1
376 290 1
377 331 1
378 2 1
379 303 1
380 395 1
381 494 1
382 466 1
383 343 1
384 18 1
385 52 1
386 365 1
387 259 1
388 69 1
389 173 1
390 435 1
391 339 1
392 490 1
393 457 1
394 54 1
395 374 1
396 222 1
397 67 1
398 410 1
399 347 1
400 357 1
401 347 1
402 374 1
403 195 1
404 108 1
405 127 1
406 512 1
407 437 1
408 215 1
409 315 1
410 390 1
411 313 1
412 505 1
413 332 1
414 251 1
415 463 1
416 220 1
417 363 1
418 375 1
419 363 1
420 12 1
421 167 1
422 475 1
423 401 1
424 367 1
425 269 1
426 420 1
427 125 1
428 20 1
429 485 1
430 95 1
431 512 1
432 226 1
433 348 1
434 114 1
434 318 1
434 444 1
435 426 1
436 289 1
437 64 1
437 351 1
437 384 1
438 209 1
439 277 1
440 62 1
440 155 1
440 264 1
441 232 1
442 333 1
443 383 1
443 422 1
443 428 1
444 232 1
445 439 1
446 8 1
446 434 1
446 499 1
447 178 1
448 138 1
449 46 1
449 107 1
449 170 1
450 471 1
451 43 1
452 234 1
452 258 1
452 304 1
453 404 1
454 214 1
454 456 1
455 330 1
456 86 1
457 5 1
458 479 1
459 271 1
460 191 1
461 459 1
462 118 1
463 112 1
464 408 1
465 432 1
466 345 1
467 484 1
468 340 1
469 158 1
470 316 1
471 188 1
472 477 1
473 125 1
474 266 1
475 461 1
476 467 1
477 139 1
478 457 1
479 342 1
480 280 1
481 344 1
482 309 1
483 479 1
484 310 1
485 441 1
486 345 1
487 412 1
489 351 1
490 424 1
491 483 1
492 92 1
493 55 1
494 301 1
495 54 1
496 22 1
497 301 1
497 373 1
498 66 1
498 472 1
499 37 1
499 350 1
500 319 1
500 393 1
501 62 1
501 370 1
502 16 1
502 354 1
503 322 1
503 324 1
504 52 1
504 113 1
505 310 1
506 480 1
507 1 1
508 279 1
509 498 1
510 321 1
511 359 1
512 493 1
