1 301 1
1 381 1
1 444 1
1 458 1
1 500 1
2 39 1
3 118 1
3 214 1
3 331 1
3 367 1
3 410 1
3 460 1
4 351 1
5 36 1
5 142 1
5 328 1
5 391 1
5 487 1
6 154 1
7 61 1
7 119 1
7 358 1
7 364 1
7 465 1
7 495 1
8 475 1
9 6 1
9 49 1
9 200 1
9 340 1
9 434 1
10 485 1
11 257 1
11 322 1
11 347 1
11 395 1
11 403 1
11 404 1
12 89 1
13 27 1
13 184 1
13 297 1
13 337 1
13 362 1
14 169 1
15 25 1
15 219 1
15 349 1
15 396 1
15 465 1
15 471 1
16 202 1
17 46 1
17 291 1
17 327 1
17 353 1
17 474 1
18 103 1
19 145 1
19 256 1
19 277 1
19 316 1
19 387 1
19 486 1
20 343 1
21 50 1
21 111 1
21 309 1
21 353 1
21 357 1
22 449 1
23 48 1
23 114 1
23 321 1
23 359 1
23 377 1
23 512 1
24 280 1
25 116 1
25 291 1
25 337 1
25 351 1
25 444 1
26 414 1
27 94 1
27 161 1
27 235 1
27 342 1
27 389 1
27 485 1
28 394 1
29 2 1
29 52 1
29 328 1
29 357 1
29 475 1
30 333 1
31 77 1
31 134 1
31 164 1
31 198 1
31 241 1
31 323 1
32 450 1
33 4 1
33 85 1
33 121 1
33 138 1
33 442 1
34 498 1
35 24 1
35 76 1
35 93 1
35 293 1
35 319 1
35 460 1
36 95 1
37 51 1
37 66 1
37 303 1
37 353 1
37 389 1
38 88 1
39 64 1
39 138 1
39 161 1
39 220 1
39 302 1
39 462 1
40 393 1
41 16 1
41 80 1
41 109 1
41 330 1
41 342 1
42 259 1
43 211 1
43 380 1
43 422 1
43 467 1
43 501 1
43 502 1
44 71 1
45 38 1
45 448 1
45 453 1
45 470 1
45 472 1
46 382 1
47 129 1
47 148 1
47 165 1
47 401 1
47 499 1
47 503 1
48 232 1
49 10 1
49 345 1
49 412 1
49 453 1
49 473 1
50 69 1
51 182 1
51 222 1
51 344 1
51 486 1
51 487 1
51 506 1
52 23 1
53 343 1
53 365 1
53 384 1
53 392 1
53 404 1
54 373 1
55 101 1
55 339 1
55 477 1
55 478 1
55 487 1
55 502 1
56 442 1
57 261 1
57 295 1
57 510 1
58 437 1
59 215 1
59 250 1
59 317 1
59 497 1
60 424 1
61 112 1
61 207 1
61 217 1
61 218 1
61 338 1
61 472 1
62 97 1
63 67 1
63 95 1
63 351 1
63 464 1
64 2 1
65 294 1
66 20 1
66 395 1
66 494 1
67 463 1
68 457 1
69 370 1
69 508 1
70 248 1
71 297 1
72 505 1
73 28 1
73 65 1
73 82 1
73 87 1
73 98 1
73 115 1
73 155 1
73 186 1
73 227 1
73 242 1
73 250 1
73 280 1
73 320 1
73 324 1
73 383 1
73 410 1
73 435 1
73 458 1
73 479 1
73 494 1
73 509 1
73 511 1
74 376 1
74 475 1
75 383 1
76 311 1
76 322 1
76 470 1
77 358 1
78 173 1
79 279 1
79 335 1
79 348 1
80 443 1
81 447 1
82 180 1
82 343 1
83 300 1
84 509 1
85 508 1
86 113 1
86 344 1
86 370 1
86 385 1
86 389 1
87 36 1
87 438 1
88 188 1
89 333 1
89 455 1
89 471 1
90 395 1
91 110 1
92 62 1
92 99 1
92 443 1
93 296 1
94 491 1
95 5 1
95 190 1
96 432 1
97 430 1
98 432 1
99 14 1
99 137 1
99 378 1
99 391 1
99 452 1
100 288 1
100 339 1
101 469 1
102 34 1
102 60 1
102 153 1
103 332 1
104 467 1
105 131 1
105 170 1
105 481 1
106 50 1
107 282 1
108 160 1
108 222 1
109 426 1
110 191 1
111 449 1
112 226 1
112 251 1
112 323 1
112 381 1
112 396 1
113 151 1
113 454 1
114 26 1
115 58 1
115 272 1
115 441 1
116 496 1
117 482 1
118 144 1
118 292 1
118 399 1
119 336 1
120 414 1
121 139 1
121 490 1
122 187 1
123 373 1
124 55 1
125 63 1
125 159 1
125 290 1
125 364 1
125 390 1
126 422 1
126 447 1
127 28 1
128 240 1
128 327 1
128 457 1
129 399 1
130 367 1
131 176 1
131 311 1
131 343 1
132 104 1
133 229 1
134 58 1
134 436 1
135 424 1
136 293 1
137 215 1
138 135 1
138 330 1
138 435 1
138 468 1
138 479 1
139 298 1
139 401 1
140 20 1
141 72 1
141 134 1
141 356 1
142 345 1
143 29 1
144 325 1
144 379 1
144 436 1
145 340 1
146 362 1
147 232 1
147 345 1
148 456 1
149 412 1
150 151 1
151 86 1
151 337 1
151 348 1
151 366 1
151 375 1
152 56 1
152 439 1
153 489 1
154 9 1
154 386 1
154 480 1
155 144 1
156 290 1
157 22 1
157 299 1
157 304 1
157 368 1
158 265 1
159 346 1
160 287 1
161 440 1
161 464 1
161 496 1
162 117 1
162 363 1
162 368 1
163 477 1
164 1 1
165 167 1
166 146 1
166 201 1
167 175 1
168 406 1
168 451 1
169 79 1
169 316 1
170 505 1
171 408 1
172 181 1
173 300 1
173 310 1
174 433 1
175 221 1
175 226 1
176 105 1
176 349 1
177 274 1
178 436 1
179 489 1
180 64 1
180 485 1
181 10 1
182 37 1
182 442 1
183 82 1
183 189 1
184 326 1
185 507 1
186 90 1
187 84 1
187 320 1
188 38 1
189 152 1
189 347 1
190 445 1
190 483 1
191 484 1
192 274 1
193 484 1
194 173 1
194 216 1
195 342 1
196 240 1
196 418 1
197 41 1
197 365 1
198 52 1
199 237 1
200 130 1
201 99 1
201 363 1
202 203 1
203 204 1
203 359 1
204 4 1
204 197 1
205 380 1
206 33 1
207 349 1
208 147 1
208 433 1
209 242 1
210 384 1
210 394 1
211 479 1
211 488 1
212 313 1
213 294 1
214 123 1
215 70 1
215 208 1
216 224 1
217 79 1
217 287 1
218 248 1
218 433 1
219 121 1
220 18 1
221 296 1
222 305 1
222 317 1
223 326 1
224 194 1
225 19 1
226 416 1
227 44 1
228 473 1
229 495 1
230 165 1
231 180 1
232 96 1
233 461 1
234 446 1
235 349 1
236 118 1
237 453 1
238 374 1
239 365 1
240 298 1
241 32 1
242 507 1
243 256 1
244 150 1
245 140 1
246 476 1
247 108 1
248 282 1
249 122 1
250 341 1
251 43 1
252 341 1
253 334 1
254 385 1
255 92 1
256 120 1
257 372 1
258 210 1
259 46 1
260 199 1
261 81 1
262 289 1
263 437 1
264 350 1
265 360 1
266 275 1
267 361 1
268 201 1
269 446 1
270 378 1
271 310 1
272 430 1
273 267 1
274 499 1
275 404 1
276 456 1
277 158 1
278 335 1
279 382 1
280 266 1
281 462 1
282 461 1
283 445 1
284 60 1
285 264 1
286 501 1
287 108 1
288 488 1
289 459 1
290 353 1
291 15 1
292 3 1
293 224 1
294 245 1
295 481 1
296 308 1
297 136 1
298 8 1
299 483 1
300 342 1
301 292 1
302 390 1
303 209 1
304 448 1
305 208 1
306 369 1
307 258 1
308 172 1
309 338 1
310 350 1
311 445 1
312 314 1
313 22 1
314 7 1
315 304 1
316 269 1
317 31 1
318 324 1
319 329 1
320 512 1
321 40 1
322 376 1
323 295 1
324 334 1
325 448 1
326 12 1
327 24 1
328 493 1
329 177 1
330 371 1
331 132 1
332 183 1
333 375 1
334 312 1
335 303 1
336 456 1
337 493 1
338 124 1
339 53 1
340 360 1
341 54 1
341 59 1
341 133 1
341 141 1
341 481 1
342 13 1
342 255 1
342 383 1
342 478 1
342 498 1
343 301 1
344 75 1
344 318 1
344 463 1
344 483 1
344 492 1
345 354 1
346 125 1
346 163 1
346 336 1
346 497 1
346 506 1
347 426 1
348 174 1
348 359 1
348 428 1
348 435 1
348 474 1
349 492 1
350 271 1
350 285 1
350 329 1
350 331 1
350 477 1
351 416 1
352 206 1
352 264 1
352 306 1
352 451 1
353 434 1
354 466 1
355 178 1
356 157 1
357 338 1
358 78 1
359 6 1
360 213 1
361 45 1
362 272 1
363 351 1
364 504 1
365 339 1
366 273 1
367 126 1
368 233 1
369 83 1
370 179 1
371 281 1
372 315 1
373 14 1
374 239 1
375 30 1
376 480 1
377 369 1
378 92 1
379 185 1
380 377 1
381 283 1
382 352 1
383 454 1
384 387 1
385 504 1
386 309 1
387 225 1
388 30 1
389 469 1
390 439 1
391 340 1
392 336 1
393 377 1
394 40 1
395 432 1
396 86 1
397 168 1
398 403 1
399 162 1
400 452 1
401 438 1
402 69 1
403 26 1
404 258 1
405 315 1
406 100 1
407 306 1
408 510 1
409 447 1
410 459 1
411 68 1
412 468 1
413 325 1
414 428 1
415 289 1
416 418 1
417 44 1
418 307 1
419 451 1
420 234 1
421 356 1
422 106 1
423 166 1
424 91 1
425 74 1
426 332 1
427 476 1
428 354 1
429 205 1
430 249 1
431 187 1
432 11 1
433 223 1
434 17 1
434 314 1
434 397 1
435 371 1
436 355 1
437 253 1
437 474 1
437 490 1
438 47 1
439 302 1
440 243 1
440 388 1
440 439 1
441 312 1
442 42 1
443 127 1
443 156 1
443 386 1
444 149 1
445 131 1
446 57 1
446 305 1
446 420 1
447 372 1
448 212 1
449 288 1
449 318 1
449 491 1
450 408 1
451 62 1
452 307 1
452 450 1
452 503 1
453 438 1
454 393 1
454 444 1
455 347 1
456 355 1
457 102 1
458 66 1
459 299 1
460 112 1
461 321 1
462 21 1
463 440 1
464 48 1
465 193 1
466 345 1
467 347 1
468 266 1
469 56 1
470 361 1
471 12 1
472 194 1
473 441 1
474 263 1
475 143 1
476 420 1
477 346 1
478 511 1
479 319 1
480 371 1
481 455 1
482 441 1
483 157 1
484 335 1
485 231 1
486 147 1
487 374 1
489 352 1
490 308 1
491 313 1
492 334 1
493 42 1
494 107 1
495 54 1
496 32 1
497 8 1
497 500 1
498 195 1
498 366 1
499 18 1
499 34 1
500 128 1
500 482 1
501 35 1
501 196 1
502 192 1
502 234 1
503 392 1
503 397 1
504 16 1
504 125 1
505 105 1
506 406 1
507 379 1
508 247 1
509 466 1
510 171 1
511 388 1
512 450 1
