1 43 1
1 132 1
1 336 1
1 436 1
1 469 1
2 335 1
3 176 1
3 189 1
3 292 1
3 420 1
3 438 1
3 507 1
4 363 1
5 108 1
5 117 1
5 144 1
5 221 1
5 451 1
6 377 1
7 8 1
7 91 1
7 96 1
7 269 1
7 322 1
7 342 1
8 274 1
9 26 1
9 107 1
9 245 1
9 255 1
9 426 1
10 134 1
11 83 1
11 90 1
11 304 1
11 368 1
11 396 1
11 432 1
12 481 1
13 180 1
13 320 1
13 347 1
13 461 1
13 474 1
14 473 1
15 149 1
15 179 1
15 298 1
15 332 1
15 389 1
15 483 1
16 256 1
17 34 1
17 66 1
17 75 1
17 306 1
17 497 1
18 62 1
19 125 1
19 241 1
19 336 1
19 412 1
19 468 1
19 474 1
20 111 1
21 147 1
21 280 1
21 416 1
21 489 1
21 496 1
22 87 1
23 22 1
23 142 1
23 194 1
23 327 1
23 351 1
23 478 1
24 466 1
25 99 1
25 280 1
25 305 1
25 360 1
25 445 1
26 356 1
27 45 1
27 169 1
27 174 1
27 201 1
27 361 1
27 450 1
28 264 1
29 18 1
29 259 1
29 352 1
29 449 1
29 487 1
30 484 1
31 120 1
31 168 1
31 232 1
31 354 1
31 452 1
31 510 1
32 157 1
33 23 1
33 130 1
33 219 1
33 337 1
33 479 1
34 350 1
35 2 1
35 13 1
35 101 1
35 330 1
35 349 1
35 377 1
36 243 1
37 40 1
37 88 1
37 394 1
37 395 1
37 480 1
38 382 1
39 27 1
39 212 1
39 371 1
39 444 1
39 475 1
39 509 1
40 340 1
41 64 1
41 277 1
41 301 1
41 424 1
41 439 1
42 84 1
43 127 1
43 131 1
43 138 1
43 294 1
43 309 1
43 422 1
44 309 1
45 34 1
45 81 1
45 348 1
45 378 1
45 442 1
46 317 1
47 28 1
47 119 1
47 279 1
47 302 1
47 450 1
47 477 1
48 313 1
49 10 1
49 56 1
49 307 1
49 353 1
49 494 1
50 333 1
51 6 1
51 115 1
51 264 1
51 328 1
51 341 1
51 349 1
52 335 1
53 16 1
53 121 1
53 213 1
53 330 1
53 349 1
54 393 1
55 193 1
55 296 1
55 322 1
55 397 1
55 403 1
55 410 1
56 384 1
57 399 1
57 468 1
57 470 1
58 300 1
59 147 1
59 375 1
59 456 1
59 458 1
60 247 1
61 326 1
61 338 1
61 346 1
61 404 1
61 462 1
61 485 1
62 509 1
63 65 1
63 235 1
63 374 1
63 494 1
64 357 1
65 226 1
66 206 1
66 289 1
66 387 1
67 257 1
68 295 1
69 4 1
69 389 1
70 25 1
71 406 1
72 95 1
73 20 1
73 28 1
73 33 1
73 66 1
73 69 1
73 72 1
73 77 1
73 108 1
73 116 1
73 121 1
73 166 1
73 188 1
73 205 1
73 231 1
73 343 1
73 354 1
73 382 1
73 410 1
73 435 1
73 440 1
73 466 1
73 487 1
74 197 1
74 364 1
75 290 1
76 58 1
76 408 1
76 505 1
77 185 1
78 482 1
79 21 1
79 36 1
79 274 1
80 124 1
81 471 1
82 118 1
82 333 1
83 498 1
84 507 1
85 374 1
86 208 1
86 249 1
86 305 1
86 383 1
86 477 1
87 14 1
87 165 1
88 300 1
89 85 1
89 316 1
89 499 1
90 150 1
91 329 1
92 331 1
92 341 1
92 391 1
93 44 1
94 435 1
95 48 1
95 220 1
96 191 1
97 267 1
98 329 1
99 70 1
99 128 1
99 376 1
99 446 1
99 491 1
100 318 1
100 447 1
101 71 1
102 93 1
102 125 1
102 339 1
103 217 1
104 467 1
105 36 1
105 175 1
105 379 1
106 475 1
107 366 1
108 22 1
108 351 1
109 345 1
110 184 1
111 295 1
112 31 1
112 131 1
112 325 1
112 420 1
112 506 1
113 198 1
113 303 1
114 437 1
115 69 1
115 282 1
115 370 1
116 439 1
117 444 1
118 215 1
118 263 1
118 460 1
119 233 1
120 321 1
121 324 1
121 512 1
122 234 1
123 368 1
124 367 1
125 319 1
125 371 1
125 406 1
125 456 1
125 464 1
126 287 1
126 459 1
127 1 1
128 271 1
128 316 1
128 365 1
129 412 1
130 58 1
131 60 1
131 63 1
131 314 1
132 54 1
133 48 1
134 97 1
134 272 1
135 240 1
136 339 1
137 359 1
138 49 1
138 113 1
138 328 1
138 441 1
138 448 1
139 285 1
139 445 1
140 289 1
141 2 1
141 190 1
141 408 1
142 493 1
143 497 1
144 293 1
144 392 1
144 447 1
145 187 1
146 395 1
147 182 1
147 311 1
148 360 1
149 444 1
150 256 1
151 55 1
151 102 1
151 218 1
151 478 1
151 484 1
152 89 1
152 446 1
153 129 1
154 6 1
154 153 1
154 251 1
155 302 1
156 30 1
157 224 1
157 335 1
157 343 1
157 500 1
158 50 1
159 334 1
160 159 1
161 135 1
161 433 1
161 486 1
162 192 1
162 290 1
162 351 1
163 453 1
164 312 1
165 222 1
166 138 1
166 489 1
167 152 1
168 123 1
168 380 1
169 288 1
169 455 1
170 464 1
171 303 1
172 224 1
173 372 1
173 440 1
174 465 1
175 371 1
175 404 1
176 137 1
176 437 1
177 353 1
178 282 1
179 311 1
180 35 1
180 61 1
181 508 1
182 327 1
182 414 1
183 146 1
183 361 1
184 414 1
185 384 1
186 511 1
187 79 1
187 377 1
188 250 1
189 393 1
189 482 1
190 29 1
190 404 1
191 105 1
192 338 1
193 151 1
194 248 1
194 456 1
195 458 1
196 46 1
196 422 1
197 237 1
197 340 1
198 451 1
199 399 1
200 20 1
201 41 1
201 163 1
202 18 1
203 7 1
203 53 1
204 364 1
204 479 1
205 204 1
206 389 1
207 216 1
208 144 1
208 387 1
209 287 1
210 162 1
210 310 1
211 378 1
211 496 1
212 30 1
213 133 1
214 388 1
215 82 1
215 239 1
216 459 1
217 358 1
217 493 1
218 275 1
218 392 1
219 480 1
220 359 1
221 160 1
222 347 1
222 362 1
223 258 1
224 481 1
225 490 1
226 326 1
227 291 1
228 126 1
229 51 1
230 416 1
231 40 1
232 112 1
233 451 1
234 226 1
235 351 1
236 194 1
237 17 1
238 442 1
239 201 1
240 82 1
241 447 1
242 299 1
243 258 1
244 14 1
245 476 1
246 79 1
247 380 1
248 222 1
249 472 1
250 502 1
251 266 1
252 26 1
253 67 1
254 103 1
255 110 1
256 232 1
257 428 1
258 337 1
259 396 1
260 338 1
261 344 1
262 59 1
263 324 1
264 170 1
265 428 1
266 307 1
267 56 1
268 342 1
269 199 1
270 177 1
271 463 1
272 106 1
273 491 1
274 385 1
275 105 1
276 418 1
277 148 1
278 86 1
279 223 1
280 54 1
281 394 1
282 52 1
283 32 1
284 151 1
285 114 1
286 434 1
287 118 1
288 310 1
289 321 1
290 214 1
291 47 1
292 450 1
293 438 1
294 343 1
295 357 1
296 139 1
297 164 1
298 474 1
299 376 1
300 76 1
301 352 1
302 441 1
303 203 1
304 435 1
305 443 1
306 38 1
307 312 1
308 196 1
309 240 1
310 346 1
311 454 1
312 353 1
313 373 1
314 488 1
315 479 1
316 323 1
317 499 1
318 342 1
319 19 1
320 472 1
321 297 1
322 445 1
323 373 1
324 215 1
325 460 1
326 369 1
327 433 1
328 283 1
329 391 1
330 140 1
331 438 1
332 401 1
333 57 1
334 483 1
335 502 1
336 319 1
337 465 1
338 381 1
339 24 1
340 365 1
341 60 1
341 62 1
341 229 1
341 344 1
341 505 1
342 100 1
342 186 1
342 334 1
342 439 1
342 455 1
343 32 1
344 92 1
344 301 1
344 363 1
344 463 1
344 506 1
345 297 1
346 112 1
346 143 1
346 210 1
346 323 1
346 469 1
347 430 1
348 94 1
348 304 1
348 345 1
348 385 1
348 481 1
349 167 1
350 294 1
350 355 1
350 367 1
350 390 1
350 508 1
351 136 1
352 171 1
352 242 1
352 273 1
352 388 1
353 467 1
354 334 1
355 343 1
356 454 1
357 104 1
358 362 1
359 498 1
360 161 1
361 381 1
362 511 1
363 195 1
364 372 1
365 99 1
366 424 1
367 401 1
368 462 1
369 339 1
370 476 1
371 448 1
372 95 1
373 317 1
374 332 1
375 298 1
376 187 1
377 178 1
378 299 1
379 234 1
380 291 1
381 183 1
382 503 1
383 161 1
384 320 1
385 8 1
386 449 1
387 366 1
388 154 1
389 308 1
390 39 1
391 98 1
392 315 1
393 134 1
394 487 1
395 5 1
396 200 1
397 173 1
398 253 1
399 227 1
400 74 1
401 68 1
402 340 1
403 52 1
404 180 1
405 272 1
406 248 1
407 510 1
408 501 1
409 314 1
410 355 1
411 375 1
412 492 1
413 281 1
414 318 1
415 64 1
416 4 1
417 165 1
418 16 1
419 512 1
420 432 1
421 436 1
422 265 1
423 390 1
424 358 1
425 313 1
426 383 1
427 488 1
428 345 1
429 315 1
430 457 1
431 453 1
432 325 1
433 15 1
434 181 1
434 350 1
434 426 1
435 348 1
436 345 1
437 38 1
437 296 1
437 486 1
438 122 1
439 347 1
440 24 1
440 141 1
440 397 1
441 386 1
442 250 1
443 12 1
443 202 1
443 288 1
444 504 1
445 266 1
446 12 1
446 336 1
446 433 1
447 331 1
448 453 1
449 42 1
449 109 1
449 441 1
450 483 1
451 395 1
452 337 1
452 430 1
452 492 1
453 369 1
454 242 1
454 485 1
455 500 1
456 308 1
457 347 1
458 306 1
459 207 1
460 432 1
461 78 1
462 448 1
463 211 1
464 461 1
465 452 1
466 370 1
467 495 1
468 379 1
469 403 1
470 42 1
471 261 1
472 225 1
473 3 1
474 173 1
475 293 1
476 292 1
477 145 1
478 158 1
479 386 1
480 470 1
481 172 1
482 473 1
483 436 1
484 156 1
485 155 1
486 383 1
487 37 1
489 359 1
490 477 1
491 80 1
492 443 1
493 471 1
494 349 1
495 353 1
496 475 1
497 9 1
497 418 1
498 44 1
498 50 1
499 46 1
499 209 1
500 342 1
500 504 1
501 11 1
501 495 1
502 208 1
502 442 1
503 457 1
503 485 1
504 157 1
504 365 1
505 92 1
506 86 1
507 10 1
508 434 1
509 503 1
510 490 1
511 501 1
512 356 1
