1 55 1
1 62 1
1 224 1
1 477 1
1 497 1
2 34 1
3 41 1
3 59 1
3 222 1
3 250 1
3 274 1
3 501 1
4 473 1
5 290 1
5 334 1
5 338 1
5 389 1
5 492 1
6 408 1
7 96 1
7 127 1
7 318 1
7 366 1
7 414 1
7 442 1
8 504 1
9 80 1
9 222 1
9 306 1
9 356 1
9 438 1
10 368 1
11 113 1
11 177 1
11 212 1
11 250 1
11 300 1
11 507 1
12 280 1
13 164 1
13 253 1
13 305 1
13 412 1
13 447 1
14 289 1
15 63 1
15 190 1
15 321 1
15 439 1
15 454 1
15 479 1
16 24 1
17 208 1
17 295 1
17 348 1
17 488 1
17 503 1
18 237 1
19 51 1
19 166 1
19 280 1
19 367 1
19 434 1
19 447 1
20 47 1
21 32 1
21 88 1
21 219 1
21 502 1
21 508 1
22 467 1
23 152 1
23 307 1
23 316 1
23 332 1
23 399 1
23 498 1
24 194 1
25 68 1
25 79 1
25 259 1
25 324 1
25 354 1
26 178 1
27 82 1
27 97 1
27 110 1
27 200 1
27 289 1
27 446 1
28 347 1
29 3 1
29 146 1
29 248 1
29 337 1
29 363 1
30 488 1
31 128 1
31 185 1
31 283 1
31 410 1
31 438 1
31 457 1
32 12 1
33 2 1
33 264 1
33 344 1
33 451 1
33 469 1
34 33 1
35 287 1
35 378 1
35 383 1
35 414 1
35 444 1
35 482 1
36 74 1
37 54 1
37 99 1
37 163 1
37 428 1
37 501 1
38 223 1
39 6 1
39 12 1
39 92 1
39 125 1
39 382 1
39 422 1
40 325 1
41 56 1
41 272 1
41 300 1
41 320 1
41 345 1
42 139 1
43 143 1
43 147 1
43 302 1
43 412 1
43 436 1
43 485 1
44 173 1
45 168 1
45 313 1
45 342 1
45 353 1
45 485 1
46 205 1
47 13 1
47 44 1
47 141 1
47 263 1
47 474 1
47 496 1
48 383 1
49 189 1
49 251 1
49 315 1
49 336 1
49 351 1
50 397 1
51 69 1
51 87 1
51 321 1
51 351 1
51 450 1
51 487 1
52 403 1
53 90 1
53 187 1
53 304 1
53 493 1
53 506 1
54 369 1
55 10 1
55 30 1
55 112 1
55 358 1
55 464 1
55 471 1
56 274 1
57 8 1
57 159 1
57 507 1
58 256 1
59 29 1
59 30 1
59 138 1
59 510 1
60 475 1
61 132 1
61 144 1
61 373 1
61 418 1
61 436 1
61 450 1
62 486 1
63 301 1
63 317 1
63 422 1
63 441 1
64 282 1
65 477 1
66 197 1
66 361 1
66 437 1
67 291 1
68 157 1
69 265 1
69 312 1
70 385 1
71 57 1
72 480 1
73 46 1
73 72 1
73 75 1
73 121 1
73 130 1
73 136 1
73 160 1
73 208 1
73 285 1
73 316 1
73 322 1
73 323 1
73 347 1
73 352 1
73 362 1
73 368 1
73 381 1
73 447 1
73 456 1
73 475 1
73 489 1
73 506 1
74 151 1
74 509 1
75 351 1
76 86 1
76 105 1
76 346 1
77 403 1
78 122 1
79 117 1
79 335 1
79 451 1
80 338 1
81 483 1
82 335 1
82 466 1
83 176 1
84 359 1
85 50 1
86 64 1
86 115 1
86 158 1
86 287 1
86 455 1
87 193 1
87 401 1
88 211 1
89 393 1
89 464 1
89 492 1
90 234 1
91 489 1
92 58 1
92 231 1
92 334 1
93 349 1
94 366 1
95 199 1
95 345 1
96 131 1
97 439 1
98 297 1
99 4 1
99 353 1
99 354 1
99 360 1
99 458 1
100 175 1
100 336 1
101 387 1
102 161 1
102 303 1
102 508 1
103 184 1
104 347 1
105 8 1
105 373 1
105 440 1
106 476 1
107 311 1
108 306 1
108 314 1
109 226 1
110 204 1
111 99 1
112 95 1
112 288 1
112 351 1
112 364 1
112 424 1
113 120 1
113 155 1
114 206 1
115 279 1
115 327 1
115 337 1
116 350 1
117 453 1
118 157 1
118 445 1
118 474 1
119 24 1
120 48 1
121 457 1
121 496 1
122 389 1
123 387 1
124 332 1
125 93 1
125 309 1
125 326 1
125 330 1
125 390 1
126 56 1
126 137 1
127 452 1
128 11 1
128 392 1
128 396 1
129 320 1
130 472 1
131 67 1
131 108 1
131 480 1
132 224 1
133 474 1
134 346 1
134 463 1
135 174 1
136 325 1
137 372 1
138 16 1
138 293 1
138 370 1
138 371 1
138 408 1
139 188 1
139 399 1
140 444 1
141 201 1
141 232 1
141 432 1
142 295 1
143 304 1
144 203 1
144 301 1
144 338 1
145 453 1
146 134 1
147 142 1
147 363 1
148 214 1
149 470 1
150 124 1
151 54 1
151 65 1
151 439 1
151 458 1
151 493 1
152 386 1
152 406 1
153 64 1
154 9 1
154 150 1
154 386 1
155 406 1
156 511 1
157 7 1
157 77 1
157 384 1
157 490 1
158 235 1
159 71 1
160 309 1
161 362 1
161 450 1
161 499 1
162 49 1
162 180 1
162 448 1
163 149 1
164 471 1
165 60 1
166 148 1
166 449 1
167 469 1
168 375 1
168 494 1
169 267 1
169 511 1
170 151 1
171 318 1
172 477 1
173 70 1
173 433 1
174 179 1
175 382 1
175 444 1
176 1 1
176 512 1
177 340 1
178 43 1
179 116 1
180 104 1
180 393 1
181 343 1
182 165 1
182 171 1
183 25 1
183 329 1
184 377 1
185 114 1
186 46 1
187 119 1
187 357 1
188 42 1
189 147 1
189 349 1
190 23 1
190 486 1
191 202 1
192 472 1
193 478 1
194 95 1
194 404 1
195 440 1
196 227 1
196 266 1
197 16 1
197 460 1
198 28 1
199 233 1
200 404 1
201 294 1
201 367 1
202 271 1
203 91 1
203 502 1
204 140 1
204 468 1
205 187 1
206 460 1
207 353 1
208 343 1
208 481 1
209 331 1
210 85 1
210 365 1
211 32 1
211 256 1
212 220 1
213 410 1
214 465 1
215 201 1
215 420 1
216 239 1
217 105 1
217 430 1
218 129 1
218 336 1
219 435 1
220 376 1
221 258 1
222 69 1
222 169 1
223 456 1
224 61 1
225 499 1
226 487 1
227 106 1
228 5 1
229 437 1
230 442 1
231 297 1
232 181 1
233 76 1
234 62 1
235 294 1
236 371 1
237 331 1
238 310 1
239 461 1
240 281 1
241 308 1
242 340 1
243 272 1
244 288 1
245 505 1
246 216 1
247 446 1
248 473 1
249 52 1
250 296 1
251 364 1
252 282 1
253 18 1
254 500 1
255 249 1
256 269 1
257 241 1
258 392 1
259 183 1
260 441 1
261 449 1
262 302 1
263 20 1
264 311 1
265 290 1
266 347 1
267 118 1
268 500 1
269 299 1
270 485 1
271 22 1
272 319 1
273 481 1
274 315 1
275 465 1
276 442 1
277 512 1
278 153 1
279 264 1
280 352 1
281 357 1
282 66 1
283 490 1
284 42 1
285 396 1
286 293 1
287 307 1
288 34 1
289 123 1
290 326 1
291 273 1
292 377 1
293 432 1
294 299 1
295 218 1
296 292 1
297 225 1
298 467 1
299 345 1
300 475 1
301 395 1
302 505 1
303 2 1
304 84 1
305 82 1
306 324 1
307 432 1
308 229 1
309 424 1
310 112 1
311 343 1
312 138 1
313 14 1
314 40 1
315 456 1
316 453 1
317 15 1
318 436 1
319 433 1
320 81 1
321 215 1
322 247 1
323 448 1
324 394 1
325 194 1
326 379 1
327 240 1
328 167 1
329 66 1
330 448 1
331 503 1
332 111 1
333 341 1
334 257 1
335 328 1
336 388 1
337 483 1
338 345 1
339 133 1
340 292 1
341 125 1
341 234 1
341 343 1
341 356 1
341 416 1
342 103 1
342 303 1
342 375 1
342 428 1
342 435 1
343 232 1
344 4 1
344 78 1
344 98 1
344 156 1
344 162 1
345 144 1
346 18 1
346 327 1
346 369 1
346 391 1
346 504 1
347 509 1
348 121 1
348 134 1
348 333 1
348 384 1
348 426 1
349 459 1
350 217 1
350 258 1
350 277 1
350 374 1
350 433 1
351 310 1
352 154 1
352 255 1
352 459 1
352 481 1
353 355 1
354 462 1
355 330 1
356 52 1
357 240 1
358 378 1
359 266 1
360 370 1
361 350 1
362 14 1
363 344 1
364 470 1
365 172 1
366 455 1
367 452 1
368 426 1
369 261 1
370 451 1
371 482 1
372 126 1
373 182 1
374 35 1
375 45 1
376 394 1
377 340 1
378 349 1
379 360 1
380 245 1
381 371 1
382 418 1
383 243 1
384 198 1
385 173 1
386 478 1
387 395 1
388 466 1
389 22 1
390 36 1
391 479 1
392 108 1
393 58 1
394 479 1
395 342 1
396 213 1
397 388 1
398 196 1
399 92 1
400 195 1
401 118 1
402 445 1
403 165 1
404 335 1
405 342 1
406 441 1
407 329 1
408 39 1
409 497 1
410 353 1
411 26 1
412 391 1
413 339 1
414 374 1
415 27 1
416 333 1
417 180 1
418 207 1
419 349 1
420 359 1
421 438 1
422 161 1
423 83 1
424 28 1
425 291 1
426 17 1
427 170 1
428 275 1
429 322 1
430 89 1
431 226 1
432 145 1
433 372 1
434 50 1
434 191 1
434 298 1
435 395 1
436 109 1
437 209 1
437 298 1
437 308 1
438 21 1
439 443 1
440 210 1
440 435 1
440 494 1
441 107 1
442 337 1
443 131 1
443 462 1
443 491 1
444 100 1
445 60 1
446 6 1
446 334 1
446 361 1
447 380 1
448 484 1
449 19 1
449 390 1
449 401 1
450 102 1
451 365 1
452 319 1
452 389 1
452 487 1
453 79 1
454 101 1
454 314 1
455 94 1
456 339 1
457 476 1
458 313 1
459 454 1
460 430 1
461 383 1
462 420 1
463 328 1
464 495 1
465 192 1
466 397 1
467 434 1
468 48 1
469 377 1
470 38 1
471 221 1
472 404 1
473 380 1
474 339 1
475 491 1
476 31 1
477 365 1
478 20 1
479 416 1
480 443 1
481 248 1
482 381 1
483 341 1
484 323 1
485 242 1
486 40 1
487 468 1
489 463 1
490 44 1
491 86 1
492 38 1
493 495 1
494 385 1
495 53 1
496 348 1
497 186 1
497 355 1
498 37 1
498 376 1
499 296 1
499 358 1
500 135 1
500 483 1
501 379 1
501 498 1
502 312 1
502 359 1
503 305 1
503 445 1
504 484 1
504 510 1
505 242 1
506 461 1
507 317 1
508 215 1
509 36 1
510 10 1
511 342 1
512 26 1
