1 312 1
1 327 1
1 353 1
1 456 1
1 483 1
2 271 1
3 13 1
3 21 1
3 83 1
3 318 1
3 442 1
3 504 1
4 47 1
5 60 1
5 296 1
5 414 1
5 453 1
5 501 1
6 447 1
7 123 1
7 345 1
7 392 1
7 416 1
7 449 1
7 494 1
8 338 1
9 155 1
9 256 1
9 337 1
9 385 1
9 418 1
10 396 1
11 9 1
11 19 1
11 49 1
11 300 1
11 351 1
11 487 1
12 161 1
13 112 1
13 293 1
13 468 1
13 470 1
13 482 1
14 309 1
15 37 1
15 198 1
15 347 1
15 379 1
15 424 1
15 458 1
16 433 1
17 43 1
17 69 1
17 131 1
17 299 1
17 451 1
18 433 1
19 22 1
19 109 1
19 313 1
19 339 1
19 359 1
19 492 1
20 451 1
21 257 1
21 329 1
21 364 1
21 378 1
21 508 1
22 324 1
23 63 1
23 147 1
23 298 1
23 305 1
23 432 1
23 461 1
24 370 1
25 187 1
25 297 1
25 330 1
25 387 1
25 479 1
26 474 1
27 18 1
27 58 1
27 97 1
27 111 1
27 491 1
27 498 1
28 188 1
29 64 1
29 117 1
29 162 1
29 227 1
29 240 1
30 206 1
31 5 1
31 29 1
31 193 1
31 263 1
31 266 1
31 406 1
32 348 1
33 322 1
33 343 1
33 345 1
33 404 1
33 448 1
34 125 1
35 66 1
35 85 1
35 169 1
35 375 1
35 395 1
35 508 1
36 12 1
37 140 1
37 150 1
37 261 1
37 274 1
37 336 1
38 481 1
39 55 1
39 157 1
39 161 1
39 281 1
39 303 1
39 457 1
40 454 1
41 226 1
41 250 1
41 316 1
41 331 1
41 481 1
42 51 1
43 297 1
43 329 1
43 410 1
43 442 1
43 463 1
43 506 1
44 456 1
45 88 1
45 222 1
45 383 1
45 387 1
45 487 1
46 167 1
47 24 1
47 264 1
47 287 1
47 359 1
47 440 1
47 486 1
48 420 1
49 148 1
49 289 1
49 340 1
49 343 1
49 416 1
50 178 1
51 91 1
51 186 1
51 316 1
51 344 1
51 361 1
51 369 1
52 347 1
53 108 1
53 396 1
53 426 1
53 455 1
53 503 1
54 251 1
55 159 1
55 358 1
55 362 1
55 469 1
55 475 1
55 485 1
56 173 1
57 426 1
57 462 1
57 489 1
58 339 1
59 245 1
59 291 1
59 317 1
59 412 1
60 368 1
61 31 1
61 280 1
61 313 1
61 331 1
61 441 1
61 473 1
62 403 1
63 120 1
63 272 1
63 365 1
63 388 1
64 428 1
65 339 1
66 2 1
66 391 1
66 401 1
67 448 1
68 294 1
69 377 1
69 496 1
70 183 1
71 459 1
72 216 1
73 2 1
73 4 1
73 8 1
73 20 1
73 45 1
73 84 1
73 157 1
73 180 1
73 209 1
73 247 1
73 318 1
73 344 1
73 351 1
73 367 1
73 380 1
73 395 1
73 397 1
73 420 1
73 446 1
73 452 1
73 481 1
73 494 1
74 371 1
74 393 1
75 156 1
76 34 1
76 273 1
76 328 1
77 66 1
78 164 1
79 25 1
79 185 1
79 274 1
80 1 1
81 265 1
82 354 1
82 477 1
83 121 1
84 250 1
85 136 1
86 171 1
86 315 1
86 321 1
86 363 1
86 389 1
87 86 1
87 343 1
88 444 1
89 48 1
89 110 1
89 404 1
90 380 1
91 390 1
92 77 1
92 371 1
92 463 1
93 401 1
94 439 1
95 144 1
95 373 1
96 134 1
97 44 1
98 34 1
99 139 1
99 147 1
99 304 1
99 335 1
99 436 1
100 96 1
100 176 1
101 210 1
102 113 1
102 218 1
102 422 1
103 68 1
104 337 1
105 145 1
105 437 1
105 450 1
106 151 1
107 86 1
108 158 1
108 464 1
109 394 1
110 319 1
111 505 1
112 138 1
112 205 1
112 235 1
112 240 1
112 435 1
113 223 1
113 233 1
114 53 1
115 62 1
115 324 1
115 504 1
116 454 1
117 456 1
118 78 1
118 430 1
118 465 1
119 52 1
120 264 1
121 48 1
121 327 1
122 131 1
123 497 1
124 365 1
125 258 1
125 301 1
125 363 1
125 371 1
125 493 1
126 231 1
126 476 1
127 15 1
128 17 1
128 204 1
128 461 1
129 220 1
130 201 1
131 307 1
131 322 1
131 434 1
132 308 1
133 406 1
134 36 1
134 229 1
135 457 1
136 476 1
137 356 1
138 190 1
138 222 1
138 342 1
138 351 1
138 381 1
139 104 1
139 512 1
140 486 1
141 160 1
141 394 1
141 439 1
142 507 1
143 125 1
144 353 1
144 360 1
144 490 1
145 134 1
146 135 1
147 26 1
147 154 1
148 384 1
149 386 1
150 346 1
151 33 1
151 70 1
151 200 1
151 242 1
151 342 1
152 242 1
152 370 1
153 249 1
154 172 1
154 362 1
154 383 1
155 509 1
156 212 1
157 195 1
157 255 1
157 256 1
157 333 1
158 330 1
159 173 1
160 484 1
161 311 1
161 385 1
161 446 1
162 40 1
162 280 1
162 393 1
163 153 1
164 290 1
165 359 1
166 99 1
166 182 1
167 512 1
168 42 1
168 351 1
169 196 1
169 466 1
170 79 1
171 243 1
172 71 1
173 361 1
173 389 1
174 74 1
175 342 1
175 364 1
176 192 1
176 320 1
177 199 1
178 450 1
179 340 1
180 325 1
180 455 1
181 444 1
182 213 1
182 310 1
183 20 1
183 241 1
184 107 1
185 355 1
186 267 1
187 208 1
187 490 1
188 215 1
189 350 1
189 485 1
190 12 1
190 444 1
191 194 1
192 501 1
193 480 1
194 61 1
194 511 1
195 82 1
196 57 1
196 146 1
197 375 1
197 395 1
198 127 1
199 418 1
200 345 1
201 133 1
201 502 1
202 379 1
203 414 1
203 445 1
204 62 1
204 266 1
205 342 1
206 93 1
207 435 1
208 67 1
208 126 1
209 50 1
210 488 1
210 507 1
211 349 1
211 452 1
212 299 1
213 466 1
214 170 1
215 6 1
215 442 1
216 360 1
217 99 1
217 307 1
218 92 1
218 510 1
219 474 1
220 46 1
221 352 1
222 129 1
222 441 1
223 447 1
224 374 1
225 399 1
226 58 1
227 72 1
228 341 1
229 253 1
230 399 1
231 500 1
232 277 1
233 166 1
234 304 1
235 283 1
236 347 1
237 473 1
238 366 1
239 355 1
240 382 1
241 345 1
242 412 1
243 237 1
244 224 1
245 279 1
246 474 1
247 428 1
248 44 1
249 81 1
250 87 1
251 497 1
252 119 1
253 477 1
254 390 1
255 391 1
256 349 1
257 3 1
258 282 1
259 408 1
260 495 1
261 338 1
262 436 1
263 82 1
264 28 1
265 179 1
266 386 1
267 349 1
268 124 1
269 219 1
270 211 1
271 499 1
272 14 1
273 165 1
274 175 1
275 191 1
276 450 1
277 302 1
278 187 1
279 368 1
280 314 1
281 436 1
282 443 1
283 165 1
284 332 1
285 438 1
286 32 1
287 197 1
288 500 1
289 180 1
290 422 1
291 495 1
292 485 1
293 319 1
294 433 1
295 201 1
296 434 1
297 488 1
298 122 1
299 335 1
300 424 1
301 16 1
302 232 1
303 479 1
304 288 1
305 343 1
306 269 1
307 471 1
308 384 1
309 272 1
310 467 1
311 23 1
312 459 1
313 65 1
314 357 1
315 357 1
316 332 1
317 138 1
318 95 1
319 445 1
320 38 1
321 471 1
322 312 1
323 404 1
324 10 1
325 460 1
326 334 1
327 232 1
328 14 1
329 202 1
330 90 1
331 292 1
332 41 1
333 116 1
334 453 1
335 472 1
336 472 1
337 248 1
338 7 1
339 27 1
340 8 1
341 149 1
341 449 1
341 458 1
341 465 1
341 475 1
342 22 1
342 106 1
342 112 1
342 317 1
342 443 1
343 509 1
344 42 1
344 305 1
344 389 1
344 499 1
344 510 1
345 151 1
346 46 1
346 95 1
346 215 1
346 326 1
346 340 1
347 308 1
348 30 1
348 336 1
348 353 1
348 374 1
348 470 1
349 292 1
350 64 1
350 118 1
350 301 1
350 372 1
350 432 1
351 335 1
352 118 1
352 334 1
352 348 1
352 477 1
353 32 1
354 287 1
355 498 1
356 323 1
357 438 1
358 437 1
359 491 1
360 493 1
361 40 1
362 10 1
363 482 1
364 214 1
365 16 1
366 103 1
367 128 1
368 377 1
369 489 1
370 487 1
371 143 1
372 480 1
373 346 1
374 352 1
375 445 1
376 321 1
377 38 1
378 453 1
379 462 1
380 102 1
381 56 1
382 92 1
383 314 1
384 132 1
385 39 1
386 341 1
387 203 1
388 54 1
389 76 1
390 388 1
391 35 1
392 503 1
393 372 1
394 59 1
395 105 1
396 367 1
397 208 1
398 383 1
399 464 1
400 376 1
401 177 1
402 410 1
403 115 1
404 356 1
405 378 1
406 353 1
407 303 1
408 79 1
409 306 1
410 50 1
411 366 1
412 152 1
413 511 1
414 381 1
415 54 1
416 293 1
417 294 1
418 11 1
419 377 1
420 309 1
421 298 1
422 483 1
423 365 1
424 354 1
425 337 1
426 358 1
427 24 1
428 315 1
429 189 1
430 350 1
431 289 1
432 430 1
433 144 1
434 168 1
434 326 1
434 468 1
435 285 1
436 217 1
437 6 1
437 282 1
437 505 1
438 89 1
439 163 1
440 224 1
440 336 1
440 441 1
441 194 1
442 302 1
443 28 1
443 258 1
443 496 1
444 397 1
445 439 1
446 323 1
446 435 1
446 478 1
447 300 1
448 506 1
449 181 1
449 440 1
449 502 1
450 432 1
451 448 1
452 137 1
452 259 1
452 338 1
453 447 1
454 333 1
454 369 1
455 60 1
456 80 1
457 373 1
458 248 1
459 310 1
460 492 1
461 311 1
462 98 1
463 382 1
464 479 1
465 184 1
466 288 1
467 325 1
468 26 1
469 130 1
470 334 1
471 108 1
472 225 1
473 483 1
474 306 1
475 52 1
476 291 1
477 121 1
478 295 1
479 275 1
480 296 1
481 142 1
482 69 1
483 451 1
484 141 1
485 349 1
486 4 1
487 234 1
489 328 1
490 460 1
491 30 1
492 475 1
493 234 1
494 36 1
495 469 1
496 18 1
497 320 1
497 403 1
498 105 1
498 239 1
499 94 1
499 467 1
500 408 1
500 438 1
501 56 1
501 290 1
502 75 1
502 295 1
503 114 1
503 376 1
504 221 1
504 392 1
505 101 1
506 100 1
507 484 1
508 207 1
509 347 1
510 174 1
511 478 1
512 226 1
