1 138 1
1 142 1
1 227 1
1 454 1
1 487 1
2 266 1
3 77 1
3 106 1
3 131 1
3 296 1
3 320 1
3 379 1
4 289 1
5 90 1
5 299 1
5 384 1
5 441 1
5 488 1
6 384 1
7 134 1
7 269 1
7 290 1
7 353 1
7 391 1
7 447 1
8 440 1
9 173 1
9 253 1
9 272 1
9 480 1
9 505 1
10 466 1
11 30 1
11 105 1
11 351 1
11 403 1
11 451 1
11 502 1
12 447 1
13 302 1
13 312 1
13 376 1
13 382 1
13 465 1
14 424 1
15 186 1
15 200 1
15 292 1
15 311 1
15 389 1
15 478 1
16 99 1
17 147 1
17 240 1
17 410 1
17 432 1
17 451 1
18 457 1
19 48 1
19 224 1
19 336 1
19 337 1
19 426 1
19 482 1
20 497 1
21 189 1
21 309 1
21 350 1
21 379 1
21 438 1
22 371 1
23 56 1
23 94 1
23 316 1
23 324 1
23 362 1
23 460 1
24 108 1
25 114 1
25 125 1
25 180 1
25 358 1
25 493 1
26 442 1
27 8 1
27 194 1
27 205 1
27 395 1
27 448 1
27 466 1
28 443 1
29 34 1
29 190 1
29 251 1
29 338 1
29 347 1
30 490 1
31 48 1
31 148 1
31 188 1
31 232 1
31 353 1
31 456 1
32 508 1
33 347 1
33 368 1
33 412 1
33 435 1
33 459 1
34 481 1
35 18 1
35 232 1
35 293 1
35 340 1
35 401 1
35 416 1
36 105 1
37 47 1
37 249 1
37 279 1
37 331 1
37 450 1
38 471 1
39 218 1
39 277 1
39 287 1
39 317 1
39 412 1
39 456 1
40 65 1
41 107 1
41 346 1
41 374 1
41 396 1
41 501 1
42 351 1
43 52 1
43 224 1
43 280 1
43 397 1
43 404 1
43 416 1
44 36 1
45 69 1
45 82 1
45 173 1
45 475 1
45 481 1
46 366 1
47 24 1
47 373 1
47 396 1
47 464 1
47 490 1
47 504 1
48 162 1
49 92 1
49 261 1
49 343 1
49 362 1
49 472 1
50 359 1
51 64 1
51 85 1
51 119 1
51 297 1
51 418 1
51 473 1
52 12 1
53 11 1
53 31 1
53 49 1
53 144 1
53 297 1
54 383 1
55 89 1
55 322 1
55 329 1
55 355 1
55 442 1
55 444 1
56 501 1
57 151 1
57 243 1
57 331 1
58 422 1
59 4 1
59 159 1
59 179 1
59 226 1
60 29 1
61 80 1
61 135 1
61 141 1
61 223 1
61 318 1
61 388 1
62 193 1
63 81 1
63 185 1
63 294 1
63 438 1
64 434 1
65 274 1
66 21 1
66 448 1
66 463 1
67 313 1
68 126 1
69 95 1
69 484 1
70 113 1
71 354 1
72 304 1
73 43 1
73 60 1
73 67 1
73 100 1
73 117 1
73 147 1
73 150 1
73 203 1
73 219 1
73 322 1
73 327 1
73 330 1
73 334 1
73 339 1
73 357 1
73 375 1
73 385 1
73 390 1
73 394 1
73 462 1
73 480 1
73 509 1
74 208 1
74 477 1
75 336 1
76 172 1
76 343 1
76 439 1
77 32 1
78 345 1
79 215 1
79 370 1
79 446 1
80 496 1
81 369 1
82 195 1
82 452 1
83 63 1
84 339 1
85 420 1
86 1 1
86 95 1
86 324 1
86 433 1
86 442 1
87 5 1
87 220 1
88 282 1
89 154 1
89 267 1
89 315 1
90 87 1
91 12 1
92 305 1
92 478 1
92 489 1
93 124 1
94 35 1
95 201 1
95 234 1
96 132 1
97 447 1
98 376 1
99 40 1
99 46 1
99 78 1
99 266 1
99 444 1
100 250 1
100 365 1
101 356 1
102 17 1
102 130 1
102 273 1
103 258 1
104 485 1
105 44 1
105 177 1
105 512 1
106 222 1
107 307 1
108 291 1
108 387 1
109 192 1
110 187 1
111 207 1
112 37 1
112 97 1
112 343 1
112 498 1
112 506 1
113 140 1
113 453 1
114 66 1
115 158 1
115 295 1
115 463 1
116 214 1
117 348 1
118 346 1
118 353 1
118 355 1
119 330 1
120 439 1
121 36 1
121 320 1
122 257 1
123 303 1
124 406 1
125 242 1
125 344 1
125 386 1
125 389 1
125 408 1
126 287 1
126 335 1
127 455 1
128 196 1
128 342 1
128 352 1
129 337 1
130 45 1
131 76 1
131 360 1
131 383 1
132 347 1
133 3 1
134 108 1
134 248 1
135 22 1
136 510 1
137 18 1
138 115 1
138 129 1
138 160 1
138 271 1
138 354 1
139 292 1
139 482 1
140 181 1
141 14 1
141 155 1
141 334 1
142 116 1
143 54 1
144 294 1
144 301 1
144 351 1
145 349 1
146 298 1
147 102 1
147 144 1
148 191 1
149 256 1
150 453 1
151 206 1
151 234 1
151 338 1
151 365 1
151 471 1
152 26 1
152 96 1
153 44 1
154 26 1
154 364 1
154 474 1
155 34 1
156 340 1
157 15 1
157 50 1
157 372 1
157 498 1
158 461 1
159 475 1
160 404 1
161 121 1
161 208 1
161 375 1
162 134 1
162 175 1
162 213 1
163 492 1
164 367 1
165 289 1
166 455 1
166 468 1
167 437 1
168 296 1
168 380 1
169 122 1
169 340 1
170 339 1
171 182 1
172 120 1
173 4 1
173 184 1
174 476 1
175 84 1
175 125 1
176 157 1
176 486 1
177 30 1
178 183 1
179 247 1
180 39 1
180 337 1
181 216 1
182 176 1
182 436 1
183 111 1
183 408 1
184 298 1
185 486 1
186 315 1
187 321 1
187 381 1
188 430 1
189 212 1
189 356 1
190 60 1
190 504 1
191 469 1
192 318 1
193 488 1
194 341 1
194 426 1
195 312 1
196 82 1
196 319 1
197 25 1
197 225 1
198 512 1
199 264 1
200 174 1
201 153 1
201 509 1
202 50 1
203 2 1
203 444 1
204 165 1
204 359 1
205 487 1
206 470 1
207 146 1
208 38 1
208 485 1
209 104 1
210 291 1
210 432 1
211 41 1
211 474 1
212 239 1
213 510 1
214 335 1
215 342 1
215 457 1
216 22 1
217 215 1
217 459 1
218 131 1
218 377 1
219 387 1
220 231 1
221 357 1
222 226 1
222 503 1
223 481 1
224 424 1
225 157 1
226 507 1
227 336 1
228 511 1
229 86 1
230 388 1
231 393 1
232 70 1
233 99 1
234 345 1
235 349 1
236 399 1
237 109 1
238 511 1
239 308 1
240 128 1
241 323 1
242 209 1
243 275 1
244 143 1
245 479 1
246 460 1
247 474 1
248 439 1
249 112 1
250 445 1
251 166 1
252 280 1
253 389 1
254 485 1
255 422 1
256 367 1
257 169 1
258 496 1
259 20 1
260 462 1
261 473 1
262 505 1
263 217 1
264 437 1
265 483 1
266 326 1
267 9 1
268 370 1
269 465 1
270 433 1
271 403 1
272 139 1
273 317 1
274 194 1
275 380 1
276 464 1
277 307 1
278 468 1
279 101 1
280 274 1
281 450 1
282 450 1
283 74 1
284 494 1
285 133 1
286 484 1
287 180 1
288 470 1
289 59 1
290 343 1
291 259 1
292 434 1
293 359 1
294 40 1
295 68 1
296 360 1
297 248 1
298 489 1
299 293 1
300 383 1
301 272 1
302 285 1
303 446 1
304 453 1
305 334 1
306 28 1
307 436 1
308 57 1
309 377 1
310 414 1
311 118 1
312 386 1
313 64 1
314 20 1
315 314 1
316 221 1
317 33 1
318 28 1
319 295 1
320 161 1
321 210 1
322 483 1
323 256 1
324 149 1
325 451 1
326 16 1
327 288 1
328 161 1
329 197 1
330 452 1
331 241 1
332 327 1
333 390 1
334 61 1
335 93 1
336 255 1
337 469 1
338 345 1
339 92 1
340 418 1
341 27 1
341 347 1
341 391 1
341 393 1
341 506 1
342 55 1
342 341 1
342 366 1
342 394 1
342 461 1
343 38 1
344 58 1
344 88 1
344 178 1
344 348 1
344 365 1
345 91 1
346 19 1
346 23 1
346 198 1
346 211 1
346 503 1
347 10 1
348 338 1
348 361 1
348 438 1
348 448 1
348 491 1
349 201 1
350 10 1
350 66 1
350 283 1
350 328 1
350 479 1
351 406 1
352 2 1
352 32 1
352 364 1
352 371 1
353 358 1
354 310 1
355 311 1
356 305 1
357 483 1
358 300 1
359 156 1
360 371 1
361 344 1
362 440 1
363 52 1
364 306 1
365 281 1
366 441 1
367 24 1
368 51 1
369 477 1
370 476 1
371 432 1
372 14 1
373 7 1
374 263 1
375 328 1
376 433 1
377 381 1
378 282 1
379 6 1
380 467 1
381 145 1
382 110 1
383 349 1
384 499 1
385 79 1
386 13 1
387 301 1
388 378 1
389 472 1
390 75 1
391 499 1
392 6 1
393 342 1
394 441 1
395 309 1
396 164 1
397 350 1
398 479 1
399 395 1
400 458 1
401 112 1
402 414 1
403 138 1
404 410 1
405 299 1
406 16 1
407 500 1
408 204 1
409 395 1
410 83 1
411 335 1
412 458 1
413 399 1
414 495 1
415 308 1
416 392 1
417 167 1
418 368 1
419 187 1
420 325 1
421 300 1
422 491 1
423 237 1
424 303 1
425 454 1
426 56 1
427 494 1
428 222 1
429 467 1
430 369 1
431 392 1
432 170 1
433 456 1
434 71 1
434 313 1
434 507 1
435 127 1
436 304 1
437 363 1
437 492 1
437 500 1
438 435 1
439 333 1
440 103 1
440 310 1
440 316 1
441 342 1
442 229 1
443 199 1
443 290 1
443 329 1
444 265 1
445 123 1
446 302 1
446 349 1
446 493 1
447 373 1
448 475 1
449 325 1
449 363 1
449 377 1
450 378 1
451 449 1
452 42 1
452 79 1
452 397 1
453 72 1
454 54 1
454 86 1
455 435 1
456 374 1
457 323 1
458 319 1
459 137 1
460 245 1
461 242 1
462 495 1
463 508 1
464 98 1
465 152 1
466 233 1
467 477 1
468 321 1
469 445 1
470 151 1
471 62 1
472 240 1
473 385 1
474 487 1
475 165 1
476 42 1
477 430 1
478 443 1
479 306 1
480 121 1
481 62 1
482 235 1
483 163 1
484 502 1
485 449 1
486 361 1
487 497 1
489 8 1
490 333 1
491 58 1
492 118 1
493 428 1
494 136 1
495 382 1
496 351 1
497 314 1
497 404 1
498 258 1
498 401 1
499 345 1
499 372 1
500 171 1
500 264 1
501 332 1
501 420 1
502 53 1
502 69 1
503 428 1
503 436 1
504 168 1
504 288 1
505 445 1
506 332 1
507 326 1
508 352 1
509 250 1
510 353 1
511 46 1
512 202 1
