1 62 1
1 114 1
1 321 1
1 382 1
1 482 1
2 169 1
3 17 1
3 92 1
3 99 1
3 161 1
3 350 1
3 448 1
4 367 1
5 87 1
5 273 1
5 343 1
5 404 1
5 464 1
6 241 1
7 75 1
7 121 1
7 222 1
7 315 1
7 358 1
7 389 1
8 93 1
9 339 1
9 340 1
9 383 1
9 448 1
9 489 1
10 438 1
11 107 1
11 213 1
11 240 1
11 328 1
11 394 1
11 486 1
12 20 1
13 82 1
13 120 1
13 127 1
13 280 1
13 321 1
14 404 1
15 38 1
15 157 1
15 353 1
15 360 1
15 480 1
15 512 1
16 506 1
17 234 1
17 283 1
17 410 1
17 447 1
17 475 1
18 105 1
19 35 1
19 66 1
19 162 1
19 165 1
19 377 1
19 424 1
20 266 1
21 28 1
21 85 1
21 414 1
21 477 1
21 499 1
22 504 1
23 54 1
23 59 1
23 151 1
23 461 1
23 478 1
23 489 1
24 332 1
25 9 1
25 137 1
25 145 1
25 447 1
25 496 1
26 288 1
27 100 1
27 112 1
27 121 1
27 157 1
27 219 1
27 439 1
28 201 1
29 65 1
29 71 1
29 126 1
29 165 1
29 444 1
30 66 1
31 192 1
31 250 1
31 255 1
31 359 1
31 362 1
31 486 1
32 76 1
33 301 1
33 312 1
33 351 1
33 373 1
33 445 1
34 49 1
35 47 1
35 154 1
35 215 1
35 331 1
35 376 1
35 456 1
36 472 1
37 223 1
37 296 1
37 367 1
37 386 1
37 414 1
38 221 1
39 50 1
39 216 1
39 365 1
39 439 1
39 467 1
39 484 1
40 338 1
41 2 1
41 51 1
41 281 1
41 501 1
41 511 1
42 52 1
43 12 1
43 303 1
43 345 1
43 380 1
43 447 1
43 475 1
44 318 1
45 265 1
45 280 1
45 289 1
45 395 1
45 506 1
46 134 1
47 248 1
47 312 1
47 354 1
47 381 1
47 474 1
47 512 1
48 430 1
49 44 1
49 237 1
49 319 1
49 369 1
49 510 1
50 388 1
51 194 1
51 218 1
51 305 1
51 355 1
51 436 1
51 481 1
52 271 1
53 231 1
53 376 1
53 426 1
53 442 1
53 443 1
54 274 1
55 6 1
55 14 1
55 40 1
55 80 1
55 384 1
55 418 1
56 351 1
57 8 1
57 45 1
57 253 1
58 458 1
59 22 1
59 116 1
59 396 1
59 509 1
60 420 1
61 148 1
61 232 1
61 338 1
61 374 1
61 410 1
61 473 1
62 259 1
63 79 1
63 170 1
63 295 1
63 387 1
64 334 1
65 385 1
66 138 1
66 325 1
66 432 1
67 369 1
68 84 1
69 39 1
69 314 1
70 23 1
71 383 1
72 196 1
73 69 1
73 77 1
73 78 1
73 101 1
73 118 1
73 135 1
73 136 1
73 151 1
73 190 1
73 212 1
73 225 1
73 234 1
73 248 1
73 258 1
73 319 1
73 323 1
73 330 1
73 341 1
73 353 1
73 451 1
73 470 1
73 474 1
74 311 1
74 470 1
75 496 1
76 10 1
76 462 1
76 499 1
77 364 1
78 360 1
79 62 1
79 377 1
79 441 1
80 331 1
81 474 1
82 40 1
82 224 1
83 163 1
84 504 1
85 353 1
86 50 1
86 206 1
86 371 1
86 440 1
86 503 1
87 337 1
87 500 1
88 347 1
89 155 1
89 232 1
89 266 1
90 186 1
91 345 1
92 61 1
92 105 1
92 450 1
93 488 1
94 111 1
95 389 1
95 459 1
96 309 1
97 46 1
98 27 1
99 90 1
99 277 1
99 365 1
99 466 1
99 469 1
100 392 1
100 481 1
101 187 1
102 214 1
102 363 1
102 446 1
103 106 1
104 349 1
105 198 1
105 323 1
105 344 1
106 325 1
107 189 1
108 25 1
108 368 1
109 343 1
110 333 1
111 310 1
112 41 1
112 98 1
112 308 1
112 349 1
112 379 1
113 187 1
113 451 1
114 10 1
115 16 1
115 112 1
115 476 1
116 174 1
117 161 1
118 243 1
118 288 1
118 424 1
119 508 1
120 141 1
121 70 1
121 449 1
122 483 1
123 144 1
124 72 1
125 149 1
125 332 1
125 426 1
125 433 1
125 493 1
126 383 1
126 449 1
127 453 1
128 83 1
128 201 1
128 385 1
129 36 1
130 452 1
131 294 1
131 300 1
131 458 1
132 416 1
133 103 1
134 144 1
134 502 1
135 208 1
136 492 1
137 480 1
138 48 1
138 164 1
138 227 1
138 256 1
138 406 1
139 37 1
139 303 1
140 263 1
141 307 1
141 342 1
141 397 1
142 178 1
143 439 1
144 68 1
144 375 1
144 395 1
145 108 1
146 307 1
147 329 1
147 483 1
148 314 1
149 451 1
150 505 1
151 108 1
151 199 1
151 310 1
151 324 1
151 484 1
152 382 1
152 401 1
153 366 1
154 14 1
154 96 1
154 448 1
155 444 1
156 347 1
157 18 1
157 34 1
157 460 1
157 476 1
158 354 1
159 122 1
160 392 1
161 352 1
161 399 1
161 403 1
162 28 1
162 365 1
162 450 1
163 179 1
164 79 1
165 290 1
166 134 1
166 479 1
167 490 1
168 48 1
168 401 1
169 297 1
169 435 1
170 153 1
171 318 1
172 140 1
173 19 1
173 386 1
174 450 1
175 250 1
175 359 1
176 94 1
176 463 1
177 16 1
178 445 1
179 296 1
180 465 1
180 507 1
181 487 1
182 175 1
182 345 1
183 42 1
183 335 1
184 6 1
185 371 1
186 466 1
187 395 1
187 463 1
188 322 1
189 430 1
189 456 1
190 138 1
190 440 1
191 347 1
192 467 1
193 317 1
194 316 1
194 475 1
195 396 1
196 102 1
196 299 1
197 52 1
197 92 1
198 18 1
199 387 1
200 125 1
201 21 1
201 313 1
202 251 1
203 7 1
203 304 1
204 261 1
204 420 1
205 335 1
206 338 1
207 434 1
208 183 1
208 428 1
209 327 1
210 454 1
210 461 1
211 372 1
211 444 1
212 469 1
213 464 1
214 301 1
215 119 1
215 406 1
216 492 1
217 172 1
217 351 1
218 272 1
218 304 1
219 435 1
220 457 1
221 403 1
222 74 1
222 317 1
223 139 1
224 408 1
225 194 1
226 348 1
227 204 1
228 131 1
229 388 1
230 215 1
231 133 1
232 36 1
233 256 1
234 393 1
235 361 1
236 129 1
237 362 1
238 487 1
239 457 1
240 422 1
241 55 1
242 207 1
243 56 1
244 82 1
245 203 1
246 38 1
247 245 1
248 128 1
249 130 1
250 509 1
251 408 1
252 495 1
253 97 1
254 399 1
255 125 1
256 32 1
257 452 1
258 33 1
259 147 1
260 242 1
261 456 1
262 352 1
263 495 1
264 416 1
265 305 1
266 12 1
267 357 1
268 320 1
269 335 1
270 351 1
271 197 1
272 356 1
273 446 1
274 292 1
275 210 1
276 15 1
277 180 1
278 191 1
279 370 1
280 511 1
281 390 1
282 24 1
283 99 1
284 478 1
285 482 1
286 391 1
287 30 1
288 264 1
289 473 1
290 479 1
291 3 1
292 184 1
293 485 1
294 441 1
295 299 1
296 340 1
297 88 1
298 432 1
299 442 1
300 483 1
301 297 1
302 357 1
303 324 1
304 143 1
305 337 1
306 292 1
307 333 1
308 295 1
309 494 1
310 142 1
311 438 1
312 86 1
313 293 1
314 433 1
315 95 1
316 322 1
317 433 1
318 356 1
319 302 1
320 267 1
321 158 1
322 224 1
323 54 1
324 43 1
325 368 1
326 481 1
327 110 1
328 343 1
329 465 1
330 22 1
331 326 1
332 443 1
333 497 1
334 152 1
335 287 1
336 355 1
337 176 1
338 131 1
339 298 1
340 441 1
341 159 1
341 272 1
341 274 1
341 389 1
341 468 1
342 229 1
342 247 1
342 264 1
342 361 1
342 488 1
343 373 1
344 160 1
344 177 1
344 290 1
344 384 1
344 494 1
345 510 1
346 181 1
346 211 1
346 334 1
346 374 1
346 404 1
347 436 1
348 56 1
348 91 1
348 353 1
348 412 1
348 477 1
349 315 1
350 291 1
350 326 1
350 328 1
350 366 1
350 445 1
351 327 1
352 34 1
352 320 1
352 337 1
352 508 1
353 226 1
354 477 1
355 226 1
356 460 1
357 348 1
358 44 1
359 438 1
360 300 1
361 188 1
362 233 1
363 64 1
364 340 1
365 167 1
366 472 1
367 311 1
368 168 1
369 336 1
370 342 1
371 381 1
372 282 1
373 442 1
374 81 1
375 123 1
376 67 1
377 63 1
378 60 1
379 291 1
380 372 1
381 185 1
382 334 1
383 29 1
384 412 1
385 345 1
386 453 1
387 342 1
388 117 1
389 491 1
390 171 1
391 298 1
392 344 1
393 437 1
394 115 1
395 113 1
396 434 1
397 132 1
398 418 1
399 26 1
400 308 1
401 4 1
402 42 1
403 147 1
404 60 1
405 349 1
406 309 1
407 209 1
408 306 1
409 358 1
410 479 1
411 313 1
412 289 1
413 500 1
414 220 1
415 46 1
416 436 1
417 502 1
418 336 1
419 490 1
420 455 1
421 459 1
422 11 1
423 471 1
424 347 1
425 31 1
426 24 1
427 205 1
428 487 1
429 64 1
430 146 1
431 377 1
432 339 1
433 378 1
434 2 1
434 195 1
434 242 1
435 342 1
436 156 1
437 180 1
437 378 1
437 379 1
438 462 1
439 69 1
440 150 1
440 397 1
440 498 1
441 285 1
442 343 1
443 173 1
443 468 1
443 497 1
444 346 1
445 258 1
446 124 1
446 336 1
446 359 1
447 491 1
448 363 1
449 30 1
449 364 1
449 428 1
450 349 1
451 453 1
452 1 1
452 249 1
452 493 1
453 20 1
454 275 1
454 287 1
455 339 1
456 437 1
457 346 1
458 302 1
459 505 1
460 485 1
461 390 1
462 455 1
463 240 1
464 182 1
465 26 1
466 86 1
467 507 1
468 485 1
469 95 1
470 222 1
471 58 1
472 391 1
473 202 1
474 235 1
475 350 1
476 293 1
477 380 1
478 371 1
479 217 1
480 279 1
481 8 1
482 316 1
483 166 1
484 432 1
485 341 1
486 422 1
487 208 1
489 58 1
490 239 1
491 375 1
492 89 1
493 200 1
494 306 1
495 193 1
496 435 1
497 53 1
497 370 1
498 57 1
498 269 1
499 32 1
499 104 1
500 5 1
500 109 1
501 294 1
501 471 1
502 4 1
502 329 1
503 282 1
503 501 1
504 118 1
504 330 1
505 498 1
506 454 1
507 173 1
508 257 1
509 393 1
510 503 1
511 13 1
512 394 1
