1 98 1
1 329 1
1 368 1
1 379 1
1 456 1
2 144 1
3 67 1
3 128 1
3 165 1
3 315 1
3 442 1
3 483 1
4 342 1
5 105 1
5 280 1
5 336 1
5 366 1
5 438 1
6 420 1
7 12 1
7 403 1
7 450 1
7 453 1
7 461 1
7 507 1
8 497 1
9 41 1
9 88 1
9 121 1
9 250 1
9 302 1
10 199 1
11 86 1
11 138 1
11 299 1
11 356 1
11 377 1
11 501 1
12 482 1
13 48 1
13 64 1
13 66 1
13 282 1
13 387 1
14 34 1
15 296 1
15 338 1
15 433 1
15 478 1
15 484 1
15 487 1
16 232 1
17 314 1
17 344 1
17 386 1
17 412 1
17 451 1
18 248 1
19 126 1
19 161 1
19 364 1
19 366 1
19 438 1
19 447 1
20 208 1
21 8 1
21 24 1
21 201 1
21 294 1
21 369 1
22 469 1
23 44 1
23 131 1
23 337 1
23 435 1
23 440 1
23 461 1
24 496 1
25 109 1
25 193 1
25 358 1
25 412 1
25 476 1
26 354 1
27 205 1
27 215 1
27 272 1
27 312 1
27 352 1
27 432 1
28 184 1
29 26 1
29 149 1
29 264 1
29 318 1
29 491 1
30 247 1
31 243 1
31 290 1
31 307 1
31 381 1
31 428 1
31 499 1
32 222 1
33 110 1
33 196 1
33 367 1
33 476 1
33 497 1
34 257 1
35 78 1
35 94 1
35 95 1
35 237 1
35 325 1
35 442 1
36 224 1
37 58 1
37 127 1
37 273 1
37 304 1
37 355 1
38 310 1
39 119 1
39 186 1
39 307 1
39 473 1
39 480 1
39 507 1
40 300 1
41 187 1
41 249 1
41 266 1
41 367 1
41 455 1
42 499 1
43 44 1
43 258 1
43 265 1
43 325 1
43 363 1
43 511 1
44 221 1
45 13 1
45 24 1
45 122 1
45 312 1
45 505 1
46 275 1
47 220 1
47 259 1
47 420 1
47 438 1
47 454 1
47 485 1
48 470 1
49 10 1
49 372 1
49 432 1
49 464 1
49 480 1
50 123 1
51 131 1
51 192 1
51 356 1
51 472 1
51 479 1
51 508 1
52 464 1
53 114 1
53 248 1
53 444 1
53 445 1
53 492 1
54 385 1
55 2 1
55 217 1
55 323 1
55 373 1
55 458 1
55 477 1
56 288 1
57 15 1
57 414 1
57 473 1
58 200 1
59 279 1
59 452 1
59 457 1
59 494 1
60 330 1
61 154 1
61 165 1
61 187 1
61 208 1
61 327 1
61 338 1
62 60 1
63 391 1
63 395 1
63 424 1
63 492 1
64 150 1
65 84 1
66 85 1
66 336 1
66 371 1
67 40 1
68 447 1
69 40 1
69 314 1
70 166 1
71 46 1
72 222 1
73 16 1
73 36 1
73 92 1
73 143 1
73 212 1
73 215 1
73 256 1
73 291 1
73 297 1
73 322 1
73 327 1
73 375 1
73 376 1
73 377 1
73 386 1
73 393 1
73 426 1
73 439 1
73 465 1
73 472 1
73 490 1
73 496 1
74 8 1
74 433 1
75 185 1
76 20 1
76 353 1
76 378 1
77 452 1
78 373 1
79 353 1
79 359 1
79 365 1
80 18 1
81 340 1
82 316 1
82 495 1
83 308 1
84 487 1
85 32 1
86 54 1
86 177 1
86 349 1
86 494 1
86 506 1
87 331 1
87 406 1
88 493 1
89 52 1
89 181 1
89 218 1
90 211 1
91 315 1
92 311 1
92 334 1
92 390 1
93 25 1
94 198 1
95 182 1
95 467 1
96 474 1
97 58 1
98 335 1
99 117 1
99 164 1
99 195 1
99 295 1
99 475 1
100 147 1
100 451 1
101 466 1
102 229 1
102 459 1
102 486 1
103 430 1
104 92 1
105 141 1
105 251 1
105 363 1
106 111 1
107 471 1
108 1 1
108 485 1
109 161 1
110 46 1
111 388 1
112 7 1
112 104 1
112 339 1
112 348 1
112 455 1
113 264 1
113 351 1
114 21 1
115 32 1
115 371 1
115 510 1
116 76 1
117 355 1
118 159 1
118 180 1
118 401 1
119 396 1
120 408 1
121 93 1
121 197 1
122 277 1
123 392 1
124 263 1
125 233 1
125 287 1
125 303 1
125 362 1
125 445 1
126 82 1
126 351 1
127 383 1
128 79 1
128 340 1
128 426 1
129 62 1
130 283 1
131 90 1
131 160 1
131 234 1
132 349 1
133 404 1
134 75 1
134 345 1
135 500 1
136 310 1
137 358 1
138 107 1
138 115 1
138 145 1
138 309 1
138 341 1
139 134 1
139 369 1
140 443 1
141 99 1
141 285 1
141 448 1
142 441 1
143 450 1
144 317 1
144 401 1
144 503 1
145 334 1
146 97 1
147 153 1
147 375 1
148 22 1
149 133 1
150 313 1
151 18 1
151 271 1
151 384 1
151 454 1
151 498 1
152 226 1
152 372 1
153 70 1
154 332 1
154 348 1
154 481 1
155 468 1
156 120 1
157 293 1
157 333 1
157 365 1
157 435 1
158 118 1
159 267 1
160 397 1
161 224 1
161 354 1
161 505 1
162 113 1
162 302 1
162 357 1
163 387 1
164 173 1
165 346 1
166 399 1
166 436 1
167 6 1
168 175 1
168 463 1
169 253 1
169 502 1
170 352 1
171 506 1
172 256 1
173 364 1
173 374 1
174 475 1
175 282 1
175 357 1
176 83 1
176 436 1
177 50 1
178 210 1
179 54 1
180 65 1
180 441 1
181 55 1
182 26 1
182 35 1
183 27 1
183 170 1
184 299 1
185 433 1
186 103 1
187 96 1
187 488 1
188 101 1
189 138 1
189 456 1
190 339 1
190 397 1
191 479 1
192 337 1
193 361 1
194 223 1
194 330 1
195 81 1
196 136 1
196 485 1
197 316 1
197 449 1
198 395 1
199 28 1
200 148 1
201 23 1
201 31 1
202 108 1
203 382 1
203 483 1
204 459 1
204 512 1
205 129 1
206 272 1
207 62 1
208 132 1
208 362 1
209 501 1
210 4 1
210 320 1
211 16 1
211 393 1
212 318 1
213 130 1
214 443 1
215 9 1
215 173 1
216 280 1
217 331 1
217 368 1
218 106 1
218 502 1
219 216 1
220 14 1
221 465 1
222 95 1
222 493 1
223 241 1
224 304 1
225 320 1
226 457 1
227 56 1
228 337 1
229 324 1
230 416 1
231 225 1
232 29 1
233 339 1
234 478 1
235 512 1
236 30 1
237 347 1
238 345 1
239 137 1
240 144 1
241 194 1
242 424 1
243 410 1
244 139 1
245 437 1
246 48 1
247 140 1
248 488 1
249 227 1
250 125 1
251 482 1
252 326 1
253 463 1
254 6 1
255 350 1
256 406 1
257 361 1
258 157 1
259 453 1
260 118 1
261 33 1
262 470 1
263 168 1
264 232 1
265 289 1
266 69 1
267 483 1
268 490 1
269 333 1
270 37 1
271 503 1
272 289 1
273 292 1
274 428 1
275 71 1
276 60 1
277 30 1
278 365 1
279 462 1
280 360 1
281 163 1
282 99 1
283 434 1
284 416 1
285 142 1
286 392 1
287 324 1
288 38 1
289 206 1
290 156 1
291 235 1
292 338 1
293 394 1
294 380 1
295 349 1
296 231 1
297 347 1
298 303 1
299 167 1
300 43 1
301 306 1
302 69 1
303 311 1
304 53 1
305 491 1
306 321 1
307 449 1
308 194 1
309 377 1
310 28 1
311 345 1
312 151 1
313 86 1
314 391 1
315 418 1
316 189 1
317 323 1
318 434 1
319 102 1
320 399 1
321 147 1
322 91 1
323 444 1
324 353 1
325 436 1
326 487 1
327 134 1
328 341 1
329 203 1
330 308 1
331 219 1
332 191 1
333 258 1
334 394 1
335 439 1
336 261 1
337 49 1
338 57 1
339 510 1
340 446 1
341 245 1
341 359 1
341 370 1
341 430 1
341 469 1
342 17 1
342 250 1
342 383 1
342 450 1
342 471 1
343 124 1
344 12 1
344 77 1
344 171 1
344 384 1
344 439 1
345 474 1
346 61 1
346 240 1
346 255 1
346 294 1
346 410 1
347 174 1
348 34 1
348 290 1
348 453 1
348 477 1
348 498 1
349 296 1
350 14 1
350 322 1
350 342 1
350 346 1
350 379 1
351 306 1
352 183 1
352 226 1
352 292 1
352 390 1
353 287 1
354 309 1
355 448 1
356 343 1
357 105 1
358 297 1
359 242 1
360 87 1
361 52 1
362 20 1
363 300 1
364 50 1
365 56 1
366 269 1
367 334 1
368 5 1
369 451 1
370 328 1
371 385 1
372 396 1
373 169 1
374 359 1
375 313 1
376 305 1
377 281 1
378 351 1
379 108 1
380 72 1
381 125 1
382 511 1
383 350 1
384 495 1
385 4 1
386 422 1
387 38 1
388 63 1
389 342 1
390 22 1
391 509 1
392 266 1
393 445 1
394 305 1
395 347 1
396 380 1
397 158 1
398 80 1
399 344 1
400 298 1
401 2 1
402 467 1
403 456 1
404 321 1
405 242 1
406 479 1
407 475 1
408 47 1
409 395 1
410 151 1
411 213 1
412 343 1
413 484 1
414 59 1
415 79 1
416 442 1
417 155 1
418 3 1
419 349 1
420 508 1
421 116 1
422 179 1
423 448 1
424 135 1
425 190 1
426 298 1
427 100 1
428 68 1
429 66 1
430 328 1
431 301 1
432 295 1
433 335 1
434 343 1
434 432 1
434 435 1
435 444 1
436 162 1
437 42 1
437 82 1
437 342 1
438 504 1
439 234 1
440 332 1
440 376 1
440 378 1
441 335 1
442 418 1
443 10 1
443 172 1
443 474 1
444 317 1
445 381 1
446 39 1
446 207 1
446 345 1
447 239 1
448 326 1
449 343 1
449 388 1
449 446 1
450 389 1
451 178 1
452 319 1
452 389 1
452 414 1
453 112 1
454 408 1
454 462 1
455 293 1
456 458 1
457 152 1
458 51 1
459 274 1
460 403 1
461 353 1
462 383 1
463 481 1
464 489 1
465 509 1
466 204 1
467 42 1
468 422 1
469 460 1
470 64 1
471 389 1
472 489 1
473 157 1
474 214 1
475 89 1
476 188 1
477 112 1
478 146 1
479 288 1
480 360 1
481 437 1
482 486 1
483 329 1
484 466 1
485 36 1
486 319 1
487 351 1
489 336 1
490 209 1
491 180 1
492 176 1
493 371 1
494 11 1
495 441 1
496 404 1
497 74 1
497 481 1
498 347 1
498 382 1
499 201 1
499 404 1
500 374 1
500 447 1
501 301 1
501 340 1
502 460 1
502 468 1
503 240 1
503 440 1
504 19 1
504 45 1
505 291 1
506 500 1
507 504 1
508 121 1
509 370 1
510 274 1
511 477 1
512 202 1
