1 159 1
1 211 1
1 297 1
1 335 1
1 467 1
2 343 1
3 108 1
3 109 1
3 242 1
3 447 1
3 473 1
3 488 1
4 202 1
5 13 1
5 256 1
5 395 1
5 434 1
5 439 1
6 347 1
7 148 1
7 282 1
7 306 1
7 466 1
7 472 1
7 485 1
8 273 1
9 85 1
9 157 1
9 291 1
9 394 1
9 468 1
10 356 1
11 40 1
11 60 1
11 305 1
11 338 1
11 412 1
11 498 1
12 239 1
13 57 1
13 194 1
13 442 1
13 449 1
13 486 1
14 43 1
15 66 1
15 298 1
15 378 1
15 399 1
15 479 1
15 500 1
16 55 1
17 102 1
17 161 1
17 265 1
17 288 1
17 384 1
18 391 1
19 80 1
19 163 1
19 314 1
19 336 1
19 359 1
19 493 1
20 363 1
21 310 1
21 329 1
21 357 1
21 365 1
21 418 1
22 414 1
23 52 1
23 132 1
23 134 1
23 317 1
23 446 1
23 503 1
24 69 1
25 180 1
25 274 1
25 343 1
25 438 1
25 448 1
26 462 1
27 36 1
27 52 1
27 151 1
27 370 1
27 410 1
27 456 1
28 178 1
29 20 1
29 217 1
29 250 1
29 298 1
29 488 1
30 28 1
31 48 1
31 113 1
31 313 1
31 445 1
31 468 1
31 511 1
32 4 1
33 193 1
33 264 1
33 266 1
33 309 1
33 336 1
34 111 1
35 119 1
35 125 1
35 250 1
35 373 1
35 449 1
35 463 1
36 374 1
37 131 1
37 155 1
37 167 1
37 224 1
37 483 1
38 60 1
39 50 1
39 221 1
39 223 1
39 353 1
39 380 1
39 501 1
40 26 1
41 46 1
41 64 1
41 201 1
41 293 1
41 397 1
42 380 1
43 12 1
43 24 1
43 144 1
43 376 1
43 453 1
43 467 1
44 213 1
45 342 1
45 355 1
45 378 1
45 381 1
45 448 1
46 381 1
47 24 1
47 171 1
47 300 1
47 349 1
47 377 1
47 460 1
48 11 1
49 56 1
49 104 1
49 336 1
49 391 1
49 422 1
50 82 1
51 315 1
51 326 1
51 339 1
51 375 1
51 458 1
51 478 1
52 444 1
53 29 1
53 209 1
53 440 1
53 470 1
53 483 1
54 185 1
55 34 1
55 224 1
55 342 1
55 362 1
55 435 1
55 437 1
56 184 1
57 106 1
57 261 1
57 451 1
58 490 1
59 47 1
59 79 1
59 214 1
59 323 1
60 334 1
61 64 1
61 95 1
61 168 1
61 182 1
61 289 1
61 345 1
62 263 1
63 258 1
63 331 1
63 461 1
63 477 1
64 302 1
65 94 1
66 75 1
66 322 1
66 464 1
67 466 1
68 491 1
69 215 1
69 334 1
70 485 1
71 14 1
72 424 1
73 12 1
73 32 1
73 38 1
73 122 1
73 141 1
73 164 1
73 165 1
73 207 1
73 242 1
73 307 1
73 314 1
73 316 1
73 324 1
73 330 1
73 348 1
73 361 1
73 436 1
73 454 1
73 497 1
73 504 1
73 508 1
73 509 1
74 437 1
74 506 1
75 115 1
76 99 1
76 388 1
76 428 1
77 343 1
78 292 1
79 31 1
79 157 1
79 226 1
80 481 1
81 312 1
82 364 1
82 371 1
83 225 1
84 443 1
85 335 1
86 36 1
86 229 1
86 280 1
86 330 1
86 496 1
87 347 1
87 426 1
88 414 1
89 44 1
89 319 1
89 495 1
90 22 1
91 251 1
92 8 1
92 169 1
92 386 1
93 474 1
94 324 1
95 121 1
95 441 1
96 486 1
97 120 1
98 342 1
99 212 1
99 383 1
99 408 1
99 455 1
99 484 1
100 27 1
100 492 1
101 300 1
102 334 1
102 375 1
102 493 1
103 452 1
104 487 1
105 20 1
105 249 1
105 511 1
106 45 1
107 86 1
108 44 1
108 352 1
109 299 1
110 257 1
111 453 1
112 248 1
112 296 1
112 323 1
112 416 1
112 451 1
113 118 1
113 494 1
114 382 1
115 23 1
115 145 1
115 174 1
116 392 1
117 68 1
118 18 1
118 147 1
118 237 1
119 338 1
120 232 1
121 152 1
121 472 1
122 322 1
123 354 1
124 220 1
125 78 1
125 153 1
125 304 1
125 469 1
125 475 1
126 196 1
126 240 1
127 166 1
128 177 1
128 179 1
128 379 1
129 506 1
130 313 1
131 25 1
131 28 1
131 510 1
132 447 1
133 395 1
134 46 1
134 62 1
135 389 1
136 395 1
137 442 1
138 51 1
138 108 1
138 328 1
138 347 1
138 435 1
139 10 1
139 154 1
140 399 1
141 72 1
141 441 1
141 507 1
142 87 1
143 390 1
144 7 1
144 48 1
144 274 1
145 410 1
146 412 1
147 219 1
147 340 1
148 392 1
149 474 1
150 342 1
151 39 1
151 116 1
151 308 1
151 455 1
151 476 1
152 54 1
152 370 1
153 231 1
154 136 1
154 173 1
154 355 1
155 79 1
156 6 1
157 4 1
157 192 1
157 326 1
157 448 1
158 393 1
159 499 1
160 50 1
161 71 1
161 123 1
161 206 1
162 351 1
162 354 1
162 404 1
163 96 1
164 353 1
165 485 1
166 91 1
166 147 1
167 134 1
168 384 1
168 497 1
169 58 1
169 385 1
170 127 1
171 66 1
172 97 1
173 465 1
173 481 1
174 117 1
175 445 1
175 461 1
176 10 1
176 201 1
177 469 1
178 367 1
179 360 1
180 269 1
180 403 1
181 338 1
182 385 1
182 464 1
183 406 1
183 446 1
184 172 1
185 194 1
186 256 1
187 58 1
187 475 1
188 457 1
189 318 1
189 332 1
190 339 1
190 502 1
191 277 1
192 299 1
193 484 1
194 294 1
194 433 1
195 457 1
196 204 1
196 353 1
197 124 1
197 285 1
198 82 1
199 253 1
200 35 1
201 175 1
201 264 1
202 349 1
203 343 1
203 432 1
204 362 1
204 480 1
205 373 1
206 191 1
207 374 1
208 442 1
208 477 1
209 272 1
210 233 1
210 512 1
211 69 1
211 272 1
212 483 1
213 475 1
214 19 1
215 329 1
215 462 1
216 369 1
217 301 1
217 386 1
218 17 1
218 114 1
219 180 1
220 357 1
221 215 1
222 463 1
222 512 1
223 349 1
224 16 1
225 216 1
226 312 1
227 197 1
228 95 1
229 161 1
230 88 1
231 105 1
232 477 1
233 77 1
234 327 1
235 129 1
236 435 1
237 439 1
238 316 1
239 6 1
240 473 1
241 70 1
242 315 1
243 259 1
244 135 1
245 452 1
246 502 1
247 500 1
248 303 1
249 266 1
250 487 1
251 83 1
252 92 1
253 367 1
254 369 1
255 165 1
256 247 1
257 401 1
258 394 1
259 345 1
260 309 1
261 377 1
262 436 1
263 456 1
264 356 1
265 243 1
266 396 1
267 510 1
268 288 1
269 432 1
270 138 1
271 335 1
272 434 1
273 337 1
274 21 1
275 311 1
276 501 1
277 445 1
278 358 1
279 22 1
280 107 1
281 38 1
282 302 1
283 248 1
284 144 1
285 450 1
286 65 1
287 160 1
288 345 1
289 226 1
290 222 1
291 489 1
292 499 1
293 474 1
294 436 1
295 470 1
296 333 1
297 121 1
298 53 1
299 332 1
300 90 1
301 504 1
302 479 1
303 218 1
304 16 1
305 98 1
306 372 1
307 325 1
308 454 1
309 465 1
310 404 1
311 480 1
312 340 1
313 199 1
314 388 1
315 3 1
316 403 1
317 283 1
318 350 1
319 234 1
320 14 1
321 303 1
322 319 1
323 359 1
324 440 1
325 476 1
326 26 1
327 317 1
328 408 1
329 290 1
330 130 1
331 494 1
332 371 1
333 112 1
334 18 1
335 420 1
336 292 1
337 240 1
338 311 1
339 346 1
340 118 1
341 41 1
341 54 1
341 158 1
341 267 1
341 379 1
342 2 1
342 176 1
342 305 1
342 363 1
342 377 1
343 282 1
344 205 1
344 255 1
344 310 1
344 337 1
344 339 1
345 387 1
346 9 1
346 112 1
346 235 1
346 320 1
346 344 1
347 444 1
348 81 1
348 173 1
348 188 1
348 450 1
348 496 1
349 492 1
350 74 1
350 189 1
350 304 1
350 352 1
350 443 1
351 347 1
352 92 1
352 138 1
352 318 1
352 459 1
353 84 1
354 293 1
355 447 1
356 33 1
357 327 1
358 125 1
359 498 1
360 162 1
361 133 1
362 383 1
363 150 1
364 365 1
365 128 1
366 15 1
367 438 1
368 245 1
369 93 1
370 281 1
371 198 1
372 142 1
373 456 1
374 86 1
375 227 1
376 438 1
377 508 1
378 320 1
379 321 1
380 426 1
381 328 1
382 422 1
383 471 1
384 451 1
385 325 1
386 306 1
387 140 1
388 406 1
389 479 1
390 361 1
391 8 1
392 296 1
393 42 1
394 295 1
395 100 1
396 195 1
397 341 1
398 371 1
399 387 1
400 495 1
401 393 1
402 351 1
403 137 1
404 190 1
405 450 1
406 301 1
407 428 1
408 143 1
409 287 1
410 439 1
411 99 1
412 459 1
413 181 1
414 482 1
415 365 1
416 333 1
417 241 1
418 453 1
419 430 1
420 1 1
421 441 1
422 397 1
423 105 1
424 478 1
425 30 1
426 490 1
427 289 1
428 67 1
429 359 1
430 208 1
431 203 1
432 382 1
433 460 1
434 287 1
434 290 1
434 505 1
435 149 1
436 344 1
437 110 1
437 350 1
437 372 1
438 481 1
439 34 1
440 62 1
440 186 1
440 507 1
441 61 1
442 430 1
443 32 1
443 353 1
443 360 1
444 295 1
445 187 1
446 418 1
446 433 1
446 489 1
447 424 1
448 89 1
449 200 1
449 389 1
449 505 1
450 376 1
451 40 1
452 351 1
452 368 1
452 487 1
453 139 1
454 351 1
454 390 1
455 76 1
456 279 1
457 291 1
458 210 1
459 146 1
460 364 1
461 509 1
462 432 1
463 156 1
464 183 1
465 348 1
466 482 1
467 420 1
468 346 1
469 340 1
470 396 1
471 358 1
472 208 1
473 126 1
474 337 1
475 368 1
476 307 1
477 503 1
478 5 1
479 297 1
480 471 1
481 383 1
482 234 1
483 491 1
484 331 1
485 56 1
486 280 1
487 49 1
489 345 1
490 187 1
491 232 1
492 2 1
493 42 1
494 59 1
495 30 1
496 294 1
497 271 1
497 416 1
498 222 1
498 258 1
499 170 1
499 444 1
500 37 1
500 366 1
501 101 1
501 151 1
502 349 1
502 404 1
503 63 1
503 308 1
504 275 1
504 389 1
505 401 1
506 103 1
507 366 1
508 131 1
509 433 1
510 341 1
511 321 1
512 458 1
