1 45 1
1 256 1
1 338 1
1 386 1
1 507 1
2 81 1
3 4 1
3 74 1
3 150 1
3 198 1
3 264 1
3 368 1
4 346 1
5 412 1
5 428 1
5 435 1
5 444 1
5 458 1
6 84 1
7 109 1
7 266 1
7 289 1
7 296 1
7 338 1
7 486 1
8 362 1
9 75 1
9 197 1
9 327 1
9 368 1
9 439 1
10 88 1
11 248 1
11 323 1
11 341 1
11 375 1
11 399 1
11 501 1
12 253 1
13 54 1
13 154 1
13 251 1
13 347 1
13 489 1
14 353 1
15 30 1
15 274 1
15 305 1
15 321 1
15 490 1
15 496 1
16 385 1
17 39 1
17 213 1
17 220 1
17 340 1
17 354 1
18 146 1
19 316 1
19 324 1
19 351 1
19 426 1
19 448 1
19 512 1
20 366 1
21 128 1
21 135 1
21 206 1
21 313 1
21 497 1
22 304 1
23 60 1
23 144 1
23 430 1
23 480 1
23 507 1
23 511 1
24 456 1
25 95 1
25 112 1
25 125 1
25 259 1
25 336 1
26 57 1
27 19 1
27 46 1
27 193 1
27 357 1
27 386 1
27 482 1
28 502 1
29 49 1
29 147 1
29 231 1
29 447 1
29 506 1
30 441 1
31 95 1
31 115 1
31 229 1
31 331 1
31 334 1
31 469 1
32 439 1
33 105 1
33 293 1
33 329 1
33 441 1
33 492 1
34 341 1
35 58 1
35 68 1
35 207 1
35 322 1
35 508 1
35 509 1
36 474 1
37 20 1
37 243 1
37 451 1
37 466 1
37 477 1
38 350 1
39 151 1
39 168 1
39 185 1
39 240 1
39 290 1
39 376 1
40 14 1
41 44 1
41 47 1
41 112 1
41 376 1
41 466 1
42 373 1
43 91 1
43 110 1
43 196 1
43 216 1
43 245 1
43 295 1
44 299 1
45 2 1
45 42 1
45 172 1
45 293 1
45 498 1
46 380 1
47 66 1
47 153 1
47 312 1
47 323 1
47 336 1
47 496 1
48 359 1
49 53 1
49 261 1
49 377 1
49 426 1
49 482 1
50 314 1
51 5 1
51 30 1
51 56 1
51 309 1
51 339 1
51 395 1
52 292 1
53 35 1
53 136 1
53 291 1
53 336 1
53 459 1
54 397 1
55 12 1
55 170 1
55 303 1
55 335 1
55 351 1
55 363 1
56 508 1
57 334 1
57 483 1
57 492 1
58 491 1
59 90 1
59 156 1
59 288 1
59 309 1
60 134 1
61 108 1
61 138 1
61 176 1
61 202 1
61 242 1
61 449 1
62 361 1
63 237 1
63 384 1
63 387 1
63 424 1
64 297 1
65 311 1
66 201 1
66 337 1
66 379 1
67 422 1
68 187 1
69 443 1
69 489 1
70 342 1
71 62 1
72 512 1
73 12 1
73 18 1
73 22 1
73 26 1
73 59 1
73 64 1
73 83 1
73 123 1
73 139 1
73 179 1
73 240 1
73 264 1
73 349 1
73 377 1
73 380 1
73 383 1
73 410 1
73 455 1
73 474 1
73 498 1
73 505 1
73 510 1
74 232 1
74 485 1
75 332 1
76 13 1
76 124 1
76 443 1
77 349 1
78 61 1
79 104 1
79 145 1
79 410 1
80 338 1
81 10 1
82 69 1
82 71 1
83 224 1
84 292 1
85 308 1
86 166 1
86 219 1
86 343 1
86 406 1
86 442 1
87 52 1
87 233 1
88 361 1
89 103 1
89 433 1
89 500 1
90 226 1
91 307 1
92 143 1
92 347 1
92 359 1
93 225 1
94 465 1
95 181 1
95 342 1
96 463 1
97 350 1
98 18 1
99 117 1
99 205 1
99 343 1
99 399 1
99 500 1
100 160 1
100 330 1
101 471 1
102 48 1
102 444 1
102 486 1
103 27 1
104 438 1
105 106 1
105 491 1
105 493 1
106 325 1
107 100 1
108 34 1
108 159 1
109 488 1
110 454 1
111 494 1
112 24 1
112 215 1
112 247 1
112 433 1
112 449 1
113 314 1
113 414 1
114 300 1
115 69 1
115 140 1
115 204 1
116 359 1
117 116 1
118 461 1
118 462 1
118 481 1
119 178 1
120 334 1
121 478 1
121 495 1
122 351 1
123 403 1
124 391 1
125 157 1
125 299 1
125 306 1
125 437 1
125 450 1
126 7 1
126 208 1
127 401 1
128 364 1
128 418 1
128 483 1
129 474 1
130 56 1
131 141 1
131 319 1
131 342 1
132 396 1
133 388 1
134 6 1
134 287 1
135 348 1
136 354 1
137 82 1
138 28 1
138 63 1
138 102 1
138 165 1
138 485 1
139 214 1
139 442 1
140 58 1
141 210 1
141 296 1
141 365 1
142 315 1
143 10 1
144 298 1
144 332 1
144 372 1
145 453 1
146 503 1
147 169 1
147 369 1
148 134 1
149 234 1
150 406 1
151 33 1
151 161 1
151 302 1
151 317 1
151 356 1
152 203 1
152 479 1
153 497 1
154 174 1
154 349 1
154 382 1
155 282 1
156 34 1
157 36 1
157 118 1
157 475 1
157 479 1
158 277 1
159 404 1
160 444 1
161 348 1
161 450 1
161 487 1
162 70 1
162 372 1
162 390 1
163 362 1
164 93 1
165 469 1
166 222 1
166 381 1
167 467 1
168 189 1
168 458 1
169 118 1
169 420 1
170 50 1
171 126 1
172 321 1
173 344 1
173 373 1
174 480 1
175 227 1
175 351 1
176 78 1
176 384 1
177 131 1
178 502 1
179 265 1
180 24 1
180 347 1
181 194 1
182 305 1
182 412 1
183 416 1
183 428 1
184 317 1
185 17 1
186 316 1
187 329 1
187 459 1
188 294 1
189 331 1
189 433 1
190 72 1
190 487 1
191 6 1
192 285 1
193 250 1
194 86 1
194 485 1
195 470 1
196 383 1
196 453 1
197 15 1
197 476 1
198 448 1
199 303 1
200 374 1
201 335 1
201 344 1
202 355 1
203 298 1
203 434 1
204 82 1
204 241 1
205 483 1
206 450 1
207 2 1
208 31 1
208 171 1
209 371 1
210 186 1
210 333 1
211 16 1
211 52 1
212 40 1
213 76 1
214 295 1
215 256 1
215 438 1
216 242 1
217 306 1
217 393 1
218 108 1
218 392 1
219 142 1
220 86 1
221 85 1
222 77 1
222 294 1
223 435 1
224 105 1
225 164 1
226 89 1
227 324 1
228 311 1
229 436 1
230 190 1
231 418 1
232 367 1
233 389 1
234 101 1
235 473 1
236 391 1
237 339 1
238 218 1
239 96 1
240 257 1
241 121 1
242 352 1
243 395 1
244 54 1
245 447 1
246 439 1
247 436 1
248 484 1
249 346 1
250 382 1
251 440 1
252 188 1
253 477 1
254 14 1
255 87 1
256 371 1
257 38 1
258 55 1
259 378 1
260 80 1
261 165 1
262 360 1
263 503 1
264 477 1
265 127 1
266 345 1
267 235 1
268 290 1
269 499 1
270 494 1
271 297 1
272 307 1
273 137 1
274 451 1
275 173 1
276 163 1
277 130 1
278 99 1
279 144 1
280 312 1
281 345 1
282 167 1
283 173 1
284 445 1
285 184 1
286 158 1
287 272 1
288 394 1
289 182 1
290 289 1
291 223 1
292 266 1
293 16 1
294 325 1
295 510 1
296 272 1
297 364 1
298 32 1
299 25 1
300 479 1
301 310 1
302 125 1
303 161 1
304 343 1
305 20 1
306 215 1
307 43 1
308 453 1
309 180 1
310 468 1
311 493 1
312 371 1
313 509 1
314 385 1
315 301 1
316 129 1
317 457 1
318 464 1
319 177 1
320 131 1
321 175 1
322 22 1
323 48 1
324 224 1
325 287 1
326 42 1
327 387 1
328 471 1
329 221 1
330 271 1
331 199 1
332 457 1
333 499 1
334 26 1
335 66 1
336 41 1
337 335 1
338 366 1
339 32 1
340 239 1
341 92 1
341 291 1
341 442 1
341 484 1
341 488 1
342 283 1
342 320 1
342 352 1
342 357 1
342 487 1
343 194 1
344 275 1
344 326 1
344 330 1
344 363 1
344 370 1
345 374 1
346 155 1
346 280 1
346 349 1
346 358 1
346 379 1
347 162 1
348 151 1
348 274 1
348 327 1
348 414 1
348 447 1
349 3 1
350 62 1
350 183 1
350 273 1
350 440 1
350 476 1
351 315 1
352 92 1
352 191 1
352 353 1
352 495 1
353 504 1
354 107 1
355 152 1
356 460 1
357 472 1
358 4 1
359 281 1
360 375 1
361 318 1
362 452 1
363 432 1
364 328 1
365 396 1
366 113 1
367 365 1
368 441 1
369 36 1
370 356 1
371 258 1
372 37 1
373 397 1
374 404 1
375 464 1
376 201 1
377 60 1
378 353 1
379 232 1
380 337 1
381 403 1
382 394 1
383 337 1
384 358 1
385 390 1
386 339 1
387 301 1
388 365 1
389 99 1
390 347 1
391 456 1
392 436 1
393 23 1
394 370 1
395 437 1
396 416 1
397 195 1
398 470 1
399 392 1
400 408 1
401 404 1
402 149 1
403 51 1
404 111 1
405 310 1
406 98 1
407 148 1
408 119 1
409 217 1
410 438 1
411 258 1
412 422 1
413 481 1
414 448 1
415 50 1
416 132 1
417 340 1
418 300 1
419 97 1
420 269 1
421 481 1
422 445 1
423 452 1
424 138 1
425 248 1
426 29 1
427 222 1
428 333 1
429 46 1
430 250 1
431 461 1
432 187 1
433 226 1
434 208 1
434 430 1
434 475 1
435 28 1
436 460 1
437 40 1
437 302 1
437 326 1
438 79 1
439 451 1
440 263 1
440 319 1
440 472 1
441 454 1
442 355 1
443 9 1
443 120 1
443 468 1
444 345 1
445 322 1
446 267 1
446 378 1
446 478 1
447 21 1
448 463 1
449 65 1
449 381 1
449 434 1
450 445 1
451 308 1
452 94 1
452 383 1
452 501 1
453 122 1
454 475 1
454 506 1
455 234 1
456 180 1
457 504 1
458 511 1
459 432 1
460 345 1
461 38 1
462 157 1
463 212 1
464 360 1
465 209 1
466 432 1
467 282 1
468 446 1
469 367 1
470 328 1
471 121 1
472 342 1
473 211 1
474 369 1
475 133 1
476 393 1
477 200 1
478 8 1
479 114 1
480 446 1
481 395 1
482 456 1
483 288 1
484 11 1
485 424 1
486 455 1
487 401 1
489 255 1
490 353 1
491 8 1
492 313 1
493 279 1
494 408 1
495 505 1
496 64 1
497 147 1
497 280 1
498 1 1
498 67 1
499 304 1
499 420 1
500 389 1
500 473 1
501 79 1
501 320 1
502 389 1
502 435 1
503 44 1
503 318 1
504 388 1
504 490 1
505 340 1
506 343 1
507 249 1
508 467 1
509 462 1
510 192 1
511 377 1
512 465 1
