1 26 1
1 32 1
1 226 1
1 445 1
1 462 1
2 345 1
3 14 1
3 137 1
3 198 1
3 211 1
3 361 1
3 412 1
4 281 1
5 8 1
5 61 1
5 288 1
5 452 1
5 508 1
6 160 1
7 20 1
7 112 1
7 150 1
7 420 1
7 465 1
7 494 1
8 290 1
9 6 1
9 62 1
9 79 1
9 232 1
9 433 1
10 63 1
11 55 1
11 186 1
11 361 1
11 371 1
11 446 1
11 448 1
12 325 1
13 20 1
13 219 1
13 394 1
13 406 1
13 442 1
14 84 1
15 9 1
15 115 1
15 320 1
15 355 1
15 390 1
15 404 1
16 243 1
17 272 1
17 301 1
17 337 1
17 346 1
17 477 1
18 463 1
19 66 1
19 144 1
19 180 1
19 432 1
19 472 1
19 511 1
20 358 1
21 54 1
21 234 1
21 287 1
21 292 1
21 328 1
22 439 1
23 3 1
23 6 1
23 166 1
23 346 1
23 406 1
23 494 1
24 314 1
25 30 1
25 121 1
25 325 1
25 369 1
25 443 1
26 62 1
27 36 1
27 92 1
27 127 1
27 353 1
27 390 1
27 441 1
28 492 1
29 82 1
29 191 1
29 297 1
29 303 1
29 433 1
30 231 1
31 287 1
31 296 1
31 347 1
31 385 1
31 414 1
31 448 1
32 125 1
33 183 1
33 257 1
33 360 1
33 389 1
33 497 1
34 484 1
35 14 1
35 117 1
35 133 1
35 234 1
35 273 1
35 347 1
36 476 1
37 12 1
37 19 1
37 165 1
37 223 1
37 504 1
38 154 1
39 138 1
39 294 1
39 340 1
39 365 1
39 375 1
39 440 1
40 60 1
41 179 1
41 334 1
41 338 1
41 479 1
41 489 1
42 454 1
43 21 1
43 132 1
43 272 1
43 290 1
43 335 1
43 485 1
44 203 1
45 94 1
45 144 1
45 251 1
45 328 1
45 365 1
46 463 1
47 82 1
47 116 1
47 240 1
47 432 1
47 438 1
47 487 1
48 124 1
49 78 1
49 202 1
49 401 1
49 457 1
49 504 1
50 76 1
51 75 1
51 321 1
51 329 1
51 412 1
51 434 1
51 436 1
52 13 1
53 65 1
53 313 1
53 331 1
53 340 1
53 502 1
54 408 1
55 2 1
55 74 1
55 271 1
55 333 1
55 347 1
55 404 1
56 24 1
57 118 1
57 312 1
57 493 1
58 38 1
59 165 1
59 318 1
59 370 1
59 380 1
60 97 1
61 42 1
61 201 1
61 391 1
61 453 1
61 461 1
61 502 1
62 488 1
63 364 1
63 473 1
63 476 1
63 477 1
64 95 1
65 389 1
66 292 1
66 478 1
66 482 1
67 245 1
68 467 1
69 319 1
69 441 1
70 313 1
71 280 1
72 102 1
73 52 1
73 56 1
73 57 1
73 81 1
73 95 1
73 141 1
73 170 1
73 185 1
73 225 1
73 261 1
73 297 1
73 298 1
73 342 1
73 357 1
73 359 1
73 373 1
73 383 1
73 441 1
73 444 1
73 453 1
73 474 1
73 510 1
74 378 1
74 471 1
75 85 1
76 206 1
76 384 1
76 392 1
77 374 1
78 491 1
79 15 1
79 180 1
79 327 1
80 381 1
81 399 1
82 16 1
82 248 1
83 92 1
84 443 1
85 469 1
86 64 1
86 159 1
86 322 1
86 353 1
86 496 1
87 215 1
87 399 1
88 487 1
89 136 1
89 339 1
89 495 1
90 88 1
91 433 1
92 40 1
92 233 1
92 350 1
93 305 1
94 192 1
95 334 1
95 497 1
96 162 1
97 422 1
98 440 1
99 105 1
99 109 1
99 145 1
99 289 1
99 436 1
100 428 1
100 449 1
101 22 1
102 123 1
102 172 1
102 327 1
103 155 1
104 267 1
105 309 1
105 349 1
105 356 1
106 131 1
107 44 1
108 35 1
108 37 1
109 31 1
110 343 1
111 383 1
112 342 1
112 374 1
112 481 1
112 482 1
112 501 1
113 52 1
113 335 1
114 451 1
115 105 1
115 282 1
115 348 1
116 282 1
117 108 1
118 351 1
118 383 1
118 404 1
119 337 1
120 171 1
121 157 1
121 306 1
122 378 1
123 64 1
124 30 1
125 10 1
125 36 1
125 207 1
125 302 1
125 345 1
126 266 1
126 488 1
127 382 1
128 46 1
128 410 1
128 416 1
129 351 1
130 479 1
131 173 1
131 285 1
131 353 1
132 347 1
133 79 1
134 377 1
134 442 1
135 444 1
136 70 1
137 339 1
138 104 1
138 143 1
138 163 1
138 371 1
138 380 1
139 173 1
139 450 1
140 196 1
141 214 1
141 382 1
141 486 1
142 111 1
143 394 1
144 125 1
144 450 1
144 470 1
145 263 1
146 311 1
147 307 1
147 474 1
148 449 1
149 69 1
150 43 1
151 242 1
151 356 1
151 460 1
151 484 1
151 507 1
152 250 1
152 389 1
153 452 1
154 208 1
154 362 1
154 418 1
155 439 1
156 93 1
157 25 1
157 122 1
157 289 1
157 332 1
158 4 1
159 385 1
160 331 1
161 51 1
161 140 1
161 498 1
162 2 1
162 395 1
162 470 1
163 435 1
164 474 1
165 224 1
166 121 1
166 311 1
167 255 1
168 86 1
168 321 1
169 240 1
169 456 1
170 461 1
171 397 1
172 72 1
173 10 1
173 26 1
174 459 1
175 129 1
175 330 1
176 89 1
176 91 1
177 354 1
178 275 1
179 477 1
180 343 1
180 475 1
181 456 1
182 58 1
182 134 1
183 56 1
183 495 1
184 266 1
185 438 1
186 456 1
187 308 1
187 506 1
188 157 1
189 130 1
189 190 1
190 291 1
190 338 1
191 376 1
192 352 1
193 126 1
194 128 1
194 418 1
195 458 1
196 444 1
196 512 1
197 355 1
197 490 1
198 345 1
199 333 1
200 80 1
201 5 1
201 120 1
202 199 1
203 149 1
203 158 1
204 103 1
204 113 1
205 341 1
206 304 1
207 27 1
208 11 1
208 480 1
209 39 1
210 151 1
210 300 1
211 142 1
211 176 1
212 350 1
213 139 1
214 381 1
215 353 1
215 508 1
216 258 1
217 22 1
217 386 1
218 47 1
218 71 1
219 512 1
220 363 1
221 4 1
222 45 1
222 348 1
223 108 1
224 501 1
225 336 1
226 499 1
227 377 1
228 326 1
229 194 1
230 293 1
231 305 1
232 367 1
233 341 1
234 310 1
235 315 1
236 344 1
237 112 1
238 438 1
239 135 1
240 387 1
241 500 1
242 299 1
243 322 1
244 426 1
245 34 1
246 229 1
247 352 1
248 379 1
249 241 1
250 451 1
251 343 1
252 359 1
253 86 1
254 195 1
255 314 1
256 153 1
257 258 1
258 483 1
259 483 1
260 490 1
261 309 1
262 16 1
263 316 1
264 432 1
265 134 1
266 28 1
267 511 1
268 101 1
269 46 1
270 436 1
271 33 1
272 410 1
273 265 1
274 205 1
275 50 1
276 99 1
277 294 1
278 269 1
279 308 1
280 393 1
281 221 1
282 345 1
283 344 1
284 184 1
285 323 1
286 182 1
287 430 1
288 367 1
289 349 1
290 336 1
291 496 1
292 306 1
293 403 1
294 293 1
295 448 1
296 388 1
297 366 1
298 442 1
299 222 1
300 18 1
301 500 1
302 256 1
303 368 1
304 377 1
305 475 1
306 485 1
307 332 1
308 481 1
309 69 1
310 114 1
311 23 1
312 462 1
313 250 1
314 167 1
315 384 1
316 486 1
317 379 1
318 386 1
319 295 1
320 317 1
321 161 1
322 253 1
323 296 1
324 304 1
325 368 1
326 318 1
327 505 1
328 499 1
329 335 1
330 87 1
331 373 1
332 291 1
333 295 1
334 426 1
335 193 1
336 375 1
337 131 1
338 156 1
339 467 1
340 336 1
341 247 1
341 274 1
341 339 1
341 437 1
341 466 1
342 59 1
342 169 1
342 181 1
342 338 1
342 392 1
343 509 1
344 178 1
344 218 1
344 466 1
344 493 1
344 503 1
345 330 1
346 34 1
346 58 1
346 220 1
346 315 1
346 465 1
347 401 1
348 8 1
348 107 1
348 307 1
348 360 1
348 365 1
349 99 1
350 42 1
350 342 1
350 434 1
350 483 1
350 503 1
351 396 1
352 7 1
352 194 1
352 279 1
352 301 1
353 168 1
354 151 1
355 414 1
356 38 1
357 480 1
358 298 1
359 478 1
360 48 1
361 226 1
362 451 1
363 77 1
364 445 1
365 222 1
366 372 1
367 446 1
368 118 1
369 277 1
370 44 1
371 435 1
372 227 1
373 53 1
374 326 1
375 264 1
376 351 1
377 372 1
378 428 1
379 320 1
380 28 1
381 200 1
382 29 1
383 98 1
384 416 1
385 439 1
386 408 1
387 351 1
388 288 1
389 110 1
390 242 1
391 422 1
392 147 1
393 152 1
394 197 1
395 215 1
396 387 1
397 469 1
398 310 1
399 259 1
400 232 1
401 370 1
402 209 1
403 274 1
404 256 1
405 54 1
406 506 1
407 299 1
408 430 1
409 329 1
410 216 1
411 323 1
412 83 1
413 264 1
414 468 1
415 60 1
416 460 1
417 164 1
418 17 1
419 12 1
420 505 1
421 455 1
422 509 1
423 487 1
424 393 1
425 302 1
426 391 1
427 146 1
428 464 1
429 174 1
430 324 1
431 396 1
432 175 1
433 437 1
434 212 1
434 364 1
434 489 1
435 138 1
436 161 1
437 32 1
437 235 1
437 369 1
438 343 1
439 473 1
440 50 1
440 349 1
440 447 1
441 358 1
442 458 1
443 324 1
443 357 1
443 424 1
444 239 1
445 119 1
446 18 1
446 208 1
446 403 1
447 177 1
448 359 1
449 147 1
449 354 1
449 492 1
450 479 1
451 450 1
452 40 1
452 188 1
452 481 1
453 472 1
454 187 1
454 349 1
455 420 1
456 342 1
457 248 1
458 455 1
459 148 1
460 457 1
461 96 1
462 363 1
463 300 1
464 187 1
465 447 1
466 340 1
467 454 1
468 48 1
469 67 1
470 204 1
471 468 1
472 471 1
473 447 1
474 397 1
475 388 1
476 319 1
477 217 1
478 475 1
479 189 1
480 66 1
481 280 1
482 507 1
483 371 1
484 312 1
485 210 1
486 510 1
487 90 1
489 498 1
490 485 1
491 49 1
492 424 1
493 106 1
494 435 1
495 464 1
496 317 1
497 24 1
497 337 1
498 41 1
498 303 1
499 68 1
499 459 1
500 1 1
500 249 1
501 237 1
501 362 1
502 366 1
502 445 1
503 201 1
503 283 1
504 316 1
504 491 1
505 376 1
506 334 1
507 395 1
508 395 1
509 224 1
510 100 1
511 453 1
512 213 1
