1 27 1
1 144 1
1 150 1
1 153 1
1 354 1
2 290 1
3 14 1
3 58 1
3 148 1
3 233 1
3 318 1
3 500 1
4 49 1
5 97 1
5 197 1
5 307 1
5 453 1
5 462 1
6 62 1
7 164 1
7 287 1
7 373 1
7 414 1
7 464 1
7 512 1
8 264 1
9 60 1
9 271 1
9 274 1
9 333 1
9 500 1
10 173 1
11 28 1
11 108 1
11 388 1
11 391 1
11 416 1
11 498 1
12 320 1
13 161 1
13 283 1
13 349 1
13 448 1
13 478 1
14 166 1
15 265 1
15 303 1
15 334 1
15 371 1
15 382 1
15 481 1
16 338 1
17 12 1
17 313 1
17 434 1
17 483 1
17 501 1
18 224 1
19 117 1
19 173 1
19 453 1
19 479 1
19 493 1
19 509 1
20 485 1
21 29 1
21 214 1
21 438 1
21 446 1
21 502 1
22 483 1
23 210 1
23 302 1
23 355 1
23 356 1
23 499 1
23 507 1
24 428 1
25 103 1
25 320 1
25 401 1
25 408 1
25 453 1
26 294 1
27 30 1
27 40 1
27 248 1
27 311 1
27 356 1
27 375 1
28 457 1
29 79 1
29 257 1
29 280 1
29 360 1
29 364 1
30 336 1
31 46 1
31 237 1
31 250 1
31 297 1
31 361 1
31 442 1
32 78 1
33 192 1
33 206 1
33 299 1
33 463 1
33 510 1
34 334 1
35 248 1
35 315 1
35 319 1
35 338 1
35 351 1
35 470 1
36 157 1
37 52 1
37 108 1
37 119 1
37 404 1
37 432 1
38 56 1
39 194 1
39 215 1
39 275 1
39 287 1
39 377 1
39 510 1
40 469 1
41 50 1
41 196 1
41 269 1
41 337 1
41 362 1
42 328 1
43 127 1
43 163 1
43 188 1
43 353 1
43 477 1
43 479 1
44 51 1
45 292 1
45 300 1
45 350 1
45 466 1
45 468 1
46 346 1
47 95 1
47 277 1
47 331 1
47 345 1
47 359 1
47 374 1
48 343 1
49 32 1
49 72 1
49 134 1
49 138 1
49 432 1
50 122 1
51 24 1
51 170 1
51 347 1
51 401 1
51 474 1
51 494 1
52 326 1
53 138 1
53 295 1
53 306 1
53 336 1
53 416 1
54 477 1
55 143 1
55 187 1
55 200 1
55 289 1
55 304 1
55 484 1
56 177 1
57 1 1
57 328 1
57 352 1
58 217 1
59 22 1
59 194 1
59 316 1
59 343 1
60 395 1
61 54 1
61 99 1
61 118 1
61 152 1
61 207 1
61 459 1
62 353 1
63 130 1
63 279 1
63 379 1
63 472 1
64 76 1
65 2 1
66 91 1
66 303 1
66 436 1
67 353 1
68 151 1
69 121 1
69 449 1
70 50 1
71 90 1
72 48 1
73 12 1
73 57 1
73 82 1
73 129 1
73 147 1
73 198 1
73 203 1
73 242 1
73 264 1
73 301 1
73 311 1
73 314 1
73 323 1
73 342 1
73 361 1
73 373 1
73 384 1
73 393 1
73 446 1
73 497 1
73 509 1
73 511 1
74 340 1
74 385 1
75 379 1
76 54 1
76 191 1
76 313 1
77 305 1
78 180 1
79 134 1
79 282 1
79 403 1
80 392 1
81 87 1
82 31 1
82 483 1
83 47 1
84 224 1
85 447 1
86 123 1
86 204 1
86 324 1
86 351 1
86 357 1
87 358 1
87 476 1
88 247 1
89 17 1
89 256 1
89 441 1
90 475 1
91 15 1
92 58 1
92 282 1
92 495 1
93 344 1
94 333 1
95 371 1
95 452 1
96 475 1
97 433 1
98 337 1
99 5 1
99 115 1
99 175 1
99 288 1
99 454 1
100 234 1
100 324 1
101 451 1
102 292 1
102 362 1
102 410 1
103 488 1
104 245 1
105 23 1
105 384 1
105 386 1
106 341 1
107 253 1
108 190 1
108 397 1
109 211 1
110 359 1
111 381 1
112 110 1
112 329 1
112 408 1
112 444 1
112 503 1
113 342 1
113 433 1
114 331 1
115 186 1
115 322 1
115 329 1
116 349 1
117 387 1
118 128 1
118 140 1
118 240 1
119 456 1
120 350 1
121 312 1
121 441 1
122 455 1
123 378 1
124 439 1
125 165 1
125 234 1
125 459 1
125 480 1
125 486 1
126 364 1
126 476 1
127 503 1
128 16 1
128 67 1
128 222 1
129 6 1
130 222 1
131 48 1
131 202 1
131 353 1
132 221 1
133 256 1
134 4 1
134 424 1
135 436 1
136 347 1
137 387 1
138 4 1
138 38 1
138 156 1
138 372 1
138 445 1
139 154 1
139 367 1
140 61 1
141 60 1
141 330 1
141 496 1
142 307 1
143 394 1
144 106 1
144 383 1
144 469 1
145 65 1
146 507 1
147 291 1
147 298 1
148 174 1
149 6 1
150 343 1
151 239 1
151 348 1
151 363 1
151 399 1
151 471 1
152 368 1
152 505 1
153 370 1
154 7 1
154 327 1
154 339 1
155 492 1
156 323 1
157 141 1
157 159 1
157 321 1
157 458 1
158 33 1
159 242 1
160 45 1
161 126 1
161 218 1
161 249 1
162 56 1
162 88 1
162 94 1
163 133 1
164 263 1
165 294 1
166 16 1
166 205 1
167 426 1
168 145 1
168 403 1
169 266 1
169 343 1
170 44 1
171 396 1
172 273 1
173 414 1
173 420 1
174 8 1
175 223 1
175 334 1
176 43 1
176 131 1
177 345 1
178 142 1
179 299 1
180 46 1
180 468 1
181 208 1
182 274 1
182 347 1
183 82 1
183 219 1
184 212 1
185 243 1
186 251 1
187 93 1
187 285 1
188 213 1
189 335 1
189 495 1
190 332 1
190 395 1
191 19 1
192 389 1
193 184 1
194 132 1
194 235 1
195 25 1
196 81 1
196 404 1
197 144 1
197 366 1
198 125 1
199 55 1
200 418 1
201 339 1
201 365 1
202 2 1
203 326 1
203 466 1
204 309 1
204 470 1
205 101 1
206 440 1
207 433 1
208 41 1
208 266 1
209 439 1
210 8 1
210 487 1
211 366 1
211 369 1
212 352 1
213 36 1
214 430 1
215 24 1
215 484 1
216 370 1
217 424 1
217 474 1
218 13 1
218 187 1
219 325 1
220 467 1
221 75 1
222 26 1
222 395 1
223 363 1
224 3 1
225 300 1
226 325 1
227 445 1
228 372 1
229 340 1
230 77 1
231 18 1
232 339 1
233 508 1
234 317 1
235 393 1
236 345 1
237 375 1
238 168 1
239 450 1
240 327 1
241 9 1
242 479 1
243 229 1
244 391 1
245 487 1
246 465 1
247 335 1
248 226 1
249 92 1
250 69 1
251 438 1
252 280 1
253 179 1
254 178 1
255 359 1
256 443 1
257 305 1
258 193 1
259 107 1
260 491 1
261 288 1
262 40 1
263 131 1
264 365 1
265 30 1
266 454 1
267 95 1
268 335 1
269 383 1
270 290 1
271 390 1
272 189 1
273 465 1
274 225 1
275 471 1
276 369 1
277 460 1
278 381 1
279 346 1
280 118 1
281 304 1
282 434 1
283 125 1
284 42 1
285 295 1
286 481 1
287 317 1
288 461 1
289 261 1
290 171 1
291 501 1
292 504 1
293 487 1
294 348 1
295 121 1
296 301 1
297 160 1
298 462 1
299 441 1
300 149 1
301 165 1
302 74 1
303 482 1
304 139 1
305 485 1
306 397 1
307 512 1
308 473 1
309 167 1
310 492 1
311 44 1
312 216 1
313 289 1
314 426 1
315 314 1
316 383 1
317 432 1
318 169 1
319 53 1
320 80 1
321 28 1
322 68 1
323 435 1
324 341 1
325 157 1
326 386 1
327 399 1
328 64 1
329 227 1
330 258 1
331 451 1
332 69 1
333 215 1
334 435 1
335 272 1
336 112 1
337 114 1
338 367 1
339 442 1
340 342 1
341 86 1
341 296 1
341 389 1
341 447 1
341 496 1
342 66 1
342 124 1
342 135 1
342 448 1
342 499 1
343 272 1
344 85 1
344 105 1
344 250 1
344 460 1
344 461 1
345 467 1
346 34 1
346 136 1
346 172 1
346 180 1
346 506 1
347 444 1
348 26 1
348 116 1
348 382 1
348 478 1
348 491 1
349 477 1
350 231 1
350 357 1
350 447 1
350 452 1
350 475 1
351 435 1
352 377 1
352 378 1
352 410 1
352 489 1
353 176 1
354 463 1
355 422 1
356 70 1
357 309 1
358 293 1
359 420 1
360 21 1
361 321 1
362 473 1
363 464 1
364 318 1
365 111 1
366 98 1
367 35 1
368 99 1
369 389 1
370 489 1
371 298 1
372 472 1
373 392 1
374 185 1
375 488 1
376 485 1
377 428 1
378 281 1
379 358 1
380 11 1
381 365 1
382 151 1
383 66 1
384 20 1
385 486 1
386 36 1
387 59 1
388 442 1
389 376 1
390 267 1
391 344 1
392 430 1
393 181 1
394 32 1
395 482 1
396 100 1
397 368 1
398 240 1
399 308 1
400 351 1
401 385 1
402 20 1
403 438 1
404 199 1
405 480 1
406 182 1
407 258 1
408 137 1
409 322 1
410 104 1
411 502 1
412 445 1
413 406 1
414 10 1
415 371 1
416 380 1
417 195 1
418 444 1
419 209 1
420 255 1
421 315 1
422 443 1
423 355 1
424 79 1
425 338 1
426 437 1
427 440 1
428 39 1
429 422 1
430 506 1
431 474 1
432 456 1
433 293 1
434 92 1
434 113 1
434 291 1
435 449 1
436 342 1
437 96 1
437 155 1
437 390 1
438 360 1
439 183 1
440 394 1
440 450 1
440 490 1
441 376 1
442 201 1
443 89 1
443 220 1
443 511 1
444 302 1
445 388 1
446 226 1
446 412 1
446 490 1
447 18 1
448 22 1
449 63 1
449 332 1
449 340 1
450 112 1
451 310 1
452 120 1
452 436 1
452 504 1
453 296 1
454 105 1
454 404 1
455 448 1
456 37 1
457 354 1
458 456 1
459 349 1
460 146 1
461 42 1
462 52 1
463 64 1
464 84 1
465 493 1
466 308 1
467 312 1
468 201 1
469 109 1
470 86 1
471 259 1
472 374 1
473 102 1
474 232 1
475 71 1
476 161 1
477 498 1
478 83 1
479 396 1
480 494 1
481 508 1
482 412 1
483 34 1
484 481 1
485 14 1
486 10 1
487 347 1
489 306 1
490 62 1
491 457 1
492 451 1
493 345 1
494 458 1
495 351 1
496 319 1
497 316 1
497 450 1
498 349 1
498 406 1
499 377 1
499 505 1
500 232 1
500 241 1
501 147 1
501 497 1
502 208 1
502 418 1
503 162 1
503 336 1
504 380 1
504 455 1
505 337 1
506 437 1
507 330 1
508 38 1
509 439 1
510 158 1
511 310 1
512 297 1
