1 119 1
1 340 1
1 438 1
1 473 1
1 505 1
2 325 1
3 58 1
3 114 1
3 116 1
3 174 1
3 251 1
3 469 1
4 214 1
5 6 1
5 91 1
5 111 1
5 385 1
5 438 1
6 492 1
7 126 1
7 201 1
7 372 1
7 379 1
7 383 1
7 481 1
8 350 1
9 2 1
9 100 1
9 310 1
9 324 1
9 397 1
10 382 1
11 2 1
11 182 1
11 184 1
11 355 1
11 457 1
11 483 1
12 293 1
13 104 1
13 124 1
13 144 1
13 337 1
13 369 1
14 459 1
15 59 1
15 311 1
15 314 1
15 315 1
15 388 1
15 472 1
16 183 1
17 48 1
17 289 1
17 298 1
17 343 1
17 451 1
18 349 1
19 117 1
19 343 1
19 390 1
19 393 1
19 456 1
19 481 1
20 121 1
21 28 1
21 129 1
21 227 1
21 375 1
21 454 1
22 360 1
23 93 1
23 235 1
23 313 1
23 331 1
23 337 1
23 397 1
24 127 1
25 70 1
25 152 1
25 229 1
25 242 1
25 265 1
26 141 1
27 62 1
27 65 1
27 299 1
27 339 1
27 506 1
27 512 1
28 503 1
29 191 1
29 219 1
29 272 1
29 274 1
29 484 1
30 508 1
31 24 1
31 224 1
31 243 1
31 348 1
31 414 1
31 447 1
32 208 1
33 341 1
33 362 1
33 368 1
33 433 1
33 488 1
34 487 1
35 36 1
35 72 1
35 151 1
35 323 1
35 392 1
35 500 1
36 215 1
37 112 1
37 271 1
37 306 1
37 384 1
37 442 1
38 66 1
39 274 1
39 287 1
39 331 1
39 348 1
39 371 1
39 374 1
40 139 1
41 146 1
41 294 1
41 351 1
41 360 1
41 432 1
42 495 1
43 68 1
43 187 1
43 240 1
43 272 1
43 410 1
43 504 1
44 342 1
45 367 1
45 381 1
45 416 1
45 475 1
45 479 1
46 149 1
47 312 1
47 316 1
47 319 1
47 329 1
47 349 1
47 388 1
48 370 1
49 14 1
49 130 1
49 277 1
49 328 1
49 371 1
50 320 1
51 237 1
51 317 1
51 387 1
51 391 1
51 436 1
51 480 1
52 477 1
53 143 1
53 193 1
53 306 1
53 450 1
53 507 1
54 493 1
55 81 1
55 216 1
55 326 1
55 333 1
55 504 1
55 511 1
56 108 1
57 80 1
57 147 1
57 185 1
58 430 1
59 16 1
59 205 1
59 480 1
59 490 1
60 404 1
61 45 1
61 290 1
61 364 1
61 365 1
61 453 1
61 491 1
62 478 1
63 10 1
63 105 1
63 467 1
63 498 1
64 112 1
65 297 1
66 52 1
66 157 1
66 234 1
67 342 1
68 498 1
69 113 1
69 195 1
70 18 1
71 378 1
72 287 1
73 4 1
73 28 1
73 109 1
73 120 1
73 131 1
73 165 1
73 210 1
73 242 1
73 269 1
73 282 1
73 288 1
73 346 1
73 376 1
73 392 1
73 410 1
73 444 1
73 452 1
73 470 1
73 476 1
73 477 1
73 483 1
73 485 1
74 53 1
74 420 1
75 125 1
76 9 1
76 335 1
76 448 1
77 461 1
78 220 1
79 30 1
79 380 1
79 483 1
80 456 1
81 487 1
82 319 1
82 456 1
83 289 1
84 346 1
85 495 1
86 74 1
86 302 1
86 418 1
86 493 1
86 506 1
87 20 1
87 168 1
88 336 1
89 25 1
89 154 1
89 359 1
90 381 1
91 38 1
92 46 1
92 332 1
92 435 1
93 341 1
94 362 1
95 426 1
95 437 1
96 367 1
97 208 1
98 84 1
99 5 1
99 12 1
99 140 1
99 194 1
99 449 1
100 76 1
100 337 1
101 280 1
102 307 1
102 349 1
102 508 1
103 222 1
104 474 1
105 34 1
105 383 1
105 443 1
106 363 1
107 253 1
108 414 1
108 424 1
109 465 1
110 221 1
111 505 1
112 22 1
112 173 1
112 279 1
112 327 1
112 424 1
113 401 1
113 442 1
114 455 1
115 99 1
115 351 1
115 440 1
116 457 1
117 180 1
118 42 1
118 161 1
118 334 1
119 479 1
120 492 1
121 63 1
121 294 1
122 95 1
123 485 1
124 345 1
125 27 1
125 212 1
125 259 1
125 404 1
125 468 1
126 234 1
126 313 1
127 166 1
128 38 1
128 311 1
128 509 1
129 365 1
130 264 1
131 248 1
131 408 1
131 432 1
132 396 1
133 176 1
134 92 1
134 137 1
135 11 1
136 499 1
137 440 1
138 35 1
138 118 1
138 226 1
138 256 1
138 363 1
139 257 1
139 258 1
140 308 1
141 318 1
141 464 1
141 496 1
142 121 1
143 295 1
144 46 1
144 347 1
144 393 1
145 445 1
146 474 1
147 343 1
147 451 1
148 224 1
149 300 1
150 223 1
151 102 1
151 198 1
151 322 1
151 338 1
151 340 1
152 442 1
152 463 1
153 320 1
154 60 1
154 461 1
154 501 1
155 60 1
156 448 1
157 3 1
157 145 1
157 199 1
157 509 1
158 34 1
159 450 1
160 206 1
161 179 1
161 359 1
161 485 1
162 157 1
162 301 1
162 339 1
163 44 1
164 416 1
165 310 1
166 24 1
166 444 1
167 322 1
168 377 1
168 389 1
169 94 1
169 142 1
170 8 1
171 211 1
172 30 1
173 37 1
173 64 1
174 14 1
175 160 1
175 333 1
176 173 1
176 428 1
177 420 1
178 342 1
179 344 1
180 280 1
180 436 1
181 435 1
182 135 1
182 412 1
183 50 1
183 167 1
184 358 1
185 468 1
186 49 1
187 335 1
187 462 1
188 433 1
189 8 1
189 138 1
190 471 1
190 482 1
191 54 1
192 79 1
193 148 1
194 23 1
194 455 1
195 266 1
196 218 1
196 395 1
197 239 1
197 433 1
198 475 1
199 162 1
200 479 1
201 353 1
201 465 1
202 55 1
203 115 1
203 356 1
204 62 1
204 481 1
205 496 1
206 18 1
207 317 1
208 164 1
208 355 1
209 225 1
210 256 1
210 443 1
211 159 1
211 377 1
212 75 1
213 403 1
214 69 1
215 156 1
215 283 1
216 241 1
217 132 1
217 187 1
218 31 1
218 249 1
219 370 1
220 499 1
221 449 1
222 266 1
222 321 1
223 365 1
224 303 1
225 250 1
226 222 1
227 232 1
228 197 1
229 282 1
230 82 1
231 353 1
232 96 1
233 190 1
234 7 1
235 245 1
236 349 1
237 386 1
238 345 1
239 209 1
240 307 1
241 15 1
242 69 1
243 305 1
244 85 1
245 298 1
246 181 1
247 447 1
248 316 1
249 99 1
250 460 1
251 147 1
252 379 1
253 488 1
254 123 1
255 467 1
256 447 1
257 466 1
258 343 1
259 325 1
260 428 1
261 326 1
262 324 1
263 486 1
264 361 1
265 342 1
266 54 1
267 344 1
268 448 1
269 29 1
270 338 1
271 47 1
272 158 1
273 510 1
274 334 1
275 95 1
276 378 1
277 466 1
278 40 1
279 36 1
280 441 1
281 105 1
282 394 1
283 309 1
284 450 1
285 374 1
286 345 1
287 422 1
288 186 1
289 445 1
290 329 1
291 389 1
292 376 1
293 382 1
294 232 1
295 309 1
296 406 1
297 171 1
298 250 1
299 453 1
300 460 1
301 389 1
302 335 1
303 462 1
304 359 1
305 180 1
306 33 1
307 48 1
308 484 1
309 4 1
310 170 1
311 364 1
312 19 1
313 292 1
314 366 1
315 161 1
316 32 1
317 144 1
318 26 1
319 497 1
320 494 1
321 86 1
322 16 1
323 138 1
324 304 1
325 383 1
326 273 1
327 352 1
328 368 1
329 300 1
330 395 1
331 441 1
332 21 1
333 345 1
334 39 1
335 396 1
336 178 1
337 194 1
338 288 1
339 369 1
340 79 1
341 165 1
341 255 1
341 292 1
341 351 1
341 502 1
342 200 1
342 391 1
342 439 1
342 446 1
342 472 1
343 332 1
344 231 1
344 444 1
344 469 1
344 475 1
344 489 1
345 175 1
346 97 1
346 128 1
346 150 1
346 439 1
346 478 1
347 125 1
348 247 1
348 248 1
348 351 1
348 434 1
348 501 1
349 426 1
350 58 1
350 301 1
350 439 1
350 463 1
350 491 1
351 196 1
352 155 1
352 296 1
352 377 1
352 458 1
353 12 1
354 203 1
355 328 1
356 297 1
357 404 1
358 204 1
359 399 1
360 189 1
361 108 1
362 169 1
363 385 1
364 177 1
365 64 1
366 487 1
367 17 1
368 390 1
369 474 1
370 20 1
371 153 1
372 172 1
373 408 1
374 464 1
375 372 1
376 334 1
377 87 1
378 395 1
379 290 1
380 192 1
381 110 1
382 61 1
383 281 1
384 86 1
385 106 1
386 22 1
387 494 1
388 118 1
389 441 1
390 451 1
391 67 1
392 387 1
393 434 1
394 380 1
395 296 1
396 133 1
397 500 1
398 295 1
399 77 1
400 502 1
401 446 1
402 477 1
403 339 1
404 89 1
405 312 1
406 452 1
407 347 1
408 305 1
409 373 1
410 213 1
411 454 1
412 489 1
413 136 1
414 101 1
415 131 1
416 357 1
417 50 1
418 40 1
419 330 1
420 418 1
421 26 1
422 51 1
423 90 1
424 42 1
425 71 1
426 122 1
427 308 1
428 107 1
429 361 1
430 43 1
431 347 1
432 338 1
433 403 1
434 56 1
434 291 1
434 458 1
435 134 1
436 299 1
437 275 1
437 350 1
437 510 1
438 470 1
439 435 1
440 6 1
440 83 1
440 285 1
441 291 1
442 512 1
443 353 1
443 356 1
443 432 1
444 373 1
445 318 1
446 430 1
446 473 1
446 507 1
447 375 1
448 490 1
449 303 1
449 357 1
449 371 1
450 482 1
451 358 1
452 41 1
452 134 1
452 261 1
453 412 1
454 163 1
454 215 1
455 302 1
456 57 1
457 353 1
458 188 1
459 323 1
460 438 1
461 399 1
462 82 1
463 437 1
464 354 1
465 88 1
466 258 1
467 263 1
468 240 1
469 267 1
470 10 1
471 233 1
472 511 1
473 503 1
474 13 1
475 103 1
476 486 1
477 217 1
478 352 1
479 1 1
480 422 1
481 436 1
482 336 1
483 32 1
484 226 1
485 315 1
486 264 1
487 386 1
489 453 1
490 52 1
491 98 1
492 56 1
493 321 1
494 207 1
495 336 1
496 44 1
497 354 1
497 445 1
498 66 1
498 471 1
499 78 1
499 476 1
500 92 1
500 340 1
501 201 1
501 314 1
502 330 1
502 347 1
503 293 1
503 459 1
504 202 1
504 394 1
505 497 1
506 384 1
507 401 1
508 151 1
509 406 1
510 304 1
511 366 1
512 327 1
