1 27 1
1 296 1
1 358 1
1 396 1
1 401 1
2 436 1
3 13 1
3 265 1
3 307 1
3 322 1
3 442 1
3 449 1
4 173 1
5 71 1
5 102 1
5 341 1
5 439 1
5 508 1
6 385 1
7 172 1
7 226 1
7 349 1
7 441 1
7 472 1
7 492 1
8 125 1
9 42 1
9 226 1
9 330 1
9 435 1
9 454 1
10 462 1
11 183 1
11 364 1
11 383 1
11 441 1
11 483 1
11 488 1
12 368 1
13 64 1
13 77 1
13 258 1
13 317 1
13 338 1
14 20 1
15 14 1
15 17 1
15 194 1
15 387 1
15 401 1
15 439 1
16 384 1
17 134 1
17 147 1
17 219 1
17 322 1
17 451 1
18 29 1
19 31 1
19 109 1
19 120 1
19 340 1
19 345 1
19 418 1
20 334 1
21 213 1
21 347 1
21 383 1
21 437 1
21 460 1
22 324 1
23 60 1
23 138 1
23 192 1
23 282 1
23 337 1
23 372 1
24 485 1
25 30 1
25 203 1
25 258 1
25 287 1
25 481 1
26 393 1
27 34 1
27 157 1
27 303 1
27 343 1
27 457 1
27 461 1
28 482 1
29 215 1
29 257 1
29 263 1
29 356 1
29 363 1
30 143 1
31 103 1
31 175 1
31 326 1
31 442 1
31 449 1
31 466 1
32 468 1
33 242 1
33 282 1
33 301 1
33 331 1
33 432 1
34 115 1
35 72 1
35 149 1
35 341 1
35 359 1
35 471 1
35 507 1
36 224 1
37 44 1
37 84 1
37 155 1
37 184 1
37 377 1
38 473 1
39 8 1
39 144 1
39 188 1
39 279 1
39 422 1
39 456 1
40 249 1
41 92 1
41 108 1
41 319 1
41 426 1
41 442 1
42 455 1
43 23 1
43 353 1
43 437 1
43 472 1
43 473 1
43 499 1
44 289 1
45 324 1
45 349 1
45 365 1
45 379 1
45 497 1
46 290 1
47 61 1
47 182 1
47 216 1
47 438 1
47 445 1
47 484 1
48 492 1
49 41 1
49 160 1
49 422 1
49 424 1
49 443 1
50 58 1
51 209 1
51 328 1
51 391 1
51 444 1
51 457 1
51 494 1
52 451 1
53 148 1
53 223 1
53 390 1
53 408 1
53 479 1
54 227 1
55 53 1
55 78 1
55 82 1
55 165 1
55 347 1
55 512 1
56 82 1
57 18 1
57 99 1
57 179 1
58 424 1
59 111 1
59 159 1
59 264 1
59 272 1
60 453 1
61 98 1
61 273 1
61 395 1
61 459 1
61 469 1
61 482 1
62 136 1
63 76 1
63 91 1
63 220 1
63 234 1
64 486 1
65 171 1
66 30 1
66 33 1
66 93 1
67 450 1
68 476 1
69 247 1
69 452 1
70 477 1
71 85 1
72 446 1
73 12 1
73 34 1
73 75 1
73 151 1
73 189 1
73 202 1
73 211 1
73 232 1
73 256 1
73 261 1
73 305 1
73 313 1
73 329 1
73 350 1
73 351 1
73 387 1
73 392 1
73 399 1
73 404 1
73 458 1
73 485 1
73 489 1
74 317 1
74 499 1
75 504 1
76 342 1
76 375 1
76 463 1
77 485 1
78 501 1
79 124 1
79 397 1
79 470 1
80 296 1
81 68 1
82 456 1
82 467 1
83 60 1
84 509 1
85 194 1
86 9 1
86 79 1
86 340 1
86 365 1
86 367 1
87 231 1
87 256 1
88 475 1
89 46 1
89 134 1
89 329 1
90 444 1
91 342 1
92 344 1
92 347 1
92 450 1
93 144 1
94 440 1
95 152 1
95 489 1
96 303 1
97 370 1
98 104 1
99 70 1
99 167 1
99 382 1
99 388 1
99 497 1
100 83 1
100 94 1
101 477 1
102 137 1
102 187 1
102 253 1
103 302 1
104 56 1
105 362 1
105 487 1
105 495 1
106 38 1
107 198 1
108 478 1
108 511 1
109 484 1
110 436 1
111 354 1
112 12 1
112 291 1
112 294 1
112 412 1
112 475 1
113 292 1
113 297 1
114 250 1
115 150 1
115 210 1
115 380 1
116 79 1
117 191 1
118 89 1
118 240 1
118 474 1
119 32 1
120 116 1
121 338 1
121 491 1
122 453 1
123 503 1
124 406 1
125 40 1
125 215 1
125 298 1
125 374 1
125 502 1
126 10 1
126 50 1
127 25 1
128 26 1
128 377 1
128 433 1
129 251 1
130 174 1
131 201 1
131 343 1
131 369 1
132 339 1
133 364 1
134 45 1
134 323 1
135 306 1
136 404 1
137 5 1
138 43 1
138 180 1
138 326 1
138 470 1
138 500 1
139 4 1
139 436 1
140 495 1
141 166 1
141 388 1
141 396 1
142 59 1
143 169 1
144 24 1
144 66 1
144 208 1
145 292 1
146 420 1
147 15 1
147 208 1
148 348 1
149 481 1
150 507 1
151 123 1
151 138 1
151 294 1
151 393 1
151 440 1
152 207 1
152 487 1
153 352 1
154 132 1
154 362 1
154 502 1
155 342 1
156 377 1
157 112 1
157 304 1
157 338 1
157 479 1
158 46 1
159 204 1
160 335 1
161 62 1
161 241 1
161 351 1
162 49 1
162 289 1
162 357 1
163 342 1
164 309 1
165 288 1
166 16 1
166 359 1
167 298 1
168 180 1
168 378 1
169 308 1
169 354 1
170 376 1
171 312 1
172 248 1
173 366 1
173 508 1
174 10 1
175 336 1
175 512 1
176 250 1
176 445 1
177 378 1
178 19 1
179 4 1
180 6 1
180 283 1
181 163 1
182 58 1
182 121 1
183 353 1
183 355 1
184 394 1
185 316 1
186 451 1
187 21 1
187 86 1
188 300 1
189 135 1
189 356 1
190 197 1
190 333 1
191 493 1
192 140 1
193 505 1
194 147 1
194 275 1
195 483 1
196 221 1
196 487 1
197 28 1
197 430 1
198 290 1
199 319 1
200 456 1
201 293 1
201 355 1
202 74 1
203 346 1
203 490 1
204 106 1
204 154 1
205 509 1
206 403 1
207 26 1
208 357 1
208 438 1
209 365 1
210 3 1
210 277 1
211 375 1
211 447 1
212 312 1
213 465 1
214 35 1
215 218 1
215 455 1
216 408 1
217 196 1
217 280 1
218 54 1
218 304 1
219 225 1
220 235 1
221 217 1
222 212 1
222 321 1
223 351 1
224 450 1
225 99 1
226 428 1
227 372 1
228 330 1
229 369 1
230 386 1
231 434 1
232 280 1
233 39 1
234 307 1
235 390 1
236 200 1
237 222 1
238 161 1
239 295 1
240 176 1
241 358 1
242 139 1
243 463 1
244 448 1
245 475 1
246 126 1
247 232 1
248 7 1
249 435 1
250 297 1
251 510 1
252 434 1
253 488 1
254 478 1
255 224 1
256 334 1
257 428 1
258 501 1
259 320 1
260 117 1
261 206 1
262 158 1
263 18 1
264 412 1
265 44 1
266 90 1
267 460 1
268 300 1
269 504 1
270 311 1
271 476 1
272 481 1
273 36 1
274 439 1
275 448 1
276 245 1
277 441 1
278 345 1
279 266 1
280 385 1
281 157 1
282 465 1
283 170 1
284 267 1
285 348 1
286 474 1
287 269 1
288 380 1
289 367 1
290 332 1
291 447 1
292 486 1
293 67 1
294 86 1
295 2 1
296 462 1
297 498 1
298 506 1
299 51 1
300 271 1
301 347 1
302 122 1
303 81 1
304 505 1
305 496 1
306 97 1
307 448 1
308 430 1
309 345 1
310 229 1
311 28 1
312 65 1
313 432 1
314 88 1
315 389 1
316 118 1
317 432 1
318 2 1
319 454 1
320 447 1
321 381 1
322 361 1
323 131 1
324 464 1
325 141 1
326 433 1
327 483 1
328 299 1
329 406 1
330 466 1
331 395 1
332 142 1
333 186 1
334 459 1
335 320 1
336 40 1
337 100 1
338 281 1
339 161 1
340 374 1
341 69 1
341 95 1
341 272 1
341 301 1
341 302 1
342 37 1
342 63 1
342 112 1
342 177 1
342 181 1
343 1 1
344 299 1
344 345 1
344 360 1
344 491 1
344 503 1
345 178 1
346 32 1
346 193 1
346 325 1
346 349 1
346 361 1
347 443 1
348 6 1
348 92 1
348 291 1
348 339 1
348 381 1
349 336 1
350 38 1
350 287 1
350 325 1
350 395 1
350 410 1
351 42 1
352 24 1
352 274 1
352 288 1
352 389 1
353 48 1
354 165 1
355 66 1
356 153 1
357 321 1
358 468 1
359 382 1
360 96 1
361 105 1
362 404 1
363 336 1
364 394 1
365 433 1
366 506 1
367 187 1
368 474 1
369 310 1
370 259 1
371 410 1
372 309 1
373 266 1
374 315 1
375 403 1
376 107 1
377 335 1
378 366 1
379 151 1
380 359 1
381 52 1
382 57 1
383 323 1
384 435 1
385 340 1
386 327 1
387 316 1
388 36 1
389 350 1
390 201 1
391 185 1
392 22 1
393 128 1
394 133 1
395 383 1
396 48 1
397 195 1
398 444 1
399 11 1
400 511 1
401 328 1
402 479 1
403 373 1
404 54 1
405 392 1
406 352 1
407 64 1
408 156 1
409 453 1
410 389 1
411 438 1
412 337 1
413 285 1
414 371 1
415 399 1
416 130 1
417 239 1
418 498 1
419 360 1
420 318 1
421 467 1
422 146 1
423 490 1
424 50 1
425 343 1
426 371 1
427 62 1
428 368 1
429 22 1
430 190 1
431 305 1
432 234 1
433 56 1
434 87 1
434 318 1
434 471 1
435 16 1
436 295 1
437 145 1
437 308 1
437 500 1
438 95 1
439 426 1
440 315 1
440 379 1
440 480 1
441 414 1
442 313 1
443 110 1
443 162 1
443 349 1
444 20 1
445 240 1
446 55 1
446 69 1
446 125 1
447 310 1
448 173 1
449 80 1
449 418 1
449 469 1
450 293 1
451 248 1
452 335 1
452 343 1
452 371 1
453 121 1
454 199 1
454 373 1
455 351 1
456 233 1
457 105 1
458 306 1
459 353 1
460 274 1
461 493 1
462 414 1
463 114 1
464 222 1
465 101 1
466 397 1
467 113 1
468 119 1
469 214 1
470 416 1
471 331 1
472 264 1
473 386 1
474 461 1
475 314 1
476 363 1
477 496 1
478 494 1
479 477 1
480 242 1
481 205 1
482 353 1
483 255 1
484 131 1
485 332 1
486 314 1
487 14 1
489 384 1
490 339 1
491 333 1
492 237 1
493 127 1
494 108 1
495 376 1
496 164 1
497 344 1
497 464 1
498 243 1
498 452 1
499 118 1
499 458 1
500 327 1
500 334 1
501 370 1
501 510 1
502 52 1
502 445 1
503 346 1
503 480 1
504 8 1
504 337 1
505 168 1
506 311 1
507 47 1
508 416 1
509 420 1
510 129 1
511 391 1
512 446 1
