1 171 1
1 239 1
1 297 1
1 339 1
1 369 1
2 348 1
3 136 1
3 208 1
3 299 1
3 396 1
3 461 1
3 512 1
4 23 1
5 115 1
5 222 1
5 349 1
5 354 1
5 470 1
6 216 1
7 29 1
7 133 1
7 194 1
7 215 1
7 339 1
7 372 1
8 436 1
9 165 1
9 237 1
9 320 1
9 438 1
9 480 1
10 265 1
11 81 1
11 198 1
11 248 1
11 338 1
11 353 1
11 451 1
12 420 1
13 118 1
13 160 1
13 173 1
13 447 1
13 474 1
14 433 1
15 56 1
15 206 1
15 217 1
15 336 1
15 466 1
15 476 1
16 444 1
17 24 1
17 105 1
17 184 1
17 358 1
17 362 1
18 454 1
19 62 1
19 63 1
19 99 1
19 153 1
19 301 1
19 457 1
20 275 1
21 38 1
21 43 1
21 86 1
21 394 1
21 462 1
22 112 1
23 6 1
23 22 1
23 280 1
23 355 1
23 386 1
23 483 1
24 464 1
25 50 1
25 166 1
25 302 1
25 304 1
25 344 1
26 111 1
27 12 1
27 146 1
27 179 1
27 367 1
27 370 1
27 465 1
28 311 1
29 55 1
29 110 1
29 403 1
29 450 1
29 495 1
30 221 1
31 52 1
31 225 1
31 302 1
31 410 1
31 445 1
31 475 1
32 383 1
33 5 1
33 85 1
33 353 1
33 432 1
33 486 1
34 394 1
35 269 1
35 378 1
35 379 1
35 424 1
35 490 1
35 508 1
36 220 1
37 312 1
37 377 1
37 436 1
37 484 1
37 491 1
38 247 1
39 8 1
39 88 1
39 131 1
39 132 1
39 163 1
39 189 1
40 183 1
41 39 1
41 42 1
41 326 1
41 353 1
41 471 1
42 343 1
43 37 1
43 199 1
43 317 1
43 351 1
43 445 1
43 471 1
44 294 1
45 173 1
45 263 1
45 410 1
45 483 1
45 492 1
46 84 1
47 16 1
47 19 1
47 53 1
47 271 1
47 309 1
47 459 1
48 4 1
49 128 1
49 169 1
49 303 1
49 464 1
49 489 1
50 285 1
51 105 1
51 196 1
51 335 1
51 432 1
51 460 1
51 498 1
52 488 1
53 114 1
53 249 1
53 274 1
53 351 1
53 437 1
54 322 1
55 172 1
55 191 1
55 346 1
55 385 1
55 432 1
55 458 1
56 364 1
57 65 1
57 90 1
57 364 1
58 232 1
59 72 1
59 170 1
59 376 1
59 433 1
60 462 1
61 248 1
61 343 1
61 349 1
61 477 1
61 480 1
61 487 1
62 126 1
63 47 1
63 293 1
63 395 1
63 426 1
64 406 1
65 470 1
66 112 1
66 144 1
66 149 1
67 152 1
68 342 1
69 287 1
69 485 1
70 245 1
71 469 1
72 255 1
73 8 1
73 50 1
73 54 1
73 82 1
73 108 1
73 159 1
73 187 1
73 215 1
73 226 1
73 241 1
73 272 1
73 310 1
73 321 1
73 324 1
73 382 1
73 389 1
73 397 1
73 414 1
73 422 1
73 434 1
73 442 1
73 453 1
74 392 1
74 399 1
75 59 1
76 435 1
76 447 1
76 468 1
77 64 1
78 494 1
79 98 1
79 138 1
79 359 1
80 222 1
81 450 1
82 359 1
82 473 1
83 34 1
84 289 1
85 12 1
86 157 1
86 264 1
86 322 1
86 344 1
86 371 1
87 194 1
87 428 1
88 389 1
89 121 1
89 154 1
89 291 1
90 482 1
91 362 1
92 83 1
92 108 1
92 505 1
93 242 1
94 316 1
95 448 1
95 467 1
96 210 1
97 46 1
98 125 1
99 4 1
99 26 1
99 167 1
99 332 1
99 461 1
100 142 1
100 240 1
101 280 1
102 325 1
102 356 1
102 450 1
103 120 1
104 472 1
105 323 1
105 341 1
105 441 1
106 77 1
107 186 1
108 2 1
108 295 1
109 140 1
110 7 1
111 395 1
112 135 1
112 288 1
112 323 1
112 380 1
112 414 1
113 28 1
113 385 1
114 292 1
115 18 1
115 340 1
115 371 1
116 352 1
117 510 1
118 200 1
118 282 1
118 321 1
119 493 1
120 91 1
121 374 1
121 468 1
122 319 1
123 26 1
124 329 1
125 79 1
125 231 1
125 316 1
125 366 1
125 453 1
126 52 1
126 242 1
127 233 1
128 195 1
128 350 1
128 452 1
129 420 1
130 454 1
131 18 1
131 227 1
131 296 1
132 372 1
133 469 1
134 213 1
134 441 1
135 250 1
136 243 1
137 382 1
138 20 1
138 145 1
138 343 1
138 446 1
138 502 1
139 197 1
139 511 1
140 311 1
141 235 1
141 381 1
141 439 1
142 418 1
143 71 1
144 36 1
144 157 1
144 211 1
145 383 1
146 97 1
147 41 1
147 158 1
148 92 1
149 1 1
150 301 1
151 60 1
151 342 1
151 408 1
151 472 1
151 474 1
152 139 1
152 383 1
153 190 1
154 14 1
154 336 1
154 428 1
155 368 1
156 99 1
157 251 1
157 272 1
157 388 1
157 437 1
158 445 1
159 10 1
160 507 1
161 27 1
161 363 1
161 387 1
162 287 1
162 456 1
162 479 1
163 34 1
164 381 1
165 69 1
166 234 1
166 510 1
167 444 1
168 339 1
168 463 1
169 66 1
169 226 1
170 356 1
171 315 1
172 485 1
173 288 1
173 345 1
174 141 1
175 117 1
175 496 1
176 328 1
176 361 1
177 451 1
178 408 1
179 40 1
180 266 1
180 300 1
181 439 1
182 347 1
182 477 1
183 107 1
183 207 1
184 277 1
185 351 1
186 20 1
187 335 1
187 388 1
188 257 1
189 67 1
189 308 1
190 57 1
190 366 1
191 334 1
192 282 1
193 223 1
194 49 1
194 121 1
195 489 1
196 95 1
196 164 1
197 355 1
197 377 1
198 326 1
199 387 1
200 430 1
201 324 1
201 504 1
202 412 1
203 113 1
203 144 1
204 353 1
204 438 1
205 347 1
206 332 1
207 306 1
208 102 1
208 218 1
209 193 1
210 327 1
210 443 1
211 203 1
211 224 1
212 93 1
213 10 1
214 6 1
215 289 1
215 465 1
216 201 1
217 30 1
217 459 1
218 3 1
218 490 1
219 176 1
220 349 1
221 501 1
222 48 1
222 94 1
223 209 1
224 477 1
225 503 1
226 297 1
227 451 1
228 422 1
229 448 1
230 443 1
231 314 1
232 434 1
233 178 1
234 306 1
235 156 1
236 143 1
237 379 1
238 229 1
239 487 1
240 279 1
241 393 1
242 511 1
243 78 1
244 101 1
245 460 1
246 127 1
247 273 1
248 38 1
249 14 1
250 347 1
251 58 1
252 2 1
253 35 1
254 373 1
255 499 1
256 475 1
257 290 1
258 274 1
259 75 1
260 130 1
261 512 1
262 64 1
263 175 1
264 476 1
265 377 1
266 505 1
267 174 1
268 291 1
269 331 1
270 281 1
271 134 1
272 401 1
273 349 1
274 496 1
275 267 1
276 378 1
277 129 1
278 70 1
279 390 1
280 430 1
281 391 1
282 375 1
283 481 1
284 161 1
285 192 1
286 384 1
287 483 1
288 352 1
289 46 1
290 188 1
291 290 1
292 481 1
293 384 1
294 449 1
295 309 1
296 181 1
297 416 1
298 68 1
299 330 1
300 439 1
301 328 1
302 440 1
303 485 1
304 42 1
305 224 1
306 162 1
307 359 1
308 475 1
309 292 1
310 340 1
311 313 1
312 138 1
313 397 1
314 456 1
315 95 1
316 455 1
317 86 1
318 330 1
319 266 1
320 371 1
321 13 1
322 318 1
323 17 1
324 185 1
325 109 1
326 147 1
327 345 1
328 66 1
329 305 1
330 205 1
331 58 1
332 15 1
333 214 1
334 308 1
335 493 1
336 89 1
337 342 1
338 45 1
339 365 1
340 304 1
341 51 1
341 74 1
341 100 1
341 338 1
341 360 1
342 298 1
342 348 1
342 395 1
342 446 1
342 487 1
343 479 1
344 16 1
344 56 1
344 317 1
344 357 1
344 467 1
345 61 1
346 333 1
346 334 1
346 478 1
346 500 1
346 508 1
347 435 1
348 180 1
348 335 1
348 347 1
348 396 1
348 497 1
349 33 1
350 32 1
350 48 1
350 319 1
350 401 1
350 501 1
351 201 1
352 82 1
352 264 1
352 300 1
352 363 1
353 482 1
354 436 1
355 466 1
356 486 1
357 507 1
358 494 1
359 393 1
360 386 1
361 314 1
362 503 1
363 76 1
364 256 1
365 168 1
366 165 1
367 161 1
368 256 1
369 307 1
370 131 1
371 21 1
372 298 1
373 293 1
374 187 1
375 177 1
376 399 1
377 492 1
378 253 1
379 305 1
380 9 1
381 234 1
382 375 1
383 350 1
384 320 1
385 361 1
386 440 1
387 367 1
388 212 1
389 36 1
390 240 1
391 258 1
392 478 1
393 369 1
394 310 1
395 151 1
396 250 1
397 484 1
398 370 1
399 390 1
400 509 1
401 374 1
402 44 1
403 261 1
404 106 1
405 345 1
406 307 1
407 134 1
408 418 1
409 389 1
410 338 1
411 60 1
412 303 1
413 373 1
414 22 1
415 232 1
416 315 1
417 442 1
418 412 1
419 44 1
420 509 1
421 283 1
422 148 1
423 442 1
424 452 1
425 426 1
426 404 1
427 124 1
428 416 1
429 473 1
430 118 1
431 500 1
432 337 1
433 258 1
434 28 1
434 358 1
434 502 1
435 365 1
436 357 1
437 182 1
437 325 1
437 488 1
438 54 1
439 24 1
440 31 1
440 424 1
440 455 1
441 404 1
442 329 1
443 96 1
443 318 1
443 345 1
444 447 1
445 147 1
446 312 1
446 391 1
446 506 1
447 498 1
448 116 1
449 202 1
449 497 1
449 499 1
450 208 1
451 299 1
452 32 1
452 87 1
452 331 1
453 479 1
454 354 1
454 448 1
455 125 1
456 433 1
457 337 1
458 62 1
459 380 1
460 392 1
461 333 1
462 343 1
463 119 1
464 80 1
465 180 1
466 334 1
467 11 1
468 337 1
469 313 1
470 495 1
471 458 1
472 137 1
473 155 1
474 360 1
475 491 1
476 92 1
477 104 1
478 40 1
479 438 1
480 346 1
481 150 1
482 204 1
483 504 1
484 406 1
485 103 1
486 403 1
487 365 1
489 69 1
490 456 1
491 259 1
492 340 1
493 336 1
494 151 1
495 342 1
496 404 1
497 294 1
497 435 1
498 25 1
498 341 1
499 376 1
499 441 1
500 327 1
500 457 1
501 30 1
501 122 1
502 79 1
502 295 1
503 368 1
503 444 1
504 219 1
504 351 1
505 474 1
506 481 1
507 506 1
508 453 1
509 123 1
510 296 1
511 463 1
512 449 1
