1 82 1
1 143 1
1 389 1
1 494 1
1 504 1
2 388 1
3 18 1
3 46 1
3 63 1
3 240 1
3 257 1
3 486 1
4 8 1
5 78 1
5 136 1
5 175 1
5 375 1
5 477 1
6 267 1
7 30 1
7 60 1
7 315 1
7 329 1
7 370 1
7 489 1
8 496 1
9 24 1
9 256 1
9 266 1
9 442 1
9 497 1
10 471 1
11 84 1
11 99 1
11 420 1
11 433 1
11 500 1
11 512 1
12 338 1
13 61 1
13 82 1
13 369 1
13 456 1
13 492 1
14 475 1
15 129 1
15 133 1
15 186 1
15 203 1
15 383 1
15 487 1
16 68 1
17 27 1
17 64 1
17 181 1
17 253 1
17 484 1
18 150 1
19 32 1
19 33 1
19 208 1
19 263 1
19 319 1
19 498 1
20 126 1
21 7 1
21 42 1
21 108 1
21 187 1
21 469 1
22 359 1
23 66 1
23 83 1
23 99 1
23 232 1
23 314 1
23 435 1
24 174 1
25 148 1
25 231 1
25 349 1
25 386 1
25 488 1
26 343 1
27 118 1
27 347 1
27 397 1
27 408 1
27 416 1
27 448 1
28 493 1
29 105 1
29 125 1
29 324 1
29 412 1
29 445 1
30 487 1
31 16 1
31 141 1
31 289 1
31 318 1
31 420 1
31 452 1
32 100 1
33 34 1
33 128 1
33 250 1
33 309 1
33 475 1
34 14 1
35 32 1
35 163 1
35 213 1
35 220 1
35 287 1
35 326 1
36 360 1
37 132 1
37 304 1
37 465 1
37 486 1
37 489 1
38 145 1
39 157 1
39 226 1
39 377 1
39 389 1
39 396 1
39 459 1
40 138 1
41 12 1
41 200 1
41 204 1
41 308 1
41 322 1
42 211 1
43 93 1
43 184 1
43 335 1
43 388 1
43 444 1
43 482 1
44 464 1
45 293 1
45 356 1
45 374 1
45 440 1
45 445 1
46 6 1
47 65 1
47 66 1
47 125 1
47 146 1
47 198 1
47 271 1
48 188 1
49 28 1
49 154 1
49 307 1
49 326 1
49 383 1
50 74 1
51 85 1
51 95 1
51 153 1
51 456 1
51 474 1
51 503 1
52 410 1
53 10 1
53 225 1
53 353 1
53 355 1
53 458 1
54 296 1
55 28 1
55 368 1
55 378 1
55 439 1
55 472 1
55 494 1
56 438 1
57 299 1
57 324 1
57 336 1
58 215 1
59 264 1
59 337 1
59 436 1
59 461 1
60 272 1
61 4 1
61 37 1
61 170 1
61 171 1
61 343 1
61 479 1
62 296 1
63 50 1
63 64 1
63 292 1
63 512 1
64 110 1
65 424 1
66 92 1
66 341 1
66 347 1
67 363 1
68 361 1
69 197 1
69 448 1
70 104 1
71 462 1
72 332 1
73 14 1
73 44 1
73 105 1
73 147 1
73 156 1
73 183 1
73 199 1
73 247 1
73 283 1
73 314 1
73 327 1
73 336 1
73 340 1
73 345 1
73 347 1
73 357 1
73 358 1
73 362 1
73 369 1
73 438 1
73 462 1
73 509 1
74 13 1
74 507 1
75 297 1
76 131 1
76 180 1
76 367 1
77 356 1
78 303 1
79 206 1
79 264 1
79 371 1
80 508 1
81 432 1
82 285 1
82 481 1
83 173 1
84 476 1
85 490 1
86 38 1
86 97 1
86 232 1
86 280 1
86 475 1
87 282 1
87 451 1
88 76 1
89 169 1
89 319 1
89 477 1
90 451 1
91 95 1
92 23 1
92 288 1
92 382 1
93 391 1
94 112 1
95 313 1
95 502 1
96 180 1
97 387 1
98 106 1
99 130 1
99 295 1
99 379 1
99 439 1
99 443 1
100 70 1
100 463 1
101 465 1
102 223 1
102 422 1
102 495 1
103 127 1
104 366 1
105 87 1
105 155 1
105 195 1
106 348 1
107 245 1
108 140 1
108 349 1
109 365 1
110 48 1
111 499 1
112 152 1
112 378 1
112 394 1
112 447 1
112 502 1
113 81 1
113 505 1
114 505 1
115 322 1
115 384 1
115 464 1
116 379 1
117 492 1
118 54 1
118 290 1
118 294 1
119 490 1
120 241 1
121 109 1
121 508 1
122 438 1
123 343 1
124 301 1
125 275 1
125 334 1
125 370 1
125 371 1
125 453 1
126 266 1
126 395 1
127 372 1
128 119 1
128 353 1
128 394 1
129 6 1
130 114 1
131 67 1
131 209 1
131 497 1
132 113 1
133 338 1
134 118 1
134 341 1
135 182 1
136 366 1
137 294 1
138 79 1
138 89 1
138 226 1
138 291 1
138 354 1
139 60 1
139 137 1
140 255 1
141 36 1
141 331 1
141 483 1
142 449 1
143 404 1
144 179 1
144 239 1
144 385 1
145 86 1
146 488 1
147 69 1
147 237 1
148 38 1
149 135 1
150 3 1
151 4 1
151 201 1
151 274 1
151 393 1
151 485 1
152 2 1
152 42 1
153 376 1
154 56 1
154 248 1
154 436 1
155 337 1
156 448 1
157 56 1
157 191 1
157 224 1
157 320 1
158 430 1
159 450 1
160 459 1
161 22 1
161 478 1
161 481 1
162 77 1
162 506 1
162 511 1
163 476 1
164 401 1
165 116 1
166 20 1
166 185 1
167 406 1
168 229 1
168 302 1
169 138 1
169 312 1
170 307 1
171 507 1
172 449 1
173 134 1
173 162 1
174 9 1
175 47 1
175 333 1
176 291 1
176 461 1
177 435 1
178 373 1
179 455 1
180 88 1
180 120 1
181 50 1
182 159 1
182 345 1
183 36 1
183 381 1
184 454 1
185 101 1
186 321 1
187 35 1
187 343 1
188 16 1
189 339 1
189 503 1
190 53 1
190 333 1
191 102 1
192 86 1
193 435 1
194 386 1
194 414 1
195 390 1
196 29 1
196 45 1
197 346 1
197 360 1
198 392 1
199 167 1
200 506 1
201 309 1
201 385 1
202 478 1
203 368 1
203 434 1
204 418 1
204 491 1
205 377 1
206 166 1
207 124 1
208 242 1
208 339 1
209 323 1
210 24 1
210 479 1
211 399 1
211 470 1
212 441 1
213 75 1
214 317 1
215 251 1
215 352 1
216 265 1
217 248 1
217 342 1
218 55 1
218 380 1
219 149 1
220 315 1
221 306 1
222 243 1
222 329 1
223 437 1
224 361 1
225 468 1
226 446 1
227 426 1
228 335 1
229 216 1
230 10 1
231 308 1
232 299 1
233 355 1
234 359 1
235 349 1
236 353 1
237 282 1
238 510 1
239 442 1
240 316 1
241 202 1
242 451 1
243 305 1
244 240 1
245 377 1
246 340 1
247 399 1
248 26 1
249 472 1
250 396 1
251 365 1
252 304 1
253 432 1
254 5 1
255 357 1
256 498 1
257 259 1
258 234 1
259 336 1
260 395 1
261 235 1
262 485 1
263 422 1
264 390 1
265 52 1
266 491 1
267 258 1
268 192 1
269 450 1
270 80 1
271 382 1
272 158 1
273 467 1
274 482 1
275 121 1
276 483 1
277 320 1
278 446 1
279 19 1
280 481 1
281 207 1
282 193 1
283 469 1
284 444 1
285 436 1
286 293 1
287 351 1
288 362 1
289 298 1
290 160 1
291 364 1
292 332 1
293 310 1
294 165 1
295 151 1
296 305 1
297 62 1
298 428 1
299 470 1
300 249 1
301 161 1
302 501 1
303 345 1
304 351 1
305 496 1
306 330 1
307 495 1
308 327 1
309 473 1
310 487 1
311 301 1
312 280 1
313 51 1
314 58 1
315 347 1
316 484 1
317 468 1
318 509 1
319 277 1
320 321 1
321 22 1
322 483 1
323 205 1
324 460 1
325 15 1
326 107 1
327 41 1
328 131 1
329 21 1
330 288 1
331 31 1
332 371 1
333 443 1
334 433 1
335 480 1
336 306 1
337 221 1
338 389 1
339 463 1
340 269 1
341 40 1
341 173 1
341 242 1
341 363 1
341 452 1
342 2 1
342 334 1
342 350 1
342 437 1
342 501 1
343 178 1
344 337 1
344 444 1
344 453 1
344 467 1
344 493 1
345 432 1
346 115 1
346 298 1
346 311 1
346 345 1
346 403 1
347 18 1
348 34 1
348 395 1
348 408 1
348 454 1
348 500 1
349 1 1
350 58 1
350 161 1
350 217 1
350 317 1
350 404 1
351 313 1
352 25 1
352 40 1
352 194 1
352 442 1
353 218 1
354 480 1
355 457 1
356 456 1
357 8 1
358 373 1
359 330 1
360 54 1
361 157 1
362 292 1
363 346 1
364 335 1
365 334 1
366 222 1
367 406 1
368 338 1
369 353 1
370 147 1
371 445 1
372 441 1
373 194 1
374 250 1
375 222 1
376 256 1
377 339 1
378 354 1
379 11 1
380 151 1
381 414 1
382 39 1
383 201 1
384 94 1
385 344 1
386 352 1
387 410 1
388 303 1
389 12 1
390 59 1
391 325 1
392 142 1
393 380 1
394 30 1
395 375 1
396 281 1
397 17 1
398 392 1
399 272 1
400 440 1
401 122 1
402 367 1
403 189 1
404 342 1
405 219 1
406 412 1
407 348 1
408 210 1
409 342 1
410 289 1
411 279 1
412 212 1
413 92 1
414 208 1
415 374 1
416 466 1
417 397 1
418 376 1
419 46 1
420 511 1
421 328 1
422 258 1
423 365 1
424 311 1
425 295 1
426 44 1
427 342 1
428 52 1
429 297 1
430 418 1
431 43 1
432 90 1
433 108 1
434 215 1
434 224 1
434 316 1
435 455 1
436 457 1
437 103 1
437 261 1
437 428 1
438 72 1
439 387 1
440 62 1
440 450 1
440 479 1
441 393 1
442 359 1
443 165 1
443 190 1
443 460 1
444 121 1
445 196 1
446 123 1
446 351 1
446 473 1
447 69 1
448 111 1
449 139 1
449 187 1
449 273 1
450 340 1
451 234 1
452 98 1
452 134 1
452 331 1
453 310 1
454 426 1
454 441 1
455 447 1
456 499 1
457 447 1
458 144 1
459 290 1
460 416 1
461 168 1
462 227 1
463 233 1
464 344 1
465 391 1
466 510 1
467 351 1
468 350 1
469 144 1
470 172 1
471 504 1
472 300 1
473 358 1
474 471 1
475 112 1
476 48 1
477 302 1
478 424 1
479 71 1
480 364 1
481 312 1
482 439 1
483 79 1
484 434 1
485 96 1
486 117 1
487 325 1
489 177 1
490 453 1
491 401 1
492 49 1
493 176 1
494 349 1
495 300 1
496 57 1
497 328 1
497 433 1
498 214 1
498 466 1
499 458 1
499 485 1
500 26 1
500 381 1
501 474 1
501 477 1
502 91 1
502 430 1
503 287 1
503 403 1
504 372 1
504 474 1
505 274 1
506 323 1
507 318 1
508 164 1
509 384 1
510 20 1
511 383 1
512 404 1
