3 7 1
3 9 1
3 15 1
3 17 1
3 19 1
3 20 1
3 40 1
3 58 1
3 61 1
3 64 1
3 81 1
3 84 1
3 95 1
3 99 1
3 105 1
3 119 1
3 187 1
3 205 1
3 216 1
3 283 1
3 287 1
3 316 1
3 333 1
3 345 1
3 466 1
3 511 1
3 532 1
3 601 1
3 639 1
3 893 1
3 977 1
3 1014 1
3 1027 1
3 1445 1
3 1754 1
3 2079 1
3 2200 1
3 2388 1
3 2729 1
3 3077 1
3 3092 1
4 7 1
4 57 1
4 87 1
4 102 1
4 281 1
4 582 1
4 1206 1
5 3 1
5 9 1
5 11 1
5 12 1
5 17 1
5 20 1
5 22 1
5 25 1
5 29 1
5 31 1
5 40 1
5 42 1
5 61 1
5 83 1
5 87 1
5 97 1
5 99 1
5 102 1
5 119 1
5 121 1
5 122 1
5 133 1
5 174 1
5 250 1
5 280 1
5 289 1
5 291 1
5 292 1
5 316 1
5 321 1
5 324 1
5 333 1
5 370 1
5 422 1
5 531 1
5 576 1
5 627 1
5 713 1
5 854 1
5 910 1
5 918 1
5 943 1
5 959 1
5 1012 1
5 1078 1
5 1479 1
5 1491 1
5 1681 1
5 1763 1
5 2190 1
5 3058 1
7 4 1
7 5 1
7 9 1
7 10 1
7 12 1
7 15 1
7 16 1
7 20 1
7 22 1
7 27 1
7 28 1
7 31 1
7 33 1
7 37 1
7 40 1
7 42 1
7 47 1
7 58 1
7 61 1
7 78 1
7 81 1
7 82 1
7 83 1
7 87 1
7 88 1
7 95 1
7 97 1
7 101 1
7 102 1
7 121 1
7 123 1
7 133 1
7 134 1
7 138 1
7 139 1
7 144 1
7 148 1
7 155 1
7 174 1
7 195 1
7 205 1
7 216 1
7 221 1
7 250 1
7 252 1
7 258 1
7 281 1
7 287 1
7 289 1
7 291 1
7 321 1
7 324 1
7 330 1
7 333 1
7 345 1
7 378 1
7 383 1
7 405 1
7 422 1
7 450 1
7 473 1
7 488 1
7 531 1
7 574 1
7 601 1
7 639 1
7 640 1
7 696 1
7 722 1
7 746 1
7 750 1
7 769 1
7 910 1
7 918 1
7 943 1
7 948 1
7 953 1
7 959 1
7 977 1
7 991 1
7 1004 1
7 1005 1
7 1014 1
7 1027 1
7 1078 1
7 1127 1
7 1184 1
7 1199 1
7 1286 1
7 1295 1
7 1316 1
7 1746 1
7 1942 1
7 2141 1
7 2223 1
7 2264 1
7 2292 1
7 2293 1
7 2413 1
8 554 1
9 3 1
9 4 1
9 7 1
9 10 1
9 12 1
9 17 1
9 19 1
9 20 1
9 22 1
9 25 1
9 27 1
9 29 1
9 31 1
9 40 1
9 41 1
9 54 1
9 57 1
9 61 1
9 64 1
9 74 1
9 81 1
9 82 1
9 91 1
9 94 1
9 97 1
9 99 1
9 101 1
9 105 1
9 119 1
9 121 1
9 122 1
9 133 1
9 138 1
9 144 1
9 147 1
9 155 1
9 174 1
9 179 1
9 186 1
9 205 1
9 216 1
9 220 1
9 236 1
9 280 1
9 281 1
9 283 1
9 288 1
9 291 1
9 330 1
9 331 1
9 333 1
9 383 1
9 386 1
9 405 1
9 406 1
9 422 1
9 455 1
9 456 1
9 457 1
9 468 1
9 483 1
9 489 1
9 493 1
9 504 1
9 525 1
9 532 1
9 538 1
9 570 1
9 581 1
9 632 1
9 639 1
9 719 1
9 746 1
9 750 1
9 769 1
9 852 1
9 854 1
9 890 1
9 893 1
9 906 1
9 946 1
9 948 1
9 959 1
9 991 1
9 1002 1
9 1005 1
9 1017 1
9 1018 1
9 1027 1
9 1036 1
9 1043 1
9 1064 1
9 1073 1
9 1089 1
9 1100 1
9 1106 1
9 1181 1
9 1199 1
9 1206 1
9 1248 1
9 1291 1
9 1313 1
9 1320 1
9 1366 1
9 1368 1
9 1395 1
9 1501 1
9 1522 1
9 1533 1
9 1601 1
9 1743 1
9 1774 1
9 1781 1
9 1815 1
9 1824 1
9 2292 1
9 2317 1
9 2408 1
9 2464 1
9 2476 1
9 2816 1
9 3044 1
9 3064 1
10 5 1
10 22 1
10 40 1
10 47 1
10 58 1
10 84 1
10 88 1
10 97 1
10 102 1
10 106 1
10 122 1
10 248 1
10 324 1
10 538 1
10 985 1
10 1014 1
10 1127 1
11 9 1
11 42 1
11 893 1
11 1668 1
12 7 1
12 9 1
12 29 1
12 31 1
12 42 1
12 78 1
12 82 1
12 87 1
12 122 1
12 144 1
12 154 1
12 422 1
12 893 1
12 910 1
12 918 1
12 943 1
12 1259 1
15 5 1
15 7 1
15 31 1
15 41 1
15 81 1
15 102 1
15 119 1
15 139 1
15 148 1
15 248 1
15 531 1
15 574 1
15 1027 1
16 3 1
16 9 1
16 12 1
16 17 1
16 40 1
16 58 1
16 121 1
16 289 1
16 316 1
16 382 1
16 531 1
17 5 1
17 9 1
17 10 1
17 20 1
17 28 1
17 31 1
17 33 1
17 40 1
17 41 1
17 57 1
17 64 1
17 78 1
17 88 1
17 90 1
17 101 1
17 102 1
17 133 1
17 138 1
17 139 1
17 144 1
17 148 1
17 155 1
17 205 1
17 281 1
17 338 1
17 343 1
17 444 1
17 504 1
17 639 1
17 713 1
17 854 1
17 893 1
17 910 1
17 1012 1
17 1017 1
17 1043 1
17 1184 1
17 1497 1
17 1784 1
19 3 1
19 5 1
19 9 1
19 20 1
19 27 1
19 29 1
19 33 1
19 40 1
19 42 1
19 58 1
19 60 1
19 78 1
19 101 1
19 138 1
19 1184 1
20 4 1
20 5 1
20 15 1
20 29 1
20 31 1
20 57 1
20 58 1
20 74 1
20 87 1
20 133 1
20 155 1
20 195 1
20 316 1
20 330 1
20 442 1
20 769 1
20 1787 1
21 58 1
22 5 1
22 9 1
22 102 1
22 119 1
22 538 1
22 574 1
25 19 1
25 57 1
25 60 1
25 81 1
25 97 1
25 105 1
25 134 1
25 195 1
25 281 1
25 893 1
27 9 1
27 19 1
27 20 1
27 97 1
27 333 1
27 393 1
27 456 1
28 7 1
28 10 1
28 12 1
28 15 1
28 17 1
28 25 1
28 31 1
28 42 1
28 58 1
28 64 1
28 81 1
28 82 1
28 91 1
28 94 1
28 99 1
28 102 1
28 108 1
28 119 1
28 121 1
28 122 1
28 139 1
28 174 1
28 205 1
28 250 1
28 405 1
28 457 1
28 574 1
28 576 1
28 679 1
28 893 1
28 1027 1
28 1187 1
28 1199 1
28 1989 1
28 2378 1
29 3 1
29 7 1
29 19 1
29 27 1
29 40 1
29 42 1
29 48 1
29 148 1
29 338 1
29 893 1
31 5 1
31 7 1
31 9 1
31 17 1
31 19 1
31 20 1
31 40 1
31 42 1
31 74 1
31 88 1
31 94 1
31 97 1
31 99 1
31 102 1
31 119 1
31 133 1
31 139 1
31 174 1
31 538 1
31 747 1
31 769 1
31 943 1
31 1104 1
31 1299 1
31 1320 1
31 1525 1
31 1886 1
31 2842 1
31 3041 1
33 3 1
33 7 1
33 9 1
33 12 1
33 29 1
33 31 1
33 40 1
33 42 1
33 58 1
33 71 1
33 78 1
33 88 1
33 102 1
33 105 1
33 106 1
33 122 1
33 155 1
33 171 1
33 174 1
33 204 1
33 205 1
33 769 1
33 1014 1
33 2405 1
33 2645 1
36 5 1
36 9 1
36 17 1
36 19 1
36 25 1
36 33 1
36 94 1
36 102 1
37 7 1
37 25 1
37 31 1
37 58 1
37 1261 1
40 3 1
40 5 1
40 9 1
40 10 1
40 12 1
40 17 1
40 19 1
40 20 1
40 29 1
40 33 1
40 37 1
40 41 1
40 42 1
40 47 1
40 48 1
40 57 1
40 58 1
40 61 1
40 74 1
40 78 1
40 81 1
40 84 1
40 87 1
40 88 1
40 90 1
40 94 1
40 97 1
40 99 1
40 101 1
40 102 1
40 105 1
40 106 1
40 119 1
40 122 1
40 144 1
40 147 1
40 171 1
40 174 1
40 195 1
40 205 1
40 220 1
40 232 1
40 283 1
40 284 1
40 288 1
40 316 1
40 324 1
40 331 1
40 333 1
40 345 1
40 346 1
40 393 1
40 422 1
40 457 1
40 466 1
40 473 1
40 483 1
40 532 1
40 538 1
40 554 1
40 558 1
40 572 1
40 639 1
40 670 1
40 807 1
40 852 1
40 893 1
40 918 1
40 953 1
40 1027 1
40 1104 1
40 1313 1
40 1445 1
40 1837 1
40 1937 1
40 2228 1
40 2484 1
40 2507 1
40 2678 1
40 3133 1
41 3 1
41 4 1
41 7 1
41 16 1
41 17 1
41 19 1
41 29 1
41 42 1
41 61 1
41 74 1
41 76 1
41 78 1
41 82 1
41 94 1
41 119 1
41 122 1
41 186 1
41 281 1
41 291 1
41 532 1
41 654 1
41 1005 1
41 2170 1
41 2917 1
42 3 1
42 10 1
42 19 1
42 21 1
42 25 1
42 28 1
42 47 1
42 54 1
42 56 1
42 58 1
42 61 1
42 71 1
42 78 1
42 82 1
42 91 1
42 94 1
42 95 1
42 101 1
42 102 1
42 103 1
42 108 1
42 119 1
42 128 1
42 133 1
42 148 1
42 155 1
42 205 1
42 250 1
42 281 1
42 283 1
42 289 1
42 292 1
42 331 1
42 378 1
42 406 1
42 473 1
42 540 1
42 750 1
42 910 1
42 1017 1
42 1032 1
42 1078 1
42 1106 1
42 1362 1
42 1746 1
42 1774 1
42 2074 1
42 2507 1
42 2543 1
42 2806 1
42 2880 1
42 3048 1
47 9 1
47 25 1
47 31 1
47 90 1
47 101 1
47 122 1
47 139 1
47 291 1
47 343 1
48 3 1
48 5 1
48 97 1
54 3 1
54 9 1
54 17 1
54 40 1
54 42 1
54 58 1
54 119 1
54 122 1
54 174 1
54 450 1
54 627 1
54 893 1
54 1017 1
56 25 1
56 139 1
57 3 1
57 7 1
57 9 1
57 10 1
57 12 1
57 29 1
57 41 1
57 47 1
57 54 1
57 64 1
57 71 1
57 82 1
57 90 1
57 102 1
57 121 1
57 122 1
57 144 1
57 155 1
57 174 1
57 280 1
57 283 1
57 333 1
57 422 1
57 483 1
57 532 1
57 574 1
57 627 1
57 702 1
57 893 1
57 910 1
57 1017 1
57 1164 1
57 1347 1
57 1490 1
57 1784 1
57 1878 1
57 1989 1
57 2713 1
57 2915 1
58 5 1
58 9 1
58 15 1
58 28 1
58 106 1
58 250 1
58 287 1
58 289 1
58 370 1
58 457 1
58 468 1
58 670 1
58 702 1
58 893 1
58 948 1
58 1337 1
58 1598 1
60 20 1
60 31 1
60 42 1
60 910 1
61 7 1
61 20 1
61 28 1
61 33 1
61 94 1
61 119 1
61 133 1
61 574 1
61 1106 1
61 2844 1
61 2970 1
64 7 1
64 12 1
64 15 1
64 17 1
64 33 1
64 40 1
64 42 1
64 58 1
64 78 1
64 82 1
64 83 1
64 84 1
64 105 1
64 121 1
64 138 1
64 205 1
64 216 1
64 248 1
64 281 1
64 364 1
64 455 1
64 456 1
64 594 1
64 654 1
64 670 1
64 713 1
64 854 1
64 893 1
64 922 1
64 1746 1
64 1752 1
64 2291 1
67 3 1
67 15 1
67 17 1
67 40 1
67 61 1
67 76 1
67 84 1
67 87 1
67 144 1
67 148 1
67 283 1
67 457 1
67 468 1
67 2507 1
67 2657 1
70 9 1
70 281 1
71 9 1
71 10 1
71 20 1
71 40 1
71 138 1
73 15 1
73 61 1
73 174 1
74 5 1
74 9 1
74 31 1
74 33 1
74 40 1
74 532 1
74 747 1
76 5 1
76 40 1
76 1014 1
78 7 1
78 17 1
78 40 1
78 41 1
78 42 1
78 47 1
78 58 1
78 99 1
78 102 1
78 119 1
78 122 1
78 148 1
78 224 1
78 236 1
78 280 1
78 283 1
78 456 1
78 531 1
78 538 1
78 699 1
78 985 1
78 1601 1
78 2657 1
81 9 1
81 42 1
81 71 1
81 78 1
81 94 1
81 97 1
81 134 1
81 195 1
81 289 1
81 422 1
81 457 1
81 592 1
81 1754 1
82 5 1
82 7 1
82 9 1
82 10 1
82 15 1
82 42 1
82 57 1
82 58 1
82 61 1
82 105 1
82 119 1
82 236 1
82 281 1
82 511 1
82 525 1
82 654 1
82 713 1
82 893 1
82 954 1
82 2683 1
83 7 1
83 9 1
83 31 1
83 61 1
85 138 1
85 283 1
87 10 1
87 42 1
87 48 1
87 64 1
87 94 1
87 134 1
87 154 1
87 627 1
87 1035 1
87 1366 1
88 3 1
88 5 1
88 9 1
88 12 1
88 37 1
88 40 1
88 41 1
88 57 1
88 94 1
88 102 1
88 195 1
88 455 1
88 489 1
88 531 1
88 540 1
88 574 1
88 807 1
88 829 1
88 1017 1
88 1043 1
88 1127 1
88 1300 1
90 33 1
90 144 1
90 281 1
91 148 1
94 3 1
94 7 1
94 9 1
94 15 1
94 22 1
94 29 1
94 40 1
94 41 1
94 42 1
94 57 1
94 119 1
94 186 1
94 393 1
94 405 1
94 531 1
94 1043 1
94 1100 1
94 1816 1
95 4 1
95 5 1
95 7 1
95 9 1
95 12 1
95 19 1
95 25 1
95 28 1
95 41 1
95 42 1
95 57 1
95 82 1
95 84 1
95 94 1
95 106 1
95 128 1
95 205 1
95 345 1
95 483 1
95 582 1
95 654 1
95 1299 1
97 3 1
97 9 1
97 31 1
97 33 1
97 57 1
97 58 1
97 148 1
97 155 1
97 943 1
97 1817 1
99 3 1
99 5 1
99 7 1
99 9 1
99 22 1
99 25 1
99 31 1
99 42 1
99 82 1
99 97 1
99 105 1
99 134 1
99 204 1
99 321 1
99 405 1
99 493 1
99 525 1
99 1127 1
101 5 1
101 7 1
101 19 1
101 28 1
101 57 1
101 58 1
101 61 1
101 67 1
101 83 1
101 88 1
101 119 1
101 205 1
101 280 1
101 289 1
101 378 1
101 602 1
102 5 1
102 7 1
102 9 1
102 27 1
102 31 1
102 87 1
102 139 1
102 179 1
102 221 1
102 291 1
102 457 1
102 468 1
102 593 1
102 602 1
102 893 1
102 1012 1
102 1072 1
102 1989 1
105 10 1
105 17 1
105 20 1
105 41 1
105 82 1
105 95 1
105 119 1
105 187 1
105 195 1
106 9 1
106 42 1
106 57 1
106 58 1
108 5 1
108 42 1
108 57 1
108 61 1
108 64 1
108 187 1
108 2236 1
119 3 1
119 9 1
119 19 1
119 25 1
119 28 1
119 33 1
119 40 1
119 42 1
119 57 1
119 78 1
119 82 1
119 95 1
119 139 1
119 187 1
119 221 1
119 280 1
119 281 1
119 287 1
119 288 1
119 473 1
119 531 1
119 699 1
119 719 1
119 852 1
119 985 1
119 1037 1
119 1313 1
119 1445 1
119 1893 1
119 2028 1
119 2657 1
121 7 1
121 15 1
121 41 1
121 60 1
121 61 1
121 88 1
121 280 1
121 574 1
121 854 1
122 5 1
122 40 1
122 41 1
122 95 1
122 106 1
122 138 1
122 148 1
122 538 1
122 627 1
122 893 1
122 991 1
122 1100 1
122 1812 1
123 3 1
123 67 1
128 12 1
128 25 1
128 27 1
128 31 1
128 87 1
128 94 1
128 174 1
128 280 1
133 5 1
133 7 1
133 9 1
133 16 1
133 17 1
133 20 1
133 33 1
133 40 1
133 42 1
133 105 1
133 154 1
133 370 1
133 1184 1
134 9 1
134 15 1
134 16 1
134 31 1
134 42 1
134 61 1
134 250 1
134 1100 1
134 1103 1
138 5 1
138 9 1
138 22 1
138 25 1
138 40 1
138 102 1
138 105 1
138 128 1
138 769 1
138 1601 1
139 5 1
139 9 1
139 19 1
139 42 1
139 67 1
139 78 1
139 91 1
139 95 1
139 97 1
139 133 1
139 138 1
139 144 1
139 289 1
139 330 1
139 333 1
139 405 1
139 442 1
139 466 1
139 483 1
139 601 1
139 1004 1
139 1027 1
139 1193 1
139 1773 1
139 2246 1
144 20 1
144 95 1
144 119 1
144 134 1
144 148 1
144 422 1
144 444 1
144 746 1
144 769 1
147 9 1
147 138 1
147 179 1
147 205 1
148 4 1
148 5 1
148 9 1
148 11 1
148 12 1
148 27 1
148 31 1
148 33 1
148 41 1
148 57 1
148 61 1
148 84 1
148 94 1
148 97 1
148 102 1
148 128 1
148 250 1
148 283 1
148 288 1
148 370 1
148 504 1
148 530 1
148 679 1
148 696 1
148 1256 1
148 1616 1
148 2657 1
154 7 1
154 17 1
154 28 1
154 31 1
154 33 1
154 40 1
154 83 1
154 94 1
154 95 1
154 105 1
154 119 1
154 122 1
154 288 1
154 456 1
154 572 1
154 1002 1
154 1027 1
155 7 1
155 19 1
155 21 1
155 25 1
155 40 1
155 148 1
155 174 1
155 406 1
155 639 1
155 910 1
171 7 1
171 17 1
171 31 1
171 40 1
171 148 1
171 221 1
171 281 1
171 303 1
171 2376 1
174 15 1
174 280 1
174 906 1
179 17 1
179 19 1
179 58 1
179 81 1
179 119 1
179 138 1
179 154 1
179 2053 1
179 2678 1
186 3 1
186 17 1
186 31 1
186 40 1
186 78 1
186 378 1
186 455 1
186 539 1
186 1291 1
187 19 1
187 42 1
187 133 1
187 531 1
187 979 1
195 3 1
195 9 1
195 16 1
195 19 1
195 21 1
195 22 1
195 28 1
195 42 1
195 57 1
195 78 1
195 95 1
195 122 1
195 128 1
195 179 1
195 186 1
195 240 1
195 289 1
195 532 1
195 632 1
195 1473 1
195 2317 1
195 2615 1
195 2652 1
204 5 1
204 57 1
204 746 1
205 3 1
205 5 1
205 11 1
205 19 1
205 28 1
205 31 1
205 42 1
205 58 1
205 97 1
205 102 1
205 121 1
205 138 1
205 144 1
205 236 1
205 292 1
205 456 1
205 890 1
205 1940 1
216 9 1
216 40 1
216 42 1
216 122 1
216 457 1
216 1027 1
220 7 1
220 33 1
220 40 1
220 58 1
220 82 1
220 97 1
220 122 1
220 574 1
220 893 1
220 1086 1
221 9 1
221 40 1
221 42 1
221 97 1
221 102 1
221 216 1
221 252 1
221 383 1
221 554 1
221 1037 1
224 3 1
224 5 1
224 7 1
224 9 1
224 10 1
224 15 1
224 17 1
224 20 1
224 33 1
224 40 1
224 42 1
224 57 1
224 61 1
224 94 1
224 105 1
224 205 1
224 221 1
224 283 1
224 333 1
224 574 1
224 795 1
224 1017 1
224 1490 1
224 2193 1
232 639 1
236 10 1
236 19 1
236 28 1
236 81 1
236 106 1
236 281 1
236 456 1
240 5 1
240 9 1
240 58 1
240 95 1
240 1156 1
248 33 1
248 1754 1
250 102 1
252 31 1
252 171 1
258 57 1
258 148 1
258 174 1
258 405 1
259 9 1
259 40 1
259 57 1
259 58 1
259 283 1
259 531 1
280 9 1
280 33 1
280 74 1
280 82 1
280 195 1
280 1400 1
281 3 1
281 5 1
281 7 1
281 12 1
281 15 1
281 40 1
281 42 1
281 84 1
281 95 1
281 105 1
281 179 1
281 593 1
281 948 1
283 7 1
283 25 1
283 28 1
283 95 1
283 122 1
283 133 1
283 144 1
283 154 1
283 236 1
283 330 1
283 893 1
284 5 1
287 9 1
287 11 1
287 101 1
288 5 1
288 7 1
288 28 1
288 31 1
288 33 1
288 119 1
288 205 1
288 250 1
288 1754 1
289 42 1
289 159 1
289 195 1
289 346 1
289 456 1
289 531 1
289 540 1
291 7 1
291 40 1
291 57 1
291 138 1
291 240 1
291 601 1
291 1773 1
292 7 1
292 19 1
292 20 1
292 33 1
292 61 1
292 88 1
292 95 1
292 106 1
292 121 1
292 139 1
292 144 1
292 187 1
292 281 1
292 441 1
292 558 1
292 574 1
292 632 1
292 702 1
292 1731 1
292 2618 1
296 94 1
303 5 1
303 20 1
303 57 1
303 58 1
303 61 1
303 64 1
303 128 1
316 7 1
316 17 1
316 19 1
316 57 1
316 74 1
316 88 1
316 94 1
316 102 1
316 121 1
316 122 1
316 205 1
316 530 1
316 1057 1
316 1224 1
321 3 1
321 9 1
321 40 1
324 7 1
324 9 1
324 95 1
324 119 1
324 450 1
331 5 1
331 985 1
331 1291 1
333 15 1
333 31 1
333 42 1
333 78 1
333 101 1
333 119 1
333 291 1
338 33 1
338 57 1
338 99 1
338 138 1
338 511 1
343 5 1
343 9 1
343 17 1
343 122 1
343 1968 1
345 7 1
345 42 1
345 88 1
346 5 1
346 9 1
346 19 1
346 40 1
346 42 1
346 102 1
361 5 1
361 7 1
361 91 1
361 99 1
364 7 1
364 9 1
364 17 1
364 28 1
364 40 1
364 42 1
370 9 1
370 19 1
370 57 1
370 102 1
378 7 1
378 20 1
378 40 1
378 42 1
378 87 1
378 1598 1
382 19 1
382 40 1
386 139 1
393 40 1
393 57 1
405 7 1
405 42 1
405 57 1
405 88 1
405 101 1
406 19 1
406 88 1
406 102 1
406 154 1
406 283 1
422 9 1
422 40 1
422 64 1
422 187 1
431 28 1
431 42 1
431 746 1
431 1526 1
432 9 1
441 61 1
441 205 1
441 574 1
442 7 1
442 9 1
442 105 1
444 33 1
444 42 1
444 994 1
444 2317 1
449 101 1
449 154 1
449 205 1
450 5 1
450 186 1
450 288 1
450 842 1
450 893 1
455 40 1
455 61 1
455 248 1
455 321 1
455 985 1
455 2682 1
456 3 1
456 5 1
456 78 1
456 95 1
456 281 1
456 442 1
456 1473 1
457 42 1
457 289 1
466 3 1
466 5 1
466 9 1
466 28 1
466 40 1
466 41 1
466 57 1
466 144 1
468 3 1
468 5 1
468 17 1
468 42 1
468 57 1
468 122 1
468 148 1
468 1078 1
473 3 1
473 5 1
473 31 1
473 57 1
473 283 1
473 370 1
473 538 1
473 769 1
473 2226 1
481 3 1
488 7 1
488 15 1
488 99 1
488 102 1
488 393 1
489 40 1
489 57 1
493 3 1
493 9 1
493 19 1
493 40 1
493 61 1
493 639 1
511 5 1
511 42 1
511 82 1
511 122 1
525 7 1
525 74 1
525 122 1
530 7 1
530 25 1
531 3 1
531 4 1
531 5 1
531 7 1
531 19 1
531 20 1
531 61 1
531 67 1
531 78 1
531 95 1
531 97 1
531 101 1
531 138 1
531 148 1
531 538 1
531 601 1
531 1099 1
531 1300 1
531 1336 1
532 3 1
532 15 1
532 88 1
532 102 1
532 283 1
532 1961 1
538 58 1
538 81 1
539 19 1
539 122 1
539 148 1
539 531 1
540 9 1
540 28 1
540 40 1
540 64 1
540 85 1
540 128 1
540 139 1
540 148 1
540 574 1
540 807 1
540 910 1
540 943 1
540 1104 1
554 10 1
554 57 1
554 61 1
554 240 1
554 1002 1
558 9 1
558 17 1
558 105 1
570 3 1
571 119 1
572 5 1
572 7 1
572 9 1
572 17 1
572 33 1
572 42 1
572 57 1
572 87 1
572 133 1
572 138 1
572 186 1
572 456 1
572 489 1
572 852 1
572 979 1
574 7 1
574 81 1
574 82 1
574 102 1
574 144 1
574 148 1
574 670 1
574 699 1
576 57 1
576 83 1
576 1014 1
581 31 1
582 37 1
582 1774 1
592 22 1
593 9 1
594 9 1
601 7 1
601 40 1
601 41 1
601 88 1
601 138 1
601 204 1
601 364 1
602 9 1
602 42 1
602 78 1
602 432 1
627 5 1
627 7 1
627 9 1
627 40 1
627 81 1
627 95 1
627 179 1
632 3 1
632 42 1
632 333 1
632 890 1
639 5 1
639 17 1
639 19 1
639 20 1
639 82 1
639 87 1
639 281 1
639 956 1
640 5 1
640 10 1
654 28 1
654 31 1
654 61 1
654 224 1
654 393 1
670 3 1
670 9 1
670 17 1
670 40 1
670 639 1
670 2190 1
671 139 1
678 9 1
678 10 1
678 41 1
678 685 1
678 1106 1
678 1175 1
678 1337 1
679 17 1
679 171 1
696 9 1
699 47 1
699 108 1
699 221 1
699 893 1
702 3 1
702 88 1
713 19 1
713 106 1
713 119 1
713 345 1
719 148 1
719 456 1
722 139 1
722 205 1
722 893 1
746 9 1
746 11 1
746 19 1
746 42 1
746 240 1
750 28 1
750 288 1
750 602 1
769 5 1
769 42 1
769 174 1
769 432 1
795 9 1
795 25 1
795 33 1
795 40 1
795 87 1
795 221 1
807 15 1
807 57 1
807 82 1
807 102 1
807 220 1
829 28 1
829 122 1
842 9 1
852 9 1
852 20 1
852 40 1
852 42 1
852 82 1
852 133 1
852 466 1
852 3175 1
854 95 1
858 40 1
890 10 1
890 473 1
890 1347 1
893 9 1
893 17 1
893 33 1
893 57 1
906 88 1
906 187 1
910 41 1
910 47 1
910 64 1
910 195 1
910 283 1
910 601 1
910 627 1
910 994 1
910 1014 1
918 7 1
918 42 1
918 67 1
918 97 1
918 670 1
918 948 1
922 7 1
922 78 1
943 5 1
943 9 1
943 25 1
943 57 1
943 139 1
943 985 1
946 95 1
946 289 1
948 7 1
948 42 1
948 119 1
948 292 1
954 9 1
954 42 1
956 9 1
956 893 1
959 5 1
959 61 1
959 64 1
959 108 1
959 171 1
959 195 1
977 7 1
977 9 1
977 40 1
977 57 1
977 138 1
977 893 1
977 1102 1
979 7 1
979 57 1
985 31 1
985 81 1
985 133 1
985 1090 1
991 7 1
991 378 1
994 9 1
994 61 1
1002 7 1
1002 654 1
1004 57 1
1005 7 1
1005 57 1
1005 58 1
1005 289 1
1012 31 1
1012 139 1
1014 9 1
1014 20 1
1014 87 1
1014 88 1
1014 511 1
1014 722 1
1017 95 1
1017 122 1
1017 252 1
1017 287 1
1017 393 1
1017 1754 1
1018 393 1
1027 3 1
1027 7 1
1027 9 1
1027 22 1
1027 42 1
1032 17 1
1032 531 1
1035 5 1
1035 7 1
1035 9 1
1035 28 1
1035 40 1
1036 8 1
1036 57 1
1036 144 1
1037 101 1
1043 15 1
1043 19 1
1043 99 1
1043 155 1
1043 1036 1
1057 9 1
1064 9 1
1064 40 1
1071 7 1
1072 5 1
1072 42 1
1072 133 1
1073 31 1
1078 5 1
1078 9 1
1078 17 1
1078 57 1
1078 287 1
1078 457 1
1089 57 1
1089 133 1
1090 5 1
1099 40 1
1100 5 1
1100 10 1
1100 15 1
1100 40 1
1100 82 1
1100 139 1
1100 280 1
1102 9 1
1102 105 1
1102 2317 1
1103 9 1
1104 5 1
1104 9 1
1104 431 1
1104 1554 1
1106 7 1
1106 171 1
1106 289 1
1106 538 1
1106 852 1
1115 9 1
1127 5 1
1127 7 1
1127 42 1
1156 134 1
1164 19 1
1164 148 1
1175 102 1
1184 7 1
1184 9 1
1184 33 1
1184 531 1
1184 678 1
1193 893 1
1199 19 1
1206 88 1
1206 119 1
1206 539 1
1220 9 1
1220 19 1
1224 685 1
1248 40 1
1255 9 1
1255 283 1
1255 1043 1
1256 654 1
1259 40 1
1259 60 1
1259 2292 1
1261 121 1
1261 289 1
1291 64 1
1291 119 1
1295 9 1
1299 654 1
1299 893 1
1316 7 1
1320 57 1
1320 102 1
1336 9 1
1336 33 1
1336 40 1
1336 144 1
1336 532 1
1337 5 1
1337 139 1
1347 9 1
1347 64 1
1347 78 1
1361 101 1
1362 1787 1
1366 9 1
1366 58 1
1366 119 1
1368 288 1
1395 40 1
1395 122 1
1396 17 1
1396 174 1
1400 123 1
1400 155 1
1428 893 1
1445 28 1
1473 7 1
1473 9 1
1473 220 1
1473 221 1
1473 289 1
1479 28 1
1479 82 1
1490 7 1
1490 40 1
1491 95 1
1497 133 1
1501 1396 1
1514 57 1
1522 3 1
1522 40 1
1522 393 1
1525 5 1
1525 9 1
1525 57 1
1525 220 1
1526 42 1
1533 9 1
1554 17 1
1561 19 1
1561 148 1
1597 19 1
1598 40 1
1598 42 1
1598 511 1
1601 94 1
1601 171 1
1601 281 1
1601 531 1
1616 40 1
1668 602 1
1681 284 1
1681 289 1
1731 57 1
1731 769 1
1743 58 1
1746 977 1
1752 40 1
1754 3 1
1754 17 1
1754 28 1
1754 57 1
1754 511 1
1773 5 1
1773 9 1
1773 57 1
1774 205 1
1781 9 1
1781 33 1
1784 7 1
1787 5 1
1787 7 1
1787 9 1
1787 33 1
1787 422 1
1812 42 1
1812 289 1
1815 5 1
1815 33 1
1815 148 1
1816 58 1
1816 106 1
1824 7 1
1824 40 1
1824 531 1
1837 144 1
1878 281 1
1886 94 1
1893 87 1
1906 17 1
1928 42 1
1937 27 1
1937 128 1
1940 148 1
1942 9 1
1961 9 1
1968 195 1
1989 40 1
1989 473 1
2043 94 1
2053 42 1
2067 991 1
2074 42 1
2074 78 1
2074 601 1
2079 57 1
2079 954 1
2141 5 1
2170 382 1
2177 139 1
2177 289 1
2190 9 1
2190 639 1
2193 9 1
2200 10 1
2200 40 1
2209 40 1
2223 60 1
2226 20 1
2226 40 1
2228 121 1
2264 442 1
2291 17 1
2292 42 1
2292 60 1
2292 303 1
2292 977 1
2293 7 1
2293 42 1
2376 540 1
2378 9 1
2388 95 1
2405 9 1
2408 19 1
2413 108 1
2413 525 1
2414 155 1
2464 102 1
2476 40 1
2484 106 1
2507 632 1
2532 532 1
2543 31 1
2575 33 1
2584 42 1
2609 57 1
2609 1473 1
2615 5 1
2618 7 1
2645 57 1
2646 81 1
2652 40 1
2657 5 1
2657 954 1
2678 9 1
2678 101 1
2682 5 1
2683 5 1
2683 15 1
2713 1261 1
2727 15 1
2729 19 1
2806 9 1
2816 133 1
2842 186 1
2844 138 1
2878 9 1
2880 9 1
2880 119 1
2895 64 1
2915 9 1
2917 40 1
3011 9 1
3041 57 1
3044 531 1
3048 531 1
3058 61 1
3064 78 1
3077 71 1
3092 7 1
3128 9 1
3133 71 1
3146 40 1
3148 40 1
3175 321 1
