3 5 1
3 9 1
3 10 1
3 16 1
3 19 1
3 22 1
3 31 1
3 40 1
3 47 1
3 48 1
3 78 1
3 81 1
3 82 1
3 83 1
3 88 1
3 97 1
3 99 1
3 119 1
3 122 1
3 133 1
3 134 1
3 139 1
3 186 1
3 221 1
3 224 1
3 284 1
3 289 1
3 330 1
3 364 1
3 383 1
3 442 1
3 531 1
3 532 1
3 574 1
3 699 1
3 1127 1
3 1261 1
3 1598 1
3 1787 1
3 1815 1
3 2170 1
4 7 1
4 9 1
4 40 1
4 57 1
4 122 1
4 195 1
4 1036 1
5 3 1
5 4 1
5 10 1
5 17 1
5 20 1
5 22 1
5 31 1
5 33 1
5 41 1
5 42 1
5 58 1
5 60 1
5 64 1
5 74 1
5 78 1
5 88 1
5 97 1
5 101 1
5 102 1
5 106 1
5 128 1
5 133 1
5 138 1
5 221 1
5 281 1
5 288 1
5 289 1
5 292 1
5 321 1
5 333 1
5 338 1
5 378 1
5 442 1
5 457 1
5 531 1
5 570 1
5 574 1
5 654 1
5 670 1
5 854 1
5 943 1
5 954 1
5 991 1
5 1043 1
5 1184 1
5 1668 1
5 1754 1
5 2657 1
5 2678 1
5 3058 1
5 3077 1
7 3 1
7 9 1
7 11 1
7 15 1
7 17 1
7 19 1
7 20 1
7 21 1
7 22 1
7 28 1
7 29 1
7 31 1
7 40 1
7 41 1
7 42 1
7 54 1
7 58 1
7 76 1
7 78 1
7 82 1
7 83 1
7 85 1
7 88 1
7 90 1
7 91 1
7 97 1
7 101 1
7 102 1
7 105 1
7 108 1
7 128 1
7 133 1
7 134 1
7 139 1
7 154 1
7 174 1
7 186 1
7 195 1
7 205 1
7 220 1
7 221 1
7 250 1
7 280 1
7 281 1
7 288 1
7 289 1
7 291 1
7 321 1
7 378 1
7 393 1
7 405 1
7 431 1
7 450 1
7 456 1
7 457 1
7 468 1
7 483 1
7 489 1
7 511 1
7 531 1
7 532 1
7 538 1
7 554 1
7 558 1
7 639 1
7 670 1
7 678 1
7 702 1
7 852 1
7 893 1
7 918 1
7 943 1
7 946 1
7 977 1
7 994 1
7 1005 1
7 1014 1
7 1017 1
7 1078 1
7 1086 1
7 1104 1
7 1127 1
7 1259 1
7 1291 1
7 1313 1
7 1366 1
7 1368 1
7 1490 1
7 1781 1
7 1837 1
7 1940 1
7 2074 1
7 2200 1
7 2293 1
7 2378 1
7 2408 1
7 2657 1
7 2713 1
7 3044 1
8 139 1
9 3 1
9 5 1
9 7 1
9 8 1
9 12 1
9 15 1
9 16 1
9 17 1
9 19 1
9 20 1
9 21 1
9 22 1
9 27 1
9 31 1
9 37 1
9 40 1
9 41 1
9 61 1
9 71 1
9 74 1
9 78 1
9 82 1
9 83 1
9 84 1
9 88 1
9 91 1
9 94 1
9 95 1
9 97 1
9 99 1
9 102 1
9 103 1
9 106 1
9 108 1
9 119 1
9 121 1
9 122 1
9 123 1
9 133 1
9 134 1
9 138 1
9 139 1
9 144 1
9 148 1
9 159 1
9 171 1
9 187 1
9 216 1
9 220 1
9 232 1
9 248 1
9 250 1
9 281 1
9 287 1
9 289 1
9 291 1
9 324 1
9 343 1
9 346 1
9 383 1
9 393 1
9 405 1
9 422 1
9 444 1
9 456 1
9 457 1
9 466 1
9 473 1
9 483 1
9 493 1
9 511 1
9 531 1
9 532 1
9 538 1
9 558 1
9 574 1
9 592 1
9 639 1
9 670 1
9 713 1
9 722 1
9 747 1
9 769 1
9 842 1
9 854 1
9 890 1
9 893 1
9 906 1
9 910 1
9 922 1
9 943 1
9 948 1
9 1002 1
9 1014 1
9 1018 1
9 1027 1
9 1036 1
9 1064 1
9 1099 1
9 1103 1
9 1184 1
9 1199 1
9 1313 1
9 1316 1
9 1337 1
9 1491 1
9 1533 1
9 1554 1
9 1731 1
9 1743 1
9 1746 1
9 1754 1
9 1773 1
9 1774 1
9 1784 1
9 2223 1
9 2291 1
9 2292 1
9 2317 1
9 2476 1
9 2615 1
9 2915 1
9 3092 1
10 7 1
10 9 1
10 40 1
10 97 1
10 99 1
10 102 1
10 106 1
10 122 1
10 139 1
10 639 1
10 696 1
10 893 1
10 1027 1
10 1100 1
10 1291 1
10 2376 1
10 3175 1
11 5 1
11 88 1
11 148 1
11 893 1
12 5 1
12 9 1
12 15 1
12 17 1
12 27 1
12 28 1
12 42 1
12 58 1
12 82 1
12 88 1
12 94 1
12 174 1
12 539 1
12 1089 1
12 1106 1
12 1347 1
12 1479 1
15 3 1
15 7 1
15 33 1
15 57 1
15 58 1
15 60 1
15 61 1
15 95 1
15 102 1
15 205 1
15 627 1
15 1002 1
15 2236 1
16 5 1
16 15 1
16 20 1
16 57 1
16 82 1
16 91 1
16 138 1
16 174 1
16 248 1
16 283 1
16 854 1
17 3 1
17 5 1
17 9 1
17 10 1
17 19 1
17 20 1
17 22 1
17 28 1
17 31 1
17 33 1
17 40 1
17 41 1
17 60 1
17 61 1
17 71 1
17 78 1
17 81 1
17 84 1
17 99 1
17 102 1
17 105 1
17 121 1
17 122 1
17 248 1
17 287 1
17 456 1
17 466 1
17 525 1
17 593 1
17 632 1
17 750 1
17 807 1
17 893 1
17 910 1
17 959 1
17 1035 1
17 1037 1
17 1043 1
17 1320 1
19 3 1
19 5 1
19 7 1
19 9 1
19 15 1
19 40 1
19 42 1
19 54 1
19 87 1
19 119 1
19 144 1
19 289 1
19 321 1
19 540 1
19 1366 1
20 7 1
20 15 1
20 22 1
20 40 1
20 42 1
20 71 1
20 102 1
20 119 1
20 186 1
20 205 1
20 316 1
20 386 1
20 525 1
20 639 1
20 893 1
20 1601 1
20 2652 1
21 20 1
22 3 1
22 10 1
22 12 1
22 17 1
22 87 1
22 101 1
25 10 1
25 17 1
25 95 1
25 289 1
25 364 1
25 457 1
25 504 1
25 750 1
25 769 1
25 1473 1
27 9 1
27 99 1
27 144 1
27 195 1
27 281 1
27 1100 1
27 1893 1
28 3 1
28 4 1
28 7 1
28 12 1
28 16 1
28 17 1
28 25 1
28 27 1
28 31 1
28 37 1
28 40 1
28 57 1
28 58 1
28 94 1
28 95 1
28 121 1
28 122 1
28 133 1
28 148 1
28 155 1
28 205 1
28 281 1
28 333 1
28 378 1
28 444 1
28 468 1
28 531 1
28 654 1
28 769 1
28 943 1
28 991 1
28 1017 1
28 2193 1
28 2507 1
28 2844 1
29 7 1
29 9 1
29 19 1
29 33 1
29 40 1
29 88 1
29 250 1
29 289 1
29 504 1
29 1078 1
31 5 1
31 7 1
31 9 1
31 10 1
31 17 1
31 19 1
31 25 1
31 28 1
31 40 1
31 54 1
31 57 1
31 64 1
31 71 1
31 74 1
31 119 1
31 122 1
31 133 1
31 144 1
31 148 1
31 205 1
31 220 1
31 281 1
31 456 1
31 640 1
31 769 1
31 910 1
31 1005 1
31 1184 1
31 1256 1
33 9 1
33 19 1
33 25 1
33 27 1
33 31 1
33 42 1
33 58 1
33 82 1
33 90 1
33 105 1
33 119 1
33 139 1
33 148 1
33 155 1
33 333 1
33 489 1
33 602 1
33 627 1
33 719 1
33 893 1
33 918 1
33 948 1
33 1337 1
33 1746 1
33 1754 1
36 9 1
36 40 1
36 42 1
36 64 1
36 119 1
36 179 1
36 531 1
36 1104 1
37 5 1
37 9 1
37 15 1
37 64 1
37 283 1
40 9 1
40 11 1
40 12 1
40 16 1
40 17 1
40 19 1
40 21 1
40 28 1
40 29 1
40 31 1
40 33 1
40 37 1
40 57 1
40 58 1
40 61 1
40 64 1
40 74 1
40 78 1
40 82 1
40 83 1
40 84 1
40 87 1
40 91 1
40 94 1
40 95 1
40 97 1
40 99 1
40 102 1
40 105 1
40 106 1
40 119 1
40 121 1
40 133 1
40 138 1
40 147 1
40 148 1
40 187 1
40 216 1
40 236 1
40 240 1
40 281 1
40 283 1
40 291 1
40 324 1
40 393 1
40 422 1
40 457 1
40 466 1
40 488 1
40 531 1
40 532 1
40 538 1
40 601 1
40 602 1
40 627 1
40 632 1
40 702 1
40 746 1
40 769 1
40 854 1
40 893 1
40 1002 1
40 1004 1
40 1012 1
40 1027 1
40 1037 1
40 1090 1
40 1164 1
40 1193 1
40 1248 1
40 1362 1
40 1395 1
40 1812 1
40 1886 1
40 2028 1
40 2053 1
40 2079 1
40 2507 1
40 3041 1
40 3048 1
41 3 1
41 5 1
41 17 1
41 20 1
41 25 1
41 40 1
41 57 1
41 74 1
41 82 1
41 97 1
41 108 1
41 121 1
41 281 1
41 422 1
41 432 1
41 441 1
41 450 1
41 455 1
41 747 1
41 918 1
41 948 1
41 1206 1
41 1320 1
41 2190 1
42 3 1
42 9 1
42 19 1
42 20 1
42 25 1
42 29 1
42 31 1
42 33 1
42 40 1
42 58 1
42 61 1
42 78 1
42 82 1
42 84 1
42 88 1
42 101 1
42 119 1
42 123 1
42 144 1
42 154 1
42 171 1
42 179 1
42 205 1
42 236 1
42 280 1
42 281 1
42 289 1
42 316 1
42 345 1
42 455 1
42 456 1
42 466 1
42 531 1
42 639 1
42 654 1
42 719 1
42 769 1
42 829 1
42 893 1
42 910 1
42 977 1
42 1027 1
42 1100 1
42 1106 1
42 1181 1
42 1187 1
42 1336 1
42 1961 1
42 1989 1
42 2228 1
42 2292 1
42 2618 1
47 19 1
47 31 1
47 58 1
47 138 1
47 205 1
47 422 1
47 511 1
47 893 1
47 1017 1
48 47 1
48 289 1
48 532 1
54 5 1
54 7 1
54 9 1
54 19 1
54 29 1
54 58 1
54 87 1
54 97 1
54 119 1
54 654 1
54 910 1
54 2816 1
54 2970 1
56 42 1
56 1184 1
57 4 1
57 7 1
57 11 1
57 12 1
57 22 1
57 33 1
57 42 1
57 61 1
57 64 1
57 67 1
57 81 1
57 84 1
57 88 1
57 94 1
57 101 1
57 108 1
57 122 1
57 148 1
57 195 1
57 205 1
57 240 1
57 280 1
57 291 1
57 345 1
57 483 1
57 504 1
57 574 1
57 639 1
57 696 1
57 722 1
57 807 1
57 854 1
57 893 1
57 979 1
57 1027 1
57 1445 1
57 1501 1
57 1878 1
57 2657 1
58 4 1
58 5 1
58 7 1
58 9 1
58 17 1
58 283 1
58 284 1
58 316 1
58 406 1
58 422 1
58 450 1
58 456 1
58 531 1
58 539 1
58 627 1
58 985 1
58 1754 1
60 9 1
60 40 1
60 601 1
60 1989 1
61 5 1
61 28 1
61 33 1
61 42 1
61 58 1
61 291 1
61 574 1
61 750 1
61 890 1
61 991 1
61 1445 1
64 7 1
64 9 1
64 15 1
64 17 1
64 22 1
64 33 1
64 40 1
64 42 1
64 58 1
64 67 1
64 87 1
64 102 1
64 105 1
64 106 1
64 138 1
64 144 1
64 148 1
64 171 1
64 333 1
64 442 1
64 455 1
64 456 1
64 532 1
64 554 1
64 713 1
64 893 1
64 910 1
64 943 1
64 1824 1
64 2190 1
64 2246 1
64 2806 1
67 5 1
67 7 1
67 9 1
67 17 1
67 28 1
67 42 1
67 58 1
67 102 1
67 179 1
67 220 1
67 236 1
67 370 1
67 405 1
67 574 1
67 893 1
70 3 1
70 154 1
71 5 1
71 40 1
71 97 1
71 144 1
71 953 1
73 5 1
73 42 1
73 216 1
74 5 1
74 9 1
74 40 1
74 133 1
74 205 1
74 910 1
74 2683 1
76 42 1
76 57 1
76 954 1
78 3 1
78 5 1
78 7 1
78 15 1
78 17 1
78 19 1
78 20 1
78 28 1
78 31 1
78 57 1
78 74 1
78 94 1
78 102 1
78 119 1
78 138 1
78 148 1
78 205 1
78 281 1
78 602 1
78 679 1
78 1043 1
78 1763 1
78 2678 1
81 3 1
81 5 1
81 19 1
81 31 1
81 58 1
81 78 1
81 133 1
81 205 1
81 713 1
81 1017 1
81 1347 1
81 1816 1
81 2413 1
82 3 1
82 7 1
82 9 1
82 17 1
82 40 1
82 41 1
82 42 1
82 57 1
82 94 1
82 95 1
82 121 1
82 144 1
82 283 1
82 288 1
82 316 1
82 370 1
82 540 1
82 893 1
82 1014 1
82 1286 1
83 7 1
83 58 1
83 134 1
83 333 1
85 119 1
85 138 1
87 5 1
87 9 1
87 17 1
87 20 1
87 78 1
87 119 1
87 281 1
87 457 1
87 538 1
87 1601 1
88 9 1
88 10 1
88 19 1
88 28 1
88 58 1
88 61 1
88 82 1
88 102 1
88 134 1
88 138 1
88 148 1
88 155 1
88 221 1
88 236 1
88 250 1
88 330 1
88 422 1
88 489 1
88 530 1
88 670 1
88 943 1
88 2226 1
90 5 1
90 121 1
90 1752 1
91 1400 1
94 9 1
94 33 1
94 42 1
94 57 1
94 61 1
94 64 1
94 78 1
94 95 1
94 133 1
94 148 1
94 195 1
94 258 1
94 281 1
94 283 1
94 330 1
94 893 1
94 1787 1
94 2682 1
95 3 1
95 5 1
95 17 1
95 47 1
95 81 1
95 97 1
95 99 1
95 102 1
95 119 1
95 121 1
95 148 1
95 179 1
95 289 1
95 321 1
95 393 1
95 530 1
95 654 1
95 852 1
95 1027 1
95 1043 1
95 1199 1
95 1299 1
97 7 1
97 9 1
97 95 1
97 101 1
97 155 1
97 186 1
97 221 1
97 405 1
97 746 1
97 1300 1
99 3 1
99 5 1
99 9 1
99 15 1
99 17 1
99 19 1
99 25 1
99 28 1
99 31 1
99 40 1
99 57 1
99 83 1
99 87 1
99 94 1
99 119 1
99 128 1
99 236 1
99 370 1
101 3 1
101 5 1
101 7 1
101 20 1
101 41 1
101 81 1
101 122 1
101 133 1
101 139 1
101 187 1
101 281 1
101 283 1
101 288 1
101 343 1
101 422 1
101 531 1
102 5 1
102 7 1
102 19 1
102 27 1
102 31 1
102 57 1
102 74 1
102 78 1
102 105 1
102 119 1
102 122 1
102 139 1
102 171 1
102 281 1
102 531 1
102 1078 1
102 1199 1
102 1774 1
105 5 1
105 9 1
105 25 1
105 42 1
105 57 1
105 81 1
105 122 1
105 221 1
105 330 1
106 5 1
106 19 1
106 139 1
106 468 1
108 7 1
108 40 1
108 105 1
108 119 1
108 216 1
108 287 1
108 1784 1
119 3 1
119 5 1
119 9 1
119 17 1
119 20 1
119 27 1
119 28 1
119 29 1
119 31 1
119 40 1
119 42 1
119 57 1
119 78 1
119 84 1
119 97 1
119 102 1
119 128 1
119 179 1
119 205 1
119 345 1
119 422 1
119 455 1
119 531 1
119 540 1
119 574 1
119 639 1
119 1017 1
119 1027 1
119 1032 1
119 1291 1
119 1299 1
121 19 1
121 40 1
121 119 1
121 133 1
121 174 1
121 281 1
121 639 1
121 893 1
121 1968 1
122 5 1
122 7 1
122 10 1
122 12 1
122 17 1
122 42 1
122 82 1
122 95 1
122 105 1
122 119 1
122 195 1
122 405 1
122 959 1
123 25 1
123 57 1
128 28 1
128 40 1
128 82 1
128 95 1
128 138 1
128 289 1
128 532 1
128 1104 1
133 3 1
133 5 1
133 7 1
133 9 1
133 15 1
133 19 1
133 31 1
133 42 1
133 94 1
133 102 1
133 174 1
133 291 1
133 333 1
134 27 1
134 40 1
134 81 1
134 119 1
134 121 1
134 220 1
134 383 1
134 422 1
134 1004 1
138 9 1
138 20 1
138 28 1
138 71 1
138 101 1
138 106 1
138 144 1
138 187 1
138 525 1
138 713 1
139 11 1
139 19 1
139 28 1
139 31 1
139 40 1
139 41 1
139 42 1
139 61 1
139 84 1
139 87 1
139 88 1
139 97 1
139 105 1
139 119 1
139 122 1
139 240 1
139 283 1
139 288 1
139 333 1
139 632 1
139 654 1
139 1014 1
139 1175 1
139 1525 1
139 2543 1
144 40 1
144 47 1
144 78 1
144 95 1
144 119 1
144 283 1
144 538 1
144 1490 1
144 2141 1
147 9 1
147 40 1
147 58 1
147 405 1
148 3 1
148 5 1
148 10 1
148 12 1
148 15 1
148 28 1
148 42 1
148 61 1
148 87 1
148 90 1
148 99 1
148 122 1
148 221 1
148 250 1
148 252 1
148 283 1
148 483 1
148 511 1
148 540 1
148 581 1
148 601 1
148 948 1
148 1012 1
148 1078 1
148 1445 1
148 1522 1
148 1773 1
154 9 1
154 10 1
154 37 1
154 78 1
154 87 1
154 88 1
154 94 1
154 133 1
154 148 1
154 240 1
154 281 1
154 468 1
154 602 1
154 893 1
154 959 1
154 994 1
154 1261 1
155 5 1
155 16 1
155 29 1
155 33 1
155 42 1
155 122 1
155 324 1
155 769 1
155 985 1
155 2292 1
171 7 1
171 9 1
171 25 1
171 57 1
171 58 1
171 95 1
171 139 1
171 292 1
171 2464 1
174 42 1
174 88 1
174 289 1
179 5 1
179 33 1
179 41 1
179 56 1
179 81 1
179 102 1
179 174 1
179 807 1
179 985 1
186 12 1
186 33 1
186 57 1
186 61 1
186 67 1
186 78 1
186 204 1
186 289 1
186 601 1
187 3 1
187 7 1
187 31 1
187 531 1
187 1473 1
195 3 1
195 5 1
195 7 1
195 9 1
195 17 1
195 22 1
195 28 1
195 40 1
195 42 1
195 60 1
195 64 1
195 88 1
195 91 1
195 101 1
195 119 1
195 139 1
195 174 1
195 287 1
195 333 1
195 406 1
195 531 1
195 639 1
195 1681 1
204 148 1
204 205 1
204 2657 1
205 9 1
205 31 1
205 33 1
205 40 1
205 41 1
205 42 1
205 61 1
205 78 1
205 128 1
205 148 1
205 174 1
205 281 1
205 345 1
205 473 1
205 582 1
205 795 1
205 977 1
205 1295 1
216 40 1
216 58 1
216 133 1
216 574 1
216 1072 1
216 1102 1
220 3 1
220 5 1
220 7 1
220 10 1
220 17 1
220 19 1
220 40 1
220 41 1
220 102 1
220 1014 1
221 7 1
221 9 1
221 17 1
221 57 1
221 64 1
221 94 1
221 205 1
221 291 1
221 473 1
221 906 1
224 5 1
224 9 1
224 19 1
224 20 1
224 28 1
224 31 1
224 47 1
224 57 1
224 58 1
224 67 1
224 82 1
224 94 1
224 101 1
224 128 1
224 144 1
224 155 1
224 280 1
224 303 1
224 473 1
224 511 1
224 918 1
224 1012 1
224 1100 1
224 2405 1
232 40 1
236 3 1
236 7 1
236 9 1
236 10 1
236 33 1
236 87 1
236 101 1
240 9 1
240 20 1
240 25 1
240 61 1
240 1616 1
248 40 1
248 174 1
250 33 1
252 76 1
252 382 1
258 5 1
258 9 1
258 174 1
258 2729 1
259 5 1
259 19 1
259 20 1
259 28 1
259 40 1
259 538 1
280 9 1
280 19 1
280 28 1
280 40 1
280 42 1
280 102 1
281 3 1
281 15 1
281 19 1
281 27 1
281 42 1
281 57 1
281 61 1
281 144 1
281 174 1
281 554 1
281 632 1
281 670 1
281 1156 1
283 5 1
283 25 1
283 28 1
283 31 1
283 42 1
283 60 1
283 106 1
283 155 1
283 205 1
283 991 1
283 2264 1
284 139 1
287 40 1
287 41 1
287 81 1
288 7 1
288 9 1
288 25 1
288 29 1
288 42 1
288 94 1
288 95 1
288 289 1
288 3133 1
289 7 1
289 19 1
289 61 1
289 64 1
289 88 1
289 224 1
289 977 1
291 12 1
291 57 1
291 84 1
291 105 1
291 155 1
291 283 1
291 345 1
292 15 1
292 19 1
292 20 1
292 42 1
292 57 1
292 87 1
292 139 1
292 155 1
292 280 1
292 303 1
292 405 1
292 538 1
292 582 1
292 699 1
292 769 1
292 893 1
292 1027 1
292 1057 1
292 1127 1
292 2917 1
296 5 1
303 9 1
303 97 1
303 101 1
303 122 1
303 138 1
303 216 1
303 1989 1
316 3 1
316 17 1
316 19 1
316 57 1
316 81 1
316 94 1
316 95 1
316 97 1
316 102 1
316 252 1
316 287 1
316 457 1
316 769 1
316 893 1
321 9 1
321 593 1
321 2842 1
324 40 1
324 57 1
324 64 1
324 94 1
324 346 1
331 15 1
331 57 1
331 58 1
333 7 1
333 9 1
333 12 1
333 40 1
333 42 1
333 58 1
333 910 1
338 7 1
338 20 1
338 40 1
338 432 1
338 531 1
343 5 1
343 7 1
343 9 1
343 121 1
343 148 1
345 9 1
345 42 1
345 144 1
346 9 1
346 31 1
346 95 1
346 102 1
346 128 1
346 138 1
361 94 1
361 574 1
361 985 1
361 1027 1
364 7 1
364 17 1
364 42 1
364 119 1
364 148 1
364 531 1
370 78 1
370 174 1
370 321 1
370 406 1
378 5 1
378 7 1
378 10 1
378 15 1
378 171 1
378 893 1
382 40 1
382 956 1
386 9 1
393 7 1
393 61 1
405 7 1
405 19 1
405 40 1
405 82 1
405 99 1
406 3 1
406 42 1
406 138 1
406 187 1
406 248 1
422 7 1
422 9 1
422 40 1
422 121 1
431 5 1
431 33 1
431 102 1
431 144 1
432 40 1
441 33 1
441 42 1
441 57 1
442 28 1
442 81 1
442 187 1
444 7 1
444 57 1
444 382 1
444 574 1
449 890 1
449 2317 1
449 2507 1
450 9 1
450 29 1
450 42 1
450 82 1
450 250 1
455 5 1
455 138 1
455 186 1
455 221 1
455 378 1
455 393 1
456 5 1
456 15 1
456 40 1
456 42 1
456 57 1
456 139 1
456 186 1
457 41 1
457 88 1
466 7 1
466 15 1
466 20 1
466 40 1
466 42 1
466 105 1
466 119 1
466 601 1
468 5 1
468 42 1
468 119 1
468 171 1
468 179 1
468 250 1
468 511 1
468 1224 1
473 7 1
473 11 1
473 31 1
473 40 1
473 119 1
473 148 1
473 532 1
473 627 1
473 948 1
481 9 1
488 40 1
488 48 1
488 155 1
488 204 1
488 1746 1
489 97 1
489 101 1
493 5 1
493 9 1
493 42 1
493 119 1
493 252 1
493 531 1
511 5 1
511 7 1
511 64 1
511 538 1
525 5 1
525 78 1
525 133 1
530 19 1
530 1754 1
531 7 1
531 9 1
531 10 1
531 17 1
531 31 1
531 41 1
531 42 1
531 57 1
531 67 1
531 134 1
531 138 1
531 139 1
531 205 1
531 289 1
531 292 1
531 333 1
531 594 1
531 852 1
531 1206 1
532 9 1
532 15 1
532 22 1
532 42 1
532 95 1
532 1106 1
538 19 1
538 20 1
539 19 1
539 42 1
539 281 1
539 2388 1
540 3 1
540 5 1
540 28 1
540 42 1
540 57 1
540 78 1
540 281 1
540 292 1
540 338 1
540 493 1
540 746 1
540 1073 1
540 2317 1
554 5 1
554 28 1
554 195 1
554 1014 1
554 2880 1
558 3 1
558 17 1
558 122 1
570 102 1
571 147 1
572 5 1
572 7 1
572 9 1
572 19 1
572 31 1
572 42 1
572 87 1
572 95 1
572 106 1
572 122 1
572 133 1
572 195 1
572 280 1
572 331 1
572 3064 1
574 5 1
574 58 1
574 95 1
574 102 1
574 128 1
574 283 1
574 1942 1
574 2645 1
576 9 1
576 204 1
576 702 1
581 9 1
582 12 1
582 457 1
592 40 1
593 1017 1
594 654 1
601 5 1
601 40 1
601 57 1
601 81 1
601 95 1
601 133 1
601 2484 1
602 9 1
602 19 1
602 31 1
602 370 1
627 5 1
627 9 1
627 40 1
627 57 1
627 531 1
627 893 1
627 910 1
632 3 1
632 57 1
632 61 1
632 331 1
639 12 1
639 25 1
639 41 1
639 42 1
639 48 1
639 58 1
639 106 1
639 1497 1
640 17 1
640 195 1
654 40 1
654 99 1
654 378 1
654 442 1
654 1598 1
670 7 1
670 10 1
670 12 1
670 154 1
670 288 1
670 1300 1
671 7 1
678 3 1
678 9 1
678 31 1
678 33 1
678 97 1
678 283 1
678 985 1
679 40 1
679 88 1
696 17 1
699 4 1
699 57 1
699 148 1
699 1937 1
702 9 1
702 316 1
713 3 1
713 10 1
713 105 1
713 456 1
719 7 1
719 31 1
722 41 1
722 61 1
722 483 1
746 9 1
746 40 1
746 64 1
746 95 1
746 187 1
750 9 1
750 19 1
750 205 1
769 4 1
769 58 1
769 94 1
769 121 1
795 7 1
795 9 1
795 61 1
795 102 1
795 105 1
795 287 1
807 5 1
807 41 1
807 95 1
807 122 1
807 852 1
829 40 1
829 105 1
842 40 1
852 7 1
852 9 1
852 33 1
852 57 1
852 58 1
852 95 1
852 627 1
852 979 1
854 33 1
858 122 1
890 19 1
890 33 1
890 144 1
893 9 1
893 17 1
893 29 1
893 82 1
906 174 1
906 532 1
910 7 1
910 40 1
910 78 1
910 102 1
910 144 1
910 283 1
910 393 1
910 457 1
910 1601 1
918 28 1
918 40 1
918 41 1
918 456 1
918 893 1
918 1774 1
922 33 1
922 102 1
943 7 1
943 33 1
943 60 1
943 81 1
943 97 1
943 280 1
946 20 1
946 601 1
948 7 1
948 9 1
948 122 1
948 1106 1
954 61 1
954 1313 1
956 81 1
956 139 1
959 3 1
959 9 1
959 17 1
959 31 1
959 82 1
959 102 1
977 7 1
977 31 1
977 40 1
977 94 1
977 97 1
977 144 1
977 283 1
979 40 1
979 42 1
985 9 1
985 40 1
985 574 1
985 685 1
991 5 1
991 42 1
994 139 1
994 576 1
1002 42 1
1002 699 1
1004 9 1
1005 5 1
1005 7 1
1005 42 1
1005 82 1
1012 42 1
1012 88 1
1014 31 1
1014 33 1
1014 57 1
1014 58 1
1014 102 1
1014 195 1
1017 40 1
1017 57 1
1017 122 1
1017 148 1
1017 574 1
1017 985 1
1018 7 1
1027 9 1
1027 40 1
1027 42 1
1027 61 1
1027 122 1
1032 42 1
1032 78 1
1035 3 1
1035 9 1
1035 154 1
1035 525 1
1035 954 1
1036 7 1
1036 148 1
1036 473 1
1037 42 1
1043 9 1
1043 71 1
1043 122 1
1043 138 1
1043 148 1
1057 57 1
1064 9 1
1064 250 1
1071 393 1
1072 133 1
1072 574 1
1072 1396 1
1073 9 1
1078 7 1
1078 289 1
1078 572 1
1078 601 1
1078 746 1
1078 953 1
1089 58 1
1089 679 1
1090 7 1
1099 280 1
1100 3 1
1100 5 1
1100 57 1
1100 88 1
1100 108 1
1100 138 1
1100 1017 1
1102 9 1
1102 57 1
1102 61 1
1103 7 1
1104 12 1
1104 58 1
1104 94 1
1104 101 1
1106 9 1
1106 10 1
1106 31 1
1106 57 1
1106 893 1
1115 33 1
1127 7 1
1127 40 1
1127 101 1
1156 42 1
1164 9 1
1164 29 1
1175 87 1
1184 9 1
1184 15 1
1184 119 1
1184 138 1
1184 893 1
1193 122 1
1199 106 1
1206 9 1
1206 280 1
1206 2317 1
1220 9 1
1220 74 1
1224 144 1
1248 57 1
1255 42 1
1255 102 1
1255 148 1
1256 154 1
1259 138 1
1259 148 1
1259 330 1
1261 5 1
1261 17 1
1291 40 1
1291 139 1
1295 57 1
1299 25 1
1299 47 1
1316 9 1
1320 57 1
1320 58 1
1336 7 1
1336 9 1
1336 15 1
1336 283 1
1336 893 1
1337 15 1
1337 40 1
1347 9 1
1347 40 1
1347 61 1
1361 40 1
1362 57 1
1366 7 1
1366 40 1
1366 122 1
1368 9 1
1395 33 1
1395 174 1
1396 9 1
1396 20 1
1400 40 1
1400 102 1
1428 1014 1
1445 25 1
1473 3 1
1473 9 1
1473 57 1
1473 61 1
1473 101 1
1479 5 1
1479 9 1
1490 19 1
1490 33 1
1491 5 1
1497 9 1
1501 88 1
1514 289 1
1522 5 1
1522 87 1
1522 576 1
1525 9 1
1525 99 1
1525 134 1
1525 572 1
1526 33 1
1533 9 1
1554 33 1
1561 9 1
1561 57 1
1597 47 1
1598 9 1
1598 17 1
1598 47 1
1601 5 1
1601 10 1
1601 42 1
1601 1005 1
1616 25 1
1668 9 1
1681 639 1
1681 1526 1
1731 288 1
1731 538 1
1743 20 1
1746 28 1
1752 746 1
1754 7 1
1754 9 1
1754 40 1
1754 42 1
1754 155 1
1773 3 1
1773 10 1
1773 57 1
1774 205 1
1781 7 1
1781 19 1
1784 105 1
1787 7 1
1787 17 1
1787 42 1
1787 119 1
1787 171 1
1812 9 1
1812 333 1
1815 9 1
1815 25 1
1815 57 1
1816 7 1
1816 473 1
1824 4 1
1824 61 1
1824 139 1
1837 64 1
1878 280 1
1886 9 1
1893 3 1
1906 122 1
1928 289 1
1937 9 1
1937 19 1
1940 17 1
1942 31 1
1961 106 1
1968 61 1
1989 9 1
1989 94 1
2043 3 1
2053 9 1
2067 3 1
2074 7 1
2074 9 1
2074 102 1
2079 42 1
2079 82 1
2141 195 1
2170 42 1
2177 40 1
2177 186 1
2190 20 1
2190 331 1
2193 1473 1
2200 33 1
2200 57 1
2209 90 1
2223 82 1
2226 5 1
2226 852 1
2228 7 1
2264 42 1
2291 19 1
2292 5 1
2292 61 1
2292 94 1
2292 893 1
2293 7 1
2293 87 1
2376 370 1
2378 83 1
2388 9 1
2405 31 1
2408 155 1
2413 15 1
2413 78 1
2414 57 1
2464 456 1
2476 1043 1
2484 82 1
2507 1127 1
2532 5 1
2543 40 1
2575 25 1
2584 61 1
2609 40 1
2609 95 1
2615 393 1
2618 9 1
2645 538 1
2646 7 1
2652 154 1
2657 9 1
2657 64 1
2678 57 1
2678 174 1
2682 324 1
2683 5 1
2683 9 1
2713 102 1
2727 9 1
2729 17 1
2806 195 1
2816 205 1
2842 5 1
2844 57 1
2878 57 1
2880 40 1
2880 288 1
2895 40 1
2915 1817 1
2917 40 1
3011 42 1
3041 9 1
3044 9 1
3048 105 1
3058 42 1
3064 42 1
3077 7 1
3092 685 1
3128 17 1
3133 7 1
3146 42 1
3148 9 1
3175 9 1
