3 5 1
3 7 1
3 9 1
3 12 1
3 15 1
3 17 1
3 19 1
3 22 1
3 27 1
3 29 1
3 40 1
3 42 1
3 57 1
3 61 1
3 81 1
3 82 1
3 102 1
3 106 1
3 119 1
3 121 1
3 122 1
3 133 1
3 205 1
3 280 1
3 281 1
3 283 1
3 288 1
3 316 1
3 321 1
3 406 1
3 702 1
3 719 1
3 747 1
3 854 1
3 893 1
3 1005 1
3 1012 1
3 1086 1
3 1400 1
3 2816 1
3 3077 1
4 5 1
4 7 1
4 12 1
4 87 1
4 119 1
4 144 1
4 283 1
5 3 1
5 7 1
5 15 1
5 17 1
5 21 1
5 28 1
5 31 1
5 40 1
5 41 1
5 42 1
5 54 1
5 74 1
5 78 1
5 82 1
5 87 1
5 94 1
5 95 1
5 97 1
5 105 1
5 108 1
5 134 1
5 139 1
5 144 1
5 174 1
5 280 1
5 370 1
5 378 1
5 405 1
5 422 1
5 432 1
5 442 1
5 466 1
5 538 1
5 554 1
5 574 1
5 576 1
5 592 1
5 640 1
5 807 1
5 893 1
5 922 1
5 943 1
5 948 1
5 959 1
5 977 1
5 994 1
5 1043 1
5 1078 1
5 1320 1
5 1336 1
5 1773 1
7 4 1
7 5 1
7 9 1
7 10 1
7 15 1
7 17 1
7 20 1
7 22 1
7 25 1
7 31 1
7 33 1
7 37 1
7 42 1
7 56 1
7 57 1
7 60 1
7 61 1
7 74 1
7 76 1
7 82 1
7 83 1
7 84 1
7 94 1
7 97 1
7 99 1
7 101 1
7 102 1
7 105 1
7 108 1
7 119 1
7 121 1
7 122 1
7 133 1
7 138 1
7 147 1
7 148 1
7 155 1
7 171 1
7 187 1
7 205 1
7 220 1
7 221 1
7 248 1
7 252 1
7 287 1
7 324 1
7 333 1
7 343 1
7 364 1
7 378 1
7 393 1
7 405 1
7 422 1
7 442 1
7 450 1
7 456 1
7 488 1
7 493 1
7 511 1
7 530 1
7 531 1
7 532 1
7 538 1
7 574 1
7 593 1
7 601 1
7 713 1
7 746 1
7 750 1
7 769 1
7 852 1
7 893 1
7 910 1
7 918 1
7 943 1
7 948 1
7 953 1
7 959 1
7 991 1
7 1014 1
7 1027 1
7 1036 1
7 1164 1
7 1184 1
7 1199 1
7 1206 1
7 1362 1
7 1366 1
7 1490 1
7 1533 1
7 1731 1
7 1754 1
7 1837 1
7 2228 1
7 2291 1
7 2317 1
7 2484 1
7 2507 1
7 2657 1
8 42 1
9 3 1
9 5 1
9 7 1
9 8 1
9 10 1
9 12 1
9 17 1
9 19 1
9 27 1
9 28 1
9 29 1
9 31 1
9 40 1
9 42 1
9 47 1
9 54 1
9 57 1
9 58 1
9 61 1
9 64 1
9 71 1
9 74 1
9 78 1
9 81 1
9 82 1
9 84 1
9 88 1
9 90 1
9 91 1
9 95 1
9 97 1
9 99 1
9 101 1
9 102 1
9 103 1
9 106 1
9 119 1
9 121 1
9 123 1
9 128 1
9 133 1
9 134 1
9 144 1
9 171 1
9 195 1
9 204 1
9 205 1
9 236 1
9 240 1
9 280 1
9 289 1
9 291 1
9 324 1
9 330 1
9 331 1
9 338 1
9 345 1
9 383 1
9 393 1
9 432 1
9 442 1
9 473 1
9 532 1
9 538 1
9 539 1
9 570 1
9 574 1
9 581 1
9 632 1
9 670 1
9 699 1
9 702 1
9 713 1
9 746 1
9 747 1
9 842 1
9 852 1
9 890 1
9 893 1
9 910 1
9 943 1
9 946 1
9 953 1
9 985 1
9 991 1
9 994 1
9 1018 1
9 1027 1
9 1043 1
9 1064 1
9 1104 1
9 1156 1
9 1184 1
9 1224 1
9 1286 1
9 1295 1
9 1316 1
9 1347 1
9 1473 1
9 1490 1
9 1526 1
9 1754 1
9 1774 1
9 1781 1
9 1784 1
9 1815 1
9 1817 1
9 1893 1
9 1937 1
9 1968 1
9 2074 1
9 2293 1
9 2317 1
9 2476 1
9 2507 1
9 2652 1
9 2683 1
9 2713 1
9 2729 1
9 2970 1
9 3041 1
9 3058 1
9 3064 1
10 3 1
10 5 1
10 7 1
10 71 1
10 81 1
10 95 1
10 138 1
10 174 1
10 248 1
10 289 1
10 345 1
10 405 1
10 406 1
10 468 1
10 540 1
10 639 1
10 1037 1
11 9 1
11 15 1
11 61 1
11 138 1
12 5 1
12 9 1
12 17 1
12 19 1
12 20 1
12 42 1
12 94 1
12 102 1
12 144 1
12 195 1
12 281 1
12 283 1
12 284 1
12 473 1
12 531 1
12 1043 1
12 2543 1
15 9 1
15 87 1
15 119 1
15 144 1
15 171 1
15 205 1
15 216 1
15 220 1
15 291 1
15 330 1
15 511 1
15 1012 1
15 1027 1
16 5 1
16 20 1
16 29 1
16 33 1
16 40 1
16 57 1
16 78 1
16 97 1
16 138 1
16 531 1
16 977 1
17 5 1
17 9 1
17 10 1
17 11 1
17 19 1
17 28 1
17 33 1
17 42 1
17 57 1
17 61 1
17 78 1
17 82 1
17 94 1
17 95 1
17 105 1
17 106 1
17 119 1
17 122 1
17 133 1
17 139 1
17 186 1
17 195 1
17 204 1
17 205 1
17 221 1
17 250 1
17 288 1
17 289 1
17 324 1
17 422 1
17 910 1
17 959 1
17 1014 1
17 1078 1
17 1299 1
17 1445 1
17 1812 1
17 1942 1
17 2618 1
19 9 1
19 17 1
19 40 1
19 42 1
19 82 1
19 102 1
19 121 1
19 133 1
19 187 1
19 281 1
19 378 1
19 807 1
19 910 1
19 1002 1
19 2292 1
20 7 1
20 9 1
20 10 1
20 19 1
20 22 1
20 58 1
20 60 1
20 61 1
20 78 1
20 81 1
20 133 1
20 250 1
20 473 1
20 670 1
20 893 1
20 2264 1
20 3133 1
21 33 1
22 3 1
22 5 1
22 40 1
22 148 1
22 1017 1
22 1027 1
25 5 1
25 9 1
25 19 1
25 31 1
25 33 1
25 37 1
25 57 1
25 84 1
25 119 1
25 769 1
27 4 1
27 9 1
27 40 1
27 42 1
27 128 1
27 281 1
27 854 1
28 9 1
28 12 1
28 17 1
28 19 1
28 20 1
28 31 1
28 33 1
28 40 1
28 41 1
28 47 1
28 78 1
28 81 1
28 94 1
28 99 1
28 106 1
28 119 1
28 122 1
28 144 1
28 186 1
28 187 1
28 195 1
28 205 1
28 224 1
28 240 1
28 250 1
28 280 1
28 316 1
28 456 1
28 531 1
28 558 1
28 679 1
28 893 1
28 1043 1
28 1743 1
28 2292 1
29 3 1
29 9 1
29 33 1
29 88 1
29 102 1
29 121 1
29 364 1
29 531 1
29 558 1
29 1601 1
31 3 1
31 5 1
31 7 1
31 9 1
31 17 1
31 20 1
31 40 1
31 58 1
31 61 1
31 64 1
31 81 1
31 87 1
31 90 1
31 99 1
31 101 1
31 102 1
31 106 1
31 138 1
31 139 1
31 179 1
31 289 1
31 321 1
31 532 1
31 696 1
31 722 1
31 1017 1
31 1337 1
31 1525 1
31 1754 1
33 5 1
33 7 1
33 9 1
33 15 1
33 31 1
33 42 1
33 82 1
33 102 1
33 121 1
33 148 1
33 236 1
33 248 1
33 281 1
33 291 1
33 316 1
33 455 1
33 473 1
33 489 1
33 574 1
33 654 1
33 1012 1
33 1017 1
33 1175 1
33 1206 1
33 2376 1
36 40 1
36 42 1
36 47 1
36 78 1
36 155 1
36 511 1
36 601 1
36 2292 1
37 5 1
37 7 1
37 108 1
37 128 1
37 224 1
40 3 1
40 5 1
40 9 1
40 10 1
40 12 1
40 15 1
40 19 1
40 20 1
40 22 1
40 25 1
40 28 1
40 29 1
40 31 1
40 33 1
40 41 1
40 61 1
40 71 1
40 74 1
40 78 1
40 83 1
40 84 1
40 90 1
40 91 1
40 94 1
40 95 1
40 101 1
40 102 1
40 105 1
40 106 1
40 119 1
40 121 1
40 133 1
40 138 1
40 139 1
40 144 1
40 155 1
40 216 1
40 221 1
40 280 1
40 281 1
40 287 1
40 303 1
40 330 1
40 331 1
40 345 1
40 378 1
40 442 1
40 444 1
40 466 1
40 483 1
40 504 1
40 511 1
40 696 1
40 713 1
40 746 1
40 750 1
40 769 1
40 852 1
40 893 1
40 910 1
40 943 1
40 948 1
40 954 1
40 979 1
40 991 1
40 1004 1
40 1005 1
40 1027 1
40 1032 1
40 1043 1
40 1073 1
40 1102 1
40 1127 1
40 1199 1
40 1473 1
40 1497 1
40 1598 1
40 1601 1
40 1878 1
40 2657 1
41 5 1
41 7 1
41 15 1
41 19 1
41 33 1
41 40 1
41 42 1
41 57 1
41 60 1
41 67 1
41 78 1
41 88 1
41 94 1
41 95 1
41 119 1
41 174 1
41 205 1
41 289 1
41 593 1
41 769 1
41 1002 1
41 1014 1
41 1187 1
41 1291 1
42 11 1
42 12 1
42 17 1
42 19 1
42 22 1
42 27 1
42 28 1
42 29 1
42 31 1
42 40 1
42 61 1
42 74 1
42 78 1
42 82 1
42 88 1
42 91 1
42 94 1
42 95 1
42 97 1
42 101 1
42 119 1
42 133 1
42 144 1
42 148 1
42 186 1
42 250 1
42 280 1
42 281 1
42 289 1
42 333 1
42 346 1
42 370 1
42 393 1
42 422 1
42 441 1
42 456 1
42 457 1
42 531 1
42 574 1
42 601 1
42 627 1
42 632 1
42 639 1
42 713 1
42 910 1
42 1002 1
42 1320 1
42 1445 1
42 1989 1
42 2246 1
42 2317 1
42 2408 1
47 7 1
47 16 1
47 19 1
47 81 1
47 83 1
47 291 1
47 292 1
47 639 1
47 1027 1
48 19 1
48 85 1
48 179 1
54 5 1
54 9 1
54 17 1
54 22 1
54 25 1
54 42 1
54 57 1
54 78 1
54 121 1
54 148 1
54 179 1
54 281 1
54 1774 1
56 10 1
56 250 1
57 9 1
57 11 1
57 12 1
57 15 1
57 17 1
57 19 1
57 31 1
57 33 1
57 40 1
57 42 1
57 58 1
57 74 1
57 78 1
57 84 1
57 87 1
57 105 1
57 119 1
57 144 1
57 155 1
57 195 1
57 205 1
57 378 1
57 393 1
57 532 1
57 538 1
57 670 1
57 750 1
57 769 1
57 852 1
57 854 1
57 893 1
57 1035 1
57 1036 1
57 1104 1
57 1313 1
57 1668 1
57 1754 1
57 2141 1
57 2464 1
58 3 1
58 25 1
58 31 1
58 33 1
58 42 1
58 88 1
58 95 1
58 97 1
58 119 1
58 139 1
58 147 1
58 281 1
58 405 1
58 483 1
58 852 1
58 1598 1
58 1787 1
60 40 1
60 67 1
60 101 1
60 280 1
61 5 1
61 15 1
61 40 1
61 83 1
61 94 1
61 119 1
61 122 1
61 538 1
61 893 1
61 1017 1
61 1961 1
64 4 1
64 5 1
64 7 1
64 15 1
64 19 1
64 41 1
64 57 1
64 61 1
64 81 1
64 97 1
64 101 1
64 119 1
64 148 1
64 155 1
64 174 1
64 221 1
64 252 1
64 289 1
64 291 1
64 330 1
64 457 1
64 489 1
64 504 1
64 531 1
64 574 1
64 702 1
64 918 1
64 1004 1
64 1100 1
64 1184 1
64 1300 1
64 1746 1
67 3 1
67 9 1
67 40 1
67 57 1
67 64 1
67 81 1
67 148 1
67 186 1
67 370 1
67 456 1
67 627 1
67 1291 1
67 1940 1
67 2190 1
67 2236 1
70 119 1
70 138 1
71 31 1
71 41 1
71 42 1
71 78 1
71 654 1
73 42 1
73 61 1
73 78 1
74 7 1
74 9 1
74 19 1
74 33 1
74 42 1
74 102 1
74 144 1
76 5 1
76 40 1
76 148 1
78 3 1
78 5 1
78 9 1
78 10 1
78 17 1
78 19 1
78 20 1
78 31 1
78 33 1
78 40 1
78 42 1
78 47 1
78 57 1
78 64 1
78 95 1
78 119 1
78 289 1
78 670 1
78 807 1
78 1299 1
78 1491 1
78 1774 1
78 2657 1
81 9 1
81 19 1
81 42 1
81 87 1
81 88 1
81 94 1
81 95 1
81 119 1
81 382 1
81 532 1
81 639 1
81 654 1
81 1014 1
82 7 1
82 9 1
82 25 1
82 40 1
82 42 1
82 57 1
82 78 1
82 88 1
82 97 1
82 99 1
82 101 1
82 128 1
82 144 1
82 252 1
82 370 1
82 531 1
82 893 1
82 943 1
82 985 1
82 1763 1
83 5 1
83 7 1
83 9 1
83 12 1
85 57 1
85 281 1
87 3 1
87 7 1
87 9 1
87 19 1
87 40 1
87 61 1
87 321 1
87 627 1
87 854 1
87 1014 1
88 3 1
88 5 1
88 7 1
88 9 1
88 28 1
88 31 1
88 40 1
88 57 1
88 91 1
88 108 1
88 154 1
88 155 1
88 283 1
88 331 1
88 538 1
88 594 1
88 769 1
88 979 1
88 1100 1
88 1127 1
88 1746 1
88 3044 1
90 7 1
90 19 1
90 95 1
91 33 1
94 17 1
94 19 1
94 20 1
94 31 1
94 33 1
94 40 1
94 42 1
94 58 1
94 87 1
94 95 1
94 171 1
94 531 1
94 572 1
94 769 1
94 977 1
94 1300 1
94 1479 1
94 2170 1
95 12 1
95 15 1
95 17 1
95 25 1
95 33 1
95 41 1
95 97 1
95 122 1
95 155 1
95 220 1
95 221 1
95 288 1
95 333 1
95 531 1
95 538 1
95 554 1
95 699 1
95 893 1
95 948 1
95 1106 1
95 1616 1
95 2317 1
97 7 1
97 9 1
97 19 1
97 25 1
97 33 1
97 82 1
97 139 1
97 890 1
97 1027 1
97 1259 1
99 9 1
99 10 1
99 15 1
99 20 1
99 27 1
99 28 1
99 31 1
99 61 1
99 82 1
99 95 1
99 97 1
99 122 1
99 134 1
99 155 1
99 283 1
99 321 1
99 457 1
99 1199 1
101 3 1
101 10 1
101 31 1
101 57 1
101 67 1
101 82 1
101 102 1
101 105 1
101 121 1
101 283 1
101 333 1
101 574 1
101 1395 1
101 1473 1
101 1522 1
101 1989 1
102 3 1
102 7 1
102 10 1
102 19 1
102 28 1
102 42 1
102 58 1
102 61 1
102 95 1
102 133 1
102 174 1
102 248 1
102 346 1
102 539 1
102 685 1
102 893 1
102 991 1
102 2678 1
105 9 1
105 10 1
105 40 1
105 42 1
105 64 1
105 139 1
105 205 1
105 281 1
105 1193 1
106 7 1
106 31 1
106 95 1
106 2190 1
108 7 1
108 9 1
108 40 1
108 60 1
108 99 1
108 444 1
108 2388 1
119 5 1
119 9 1
119 15 1
119 28 1
119 40 1
119 42 1
119 48 1
119 64 1
119 78 1
119 83 1
119 87 1
119 88 1
119 94 1
119 102 1
119 106 1
119 122 1
119 134 1
119 138 1
119 148 1
119 205 1
119 220 1
119 236 1
119 280 1
119 291 1
119 511 1
119 602 1
119 654 1
119 893 1
119 1103 1
119 2053 1
119 2842 1
121 16 1
121 33 1
121 42 1
121 58 1
121 64 1
121 87 1
121 119 1
121 174 1
121 639 1
122 3 1
122 5 1
122 7 1
122 57 1
122 58 1
122 82 1
122 87 1
122 144 1
122 174 1
122 195 1
122 405 1
122 456 1
122 893 1
123 40 1
123 58 1
128 20 1
128 28 1
128 42 1
128 122 1
128 138 1
128 205 1
128 250 1
128 530 1
133 7 1
133 9 1
133 17 1
133 20 1
133 25 1
133 33 1
133 42 1
133 64 1
133 94 1
133 102 1
133 280 1
133 2682 1
133 2917 1
134 3 1
134 7 1
134 17 1
134 20 1
134 40 1
134 61 1
134 195 1
134 232 1
134 422 1
138 5 1
138 15 1
138 78 1
138 82 1
138 99 1
138 101 1
138 102 1
138 119 1
138 122 1
138 393 1
139 4 1
139 9 1
139 20 1
139 22 1
139 33 1
139 41 1
139 42 1
139 61 1
139 74 1
139 78 1
139 88 1
139 99 1
139 106 1
139 119 1
139 155 1
139 171 1
139 186 1
139 216 1
139 455 1
139 456 1
139 1181 1
139 1184 1
139 1816 1
139 1824 1
139 1886 1
144 20 1
144 31 1
144 95 1
144 99 1
144 134 1
144 284 1
144 554 1
144 601 1
144 985 1
147 7 1
147 88 1
147 179 1
147 1127 1
148 3 1
148 10 1
148 11 1
148 17 1
148 25 1
148 37 1
148 40 1
148 57 1
148 61 1
148 78 1
148 84 1
148 94 1
148 99 1
148 101 1
148 105 1
148 154 1
148 205 1
148 281 1
148 288 1
148 382 1
148 406 1
148 455 1
148 457 1
148 473 1
148 746 1
148 893 1
148 1347 1
154 5 1
154 9 1
154 42 1
154 57 1
154 58 1
154 71 1
154 82 1
154 95 1
154 102 1
154 133 1
154 187 1
154 221 1
154 289 1
154 540 1
154 1746 1
154 1784 1
154 2678 1
155 5 1
155 7 1
155 9 1
155 27 1
155 33 1
155 61 1
155 84 1
155 97 1
155 101 1
155 422 1
171 3 1
171 7 1
171 17 1
171 42 1
171 102 1
171 105 1
171 525 1
171 893 1
171 910 1
174 40 1
174 119 1
174 289 1
179 5 1
179 7 1
179 9 1
179 12 1
179 29 1
179 40 1
179 122 1
179 148 1
179 1099 1
186 4 1
186 9 1
186 10 1
186 25 1
186 97 1
186 148 1
186 205 1
186 678 1
186 685 1
187 9 1
187 42 1
187 221 1
187 289 1
187 393 1
195 5 1
195 7 1
195 9 1
195 20 1
195 29 1
195 33 1
195 42 1
195 58 1
195 61 1
195 81 1
195 95 1
195 133 1
195 138 1
195 144 1
195 174 1
195 287 1
195 288 1
195 316 1
195 324 1
195 345 1
195 699 1
195 893 1
195 1078 1
204 33 1
204 105 1
204 133 1
205 3 1
205 5 1
205 10 1
205 19 1
205 28 1
205 58 1
205 81 1
205 84 1
205 139 1
205 148 1
205 289 1
205 457 1
205 582 1
205 639 1
205 893 1
205 910 1
205 1017 1
205 1106 1
216 3 1
216 9 1
216 29 1
216 40 1
216 42 1
216 574 1
220 7 1
220 19 1
220 37 1
220 40 1
220 205 1
220 283 1
220 985 1
220 1037 1
220 1072 1
220 2507 1
221 7 1
221 10 1
221 12 1
221 19 1
221 25 1
221 27 1
221 42 1
221 67 1
221 144 1
221 829 1
224 7 1
224 22 1
224 31 1
224 40 1
224 57 1
224 64 1
224 106 1
224 119 1
224 122 1
224 187 1
224 195 1
224 283 1
224 292 1
224 386 1
224 405 1
224 456 1
224 531 1
224 722 1
224 795 1
224 893 1
224 1005 1
224 1017 1
224 1248 1
224 1601 1
232 5 1
236 3 1
236 40 1
236 42 1
236 47 1
236 57 1
236 94 1
236 106 1
240 19 1
240 57 1
240 97 1
240 105 1
240 1313 1
248 17 1
248 64 1
250 99 1
252 57 1
252 81 1
258 5 1
258 9 1
258 40 1
258 42 1
259 5 1
259 9 1
259 16 1
259 28 1
259 40 1
259 2615 1
280 31 1
280 40 1
280 41 1
280 58 1
280 187 1
280 1078 1
281 7 1
281 9 1
281 17 1
281 19 1
281 28 1
281 31 1
281 58 1
281 82 1
281 122 1
281 128 1
281 330 1
281 654 1
281 1554 1
283 9 1
283 25 1
283 42 1
283 57 1
283 144 1
283 289 1
283 466 1
283 854 1
283 906 1
283 910 1
283 1057 1
284 291 1
287 119 1
287 148 1
287 531 1
288 9 1
288 10 1
288 17 1
288 33 1
288 82 1
288 90 1
288 97 1
288 128 1
288 154 1
289 28 1
289 31 1
289 41 1
289 67 1
289 88 1
289 121 1
289 525 1
291 5 1
291 9 1
291 58 1
291 122 1
291 138 1
291 283 1
291 893 1
292 5 1
292 7 1
292 19 1
292 31 1
292 41 1
292 42 1
292 58 1
292 60 1
292 87 1
292 88 1
292 94 1
292 281 1
292 338 1
292 345 1
292 450 1
292 468 1
292 601 1
292 893 1
292 985 1
292 1100 1
296 531 1
303 7 1
303 9 1
303 20 1
303 57 1
303 95 1
303 205 1
303 258 1
316 7 1
316 9 1
316 17 1
316 40 1
316 58 1
316 122 1
316 138 1
316 139 1
316 159 1
316 289 1
316 538 1
316 602 1
316 1027 1
316 1501 1
321 21 1
321 42 1
321 57 1
324 7 1
324 41 1
324 61 1
324 64 1
324 105 1
331 57 1
331 473 1
331 1989 1
333 9 1
333 17 1
333 41 1
333 82 1
333 148 1
333 154 1
333 954 1
338 7 1
338 28 1
338 40 1
338 457 1
338 483 1
343 7 1
343 17 1
343 19 1
343 42 1
343 133 1
345 5 1
345 7 1
345 40 1
346 3 1
346 5 1
346 9 1
346 31 1
346 40 1
346 42 1
361 9 1
361 102 1
361 489 1
361 574 1
364 19 1
364 102 1
364 119 1
364 525 1
364 531 1
364 532 1
370 9 1
370 57 1
370 281 1
370 540 1
378 5 1
378 19 1
378 64 1
378 148 1
378 422 1
378 719 1
382 9 1
382 57 1
386 9 1
393 7 1
393 28 1
405 7 1
405 9 1
405 19 1
405 97 1
405 101 1
406 9 1
406 25 1
406 58 1
406 61 1
406 88 1
422 7 1
422 9 1
422 42 1
422 985 1
431 22 1
431 40 1
431 139 1
431 287 1
432 28 1
441 20 1
441 148 1
441 3048 1
442 333 1
442 890 1
442 2806 1
444 5 1
444 78 1
444 82 1
444 654 1
449 9 1
449 40 1
449 102 1
450 9 1
450 33 1
450 40 1
450 457 1
450 639 1
455 3 1
455 7 1
455 40 1
455 42 1
455 57 1
455 538 1
456 5 1
456 17 1
456 40 1
456 42 1
456 88 1
456 288 1
456 654 1
457 468 1
457 1366 1
466 5 1
466 9 1
466 40 1
466 58 1
466 94 1
466 102 1
466 281 1
466 1017 1
468 7 1
468 15 1
468 16 1
468 17 1
468 61 1
468 205 1
468 281 1
468 532 1
473 5 1
473 25 1
473 41 1
473 42 1
473 133 1
473 422 1
473 531 1
473 769 1
473 1106 1
481 105 1
488 7 1
488 174 1
488 303 1
488 450 1
488 2657 1
489 31 1
489 148 1
493 7 1
493 40 1
493 58 1
493 61 1
493 333 1
493 1396 1
511 9 1
511 19 1
511 40 1
511 943 1
525 31 1
525 81 1
525 88 1
530 9 1
530 101 1
531 5 1
531 7 1
531 10 1
531 57 1
531 82 1
531 87 1
531 94 1
531 119 1
531 138 1
531 139 1
531 179 1
531 240 1
531 288 1
531 333 1
531 483 1
531 540 1
531 977 1
531 1100 1
531 1291 1
532 3 1
532 9 1
532 16 1
532 28 1
532 292 1
532 531 1
538 139 1
538 893 1
539 7 1
539 83 1
539 632 1
539 1337 1
540 7 1
540 9 1
540 17 1
540 20 1
540 28 1
540 88 1
540 101 1
540 102 1
540 148 1
540 216 1
540 240 1
540 574 1
540 1027 1
554 9 1
554 122 1
554 601 1
554 602 1
554 2028 1
558 9 1
558 179 1
558 236 1
570 15 1
571 122 1
572 9 1
572 17 1
572 27 1
572 28 1
572 41 1
572 42 1
572 58 1
572 102 1
572 121 1
572 122 1
572 134 1
572 138 1
572 504 1
572 1256 1
572 2200 1
574 5 1
574 17 1
574 57 1
574 138 1
574 205 1
574 627 1
574 1089 1
574 2226 1
576 15 1
576 57 1
576 60 1
581 119 1
582 40 1
582 195 1
592 3175 1
593 9 1
594 122 1
601 5 1
601 7 1
601 9 1
601 17 1
601 57 1
601 64 1
601 205 1
602 31 1
602 42 1
602 102 1
602 281 1
627 31 1
627 40 1
627 42 1
627 58 1
627 95 1
627 525 1
627 1368 1
632 28 1
632 40 1
632 954 1
632 2844 1
639 9 1
639 42 1
639 58 1
639 148 1
639 316 1
639 343 1
639 511 1
639 2079 1
640 28 1
640 1445 1
654 3 1
654 42 1
654 133 1
654 1681 1
654 1787 1
670 9 1
670 94 1
670 122 1
670 283 1
670 287 1
670 370 1
671 122 1
678 5 1
678 20 1
678 42 1
678 58 1
678 106 1
678 128 1
678 1014 1
679 7 1
679 87 1
696 33 1
699 15 1
699 40 1
699 57 1
699 58 1
702 5 1
702 602 1
713 33 1
713 57 1
713 288 1
713 1106 1
719 9 1
719 893 1
722 7 1
722 289 1
722 574 1
746 9 1
746 19 1
746 97 1
746 393 1
746 457 1
750 123 1
750 456 1
750 1014 1
769 9 1
769 54 1
769 95 1
769 105 1
795 10 1
795 119 1
795 174 1
795 283 1
795 289 1
795 632 1
807 17 1
807 576 1
807 1754 1
807 1773 1
807 2915 1
829 19 1
829 57 1
842 148 1
852 5 1
852 7 1
852 40 1
852 61 1
852 71 1
852 102 1
852 138 1
852 918 1
854 139 1
858 9 1
890 57 1
890 155 1
890 280 1
893 3 1
893 5 1
893 25 1
893 122 1
906 7 1
906 174 1
910 5 1
910 25 1
910 57 1
910 61 1
910 102 1
910 154 1
910 187 1
910 431 1
910 531 1
918 7 1
918 9 1
918 31 1
918 42 1
918 122 1
918 148 1
922 40 1
922 186 1
943 5 1
943 19 1
943 42 1
943 292 1
943 956 1
943 1313 1
946 61 1
946 78 1
948 3 1
948 7 1
948 42 1
948 532 1
954 9 1
954 639 1
956 7 1
956 139 1
959 7 1
959 21 1
959 28 1
959 64 1
959 102 1
959 948 1
977 5 1
977 9 1
977 25 1
977 88 1
977 148 1
977 171 1
977 670 1
979 20 1
979 57 1
985 41 1
985 57 1
985 102 1
985 171 1
991 40 1
991 195 1
994 19 1
994 746 1
1002 57 1
1002 769 1
1004 138 1
1005 3 1
1005 9 1
1005 74 1
1005 87 1
1012 57 1
1012 918 1
1014 5 1
1014 9 1
1014 40 1
1014 42 1
1014 71 1
1014 133 1
1017 9 1
1017 40 1
1017 57 1
1017 102 1
1017 1104 1
1017 1261 1
1018 5 1
1027 7 1
1027 9 1
1027 40 1
1027 41 1
1027 1090 1
1032 97 1
1032 220 1
1035 9 1
1035 29 1
1035 47 1
1035 102 1
1035 1261 1
1036 283 1
1036 321 1
1036 679 1
1037 9 1
1043 42 1
1043 121 1
1043 216 1
1043 383 1
1043 2223 1
1057 5 1
1064 9 1
1064 627 1
1071 9 1
1072 3 1
1072 94 1
1072 393 1
1073 57 1
1078 15 1
1078 17 1
1078 19 1
1078 27 1
1078 40 1
1078 139 1
1089 5 1
1089 122 1
1090 139 1
1099 7 1
1100 5 1
1100 9 1
1100 33 1
1100 57 1
1100 139 1
1100 204 1
1100 283 1
1102 7 1
1102 9 1
1102 20 1
1103 47 1
1104 10 1
1104 58 1
1104 283 1
1104 532 1
1106 7 1
1106 11 1
1106 105 1
1106 133 1
1106 531 1
1115 287 1
1127 40 1
1127 57 1
1127 134 1
1156 5 1
1164 40 1
1164 42 1
1175 154 1
1184 9 1
1184 28 1
1184 42 1
1184 57 1
1184 582 1
1193 205 1
1199 3092 1
1206 58 1
1206 87 1
1206 148 1
1220 40 1
1220 122 1
1224 4 1
1248 20 1
1255 3 1
1255 9 1
1255 42 1
1256 1127 1
1259 7 1
1259 12 1
1259 466 1
1261 250 1
1261 281 1
1291 22 1
1291 174 1
1295 174 1
1299 31 1
1299 33 1
1316 9 1
1320 3 1
1320 456 1
1336 9 1
1336 20 1
1336 138 1
1336 455 1
1336 639 1
1337 7 1
1337 42 1
1347 5 1
1347 139 1
1347 195 1
1361 40 1
1362 29 1
1366 7 1
1366 17 1
1366 88 1
1368 250 1
1395 9 1
1395 289 1
1396 41 1
1396 58 1
1400 9 1
1400 195 1
1428 57 1
1445 5 1
1473 42 1
1473 57 1
1473 82 1
1473 456 1
1473 627 1
1479 3 1
1479 5 1
1490 20 1
1490 2193 1
1491 9 1
1497 17 1
1501 40 1
1514 91 1
1522 64 1
1522 95 1
1522 105 1
1525 17 1
1525 57 1
1525 139 1
1525 383 1
1526 108 1
1533 7 1
1554 33 1
1561 12 1
1561 76 1
1597 493 1
1598 9 1
1598 57 1
1598 893 1
1601 9 1
1601 48 1
1601 81 1
1601 174 1
1616 88 1
1668 154 1
1681 19 1
1681 28 1
1731 9 1
1731 144 1
1743 483 1
1746 283 1
1752 40 1
1754 7 1
1754 12 1
1754 468 1
1754 893 1
1754 2378 1
1773 25 1
1773 47 1
1773 639 1
1774 138 1
1781 7 1
1781 9 1
1784 33 1
1787 9 1
1787 15 1
1787 102 1
1787 174 1
1787 538 1
1812 15 1
1812 405 1
1815 7 1
1815 40 1
1815 42 1
1816 5 1
1816 283 1
1824 94 1
1824 128 1
1824 572 1
1837 5 1
1878 5 1
1886 9 1
1893 40 1
1906 78 1
1928 82 1
1937 40 1
1937 58 1
1940 2413 1
1942 9 1
1961 4 1
1968 281 1
1989 122 1
1989 186 1
2043 42 1
2053 5 1
2067 574 1
2074 9 1
2074 289 1
2074 2405 1
2079 3 1
2079 5 1
2141 40 1
2170 61 1
2177 42 1
2177 457 1
2190 15 1
2190 574 1
2193 31 1
2200 40 1
2200 119 1
2209 5 1
2223 40 1
2226 15 1
2226 57 1
2228 40 1
2264 9 1
2291 42 1
2292 9 1
2292 101 1
2292 148 1
2292 333 1
2293 3 1
2293 9 1
2376 422 1
2378 3 1
2388 2880 1
2405 2645 1
2408 9 1
2413 9 1
2413 333 1
2414 40 1
2464 9 1
2476 19 1
2484 40 1
2507 236 1
2532 97 1
2543 48 1
2575 58 1
2584 61 1
2609 7 1
2609 893 1
2615 3 1
2618 3 1
2645 57 1
2646 906 1
2652 601 1
2657 9 1
2657 102 1
2678 7 1
2678 144 1
2682 105 1
2683 5 1
2683 155 1
2713 40 1
2727 17 1
2729 3 1
2806 9 1
2816 17 1
2842 102 1
2844 31 1
2878 3 1
2880 5 1
2880 94 1
2895 95 1
2915 9 1
2917 42 1
3011 57 1
3041 40 1
3044 9 1
3048 1752 1
3058 333 1
3064 119 1
3077 31 1
3092 221 1
3128 9 1
3133 57 1
3146 133 1
3148 31 1
3175 3 1
