3 17 1
3 19 1
3 28 1
3 29 1
3 33 1
3 37 1
3 41 1
3 47 1
3 57 1
3 58 1
3 61 1
3 81 1
3 84 1
3 97 1
3 101 1
3 102 1
3 105 1
3 106 1
3 119 1
3 128 1
3 139 1
3 148 1
3 155 1
3 205 1
3 221 1
3 393 1
3 450 1
3 456 1
3 457 1
3 473 1
3 1012 1
3 1036 1
3 1057 1
3 1224 1
3 1366 1
3 1533 1
3 1743 1
3 1746 1
3 1893 1
3 2615 1
3 3092 1
4 5 1
4 7 1
4 9 1
4 58 1
4 144 1
4 155 1
4 1017 1
5 12 1
5 17 1
5 20 1
5 22 1
5 25 1
5 40 1
5 42 1
5 57 1
5 61 1
5 64 1
5 74 1
5 81 1
5 84 1
5 95 1
5 99 1
5 102 1
5 105 1
5 122 1
5 133 1
5 134 1
5 155 1
5 174 1
5 205 1
5 216 1
5 221 1
5 289 1
5 343 1
5 364 1
5 378 1
5 406 1
5 422 1
5 456 1
5 457 1
5 483 1
5 531 1
5 574 1
5 593 1
5 854 1
5 893 1
5 918 1
5 985 1
5 1043 1
5 1078 1
5 1491 1
5 1774 1
5 1989 1
5 2079 1
5 2141 1
5 2190 1
5 2228 1
5 2652 1
7 3 1
7 4 1
7 9 1
7 10 1
7 12 1
7 15 1
7 17 1
7 20 1
7 27 1
7 28 1
7 29 1
7 31 1
7 33 1
7 40 1
7 47 1
7 48 1
7 57 1
7 61 1
7 64 1
7 67 1
7 74 1
7 78 1
7 82 1
7 83 1
7 84 1
7 87 1
7 88 1
7 94 1
7 95 1
7 101 1
7 102 1
7 105 1
7 106 1
7 108 1
7 119 1
7 121 1
7 122 1
7 123 1
7 133 1
7 138 1
7 139 1
7 147 1
7 171 1
7 174 1
7 205 1
7 216 1
7 220 1
7 240 1
7 280 1
7 281 1
7 284 1
7 287 1
7 289 1
7 292 1
7 331 1
7 333 1
7 386 1
7 393 1
7 422 1
7 432 1
7 455 1
7 456 1
7 457 1
7 466 1
7 483 1
7 488 1
7 489 1
7 493 1
7 525 1
7 531 1
7 538 1
7 539 1
7 540 1
7 582 1
7 601 1
7 602 1
7 627 1
7 678 1
7 722 1
7 893 1
7 918 1
7 948 1
7 991 1
7 1014 1
7 1035 1
7 1078 1
7 1086 1
7 1104 1
7 1184 1
7 1256 1
7 1313 1
7 1366 1
7 1445 1
7 1490 1
7 2053 1
7 2246 1
7 2292 1
7 2678 1
7 2682 1
8 102 1
9 5 1
9 7 1
9 12 1
9 17 1
9 19 1
9 20 1
9 21 1
9 22 1
9 27 1
9 28 1
9 29 1
9 31 1
9 33 1
9 37 1
9 42 1
9 47 1
9 54 1
9 56 1
9 57 1
9 58 1
9 61 1
9 64 1
9 67 1
9 74 1
9 78 1
9 82 1
9 83 1
9 84 1
9 99 1
9 101 1
9 105 1
9 106 1
9 119 1
9 121 1
9 128 1
9 133 1
9 134 1
9 148 1
9 179 1
9 187 1
9 195 1
9 220 1
9 250 1
9 280 1
9 281 1
9 283 1
9 287 1
9 291 1
9 292 1
9 324 1
9 330 1
9 333 1
9 345 1
9 346 1
9 382 1
9 393 1
9 405 1
9 422 1
9 432 1
9 457 1
9 466 1
9 504 1
9 511 1
9 530 1
9 531 1
9 538 1
9 539 1
9 540 1
9 554 1
9 574 1
9 592 1
9 593 1
9 601 1
9 627 1
9 640 1
9 654 1
9 670 1
9 679 1
9 746 1
9 769 1
9 807 1
9 842 1
9 852 1
9 854 1
9 890 1
9 893 1
9 943 1
9 953 1
9 959 1
9 977 1
9 991 1
9 1002 1
9 1004 1
9 1005 1
9 1017 1
9 1027 1
9 1064 1
9 1078 1
9 1102 1
9 1127 1
9 1164 1
9 1193 1
9 1248 1
9 1286 1
9 1291 1
9 1320 1
9 1522 1
9 1525 1
9 1731 1
9 1754 1
9 1774 1
9 1781 1
9 1816 1
9 1878 1
9 1968 1
9 2236 1
9 2317 1
9 2408 1
9 2413 1
9 2543 1
9 2645 1
9 2842 1
9 3044 1
10 7 1
10 9 1
10 17 1
10 19 1
10 31 1
10 57 1
10 60 1
10 88 1
10 102 1
10 148 1
10 281 1
10 422 1
10 532 1
10 769 1
10 1396 1
10 2317 1
10 3058 1
11 5 1
11 7 1
11 42 1
11 97 1
12 7 1
12 9 1
12 31 1
12 57 1
12 81 1
12 99 1
12 102 1
12 133 1
12 139 1
12 174 1
12 195 1
12 456 1
12 582 1
12 632 1
12 893 1
12 948 1
12 2657 1
15 3 1
15 5 1
15 9 1
15 31 1
15 58 1
15 88 1
15 97 1
15 133 1
15 174 1
15 525 1
15 532 1
15 654 1
15 1773 1
16 5 1
16 9 1
16 20 1
16 31 1
16 42 1
16 94 1
16 123 1
16 236 1
16 574 1
16 977 1
16 1259 1
17 3 1
17 5 1
17 7 1
17 9 1
17 16 1
17 19 1
17 20 1
17 25 1
17 28 1
17 33 1
17 40 1
17 42 1
17 57 1
17 61 1
17 78 1
17 82 1
17 84 1
17 99 1
17 121 1
17 133 1
17 138 1
17 154 1
17 174 1
17 179 1
17 248 1
17 281 1
17 291 1
17 333 1
17 442 1
17 572 1
17 854 1
17 893 1
17 948 1
17 985 1
17 1014 1
17 1090 1
17 1206 1
17 1445 1
17 2170 1
19 5 1
19 9 1
19 16 1
19 28 1
19 40 1
19 42 1
19 54 1
19 61 1
19 87 1
19 97 1
19 122 1
19 281 1
19 287 1
19 405 1
19 1127 1
20 7 1
20 15 1
20 19 1
20 28 1
20 31 1
20 48 1
20 87 1
20 94 1
20 102 1
20 139 1
20 144 1
20 221 1
20 281 1
20 456 1
20 910 1
20 1598 1
20 1754 1
21 7 1
22 9 1
22 15 1
22 19 1
22 42 1
22 236 1
22 1017 1
25 28 1
25 31 1
25 133 1
25 174 1
25 289 1
25 345 1
25 473 1
25 807 1
25 906 1
25 2507 1
27 7 1
27 40 1
27 122 1
27 303 1
27 333 1
27 601 1
27 2880 1
28 3 1
28 5 1
28 7 1
28 9 1
28 15 1
28 17 1
28 20 1
28 57 1
28 58 1
28 61 1
28 81 1
28 87 1
28 90 1
28 99 1
28 119 1
28 128 1
28 139 1
28 144 1
28 155 1
28 195 1
28 281 1
28 289 1
28 333 1
28 378 1
28 405 1
28 531 1
28 574 1
28 769 1
28 893 1
28 979 1
28 1027 1
28 1320 1
28 1473 1
28 1501 1
28 1746 1
29 3 1
29 7 1
29 12 1
29 19 1
29 22 1
29 64 1
29 195 1
29 281 1
29 750 1
29 1014 1
31 7 1
31 9 1
31 15 1
31 33 1
31 40 1
31 42 1
31 57 1
31 81 1
31 94 1
31 95 1
31 99 1
31 101 1
31 133 1
31 179 1
31 195 1
31 258 1
31 291 1
31 321 1
31 431 1
31 466 1
31 468 1
31 483 1
31 531 1
31 574 1
31 1027 1
31 1106 1
31 1368 1
31 2476 1
31 2657 1
33 7 1
33 9 1
33 19 1
33 25 1
33 29 1
33 42 1
33 57 1
33 61 1
33 74 1
33 78 1
33 82 1
33 87 1
33 97 1
33 102 1
33 119 1
33 134 1
33 195 1
33 205 1
33 220 1
33 331 1
33 333 1
33 422 1
33 922 1
33 1002 1
33 1103 1
36 9 1
36 33 1
36 40 1
36 102 1
36 139 1
36 393 1
36 444 1
36 532 1
37 25 1
37 27 1
37 40 1
37 64 1
37 94 1
40 4 1
40 5 1
40 11 1
40 12 1
40 15 1
40 16 1
40 17 1
40 19 1
40 22 1
40 25 1
40 27 1
40 28 1
40 31 1
40 37 1
40 41 1
40 48 1
40 57 1
40 58 1
40 61 1
40 74 1
40 76 1
40 82 1
40 84 1
40 88 1
40 91 1
40 94 1
40 97 1
40 101 1
40 121 1
40 122 1
40 128 1
40 133 1
40 144 1
40 147 1
40 154 1
40 171 1
40 205 1
40 240 1
40 248 1
40 280 1
40 281 1
40 283 1
40 288 1
40 289 1
40 291 1
40 324 1
40 331 1
40 345 1
40 370 1
40 378 1
40 422 1
40 444 1
40 457 1
40 493 1
40 531 1
40 558 1
40 574 1
40 627 1
40 639 1
40 670 1
40 702 1
40 746 1
40 854 1
40 893 1
40 943 1
40 959 1
40 977 1
40 1014 1
40 1017 1
40 1027 1
40 1037 1
40 1184 1
40 1187 1
40 1479 1
40 1616 1
40 2074 1
40 2291 1
40 2293 1
40 2405 1
40 2806 1
41 3 1
41 5 1
41 7 1
41 9 1
41 10 1
41 19 1
41 58 1
41 61 1
41 78 1
41 83 1
41 95 1
41 102 1
41 159 1
41 292 1
41 324 1
41 455 1
41 466 1
41 670 1
41 702 1
41 719 1
41 746 1
41 795 1
41 1027 1
41 2376 1
42 3 1
42 17 1
42 19 1
42 21 1
42 22 1
42 25 1
42 40 1
42 41 1
42 47 1
42 58 1
42 61 1
42 78 1
42 82 1
42 84 1
42 87 1
42 88 1
42 97 1
42 103 1
42 119 1
42 133 1
42 174 1
42 179 1
42 187 1
42 205 1
42 236 1
42 250 1
42 291 1
42 338 1
42 405 1
42 442 1
42 450 1
42 473 1
42 532 1
42 538 1
42 601 1
42 699 1
42 750 1
42 852 1
42 890 1
42 893 1
42 959 1
42 991 1
42 1002 1
42 1005 1
42 1012 1
42 1043 1
42 1127 1
42 1299 1
42 1316 1
42 1337 1
42 1754 1
42 1824 1
47 15 1
47 17 1
47 41 1
47 97 1
47 205 1
47 288 1
47 289 1
47 538 1
47 2190 1
48 25 1
48 42 1
48 330 1
54 7 1
54 9 1
54 19 1
54 33 1
54 40 1
54 41 1
54 97 1
54 102 1
54 106 1
54 205 1
54 221 1
54 224 1
54 393 1
56 88 1
56 105 1
57 5 1
57 9 1
57 11 1
57 19 1
57 25 1
57 37 1
57 41 1
57 42 1
57 61 1
57 76 1
57 81 1
57 82 1
57 91 1
57 95 1
57 101 1
57 105 1
57 106 1
57 122 1
57 133 1
57 138 1
57 144 1
57 154 1
57 186 1
57 195 1
57 280 1
57 287 1
57 333 1
57 456 1
57 532 1
57 632 1
57 769 1
57 985 1
57 1014 1
57 1043 1
57 1099 1
57 1106 1
57 1362 1
57 2657 1
57 2970 1
58 3 1
58 10 1
58 17 1
58 19 1
58 33 1
58 41 1
58 57 1
58 82 1
58 122 1
58 154 1
58 205 1
58 280 1
58 283 1
58 288 1
58 473 1
58 1601 1
58 1746 1
60 5 1
60 15 1
60 83 1
60 954 1
61 17 1
61 29 1
61 60 1
61 97 1
61 105 1
61 106 1
61 144 1
61 250 1
61 558 1
61 702 1
61 910 1
64 3 1
64 5 1
64 10 1
64 12 1
64 17 1
64 19 1
64 40 1
64 42 1
64 58 1
64 78 1
64 82 1
64 91 1
64 94 1
64 102 1
64 108 1
64 119 1
64 121 1
64 139 1
64 205 1
64 236 1
64 240 1
64 288 1
64 289 1
64 316 1
64 383 1
64 393 1
64 468 1
64 531 1
64 769 1
64 1100 1
64 1291 1
64 2292 1
67 28 1
67 33 1
67 60 1
67 71 1
67 91 1
67 97 1
67 102 1
67 121 1
67 122 1
67 283 1
67 457 1
67 893 1
67 956 1
67 1601 1
67 1754 1
70 33 1
70 61 1
71 5 1
71 9 1
71 94 1
71 105 1
71 1299 1
73 289 1
73 531 1
73 1017 1
74 4 1
74 5 1
74 7 1
74 9 1
74 15 1
74 17 1
74 456 1
76 42 1
76 148 1
76 441 1
78 3 1
78 7 1
78 9 1
78 10 1
78 12 1
78 17 1
78 25 1
78 41 1
78 42 1
78 82 1
78 88 1
78 102 1
78 108 1
78 122 1
78 186 1
78 250 1
78 330 1
78 370 1
78 378 1
78 948 1
78 1184 1
78 1784 1
78 2317 1
81 5 1
81 19 1
81 22 1
81 40 1
81 42 1
81 82 1
81 88 1
81 95 1
81 102 1
81 280 1
81 283 1
81 489 1
81 1100 1
82 5 1
82 7 1
82 9 1
82 10 1
82 15 1
82 17 1
82 31 1
82 42 1
82 57 1
82 78 1
82 95 1
82 97 1
82 119 1
82 138 1
82 144 1
82 148 1
82 205 1
82 281 1
82 893 1
82 979 1
83 7 1
83 40 1
83 134 1
83 138 1
85 5 1
85 40 1
87 5 1
87 9 1
87 12 1
87 17 1
87 81 1
87 94 1
87 122 1
87 330 1
87 525 1
87 1014 1
88 3 1
88 4 1
88 5 1
88 19 1
88 40 1
88 57 1
88 58 1
88 102 1
88 119 1
88 128 1
88 155 1
88 174 1
88 205 1
88 236 1
88 283 1
88 456 1
88 525 1
88 574 1
88 602 1
88 1300 1
88 1601 1
88 2657 1
90 9 1
90 22 1
90 57 1
91 7 1
94 7 1
94 19 1
94 25 1
94 31 1
94 40 1
94 57 1
94 58 1
94 61 1
94 90 1
94 105 1
94 139 1
94 187 1
94 221 1
94 422 1
94 601 1
94 1027 1
94 2028 1
94 2618 1
95 3 1
95 7 1
95 9 1
95 17 1
95 19 1
95 25 1
95 31 1
95 33 1
95 40 1
95 74 1
95 94 1
95 99 1
95 106 1
95 119 1
95 133 1
95 174 1
95 280 1
95 283 1
95 289 1
95 769 1
95 918 1
95 1300 1
97 3 1
97 5 1
97 19 1
97 42 1
97 57 1
97 78 1
97 281 1
97 456 1
97 994 1
97 1043 1
99 3 1
99 9 1
99 17 1
99 19 1
99 31 1
99 40 1
99 42 1
99 108 1
99 119 1
99 128 1
99 139 1
99 224 1
99 248 1
99 250 1
99 530 1
99 943 1
99 2200 1
99 2917 1
101 4 1
101 5 1
101 10 1
101 17 1
101 28 1
101 31 1
101 33 1
101 78 1
101 97 1
101 119 1
101 138 1
101 139 1
101 179 1
101 216 1
101 383 1
101 893 1
102 5 1
102 7 1
102 20 1
102 22 1
102 40 1
102 57 1
102 74 1
102 78 1
102 94 1
102 95 1
102 144 1
102 148 1
102 250 1
102 281 1
102 283 1
102 852 1
102 910 1
102 1313 1
105 4 1
105 19 1
105 28 1
105 31 1
105 33 1
105 40 1
105 94 1
105 102 1
105 122 1
106 5 1
106 40 1
106 119 1
106 139 1
108 7 1
108 9 1
108 25 1
108 31 1
108 40 1
108 61 1
108 289 1
119 3 1
119 5 1
119 9 1
119 17 1
119 28 1
119 42 1
119 57 1
119 61 1
119 71 1
119 78 1
119 82 1
119 97 1
119 99 1
119 101 1
119 102 1
119 106 1
119 144 1
119 187 1
119 216 1
119 240 1
119 248 1
119 280 1
119 393 1
119 473 1
119 574 1
119 601 1
119 639 1
119 747 1
119 1017 1
119 1261 1
119 1295 1
121 7 1
121 29 1
121 42 1
121 105 1
121 148 1
121 155 1
121 893 1
121 1336 1
121 1526 1
122 5 1
122 10 1
122 15 1
122 16 1
122 19 1
122 78 1
122 81 1
122 119 1
122 144 1
122 316 1
122 370 1
122 627 1
122 893 1
123 40 1
123 893 1
128 7 1
128 12 1
128 17 1
128 20 1
128 42 1
128 95 1
128 119 1
128 910 1
133 5 1
133 7 1
133 9 1
133 17 1
133 33 1
133 119 1
133 154 1
133 205 1
133 289 1
133 455 1
133 489 1
133 632 1
133 1598 1
134 7 1
134 57 1
134 58 1
134 138 1
134 205 1
134 291 1
134 531 1
134 1347 1
134 2915 1
138 7 1
138 12 1
138 19 1
138 40 1
138 61 1
138 78 1
138 187 1
138 991 1
138 1763 1
138 1989 1
139 5 1
139 17 1
139 21 1
139 25 1
139 27 1
139 54 1
139 57 1
139 82 1
139 88 1
139 138 1
139 148 1
139 204 1
139 281 1
139 291 1
139 450 1
139 455 1
139 468 1
139 538 1
139 654 1
139 699 1
139 893 1
139 977 1
139 1490 1
139 1668 1
139 1681 1
144 5 1
144 9 1
144 10 1
144 17 1
144 78 1
144 81 1
144 316 1
144 511 1
144 910 1
147 7 1
147 15 1
147 57 1
147 601 1
148 3 1
148 5 1
148 17 1
148 19 1
148 20 1
148 28 1
148 31 1
148 40 1
148 47 1
148 57 1
148 81 1
148 88 1
148 95 1
148 101 1
148 122 1
148 144 1
148 195 1
148 252 1
148 283 1
148 321 1
148 457 1
148 602 1
148 1018 1
148 1037 1
148 1043 1
148 1106 1
148 2223 1
154 3 1
154 7 1
154 8 1
154 9 1
154 15 1
154 19 1
154 20 1
154 22 1
154 31 1
154 95 1
154 99 1
154 102 1
154 148 1
154 171 1
154 338 1
154 532 1
154 2507 1
155 5 1
155 7 1
155 60 1
155 87 1
155 134 1
155 144 1
155 171 1
155 174 1
155 316 1
155 576 1
171 7 1
171 9 1
171 27 1
171 42 1
171 57 1
171 148 1
171 283 1
171 1004 1
171 1787 1
174 9 1
174 58 1
174 148 1
179 3 1
179 7 1
179 20 1
179 28 1
179 40 1
179 95 1
179 288 1
179 654 1
179 3064 1
186 15 1
186 83 1
186 102 1
186 139 1
186 144 1
186 171 1
186 343 1
186 685 1
186 1754 1
187 3 1
187 20 1
187 457 1
187 538 1
187 1012 1
195 5 1
195 7 1
195 9 1
195 10 1
195 16 1
195 19 1
195 20 1
195 40 1
195 41 1
195 47 1
195 61 1
195 71 1
195 81 1
195 85 1
195 102 1
195 284 1
195 321 1
195 468 1
195 531 1
195 654 1
195 854 1
195 943 1
195 1199 1
204 7 1
204 9 1
204 2484 1
205 7 1
205 9 1
205 11 1
205 17 1
205 31 1
205 42 1
205 87 1
205 95 1
205 119 1
205 133 1
205 139 1
205 281 1
205 292 1
205 422 1
205 910 1
205 943 1
205 953 1
205 2292 1
216 7 1
216 9 1
216 33 1
216 41 1
216 138 1
216 1072 1
220 7 1
220 57 1
220 94 1
220 122 1
220 148 1
220 171 1
220 174 1
220 205 1
220 511 1
220 769 1
221 9 1
221 40 1
221 42 1
221 57 1
221 102 1
221 139 1
221 148 1
221 155 1
221 531 1
221 1181 1
224 3 1
224 7 1
224 9 1
224 15 1
224 20 1
224 31 1
224 42 1
224 47 1
224 57 1
224 60 1
224 97 1
224 119 1
224 138 1
224 148 1
224 195 1
224 205 1
224 504 1
224 538 1
224 679 1
224 722 1
224 829 1
224 893 1
224 1078 1
224 2388 1
232 324 1
236 5 1
236 9 1
236 10 1
236 27 1
236 105 1
236 179 1
236 893 1
240 15 1
240 28 1
240 42 1
240 58 1
240 330 1
248 105 1
248 186 1
250 139 1
252 42 1
252 554 1
258 7 1
258 41 1
258 102 1
258 205 1
259 40 1
259 42 1
259 186 1
259 364 1
259 639 1
259 910 1
280 5 1
280 7 1
280 19 1
280 42 1
280 511 1
280 1554 1
281 7 1
281 25 1
281 40 1
281 57 1
281 78 1
281 148 1
281 287 1
281 406 1
281 531 1
281 893 1
281 943 1
281 954 1
281 1395 1
283 28 1
283 29 1
283 31 1
283 41 1
283 61 1
283 78 1
283 106 1
283 187 1
283 370 1
283 405 1
283 1815 1
284 1100 1
287 25 1
287 41 1
287 1036 1
288 7 1
288 40 1
288 102 1
288 346 1
288 457 1
288 576 1
288 627 1
288 2317 1
288 3133 1
289 9 1
289 40 1
289 57 1
289 60 1
289 133 1
289 252 1
289 1104 1
291 7 1
291 40 1
291 61 1
291 289 1
291 382 1
291 685 1
291 1837 1
292 3 1
292 5 1
292 15 1
292 19 1
292 20 1
292 28 1
292 40 1
292 57 1
292 81 1
292 97 1
292 101 1
292 155 1
292 204 1
292 713 1
292 890 1
292 994 1
292 1073 1
292 1089 1
292 1100 1
292 1961 1
296 42 1
303 5 1
303 9 1
303 17 1
303 29 1
303 106 1
303 370 1
303 893 1
316 3 1
316 9 1
316 17 1
316 40 1
316 42 1
316 57 1
316 78 1
316 102 1
316 119 1
316 148 1
316 574 1
316 632 1
316 713 1
316 1773 1
321 7 1
321 9 1
321 58 1
324 9 1
324 119 1
324 174 1
324 195 1
324 1497 1
331 58 1
331 78 1
331 3175 1
333 3 1
333 12 1
333 95 1
333 119 1
333 134 1
333 532 1
333 1175 1
338 3 1
338 5 1
338 9 1
338 40 1
338 186 1
343 5 1
343 42 1
343 88 1
343 852 1
343 1347 1
345 9 1
345 42 1
345 57 1
346 3 1
346 9 1
346 19 1
346 41 1
346 144 1
346 148 1
361 17 1
361 28 1
361 221 1
361 393 1
364 9 1
364 119 1
364 195 1
364 654 1
364 1199 1
364 1787 1
370 9 1
370 119 1
370 138 1
370 405 1
378 5 1
378 19 1
378 40 1
378 87 1
378 155 1
378 750 1
382 64 1
382 289 1
386 81 1
393 7 1
393 122 1
405 19 1
405 40 1
405 61 1
405 531 1
405 893 1
406 9 1
406 31 1
406 61 1
406 95 1
406 910 1
422 7 1
422 40 1
422 119 1
422 122 1
431 42 1
431 57 1
431 289 1
431 713 1
432 893 1
441 7 1
441 33 1
441 40 1
442 40 1
442 61 1
442 64 1
444 3 1
444 9 1
444 58 1
444 95 1
449 119 1
449 316 1
449 654 1
450 7 1
450 9 1
450 10 1
450 90 1
450 1752 1
455 9 1
455 29 1
455 87 1
455 88 1
455 102 1
455 134 1
456 3 1
456 9 1
456 42 1
456 64 1
456 101 1
456 121 1
456 138 1
457 10 1
457 138 1
466 7 1
466 9 1
466 12 1
466 57 1
466 58 1
466 138 1
466 174 1
466 918 1
468 10 1
468 25 1
468 42 1
468 58 1
468 289 1
468 540 1
468 807 1
468 893 1
473 9 1
473 122 1
473 148 1
473 155 1
473 531 1
473 538 1
473 570 1
473 1032 1
473 1817 1
481 1027 1
488 7 1
488 9 1
488 95 1
488 101 1
488 531 1
489 204 1
489 333 1
493 7 1
493 9 1
493 31 1
493 33 1
493 1206 1
493 2378 1
511 9 1
511 10 1
511 42 1
511 3048 1
525 31 1
525 94 1
525 101 1
530 5 1
530 133 1
531 5 1
531 9 1
531 11 1
531 22 1
531 41 1
531 42 1
531 57 1
531 88 1
531 99 1
531 119 1
531 122 1
531 133 1
531 221 1
531 985 1
531 1104 1
531 1156 1
531 1989 1
531 2713 1
531 3041 1
532 5 1
532 9 1
532 40 1
532 42 1
532 83 1
532 133 1
538 15 1
538 33 1
539 283 1
539 532 1
539 639 1
539 2678 1
540 3 1
540 31 1
540 40 1
540 121 1
540 128 1
540 220 1
540 288 1
540 378 1
540 594 1
540 1337 1
540 1445 1
540 1886 1
540 3077 1
554 5 1
554 40 1
554 138 1
554 511 1
554 985 1
558 28 1
558 58 1
558 88 1
570 5 1
571 144 1
572 4 1
572 9 1
572 20 1
572 33 1
572 40 1
572 42 1
572 61 1
572 94 1
572 144 1
572 554 1
572 696 1
572 893 1
572 1027 1
572 2226 1
572 2507 1
574 5 1
574 7 1
574 15 1
574 19 1
574 33 1
574 345 1
574 985 1
574 1940 1
576 58 1
576 574 1
576 746 1
581 57 1
582 5 1
582 9 1
592 15 1
593 58 1
594 602 1
601 20 1
601 42 1
601 82 1
601 97 1
601 280 1
601 910 1
601 1291 1
602 5 1
602 9 1
602 57 1
602 405 1
627 31 1
627 40 1
627 42 1
627 64 1
627 74 1
627 148 1
627 252 1
632 9 1
632 17 1
632 102 1
632 122 1
639 5 1
639 11 1
639 20 1
639 28 1
639 40 1
639 58 1
639 64 1
639 102 1
640 57 1
640 88 1
654 31 1
654 57 1
654 383 1
654 1106 1
654 2464 1
670 3 1
670 5 1
670 9 1
670 42 1
670 57 1
670 87 1
671 119 1
678 9 1
678 19 1
678 20 1
678 25 1
678 40 1
678 122 1
678 1473 1
679 61 1
679 71 1
696 10 1
699 15 1
699 40 1
699 138 1
699 154 1
702 33 1
702 95 1
713 9 1
713 20 1
713 33 1
713 155 1
719 33 1
719 40 1
722 28 1
722 84 1
722 216 1
746 3 1
746 17 1
746 40 1
746 121 1
746 2683 1
750 9 1
750 97 1
750 99 1
769 42 1
769 91 1
769 171 1
769 531 1
795 3 1
795 7 1
795 9 1
795 17 1
795 42 1
795 195 1
807 33 1
807 58 1
807 71 1
807 289 1
807 333 1
829 9 1
829 250 1
842 289 1
852 9 1
852 15 1
852 42 1
852 88 1
852 101 1
852 187 1
852 205 1
852 639 1
854 2264 1
858 94 1
890 5 1
890 33 1
890 1784 1
893 7 1
893 9 1
893 20 1
893 40 1
906 5 1
906 94 1
910 9 1
910 28 1
910 31 1
910 283 1
910 456 1
910 511 1
910 696 1
910 1027 1
910 1313 1
918 3 1
918 7 1
918 9 1
918 40 1
918 42 1
918 78 1
922 9 1
922 40 1
943 19 1
943 25 1
943 27 1
943 40 1
943 221 1
943 699 1
946 106 1
946 139 1
948 7 1
948 31 1
948 40 1
948 670 1
954 40 1
954 122 1
956 7 1
956 769 1
959 9 1
959 17 1
959 78 1
959 95 1
959 139 1
959 483 1
977 5 1
977 9 1
977 31 1
977 33 1
977 64 1
977 78 1
977 174 1
979 9 1
979 57 1
985 9 1
985 12 1
985 31 1
985 101 1
991 42 1
991 1942 1
994 10 1
994 57 1
1002 17 1
1002 94 1
1004 138 1
1005 7 1
1005 41 1
1005 42 1
1005 121 1
1012 105 1
1012 232 1
1014 5 1
1014 9 1
1014 61 1
1014 422 1
1014 670 1
1014 747 1
1017 3 1
1017 7 1
1017 20 1
1017 82 1
1017 281 1
1017 2729 1
1018 64 1
1027 9 1
1027 31 1
1027 41 1
1027 57 1
1027 287 1
1032 42 1
1032 1005 1
1035 9 1
1035 12 1
1035 94 1
1035 283 1
1035 288 1
1036 9 1
1036 42 1
1036 540 1
1037 29 1
1043 9 1
1043 40 1
1043 82 1
1043 87 1
1043 105 1
1057 57 1
1064 9 1
1064 288 1
1071 1017 1
1072 5 1
1072 138 1
1072 148 1
1073 205 1
1078 9 1
1078 20 1
1078 138 1
1078 148 1
1078 281 1
1078 769 1
1089 119 1
1089 1473 1
1090 5 1
1099 122 1
1100 40 1
1100 108 1
1100 119 1
1100 122 1
1100 281 1
1100 321 1
1100 406 1
1102 7 1
1102 33 1
1102 40 1
1103 5 1
1104 67 1
1104 95 1
1104 102 1
1104 948 1
1106 9 1
1106 42 1
1106 58 1
1106 105 1
1106 713 1
1115 148 1
1127 9 1
1127 40 1
1127 58 1
1156 58 1
1164 19 1
1164 639 1
1175 7 1
1184 9 1
1184 31 1
1184 40 1
1184 42 1
1184 473 1
1193 42 1
1199 9 1
1206 9 1
1206 40 1
1206 639 1
1220 9 1
1220 574 1
1224 483 1
1248 82 1
1255 33 1
1255 40 1
1255 906 1
1256 42 1
1259 15 1
1259 57 1
1259 627 1
1261 33 1
1261 2844 1
1291 283 1
1291 574 1
1295 121 1
1299 133 1
1299 946 1
1316 42 1
1320 3 1
1320 87 1
1336 9 1
1336 57 1
1336 61 1
1336 64 1
1336 538 1
1337 5 1
1337 105 1
1347 7 1
1347 283 1
1347 2193 1
1361 82 1
1362 5 1
1366 7 1
1366 9 1
1366 281 1
1368 121 1
1395 5 1
1395 9 1
1396 9 1
1396 57 1
1400 5 1
1400 1812 1
1428 9 1
1445 9 1
1473 40 1
1473 289 1
1473 893 1
1473 1127 1
1473 1400 1
1479 7 1
1479 88 1
1490 47 1
1490 719 1
1491 119 1
1497 57 1
1501 280 1
1514 148 1
1522 57 1
1522 67 1
1522 572 1
1525 7 1
1525 88 1
1525 101 1
1525 639 1
1526 1261 1
1533 3 1
1554 893 1
1561 3 1
1561 9 1
1597 40 1
1598 102 1
1598 531 1
1598 639 1
1601 17 1
1601 64 1
1601 71 1
1601 639 1
1616 5 1
1668 28 1
1681 9 1
1681 174 1
1731 3 1
1731 17 1
1743 42 1
1746 5 1
1752 283 1
1754 5 1
1754 42 1
1754 57 1
1754 220 1
1754 1937 1
1773 5 1
1773 67 1
1773 538 1
1774 303 1
1781 9 1
1781 19 1
1784 81 1
1787 5 1
1787 82 1
1787 95 1
1787 122 1
1787 345 1
1812 42 1
1812 95 1
1815 3 1
1815 7 1
1815 40 1
1816 3 1
1816 1199 1
1824 5 1
1824 7 1
1824 442 1
1837 122 1
1878 61 1
1886 5 1
1893 7 1
1906 1184 1
1928 87 1
1937 9 1
1937 531 1
1940 122 1
1942 9 1
1961 7 1
1968 186 1
1989 9 1
1989 42 1
2043 40 1
2053 9 1
2067 9 1
2074 3 1
2074 40 1
2074 95 1
2079 19 1
2079 33 1
2141 186 1
2170 321 1
2177 17 1
2177 581 1
2190 94 1
2190 148 1
2193 57 1
2200 19 1
2200 442 1
2209 31 1
2223 57 1
2226 19 1
2226 40 1
2228 42 1
2264 574 1
2291 9 1
2292 9 1
2292 40 1
2292 42 1
2292 57 1
2293 40 1
2293 87 1
2376 40 1
2378 88 1
2388 33 1
2405 9 1
2408 42 1
2413 40 1
2413 746 1
2414 57 1
2464 58 1
2476 82 1
2484 28 1
2507 122 1
2532 102 1
2543 102 1
2575 10 1
2584 281 1
2609 139 1
2609 893 1
2615 7 1
2618 58 1
2645 2816 1
2646 504 1
2652 532 1
2657 5 1
2657 20 1
2678 90 1
2678 139 1
2682 333 1
2683 7 1
2683 57 1
2713 852 1
2727 40 1
2729 9 1
2806 10 1
2816 9 1
2842 42 1
2844 9 1
2878 64 1
2880 9 1
2880 42 1
2895 1014 1
2915 1774 1
2917 5 1
3011 58 1
3041 154 1
3044 954 1
3048 42 1
3058 40 1
3064 42 1
3077 40 1
3092 82 1
3128 250 1
3133 144 1
3146 94 1
3148 128 1
3175 28 1
