3 5 1
3 9 1
3 10 1
3 19 1
3 20 1
3 22 1
3 25 1
3 29 1
3 31 1
3 57 1
3 60 1
3 64 1
3 78 1
3 88 1
3 99 1
3 102 1
3 105 1
3 106 1
3 119 1
3 148 1
3 236 1
3 250 1
3 280 1
3 281 1
3 283 1
3 287 1
3 406 1
3 456 1
3 493 1
3 538 1
3 602 1
3 639 1
3 893 1
3 1002 1
3 1012 1
3 1017 1
3 1036 1
3 1337 1
3 1746 1
3 2376 1
3 2682 1
4 3 1
4 9 1
4 40 1
4 106 1
4 148 1
4 240 1
4 1127 1
5 3 1
5 7 1
5 11 1
5 17 1
5 19 1
5 20 1
5 28 1
5 31 1
5 33 1
5 40 1
5 41 1
5 58 1
5 78 1
5 83 1
5 91 1
5 94 1
5 97 1
5 102 1
5 105 1
5 119 1
5 139 1
5 144 1
5 148 1
5 154 1
5 155 1
5 221 1
5 240 1
5 250 1
5 281 1
5 287 1
5 288 1
5 289 1
5 291 1
5 483 1
5 511 1
5 532 1
5 670 1
5 699 1
5 893 1
5 1004 1
5 1027 1
5 1078 1
5 1193 1
5 1601 1
5 1668 1
5 1743 1
5 1746 1
5 1787 1
5 2190 1
5 2317 1
5 2657 1
7 3 1
7 4 1
7 5 1
7 9 1
7 10 1
7 12 1
7 15 1
7 19 1
7 20 1
7 22 1
7 25 1
7 27 1
7 29 1
7 31 1
7 47 1
7 54 1
7 58 1
7 74 1
7 78 1
7 82 1
7 83 1
7 88 1
7 91 1
7 94 1
7 99 1
7 101 1
7 102 1
7 103 1
7 106 1
7 108 1
7 119 1
7 121 1
7 122 1
7 133 1
7 134 1
7 138 1
7 139 1
7 144 1
7 147 1
7 154 1
7 155 1
7 171 1
7 179 1
7 187 1
7 195 1
7 205 1
7 220 1
7 236 1
7 240 1
7 250 1
7 281 1
7 288 1
7 291 1
7 324 1
7 330 1
7 333 1
7 345 1
7 346 1
7 370 1
7 378 1
7 393 1
7 405 1
7 432 1
7 488 1
7 489 1
7 530 1
7 574 1
7 582 1
7 632 1
7 699 1
7 722 1
7 746 1
7 769 1
7 807 1
7 852 1
7 943 1
7 948 1
7 977 1
7 1014 1
7 1017 1
7 1027 1
7 1043 1
7 1102 1
7 1106 1
7 1366 1
7 1395 1
7 1522 1
7 1526 1
7 1598 1
7 1781 1
7 1784 1
7 1787 1
7 2028 1
7 2074 1
7 2193 1
7 2293 1
7 2408 1
7 2917 1
7 3092 1
8 5 1
9 3 1
9 4 1
9 5 1
9 7 1
9 8 1
9 12 1
9 15 1
9 16 1
9 17 1
9 19 1
9 20 1
9 21 1
9 22 1
9 25 1
9 27 1
9 28 1
9 31 1
9 47 1
9 48 1
9 54 1
9 57 1
9 58 1
9 71 1
9 74 1
9 78 1
9 81 1
9 82 1
9 84 1
9 91 1
9 97 1
9 99 1
9 102 1
9 106 1
9 121 1
9 122 1
9 123 1
9 133 1
9 138 1
9 144 1
9 174 1
9 186 1
9 187 1
9 195 1
9 205 1
9 220 1
9 221 1
9 250 1
9 280 1
9 283 1
9 288 1
9 289 1
9 321 1
9 333 1
9 338 1
9 345 1
9 370 1
9 378 1
9 382 1
9 383 1
9 386 1
9 393 1
9 405 1
9 406 1
9 456 1
9 466 1
9 473 1
9 483 1
9 493 1
9 531 1
9 574 1
9 581 1
9 601 1
9 627 1
9 632 1
9 639 1
9 696 1
9 702 1
9 719 1
9 746 1
9 750 1
9 769 1
9 829 1
9 854 1
9 893 1
9 918 1
9 946 1
9 948 1
9 954 1
9 977 1
9 985 1
9 991 1
9 994 1
9 1027 1
9 1032 1
9 1043 1
9 1064 1
9 1086 1
9 1099 1
9 1127 1
9 1164 1
9 1184 1
9 1313 1
9 1316 1
9 1347 1
9 1368 1
9 1445 1
9 1473 1
9 1490 1
9 1497 1
9 1533 1
9 1731 1
9 1746 1
9 1754 1
9 1763 1
9 1774 1
9 1816 1
9 1837 1
9 2190 1
9 2317 1
9 2645 1
9 2652 1
9 2915 1
9 3077 1
10 3 1
10 5 1
10 9 1
10 28 1
10 40 1
10 76 1
10 94 1
10 122 1
10 128 1
10 148 1
10 205 1
10 252 1
10 364 1
10 531 1
10 654 1
10 1181 1
10 1601 1
11 3 1
11 33 1
11 139 1
11 432 1
12 4 1
12 7 1
12 9 1
12 33 1
12 40 1
12 42 1
12 61 1
12 84 1
12 102 1
12 121 1
12 133 1
12 174 1
12 187 1
12 281 1
12 283 1
12 321 1
12 2292 1
15 25 1
15 28 1
15 57 1
15 61 1
15 88 1
15 90 1
15 95 1
15 102 1
15 289 1
15 382 1
15 954 1
15 1886 1
15 1942 1
16 5 1
16 7 1
16 17 1
16 22 1
16 25 1
16 105 1
16 291 1
16 538 1
16 1754 1
16 2170 1
16 2683 1
17 5 1
17 7 1
17 9 1
17 10 1
17 15 1
17 19 1
17 28 1
17 31 1
17 33 1
17 40 1
17 57 1
17 58 1
17 64 1
17 87 1
17 95 1
17 97 1
17 101 1
17 105 1
17 106 1
17 122 1
17 171 1
17 187 1
17 281 1
17 405 1
17 489 1
17 511 1
17 531 1
17 538 1
17 592 1
17 639 1
17 702 1
17 890 1
17 918 1
17 1014 1
17 1017 1
17 1043 1
17 1078 1
17 1127 1
17 1473 1
19 3 1
19 5 1
19 7 1
19 9 1
19 40 1
19 61 1
19 71 1
19 87 1
19 94 1
19 99 1
19 101 1
19 133 1
19 159 1
19 236 1
19 685 1
20 7 1
20 19 1
20 33 1
20 40 1
20 64 1
20 81 1
20 82 1
20 119 1
20 174 1
20 204 1
20 205 1
20 281 1
20 288 1
20 468 1
20 910 1
20 953 1
20 1752 1
21 7 1
22 7 1
22 57 1
22 60 1
22 289 1
22 852 1
22 2053 1
25 12 1
25 31 1
25 67 1
25 148 1
25 174 1
25 281 1
25 283 1
25 333 1
25 1027 1
25 2246 1
27 5 1
27 33 1
27 40 1
27 42 1
27 139 1
27 574 1
27 1012 1
28 9 1
28 12 1
28 17 1
28 19 1
28 20 1
28 40 1
28 41 1
28 42 1
28 57 1
28 74 1
28 95 1
28 97 1
28 119 1
28 121 1
28 133 1
28 144 1
28 148 1
28 174 1
28 252 1
28 457 1
28 466 1
28 504 1
28 531 1
28 576 1
28 601 1
28 696 1
28 713 1
28 769 1
28 893 1
28 943 1
28 948 1
28 953 1
28 1004 1
28 1017 1
28 1256 1
29 7 1
29 12 1
29 15 1
29 40 1
29 101 1
29 119 1
29 133 1
29 171 1
29 333 1
29 1012 1
31 5 1
31 7 1
31 9 1
31 10 1
31 17 1
31 22 1
31 58 1
31 74 1
31 82 1
31 87 1
31 95 1
31 97 1
31 102 1
31 106 1
31 119 1
31 133 1
31 144 1
31 155 1
31 205 1
31 284 1
31 289 1
31 324 1
31 346 1
31 393 1
31 532 1
31 539 1
31 713 1
31 918 1
31 1501 1
33 3 1
33 5 1
33 7 1
33 10 1
33 31 1
33 40 1
33 57 1
33 58 1
33 61 1
33 78 1
33 87 1
33 105 1
33 121 1
33 148 1
33 283 1
33 289 1
33 457 1
33 538 1
33 574 1
33 601 1
33 943 1
33 959 1
33 994 1
33 1784 1
33 2618 1
36 3 1
36 42 1
36 57 1
36 88 1
36 195 1
36 316 1
36 378 1
36 922 1
37 5 1
37 40 1
37 78 1
37 88 1
37 679 1
40 5 1
40 7 1
40 17 1
40 19 1
40 22 1
40 27 1
40 28 1
40 29 1
40 33 1
40 37 1
40 42 1
40 57 1
40 78 1
40 82 1
40 83 1
40 84 1
40 87 1
40 90 1
40 94 1
40 95 1
40 99 1
40 101 1
40 105 1
40 106 1
40 119 1
40 122 1
40 123 1
40 133 1
40 134 1
40 138 1
40 147 1
40 179 1
40 204 1
40 205 1
40 221 1
40 236 1
40 283 1
40 291 1
40 343 1
40 383 1
40 393 1
40 422 1
40 450 1
40 455 1
40 456 1
40 483 1
40 504 1
40 511 1
40 531 1
40 554 1
40 574 1
40 601 1
40 627 1
40 632 1
40 670 1
40 769 1
40 795 1
40 852 1
40 854 1
40 893 1
40 943 1
40 948 1
40 959 1
40 985 1
40 991 1
40 1002 1
40 1037 1
40 1073 1
40 1199 1
40 1337 1
40 1445 1
40 1824 1
40 1961 1
40 1968 1
40 2484 1
40 2657 1
40 2678 1
40 2713 1
40 2806 1
40 3041 1
41 3 1
41 5 1
41 7 1
41 9 1
41 19 1
41 20 1
41 29 1
41 40 1
41 42 1
41 57 1
41 82 1
41 85 1
41 119 1
41 139 1
41 179 1
41 281 1
41 283 1
41 284 1
41 370 1
41 531 1
41 532 1
41 713 1
41 1817 1
41 2844 1
42 3 1
42 4 1
42 5 1
42 7 1
42 9 1
42 10 1
42 15 1
42 22 1
42 27 1
42 28 1
42 31 1
42 57 1
42 58 1
42 61 1
42 78 1
42 82 1
42 94 1
42 99 1
42 101 1
42 102 1
42 106 1
42 108 1
42 119 1
42 128 1
42 133 1
42 134 1
42 138 1
42 155 1
42 216 1
42 280 1
42 281 1
42 289 1
42 291 1
42 321 1
42 331 1
42 333 1
42 343 1
42 422 1
42 442 1
42 466 1
42 525 1
42 532 1
42 540 1
42 639 1
42 948 1
42 977 1
42 1005 1
42 1014 1
42 1027 1
42 1291 1
42 1347 1
42 2842 1
47 5 1
47 19 1
47 25 1
47 40 1
47 57 1
47 58 1
47 574 1
47 685 1
47 1224 1
48 47 1
48 61 1
48 444 1
54 3 1
54 7 1
54 9 1
54 15 1
54 17 1
54 31 1
54 40 1
54 57 1
54 60 1
54 81 1
54 281 1
54 289 1
54 1445 1
56 5 1
56 1027 1
57 7 1
57 9 1
57 11 1
57 12 1
57 19 1
57 20 1
57 22 1
57 31 1
57 41 1
57 48 1
57 58 1
57 61 1
57 83 1
57 87 1
57 90 1
57 122 1
57 134 1
57 148 1
57 174 1
57 187 1
57 216 1
57 281 1
57 288 1
57 303 1
57 330 1
57 370 1
57 422 1
57 442 1
57 473 1
57 572 1
57 627 1
57 678 1
57 991 1
57 1090 1
57 1104 1
57 1184 1
57 1320 1
57 2464 1
57 3058 1
58 5 1
58 9 1
58 19 1
58 97 1
58 101 1
58 102 1
58 128 1
58 144 1
58 154 1
58 204 1
58 283 1
58 292 1
58 483 1
58 594 1
58 602 1
58 991 1
58 1005 1
60 9 1
60 40 1
60 316 1
60 345 1
61 7 1
61 9 1
61 40 1
61 58 1
61 133 1
61 155 1
61 640 1
61 713 1
61 1336 1
61 1812 1
61 2317 1
64 5 1
64 9 1
64 12 1
64 15 1
64 19 1
64 31 1
64 33 1
64 40 1
64 61 1
64 71 1
64 84 1
64 95 1
64 99 1
64 102 1
64 121 1
64 122 1
64 138 1
64 144 1
64 154 1
64 155 1
64 288 1
64 291 1
64 316 1
64 324 1
64 330 1
64 457 1
64 558 1
64 747 1
64 769 1
64 985 1
64 1313 1
64 1479 1
67 7 1
67 9 1
67 17 1
67 31 1
67 42 1
67 60 1
67 61 1
67 105 1
67 122 1
67 216 1
67 442 1
67 654 1
67 977 1
67 2678 1
67 3133 1
70 9 1
70 42 1
71 5 1
71 17 1
71 42 1
71 57 1
71 148 1
73 9 1
73 102 1
73 1989 1
74 7 1
74 9 1
74 17 1
74 31 1
74 393 1
74 422 1
74 441 1
76 19 1
76 28 1
76 33 1
78 3 1
78 5 1
78 7 1
78 9 1
78 15 1
78 40 1
78 42 1
78 57 1
78 58 1
78 64 1
78 82 1
78 88 1
78 95 1
78 97 1
78 102 1
78 121 1
78 171 1
78 220 1
78 321 1
78 393 1
78 601 1
78 670 1
78 893 1
81 17 1
81 29 1
81 40 1
81 64 1
81 82 1
81 119 1
81 122 1
81 139 1
81 281 1
81 532 1
81 540 1
81 893 1
81 1878 1
82 5 1
82 7 1
82 9 1
82 15 1
82 19 1
82 20 1
82 41 1
82 42 1
82 78 1
82 81 1
82 90 1
82 106 1
82 139 1
82 422 1
82 558 1
82 572 1
82 893 1
82 910 1
82 959 1
82 1043 1
83 7 1
83 9 1
83 87 1
83 119 1
85 40 1
85 57 1
87 10 1
87 16 1
87 41 1
87 42 1
87 78 1
87 88 1
87 250 1
87 455 1
87 670 1
87 2476 1
88 5 1
88 7 1
88 12 1
88 25 1
88 28 1
88 40 1
88 41 1
88 42 1
88 47 1
88 61 1
88 74 1
88 102 1
88 128 1
88 154 1
88 186 1
88 216 1
88 531 1
88 538 1
88 918 1
88 1072 1
88 1248 1
88 1937 1
90 25 1
90 654 1
90 1043 1
91 78 1
94 7 1
94 17 1
94 19 1
94 25 1
94 33 1
94 37 1
94 41 1
94 88 1
94 102 1
94 122 1
94 174 1
94 248 1
94 289 1
94 330 1
94 331 1
94 466 1
94 554 1
94 574 1
95 3 1
95 7 1
95 17 1
95 25 1
95 29 1
95 31 1
95 33 1
95 58 1
95 108 1
95 144 1
95 148 1
95 281 1
95 287 1
95 345 1
95 456 1
95 769 1
95 893 1
95 1078 1
95 1184 1
95 1300 1
95 2228 1
95 2317 1
97 9 1
97 17 1
97 19 1
97 40 1
97 78 1
97 195 1
97 281 1
97 627 1
97 679 1
97 943 1
99 3 1
99 5 1
99 9 1
99 31 1
99 33 1
99 40 1
99 57 1
99 61 1
99 84 1
99 88 1
99 139 1
99 187 1
99 627 1
99 654 1
99 1017 1
99 1106 1
99 1362 1
99 2141 1
101 3 1
101 7 1
101 9 1
101 15 1
101 28 1
101 42 1
101 64 1
101 71 1
101 88 1
101 94 1
101 144 1
101 450 1
101 750 1
101 893 1
101 906 1
101 1773 1
102 3 1
102 7 1
102 15 1
102 28 1
102 31 1
102 57 1
102 82 1
102 119 1
102 138 1
102 221 1
102 248 1
102 405 1
102 468 1
102 702 1
102 1104 1
102 1295 1
102 1299 1
102 2292 1
105 7 1
105 9 1
105 11 1
105 42 1
105 57 1
105 78 1
105 102 1
105 205 1
105 1018 1
106 17 1
106 473 1
106 525 1
106 540 1
108 7 1
108 15 1
108 33 1
108 40 1
108 102 1
108 221 1
108 289 1
119 3 1
119 10 1
119 11 1
119 15 1
119 17 1
119 19 1
119 20 1
119 27 1
119 31 1
119 40 1
119 41 1
119 42 1
119 57 1
119 82 1
119 95 1
119 101 1
119 106 1
119 138 1
119 205 1
119 240 1
119 281 1
119 289 1
119 291 1
119 303 1
119 442 1
119 654 1
119 807 1
119 854 1
119 1598 1
119 2729 1
119 2816 1
121 7 1
121 10 1
121 31 1
121 58 1
121 61 1
121 95 1
121 422 1
121 670 1
121 746 1
122 5 1
122 9 1
122 17 1
122 25 1
122 37 1
122 40 1
122 41 1
122 61 1
122 82 1
122 134 1
122 910 1
122 1014 1
122 2292 1
123 81 1
123 122 1
128 19 1
128 31 1
128 94 1
128 102 1
128 138 1
128 144 1
128 195 1
128 456 1
133 5 1
133 7 1
133 9 1
133 19 1
133 31 1
133 42 1
133 61 1
133 94 1
133 101 1
133 148 1
133 289 1
133 574 1
133 1774 1
134 5 1
134 9 1
134 10 1
134 67 1
134 74 1
134 148 1
134 179 1
134 511 1
134 531 1
138 5 1
138 10 1
138 81 1
138 83 1
138 97 1
138 106 1
138 119 1
138 854 1
138 1027 1
138 1320 1
139 3 1
139 9 1
139 10 1
139 15 1
139 17 1
139 40 1
139 57 1
139 78 1
139 88 1
139 95 1
139 97 1
139 121 1
139 134 1
139 144 1
139 280 1
139 292 1
139 532 1
139 719 1
139 769 1
139 910 1
139 1002 1
139 1601 1
139 1940 1
139 2413 1
139 2543 1
144 42 1
144 60 1
144 84 1
144 87 1
144 155 1
144 224 1
144 1100 1
144 1103 1
144 2264 1
147 40 1
147 82 1
147 405 1
147 532 1
148 9 1
148 17 1
148 20 1
148 28 1
148 42 1
148 78 1
148 81 1
148 87 1
148 99 1
148 102 1
148 119 1
148 121 1
148 139 1
148 179 1
148 205 1
148 252 1
148 280 1
148 331 1
148 422 1
148 457 1
148 473 1
148 747 1
148 985 1
148 1014 1
148 1616 1
148 1989 1
148 2226 1
154 3 1
154 9 1
154 17 1
154 20 1
154 25 1
154 33 1
154 61 1
154 87 1
154 99 1
154 105 1
154 108 1
154 174 1
154 195 1
154 205 1
154 531 1
154 943 1
154 1300 1
155 9 1
155 17 1
155 25 1
155 40 1
155 58 1
155 64 1
155 540 1
155 893 1
155 1014 1
155 1681 1
171 5 1
171 87 1
171 94 1
171 144 1
171 220 1
171 250 1
171 289 1
171 854 1
171 1490 1
174 17 1
174 122 1
174 893 1
179 11 1
179 17 1
179 42 1
179 57 1
179 88 1
179 94 1
179 133 1
179 985 1
179 2291 1
186 5 1
186 19 1
186 20 1
186 31 1
186 58 1
186 97 1
186 122 1
186 444 1
186 456 1
187 22 1
187 33 1
187 139 1
187 639 1
187 1554 1
195 3 1
195 5 1
195 7 1
195 10 1
195 15 1
195 31 1
195 42 1
195 57 1
195 58 1
195 87 1
195 95 1
195 122 1
195 139 1
195 144 1
195 148 1
195 289 1
195 457 1
195 468 1
195 511 1
195 531 1
195 746 1
195 852 1
195 1206 1
204 42 1
204 57 1
204 287 1
205 5 1
205 7 1
205 9 1
205 19 1
205 61 1
205 84 1
205 88 1
205 102 1
205 105 1
205 122 1
205 138 1
205 139 1
205 155 1
205 280 1
205 281 1
205 289 1
205 456 1
205 1366 1
216 5 1
216 9 1
216 42 1
216 82 1
216 144 1
216 893 1
220 7 1
220 10 1
220 25 1
220 40 1
220 57 1
220 119 1
220 174 1
220 280 1
220 289 1
220 1473 1
221 3 1
221 33 1
221 40 1
221 87 1
221 121 1
221 186 1
221 333 1
221 1057 1
221 1078 1
221 3175 1
224 7 1
224 9 1
224 19 1
224 20 1
224 27 1
224 28 1
224 42 1
224 78 1
224 91 1
224 97 1
224 101 1
224 119 1
224 128 1
224 148 1
224 195 1
224 280 1
224 338 1
224 345 1
224 378 1
224 554 1
224 956 1
224 1005 1
224 1299 1
224 2507 1
232 9 1
236 5 1
236 28 1
236 42 1
236 58 1
236 97 1
236 105 1
236 128 1
240 9 1
240 29 1
240 88 1
240 769 1
240 2236 1
248 42 1
248 525 1
250 148 1
252 37 1
252 531 1
258 15 1
258 17 1
258 105 1
258 654 1
259 28 1
259 42 1
259 58 1
259 122 1
259 139 1
259 205 1
280 5 1
280 9 1
280 17 1
280 28 1
280 102 1
280 138 1
281 9 1
281 10 1
281 15 1
281 42 1
281 58 1
281 82 1
281 119 1
281 289 1
281 333 1
281 455 1
281 574 1
281 699 1
281 1106 1
283 7 1
283 28 1
283 61 1
283 139 1
283 405 1
283 601 1
283 654 1
283 1089 1
283 1291 1
283 1396 1
283 2079 1
284 582 1
287 10 1
287 57 1
287 119 1
288 3 1
288 7 1
288 12 1
288 40 1
288 42 1
288 83 1
288 95 1
288 133 1
288 148 1
289 94 1
289 97 1
289 171 1
289 288 1
289 531 1
289 1754 1
289 2378 1
291 3 1
291 9 1
291 25 1
291 42 1
291 57 1
291 220 1
291 1106 1
292 3 1
292 5 1
292 9 1
292 33 1
292 41 1
292 71 1
292 82 1
292 101 1
292 128 1
292 148 1
292 205 1
292 250 1
292 281 1
292 316 1
292 405 1
292 473 1
292 639 1
292 893 1
292 1400 1
292 1893 1
296 82 1
303 3 1
303 5 1
303 17 1
303 20 1
303 29 1
303 40 1
303 71 1
316 9 1
316 40 1
316 82 1
316 88 1
316 187 1
316 221 1
316 248 1
316 280 1
316 287 1
316 456 1
316 1027 1
316 1187 1
316 1261 1
316 2405 1
321 57 1
321 61 1
321 370 1
324 7 1
324 9 1
324 40 1
324 42 1
324 722 1
331 122 1
331 890 1
331 2388 1
333 20 1
333 40 1
333 41 1
333 139 1
333 154 1
333 216 1
333 2200 1
338 40 1
338 54 1
338 148 1
338 378 1
338 1027 1
343 9 1
343 10 1
343 42 1
343 60 1
343 148 1
345 7 1
345 40 1
345 1017 1
346 5 1
346 7 1
346 19 1
346 40 1
346 108 1
346 221 1
361 7 1
361 33 1
361 42 1
361 746 1
364 5 1
364 28 1
364 133 1
364 457 1
364 852 1
364 893 1
370 40 1
370 64 1
370 78 1
370 105 1
378 3 1
378 7 1
378 9 1
378 48 1
378 58 1
378 232 1
382 7 1
382 31 1
386 5 1
393 9 1
393 12 1
405 10 1
405 17 1
405 29 1
405 57 1
405 422 1
406 15 1
406 40 1
406 138 1
406 205 1
406 422 1
422 9 1
422 40 1
422 42 1
422 574 1
431 9 1
431 15 1
431 61 1
431 76 1
432 9 1
441 3 1
441 893 1
441 3048 1
442 78 1
442 174 1
442 639 1
444 9 1
444 42 1
444 82 1
444 154 1
449 133 1
449 321 1
449 333 1
450 17 1
450 20 1
450 42 1
450 128 1
450 531 1
455 7 1
455 9 1
455 28 1
455 31 1
455 42 1
455 283 1
456 40 1
456 57 1
456 87 1
456 133 1
456 138 1
456 195 1
456 1754 1
457 40 1
457 74 1
466 9 1
466 19 1
466 40 1
466 42 1
466 57 1
466 95 1
466 289 1
466 1036 1
468 3 1
468 9 1
468 19 1
468 28 1
468 42 1
468 576 1
468 893 1
468 1259 1
473 12 1
473 31 1
473 40 1
473 42 1
473 144 1
473 287 1
473 893 1
473 1291 1
473 2507 1
481 61 1
488 7 1
488 148 1
488 292 1
488 393 1
488 602 1
489 28 1
489 31 1
493 9 1
493 57 1
493 64 1
493 101 1
493 431 1
493 531 1
511 9 1
511 40 1
511 538 1
511 574 1
525 19 1
525 283 1
525 1184 1
530 27 1
530 769 1
531 7 1
531 9 1
531 15 1
531 17 1
531 28 1
531 42 1
531 47 1
531 57 1
531 58 1
531 97 1
531 105 1
531 133 1
531 138 1
531 174 1
531 330 1
531 383 1
531 393 1
531 1035 1
531 2880 1
532 5 1
532 7 1
532 9 1
532 82 1
532 489 1
532 893 1
538 9 1
538 530 1
539 5 1
539 10 1
539 57 1
539 138 1
540 5 1
540 9 1
540 21 1
540 25 1
540 31 1
540 41 1
540 61 1
540 78 1
540 148 1
540 538 1
540 979 1
540 1100 1
540 1286 1
554 3 1
554 19 1
554 33 1
554 47 1
554 122 1
558 7 1
558 20 1
558 893 1
570 119 1
571 16 1
572 3 1
572 5 1
572 7 1
572 9 1
572 19 1
572 29 1
572 42 1
572 81 1
572 101 1
572 102 1
572 155 1
572 324 1
572 457 1
572 531 1
572 1100 1
574 5 1
574 16 1
574 57 1
574 94 1
574 105 1
574 119 1
574 531 1
574 2970 1
576 9 1
576 17 1
576 139 1
581 40 1
582 5 1
582 33 1
592 3 1
593 33 1
594 456 1
601 3 1
601 17 1
601 40 1
601 57 1
601 74 1
601 81 1
601 406 1
602 7 1
602 33 1
602 61 1
602 119 1
627 5 1
627 17 1
627 81 1
627 99 1
627 102 1
627 138 1
627 2615 1
632 5 1
632 19 1
632 91 1
632 95 1
639 3 1
639 5 1
639 19 1
639 138 1
639 195 1
639 205 1
639 248 1
639 1017 1
640 95 1
640 224 1
654 22 1
654 40 1
654 82 1
654 155 1
654 1100 1
670 5 1
670 9 1
670 20 1
670 28 1
670 42 1
670 3044 1
671 639 1
678 9 1
678 17 1
678 19 1
678 81 1
678 148 1
678 186 1
678 574 1
679 9 1
679 42 1
696 31 1
699 40 1
699 88 1
699 102 1
699 119 1
702 94 1
702 281 1
713 9 1
713 15 1
713 33 1
713 2657 1
719 40 1
719 102 1
722 12 1
722 40 1
722 122 1
746 5 1
746 7 1
746 28 1
746 40 1
746 42 1
750 3 1
750 99 1
750 119 1
769 31 1
769 42 1
769 105 1
769 593 1
795 5 1
795 9 1
795 15 1
795 57 1
795 138 1
795 455 1
807 5 1
807 41 1
807 94 1
807 102 1
807 910 1
829 95 1
829 205 1
842 31 1
852 7 1
852 40 1
852 57 1
852 94 1
852 102 1
852 119 1
852 171 1
852 1313 1
854 174 1
858 5 1
890 4 1
890 15 1
890 570 1
893 3 1
893 9 1
893 40 1
893 42 1
906 9 1
906 57 1
910 9 1
910 56 1
910 67 1
910 78 1
910 364 1
910 511 1
910 538 1
910 539 1
910 2507 1
918 12 1
918 17 1
918 21 1
918 102 1
918 186 1
918 639 1
922 4 1
922 40 1
943 7 1
943 31 1
943 42 1
943 58 1
943 316 1
943 504 1
946 3 1
946 58 1
948 7 1
948 483 1
948 893 1
948 1261 1
954 57 1
954 1491 1
956 627 1
956 1104 1
959 7 1
959 40 1
959 42 1
959 61 1
959 94 1
959 138 1
977 7 1
977 33 1
977 40 1
977 57 1
977 122 1
977 144 1
977 842 1
979 9 1
979 139 1
985 78 1
985 84 1
985 95 1
985 122 1
991 7 1
991 40 1
994 7 1
994 40 1
1002 42 1
1002 61 1
1004 9 1
1005 42 1
1005 81 1
1005 139 1
1005 1815 1
1012 9 1
1012 42 1
1014 9 1
1014 40 1
1014 57 1
1014 574 1
1014 807 1
1014 890 1
1017 9 1
1017 40 1
1017 57 1
1017 94 1
1017 97 1
1017 283 1
1018 81 1
1027 5 1
1027 9 1
1027 40 1
1027 41 1
1027 42 1
1032 5 1
1032 236 1
1035 5 1
1035 9 1
1035 40 1
1035 67 1
1035 283 1
1036 64 1
1036 102 1
1036 473 1
1037 9 1
1043 33 1
1043 42 1
1043 57 1
1043 61 1
1043 205 1
1057 139 1
1064 9 1
1064 42 1
1071 20 1
1072 5 1
1072 9 1
1072 171 1
1073 102 1
1078 5 1
1078 20 1
1078 40 1
1078 42 1
1078 81 1
1078 531 1
1089 42 1
1089 893 1
1090 144 1
1099 41 1
1100 5 1
1100 57 1
1100 58 1
1100 64 1
1100 122 1
1100 283 1
1100 985 1
1102 5 1
1102 20 1
1102 57 1
1103 67 1
1104 40 1
1104 78 1
1104 195 1
1104 893 1
1106 4 1
1106 9 1
1106 28 1
1106 258 1
1106 333 1
1115 5 1
1127 9 1
1127 288 1
1127 1773 1
1156 33 1
1164 5 1
1164 57 1
1175 7 1
1184 9 1
1184 122 1
1184 450 1
1184 954 1
1184 1175 1
1193 593 1
1199 639 1
1206 9 1
1206 205 1
1206 468 1
1220 9 1
1220 20 1
1224 9 1
1248 33 1
1255 20 1
1255 57 1
1255 532 1
1256 57 1
1259 42 1
1259 57 1
1259 95 1
1261 31 1
1261 41 1
1291 122 1
1291 750 1
1295 42 1
1299 5 1
1299 19 1
1316 9 1
1320 9 1
1320 333 1
1336 119 1
1336 174 1
1336 179 1
1336 602 1
1336 1156 1
1337 9 1
1337 64 1
1347 3 1
1347 41 1
1347 133 1
1361 40 1
1362 7 1
1366 7 1
1366 17 1
1366 19 1
1368 7 1
1395 42 1
1395 195 1
1396 61 1
1396 906 1
1400 5 1
1400 283 1
1428 531 1
1445 2657 1
1473 33 1
1473 58 1
1473 95 1
1473 97 1
1473 1774 1
1479 7 1
1479 42 1
1490 3 1
1490 95 1
1491 3 1
1497 64 1
1501 42 1
1514 57 1
1522 40 1
1522 283 1
1522 1206 1
1525 9 1
1525 19 1
1525 88 1
1525 456 1
1526 16 1
1533 9 1
1554 910 1
1561 97 1
1561 457 1
1597 40 1
1598 9 1
1598 40 1
1598 632 1
1601 95 1
1601 119 1
1601 280 1
1601 283 1
1616 47 1
1668 538 1
1681 57 1
1681 119 1
1731 25 1
1731 64 1
1743 57 1
1746 40 1
1752 1199 1
1754 9 1
1754 19 1
1754 42 1
1754 122 1
1754 250 1
1773 9 1
1773 88 1
1773 1754 1
1774 87 1
1781 7 1
1781 101 1
1784 205 1
1787 9 1
1787 42 1
1787 58 1
1787 119 1
1787 174 1
1812 101 1
1812 102 1
1815 9 1
1815 25 1
1815 205 1
1816 20 1
1816 148 1
1824 5 1
1824 9 1
1824 121 1
1837 893 1
1878 1127 1
1886 95 1
1893 17 1
1906 7 1
1928 138 1
1937 7 1
1937 9 1
1940 5 1
1942 19 1
1961 33 1
1968 1199 1
1989 9 1
1989 58 1
2043 910 1
2053 19 1
2067 102 1
2074 5 1
2074 7 1
2074 105 1
2079 7 1
2079 42 1
2141 40 1
2170 134 1
2177 7 1
2177 174 1
2190 7 1
2190 601 1
2193 31 1
2200 94 1
2200 1525 1
2209 9 1
2223 27 1
2226 102 1
2226 155 1
2228 893 1
2264 88 1
2291 5 1
2292 7 1
2292 9 1
2292 61 1
2292 95 1
2293 7 1
2293 9 1
2376 58 1
2378 12 1
2388 2223 1
2405 186 1
2408 17 1
2413 221 1
2413 3064 1
2414 94 1
2464 9 1
2476 58 1
2484 979 1
2507 121 1
2532 42 1
2543 33 1
2575 9 1
2584 57 1
2609 57 1
2609 148 1
2615 40 1
2618 292 1
2645 1014 1
2646 910 1
2652 119 1
2657 186 1
2657 195 1
2678 19 1
2678 94 1
2682 40 1
2683 9 1
2683 1989 1
2713 457 1
2727 9 1
2729 532 1
2806 61 1
2816 525 1
2842 133 1
2844 42 1
2878 9 1
2880 58 1
2880 538 1
2895 122 1
2915 31 1
2917 910 1
3011 9 1
3041 281 1
3044 40 1
3048 1037 1
3058 9 1
3064 97 1
3077 47 1
3092 33 1
3128 9 1
3133 893 1
3146 19 1
3148 64 1
3175 9 1
