3 5 1
3 9 1
3 10 1
3 20 1
3 22 1
3 37 1
3 40 1
3 42 1
3 58 1
3 61 1
3 88 1
3 94 1
3 95 1
3 101 1
3 102 1
3 121 1
3 122 1
3 133 1
3 138 1
3 147 1
3 174 1
3 179 1
3 281 1
3 289 1
3 330 1
3 364 1
3 393 1
3 405 1
3 456 1
3 483 1
3 538 1
3 554 1
3 572 1
3 581 1
3 722 1
3 854 1
3 893 1
3 1027 1
3 1526 1
3 1893 1
3 2507 1
4 5 1
4 9 1
4 15 1
4 40 1
4 90 1
4 174 1
4 893 1
5 3 1
5 7 1
5 9 1
5 17 1
5 19 1
5 20 1
5 40 1
5 41 1
5 57 1
5 58 1
5 60 1
5 61 1
5 74 1
5 78 1
5 88 1
5 90 1
5 95 1
5 97 1
5 105 1
5 106 1
5 119 1
5 121 1
5 133 1
5 138 1
5 144 1
5 155 1
5 240 1
5 250 1
5 291 1
5 333 1
5 378 1
5 393 1
5 422 1
5 456 1
5 473 1
5 483 1
5 493 1
5 574 1
5 852 1
5 854 1
5 1002 1
5 1017 1
5 1089 1
5 1259 1
5 1362 1
5 1763 1
5 1817 1
5 1968 1
5 2464 1
5 2484 1
5 2507 1
7 3 1
7 5 1
7 8 1
7 10 1
7 12 1
7 20 1
7 29 1
7 31 1
7 41 1
7 42 1
7 48 1
7 54 1
7 57 1
7 58 1
7 60 1
7 61 1
7 71 1
7 74 1
7 76 1
7 78 1
7 81 1
7 82 1
7 83 1
7 84 1
7 87 1
7 94 1
7 95 1
7 97 1
7 99 1
7 101 1
7 102 1
7 108 1
7 122 1
7 128 1
7 133 1
7 134 1
7 138 1
7 144 1
7 147 1
7 155 1
7 171 1
7 205 1
7 216 1
7 220 1
7 240 1
7 248 1
7 252 1
7 280 1
7 281 1
7 288 1
7 289 1
7 291 1
7 330 1
7 338 1
7 345 1
7 346 1
7 370 1
7 378 1
7 383 1
7 431 1
7 457 1
7 489 1
7 511 1
7 531 1
7 538 1
7 574 1
7 593 1
7 639 1
7 670 1
7 685 1
7 713 1
7 746 1
7 807 1
7 893 1
7 910 1
7 918 1
7 943 1
7 977 1
7 985 1
7 1005 1
7 1012 1
7 1017 1
7 1043 1
7 1064 1
7 1072 1
7 1078 1
7 1090 1
7 1106 1
7 1199 1
7 1316 1
7 1320 1
7 1497 1
7 1781 1
7 1937 1
7 2074 1
7 2170 1
7 2246 1
7 2317 1
7 2413 1
8 139 1
9 3 1
9 4 1
9 17 1
9 19 1
9 22 1
9 25 1
9 28 1
9 31 1
9 33 1
9 40 1
9 41 1
9 42 1
9 54 1
9 57 1
9 61 1
9 71 1
9 74 1
9 76 1
9 78 1
9 81 1
9 82 1
9 87 1
9 88 1
9 94 1
9 95 1
9 99 1
9 101 1
9 102 1
9 108 1
9 119 1
9 121 1
9 122 1
9 123 1
9 128 1
9 144 1
9 148 1
9 154 1
9 155 1
9 171 1
9 174 1
9 186 1
9 187 1
9 205 1
9 216 1
9 236 1
9 248 1
9 250 1
9 280 1
9 287 1
9 288 1
9 291 1
9 330 1
9 331 1
9 333 1
9 343 1
9 383 1
9 393 1
9 405 1
9 422 1
9 442 1
9 456 1
9 457 1
9 466 1
9 483 1
9 488 1
9 511 1
9 530 1
9 531 1
9 532 1
9 539 1
9 574 1
9 602 1
9 632 1
9 639 1
9 654 1
9 699 1
9 719 1
9 722 1
9 769 1
9 807 1
9 829 1
9 842 1
9 852 1
9 854 1
9 893 1
9 906 1
9 943 1
9 959 1
9 979 1
9 985 1
9 991 1
9 994 1
9 1012 1
9 1014 1
9 1027 1
9 1078 1
9 1127 1
9 1187 1
9 1199 1
9 1224 1
9 1261 1
9 1291 1
9 1299 1
9 1313 1
9 1366 1
9 1533 1
9 1554 1
9 1601 1
9 1668 1
9 1754 1
9 1774 1
9 1815 1
9 1989 1
9 2190 1
9 2228 1
9 2293 1
9 2645 1
9 2657 1
9 2678 1
9 2842 1
9 2880 1
9 2970 1
9 3058 1
10 3 1
10 9 1
10 11 1
10 17 1
10 25 1
10 31 1
10 78 1
10 84 1
10 95 1
10 134 1
10 148 1
10 220 1
10 483 1
10 489 1
10 538 1
10 1027 1
10 2618 1
11 9 1
11 27 1
11 148 1
11 205 1
12 9 1
12 22 1
12 33 1
12 40 1
12 99 1
12 159 1
12 236 1
12 432 1
12 627 1
12 639 1
12 750 1
12 769 1
12 977 1
12 1017 1
12 1473 1
12 1754 1
12 2053 1
15 10 1
15 84 1
15 119 1
15 121 1
15 122 1
15 144 1
15 155 1
15 280 1
15 316 1
15 378 1
15 893 1
15 1598 1
15 3175 1
16 3 1
16 9 1
16 19 1
16 33 1
16 102 1
16 122 1
16 144 1
16 195 1
16 386 1
16 639 1
16 1942 1
17 3 1
17 5 1
17 7 1
17 9 1
17 15 1
17 19 1
17 20 1
17 28 1
17 29 1
17 31 1
17 40 1
17 41 1
17 42 1
17 61 1
17 64 1
17 78 1
17 81 1
17 91 1
17 94 1
17 105 1
17 139 1
17 144 1
17 171 1
17 205 1
17 250 1
17 280 1
17 289 1
17 333 1
17 405 1
17 441 1
17 442 1
17 601 1
17 654 1
17 893 1
17 1027 1
17 1400 1
17 1598 1
17 1752 1
17 2388 1
19 9 1
19 10 1
19 17 1
19 31 1
19 40 1
19 78 1
19 81 1
19 82 1
19 122 1
19 154 1
19 195 1
19 205 1
19 639 1
19 670 1
19 890 1
20 3 1
20 7 1
20 9 1
20 17 1
20 31 1
20 42 1
20 74 1
20 78 1
20 97 1
20 105 1
20 133 1
20 138 1
20 154 1
20 250 1
20 531 1
20 893 1
20 2806 1
21 138 1
22 3 1
22 41 1
22 47 1
22 57 1
22 82 1
22 105 1
25 3 1
25 19 1
25 81 1
25 95 1
25 122 1
25 134 1
25 252 1
25 531 1
25 1027 1
25 1300 1
27 7 1
27 9 1
27 28 1
27 40 1
27 42 1
27 119 1
27 1754 1
28 3 1
28 5 1
28 9 1
28 17 1
28 29 1
28 40 1
28 58 1
28 61 1
28 67 1
28 71 1
28 82 1
28 85 1
28 95 1
28 97 1
28 101 1
28 119 1
28 122 1
28 133 1
28 186 1
28 221 1
28 248 1
28 283 1
28 288 1
28 291 1
28 321 1
28 370 1
28 382 1
28 406 1
28 444 1
28 532 1
28 570 1
28 574 1
28 654 1
28 1012 1
28 1017 1
29 5 1
29 7 1
29 9 1
29 31 1
29 94 1
29 119 1
29 187 1
29 288 1
29 370 1
29 532 1
31 7 1
31 9 1
31 12 1
31 15 1
31 17 1
31 19 1
31 29 1
31 40 1
31 61 1
31 78 1
31 91 1
31 94 1
31 95 1
31 101 1
31 102 1
31 119 1
31 122 1
31 138 1
31 174 1
31 205 1
31 281 1
31 333 1
31 444 1
31 468 1
31 473 1
31 504 1
31 530 1
31 532 1
31 1479 1
33 3 1
33 7 1
33 9 1
33 17 1
33 25 1
33 40 1
33 78 1
33 81 1
33 91 1
33 105 1
33 119 1
33 122 1
33 138 1
33 139 1
33 174 1
33 450 1
33 538 1
33 554 1
33 750 1
33 985 1
33 1104 1
33 1501 1
33 1601 1
33 1940 1
33 2405 1
36 17 1
36 19 1
36 25 1
36 40 1
36 57 1
36 102 1
36 139 1
36 148 1
37 3 1
37 9 1
37 102 1
37 303 1
37 450 1
40 3 1
40 5 1
40 9 1
40 10 1
40 12 1
40 17 1
40 19 1
40 20 1
40 27 1
40 28 1
40 31 1
40 37 1
40 57 1
40 58 1
40 61 1
40 71 1
40 74 1
40 87 1
40 97 1
40 101 1
40 102 1
40 121 1
40 128 1
40 133 1
40 134 1
40 138 1
40 139 1
40 148 1
40 155 1
40 171 1
40 174 1
40 195 1
40 221 1
40 281 1
40 283 1
40 303 1
40 324 1
40 370 1
40 393 1
40 406 1
40 422 1
40 457 1
40 466 1
40 525 1
40 531 1
40 532 1
40 538 1
40 539 1
40 558 1
40 574 1
40 582 1
40 602 1
40 654 1
40 702 1
40 713 1
40 746 1
40 893 1
40 906 1
40 922 1
40 948 1
40 977 1
40 985 1
40 1014 1
40 1037 1
40 1086 1
40 1103 1
40 1127 1
40 1156 1
40 1184 1
40 1256 1
40 1366 1
40 1368 1
40 1396 1
40 1445 1
40 1616 1
40 1743 1
40 2079 1
40 2317 1
40 2476 1
40 2729 1
41 5 1
41 15 1
41 17 1
41 22 1
41 42 1
41 57 1
41 64 1
41 78 1
41 106 1
41 119 1
41 122 1
41 134 1
41 139 1
41 179 1
41 291 1
41 422 1
41 531 1
41 540 1
41 554 1
41 601 1
41 627 1
41 685 1
41 893 1
41 1035 1
42 5 1
42 10 1
42 11 1
42 15 1
42 16 1
42 17 1
42 19 1
42 21 1
42 25 1
42 27 1
42 28 1
42 29 1
42 31 1
42 40 1
42 58 1
42 61 1
42 78 1
42 82 1
42 94 1
42 95 1
42 97 1
42 99 1
42 106 1
42 119 1
42 186 1
42 205 1
42 221 1
42 236 1
42 250 1
42 258 1
42 281 1
42 289 1
42 383 1
42 405 1
42 493 1
42 531 1
42 601 1
42 627 1
42 678 1
42 769 1
42 807 1
42 893 1
42 918 1
42 1032 1
42 1102 1
42 1106 1
42 1184 1
42 1490 1
42 1746 1
42 1816 1
42 2264 1
42 3077 1
47 3 1
47 4 1
47 5 1
47 9 1
47 20 1
47 41 1
47 57 1
47 82 1
47 525 1
48 41 1
48 71 1
48 2226 1
54 3 1
54 5 1
54 9 1
54 17 1
54 42 1
54 88 1
54 101 1
54 102 1
54 121 1
54 139 1
54 204 1
54 450 1
54 538 1
56 9 1
56 331 1
57 5 1
57 9 1
57 15 1
57 20 1
57 27 1
57 28 1
57 33 1
57 37 1
57 61 1
57 78 1
57 82 1
57 106 1
57 108 1
57 119 1
57 121 1
57 133 1
57 174 1
57 205 1
57 216 1
57 281 1
57 287 1
57 324 1
57 422 1
57 457 1
57 468 1
57 511 1
57 540 1
57 576 1
57 601 1
57 746 1
57 1014 1
57 1017 1
57 1127 1
57 1181 1
57 1206 1
57 1601 1
57 1773 1
57 2200 1
57 2615 1
58 7 1
58 9 1
58 10 1
58 12 1
58 17 1
58 27 1
58 28 1
58 33 1
58 97 1
58 148 1
58 155 1
58 236 1
58 280 1
58 330 1
58 455 1
58 696 1
58 1731 1
60 17 1
60 58 1
60 95 1
60 3044 1
61 10 1
61 25 1
61 40 1
61 84 1
61 105 1
61 205 1
61 532 1
61 702 1
61 746 1
61 1320 1
61 2657 1
64 3 1
64 7 1
64 9 1
64 10 1
64 12 1
64 19 1
64 20 1
64 33 1
64 40 1
64 42 1
64 47 1
64 57 1
64 58 1
64 82 1
64 84 1
64 87 1
64 102 1
64 119 1
64 138 1
64 174 1
64 250 1
64 345 1
64 432 1
64 702 1
64 747 1
64 852 1
64 893 1
64 948 1
64 1014 1
64 1445 1
64 2028 1
64 2317 1
67 5 1
67 9 1
67 11 1
67 12 1
67 19 1
67 101 1
67 102 1
67 187 1
67 283 1
67 287 1
67 289 1
67 473 1
67 532 1
67 538 1
67 1746 1
70 9 1
70 602 1
71 31 1
71 58 1
71 119 1
71 1193 1
71 1746 1
73 5 1
73 893 1
73 956 1
74 7 1
74 9 1
74 40 1
74 58 1
74 95 1
74 316 1
74 2507 1
76 58 1
76 105 1
76 910 1
78 3 1
78 5 1
78 7 1
78 9 1
78 15 1
78 17 1
78 19 1
78 41 1
78 42 1
78 48 1
78 61 1
78 74 1
78 94 1
78 101 1
78 139 1
78 187 1
78 204 1
78 220 1
78 250 1
78 280 1
78 504 1
78 670 1
78 1106 1
81 3 1
81 17 1
81 40 1
81 42 1
81 121 1
81 205 1
81 232 1
81 324 1
81 769 1
81 1002 1
81 1347 1
81 1522 1
81 1787 1
82 5 1
82 7 1
82 9 1
82 17 1
82 19 1
82 20 1
82 40 1
82 42 1
82 61 1
82 64 1
82 83 1
82 97 1
82 99 1
82 102 1
82 393 1
82 455 1
82 473 1
82 679 1
82 696 1
82 1313 1
83 5 1
83 7 1
83 9 1
83 40 1
85 525 1
85 910 1
87 19 1
87 88 1
87 99 1
87 138 1
87 289 1
87 943 1
87 991 1
87 1037 1
87 2193 1
87 2816 1
88 7 1
88 9 1
88 15 1
88 25 1
88 28 1
88 31 1
88 40 1
88 47 1
88 71 1
88 94 1
88 102 1
88 128 1
88 133 1
88 171 1
88 281 1
88 288 1
88 531 1
88 582 1
88 670 1
88 910 1
88 959 1
88 1106 1
90 9 1
90 10 1
90 17 1
91 40 1
94 7 1
94 9 1
94 19 1
94 40 1
94 41 1
94 42 1
94 78 1
94 133 1
94 186 1
94 205 1
94 288 1
94 289 1
94 511 1
94 632 1
94 918 1
94 1036 1
94 2292 1
94 2713 1
95 7 1
95 12 1
95 20 1
95 27 1
95 31 1
95 33 1
95 40 1
95 57 1
95 58 1
95 99 1
95 102 1
95 122 1
95 187 1
95 280 1
95 281 1
95 284 1
95 345 1
95 893 1
95 1100 1
95 1961 1
95 2408 1
95 3048 1
97 7 1
97 12 1
97 40 1
97 42 1
97 57 1
97 81 1
97 102 1
97 224 1
97 654 1
97 893 1
99 3 1
99 5 1
99 9 1
99 12 1
99 15 1
99 20 1
99 41 1
99 57 1
99 61 1
99 82 1
99 105 1
99 122 1
99 148 1
99 281 1
99 324 1
99 1043 1
99 1057 1
99 1878 1
101 7 1
101 19 1
101 25 1
101 42 1
101 58 1
101 61 1
101 64 1
101 87 1
101 97 1
101 119 1
101 133 1
101 148 1
101 174 1
101 280 1
101 1005 1
101 1490 1
102 7 1
102 15 1
102 17 1
102 19 1
102 20 1
102 25 1
102 28 1
102 31 1
102 47 1
102 54 1
102 82 1
102 84 1
102 105 1
102 121 1
102 122 1
102 321 1
102 457 1
102 747 1
105 9 1
105 15 1
105 78 1
105 122 1
105 138 1
105 144 1
105 289 1
105 456 1
105 852 1
106 40 1
106 42 1
106 216 1
106 1291 1
108 3 1
108 7 1
108 28 1
108 83 1
108 122 1
108 769 1
108 1078 1
119 7 1
119 9 1
119 15 1
119 16 1
119 17 1
119 19 1
119 20 1
119 28 1
119 31 1
119 33 1
119 42 1
119 81 1
119 99 1
119 102 1
119 106 1
119 139 1
119 144 1
119 174 1
119 224 1
119 283 1
119 289 1
119 343 1
119 525 1
119 531 1
119 594 1
119 639 1
119 893 1
119 991 1
119 1014 1
119 1027 1
119 1299 1
121 5 1
121 7 1
121 10 1
121 22 1
121 29 1
121 31 1
121 466 1
121 473 1
121 2657 1
122 9 1
122 17 1
122 42 1
122 57 1
122 105 1
122 119 1
122 133 1
122 283 1
122 291 1
122 422 1
122 769 1
122 948 1
122 2917 1
123 42 1
123 289 1
128 5 1
128 42 1
128 57 1
128 81 1
128 155 1
128 220 1
128 289 1
128 2292 1
133 3 1
133 5 1
133 7 1
133 28 1
133 58 1
133 78 1
133 101 1
133 122 1
133 148 1
133 195 1
133 287 1
133 1784 1
133 1812 1
134 5 1
134 9 1
134 28 1
134 42 1
134 57 1
134 58 1
134 84 1
134 95 1
134 1127 1
138 9 1
138 10 1
138 40 1
138 57 1
138 58 1
138 216 1
138 250 1
138 531 1
138 910 1
138 2190 1
139 3 1
139 9 1
139 10 1
139 22 1
139 42 1
139 64 1
139 82 1
139 83 1
139 87 1
139 88 1
139 102 1
139 121 1
139 281 1
139 283 1
139 287 1
139 333 1
139 627 1
139 854 1
139 893 1
139 1100 1
139 1337 1
139 1774 1
139 2223 1
139 2292 1
139 2378 1
144 20 1
144 40 1
144 42 1
144 288 1
144 455 1
144 457 1
144 468 1
144 1295 1
144 2141 1
147 5 1
147 7 1
147 33 1
147 138 1
148 4 1
148 5 1
148 7 1
148 25 1
148 28 1
148 31 1
148 33 1
148 41 1
148 57 1
148 88 1
148 95 1
148 106 1
148 121 1
148 122 1
148 134 1
148 281 1
148 289 1
148 316 1
148 364 1
148 378 1
148 456 1
148 538 1
148 540 1
148 670 1
148 854 1
148 953 1
148 1043 1
154 15 1
154 40 1
154 41 1
154 61 1
154 78 1
154 95 1
154 119 1
154 138 1
154 148 1
154 284 1
154 321 1
154 540 1
154 918 1
154 991 1
154 1206 1
154 1774 1
154 1989 1
155 42 1
155 87 1
155 108 1
155 119 1
155 154 1
155 205 1
155 333 1
155 574 1
155 769 1
155 1473 1
171 29 1
171 40 1
171 57 1
171 64 1
171 148 1
171 393 1
171 473 1
171 639 1
171 1773 1
174 20 1
174 88 1
174 95 1
179 7 1
179 17 1
179 42 1
179 106 1
179 133 1
179 139 1
179 195 1
179 910 1
179 1078 1
186 5 1
186 40 1
186 57 1
186 82 1
186 88 1
186 287 1
186 289 1
186 382 1
186 538 1
187 3 1
187 82 1
187 94 1
187 221 1
187 289 1
195 4 1
195 19 1
195 20 1
195 31 1
195 42 1
195 94 1
195 95 1
195 97 1
195 102 1
195 103 1
195 106 1
195 119 1
195 148 1
195 186 1
195 280 1
195 283 1
195 289 1
195 346 1
195 393 1
195 456 1
195 593 1
195 1104 1
195 2683 1
204 40 1
204 67 1
204 97 1
205 5 1
205 7 1
205 15 1
205 40 1
205 42 1
205 47 1
205 58 1
205 87 1
205 148 1
205 155 1
205 281 1
205 456 1
205 601 1
205 1004 1
205 1043 1
205 1347 1
205 1445 1
205 3092 1
216 5 1
216 7 1
216 16 1
216 88 1
216 281 1
216 1525 1
220 7 1
220 9 1
220 12 1
220 16 1
220 57 1
220 82 1
220 83 1
220 87 1
220 139 1
220 154 1
221 33 1
221 40 1
221 47 1
221 88 1
221 144 1
221 195 1
221 283 1
221 654 1
221 893 1
221 1073 1
224 9 1
224 19 1
224 20 1
224 31 1
224 42 1
224 57 1
224 61 1
224 81 1
224 82 1
224 102 1
224 154 1
224 187 1
224 370 1
224 405 1
224 456 1
224 466 1
224 632 1
224 946 1
224 1017 1
224 1164 1
224 1184 1
224 2317 1
224 2376 1
224 2657 1
232 15 1
236 5 1
236 47 1
236 57 1
236 61 1
236 139 1
236 195 1
236 943 1
240 33 1
240 40 1
240 94 1
240 442 1
240 1681 1
248 94 1
248 979 1
250 40 1
252 9 1
252 1784 1
258 5 1
258 99 1
258 102 1
258 442 1
259 5 1
259 22 1
259 31 1
259 40 1
259 78 1
259 331 1
280 7 1
280 94 1
280 122 1
280 138 1
280 316 1
280 531 1
281 5 1
281 9 1
281 10 1
281 17 1
281 97 1
281 99 1
281 105 1
281 119 1
281 148 1
281 155 1
281 195 1
281 532 1
281 574 1
283 9 1
283 17 1
283 57 1
283 58 1
283 87 1
283 138 1
283 148 1
283 292 1
283 954 1
283 1005 1
283 1027 1
284 9 1
287 7 1
287 28 1
287 40 1
288 5 1
288 7 1
288 42 1
288 57 1
288 64 1
288 154 1
288 283 1
288 531 1
288 1104 1
289 3 1
289 41 1
289 42 1
289 576 1
289 893 1
289 1175 1
289 1886 1
291 7 1
291 42 1
291 57 1
291 64 1
291 128 1
291 280 1
291 1099 1
292 5 1
292 7 1
292 9 1
292 19 1
292 57 1
292 58 1
292 64 1
292 78 1
292 97 1
292 148 1
292 171 1
292 240 1
292 252 1
292 574 1
292 910 1
292 1002 1
292 1014 1
292 1754 1
292 3041 1
292 3133 1
296 25 1
303 7 1
303 28 1
303 56 1
303 58 1
303 61 1
303 119 1
303 148 1
316 4 1
316 12 1
316 22 1
316 25 1
316 42 1
316 60 1
316 94 1
316 119 1
316 195 1
316 283 1
316 405 1
316 531 1
316 795 1
316 985 1
321 9 1
321 40 1
321 82 1
324 3 1
324 7 1
324 40 1
324 174 1
324 994 1
331 58 1
331 106 1
331 179 1
333 7 1
333 11 1
333 28 1
333 42 1
333 122 1
333 221 1
333 574 1
338 42 1
338 57 1
338 67 1
338 139 1
338 1261 1
343 3 1
343 20 1
343 40 1
343 88 1
343 119 1
345 7 1
345 9 1
345 640 1
346 5 1
346 7 1
346 87 1
346 138 1
346 769 1
346 2652 1
361 9 1
361 33 1
361 174 1
361 2236 1
364 9 1
364 40 1
364 57 1
364 240 1
364 572 1
364 1027 1
370 19 1
370 67 1
370 122 1
370 205 1
378 5 1
378 7 1
378 31 1
378 57 1
378 289 1
378 699 1
382 57 1
382 602 1
386 20 1
393 5 1
393 345 1
405 42 1
405 57 1
405 97 1
405 281 1
405 893 1
406 9 1
406 33 1
406 123 1
406 128 1
406 134 1
422 9 1
422 10 1
422 40 1
422 333 1
431 58 1
431 95 1
431 174 1
431 943 1
432 122 1
441 5 1
441 7 1
441 29 1
442 5 1
442 19 1
442 128 1
444 9 1
444 406 1
444 852 1
444 890 1
449 5 1
449 31 1
449 948 1
450 5 1
450 7 1
450 9 1
450 60 1
450 139 1
455 57 1
455 94 1
455 102 1
455 133 1
455 186 1
455 746 1
456 5 1
456 7 1
456 31 1
456 40 1
456 64 1
456 531 1
456 890 1
457 316 1
457 953 1
466 3 1
466 9 1
466 19 1
466 31 1
466 40 1
466 42 1
466 97 1
466 119 1
468 3 1
468 22 1
468 40 1
468 64 1
468 139 1
468 179 1
468 248 1
468 289 1
473 7 1
473 10 1
473 33 1
473 40 1
473 128 1
473 574 1
473 713 1
473 1027 1
473 1313 1
481 7 1
488 9 1
488 40 1
488 102 1
488 144 1
488 321 1
489 9 1
489 57 1
493 33 1
493 40 1
493 42 1
493 205 1
493 338 1
493 574 1
511 7 1
511 33 1
511 42 1
511 504 1
525 7 1
525 33 1
525 105 1
530 7 1
530 20 1
531 3 1
531 5 1
531 7 1
531 9 1
531 15 1
531 40 1
531 61 1
531 64 1
531 81 1
531 83 1
531 97 1
531 144 1
531 283 1
531 333 1
531 405 1
531 574 1
531 639 1
531 948 1
531 2291 1
532 3 1
532 7 1
532 9 1
532 25 1
532 42 1
532 1337 1
538 9 1
538 95 1
539 5 1
539 19 1
539 42 1
539 57 1
540 17 1
540 19 1
540 31 1
540 33 1
540 58 1
540 61 1
540 95 1
540 179 1
540 292 1
540 531 1
540 985 1
540 1824 1
540 2915 1
554 9 1
554 58 1
554 88 1
554 281 1
554 283 1
558 31 1
558 94 1
558 133 1
570 144 1
571 41 1
572 5 1
572 7 1
572 9 1
572 31 1
572 40 1
572 42 1
572 57 1
572 87 1
572 88 1
572 236 1
572 283 1
572 483 1
572 893 1
572 1004 1
572 1291 1
574 5 1
574 19 1
574 57 1
574 84 1
574 95 1
574 119 1
574 144 1
574 283 1
576 9 1
576 19 1
576 330 1
581 40 1
582 3 1
582 9 1
592 1018 1
593 40 1
594 9 1
601 5 1
601 42 1
601 95 1
601 97 1
601 174 1
601 186 1
601 1395 1
602 42 1
602 195 1
602 893 1
602 1286 1
627 5 1
627 7 1
627 33 1
627 42 1
627 57 1
627 102 1
627 220 1
632 42 1
632 58 1
632 88 1
632 105 1
639 5 1
639 7 1
639 10 1
639 15 1
639 67 1
639 102 1
639 719 1
639 1989 1
640 9 1
640 40 1
654 33 1
654 61 1
654 119 1
654 122 1
654 283 1
670 7 1
670 9 1
670 42 1
670 64 1
670 87 1
670 1491 1
671 19 1
678 9 1
678 17 1
678 40 1
678 57 1
678 58 1
678 292 1
678 893 1
679 9 1
679 205 1
696 9 1
699 94 1
699 105 1
699 639 1
699 893 1
702 102 1
702 106 1
713 28 1
713 42 1
713 61 1
713 511 1
719 102 1
719 174 1
722 17 1
722 221 1
722 1036 1
746 31 1
746 40 1
746 88 1
746 679 1
746 893 1
750 5 1
750 60 1
750 61 1
769 11 1
769 31 1
769 64 1
769 195 1
795 3 1
795 19 1
795 42 1
795 205 1
795 333 1
795 592 1
807 5 1
807 17 1
807 40 1
807 139 1
807 3064 1
829 31 1
829 41 1
842 750 1
852 3 1
852 5 1
852 9 1
852 58 1
852 60 1
852 121 1
852 139 1
852 179 1
854 42 1
858 40 1
890 7 1
890 31 1
890 42 1
893 3 1
893 9 1
893 42 1
893 57 1
906 20 1
906 1754 1
910 5 1
910 19 1
910 25 1
910 27 1
910 31 1
910 74 1
910 90 1
910 532 1
910 1014 1
918 7 1
918 9 1
918 19 1
918 40 1
918 1300 1
918 1473 1
922 101 1
922 133 1
943 5 1
943 7 1
943 41 1
943 58 1
943 138 1
943 2678 1
946 9 1
946 19 1
948 40 1
948 57 1
948 61 1
948 221 1
954 9 1
954 33 1
956 5 1
956 9 1
959 9 1
959 15 1
959 17 1
959 95 1
959 133 1
959 632 1
977 7 1
977 9 1
977 28 1
977 42 1
977 283 1
977 511 1
977 1199 1
979 7 1
979 61 1
985 87 1
985 148 1
985 171 1
985 422 1
991 9 1
991 40 1
994 42 1
994 144 1
1002 9 1
1002 119 1
1004 33 1
1005 7 1
1005 31 1
1005 40 1
1005 61 1
1012 33 1
1012 138 1
1014 3 1
1014 5 1
1014 19 1
1014 28 1
1014 122 1
1014 1787 1
1017 9 1
1017 15 1
1017 81 1
1017 95 1
1017 101 1
1017 422 1
1018 102 1
1027 9 1
1027 17 1
1027 119 1
1027 155 1
1027 288 1
1032 3 1
1032 9 1
1035 9 1
1035 19 1
1035 21 1
1035 133 1
1035 538 1
1036 22 1
1036 42 1
1036 455 1
1037 977 1
1043 9 1
1043 40 1
1043 42 1
1043 139 1
1043 713 1
1057 9 1
1064 7 1
1064 20 1
1071 457 1
1072 5 1
1072 40 1
1072 148 1
1073 5 1
1078 9 1
1078 10 1
1078 41 1
1078 91 1
1078 654 1
1078 910 1
1089 204 1
1089 531 1
1090 9 1
1099 78 1
1100 12 1
1100 33 1
1100 64 1
1100 94 1
1100 101 1
1100 119 1
1100 378 1
1102 5 1
1102 88 1
1102 97 1
1103 9 1
1104 17 1
1104 40 1
1104 42 1
1104 148 1
1106 3 1
1106 19 1
1106 29 1
1106 57 1
1106 87 1
1115 57 1
1127 57 1
1127 81 1
1127 281 1
1156 122 1
1164 5 1
1164 639 1
1175 531 1
1184 9 1
1184 28 1
1184 40 1
1184 88 1
1184 281 1
1193 33 1
1199 40 1
1206 9 1
1206 42 1
1206 910 1
1220 5 1
1220 601 1
1224 456 1
1248 9 1
1255 15 1
1255 20 1
1255 47 1
1256 19 1
1259 9 1
1259 102 1
1259 1248 1
1261 90 1
1261 281 1
1291 3 1
1291 17 1
1295 42 1
1299 4 1
1299 61 1
1316 7 1
1320 9 1
1320 959 1
1336 3 1
1336 15 1
1336 42 1
1336 57 1
1336 102 1
1337 7 1
1337 33 1
1347 5 1
1347 148 1
1347 1100 1
1361 333 1
1362 40 1
1366 9 1
1366 292 1
1366 345 1
1368 893 1
1395 94 1
1395 205 1
1396 7 1
1396 9 1
1400 7 1
1400 9 1
1428 627 1
1445 187 1
1473 15 1
1473 25 1
1473 40 1
1473 88 1
1473 105 1
1479 148 1
1479 627 1
1490 48 1
1490 321 1
1491 205 1
1497 5 1
1501 4 1
1514 78 1
1522 57 1
1522 574 1
1522 954 1
1525 42 1
1525 119 1
1525 468 1
1525 1043 1
1526 155 1
1533 9 1
1554 40 1
1561 12 1
1561 489 1
1597 78 1
1598 9 1
1598 119 1
1598 893 1
1601 12 1
1601 16 1
1601 40 1
1601 139 1
1616 57 1
1668 5 1
1681 42 1
1681 1017 1
1731 42 1
1731 699 1
1743 1336 1
1746 9 1
1752 81 1
1754 9 1
1754 15 1
1754 33 1
1754 57 1
1754 954 1
1773 9 1
1773 28 1
1773 42 1
1774 7 1
1781 7 1
1781 457 1
1784 393 1
1787 19 1
1787 31 1
1787 57 1
1787 144 1
1787 1837 1
1812 5 1
1812 9 1
1815 17 1
1815 61 1
1815 91 1
1816 40 1
1816 138 1
1824 28 1
1824 2682 1
1824 2844 1
1837 40 1
1878 25 1
1886 5 1
1893 5 1
1906 25 1
1928 82 1
1937 42 1
1937 291 1
1940 102 1
1942 2543 1
1961 28 1
1968 20 1
1989 57 1
1989 58 1
2043 9 1
2053 9 1
2067 9 1
2074 7 1
2074 19 1
2074 457 1
2079 9 1
2079 17 1
2141 19 1
2170 42 1
2177 57 1
2177 108 1
2190 7 1
2190 28 1
2193 74 1
2200 33 1
2200 58 1
2209 57 1
2223 769 1
2226 40 1
2226 57 1
2228 99 1
2264 195 1
2291 943 1
2292 7 1
2292 17 1
2292 133 1
2292 221 1
2293 9 1
2293 101 1
2376 10 1
2378 105 1
2388 5 1
2405 9 1
2408 57 1
2413 37 1
2413 82 1
2414 601 1
2464 94 1
2476 5 1
2484 106 1
2507 33 1
2532 82 1
2543 21 1
2575 29 1
2584 17 1
2609 7 1
2609 281 1
2615 9 1
2618 558 1
2645 40 1
2646 9 1
2652 9 1
2657 7 1
2657 422 1
2678 33 1
2678 78 1
2682 1184 1
2683 31 1
2683 42 1
2713 25 1
2727 102 1
2729 42 1
2806 122 1
2816 148 1
2842 102 1
2844 101 1
2878 148 1
2880 144 1
2880 531 1
2895 82 1
2915 205 1
2917 57 1
3011 5 1
3041 144 1
3044 3 1
3048 7 1
3058 40 1
3064 27 1
3077 456 1
3092 9 1
3128 57 1
3133 40 1
3146 40 1
3148 1100 1
3175 289 1
