3 5 1
3 9 1
3 15 1
3 19 1
3 22 1
3 28 1
3 33 1
3 40 1
3 58 1
3 76 1
3 78 1
3 83 1
3 119 1
3 133 1
3 155 1
3 187 1
3 205 1
3 220 1
3 224 1
3 292 1
3 333 1
3 393 1
3 405 1
3 456 1
3 483 1
3 531 1
3 532 1
3 558 1
3 685 1
3 702 1
3 854 1
3 979 1
3 1017 1
3 1027 1
3 1035 1
3 1089 1
3 1100 1
3 1106 1
3 2200 1
3 2292 1
3 2464 1
4 9 1
4 42 1
4 95 1
4 121 1
4 122 1
4 281 1
4 893 1
5 3 1
5 16 1
5 27 1
5 31 1
5 41 1
5 57 1
5 60 1
5 61 1
5 74 1
5 78 1
5 82 1
5 84 1
5 87 1
5 90 1
5 94 1
5 95 1
5 101 1
5 102 1
5 105 1
5 106 1
5 108 1
5 122 1
5 128 1
5 133 1
5 138 1
5 171 1
5 179 1
5 220 1
5 221 1
5 280 1
5 283 1
5 330 1
5 393 1
5 422 1
5 432 1
5 444 1
5 654 1
5 852 1
5 893 1
5 918 1
5 959 1
5 1017 1
5 1078 1
5 1362 1
5 1743 1
5 1773 1
5 2264 1
5 2376 1
5 2615 1
5 2917 1
5 3058 1
7 3 1
7 9 1
7 12 1
7 15 1
7 17 1
7 19 1
7 20 1
7 25 1
7 27 1
7 28 1
7 29 1
7 31 1
7 33 1
7 42 1
7 47 1
7 54 1
7 58 1
7 64 1
7 71 1
7 74 1
7 82 1
7 83 1
7 87 1
7 88 1
7 90 1
7 95 1
7 97 1
7 101 1
7 102 1
7 106 1
7 108 1
7 121 1
7 122 1
7 128 1
7 133 1
7 138 1
7 144 1
7 147 1
7 148 1
7 159 1
7 174 1
7 195 1
7 216 1
7 236 1
7 248 1
7 252 1
7 280 1
7 281 1
7 283 1
7 289 1
7 324 1
7 330 1
7 345 1
7 346 1
7 378 1
7 405 1
7 406 1
7 422 1
7 442 1
7 456 1
7 457 1
7 466 1
7 468 1
7 525 1
7 532 1
7 574 1
7 632 1
7 654 1
7 679 1
7 719 1
7 769 1
7 852 1
7 890 1
7 893 1
7 943 1
7 948 1
7 956 1
7 959 1
7 977 1
7 985 1
7 1005 1
7 1027 1
7 1036 1
7 1064 1
7 1078 1
7 1104 1
7 1291 1
7 1313 1
7 1473 1
7 1490 1
7 1491 1
7 1754 1
7 1824 1
7 1940 1
7 2246 1
7 2293 1
7 2880 1
7 3041 1
7 3064 1
8 105 1
9 3 1
9 5 1
9 7 1
9 10 1
9 11 1
9 12 1
9 17 1
9 19 1
9 21 1
9 22 1
9 25 1
9 27 1
9 28 1
9 31 1
9 33 1
9 40 1
9 42 1
9 47 1
9 54 1
9 57 1
9 58 1
9 61 1
9 64 1
9 71 1
9 74 1
9 78 1
9 81 1
9 82 1
9 84 1
9 88 1
9 90 1
9 91 1
9 94 1
9 95 1
9 97 1
9 99 1
9 106 1
9 119 1
9 121 1
9 133 1
9 138 1
9 155 1
9 174 1
9 179 1
9 204 1
9 220 1
9 240 1
9 252 1
9 258 1
9 280 1
9 284 1
9 321 1
9 331 1
9 333 1
9 343 1
9 364 1
9 370 1
9 383 1
9 393 1
9 422 1
9 442 1
9 457 1
9 466 1
9 473 1
9 488 1
9 511 1
9 531 1
9 532 1
9 539 1
9 554 1
9 572 1
9 574 1
9 582 1
9 592 1
9 601 1
9 639 1
9 640 1
9 699 1
9 713 1
9 769 1
9 795 1
9 829 1
9 842 1
9 852 1
9 893 1
9 906 1
9 943 1
9 985 1
9 991 1
9 1012 1
9 1027 1
9 1036 1
9 1037 1
9 1086 1
9 1104 1
9 1127 1
9 1181 1
9 1184 1
9 1313 1
9 1320 1
9 1347 1
9 1366 1
9 1522 1
9 1533 1
9 1554 1
9 1616 1
9 1754 1
9 1763 1
9 1781 1
9 1784 1
9 1787 1
9 1837 1
9 1937 1
9 1942 1
9 2170 1
9 2193 1
9 2226 1
9 2476 1
9 2645 1
9 2683 1
9 2970 1
9 3044 1
9 3092 1
10 5 1
10 7 1
10 31 1
10 33 1
10 42 1
10 74 1
10 78 1
10 82 1
10 95 1
10 97 1
10 102 1
10 186 1
10 281 1
10 289 1
10 593 1
10 1395 1
10 1774 1
11 40 1
11 57 1
11 128 1
11 893 1
12 7 1
12 9 1
12 33 1
12 64 1
12 78 1
12 101 1
12 105 1
12 121 1
12 138 1
12 155 1
12 205 1
12 370 1
12 432 1
12 455 1
12 531 1
12 654 1
12 807 1
15 5 1
15 20 1
15 31 1
15 94 1
15 134 1
15 138 1
15 250 1
15 281 1
15 333 1
15 991 1
15 1018 1
15 1989 1
15 2388 1
16 3 1
16 17 1
16 33 1
16 57 1
16 99 1
16 119 1
16 179 1
16 195 1
16 538 1
16 602 1
16 893 1
17 5 1
17 7 1
17 9 1
17 12 1
17 29 1
17 31 1
17 33 1
17 40 1
17 42 1
17 60 1
17 61 1
17 82 1
17 87 1
17 99 1
17 101 1
17 102 1
17 105 1
17 122 1
17 134 1
17 138 1
17 139 1
17 144 1
17 174 1
17 281 1
17 330 1
17 343 1
17 444 1
17 493 1
17 504 1
17 531 1
17 554 1
17 576 1
17 654 1
17 943 1
17 985 1
17 1027 1
17 1199 1
17 1261 1
17 1746 1
19 3 1
19 7 1
19 17 1
19 25 1
19 40 1
19 57 1
19 78 1
19 119 1
19 204 1
19 205 1
19 289 1
19 504 1
19 525 1
19 746 1
19 2652 1
20 7 1
20 9 1
20 11 1
20 31 1
20 33 1
20 42 1
20 61 1
20 81 1
20 82 1
20 97 1
20 122 1
20 133 1
20 187 1
20 532 1
20 572 1
20 639 1
20 769 1
21 5 1
22 7 1
22 33 1
22 40 1
22 42 1
22 138 1
22 205 1
25 3 1
25 5 1
25 42 1
25 57 1
25 74 1
25 106 1
25 685 1
25 954 1
25 1002 1
25 1878 1
27 5 1
27 9 1
27 37 1
27 40 1
27 179 1
27 321 1
27 678 1
28 3 1
28 7 1
28 9 1
28 10 1
28 12 1
28 19 1
28 20 1
28 29 1
28 40 1
28 42 1
28 58 1
28 81 1
28 83 1
28 84 1
28 88 1
28 95 1
28 99 1
28 138 1
28 148 1
28 187 1
28 216 1
28 281 1
28 288 1
28 405 1
28 473 1
28 574 1
28 910 1
28 985 1
28 1004 1
28 1106 1
28 1601 1
28 1731 1
28 2141 1
28 2292 1
28 2842 1
29 7 1
29 9 1
29 17 1
29 31 1
29 40 1
29 82 1
29 102 1
29 122 1
29 288 1
29 289 1
31 5 1
31 7 1
31 9 1
31 17 1
31 25 1
31 33 1
31 41 1
31 78 1
31 81 1
31 88 1
31 97 1
31 99 1
31 105 1
31 122 1
31 133 1
31 138 1
31 179 1
31 205 1
31 281 1
31 303 1
31 330 1
31 331 1
31 489 1
31 511 1
31 532 1
31 576 1
31 639 1
31 893 1
31 1366 1
33 5 1
33 9 1
33 15 1
33 27 1
33 41 1
33 47 1
33 57 1
33 61 1
33 64 1
33 81 1
33 82 1
33 99 1
33 102 1
33 148 1
33 281 1
33 321 1
33 324 1
33 489 1
33 601 1
33 910 1
33 1078 1
33 2317 1
33 2405 1
33 2543 1
33 3077 1
36 3 1
36 9 1
36 87 1
36 95 1
36 139 1
36 171 1
36 457 1
36 1490 1
37 9 1
37 40 1
37 41 1
37 42 1
37 953 1
40 4 1
40 7 1
40 9 1
40 10 1
40 12 1
40 15 1
40 17 1
40 19 1
40 28 1
40 42 1
40 47 1
40 58 1
40 61 1
40 64 1
40 78 1
40 87 1
40 88 1
40 95 1
40 97 1
40 102 1
40 105 1
40 108 1
40 119 1
40 122 1
40 133 1
40 144 1
40 155 1
40 171 1
40 179 1
40 205 1
40 220 1
40 221 1
40 280 1
40 283 1
40 288 1
40 289 1
40 291 1
40 324 1
40 338 1
40 345 1
40 370 1
40 378 1
40 393 1
40 442 1
40 450 1
40 456 1
40 483 1
40 530 1
40 531 1
40 538 1
40 593 1
40 627 1
40 696 1
40 722 1
40 746 1
40 852 1
40 890 1
40 893 1
40 943 1
40 991 1
40 1017 1
40 1027 1
40 1090 1
40 1100 1
40 1199 1
40 1206 1
40 1224 1
40 1259 1
40 1300 1
40 1316 1
40 1601 1
40 1774 1
40 1817 1
40 1989 1
40 2053 1
40 2074 1
40 2190 1
40 2223 1
40 2484 1
40 2729 1
41 3 1
41 5 1
41 9 1
41 28 1
41 40 1
41 42 1
41 57 1
41 58 1
41 61 1
41 71 1
41 81 1
41 88 1
41 91 1
41 119 1
41 122 1
41 139 1
41 148 1
41 240 1
41 330 1
41 601 1
41 639 1
41 893 1
41 1256 1
41 1746 1
42 3 1
42 4 1
42 5 1
42 8 1
42 12 1
42 17 1
42 19 1
42 22 1
42 28 1
42 37 1
42 48 1
42 57 1
42 78 1
42 82 1
42 94 1
42 99 1
42 101 1
42 102 1
42 105 1
42 119 1
42 133 1
42 134 1
42 144 1
42 154 1
42 195 1
42 205 1
42 240 1
42 248 1
42 280 1
42 281 1
42 289 1
42 291 1
42 405 1
42 504 1
42 511 1
42 538 1
42 574 1
42 601 1
42 670 1
42 713 1
42 750 1
42 893 1
42 948 1
42 994 1
42 1027 1
42 1032 1
42 1184 1
42 1337 1
42 1525 1
42 1526 1
42 2657 1
42 3048 1
47 5 1
47 19 1
47 20 1
47 37 1
47 57 1
47 61 1
47 81 1
47 281 1
47 554 1
48 9 1
48 138 1
48 1754 1
54 3 1
54 5 1
54 7 1
54 9 1
54 10 1
54 20 1
54 84 1
54 102 1
54 154 1
54 174 1
54 204 1
54 893 1
54 1004 1
56 33 1
56 148 1
57 3 1
57 5 1
57 7 1
57 17 1
57 21 1
57 27 1
57 28 1
57 29 1
57 56 1
57 64 1
57 78 1
57 81 1
57 82 1
57 94 1
57 95 1
57 97 1
57 101 1
57 105 1
57 106 1
57 108 1
57 133 1
57 144 1
57 216 1
57 248 1
57 289 1
57 406 1
57 422 1
57 455 1
57 525 1
57 540 1
57 558 1
57 639 1
57 722 1
57 769 1
57 854 1
57 893 1
57 1445 1
57 2408 1
57 2806 1
58 3 1
58 15 1
58 17 1
58 42 1
58 57 1
58 82 1
58 95 1
58 97 1
58 281 1
58 455 1
58 713 1
58 910 1
58 922 1
58 946 1
58 985 1
58 1027 1
58 1043 1
60 88 1
60 133 1
60 187 1
60 530 1
61 7 1
61 20 1
61 58 1
61 60 1
61 78 1
61 333 1
61 670 1
61 854 1
61 1291 1
61 1989 1
61 2291 1
64 3 1
64 5 1
64 10 1
64 15 1
64 19 1
64 31 1
64 40 1
64 42 1
64 58 1
64 61 1
64 87 1
64 88 1
64 106 1
64 119 1
64 121 1
64 144 1
64 148 1
64 280 1
64 288 1
64 346 1
64 393 1
64 538 1
64 574 1
64 654 1
64 910 1
64 918 1
64 1014 1
64 1072 1
64 2413 1
64 2657 1
64 2678 1
64 2844 1
67 5 1
67 7 1
67 15 1
67 19 1
67 28 1
67 40 1
67 42 1
67 102 1
67 122 1
67 139 1
67 148 1
67 331 1
67 574 1
67 1127 1
67 1445 1
70 7 1
70 9 1
71 5 1
71 28 1
71 40 1
71 42 1
71 97 1
73 40 1
73 95 1
73 1175 1
74 7 1
74 9 1
74 17 1
74 88 1
74 148 1
74 531 1
74 910 1
76 61 1
76 187 1
76 1336 1
78 3 1
78 5 1
78 9 1
78 19 1
78 25 1
78 31 1
78 40 1
78 42 1
78 81 1
78 82 1
78 97 1
78 134 1
78 138 1
78 148 1
78 155 1
78 289 1
78 378 1
78 456 1
78 531 1
78 893 1
78 948 1
78 953 1
78 2317 1
81 3 1
81 4 1
81 5 1
81 9 1
81 42 1
81 61 1
81 122 1
81 133 1
81 221 1
81 224 1
81 893 1
81 918 1
81 977 1
82 3 1
82 9 1
82 12 1
82 20 1
82 42 1
82 57 1
82 78 1
82 84 1
82 119 1
82 122 1
82 133 1
82 195 1
82 205 1
82 406 1
82 456 1
82 468 1
82 750 1
82 893 1
82 1037 1
82 1102 1
83 7 1
83 19 1
83 40 1
83 316 1
85 42 1
85 102 1
87 9 1
87 19 1
87 33 1
87 58 1
87 91 1
87 101 1
87 289 1
87 632 1
87 985 1
87 991 1
88 5 1
88 16 1
88 17 1
88 20 1
88 25 1
88 41 1
88 42 1
88 61 1
88 121 1
88 128 1
88 283 1
88 287 1
88 291 1
88 473 1
88 532 1
88 540 1
88 854 1
88 1002 1
88 1248 1
88 1497 1
88 1784 1
88 2915 1
90 28 1
90 105 1
90 1043 1
91 3 1
94 9 1
94 15 1
94 25 1
94 41 1
94 57 1
94 64 1
94 83 1
94 99 1
94 102 1
94 122 1
94 148 1
94 205 1
94 250 1
94 405 1
94 713 1
94 1184 1
94 1320 1
94 1752 1
95 7 1
95 15 1
95 31 1
95 42 1
95 58 1
95 67 1
95 101 1
95 102 1
95 103 1
95 105 1
95 155 1
95 287 1
95 289 1
95 316 1
95 370 1
95 422 1
95 456 1
95 466 1
95 702 1
95 1073 1
95 1100 1
95 1127 1
97 7 1
97 9 1
97 40 1
97 42 1
97 105 1
97 195 1
97 284 1
97 457 1
97 639 1
97 893 1
99 7 1
99 9 1
99 17 1
99 19 1
99 20 1
99 25 1
99 31 1
99 40 1
99 42 1
99 57 1
99 64 1
99 106 1
99 144 1
99 174 1
99 386 1
99 442 1
99 539 1
99 574 1
101 5 1
101 7 1
101 9 1
101 20 1
101 64 1
101 88 1
101 94 1
101 119 1
101 148 1
101 174 1
101 291 1
101 457 1
101 483 1
101 1012 1
101 1313 1
101 2816 1
102 5 1
102 7 1
102 9 1
102 16 1
102 17 1
102 25 1
102 40 1
102 47 1
102 58 1
102 78 1
102 82 1
102 122 1
102 123 1
102 133 1
102 639 1
102 746 1
102 1002 1
102 1014 1
105 4 1
105 28 1
105 33 1
105 42 1
105 58 1
105 71 1
105 122 1
105 287 1
105 1014 1
106 9 1
106 40 1
106 84 1
106 119 1
108 40 1
108 42 1
108 61 1
108 280 1
108 333 1
108 532 1
108 3133 1
119 3 1
119 9 1
119 11 1
119 19 1
119 29 1
119 33 1
119 40 1
119 41 1
119 42 1
119 48 1
119 57 1
119 82 1
119 84 1
119 97 1
119 102 1
119 105 1
119 122 1
119 133 1
119 138 1
119 139 1
119 155 1
119 186 1
119 280 1
119 281 1
119 473 1
119 538 1
119 602 1
119 893 1
119 918 1
119 943 1
119 1368 1
121 3 1
121 7 1
121 20 1
121 31 1
121 41 1
121 57 1
121 144 1
121 531 1
121 670 1
122 5 1
122 17 1
122 40 1
122 61 1
122 78 1
122 134 1
122 139 1
122 144 1
122 186 1
122 283 1
122 289 1
122 769 1
122 1014 1
123 9 1
123 122 1
128 9 1
128 10 1
128 15 1
128 40 1
128 58 1
128 94 1
128 138 1
128 240 1
133 3 1
133 5 1
133 7 1
133 9 1
133 28 1
133 42 1
133 82 1
133 95 1
133 148 1
133 205 1
133 531 1
133 750 1
133 1787 1
134 3 1
134 5 1
134 22 1
134 40 1
134 94 1
134 248 1
134 283 1
134 594 1
134 1337 1
138 3 1
138 9 1
138 58 1
138 250 1
138 450 1
138 455 1
138 540 1
138 893 1
138 1014 1
138 1043 1
139 3 1
139 15 1
139 16 1
139 25 1
139 40 1
139 42 1
139 47 1
139 82 1
139 88 1
139 94 1
139 95 1
139 123 1
139 138 1
139 221 1
139 250 1
139 288 1
139 333 1
139 383 1
139 538 1
139 574 1
139 702 1
139 977 1
139 1027 1
139 1106 1
139 2317 1
144 19 1
144 25 1
144 102 1
144 105 1
144 108 1
144 345 1
144 639 1
144 1473 1
144 1816 1
147 5 1
147 7 1
147 87 1
147 654 1
148 4 1
148 5 1
148 7 1
148 9 1
148 15 1
148 17 1
148 19 1
148 42 1
148 58 1
148 87 1
148 91 1
148 95 1
148 102 1
148 138 1
148 139 1
148 144 1
148 195 1
148 236 1
148 289 1
148 316 1
148 456 1
148 511 1
148 538 1
148 632 1
148 893 1
148 910 1
148 1104 1
154 3 1
154 7 1
154 9 1
154 33 1
154 40 1
154 57 1
154 97 1
154 128 1
154 139 1
154 148 1
154 422 1
154 525 1
154 601 1
154 807 1
154 890 1
154 1773 1
154 2657 1
155 7 1
155 10 1
155 42 1
155 74 1
155 84 1
155 88 1
155 119 1
155 250 1
155 378 1
155 1347 1
171 7 1
171 9 1
171 40 1
171 42 1
171 58 1
171 216 1
171 283 1
171 852 1
171 893 1
174 205 1
174 654 1
174 1164 1
179 17 1
179 20 1
179 42 1
179 82 1
179 154 1
179 186 1
179 483 1
179 769 1
179 1668 1
186 15 1
186 42 1
186 61 1
186 67 1
186 121 1
186 292 1
186 893 1
186 910 1
186 1199 1
187 16 1
187 57 1
187 90 1
187 139 1
187 154 1
195 3 1
195 7 1
195 9 1
195 10 1
195 17 1
195 31 1
195 40 1
195 57 1
195 61 1
195 71 1
195 94 1
195 102 1
195 119 1
195 122 1
195 139 1
195 144 1
195 171 1
195 205 1
195 283 1
195 906 1
195 1014 1
195 1754 1
195 1886 1
204 33 1
204 101 1
204 122 1
205 5 1
205 9 1
205 19 1
205 20 1
205 22 1
205 27 1
205 28 1
205 29 1
205 31 1
205 60 1
205 91 1
205 134 1
205 154 1
205 221 1
205 281 1
205 532 1
205 639 1
205 769 1
216 7 1
216 10 1
216 61 1
216 88 1
216 948 1
216 2190 1
220 20 1
220 40 1
220 42 1
220 57 1
220 102 1
220 205 1
220 236 1
220 456 1
220 670 1
220 1099 1
221 5 1
221 9 1
221 17 1
221 19 1
221 41 1
221 57 1
221 64 1
221 2028 1
221 2079 1
221 2236 1
224 5 1
224 7 1
224 9 1
224 25 1
224 40 1
224 48 1
224 57 1
224 82 1
224 94 1
224 102 1
224 133 1
224 144 1
224 148 1
224 281 1
224 283 1
224 288 1
224 378 1
224 405 1
224 457 1
224 531 1
224 574 1
224 601 1
224 1078 1
224 1206 1
232 9 1
236 9 1
236 19 1
236 186 1
236 281 1
236 601 1
236 910 1
236 1261 1
240 10 1
240 31 1
240 88 1
240 139 1
240 186 1
248 9 1
248 119 1
250 97 1
252 99 1
252 2317 1
258 3 1
258 19 1
258 67 1
258 97 1
259 5 1
259 9 1
259 57 1
259 94 1
259 316 1
259 1286 1
280 7 1
280 10 1
280 87 1
280 171 1
280 283 1
280 393 1
281 10 1
281 22 1
281 28 1
281 41 1
281 82 1
281 95 1
281 102 1
281 122 1
281 171 1
281 627 1
281 696 1
281 893 1
281 1184 1
283 9 1
283 57 1
283 74 1
283 95 1
283 105 1
283 321 1
283 531 1
283 540 1
283 582 1
283 1893 1
283 2378 1
284 19 1
287 31 1
287 42 1
287 106 1
288 5 1
288 9 1
288 40 1
288 57 1
288 58 1
288 83 1
288 174 1
288 538 1
288 574 1
289 7 1
289 9 1
289 19 1
289 31 1
289 119 1
289 493 1
289 627 1
291 9 1
291 25 1
291 28 1
291 42 1
291 57 1
291 64 1
291 1968 1
292 5 1
292 9 1
292 33 1
292 40 1
292 57 1
292 58 1
292 87 1
292 250 1
292 288 1
292 291 1
292 333 1
292 383 1
292 531 1
292 532 1
292 602 1
292 769 1
292 893 1
292 1043 1
292 1187 1
292 2292 1
296 5 1
303 5 1
303 7 1
303 19 1
303 20 1
303 78 1
303 186 1
303 316 1
316 7 1
316 9 1
316 10 1
316 19 1
316 33 1
316 41 1
316 57 1
316 58 1
316 102 1
316 119 1
316 139 1
316 283 1
316 345 1
316 511 1
321 12 1
321 22 1
321 102 1
324 7 1
324 10 1
324 42 1
324 54 1
324 88 1
331 5 1
331 12 1
331 41 1
333 19 1
333 28 1
333 58 1
333 64 1
333 102 1
333 1156 1
333 2507 1
338 7 1
338 17 1
338 42 1
338 121 1
338 2682 1
343 17 1
343 97 1
343 102 1
343 1017 1
343 1473 1
345 7 1
345 17 1
345 119 1
346 7 1
346 31 1
346 40 1
346 106 1
346 195 1
346 538 1
361 5 1
361 22 1
361 42 1
361 1005 1
364 19 1
364 33 1
364 81 1
364 101 1
364 102 1
364 345 1
370 10 1
370 57 1
370 154 1
370 195 1
378 5 1
378 7 1
378 20 1
378 40 1
378 57 1
378 281 1
382 7 1
382 1017 1
386 7 1
393 15 1
393 40 1
405 40 1
405 57 1
405 94 1
405 139 1
405 155 1
406 5 1
406 17 1
406 19 1
406 122 1
406 574 1
422 5 1
422 7 1
422 119 1
422 138 1
431 9 1
431 57 1
431 236 1
431 893 1
432 7 1
441 9 1
441 291 1
441 627 1
442 22 1
442 144 1
442 627 1
444 9 1
444 31 1
444 171 1
444 893 1
449 9 1
449 57 1
449 1774 1
450 9 1
450 33 1
450 119 1
450 236 1
450 405 1
455 9 1
455 10 1
455 17 1
455 42 1
455 105 1
455 220 1
456 5 1
456 40 1
456 76 1
456 122 1
456 195 1
456 205 1
456 382 1
457 42 1
457 102 1
466 5 1
466 7 1
466 9 1
466 40 1
466 94 1
466 102 1
466 289 1
466 854 1
468 5 1
468 9 1
468 28 1
468 42 1
468 64 1
468 67 1
468 119 1
468 133 1
473 5 1
473 7 1
473 17 1
473 25 1
473 40 1
473 42 1
473 64 1
473 81 1
473 1961 1
481 20 1
488 5 1
488 9 1
488 25 1
488 102 1
488 106 1
489 174 1
489 570 1
493 3 1
493 9 1
493 17 1
493 33 1
493 134 1
493 457 1
511 7 1
511 31 1
511 78 1
511 119 1
525 61 1
525 101 1
525 338 1
530 29 1
530 81 1
531 5 1
531 9 1
531 15 1
531 25 1
531 28 1
531 40 1
531 41 1
531 61 1
531 74 1
531 88 1
531 99 1
531 119 1
531 122 1
531 144 1
531 174 1
531 221 1
531 289 1
531 382 1
531 1812 1
532 3 1
532 42 1
532 57 1
532 87 1
532 121 1
532 148 1
538 60 1
538 174 1
539 31 1
539 42 1
539 393 1
539 468 1
540 5 1
540 9 1
540 15 1
540 99 1
540 101 1
540 102 1
540 119 1
540 122 1
540 148 1
540 670 1
540 979 1
540 1598 1
540 1815 1
554 40 1
554 42 1
554 57 1
554 466 1
554 602 1
558 148 1
558 531 1
558 1014 1
570 57 1
571 58 1
572 5 1
572 7 1
572 27 1
572 40 1
572 47 1
572 57 1
572 58 1
572 81 1
572 121 1
572 333 1
572 468 1
572 632 1
572 746 1
572 769 1
572 1100 1
574 5 1
574 7 1
574 19 1
574 29 1
574 31 1
574 33 1
574 289 1
574 473 1
576 3 1
576 9 1
576 64 1
581 31 1
582 19 1
582 40 1
592 450 1
593 1291 1
594 139 1
601 42 1
601 71 1
601 94 1
601 122 1
601 289 1
601 1193 1
601 3175 1
602 7 1
602 9 1
602 78 1
602 699 1
627 7 1
627 9 1
627 40 1
627 95 1
627 250 1
627 948 1
627 1400 1
632 40 1
632 42 1
632 205 1
632 422 1
639 40 1
639 41 1
639 139 1
639 221 1
639 292 1
639 483 1
639 746 1
639 910 1
640 7 1
640 393 1
654 31 1
654 40 1
654 195 1
654 287 1
654 370 1
670 5 1
670 31 1
670 40 1
670 42 1
670 1479 1
670 1598 1
671 9 1
678 9 1
678 10 1
678 11 1
678 15 1
678 57 1
678 288 1
678 627 1
679 20 1
679 139 1
696 9 1
699 19 1
699 40 1
699 97 1
699 807 1
702 9 1
702 42 1
713 148 1
713 174 1
713 511 1
713 639 1
719 40 1
719 42 1
722 9 1
722 42 1
722 61 1
746 9 1
746 40 1
746 42 1
746 119 1
746 155 1
750 9 1
750 87 1
750 1295 1
769 3 1
769 28 1
769 31 1
769 40 1
795 42 1
795 83 1
795 95 1
795 97 1
795 205 1
795 1299 1
807 57 1
807 78 1
807 88 1
807 119 1
807 283 1
829 3 1
829 7 1
842 28 1
852 5 1
852 9 1
852 20 1
852 41 1
852 82 1
852 147 1
852 205 1
852 574 1
854 40 1
858 1017 1
890 9 1
890 57 1
890 205 1
893 7 1
893 9 1
893 42 1
893 94 1
906 3 1
906 42 1
910 5 1
910 20 1
910 29 1
910 40 1
910 61 1
910 78 1
910 95 1
910 119 1
910 174 1
918 5 1
918 9 1
918 25 1
918 122 1
918 133 1
918 679 1
922 216 1
922 287 1
943 7 1
943 15 1
943 85 1
943 144 1
943 148 1
943 2678 1
946 33 1
946 57 1
948 7 1
948 95 1
948 195 1
948 1012 1
954 9 1
954 138 1
956 95 1
956 291 1
959 7 1
959 33 1
959 106 1
959 139 1
959 281 1
959 457 1
977 5 1
977 7 1
977 20 1
977 40 1
977 105 1
977 155 1
977 364 1
979 58 1
979 581 1
985 19 1
985 40 1
985 148 1
985 456 1
991 7 1
991 9 1
994 58 1
994 719 1
1002 40 1
1002 78 1
1004 19 1
1005 7 1
1005 9 1
1005 28 1
1005 57 1
1012 15 1
1012 148 1
1014 5 1
1014 21 1
1014 31 1
1014 40 1
1014 61 1
1014 1027 1
1017 9 1
1017 29 1
1017 87 1
1017 94 1
1017 1103 1
1017 1106 1
1018 20 1
1027 3 1
1027 9 1
1027 17 1
1027 531 1
1027 1445 1
1032 58 1
1032 187 1
1035 7 1
1035 9 1
1035 19 1
1035 57 1
1035 531 1
1036 3 1
1036 5 1
1036 97 1
1037 94 1
1043 9 1
1043 40 1
1043 232 1
1043 283 1
1043 977 1
1057 9 1
1064 7 1
1064 148 1
1071 57 1
1072 10 1
1072 31 1
1072 187 1
1073 12 1
1078 19 1
1078 28 1
1078 33 1
1078 57 1
1078 94 1
1078 943 1
1089 42 1
1089 94 1
1090 473 1
1099 7 1
1100 7 1
1100 9 1
1100 28 1
1100 37 1
1100 139 1
1100 252 1
1100 2507 1
1102 40 1
1102 121 1
1102 2228 1
1103 12 1
1104 17 1
1104 40 1
1104 57 1
1104 699 1
1106 9 1
1106 42 1
1106 58 1
1106 155 1
1106 1501 1
1115 280 1
1127 9 1
1127 57 1
1127 333 1
1156 1681 1
1164 33 1
1164 40 1
1175 82 1
1184 7 1
1184 9 1
1184 31 1
1184 456 1
1184 1299 1
1193 95 1
1199 5 1
1206 5 1
1206 9 1
1206 119 1
1220 954 1
1220 1043 1
1224 9 1
1248 31 1
1255 9 1
1255 42 1
1255 60 1
1256 5 1
1259 42 1
1259 289 1
1259 1601 1
1261 19 1
1261 42 1
1291 40 1
1291 221 1
1295 128 1
1299 17 1
1299 57 1
1316 40 1
1320 4 1
1320 128 1
1336 15 1
1336 19 1
1336 61 1
1336 87 1
1336 101 1
1337 47 1
1337 283 1
1347 61 1
1347 148 1
1347 1746 1
1361 7 1
1362 9 1
1366 19 1
1366 31 1
1366 57 1
1368 441 1
1395 283 1
1395 303 1
1396 9 1
1396 42 1
1400 154 1
1400 422 1
1428 7 1
1445 9 1
1473 9 1
1473 33 1
1473 57 1
1473 195 1
1473 2507 1
1479 9 1
1479 20 1
1490 9 1
1490 40 1
1491 15 1
1497 17 1
1501 174 1
1514 250 1
1522 20 1
1522 40 1
1522 88 1
1525 9 1
1525 40 1
1525 959 1
1525 2657 1
1526 28 1
1533 9 1
1554 1127 1
1561 40 1
1561 174 1
1597 27 1
1598 9 1
1598 101 1
1598 292 1
1601 17 1
1601 58 1
1601 333 1
1601 574 1
1616 281 1
1668 3 1
1681 22 1
1681 57 1
1731 9 1
1731 10 1
1743 102 1
1746 67 1
1752 12 1
1754 9 1
1754 19 1
1754 57 1
1754 119 1
1754 538 1
1773 7 1
1773 41 1
1773 78 1
1774 457 1
1781 9 1
1781 2618 1
1784 101 1
1787 3 1
1787 5 1
1787 17 1
1787 33 1
1787 1300 1
1812 15 1
1812 42 1
1815 5 1
1815 7 1
1815 747 1
1816 17 1
1816 61 1
1824 3 1
1824 88 1
1824 893 1
1837 12 1
1878 144 1
1886 40 1
1893 5 1
1906 531 1
1928 128 1
1937 58 1
1937 144 1
1940 61 1
1942 19 1
1961 94 1
1968 102 1
1989 11 1
1989 954 1
2043 40 1
2053 321 1
2067 31 1
2074 40 1
2074 58 1
2074 747 1
2079 5 1
2079 289 1
2141 42 1
2170 431 1
2177 9 1
2177 58 1
2190 42 1
2190 81 1
2193 1005 1
2200 9 1
2200 57 1
2209 9 1
2223 19 1
2226 33 1
2226 2713 1
2228 87 1
2264 9 1
2291 40 1
2292 95 1
2292 287 1
2292 994 1
2292 1057 1
2293 5 1
2293 7 1
2376 17 1
2378 102 1
2388 9 1
2405 5 1
2408 174 1
2413 61 1
2413 280 1
2414 133 1
2464 9 1
2476 33 1
2484 41 1
2507 31 1
2532 40 1
2543 40 1
2575 3 1
2584 1754 1
2609 17 1
2609 57 1
2615 42 1
2618 7 1
2645 531 1
2646 78 1
2652 9 1
2657 9 1
2657 121 1
2678 61 1
2678 283 1
2682 25 1
2683 138 1
2683 1017 1
2713 119 1
2727 5 1
2729 148 1
2806 281 1
2816 138 1
2842 57 1
2844 5 1
2878 1396 1
2880 4 1
2880 9 1
2895 531 1
2915 119 1
2917 17 1
3011 205 1
3041 324 1
3044 15 1
3048 3 1
3058 33 1
3064 28 1
3077 40 1
3092 489 1
3128 12 1
3133 17 1
3146 422 1
3148 139 1
3175 5 1
