3 17 1
3 19 1
3 20 1
3 33 1
3 57 1
3 58 1
3 61 1
3 71 1
3 78 1
3 82 1
3 105 1
3 106 1
3 119 1
3 128 1
3 133 1
3 147 1
3 171 1
3 174 1
3 187 1
3 205 1
3 220 1
3 333 1
3 405 1
3 455 1
3 456 1
3 483 1
3 511 1
3 531 1
3 601 1
3 852 1
3 890 1
3 893 1
3 948 1
3 1005 1
3 1012 1
3 1037 1
3 1089 1
3 1181 1
3 1989 1
3 2615 1
3 2844 1
4 9 1
4 28 1
4 122 1
4 144 1
4 154 1
4 289 1
4 893 1
5 7 1
5 9 1
5 12 1
5 15 1
5 17 1
5 19 1
5 28 1
5 31 1
5 40 1
5 42 1
5 54 1
5 57 1
5 60 1
5 74 1
5 78 1
5 82 1
5 94 1
5 97 1
5 108 1
5 122 1
5 133 1
5 138 1
5 144 1
5 148 1
5 187 1
5 205 1
5 221 1
5 250 1
5 324 1
5 331 1
5 378 1
5 382 1
5 405 1
5 457 1
5 601 1
5 722 1
5 750 1
5 769 1
5 893 1
5 906 1
5 943 1
5 1004 1
5 1014 1
5 1043 1
5 1313 1
5 1368 1
5 1754 1
5 1886 1
5 2292 1
5 2317 1
5 2915 1
7 3 1
7 4 1
7 5 1
7 9 1
7 11 1
7 12 1
7 15 1
7 20 1
7 21 1
7 22 1
7 25 1
7 27 1
7 28 1
7 29 1
7 31 1
7 33 1
7 40 1
7 41 1
7 42 1
7 47 1
7 57 1
7 58 1
7 60 1
7 61 1
7 64 1
7 67 1
7 74 1
7 78 1
7 81 1
7 82 1
7 84 1
7 88 1
7 90 1
7 95 1
7 97 1
7 99 1
7 102 1
7 108 1
7 119 1
7 121 1
7 122 1
7 123 1
7 134 1
7 171 1
7 174 1
7 179 1
7 195 1
7 220 1
7 221 1
7 248 1
7 280 1
7 288 1
7 289 1
7 291 1
7 324 1
7 343 1
7 346 1
7 370 1
7 378 1
7 383 1
7 422 1
7 450 1
7 468 1
7 531 1
7 532 1
7 639 1
7 713 1
7 852 1
7 893 1
7 910 1
7 943 1
7 948 1
7 959 1
7 977 1
7 991 1
7 1005 1
7 1027 1
7 1064 1
7 1078 1
7 1104 1
7 1106 1
7 1175 1
7 1184 1
7 1224 1
7 1299 1
7 1347 1
7 1396 1
7 1445 1
7 1479 1
7 1522 1
7 1601 1
7 1746 1
7 1773 1
7 1940 1
7 2053 1
7 2293 1
7 2317 1
7 2657 1
7 3048 1
8 105 1
9 4 1
9 5 1
9 7 1
9 10 1
9 11 1
9 19 1
9 20 1
9 27 1
9 29 1
9 31 1
9 33 1
9 37 1
9 41 1
9 54 1
9 58 1
9 60 1
9 61 1
9 67 1
9 71 1
9 74 1
9 82 1
9 83 1
9 84 1
9 88 1
9 91 1
9 94 1
9 97 1
9 99 1
9 101 1
9 103 1
9 105 1
9 108 1
9 119 1
9 121 1
9 122 1
9 128 1
9 133 1
9 134 1
9 138 1
9 139 1
9 147 1
9 148 1
9 155 1
9 174 1
9 204 1
9 205 1
9 216 1
9 232 1
9 236 1
9 240 1
9 250 1
9 281 1
9 283 1
9 284 1
9 287 1
9 289 1
9 324 1
9 333 1
9 338 1
9 345 1
9 370 1
9 382 1
9 383 1
9 393 1
9 422 1
9 431 1
9 457 1
9 466 1
9 473 1
9 483 1
9 488 1
9 525 1
9 532 1
9 538 1
9 558 1
9 574 1
9 593 1
9 601 1
9 627 1
9 654 1
9 670 1
9 719 1
9 746 1
9 807 1
9 829 1
9 854 1
9 893 1
9 910 1
9 943 1
9 954 1
9 985 1
9 991 1
9 1002 1
9 1027 1
9 1057 1
9 1090 1
9 1099 1
9 1100 1
9 1199 1
9 1248 1
9 1291 1
9 1300 1
9 1313 1
9 1337 1
9 1366 1
9 1445 1
9 1533 1
9 1598 1
9 1681 1
9 1754 1
9 1763 1
9 1773 1
9 1816 1
9 1893 1
9 1937 1
9 1968 1
9 1989 1
9 2074 1
9 2200 1
9 2507 1
9 2618 1
9 2645 1
9 2880 1
10 5 1
10 7 1
10 33 1
10 81 1
10 82 1
10 87 1
10 88 1
10 119 1
10 128 1
10 134 1
10 154 1
10 281 1
10 330 1
10 489 1
10 842 1
10 1017 1
10 1601 1
11 40 1
11 57 1
11 121 1
11 574 1
12 9 1
12 16 1
12 19 1
12 20 1
12 28 1
12 40 1
12 41 1
12 42 1
12 82 1
12 102 1
12 133 1
12 138 1
12 280 1
12 281 1
12 283 1
12 639 1
12 654 1
15 9 1
15 12 1
15 20 1
15 174 1
15 195 1
15 283 1
15 393 1
15 456 1
15 531 1
15 539 1
15 1014 1
15 1787 1
15 1824 1
16 9 1
16 17 1
16 25 1
16 31 1
16 42 1
16 60 1
16 78 1
16 97 1
16 102 1
16 457 1
16 531 1
17 3 1
17 5 1
17 7 1
17 12 1
17 20 1
17 28 1
17 29 1
17 31 1
17 40 1
17 42 1
17 57 1
17 58 1
17 74 1
17 84 1
17 97 1
17 99 1
17 102 1
17 105 1
17 133 1
17 134 1
17 174 1
17 205 1
17 281 1
17 289 1
17 345 1
17 422 1
17 456 1
17 504 1
17 601 1
17 746 1
17 890 1
17 893 1
17 918 1
17 994 1
17 1078 1
17 1106 1
17 1259 1
17 1336 1
17 2408 1
19 3 1
19 4 1
19 5 1
19 9 1
19 17 1
19 31 1
19 33 1
19 40 1
19 42 1
19 57 1
19 78 1
19 119 1
19 186 1
19 422 1
19 538 1
20 5 1
20 7 1
20 10 1
20 17 1
20 40 1
20 41 1
20 57 1
20 58 1
20 61 1
20 88 1
20 97 1
20 102 1
20 105 1
20 106 1
20 205 1
20 639 1
20 2816 1
21 10 1
22 7 1
22 40 1
22 57 1
22 102 1
22 696 1
22 1490 1
25 3 1
25 9 1
25 40 1
25 41 1
25 42 1
25 57 1
25 95 1
25 148 1
25 220 1
25 378 1
27 5 1
27 9 1
27 17 1
27 119 1
27 171 1
27 205 1
27 283 1
28 7 1
28 15 1
28 19 1
28 25 1
28 37 1
28 40 1
28 42 1
28 47 1
28 61 1
28 94 1
28 95 1
28 119 1
28 122 1
28 138 1
28 148 1
28 174 1
28 186 1
28 287 1
28 288 1
28 289 1
28 316 1
28 321 1
28 331 1
28 393 1
28 422 1
28 457 1
28 602 1
28 702 1
28 852 1
28 893 1
28 918 1
28 1017 1
28 1043 1
28 2292 1
28 2543 1
29 3 1
29 12 1
29 17 1
29 33 1
29 40 1
29 57 1
29 95 1
29 148 1
29 291 1
29 910 1
31 3 1
31 5 1
31 7 1
31 9 1
31 11 1
31 17 1
31 19 1
31 20 1
31 28 1
31 40 1
31 57 1
31 78 1
31 95 1
31 99 1
31 102 1
31 122 1
31 138 1
31 144 1
31 148 1
31 174 1
31 179 1
31 224 1
31 291 1
31 670 1
31 893 1
31 1184 1
31 1199 1
31 1473 1
31 3133 1
33 22 1
33 28 1
33 58 1
33 61 1
33 71 1
33 78 1
33 87 1
33 88 1
33 94 1
33 105 1
33 119 1
33 138 1
33 179 1
33 187 1
33 195 1
33 281 1
33 283 1
33 289 1
33 291 1
33 457 1
33 532 1
33 639 1
33 991 1
33 1184 1
33 1754 1
36 5 1
36 9 1
36 58 1
36 102 1
36 119 1
36 133 1
36 216 1
36 422 1
37 7 1
37 40 1
37 97 1
37 316 1
37 538 1
40 5 1
40 10 1
40 12 1
40 17 1
40 19 1
40 22 1
40 28 1
40 29 1
40 31 1
40 37 1
40 41 1
40 47 1
40 54 1
40 58 1
40 60 1
40 61 1
40 74 1
40 78 1
40 82 1
40 87 1
40 88 1
40 90 1
40 94 1
40 106 1
40 119 1
40 121 1
40 122 1
40 133 1
40 138 1
40 139 1
40 148 1
40 154 1
40 155 1
40 171 1
40 174 1
40 186 1
40 205 1
40 216 1
40 248 1
40 250 1
40 252 1
40 283 1
40 287 1
40 288 1
40 321 1
40 330 1
40 345 1
40 346 1
40 466 1
40 489 1
40 504 1
40 511 1
40 525 1
40 538 1
40 539 1
40 574 1
40 592 1
40 678 1
40 747 1
40 750 1
40 769 1
40 893 1
40 910 1
40 1002 1
40 1027 1
40 1037 1
40 1187 1
40 1316 1
40 1395 1
40 1473 1
40 1781 1
40 1815 1
40 1817 1
40 2226 1
40 2378 1
40 2476 1
40 2484 1
40 2657 1
40 2682 1
40 2806 1
41 5 1
41 42 1
41 58 1
41 61 1
41 74 1
41 81 1
41 82 1
41 94 1
41 101 1
41 119 1
41 121 1
41 144 1
41 171 1
41 205 1
41 289 1
41 330 1
41 364 1
41 393 1
41 406 1
41 456 1
41 531 1
41 854 1
41 1554 1
41 2413 1
42 3 1
42 4 1
42 9 1
42 17 1
42 19 1
42 28 1
42 31 1
42 57 1
42 58 1
42 61 1
42 78 1
42 82 1
42 83 1
42 88 1
42 95 1
42 99 1
42 102 1
42 105 1
42 119 1
42 121 1
42 133 1
42 134 1
42 139 1
42 186 1
42 205 1
42 216 1
42 221 1
42 280 1
42 283 1
42 321 1
42 405 1
42 456 1
42 493 1
42 530 1
42 531 1
42 540 1
42 574 1
42 602 1
42 639 1
42 852 1
42 890 1
42 893 1
42 910 1
42 954 1
42 1256 1
42 1286 1
42 1320 1
42 1337 1
42 2264 1
42 2652 1
42 2683 1
42 2729 1
47 9 1
47 64 1
47 67 1
47 76 1
47 134 1
47 187 1
47 288 1
47 1878 1
47 2236 1
48 40 1
48 57 1
48 893 1
54 5 1
54 19 1
54 40 1
54 42 1
54 48 1
54 81 1
54 82 1
54 106 1
54 133 1
54 283 1
54 531 1
54 1043 1
54 2141 1
56 9 1
56 179 1
57 3 1
57 5 1
57 10 1
57 21 1
57 27 1
57 40 1
57 41 1
57 78 1
57 82 1
57 84 1
57 90 1
57 91 1
57 94 1
57 97 1
57 134 1
57 159 1
57 186 1
57 250 1
57 252 1
57 280 1
57 330 1
57 343 1
57 432 1
57 455 1
57 532 1
57 538 1
57 574 1
57 627 1
57 654 1
57 670 1
57 769 1
57 893 1
57 1027 1
57 1102 1
57 1127 1
57 1261 1
57 1784 1
57 2246 1
57 3044 1
58 31 1
58 40 1
58 48 1
58 61 1
58 78 1
58 85 1
58 106 1
58 148 1
58 220 1
58 281 1
58 338 1
58 442 1
58 893 1
58 985 1
58 2292 1
58 2317 1
58 3077 1
60 57 1
60 64 1
60 948 1
60 1774 1
61 5 1
61 7 1
61 16 1
61 31 1
61 57 1
61 64 1
61 88 1
61 236 1
61 281 1
61 321 1
61 405 1
64 7 1
64 9 1
64 10 1
64 15 1
64 22 1
64 25 1
64 40 1
64 41 1
64 42 1
64 57 1
64 58 1
64 82 1
64 94 1
64 119 1
64 122 1
64 128 1
64 155 1
64 179 1
64 205 1
64 280 1
64 281 1
64 289 1
64 364 1
64 456 1
64 531 1
64 574 1
64 640 1
64 746 1
64 893 1
64 977 1
64 1035 1
64 1164 1
67 3 1
67 5 1
67 15 1
67 22 1
67 28 1
67 40 1
67 95 1
67 139 1
67 148 1
67 154 1
67 292 1
67 303 1
67 321 1
67 910 1
67 1754 1
70 31 1
70 41 1
71 19 1
71 28 1
71 42 1
71 61 1
71 205 1
73 538 1
73 602 1
73 639 1
74 3 1
74 5 1
74 9 1
74 17 1
74 58 1
74 95 1
74 106 1
76 42 1
76 64 1
76 105 1
78 5 1
78 7 1
78 15 1
78 22 1
78 28 1
78 33 1
78 40 1
78 42 1
78 47 1
78 58 1
78 81 1
78 88 1
78 119 1
78 122 1
78 221 1
78 405 1
78 473 1
78 570 1
78 582 1
78 654 1
78 1032 1
78 1206 1
78 2291 1
81 4 1
81 5 1
81 7 1
81 19 1
81 20 1
81 27 1
81 42 1
81 87 1
81 105 1
81 174 1
81 289 1
81 291 1
81 370 1
82 3 1
82 5 1
82 7 1
82 9 1
82 12 1
82 19 1
82 29 1
82 42 1
82 61 1
82 101 1
82 119 1
82 133 1
82 281 1
82 473 1
82 670 1
82 985 1
82 1100 1
82 1362 1
82 2079 1
82 2678 1
83 7 1
83 31 1
83 40 1
83 42 1
85 5 1
85 7 1
87 9 1
87 28 1
87 48 1
87 78 1
87 95 1
87 101 1
87 204 1
87 450 1
87 1043 1
87 1300 1
88 17 1
88 19 1
88 25 1
88 29 1
88 31 1
88 42 1
88 57 1
88 94 1
88 119 1
88 139 1
88 154 1
88 179 1
88 216 1
88 250 1
88 280 1
88 456 1
88 493 1
88 685 1
88 959 1
88 1027 1
88 2317 1
88 3175 1
90 9 1
90 95 1
90 639 1
91 148 1
94 9 1
94 12 1
94 20 1
94 25 1
94 40 1
94 41 1
94 42 1
94 83 1
94 91 1
94 101 1
94 119 1
94 155 1
94 284 1
94 316 1
94 457 1
94 531 1
94 572 1
94 1027 1
95 7 1
95 9 1
95 15 1
95 19 1
95 33 1
95 40 1
95 61 1
95 64 1
95 78 1
95 102 1
95 122 1
95 128 1
95 155 1
95 171 1
95 195 1
95 280 1
95 281 1
95 283 1
95 287 1
95 468 1
95 685 1
95 1004 1
97 3 1
97 7 1
97 9 1
97 17 1
97 25 1
97 40 1
97 41 1
97 148 1
97 240 1
97 1127 1
99 9 1
99 17 1
99 19 1
99 31 1
99 40 1
99 42 1
99 84 1
99 97 1
99 122 1
99 138 1
99 139 1
99 187 1
99 195 1
99 205 1
99 281 1
99 432 1
99 991 1
99 2028 1
101 3 1
101 4 1
101 9 1
101 12 1
101 40 1
101 41 1
101 56 1
101 64 1
101 84 1
101 119 1
101 138 1
101 155 1
101 910 1
101 943 1
101 1012 1
101 1746 1
102 5 1
102 7 1
102 20 1
102 33 1
102 40 1
102 57 1
102 58 1
102 88 1
102 99 1
102 122 1
102 139 1
102 148 1
102 221 1
102 281 1
102 289 1
102 456 1
102 1127 1
102 1598 1
105 7 1
105 9 1
105 12 1
105 19 1
105 71 1
105 95 1
105 154 1
105 807 1
105 1104 1
106 5 1
106 9 1
106 40 1
106 316 1
108 7 1
108 40 1
108 57 1
108 99 1
108 195 1
108 489 1
108 746 1
119 3 1
119 5 1
119 9 1
119 10 1
119 16 1
119 19 1
119 27 1
119 31 1
119 37 1
119 40 1
119 42 1
119 57 1
119 61 1
119 81 1
119 87 1
119 94 1
119 95 1
119 99 1
119 105 1
119 148 1
119 287 1
119 292 1
119 303 1
119 422 1
119 468 1
119 531 1
119 574 1
119 639 1
119 1078 1
119 1989 1
119 2713 1
121 7 1
121 15 1
121 61 1
121 240 1
121 393 1
121 444 1
121 473 1
121 627 1
121 893 1
122 9 1
122 10 1
122 16 1
122 20 1
122 25 1
122 57 1
122 78 1
122 102 1
122 383 1
122 593 1
122 719 1
122 1014 1
122 1199 1
123 91 1
123 289 1
128 5 1
128 7 1
128 19 1
128 57 1
128 155 1
128 283 1
128 316 1
128 1942 1
133 3 1
133 5 1
133 9 1
133 17 1
133 29 1
133 40 1
133 61 1
133 78 1
133 82 1
133 94 1
133 283 1
133 422 1
133 468 1
134 33 1
134 78 1
134 105 1
134 122 1
134 144 1
134 195 1
134 281 1
134 292 1
134 1366 1
138 3 1
138 9 1
138 17 1
138 42 1
138 57 1
138 250 1
138 601 1
138 1206 1
138 1754 1
138 2678 1
139 10 1
139 15 1
139 19 1
139 20 1
139 25 1
139 28 1
139 31 1
139 33 1
139 82 1
139 84 1
139 106 1
139 122 1
139 144 1
139 186 1
139 204 1
139 258 1
139 289 1
139 291 1
139 473 1
139 504 1
139 531 1
139 854 1
139 893 1
139 2170 1
139 2223 1
144 20 1
144 25 1
144 42 1
144 95 1
144 722 1
144 769 1
144 1295 1
144 1313 1
144 1787 1
147 3 1
147 42 1
147 64 1
147 95 1
148 3 1
148 7 1
148 9 1
148 17 1
148 22 1
148 42 1
148 57 1
148 78 1
148 99 1
148 133 1
148 138 1
148 171 1
148 174 1
148 405 1
148 442 1
148 450 1
148 456 1
148 525 1
148 632 1
148 679 1
148 696 1
148 979 1
148 1027 1
148 1100 1
148 1291 1
148 1526 1
148 3092 1
154 7 1
154 9 1
154 15 1
154 17 1
154 19 1
154 20 1
154 47 1
154 102 1
154 138 1
154 148 1
154 250 1
154 281 1
154 289 1
154 324 1
154 483 1
154 602 1
154 1347 1
155 5 1
155 7 1
155 9 1
155 17 1
155 42 1
155 57 1
155 81 1
155 83 1
155 133 1
155 148 1
171 7 1
171 19 1
171 67 1
171 88 1
171 122 1
171 138 1
171 205 1
171 288 1
171 2842 1
174 5 1
174 101 1
174 1291 1
179 5 1
179 16 1
179 25 1
179 42 1
179 47 1
179 106 1
179 123 1
179 138 1
179 699 1
186 10 1
186 22 1
186 31 1
186 33 1
186 101 1
186 148 1
186 155 1
186 455 1
186 627 1
187 9 1
187 40 1
187 42 1
187 122 1
187 747 1
195 3 1
195 7 1
195 9 1
195 29 1
195 31 1
195 40 1
195 57 1
195 102 1
195 119 1
195 139 1
195 148 1
195 370 1
195 405 1
195 531 1
195 540 1
195 959 1
195 1005 1
195 1106 1
195 1445 1
195 1497 1
195 1746 1
195 1774 1
195 2657 1
204 57 1
204 122 1
204 2193 1
205 3 1
205 41 1
205 42 1
205 57 1
205 58 1
205 87 1
205 101 1
205 102 1
205 119 1
205 133 1
205 138 1
205 330 1
205 457 1
205 511 1
205 538 1
205 576 1
205 713 1
205 979 1
216 9 1
216 57 1
216 61 1
216 139 1
216 289 1
216 906 1
220 7 1
220 9 1
220 11 1
220 33 1
220 40 1
220 42 1
220 99 1
220 122 1
220 331 1
220 893 1
221 7 1
221 9 1
221 12 1
221 15 1
221 19 1
221 40 1
221 57 1
221 97 1
221 205 1
221 289 1
224 5 1
224 9 1
224 10 1
224 22 1
224 33 1
224 40 1
224 42 1
224 57 1
224 61 1
224 87 1
224 94 1
224 97 1
224 133 1
224 174 1
224 205 1
224 466 1
224 483 1
224 540 1
224 601 1
224 713 1
224 746 1
224 769 1
224 893 1
224 1017 1
232 101 1
236 5 1
236 42 1
236 133 1
236 205 1
236 221 1
236 531 1
236 1156 1
240 17 1
240 133 1
240 139 1
240 289 1
240 511 1
248 94 1
248 918 1
250 572 1
252 64 1
252 627 1
258 7 1
258 174 1
258 205 1
258 378 1
259 7 1
259 19 1
259 61 1
259 121 1
259 148 1
259 977 1
280 9 1
280 40 1
280 42 1
280 81 1
280 221 1
280 554 1
281 3 1
281 5 1
281 19 1
281 31 1
281 33 1
281 41 1
281 95 1
281 105 1
281 280 1
281 654 1
281 769 1
281 943 1
281 1017 1
283 10 1
283 76 1
283 88 1
283 97 1
283 139 1
283 195 1
283 248 1
283 531 1
283 582 1
283 985 1
283 1078 1
284 41 1
287 15 1
287 333 1
287 1961 1
288 3 1
288 5 1
288 9 1
288 20 1
288 29 1
288 40 1
288 122 1
288 133 1
288 283 1
289 7 1
289 20 1
289 40 1
289 41 1
289 58 1
289 94 1
289 195 1
291 5 1
291 7 1
291 19 1
291 236 1
291 283 1
291 531 1
291 713 1
292 5 1
292 7 1
292 9 1
292 25 1
292 33 1
292 42 1
292 57 1
292 58 1
292 61 1
292 78 1
292 87 1
292 91 1
292 102 1
292 144 1
292 195 1
292 248 1
292 455 1
292 532 1
292 1299 1
292 1837 1
296 94 1
303 7 1
303 9 1
303 10 1
303 40 1
303 121 1
303 122 1
303 1320 1
316 9 1
316 25 1
316 27 1
316 74 1
316 81 1
316 97 1
316 138 1
316 139 1
316 532 1
316 769 1
316 893 1
316 910 1
316 1014 1
316 2917 1
321 5 1
321 57 1
321 639 1
324 7 1
324 42 1
324 95 1
324 186 1
324 893 1
331 42 1
331 102 1
331 1731 1
333 5 1
333 17 1
333 40 1
333 57 1
333 61 1
333 88 1
333 283 1
338 3 1
338 21 1
338 40 1
338 101 1
338 1027 1
343 5 1
343 7 1
343 9 1
343 119 1
343 893 1
345 40 1
345 57 1
345 58 1
346 7 1
346 33 1
346 119 1
346 155 1
346 893 1
346 994 1
361 5 1
361 9 1
361 61 1
361 1400 1
364 5 1
364 9 1
364 17 1
364 31 1
364 333 1
364 639 1
370 5 1
370 40 1
370 101 1
370 1501 1
378 5 1
378 7 1
378 40 1
378 101 1
378 679 1
378 1525 1
382 7 1
382 17 1
386 40 1
393 28 1
393 64 1
405 9 1
405 78 1
405 87 1
405 95 1
405 1184 1
406 17 1
406 42 1
406 61 1
406 84 1
406 102 1
422 5 1
422 7 1
422 9 1
422 60 1
431 19 1
431 28 1
431 187 1
431 406 1
432 2228 1
441 20 1
441 422 1
441 654 1
442 40 1
442 78 1
442 122 1
444 7 1
444 40 1
444 138 1
444 530 1
449 7 1
449 9 1
449 15 1
450 3 1
450 33 1
450 40 1
450 42 1
450 105 1
455 40 1
455 95 1
455 139 1
455 221 1
455 554 1
455 1017 1
456 3 1
456 5 1
456 7 1
456 9 1
456 58 1
456 574 1
456 601 1
457 64 1
457 82 1
466 3 1
466 5 1
466 9 1
466 20 1
466 40 1
466 138 1
466 1012 1
466 1100 1
468 5 1
468 9 1
468 19 1
468 42 1
468 58 1
468 121 1
468 148 1
468 2376 1
473 3 1
473 20 1
473 40 1
473 42 1
473 102 1
473 119 1
473 456 1
473 922 1
473 1812 1
481 10 1
488 9 1
488 17 1
488 61 1
488 95 1
488 1073 1
489 9 1
489 29 1
493 5 1
493 42 1
493 81 1
493 119 1
493 139 1
493 854 1
511 5 1
511 7 1
511 40 1
511 532 1
525 7 1
525 17 1
525 1473 1
530 5 1
530 102 1
531 7 1
531 15 1
531 25 1
531 33 1
531 40 1
531 42 1
531 47 1
531 57 1
531 87 1
531 108 1
531 133 1
531 333 1
531 554 1
531 574 1
531 702 1
531 1072 1
531 1104 1
531 1743 1
531 2388 1
532 9 1
532 17 1
532 31 1
532 42 1
532 122 1
532 576 1
538 28 1
538 102 1
539 7 1
539 71 1
539 333 1
539 574 1
540 12 1
540 19 1
540 40 1
540 57 1
540 82 1
540 102 1
540 155 1
540 289 1
540 594 1
540 854 1
540 1774 1
540 1784 1
540 3064 1
554 9 1
554 42 1
554 144 1
554 466 1
554 1014 1
558 42 1
558 64 1
558 94 1
570 9 1
571 33 1
572 3 1
572 7 1
572 31 1
572 40 1
572 74 1
572 90 1
572 139 1
572 187 1
572 236 1
572 240 1
572 345 1
572 943 1
572 1103 1
572 1193 1
572 1261 1
574 5 1
574 9 1
574 10 1
574 67 1
574 81 1
574 88 1
574 122 1
574 444 1
576 9 1
576 250 1
576 280 1
581 7 1
582 42 1
582 128 1
592 5 1
593 2507 1
594 5 1
601 3 1
601 33 1
601 40 1
601 42 1
601 57 1
601 119 1
601 288 1
602 9 1
602 19 1
602 95 1
602 281 1
627 9 1
627 15 1
627 19 1
627 42 1
627 58 1
627 106 1
627 1752 1
632 9 1
632 27 1
632 287 1
632 333 1
639 5 1
639 9 1
639 19 1
639 42 1
639 57 1
639 195 1
639 442 1
639 918 1
640 9 1
640 19 1
654 17 1
654 195 1
654 457 1
654 538 1
654 1014 1
670 3 1
670 31 1
670 94 1
670 148 1
670 174 1
670 333 1
671 531 1
678 25 1
678 42 1
678 97 1
678 128 1
678 281 1
678 532 1
678 893 1
679 893 1
679 1043 1
696 345 1
699 9 1
699 31 1
699 40 1
699 1668 1
702 105 1
702 954 1
713 3 1
713 9 1
713 12 1
713 19 1
719 7 1
719 174 1
722 9 1
722 139 1
722 627 1
746 5 1
746 9 1
746 94 1
746 2464 1
746 2657 1
750 94 1
750 654 1
750 893 1
769 9 1
769 20 1
769 42 1
769 99 1
795 5 1
795 31 1
795 33 1
795 699 1
795 953 1
795 1027 1
807 58 1
807 61 1
807 144 1
807 511 1
807 852 1
829 283 1
829 540 1
842 25 1
852 5 1
852 7 1
852 9 1
852 20 1
852 28 1
852 97 1
852 148 1
852 281 1
854 121 1
858 370 1
890 33 1
890 40 1
890 82 1
893 28 1
893 31 1
893 42 1
893 442 1
906 393 1
906 457 1
910 5 1
910 15 1
910 17 1
910 19 1
910 58 1
910 144 1
910 236 1
910 1491 1
910 1601 1
918 5 1
918 9 1
918 17 1
918 57 1
918 97 1
918 670 1
922 5 1
922 386 1
943 5 1
943 20 1
943 28 1
943 64 1
943 87 1
943 574 1
946 71 1
946 148 1
948 5 1
948 7 1
948 22 1
948 40 1
954 3 1
954 119 1
956 105 1
956 144 1
959 7 1
959 9 1
959 40 1
959 42 1
959 946 1
959 1086 1
977 7 1
977 9 1
977 17 1
977 40 1
977 42 1
977 88 1
977 558 1
979 9 1
979 57 1
985 3 1
985 33 1
985 57 1
985 101 1
991 4 1
991 9 1
994 5 1
994 95 1
1002 82 1
1002 122 1
1004 47 1
1005 7 1
1005 82 1
1005 139 1
1005 155 1
1012 7 1
1012 531 1
1014 9 1
1014 25 1
1014 87 1
1014 102 1
1014 144 1
1014 148 1
1017 9 1
1017 11 1
1017 61 1
1017 531 1
1017 632 1
1017 1616 1
1018 102 1
1027 5 1
1027 7 1
1027 9 1
1027 31 1
1027 57 1
1032 9 1
1032 58 1
1035 81 1
1035 83 1
1035 102 1
1035 538 1
1035 893 1
1036 10 1
1036 31 1
1036 102 1
1037 20 1
1043 8 1
1043 40 1
1043 64 1
1043 88 1
1043 393 1
1057 7 1
1064 7 1
1064 138 1
1071 174 1
1072 3 1
1072 57 1
1072 525 1
1073 40 1
1078 7 1
1078 40 1
1078 42 1
1078 122 1
1078 532 1
1078 769 1
1089 33 1
1089 101 1
1090 78 1
1099 1018 1
1100 5 1
1100 17 1
1100 19 1
1100 40 1
1100 122 1
1100 144 1
1100 3041 1
1102 9 1
1102 15 1
1102 95 1
1103 7 1
1104 9 1
1104 19 1
1104 144 1
1104 1127 1
1106 19 1
1106 31 1
1106 58 1
1106 97 1
1106 483 1
1115 5 1
1127 102 1
1127 205 1
1127 574 1
1156 15 1
1164 7 1
1164 61 1
1175 9 1
1184 7 1
1184 9 1
1184 58 1
1184 252 1
1184 2507 1
1193 121 1
1199 28 1
1206 5 1
1206 9 1
1206 144 1
1220 7 1
1220 19 1
1224 57 1
1248 5 1
1255 17 1
1255 33 1
1255 378 1
1256 41 1
1259 9 1
1259 57 1
1259 1036 1
1261 17 1
1261 94 1
1291 81 1
1291 139 1
1295 9 1
1299 9 1
1299 910 1
1316 40 1
1320 40 1
1320 406 1
1336 9 1
1336 19 1
1336 40 1
1336 82 1
1336 88 1
1337 102 1
1337 119 1
1347 9 1
1347 33 1
1347 632 1
1361 985 1
1362 42 1
1366 9 1
1366 702 1
1366 956 1
1368 977 1
1395 42 1
1395 807 1
1396 28 1
1396 40 1
1400 64 1
1400 119 1
1428 40 1
1445 15 1
1473 3 1
1473 7 1
1473 9 1
1473 205 1
1473 281 1
1479 9 1
1479 42 1
1490 9 1
1490 393 1
1491 5 1
1497 333 1
1501 9 1
1514 9 1
1522 27 1
1522 33 1
1522 333 1
1525 28 1
1525 40 1
1525 58 1
1525 291 1
1526 82 1
1533 9 1
1554 289 1
1561 31 1
1561 1036 1
1597 102 1
1598 20 1
1598 57 1
1598 105 1
1601 33 1
1601 57 1
1601 106 1
1601 139 1
1616 57 1
1668 9 1
1681 281 1
1681 1490 1
1731 88 1
1731 95 1
1743 102 1
1746 57 1
1752 9 1
1754 7 1
1754 9 1
1754 17 1
1754 101 1
1754 699 1
1773 40 1
1773 795 1
1773 1017 1
1774 283 1
1781 40 1
1781 948 1
1784 1014 1
1787 7 1
1787 9 1
1787 280 1
1787 288 1
1787 292 1
1812 3 1
1812 42 1
1815 28 1
1815 87 1
1815 2190 1
1816 40 1
1816 632 1
1824 9 1
1824 25 1
1824 102 1
1837 31 1
1878 102 1
1886 42 1
1893 94 1
1906 87 1
1928 581 1
1937 42 1
1937 2405 1
1940 473 1
1942 40 1
1961 9 1
1968 144 1
1989 10 1
1989 441 1
2043 7 1
2053 138 1
2067 88 1
2074 9 1
2074 15 1
2074 511 1
2079 57 1
2079 97 1
2141 31 1
2170 9 1
2177 57 1
2177 128 1
2190 224 1
2190 1017 1
2193 9 1
2200 121 1
2200 769 1
2209 119 1
2223 40 1
2226 42 1
2226 3058 1
2228 1002 1
2264 31 1
2291 9 1
2292 9 1
2292 33 1
2292 106 1
2292 985 1
2293 5 1
2293 7 1
2376 3 1
2378 953 1
2388 83 1
2405 574 1
2408 3 1
2413 7 1
2413 78 1
2414 9 1
2464 17 1
2476 42 1
2484 3 1
2507 58 1
2532 58 1
2543 9 1
2575 1106 1
2584 220 1
2609 17 1
2609 61 1
2615 148 1
2618 42 1
2645 57 1
2646 538 1
2652 2190 1
2657 9 1
2657 58 1
2678 9 1
2678 42 1
2682 10 1
2683 12 1
2683 750 1
2713 948 1
2727 108 1
2729 15 1
2806 57 1
2816 15 1
2842 42 1
2844 9 1
2878 81 1
2880 5 1
2880 87 1
2895 288 1
2915 31 1
2917 102 1
3011 7 1
3041 10 1
3044 119 1
3048 19 1
3058 28 1
3064 154 1
3077 3 1
3092 57 1
3128 33 1
3133 42 1
3146 144 1
3148 2970 1
3175 15 1
