3 5 1
3 7 1
3 15 1
3 17 1
3 19 1
3 25 1
3 28 1
3 29 1
3 31 1
3 42 1
3 74 1
3 84 1
3 87 1
3 91 1
3 94 1
3 97 1
3 102 1
3 119 1
3 139 1
3 148 1
3 174 1
3 179 1
3 195 1
3 281 1
3 289 1
3 303 1
3 393 1
3 405 1
3 457 1
3 531 1
3 574 1
3 640 1
3 852 1
3 854 1
3 893 1
3 977 1
3 1002 1
3 1320 1
3 1961 1
3 1989 1
3 2226 1
4 7 1
4 9 1
4 31 1
4 40 1
4 283 1
4 468 1
4 807 1
5 3 1
5 4 1
5 16 1
5 17 1
5 19 1
5 25 1
5 31 1
5 33 1
5 40 1
5 41 1
5 42 1
5 78 1
5 82 1
5 84 1
5 87 1
5 95 1
5 99 1
5 102 1
5 119 1
5 121 1
5 133 1
5 134 1
5 138 1
5 147 1
5 148 1
5 154 1
5 155 1
5 250 1
5 252 1
5 288 1
5 289 1
5 333 1
5 456 1
5 466 1
5 531 1
5 538 1
5 670 1
5 910 1
5 948 1
5 954 1
5 1014 1
5 1027 1
5 1043 1
5 1184 1
5 1187 1
5 1206 1
5 1533 1
5 1812 1
5 2079 1
5 2678 1
5 3133 1
7 4 1
7 9 1
7 12 1
7 15 1
7 17 1
7 19 1
7 21 1
7 25 1
7 28 1
7 29 1
7 31 1
7 40 1
7 42 1
7 47 1
7 57 1
7 60 1
7 61 1
7 64 1
7 67 1
7 78 1
7 81 1
7 82 1
7 83 1
7 84 1
7 90 1
7 91 1
7 94 1
7 95 1
7 99 1
7 105 1
7 106 1
7 108 1
7 121 1
7 122 1
7 123 1
7 128 1
7 133 1
7 138 1
7 144 1
7 148 1
7 155 1
7 174 1
7 187 1
7 205 1
7 220 1
7 221 1
7 250 1
7 280 1
7 283 1
7 291 1
7 321 1
7 345 1
7 378 1
7 406 1
7 422 1
7 431 1
7 457 1
7 493 1
7 525 1
7 531 1
7 532 1
7 540 1
7 574 1
7 593 1
7 602 1
7 627 1
7 639 1
7 685 1
7 719 1
7 769 1
7 854 1
7 893 1
7 910 1
7 943 1
7 959 1
7 979 1
7 985 1
7 1004 1
7 1005 1
7 1017 1
7 1027 1
7 1043 1
7 1064 1
7 1073 1
7 1104 1
7 1106 1
7 1256 1
7 1313 1
7 1601 1
7 1743 1
7 1781 1
7 1815 1
7 1937 1
7 2074 1
7 2292 1
7 2293 1
7 2376 1
7 2713 1
7 3092 1
8 15 1
9 7 1
9 8 1
9 10 1
9 16 1
9 17 1
9 19 1
9 20 1
9 21 1
9 25 1
9 28 1
9 29 1
9 31 1
9 37 1
9 40 1
9 41 1
9 42 1
9 48 1
9 54 1
9 57 1
9 58 1
9 61 1
9 64 1
9 74 1
9 78 1
9 81 1
9 82 1
9 83 1
9 84 1
9 88 1
9 91 1
9 94 1
9 99 1
9 102 1
9 106 1
9 108 1
9 119 1
9 122 1
9 128 1
9 133 1
9 134 1
9 138 1
9 139 1
9 144 1
9 155 1
9 174 1
9 187 1
9 236 1
9 252 1
9 281 1
9 284 1
9 287 1
9 289 1
9 321 1
9 338 1
9 343 1
9 383 1
9 422 1
9 441 1
9 456 1
9 466 1
9 473 1
9 483 1
9 489 1
9 531 1
9 532 1
9 558 1
9 574 1
9 576 1
9 632 1
9 639 1
9 702 1
9 719 1
9 746 1
9 750 1
9 769 1
9 807 1
9 852 1
9 854 1
9 890 1
9 893 1
9 910 1
9 918 1
9 954 1
9 985 1
9 991 1
9 1004 1
9 1005 1
9 1012 1
9 1014 1
9 1027 1
9 1057 1
9 1106 1
9 1164 1
9 1181 1
9 1199 1
9 1259 1
9 1261 1
9 1286 1
9 1300 1
9 1316 1
9 1336 1
9 1366 1
9 1368 1
9 1395 1
9 1473 1
9 1554 1
9 1616 1
9 1754 1
9 1773 1
9 1774 1
9 1787 1
9 1886 1
9 1968 1
9 2170 1
9 2246 1
9 2378 1
9 2408 1
9 2657 1
9 2806 1
9 2917 1
9 3048 1
9 3058 1
9 3077 1
10 5 1
10 56 1
10 57 1
10 78 1
10 102 1
10 106 1
10 119 1
10 128 1
10 138 1
10 148 1
10 216 1
10 283 1
10 432 1
10 450 1
10 713 1
10 842 1
10 943 1
11 3 1
11 9 1
11 40 1
11 122 1
12 7 1
12 17 1
12 22 1
12 40 1
12 42 1
12 82 1
12 88 1
12 102 1
12 186 1
12 221 1
12 405 1
12 531 1
12 532 1
12 699 1
12 985 1
12 1014 1
12 2543 1
15 5 1
15 9 1
15 27 1
15 40 1
15 42 1
15 83 1
15 97 1
15 101 1
15 105 1
15 148 1
15 248 1
15 281 1
15 456 1
16 4 1
16 17 1
16 40 1
16 41 1
16 58 1
16 97 1
16 144 1
16 155 1
16 250 1
16 654 1
16 2413 1
17 3 1
17 4 1
17 5 1
17 7 1
17 9 1
17 11 1
17 12 1
17 19 1
17 20 1
17 31 1
17 61 1
17 78 1
17 87 1
17 97 1
17 101 1
17 102 1
17 119 1
17 134 1
17 221 1
17 283 1
17 457 1
17 468 1
17 574 1
17 632 1
17 670 1
17 678 1
17 696 1
17 893 1
17 910 1
17 946 1
17 948 1
17 959 1
17 977 1
17 1012 1
17 1017 1
17 1175 1
17 1199 1
17 2729 1
17 3175 1
19 9 1
19 17 1
19 29 1
19 40 1
19 42 1
19 78 1
19 94 1
19 101 1
19 119 1
19 121 1
19 281 1
19 393 1
19 442 1
19 504 1
19 511 1
20 12 1
20 17 1
20 42 1
20 57 1
20 58 1
20 81 1
20 90 1
20 155 1
20 195 1
20 281 1
20 283 1
20 370 1
20 442 1
20 466 1
20 2141 1
20 2190 1
20 3044 1
21 95 1
22 7 1
22 9 1
22 37 1
22 40 1
22 42 1
22 283 1
25 4 1
25 19 1
25 37 1
25 60 1
25 83 1
25 99 1
25 101 1
25 133 1
25 531 1
25 1027 1
27 17 1
27 31 1
27 40 1
27 82 1
27 187 1
27 195 1
27 746 1
28 3 1
28 5 1
28 7 1
28 9 1
28 10 1
28 12 1
28 19 1
28 20 1
28 25 1
28 31 1
28 40 1
28 42 1
28 58 1
28 78 1
28 82 1
28 94 1
28 95 1
28 101 1
28 102 1
28 106 1
28 128 1
28 155 1
28 171 1
28 205 1
28 281 1
28 333 1
28 473 1
28 539 1
28 670 1
28 893 1
28 1099 1
28 1127 1
28 1291 1
28 1746 1
28 2292 1
29 7 1
29 12 1
29 42 1
29 94 1
29 216 1
29 281 1
29 324 1
29 393 1
29 994 1
29 1299 1
31 5 1
31 7 1
31 9 1
31 12 1
31 15 1
31 17 1
31 19 1
31 20 1
31 27 1
31 28 1
31 41 1
31 48 1
31 57 1
31 58 1
31 61 1
31 74 1
31 76 1
31 122 1
31 133 1
31 134 1
31 174 1
31 186 1
31 205 1
31 324 1
31 406 1
31 457 1
31 530 1
31 956 1
31 1127 1
33 9 1
33 10 1
33 15 1
33 27 1
33 28 1
33 40 1
33 42 1
33 57 1
33 61 1
33 78 1
33 82 1
33 88 1
33 97 1
33 102 1
33 179 1
33 195 1
33 205 1
33 321 1
33 450 1
33 483 1
33 852 1
33 985 1
33 1017 1
33 1763 1
33 2682 1
36 9 1
36 19 1
36 22 1
36 94 1
36 148 1
36 204 1
36 291 1
36 383 1
37 5 1
37 7 1
37 9 1
37 42 1
37 91 1
40 5 1
40 9 1
40 19 1
40 20 1
40 22 1
40 27 1
40 28 1
40 29 1
40 41 1
40 42 1
40 54 1
40 57 1
40 61 1
40 74 1
40 78 1
40 82 1
40 88 1
40 94 1
40 95 1
40 97 1
40 99 1
40 102 1
40 105 1
40 106 1
40 122 1
40 133 1
40 138 1
40 139 1
40 144 1
40 148 1
40 195 1
40 204 1
40 205 1
40 220 1
40 221 1
40 236 1
40 240 1
40 250 1
40 280 1
40 281 1
40 287 1
40 333 1
40 338 1
40 346 1
40 382 1
40 386 1
40 393 1
40 405 1
40 422 1
40 442 1
40 455 1
40 468 1
40 489 1
40 511 1
40 531 1
40 538 1
40 554 1
40 574 1
40 639 1
40 699 1
40 746 1
40 747 1
40 769 1
40 852 1
40 893 1
40 918 1
40 948 1
40 1014 1
40 1043 1
40 1078 1
40 1100 1
40 1127 1
40 1156 1
40 1193 1
40 1784 1
40 1878 1
40 1989 1
40 2317 1
40 2464 1
40 2507 1
41 5 1
41 7 1
41 10 1
41 17 1
41 33 1
41 42 1
41 57 1
41 102 1
41 105 1
41 106 1
41 144 1
41 148 1
41 155 1
41 186 1
41 187 1
41 205 1
41 489 1
41 574 1
41 639 1
41 699 1
41 890 1
41 1598 1
41 1746 1
41 2200 1
42 10 1
42 11 1
42 15 1
42 19 1
42 22 1
42 27 1
42 28 1
42 29 1
42 31 1
42 33 1
42 41 1
42 57 1
42 58 1
42 60 1
42 61 1
42 64 1
42 78 1
42 82 1
42 85 1
42 95 1
42 119 1
42 121 1
42 133 1
42 144 1
42 154 1
42 174 1
42 179 1
42 195 1
42 280 1
42 283 1
42 289 1
42 291 1
42 345 1
42 378 1
42 450 1
42 456 1
42 525 1
42 538 1
42 594 1
42 602 1
42 627 1
42 654 1
42 852 1
42 906 1
42 910 1
42 991 1
42 1027 1
42 1106 1
42 1184 1
42 1598 1
42 1787 1
42 1824 1
47 9 1
47 31 1
47 40 1
47 58 1
47 122 1
47 174 1
47 316 1
47 456 1
47 639 1
48 3 1
48 7 1
48 1104 1
54 5 1
54 9 1
54 19 1
54 20 1
54 40 1
54 41 1
54 42 1
54 95 1
54 122 1
54 148 1
54 288 1
54 457 1
54 2292 1
56 94 1
56 133 1
57 3 1
57 9 1
57 15 1
57 16 1
57 17 1
57 19 1
57 58 1
57 74 1
57 82 1
57 97 1
57 102 1
57 144 1
57 205 1
57 216 1
57 221 1
57 232 1
57 280 1
57 288 1
57 316 1
57 321 1
57 370 1
57 455 1
57 457 1
57 473 1
57 531 1
57 538 1
57 574 1
57 592 1
57 602 1
57 893 1
57 922 1
57 953 1
57 1014 1
57 1017 1
57 1601 1
57 1746 1
57 1774 1
57 1837 1
57 2915 1
58 5 1
58 9 1
58 41 1
58 60 1
58 94 1
58 99 1
58 119 1
58 155 1
58 174 1
58 216 1
58 280 1
58 283 1
58 287 1
58 393 1
58 558 1
58 601 1
58 747 1
60 9 1
60 102 1
60 205 1
60 321 1
61 3 1
61 7 1
61 58 1
61 64 1
61 81 1
61 91 1
61 250 1
61 1014 1
61 1445 1
61 1491 1
61 2652 1
64 3 1
64 5 1
64 7 1
64 15 1
64 17 1
64 27 1
64 33 1
64 40 1
64 57 1
64 78 1
64 171 1
64 174 1
64 179 1
64 281 1
64 289 1
64 333 1
64 345 1
64 422 1
64 473 1
64 493 1
64 531 1
64 532 1
64 538 1
64 906 1
64 1036 1
64 1043 1
64 1106 1
64 1295 1
64 1473 1
64 1479 1
64 1522 1
64 2618 1
67 9 1
67 19 1
67 20 1
67 29 1
67 40 1
67 94 1
67 102 1
67 121 1
67 122 1
67 281 1
67 538 1
67 979 1
67 1104 1
67 1300 1
67 2028 1
70 3 1
70 2683 1
71 42 1
71 97 1
71 139 1
71 154 1
71 1501 1
73 9 1
73 101 1
73 179 1
74 3 1
74 9 1
74 40 1
74 122 1
74 406 1
74 539 1
74 959 1
76 5 1
76 25 1
76 205 1
78 5 1
78 7 1
78 9 1
78 15 1
78 19 1
78 20 1
78 42 1
78 71 1
78 82 1
78 87 1
78 95 1
78 101 1
78 119 1
78 133 1
78 187 1
78 205 1
78 221 1
78 250 1
78 316 1
78 333 1
78 893 1
78 1490 1
78 2388 1
81 5 1
81 7 1
81 25 1
81 28 1
81 57 1
81 60 1
81 78 1
81 283 1
81 576 1
81 893 1
81 1754 1
81 1773 1
81 2291 1
82 3 1
82 9 1
82 16 1
82 17 1
82 19 1
82 29 1
82 31 1
82 33 1
82 57 1
82 78 1
82 95 1
82 97 1
82 101 1
82 105 1
82 147 1
82 155 1
82 171 1
82 531 1
82 893 1
82 1017 1
83 5 1
83 7 1
83 17 1
83 258 1
85 33 1
85 88 1
87 9 1
87 20 1
87 25 1
87 31 1
87 41 1
87 61 1
87 119 1
87 248 1
87 483 1
87 639 1
88 3 1
88 5 1
88 7 1
88 19 1
88 31 1
88 42 1
88 47 1
88 94 1
88 119 1
88 123 1
88 138 1
88 171 1
88 283 1
88 405 1
88 627 1
88 632 1
88 893 1
88 1005 1
88 1014 1
88 1027 1
88 1206 1
88 1754 1
90 5 1
90 40 1
90 58 1
91 405 1
94 5 1
94 7 1
94 9 1
94 17 1
94 40 1
94 102 1
94 103 1
94 122 1
94 148 1
94 205 1
94 291 1
94 370 1
94 769 1
94 910 1
94 1526 1
94 1784 1
94 2228 1
94 2657 1
95 3 1
95 7 1
95 12 1
95 17 1
95 20 1
95 31 1
95 42 1
95 47 1
95 57 1
95 61 1
95 119 1
95 139 1
95 204 1
95 422 1
95 581 1
95 654 1
95 702 1
95 746 1
95 854 1
95 1299 1
95 1668 1
95 2678 1
97 3 1
97 9 1
97 10 1
97 17 1
97 42 1
97 61 1
97 82 1
97 250 1
97 1347 1
97 2657 1
99 7 1
99 9 1
99 10 1
99 19 1
99 31 1
99 33 1
99 40 1
99 61 1
99 64 1
99 90 1
99 94 1
99 133 1
99 138 1
99 148 1
99 283 1
99 291 1
99 405 1
99 531 1
101 3 1
101 9 1
101 17 1
101 31 1
101 33 1
101 40 1
101 58 1
101 76 1
101 82 1
101 88 1
101 128 1
101 174 1
101 289 1
101 324 1
101 627 1
101 1184 1
102 3 1
102 4 1
102 5 1
102 10 1
102 42 1
102 71 1
102 87 1
102 94 1
102 101 1
102 133 1
102 139 1
102 220 1
102 283 1
102 331 1
102 511 1
102 639 1
102 654 1
102 807 1
105 3 1
105 40 1
105 456 1
105 532 1
105 654 1
105 722 1
105 893 1
105 943 1
105 1012 1
106 3 1
106 9 1
106 67 1
106 289 1
108 3 1
108 5 1
108 7 1
108 57 1
108 58 1
108 61 1
108 685 1
119 3 1
119 5 1
119 7 1
119 9 1
119 15 1
119 19 1
119 25 1
119 28 1
119 33 1
119 42 1
119 64 1
119 71 1
119 78 1
119 82 1
119 102 1
119 133 1
119 134 1
119 144 1
119 488 1
119 504 1
119 574 1
119 601 1
119 627 1
119 639 1
119 679 1
119 977 1
119 1017 1
119 1072 1
119 1261 1
119 1337 1
119 1366 1
121 7 1
121 17 1
121 40 1
121 64 1
121 82 1
121 97 1
121 186 1
121 525 1
121 531 1
122 7 1
122 9 1
122 20 1
122 40 1
122 42 1
122 81 1
122 102 1
122 134 1
122 205 1
122 405 1
122 456 1
122 601 1
122 1601 1
123 57 1
123 531 1
128 19 1
128 29 1
128 105 1
128 138 1
128 364 1
128 670 1
128 750 1
128 1224 1
133 5 1
133 7 1
133 9 1
133 19 1
133 20 1
133 29 1
133 31 1
133 99 1
133 119 1
133 289 1
133 378 1
133 1362 1
133 1473 1
134 3 1
134 15 1
134 33 1
134 58 1
134 97 1
134 138 1
134 283 1
134 572 1
134 1199 1
138 40 1
138 42 1
138 84 1
138 87 1
138 101 1
138 139 1
138 148 1
138 221 1
138 769 1
138 1103 1
139 5 1
139 7 1
139 10 1
139 12 1
139 15 1
139 17 1
139 19 1
139 20 1
139 31 1
139 57 1
139 58 1
139 64 1
139 101 1
139 122 1
139 148 1
139 171 1
139 333 1
139 393 1
139 466 1
139 531 1
139 593 1
139 893 1
139 1102 1
139 1127 1
139 2615 1
144 5 1
144 17 1
144 19 1
144 33 1
144 58 1
144 281 1
144 291 1
144 331 1
144 511 1
147 5 1
147 9 1
147 61 1
147 287 1
148 7 1
148 9 1
148 12 1
148 22 1
148 25 1
148 42 1
148 57 1
148 58 1
148 64 1
148 67 1
148 102 1
148 106 1
148 122 1
148 216 1
148 288 1
148 393 1
148 468 1
148 483 1
148 538 1
148 893 1
148 1017 1
148 1035 1
148 1037 1
148 1100 1
148 1525 1
148 1731 1
148 2317 1
154 9 1
154 33 1
154 57 1
154 74 1
154 84 1
154 88 1
154 105 1
154 174 1
154 179 1
154 220 1
154 483 1
154 511 1
154 890 1
154 994 1
154 2476 1
154 2507 1
154 2842 1
155 10 1
155 31 1
155 41 1
155 88 1
155 144 1
155 148 1
155 195 1
155 289 1
155 2317 1
155 2645 1
171 3 1
171 33 1
171 42 1
171 88 1
171 155 1
171 281 1
171 291 1
171 654 1
171 2880 1
174 19 1
174 57 1
174 280 1
179 5 1
179 9 1
179 10 1
179 19 1
179 61 1
179 102 1
179 122 1
179 627 1
179 769 1
186 15 1
186 17 1
186 33 1
186 57 1
186 74 1
186 119 1
186 288 1
186 574 1
186 670 1
187 33 1
187 57 1
187 61 1
187 99 1
187 702 1
195 5 1
195 7 1
195 9 1
195 10 1
195 22 1
195 42 1
195 64 1
195 74 1
195 78 1
195 95 1
195 102 1
195 121 1
195 122 1
195 248 1
195 252 1
195 343 1
195 345 1
195 538 1
195 722 1
195 829 1
195 1032 1
195 1078 1
195 1347 1
204 9 1
204 58 1
204 67 1
205 7 1
205 9 1
205 17 1
205 20 1
205 31 1
205 41 1
205 61 1
205 81 1
205 82 1
205 99 1
205 102 1
205 154 1
205 155 1
205 281 1
205 288 1
205 893 1
205 991 1
205 1445 1
216 7 1
216 57 1
216 88 1
216 289 1
216 632 1
216 2190 1
220 21 1
220 31 1
220 33 1
220 40 1
220 57 1
220 67 1
220 148 1
220 159 1
220 281 1
220 1774 1
221 9 1
221 20 1
221 78 1
221 83 1
221 101 1
221 289 1
221 316 1
221 330 1
221 977 1
221 1313 1
224 5 1
224 9 1
224 15 1
224 20 1
224 31 1
224 33 1
224 40 1
224 61 1
224 88 1
224 105 1
224 106 1
224 119 1
224 122 1
224 138 1
224 144 1
224 171 1
224 174 1
224 236 1
224 281 1
224 531 1
224 532 1
224 570 1
224 582 1
224 893 1
232 9 1
236 12 1
236 20 1
236 58 1
236 99 1
236 333 1
236 457 1
236 910 1
240 7 1
240 102 1
240 148 1
240 422 1
240 1078 1
248 42 1
248 2264 1
250 9 1
252 57 1
252 1942 1
258 7 1
258 42 1
258 122 1
258 138 1
259 5 1
259 94 1
259 97 1
259 119 1
259 455 1
259 532 1
280 5 1
280 9 1
280 40 1
280 1036 1
280 1100 1
280 1940 1
281 3 1
281 5 1
281 7 1
281 10 1
281 20 1
281 22 1
281 42 1
281 102 1
281 195 1
281 316 1
281 574 1
281 943 1
281 1002 1
283 5 1
283 9 1
283 57 1
283 101 1
283 187 1
283 220 1
283 324 1
283 330 1
283 746 1
283 769 1
283 2484 1
284 133 1
287 42 1
287 71 1
287 148 1
288 5 1
288 9 1
288 25 1
288 40 1
288 82 1
288 105 1
288 287 1
288 532 1
288 910 1
289 3 1
289 9 1
289 15 1
289 47 1
289 58 1
289 281 1
289 954 1
291 7 1
291 9 1
291 28 1
291 97 1
291 504 1
291 531 1
291 601 1
292 5 1
292 7 1
292 25 1
292 28 1
292 37 1
292 57 1
292 71 1
292 84 1
292 102 1
292 119 1
292 144 1
292 148 1
292 221 1
292 224 1
292 287 1
292 346 1
292 554 1
292 750 1
292 1320 1
292 2193 1
296 9 1
303 17 1
303 22 1
303 57 1
303 139 1
303 187 1
303 195 1
303 289 1
316 5 1
316 7 1
316 10 1
316 15 1
316 19 1
316 40 1
316 148 1
316 171 1
316 205 1
316 236 1
316 378 1
316 1248 1
316 1400 1
316 1754 1
321 40 1
321 139 1
321 582 1
324 5 1
324 20 1
324 31 1
324 78 1
324 105 1
331 9 1
331 40 1
331 42 1
333 83 1
333 105 1
333 121 1
333 122 1
333 530 1
333 639 1
333 713 1
338 3 1
338 42 1
338 57 1
338 64 1
338 139 1
343 9 1
343 41 1
343 94 1
343 105 1
343 333 1
345 7 1
345 58 1
345 601 1
346 9 1
346 15 1
346 31 1
346 40 1
346 41 1
346 456 1
361 3 1
361 25 1
361 57 1
361 101 1
364 9 1
364 57 1
364 58 1
364 61 1
364 240 1
364 455 1
370 10 1
370 31 1
370 81 1
370 378 1
378 5 1
378 7 1
378 17 1
378 42 1
378 97 1
378 288 1
382 3 1
382 9 1
386 33 1
393 19 1
393 138 1
405 17 1
405 33 1
405 40 1
405 95 1
405 138 1
406 5 1
406 12 1
406 40 1
406 95 1
406 119 1
422 7 1
422 9 1
422 57 1
422 61 1
431 3 1
431 9 1
431 148 1
431 281 1
432 40 1
441 5 1
441 58 1
441 240 1
442 57 1
442 144 1
442 602 1
444 31 1
444 95 1
444 108 1
444 284 1
449 5 1
449 94 1
449 138 1
450 3 1
450 9 1
450 57 1
450 128 1
450 422 1
455 9 1
455 42 1
455 48 1
455 94 1
455 95 1
455 106 1
456 7 1
456 25 1
456 40 1
456 42 1
456 57 1
456 87 1
456 205 1
457 94 1
457 422 1
466 7 1
466 9 1
466 20 1
466 40 1
466 58 1
466 289 1
466 331 1
466 3064 1
468 9 1
468 57 1
468 144 1
468 195 1
468 280 1
468 289 1
468 540 1
468 769 1
473 5 1
473 17 1
473 40 1
473 42 1
473 58 1
473 81 1
473 87 1
473 205 1
473 943 1
481 28 1
488 7 1
488 10 1
488 19 1
488 119 1
488 2317 1
489 5 1
489 57 1
493 7 1
493 9 1
493 10 1
493 540 1
493 1089 1
493 2053 1
511 5 1
511 9 1
511 40 1
511 1100 1
525 28 1
525 81 1
525 102 1
530 5 1
530 57 1
531 5 1
531 7 1
531 9 1
531 10 1
531 28 1
531 33 1
531 42 1
531 61 1
531 102 1
531 105 1
531 106 1
531 289 1
531 456 1
531 525 1
531 554 1
531 574 1
531 985 1
531 1078 1
531 1337 1
532 5 1
532 9 1
532 87 1
532 119 1
532 138 1
532 943 1
538 60 1
538 119 1
539 7 1
539 9 1
539 40 1
539 383 1
540 5 1
540 9 1
540 20 1
540 40 1
540 42 1
540 78 1
540 94 1
540 119 1
540 139 1
540 382 1
540 532 1
540 574 1
540 854 1
554 7 1
554 28 1
554 31 1
554 57 1
554 138 1
558 19 1
558 42 1
558 81 1
570 3 1
571 154 1
572 4 1
572 5 1
572 9 1
572 17 1
572 20 1
572 41 1
572 78 1
572 87 1
572 88 1
572 102 1
572 195 1
572 393 1
572 444 1
572 538 1
572 948 1
574 7 1
574 108 1
574 121 1
574 174 1
574 250 1
574 893 1
574 910 1
574 1497 1
576 3 1
576 57 1
576 713 1
581 58 1
582 16 1
582 88 1
592 370 1
593 9 1
594 9 1
601 9 1
601 25 1
601 40 1
601 58 1
601 95 1
601 292 1
601 893 1
602 40 1
602 240 1
602 283 1
602 538 1
627 7 1
627 15 1
627 19 1
627 20 1
627 40 1
627 57 1
627 370 1
632 7 1
632 64 1
632 128 1
632 148 1
639 9 1
639 11 1
639 42 1
639 57 1
639 289 1
639 330 1
639 456 1
639 1027 1
640 40 1
640 47 1
654 5 1
654 40 1
654 122 1
654 283 1
654 333 1
670 17 1
670 81 1
670 102 1
670 288 1
670 292 1
670 330 1
671 40 1
678 9 1
678 33 1
678 40 1
678 42 1
678 61 1
678 97 1
678 1291 1
679 40 1
679 139 1
696 9 1
699 5 1
699 42 1
699 1027 1
699 1445 1
702 41 1
702 292 1
713 7 1
713 81 1
713 101 1
713 444 1
719 42 1
719 119 1
722 42 1
722 102 1
722 531 1
746 5 1
746 9 1
746 144 1
746 330 1
746 601 1
750 31 1
750 87 1
750 139 1
769 15 1
769 457 1
769 893 1
769 2657 1
795 7 1
795 42 1
795 119 1
795 174 1
795 333 1
795 1681 1
807 3 1
807 40 1
807 47 1
807 87 1
807 1989 1
829 61 1
829 138 1
842 9 1
852 3 1
852 5 1
852 40 1
852 82 1
852 84 1
852 95 1
852 133 1
852 2405 1
854 11 1
858 139 1
890 5 1
890 139 1
890 174 1
893 7 1
893 9 1
893 42 1
893 82 1
906 9 1
906 122 1
910 19 1
910 57 1
910 88 1
910 102 1
910 108 1
910 148 1
910 289 1
910 540 1
910 1396 1
918 5 1
918 9 1
918 19 1
918 22 1
918 61 1
918 948 1
922 5 1
922 40 1
943 7 1
943 97 1
943 205 1
943 280 1
943 1002 1
943 1184 1
946 42 1
946 87 1
948 40 1
948 138 1
948 432 1
948 696 1
954 58 1
954 121 1
956 33 1
956 57 1
959 7 1
959 9 1
959 31 1
959 42 1
959 58 1
959 138 1
977 11 1
977 17 1
977 99 1
977 128 1
977 283 1
977 601 1
977 1086 1
979 27 1
979 42 1
985 31 1
985 95 1
985 473 1
985 918 1
991 9 1
991 95 1
994 148 1
994 893 1
1002 9 1
1002 42 1
1004 64 1
1005 7 1
1005 28 1
1005 121 1
1005 1027 1
1012 61 1
1012 121 1
1014 3 1
1014 33 1
1014 78 1
1014 236 1
1014 473 1
1014 1490 1
1017 12 1
1017 19 1
1017 42 1
1017 58 1
1017 154 1
1017 442 1
1018 28 1
1027 5 1
1027 7 1
1027 42 1
1027 87 1
1027 893 1
1032 42 1
1032 134 1
1035 5 1
1035 9 1
1035 33 1
1035 40 1
1035 144 1
1036 28 1
1036 40 1
1036 122 1
1037 40 1
1043 15 1
1043 31 1
1043 71 1
1043 122 1
1043 2236 1
1057 12 1
1064 7 1
1064 78 1
1071 133 1
1072 105 1
1072 106 1
1072 133 1
1073 457 1
1078 15 1
1078 28 1
1078 40 1
1078 42 1
1078 144 1
1078 292 1
1089 40 1
1089 42 1
1090 119 1
1099 40 1
1100 3 1
1100 7 1
1100 9 1
1100 57 1
1100 97 1
1100 205 1
1100 289 1
1102 17 1
1102 42 1
1102 90 1
1103 9 1
1104 9 1
1104 10 1
1104 33 1
1104 2223 1
1106 57 1
1106 102 1
1106 572 1
1106 574 1
1106 893 1
1115 28 1
1127 40 1
1127 61 1
1127 422 1
1156 25 1
1164 15 1
1164 28 1
1175 186 1
1184 7 1
1184 42 1
1184 57 1
1184 94 1
1184 281 1
1193 42 1
1199 639 1
1206 25 1
1206 57 1
1206 985 1
1220 7 1
1220 17 1
1224 17 1
1248 40 1
1255 3 1
1255 40 1
1255 119 1
1256 186 1
1259 28 1
1259 40 1
1259 144 1
1261 19 1
1261 95 1
1291 19 1
1291 88 1
1295 95 1
1299 9 1
1299 102 1
1316 9 1
1320 19 1
1320 54 1
1336 19 1
1336 57 1
1336 81 1
1336 87 1
1336 139 1
1337 9 1
1337 42 1
1347 40 1
1347 61 1
1347 95 1
1361 280 1
1362 82 1
1366 5 1
1366 9 1
1366 31 1
1368 195 1
1395 33 1
1395 121 1
1396 9 1
1396 1817 1
1400 122 1
1400 679 1
1428 40 1
1445 7 1
1473 5 1
1473 17 1
1473 33 1
1473 280 1
1473 713 1
1479 7 1
1479 154 1
1490 31 1
1490 105 1
1491 5 1
1497 57 1
1501 42 1
1514 57 1
1522 5 1
1522 9 1
1522 769 1
1525 9 1
1525 17 1
1525 42 1
1525 531 1
1526 41 1
1533 5 1
1554 12 1
1561 95 1
1561 345 1
1597 40 1
1598 9 1
1598 19 1
1598 47 1
1601 5 1
1601 40 1
1601 82 1
1601 893 1
1616 205 1
1668 42 1
1681 7 1
1681 9 1
1731 9 1
1731 27 1
1743 119 1
1746 918 1
1752 61 1
1754 7 1
1754 9 1
1754 95 1
1754 1090 1
1754 1816 1
1773 22 1
1773 33 1
1773 174 1
1774 105 1
1781 7 1
1781 9 1
1784 61 1
1787 15 1
1787 25 1
1787 40 1
1787 57 1
1787 248 1
1812 3 1
1812 88 1
1815 3 1
1815 9 1
1815 148 1
1816 5 1
1816 9 1
1824 5 1
1824 7 1
1824 40 1
1837 102 1
1878 57 1
1886 57 1
1893 81 1
1906 17 1
1928 1043 1
1937 97 1
1937 122 1
1940 9 1
1942 281 1
1961 19 1
1968 33 1
1989 33 1
1989 42 1
2043 42 1
2053 20 1
2067 47 1
2074 7 1
2074 9 1
2074 139 1
2079 9 1
2079 58 1
2141 9 1
2170 1893 1
2177 57 1
2177 88 1
2190 9 1
2190 893 1
2193 9 1
2200 19 1
2200 654 1
2209 119 1
2223 953 1
2226 119 1
2226 2844 1
2228 1037 1
2264 9 1
2291 5 1
2292 5 1
2292 33 1
2292 133 1
2292 1754 1
2293 7 1
2293 40 1
2376 2507 1
2378 88 1
2388 9 1
2405 64 1
2408 511 1
2413 9 1
2413 40 1
2414 205 1
2464 28 1
2476 364 1
2484 3 1
2507 1313 1
2532 7 1
2543 40 1
2575 1018 1
2584 28 1
2609 9 1
2609 2816 1
2615 40 1
2618 139 1
2645 7 1
2646 133 1
2652 7 1
2657 88 1
2657 139 1
2678 42 1
2678 2970 1
2682 28 1
2683 40 1
2683 893 1
2713 119 1
2727 9 1
2729 31 1
2806 1752 1
2816 122 1
2842 3041 1
2844 78 1
2878 122 1
2880 9 1
2880 41 1
2895 40 1
2915 186 1
2917 57 1
3011 5 1
3041 3 1
3044 893 1
3048 7 1
3058 64 1
3064 122 1
3077 795 1
3092 1291 1
3128 303 1
3133 991 1
3146 9 1
3148 224 1
3175 9 1
