3 5 1
3 9 1
3 12 1
3 19 1
3 20 1
3 28 1
3 40 1
3 41 1
3 83 1
3 95 1
3 99 1
3 122 1
3 133 1
3 134 1
3 138 1
3 155 1
3 186 1
3 220 1
3 281 1
3 283 1
3 288 1
3 324 1
3 331 1
3 364 1
3 378 1
3 406 1
3 489 1
3 493 1
3 511 1
3 531 1
3 627 1
3 639 1
3 746 1
3 852 1
3 893 1
3 979 1
3 1005 1
3 1181 1
3 1199 1
3 1731 1
3 2317 1
4 7 1
4 9 1
4 17 1
4 88 1
4 95 1
4 283 1
4 455 1
5 10 1
5 11 1
5 17 1
5 21 1
5 28 1
5 31 1
5 33 1
5 40 1
5 41 1
5 58 1
5 60 1
5 61 1
5 78 1
5 82 1
5 83 1
5 84 1
5 87 1
5 97 1
5 99 1
5 102 1
5 106 1
5 122 1
5 133 1
5 155 1
5 174 1
5 186 1
5 220 1
5 236 1
5 291 1
5 457 1
5 489 1
5 532 1
5 558 1
5 576 1
5 640 1
5 654 1
5 670 1
5 702 1
5 893 1
5 910 1
5 948 1
5 1012 1
5 1014 1
5 1017 1
5 1224 1
5 1256 1
5 1445 1
5 2484 1
5 2645 1
5 2683 1
5 2880 1
7 3 1
7 9 1
7 10 1
7 11 1
7 12 1
7 19 1
7 20 1
7 22 1
7 27 1
7 29 1
7 33 1
7 42 1
7 48 1
7 54 1
7 57 1
7 58 1
7 60 1
7 61 1
7 76 1
7 78 1
7 81 1
7 82 1
7 88 1
7 91 1
7 94 1
7 101 1
7 102 1
7 103 1
7 106 1
7 119 1
7 122 1
7 133 1
7 134 1
7 138 1
7 139 1
7 144 1
7 155 1
7 159 1
7 186 1
7 195 1
7 205 1
7 248 1
7 280 1
7 281 1
7 283 1
7 288 1
7 289 1
7 321 1
7 324 1
7 333 1
7 345 1
7 346 1
7 378 1
7 393 1
7 422 1
7 441 1
7 466 1
7 488 1
7 525 1
7 531 1
7 532 1
7 538 1
7 601 1
7 654 1
7 670 1
7 699 1
7 746 1
7 747 1
7 769 1
7 842 1
7 852 1
7 893 1
7 910 1
7 959 1
7 977 1
7 1005 1
7 1012 1
7 1014 1
7 1017 1
7 1027 1
7 1037 1
7 1043 1
7 1187 1
7 1259 1
7 1291 1
7 1300 1
7 1445 1
7 1473 1
7 1525 1
7 1526 1
7 1743 1
7 1754 1
7 1774 1
7 1937 1
7 2074 1
7 2223 1
7 2464 1
7 2682 1
7 2970 1
8 139 1
9 3 1
9 4 1
9 5 1
9 7 1
9 10 1
9 12 1
9 15 1
9 16 1
9 17 1
9 19 1
9 22 1
9 25 1
9 28 1
9 29 1
9 31 1
9 33 1
9 40 1
9 41 1
9 42 1
9 47 1
9 57 1
9 58 1
9 60 1
9 67 1
9 74 1
9 78 1
9 81 1
9 82 1
9 88 1
9 90 1
9 91 1
9 94 1
9 97 1
9 99 1
9 105 1
9 106 1
9 108 1
9 119 1
9 122 1
9 128 1
9 134 1
9 144 1
9 147 1
9 171 1
9 179 1
9 187 1
9 195 1
9 204 1
9 216 1
9 221 1
9 240 1
9 248 1
9 250 1
9 252 1
9 258 1
9 280 1
9 281 1
9 283 1
9 287 1
9 288 1
9 291 1
9 321 1
9 343 1
9 345 1
9 383 1
9 393 1
9 405 1
9 422 1
9 432 1
9 442 1
9 457 1
9 473 1
9 525 1
9 531 1
9 540 1
9 570 1
9 574 1
9 602 1
9 627 1
9 639 1
9 679 1
9 685 1
9 696 1
9 699 1
9 702 1
9 746 1
9 750 1
9 769 1
9 890 1
9 922 1
9 943 1
9 948 1
9 954 1
9 994 1
9 1014 1
9 1018 1
9 1027 1
9 1064 1
9 1072 1
9 1078 1
9 1099 1
9 1100 1
9 1102 1
9 1156 1
9 1184 1
9 1347 1
9 1362 1
9 1479 1
9 1490 1
9 1533 1
9 1554 1
9 1746 1
9 1781 1
9 1989 1
9 2028 1
9 2141 1
9 2193 1
9 2264 1
9 2293 1
9 2507 1
9 2543 1
9 3058 1
9 3175 1
10 17 1
10 29 1
10 31 1
10 57 1
10 71 1
10 78 1
10 81 1
10 84 1
10 94 1
10 122 1
10 187 1
10 333 1
10 854 1
10 890 1
10 893 1
10 1164 1
10 1754 1
11 9 1
11 19 1
11 195 1
11 1100 1
12 9 1
12 15 1
12 16 1
12 17 1
12 33 1
12 58 1
12 71 1
12 81 1
12 102 1
12 105 1
12 148 1
12 179 1
12 287 1
12 457 1
12 893 1
12 959 1
12 1681 1
15 5 1
15 7 1
15 10 1
15 20 1
15 40 1
15 57 1
15 97 1
15 171 1
15 292 1
15 330 1
15 593 1
15 1601 1
15 2236 1
16 4 1
16 7 1
16 22 1
16 31 1
16 81 1
16 97 1
16 292 1
16 678 1
16 1106 1
16 1193 1
16 2713 1
17 5 1
17 9 1
17 10 1
17 11 1
17 12 1
17 15 1
17 19 1
17 25 1
17 28 1
17 31 1
17 40 1
17 42 1
17 58 1
17 61 1
17 74 1
17 78 1
17 82 1
17 84 1
17 85 1
17 99 1
17 102 1
17 133 1
17 147 1
17 148 1
17 155 1
17 187 1
17 205 1
17 280 1
17 283 1
17 343 1
17 602 1
17 670 1
17 699 1
17 893 1
17 943 1
17 1014 1
17 1127 1
17 1501 1
17 1989 1
19 7 1
19 9 1
19 22 1
19 40 1
19 42 1
19 54 1
19 61 1
19 105 1
19 121 1
19 128 1
19 330 1
19 627 1
19 852 1
19 854 1
19 2657 1
20 9 1
20 15 1
20 19 1
20 40 1
20 57 1
20 90 1
20 101 1
20 102 1
20 119 1
20 139 1
20 144 1
20 283 1
20 511 1
20 910 1
20 994 1
20 1104 1
20 1746 1
21 82 1
22 5 1
22 19 1
22 40 1
22 57 1
22 58 1
22 288 1
25 61 1
25 90 1
25 133 1
25 144 1
25 148 1
25 281 1
25 289 1
25 333 1
25 893 1
25 2405 1
27 5 1
27 19 1
27 40 1
27 42 1
27 101 1
27 121 1
27 316 1
28 3 1
28 4 1
28 7 1
28 9 1
28 12 1
28 17 1
28 19 1
28 20 1
28 22 1
28 29 1
28 31 1
28 33 1
28 58 1
28 64 1
28 84 1
28 88 1
28 122 1
28 133 1
28 144 1
28 187 1
28 252 1
28 280 1
28 283 1
28 288 1
28 331 1
28 370 1
28 405 1
28 483 1
28 531 1
28 581 1
28 954 1
28 985 1
28 1027 1
28 2317 1
28 2615 1
29 5 1
29 7 1
29 15 1
29 28 1
29 42 1
29 105 1
29 432 1
29 457 1
29 540 1
29 2317 1
31 5 1
31 9 1
31 17 1
31 40 1
31 41 1
31 58 1
31 71 1
31 81 1
31 82 1
31 84 1
31 94 1
31 99 1
31 106 1
31 128 1
31 148 1
31 195 1
31 205 1
31 240 1
31 345 1
31 468 1
31 489 1
31 531 1
31 639 1
31 977 1
31 1206 1
31 1400 1
31 1752 1
31 1942 1
31 3048 1
33 3 1
33 7 1
33 9 1
33 22 1
33 31 1
33 40 1
33 78 1
33 87 1
33 88 1
33 101 1
33 139 1
33 148 1
33 205 1
33 250 1
33 280 1
33 283 1
33 289 1
33 345 1
33 393 1
33 456 1
33 504 1
33 538 1
33 574 1
33 2678 1
33 3133 1
36 7 1
36 9 1
36 10 1
36 21 1
36 37 1
36 57 1
36 119 1
36 221 1
37 7 1
37 40 1
37 58 1
37 205 1
37 1005 1
40 3 1
40 5 1
40 7 1
40 8 1
40 9 1
40 10 1
40 12 1
40 17 1
40 19 1
40 22 1
40 27 1
40 31 1
40 37 1
40 41 1
40 42 1
40 61 1
40 64 1
40 71 1
40 74 1
40 78 1
40 90 1
40 91 1
40 97 1
40 99 1
40 102 1
40 106 1
40 108 1
40 119 1
40 121 1
40 122 1
40 139 1
40 144 1
40 154 1
40 155 1
40 171 1
40 174 1
40 236 1
40 240 1
40 250 1
40 281 1
40 284 1
40 289 1
40 316 1
40 321 1
40 330 1
40 331 1
40 370 1
40 378 1
40 422 1
40 455 1
40 466 1
40 531 1
40 574 1
40 592 1
40 627 1
40 654 1
40 702 1
40 747 1
40 854 1
40 893 1
40 910 1
40 956 1
40 977 1
40 985 1
40 1017 1
40 1027 1
40 1073 1
40 1103 1
40 1184 1
40 1261 1
40 1316 1
40 1320 1
40 1366 1
40 1497 1
40 1668 1
40 1754 1
40 1837 1
40 2292 1
40 2408 1
40 2842 1
41 5 1
41 42 1
41 57 1
41 61 1
41 76 1
41 78 1
41 82 1
41 95 1
41 101 1
41 106 1
41 119 1
41 155 1
41 187 1
41 205 1
41 252 1
41 281 1
41 289 1
41 303 1
41 324 1
41 530 1
41 540 1
41 576 1
41 639 1
41 2476 1
42 3 1
42 15 1
42 17 1
42 19 1
42 20 1
42 21 1
42 22 1
42 25 1
42 27 1
42 28 1
42 31 1
42 33 1
42 48 1
42 57 1
42 58 1
42 61 1
42 64 1
42 78 1
42 82 1
42 83 1
42 87 1
42 88 1
42 97 1
42 105 1
42 119 1
42 133 1
42 138 1
42 144 1
42 148 1
42 205 1
42 250 1
42 281 1
42 287 1
42 289 1
42 393 1
42 406 1
42 511 1
42 531 1
42 574 1
42 582 1
42 639 1
42 670 1
42 807 1
42 829 1
42 893 1
42 906 1
42 985 1
42 991 1
42 1127 1
42 1291 1
42 1773 1
42 1878 1
47 28 1
47 42 1
47 57 1
47 58 1
47 94 1
47 122 1
47 204 1
47 953 1
47 979 1
48 9 1
48 40 1
48 1002 1
54 7 1
54 19 1
54 20 1
54 28 1
54 40 1
54 42 1
54 58 1
54 105 1
54 106 1
54 289 1
54 333 1
54 574 1
54 1774 1
56 3 1
56 171 1
57 9 1
57 17 1
57 20 1
57 33 1
57 40 1
57 48 1
57 74 1
57 84 1
57 87 1
57 91 1
57 97 1
57 102 1
57 108 1
57 128 1
57 148 1
57 174 1
57 195 1
57 205 1
57 221 1
57 250 1
57 283 1
57 531 1
57 532 1
57 538 1
57 594 1
57 601 1
57 670 1
57 769 1
57 918 1
57 954 1
57 985 1
57 1004 1
57 1036 1
57 1043 1
57 1127 1
57 1291 1
57 1598 1
57 1784 1
57 2291 1
58 7 1
58 17 1
58 19 1
58 64 1
58 82 1
58 87 1
58 97 1
58 138 1
58 174 1
58 316 1
58 511 1
58 539 1
58 769 1
58 807 1
58 1815 1
58 2378 1
58 3041 1
60 40 1
60 179 1
60 538 1
60 1043 1
61 3 1
61 7 1
61 15 1
61 20 1
61 81 1
61 205 1
61 221 1
61 303 1
61 985 1
61 1100 1
61 1817 1
64 5 1
64 9 1
64 19 1
64 20 1
64 28 1
64 33 1
64 47 1
64 61 1
64 67 1
64 82 1
64 95 1
64 105 1
64 119 1
64 122 1
64 139 1
64 154 1
64 155 1
64 171 1
64 174 1
64 216 1
64 291 1
64 473 1
64 483 1
64 554 1
64 601 1
64 750 1
64 769 1
64 943 1
64 1002 1
64 1043 1
64 1746 1
64 1754 1
67 3 1
67 5 1
67 15 1
67 31 1
67 40 1
67 58 1
67 60 1
67 87 1
67 102 1
67 105 1
67 216 1
67 289 1
67 333 1
67 893 1
67 2657 1
70 87 1
70 330 1
71 3 1
71 4 1
71 5 1
71 9 1
71 119 1
73 57 1
73 95 1
73 148 1
74 5 1
74 9 1
74 28 1
74 29 1
74 40 1
74 138 1
74 289 1
76 57 1
76 102 1
76 121 1
78 3 1
78 4 1
78 5 1
78 7 1
78 9 1
78 17 1
78 22 1
78 25 1
78 28 1
78 40 1
78 42 1
78 57 1
78 94 1
78 95 1
78 102 1
78 128 1
78 138 1
78 405 1
78 422 1
78 457 1
78 558 1
78 918 1
78 1017 1
81 3 1
81 9 1
81 42 1
81 57 1
81 60 1
81 64 1
81 88 1
81 138 1
81 139 1
81 224 1
81 456 1
81 531 1
81 2246 1
82 4 1
82 5 1
82 7 1
82 9 1
82 10 1
82 17 1
82 19 1
82 31 1
82 40 1
82 42 1
82 57 1
82 121 1
82 144 1
82 324 1
82 405 1
82 442 1
82 574 1
82 910 1
82 1774 1
82 2652 1
83 42 1
83 88 1
83 289 1
83 1787 1
85 42 1
85 57 1
87 9 1
87 41 1
87 78 1
87 95 1
87 105 1
87 106 1
87 483 1
87 532 1
87 538 1
87 554 1
88 3 1
88 5 1
88 17 1
88 19 1
88 41 1
88 42 1
88 57 1
88 94 1
88 101 1
88 105 1
88 121 1
88 138 1
88 144 1
88 281 1
88 450 1
88 473 1
88 574 1
88 632 1
88 943 1
88 1090 1
88 1299 1
88 1396 1
90 95 1
90 155 1
90 473 1
91 19 1
94 3 1
94 5 1
94 7 1
94 9 1
94 12 1
94 20 1
94 25 1
94 31 1
94 57 1
94 58 1
94 95 1
94 144 1
94 281 1
94 466 1
94 531 1
94 910 1
94 1078 1
94 3064 1
95 9 1
95 12 1
95 19 1
95 40 1
95 42 1
95 58 1
95 61 1
95 78 1
95 94 1
95 101 1
95 102 1
95 119 1
95 122 1
95 133 1
95 134 1
95 221 1
95 333 1
95 531 1
95 574 1
95 654 1
95 1989 1
95 2917 1
97 5 1
97 9 1
97 19 1
97 31 1
97 102 1
97 108 1
97 122 1
97 281 1
97 393 1
97 893 1
99 5 1
99 7 1
99 9 1
99 25 1
99 31 1
99 37 1
99 40 1
99 42 1
99 47 1
99 58 1
99 95 1
99 119 1
99 179 1
99 283 1
99 288 1
99 468 1
99 574 1
99 893 1
101 7 1
101 9 1
101 40 1
101 41 1
101 42 1
101 58 1
101 71 1
101 133 1
101 155 1
101 205 1
101 893 1
101 1017 1
101 1035 1
101 1366 1
101 1445 1
101 2292 1
102 5 1
102 7 1
102 33 1
102 42 1
102 64 1
102 78 1
102 88 1
102 97 1
102 101 1
102 205 1
102 321 1
102 382 1
102 405 1
102 525 1
102 713 1
102 977 1
102 1078 1
102 1106 1
105 28 1
105 42 1
105 61 1
105 186 1
105 205 1
105 364 1
105 422 1
105 468 1
105 1522 1
106 7 1
106 28 1
106 97 1
106 99 1
108 3 1
108 5 1
108 40 1
108 148 1
108 195 1
108 582 1
108 2844 1
119 3 1
119 5 1
119 9 1
119 17 1
119 20 1
119 29 1
119 31 1
119 33 1
119 40 1
119 41 1
119 42 1
119 61 1
119 82 1
119 122 1
119 133 1
119 139 1
119 171 1
119 221 1
119 248 1
119 280 1
119 456 1
119 504 1
119 531 1
119 538 1
119 632 1
119 893 1
119 906 1
119 1027 1
119 1286 1
119 2618 1
119 3044 1
121 7 1
121 19 1
121 42 1
121 57 1
121 139 1
121 280 1
121 444 1
121 1313 1
121 1886 1
122 5 1
122 12 1
122 17 1
122 40 1
122 58 1
122 61 1
122 81 1
122 88 1
122 138 1
122 148 1
122 195 1
122 1089 1
122 1968 1
123 9 1
123 19 1
128 3 1
128 40 1
128 71 1
128 122 1
128 195 1
128 455 1
128 918 1
128 1784 1
133 3 1
133 5 1
133 7 1
133 28 1
133 31 1
133 57 1
133 82 1
133 87 1
133 119 1
133 204 1
133 283 1
133 456 1
133 1106 1
134 5 1
134 17 1
134 19 1
134 57 1
134 81 1
134 148 1
134 187 1
134 554 1
134 574 1
138 7 1
138 9 1
138 22 1
138 28 1
138 41 1
138 57 1
138 289 1
138 601 1
138 1295 1
138 1601 1
139 5 1
139 9 1
139 19 1
139 27 1
139 31 1
139 61 1
139 67 1
139 74 1
139 82 1
139 83 1
139 94 1
139 99 1
139 102 1
139 122 1
139 174 1
139 287 1
139 289 1
139 338 1
139 511 1
139 532 1
139 601 1
139 602 1
139 991 1
139 1601 1
139 1812 1
144 33 1
144 41 1
144 121 1
144 240 1
144 457 1
144 654 1
144 985 1
144 1078 1
144 2507 1
147 5 1
147 9 1
147 25 1
147 627 1
148 3 1
148 9 1
148 15 1
148 20 1
148 28 1
148 31 1
148 40 1
148 47 1
148 102 1
148 121 1
148 139 1
148 205 1
148 289 1
148 330 1
148 393 1
148 504 1
148 531 1
148 532 1
148 639 1
148 893 1
148 1100 1
148 1199 1
148 1491 1
148 1787 1
148 1824 1
148 1940 1
148 2388 1
154 3 1
154 5 1
154 9 1
154 17 1
154 20 1
154 25 1
154 33 1
154 42 1
154 81 1
154 122 1
154 133 1
154 195 1
154 530 1
154 593 1
154 1106 1
154 1368 1
154 1773 1
155 7 1
155 19 1
155 78 1
155 94 1
155 148 1
155 220 1
155 283 1
155 450 1
155 769 1
155 2915 1
171 9 1
171 17 1
171 19 1
171 94 1
171 102 1
171 138 1
171 248 1
171 370 1
171 1754 1
174 9 1
174 88 1
174 456 1
179 5 1
179 94 1
179 133 1
179 138 1
179 139 1
179 174 1
179 205 1
179 943 1
179 1337 1
186 9 1
186 10 1
186 27 1
186 33 1
186 61 1
186 179 1
186 316 1
186 456 1
186 722 1
187 7 1
187 61 1
187 74 1
187 281 1
187 291 1
195 5 1
195 10 1
195 15 1
195 16 1
195 17 1
195 19 1
195 42 1
195 64 1
195 95 1
195 101 1
195 119 1
195 122 1
195 281 1
195 292 1
195 333 1
195 422 1
195 525 1
195 713 1
195 722 1
195 948 1
195 1175 1
195 1320 1
195 2678 1
204 7 1
204 87 1
204 119 1
205 5 1
205 7 1
205 9 1
205 19 1
205 31 1
205 40 1
205 42 1
205 119 1
205 122 1
205 134 1
205 174 1
205 216 1
205 468 1
205 532 1
205 572 1
205 654 1
205 854 1
205 1598 1
216 9 1
216 15 1
216 82 1
216 101 1
216 139 1
216 893 1
220 5 1
220 7 1
220 9 1
220 28 1
220 33 1
220 40 1
220 57 1
220 78 1
220 119 1
220 1014 1
221 3 1
221 7 1
221 47 1
221 58 1
221 102 1
221 119 1
221 601 1
221 769 1
221 893 1
221 1032 1
224 10 1
224 15 1
224 17 1
224 19 1
224 25 1
224 28 1
224 31 1
224 33 1
224 40 1
224 42 1
224 87 1
224 88 1
224 121 1
224 128 1
224 148 1
224 288 1
224 422 1
224 627 1
224 632 1
224 654 1
224 852 1
224 893 1
224 1043 1
224 2228 1
232 9 1
236 7 1
236 20 1
236 28 1
236 148 1
236 195 1
236 221 1
236 289 1
240 5 1
240 19 1
240 102 1
240 538 1
240 1616 1
248 19 1
248 148 1
250 154 1
252 25 1
252 61 1
258 5 1
258 28 1
258 97 1
258 1027 1
259 3 1
259 5 1
259 57 1
259 102 1
259 455 1
259 531 1
280 4 1
280 7 1
280 15 1
280 40 1
280 57 1
280 289 1
281 15 1
281 28 1
281 33 1
281 41 1
281 42 1
281 58 1
281 83 1
281 101 1
281 144 1
281 280 1
281 284 1
281 574 1
281 893 1
283 5 1
283 61 1
283 102 1
283 106 1
283 122 1
283 148 1
283 338 1
283 456 1
283 601 1
283 746 1
283 1313 1
284 9 1
287 121 1
287 639 1
287 890 1
288 7 1
288 15 1
288 20 1
288 31 1
288 47 1
288 61 1
288 78 1
288 174 1
288 1206 1
289 12 1
289 31 1
289 42 1
289 57 1
289 74 1
289 134 1
289 991 1
291 7 1
291 9 1
291 40 1
291 42 1
291 236 1
291 538 1
291 893 1
292 3 1
292 5 1
292 7 1
292 9 1
292 10 1
292 19 1
292 29 1
292 42 1
292 57 1
292 61 1
292 64 1
292 88 1
292 95 1
292 97 1
292 119 1
292 148 1
292 154 1
292 383 1
292 953 1
292 2413 1
296 2190 1
303 5 1
303 9 1
303 40 1
303 42 1
303 57 1
303 119 1
303 456 1
316 3 1
316 9 1
316 10 1
316 33 1
316 57 1
316 81 1
316 82 1
316 94 1
316 97 1
316 101 1
316 119 1
316 346 1
316 769 1
316 2816 1
321 33 1
321 186 1
321 383 1
324 7 1
324 64 1
324 236 1
324 719 1
324 1336 1
331 5 1
331 42 1
331 61 1
333 5 1
333 9 1
333 17 1
333 19 1
333 56 1
333 57 1
333 138 1
338 9 1
338 15 1
338 40 1
338 105 1
338 405 1
343 9 1
343 57 1
343 61 1
343 220 1
343 2657 1
345 7 1
345 205 1
345 281 1
346 7 1
346 15 1
346 20 1
346 33 1
346 122 1
346 991 1
361 5 1
361 57 1
361 289 1
361 1014 1
364 5 1
364 9 1
364 19 1
364 42 1
364 57 1
364 99 1
370 7 1
370 9 1
370 946 1
370 1313 1
378 7 1
378 9 1
378 10 1
378 40 1
378 95 1
378 121 1
382 17 1
382 948 1
386 639 1
393 7 1
393 57 1
405 5 1
405 7 1
405 33 1
405 82 1
405 639 1
406 7 1
406 9 1
406 370 1
406 431 1
406 852 1
422 7 1
422 40 1
422 138 1
422 456 1
431 9 1
431 42 1
431 281 1
431 531 1
432 19 1
441 148 1
441 281 1
441 685 1
442 7 1
442 57 1
442 58 1
444 7 1
444 19 1
444 20 1
444 138 1
449 3 1
449 9 1
449 287 1
450 5 1
450 25 1
450 42 1
450 57 1
450 422 1
455 9 1
455 10 1
455 33 1
455 57 1
455 119 1
455 450 1
456 9 1
456 40 1
456 42 1
456 106 1
456 133 1
456 750 1
456 1004 1
457 33 1
457 95 1
466 7 1
466 9 1
466 12 1
466 40 1
466 41 1
466 67 1
466 221 1
466 1086 1
468 3 1
468 42 1
468 94 1
468 122 1
468 148 1
468 174 1
468 250 1
468 531 1
473 31 1
473 37 1
473 40 1
473 41 1
473 78 1
473 119 1
473 138 1
473 144 1
473 186 1
481 12 1
488 7 1
488 9 1
488 139 1
488 538 1
488 2053 1
489 87 1
489 2376 1
493 3 1
493 7 1
493 9 1
493 31 1
493 95 1
493 186 1
511 3 1
511 15 1
511 133 1
511 382 1
525 5 1
525 40 1
525 94 1
530 40 1
530 122 1
531 7 1
531 9 1
531 17 1
531 41 1
531 47 1
531 54 1
531 58 1
531 84 1
531 87 1
531 101 1
531 102 1
531 119 1
531 171 1
531 250 1
531 442 1
531 456 1
531 746 1
531 795 1
531 1347 1
532 3 1
532 7 1
532 9 1
532 40 1
532 119 1
532 138 1
538 9 1
538 179 1
539 17 1
539 33 1
539 42 1
539 88 1
540 31 1
540 40 1
540 42 1
540 58 1
540 88 1
540 102 1
540 174 1
540 187 1
540 232 1
540 280 1
540 457 1
540 574 1
540 679 1
554 5 1
554 31 1
554 33 1
554 40 1
554 57 1
558 7 1
558 9 1
558 84 1
570 102 1
571 119 1
572 7 1
572 9 1
572 10 1
572 25 1
572 40 1
572 42 1
572 57 1
572 58 1
572 64 1
572 122 1
572 174 1
572 333 1
572 2170 1
572 2317 1
572 3092 1
574 5 1
574 15 1
574 19 1
574 40 1
574 60 1
574 283 1
574 769 1
574 2507 1
576 7 1
576 119 1
576 531 1
581 281 1
582 102 1
582 105 1
592 7 1
593 42 1
594 87 1
601 5 1
601 7 1
601 83 1
601 133 1
601 134 1
601 444 1
601 473 1
602 31 1
602 119 1
602 144 1
602 807 1
627 3 1
627 91 1
627 220 1
627 393 1
627 405 1
627 1036 1
627 2657 1
632 9 1
632 17 1
632 28 1
632 78 1
639 42 1
639 95 1
639 195 1
639 250 1
639 289 1
639 291 1
639 1002 1
639 1104 1
640 105 1
640 291 1
654 9 1
654 20 1
654 174 1
654 333 1
654 386 1
670 5 1
670 40 1
670 78 1
670 97 1
670 155 1
670 216 1
671 11 1
678 9 1
678 40 1
678 61 1
678 102 1
678 345 1
678 893 1
678 2079 1
679 5 1
679 57 1
696 133 1
699 5 1
699 42 1
699 64 1
699 82 1
702 27 1
702 33 1
713 9 1
713 17 1
713 133 1
713 148 1
719 532 1
719 893 1
722 40 1
722 42 1
722 1893 1
746 7 1
746 28 1
746 57 1
746 102 1
746 291 1
750 40 1
750 97 1
750 144 1
769 33 1
769 42 1
769 139 1
769 943 1
795 9 1
795 31 1
795 94 1
795 97 1
795 102 1
795 493 1
807 5 1
807 82 1
807 287 1
807 406 1
807 1027 1
829 5 1
829 94 1
842 40 1
852 3 1
852 7 1
852 9 1
852 12 1
852 40 1
852 101 1
852 174 1
852 602 1
854 9 1
858 148 1
890 57 1
890 133 1
890 893 1
893 3 1
893 7 1
893 17 1
893 29 1
906 3 1
906 719 1
910 17 1
910 41 1
910 122 1
910 139 1
910 321 1
910 893 1
910 948 1
910 1199 1
910 1763 1
918 17 1
918 57 1
918 58 1
918 61 1
918 105 1
918 1027 1
922 78 1
922 632 1
943 9 1
943 25 1
943 40 1
943 316 1
943 893 1
943 1816 1
946 57 1
946 2190 1
948 3 1
948 5 1
948 532 1
948 1299 1
954 7 1
954 42 1
956 95 1
956 195 1
959 7 1
959 9 1
959 17 1
959 87 1
959 122 1
959 1961 1
977 7 1
977 33 1
977 42 1
977 57 1
977 97 1
977 281 1
977 639 1
979 40 1
979 42 1
985 9 1
985 102 1
985 128 1
985 1490 1
991 9 1
991 42 1
994 42 1
994 105 1
1002 57 1
1002 713 1
1004 539 1
1005 3 1
1005 58 1
1005 95 1
1005 531 1
1012 33 1
1012 393 1
1014 20 1
1014 40 1
1014 57 1
1014 88 1
1014 122 1
1014 281 1
1017 10 1
1017 31 1
1017 61 1
1017 87 1
1017 95 1
1017 2200 1
1018 40 1
1027 7 1
1027 9 1
1027 17 1
1027 40 1
1027 910 1
1032 9 1
1032 25 1
1035 57 1
1035 81 1
1035 119 1
1035 154 1
1035 483 1
1036 12 1
1036 378 1
1036 2226 1
1037 105 1
1043 3 1
1043 40 1
1043 94 1
1043 378 1
1043 959 1
1057 42 1
1064 9 1
1064 31 1
1071 94 1
1072 29 1
1072 57 1
1072 64 1
1073 99 1
1078 7 1
1078 9 1
1078 10 1
1078 205 1
1078 572 1
1078 1184 1
1089 33 1
1089 283 1
1090 473 1
1099 5 1
1100 7 1
1100 57 1
1100 58 1
1100 82 1
1100 94 1
1100 95 1
1100 1473 1
1102 102 1
1102 119 1
1102 574 1
1103 31 1
1104 148 1
1104 288 1
1104 1248 1
1104 1395 1
1106 15 1
1106 58 1
1106 97 1
1106 696 1
1106 1300 1
1115 9 1
1127 9 1
1127 42 1
1127 1337 1
1156 88 1
1164 9 1
1164 20 1
1175 9 1
1184 3 1
1184 9 1
1184 25 1
1184 128 1
1184 139 1
1193 283 1
1199 5 1
1206 5 1
1206 9 1
1206 144 1
1220 9 1
1220 281 1
1224 82 1
1248 42 1
1255 7 1
1255 9 1
1255 40 1
1256 144 1
1259 15 1
1259 19 1
1259 457 1
1261 9 1
1261 457 1
1291 29 1
1291 121 1
1295 5 1
1299 9 1
1299 2806 1
1316 40 1
1320 41 1
1320 61 1
1336 58 1
1336 61 1
1336 88 1
1336 333 1
1336 3077 1
1337 9 1
1337 139 1
1347 40 1
1347 57 1
1347 102 1
1361 2729 1
1362 1057 1
1366 9 1
1366 15 1
1366 40 1
1368 16 1
1395 17 1
1395 28 1
1396 61 1
1396 1014 1
1400 42 1
1400 81 1
1428 7 1
1445 910 1
1473 17 1
1473 138 1
1473 144 1
1473 205 1
1473 422 1
1479 40 1
1479 1184 1
1490 102 1
1490 893 1
1491 9 1
1497 101 1
1501 78 1
1514 78 1
1522 19 1
1522 40 1
1522 1473 1
1525 5 1
1525 25 1
1525 57 1
1525 106 1
1526 40 1
1533 9 1
1554 27 1
1561 9 1
1561 42 1
1597 119 1
1598 33 1
1598 42 1
1598 122 1
1601 5 1
1601 9 1
1601 33 1
1601 1017 1
1616 42 1
1668 1261 1
1681 40 1
1681 102 1
1731 9 1
1731 139 1
1743 64 1
1746 280 1
1752 139 1
1754 7 1
1754 27 1
1754 57 1
1754 74 1
1754 174 1
1773 40 1
1773 224 1
1773 1027 1
1774 138 1
1781 9 1
1781 154 1
1784 713 1
1787 5 1
1787 16 1
1787 40 1
1787 88 1
1787 99 1
1812 538 1
1812 1037 1
1815 5 1
1815 40 1
1815 64 1
1816 3 1
1816 17 1
1824 9 1
1824 40 1
1824 123 1
1837 7 1
1878 155 1
1886 42 1
1893 123 1
1906 95 1
1928 483 1
1937 9 1
1937 854 1
1940 20 1
1942 42 1
1961 42 1
1968 94 1
1989 370 1
1989 918 1
2043 289 1
2053 40 1
2067 31 1
2074 7 1
2074 19 1
2074 42 1
2079 9 1
2079 82 1
2141 40 1
2170 1012 1
2177 7 1
2177 10 1
2190 20 1
2190 2292 1
2193 25 1
2200 17 1
2200 25 1
2209 5 1
2223 910 1
2226 9 1
2226 540 1
2228 5 1
2264 1127 1
2291 40 1
2292 5 1
2292 9 1
2292 31 1
2292 58 1
2293 3 1
2293 9 1
2376 9 1
2378 17 1
2388 9 1
2405 511 1
2408 9 1
2413 67 1
2413 102 1
2414 154 1
2464 108 1
2476 40 1
2484 205 1
2507 64 1
2532 9 1
2543 7 1
2575 81 1
2584 11 1
2609 15 1
2609 95 1
2615 42 1
2618 9 1
2645 78 1
2646 236 1
2652 19 1
2657 42 1
2657 1017 1
2678 9 1
2678 283 1
2682 47 1
2683 3 1
2683 42 1
2713 205 1
2727 40 1
2729 1104 1
2806 138 1
2816 42 1
2842 31 1
2844 148 1
2878 20 1
2880 95 1
2880 148 1
2895 5 1
2915 40 1
2917 20 1
3011 292 1
3041 42 1
3044 442 1
3048 5 1
3058 28 1
3064 5 1
3077 9 1
3092 57 1
3128 9 1
3133 57 1
3146 9 1
3148 7 1
3175 466 1
