3 5 1
3 9 1
3 10 1
3 15 1
3 17 1
3 19 1
3 27 1
3 28 1
3 41 1
3 54 1
3 57 1
3 58 1
3 82 1
3 83 1
3 84 1
3 85 1
3 106 1
3 119 1
3 121 1
3 122 1
3 133 1
3 138 1
3 205 1
3 250 1
3 281 1
3 284 1
3 291 1
3 333 1
3 393 1
3 455 1
3 473 1
3 627 1
3 807 1
3 890 1
3 893 1
3 1027 1
3 1043 1
3 1206 1
3 1445 1
3 1601 1
3 2228 1
4 40 1
4 61 1
4 84 1
4 101 1
4 128 1
4 281 1
4 713 1
5 3 1
5 7 1
5 10 1
5 15 1
5 17 1
5 19 1
5 21 1
5 22 1
5 25 1
5 31 1
5 33 1
5 41 1
5 58 1
5 78 1
5 81 1
5 82 1
5 101 1
5 102 1
5 133 1
5 155 1
5 221 1
5 232 1
5 252 1
5 333 1
5 364 1
5 393 1
5 405 1
5 422 1
5 468 1
5 473 1
5 532 1
5 582 1
5 601 1
5 627 1
5 639 1
5 719 1
5 769 1
5 852 1
5 890 1
5 893 1
5 910 1
5 943 1
5 991 1
5 1004 1
5 1127 1
5 1291 1
5 1781 1
5 1817 1
5 1893 1
5 2388 1
5 2476 1
7 3 1
7 4 1
7 5 1
7 9 1
7 10 1
7 15 1
7 17 1
7 19 1
7 20 1
7 21 1
7 22 1
7 27 1
7 31 1
7 40 1
7 41 1
7 42 1
7 48 1
7 54 1
7 57 1
7 58 1
7 61 1
7 64 1
7 67 1
7 71 1
7 74 1
7 78 1
7 83 1
7 88 1
7 91 1
7 95 1
7 97 1
7 102 1
7 108 1
7 119 1
7 121 1
7 122 1
7 128 1
7 138 1
7 147 1
7 154 1
7 187 1
7 205 1
7 216 1
7 220 1
7 240 1
7 250 1
7 281 1
7 283 1
7 289 1
7 291 1
7 324 1
7 343 1
7 345 1
7 370 1
7 378 1
7 383 1
7 405 1
7 422 1
7 444 1
7 468 1
7 488 1
7 511 1
7 531 1
7 554 1
7 574 1
7 601 1
7 639 1
7 670 1
7 702 1
7 719 1
7 746 1
7 852 1
7 890 1
7 893 1
7 943 1
7 948 1
7 979 1
7 985 1
7 1002 1
7 1014 1
7 1027 1
7 1078 1
7 1100 1
7 1127 1
7 1181 1
7 1184 1
7 1299 1
7 1337 1
7 1366 1
7 1490 1
7 1601 1
7 1837 1
7 2074 1
7 2292 1
7 2293 1
7 2484 1
7 2657 1
7 2678 1
7 3058 1
8 61 1
9 3 1
9 4 1
9 5 1
9 7 1
9 10 1
9 11 1
9 15 1
9 17 1
9 19 1
9 20 1
9 22 1
9 28 1
9 29 1
9 31 1
9 33 1
9 37 1
9 42 1
9 47 1
9 54 1
9 57 1
9 58 1
9 61 1
9 64 1
9 74 1
9 78 1
9 81 1
9 82 1
9 83 1
9 84 1
9 94 1
9 95 1
9 97 1
9 99 1
9 101 1
9 106 1
9 122 1
9 123 1
9 128 1
9 133 1
9 138 1
9 174 1
9 186 1
9 195 1
9 204 1
9 205 1
9 220 1
9 236 1
9 280 1
9 281 1
9 284 1
9 288 1
9 291 1
9 303 1
9 330 1
9 331 1
9 345 1
9 346 1
9 393 1
9 422 1
9 432 1
9 441 1
9 456 1
9 457 1
9 466 1
9 493 1
9 504 1
9 530 1
9 531 1
9 538 1
9 539 1
9 558 1
9 574 1
9 581 1
9 601 1
9 602 1
9 632 1
9 640 1
9 699 1
9 893 1
9 910 1
9 946 1
9 959 1
9 979 1
9 985 1
9 991 1
9 1005 1
9 1012 1
9 1014 1
9 1017 1
9 1027 1
9 1037 1
9 1057 1
9 1064 1
9 1072 1
9 1089 1
9 1103 1
9 1106 1
9 1164 1
9 1259 1
9 1313 1
9 1368 1
9 1473 1
9 1479 1
9 1490 1
9 1601 1
9 1752 1
9 1754 1
9 1773 1
9 1774 1
9 1784 1
9 1816 1
9 1878 1
9 1961 1
9 1989 1
9 2170 1
9 2193 1
9 2376 1
9 2413 1
9 2507 1
9 2543 1
9 2880 1
9 3041 1
9 3133 1
10 12 1
10 15 1
10 42 1
10 57 1
10 82 1
10 88 1
10 102 1
10 119 1
10 134 1
10 148 1
10 280 1
10 345 1
10 422 1
10 639 1
10 893 1
10 1099 1
10 3044 1
11 41 1
11 138 1
11 174 1
11 179 1
12 3 1
12 9 1
12 10 1
12 20 1
12 31 1
12 95 1
12 97 1
12 139 1
12 148 1
12 155 1
12 195 1
12 205 1
12 289 1
12 405 1
12 525 1
12 702 1
12 1027 1
15 7 1
15 19 1
15 42 1
15 57 1
15 61 1
15 91 1
15 94 1
15 99 1
15 121 1
15 148 1
15 769 1
15 910 1
15 1017 1
16 9 1
16 17 1
16 20 1
16 40 1
16 64 1
16 78 1
16 82 1
16 101 1
16 139 1
16 455 1
16 511 1
17 5 1
17 9 1
17 10 1
17 12 1
17 15 1
17 19 1
17 25 1
17 27 1
17 28 1
17 31 1
17 37 1
17 40 1
17 42 1
17 61 1
17 78 1
17 82 1
17 94 1
17 97 1
17 99 1
17 105 1
17 133 1
17 138 1
17 144 1
17 155 1
17 174 1
17 216 1
17 288 1
17 345 1
17 456 1
17 602 1
17 713 1
17 795 1
17 807 1
17 910 1
17 922 1
17 991 1
17 1754 1
17 1773 1
17 2190 1
19 3 1
19 5 1
19 7 1
19 9 1
19 29 1
19 40 1
19 41 1
19 57 1
19 88 1
19 216 1
19 283 1
19 330 1
19 540 1
19 943 1
19 1731 1
20 7 1
20 8 1
20 28 1
20 40 1
20 78 1
20 82 1
20 119 1
20 174 1
20 627 1
20 670 1
20 769 1
20 985 1
20 994 1
20 1206 1
20 1248 1
20 1256 1
20 2408 1
21 532 1
22 40 1
22 42 1
22 61 1
22 91 1
22 333 1
22 538 1
25 9 1
25 57 1
25 138 1
25 287 1
25 333 1
25 406 1
25 456 1
25 538 1
25 654 1
25 1100 1
27 17 1
27 78 1
27 82 1
27 139 1
27 288 1
27 450 1
27 854 1
28 3 1
28 9 1
28 19 1
28 20 1
28 31 1
28 40 1
28 42 1
28 64 1
28 76 1
28 81 1
28 82 1
28 84 1
28 87 1
28 95 1
28 99 1
28 101 1
28 102 1
28 122 1
28 148 1
28 179 1
28 195 1
28 205 1
28 321 1
28 383 1
28 393 1
28 406 1
28 489 1
28 558 1
28 639 1
28 699 1
28 954 1
28 1073 1
28 1522 1
28 1968 1
28 2317 1
29 3 1
29 19 1
29 33 1
29 41 1
29 42 1
29 58 1
29 61 1
29 280 1
29 288 1
29 554 1
31 5 1
31 7 1
31 9 1
31 17 1
31 20 1
31 28 1
31 57 1
31 58 1
31 82 1
31 88 1
31 94 1
31 95 1
31 99 1
31 101 1
31 102 1
31 119 1
31 121 1
31 133 1
31 139 1
31 281 1
31 406 1
31 456 1
31 504 1
31 538 1
31 639 1
31 893 1
31 948 1
31 1017 1
31 1320 1
33 7 1
33 9 1
33 10 1
33 11 1
33 17 1
33 22 1
33 61 1
33 78 1
33 82 1
33 84 1
33 88 1
33 90 1
33 94 1
33 105 1
33 119 1
33 224 1
33 283 1
33 343 1
33 382 1
33 393 1
33 457 1
33 483 1
33 746 1
33 1445 1
33 1746 1
36 5 1
36 9 1
36 58 1
36 84 1
36 88 1
36 97 1
36 221 1
36 292 1
37 7 1
37 9 1
37 19 1
37 94 1
37 97 1
40 4 1
40 11 1
40 12 1
40 15 1
40 17 1
40 19 1
40 21 1
40 22 1
40 25 1
40 27 1
40 41 1
40 57 1
40 58 1
40 67 1
40 74 1
40 78 1
40 81 1
40 84 1
40 87 1
40 88 1
40 90 1
40 94 1
40 97 1
40 105 1
40 106 1
40 119 1
40 122 1
40 144 1
40 148 1
40 154 1
40 155 1
40 171 1
40 187 1
40 195 1
40 205 1
40 250 1
40 258 1
40 280 1
40 281 1
40 283 1
40 288 1
40 289 1
40 324 1
40 338 1
40 364 1
40 422 1
40 456 1
40 457 1
40 466 1
40 489 1
40 511 1
40 532 1
40 538 1
40 601 1
40 670 1
40 747 1
40 852 1
40 893 1
40 906 1
40 1005 1
40 1012 1
40 1027 1
40 1078 1
40 1104 1
40 1184 1
40 1193 1
40 1291 1
40 1316 1
40 1473 1
40 1501 1
40 1533 1
40 1746 1
40 1774 1
40 1812 1
40 2246 1
40 2264 1
40 2317 1
40 2507 1
40 2683 1
40 2713 1
41 5 1
41 7 1
41 9 1
41 10 1
41 22 1
41 25 1
41 31 1
41 37 1
41 40 1
41 42 1
41 61 1
41 82 1
41 87 1
41 102 1
41 119 1
41 134 1
41 289 1
41 685 1
41 769 1
41 943 1
41 959 1
41 1525 1
41 2317 1
41 3064 1
42 3 1
42 5 1
42 17 1
42 20 1
42 22 1
42 28 1
42 29 1
42 31 1
42 37 1
42 40 1
42 58 1
42 61 1
42 64 1
42 82 1
42 87 1
42 102 1
42 105 1
42 119 1
42 122 1
42 128 1
42 133 1
42 138 1
42 139 1
42 144 1
42 148 1
42 186 1
42 195 1
42 220 1
42 221 1
42 283 1
42 321 1
42 378 1
42 456 1
42 531 1
42 532 1
42 576 1
42 627 1
42 679 1
42 854 1
42 893 1
42 910 1
42 977 1
42 1027 1
42 1090 1
42 1224 1
42 1445 1
42 1497 1
42 1754 1
42 1784 1
42 1937 1
42 2317 1
42 2645 1
47 25 1
47 88 1
47 283 1
47 289 1
47 489 1
47 531 1
47 977 1
47 1012 1
47 2652 1
48 9 1
48 220 1
48 291 1
54 5 1
54 7 1
54 9 1
54 33 1
54 40 1
54 42 1
54 57 1
54 81 1
54 102 1
54 144 1
54 627 1
54 696 1
54 1187 1
56 5 1
56 42 1
57 9 1
57 11 1
57 12 1
57 29 1
57 33 1
57 47 1
57 67 1
57 87 1
57 95 1
57 97 1
57 102 1
57 105 1
57 106 1
57 119 1
57 122 1
57 138 1
57 144 1
57 148 1
57 154 1
57 171 1
57 179 1
57 283 1
57 288 1
57 405 1
57 422 1
57 457 1
57 511 1
57 538 1
57 769 1
57 977 1
57 985 1
57 1002 1
57 1004 1
57 1746 1
57 2053 1
57 2291 1
57 2507 1
57 2678 1
57 2970 1
58 5 1
58 15 1
58 17 1
58 22 1
58 87 1
58 94 1
58 95 1
58 119 1
58 133 1
58 144 1
58 186 1
58 248 1
58 532 1
58 601 1
58 1104 1
58 2618 1
58 2806 1
60 7 1
60 33 1
60 57 1
60 602 1
61 41 1
61 94 1
61 121 1
61 139 1
61 147 1
61 252 1
61 281 1
61 283 1
61 330 1
61 582 1
61 1005 1
64 3 1
64 5 1
64 7 1
64 10 1
64 12 1
64 15 1
64 17 1
64 31 1
64 33 1
64 40 1
64 47 1
64 58 1
64 60 1
64 71 1
64 76 1
64 82 1
64 121 1
64 122 1
64 134 1
64 144 1
64 220 1
64 281 1
64 288 1
64 331 1
64 450 1
64 504 1
64 679 1
64 746 1
64 750 1
64 893 1
64 1014 1
64 2405 1
67 5 1
67 9 1
67 42 1
67 64 1
67 78 1
67 81 1
67 87 1
67 94 1
67 102 1
67 121 1
67 171 1
67 174 1
67 333 1
67 956 1
67 1017 1
70 40 1
70 57 1
71 17 1
71 41 1
71 57 1
71 148 1
71 221 1
73 61 1
73 97 1
73 102 1
74 7 1
74 9 1
74 40 1
74 47 1
74 87 1
74 287 1
74 442 1
76 9 1
76 594 1
76 1787 1
78 3 1
78 5 1
78 7 1
78 9 1
78 17 1
78 20 1
78 25 1
78 27 1
78 31 1
78 40 1
78 82 1
78 99 1
78 133 1
78 139 1
78 280 1
78 442 1
78 531 1
78 893 1
78 918 1
78 959 1
78 1127 1
78 1616 1
78 1787 1
81 9 1
81 17 1
81 25 1
81 57 1
81 58 1
81 64 1
81 95 1
81 122 1
81 1032 1
81 1299 1
81 1347 1
81 1473 1
81 1754 1
82 3 1
82 9 1
82 17 1
82 19 1
82 31 1
82 33 1
82 40 1
82 42 1
82 57 1
82 58 1
82 61 1
82 78 1
82 95 1
82 97 1
82 101 1
82 321 1
82 422 1
82 654 1
82 746 1
82 1014 1
83 3 1
83 42 1
83 57 1
83 102 1
85 5 1
85 330 1
87 5 1
87 9 1
87 139 1
87 174 1
87 574 1
87 639 1
87 893 1
87 1017 1
87 1078 1
87 2917 1
88 12 1
88 15 1
88 19 1
88 28 1
88 78 1
88 94 1
88 95 1
88 133 1
88 155 1
88 174 1
88 281 1
88 292 1
88 324 1
88 370 1
88 531 1
88 602 1
88 639 1
88 953 1
88 1043 1
88 1127 1
88 1668 1
88 2915 1
90 138 1
90 283 1
90 910 1
91 42 1
94 5 1
94 9 1
94 16 1
94 17 1
94 19 1
94 20 1
94 25 1
94 40 1
94 95 1
94 101 1
94 122 1
94 138 1
94 155 1
94 283 1
94 456 1
94 531 1
94 1027 1
94 2190 1
95 5 1
95 15 1
95 19 1
95 31 1
95 33 1
95 42 1
95 122 1
95 148 1
95 179 1
95 281 1
95 289 1
95 292 1
95 324 1
95 483 1
95 531 1
95 538 1
95 574 1
95 593 1
95 918 1
95 1002 1
95 1886 1
95 2729 1
97 3 1
97 5 1
97 7 1
97 9 1
97 42 1
97 48 1
97 58 1
97 119 1
97 893 1
97 1291 1
99 7 1
99 9 1
99 17 1
99 19 1
99 31 1
99 33 1
99 40 1
99 47 1
99 88 1
99 97 1
99 122 1
99 216 1
99 250 1
99 281 1
99 289 1
99 1102 1
99 1400 1
99 2200 1
101 9 1
101 19 1
101 20 1
101 40 1
101 42 1
101 58 1
101 64 1
101 95 1
101 119 1
101 121 1
101 148 1
101 283 1
101 383 1
101 525 1
101 948 1
101 2657 1
102 3 1
102 5 1
102 7 1
102 9 1
102 20 1
102 40 1
102 42 1
102 64 1
102 84 1
102 122 1
102 289 1
102 466 1
102 525 1
102 531 1
102 670 1
102 1598 1
102 2292 1
102 2464 1
105 3 1
105 9 1
105 28 1
105 42 1
105 61 1
105 71 1
105 108 1
105 280 1
105 483 1
106 28 1
106 33 1
106 40 1
106 592 1
108 5 1
108 7 1
108 19 1
108 57 1
108 87 1
108 205 1
108 991 1
119 3 1
119 5 1
119 17 1
119 19 1
119 22 1
119 25 1
119 28 1
119 29 1
119 40 1
119 42 1
119 58 1
119 64 1
119 74 1
119 88 1
119 101 1
119 102 1
119 103 1
119 106 1
119 133 1
119 139 1
119 281 1
119 473 1
119 511 1
119 574 1
119 627 1
119 893 1
119 906 1
119 985 1
119 1035 1
119 1104 1
119 1362 1
121 7 1
121 19 1
121 20 1
121 33 1
121 57 1
121 88 1
121 138 1
121 654 1
121 1989 1
122 5 1
122 9 1
122 58 1
122 60 1
122 61 1
122 94 1
122 102 1
122 155 1
122 174 1
122 288 1
122 456 1
122 1106 1
122 3077 1
123 33 1
123 333 1
128 3 1
128 5 1
128 16 1
128 58 1
128 154 1
128 187 1
128 750 1
128 1078 1
133 3 1
133 4 1
133 5 1
133 9 1
133 17 1
133 25 1
133 31 1
133 42 1
133 106 1
133 122 1
133 236 1
133 281 1
133 722 1
134 5 1
134 9 1
134 42 1
134 57 1
134 122 1
134 378 1
134 702 1
134 1199 1
134 1313 1
138 9 1
138 40 1
138 78 1
138 250 1
138 287 1
138 321 1
138 450 1
138 722 1
138 910 1
138 1681 1
139 3 1
139 7 1
139 9 1
139 33 1
139 40 1
139 41 1
139 56 1
139 57 1
139 71 1
139 74 1
139 82 1
139 91 1
139 106 1
139 108 1
139 174 1
139 186 1
139 240 1
139 281 1
139 289 1
139 393 1
139 572 1
139 574 1
139 829 1
139 1320 1
139 2292 1
144 19 1
144 31 1
144 95 1
144 119 1
144 221 1
144 493 1
144 1347 1
144 1942 1
144 1989 1
147 7 1
147 17 1
147 40 1
147 154 1
148 4 1
148 7 1
148 9 1
148 16 1
148 17 1
148 33 1
148 42 1
148 58 1
148 81 1
148 83 1
148 102 1
148 105 1
148 119 1
148 133 1
148 138 1
148 139 1
148 144 1
148 186 1
148 195 1
148 316 1
148 442 1
148 632 1
148 918 1
148 954 1
148 1086 1
148 1184 1
148 1336 1
154 9 1
154 15 1
154 19 1
154 20 1
154 94 1
154 95 1
154 119 1
154 122 1
154 187 1
154 195 1
154 338 1
154 393 1
154 456 1
154 713 1
154 893 1
154 1286 1
154 1554 1
155 9 1
155 17 1
155 42 1
155 97 1
155 101 1
155 171 1
155 281 1
155 283 1
155 330 1
155 1100 1
171 5 1
171 57 1
171 101 1
171 119 1
171 138 1
171 382 1
171 539 1
171 713 1
171 1037 1
174 7 1
174 31 1
174 78 1
179 5 1
179 17 1
179 42 1
179 78 1
179 138 1
179 321 1
179 457 1
179 576 1
179 977 1
186 7 1
186 27 1
186 48 1
186 57 1
186 174 1
186 205 1
186 530 1
186 1043 1
186 2657 1
187 10 1
187 15 1
187 47 1
187 280 1
187 1175 1
195 7 1
195 20 1
195 31 1
195 33 1
195 42 1
195 61 1
195 81 1
195 87 1
195 101 1
195 119 1
195 134 1
195 205 1
195 333 1
195 432 1
195 468 1
195 593 1
195 654 1
195 943 1
195 1014 1
195 1027 1
195 1366 1
195 1526 1
195 1815 1
204 31 1
204 61 1
204 333 1
205 7 1
205 12 1
205 25 1
205 28 1
205 31 1
205 42 1
205 57 1
205 64 1
205 81 1
205 87 1
205 99 1
205 121 1
205 148 1
205 531 1
205 532 1
205 572 1
205 893 1
205 948 1
216 7 1
216 9 1
216 64 1
216 148 1
216 155 1
216 1027 1
220 7 1
220 19 1
220 29 1
220 33 1
220 40 1
220 78 1
220 102 1
220 128 1
220 570 1
220 893 1
221 3 1
221 5 1
221 7 1
221 9 1
221 15 1
221 28 1
221 94 1
221 280 1
221 531 1
221 1014 1
224 3 1
224 5 1
224 9 1
224 12 1
224 19 1
224 25 1
224 27 1
224 29 1
224 40 1
224 42 1
224 57 1
224 64 1
224 81 1
224 97 1
224 102 1
224 195 1
224 205 1
224 248 1
224 442 1
224 574 1
224 632 1
224 910 1
224 1337 1
224 1598 1
232 9 1
236 4 1
236 7 1
236 40 1
236 41 1
236 42 1
236 87 1
236 456 1
240 17 1
240 393 1
240 457 1
240 699 1
240 893 1
248 5 1
248 61 1
250 893 1
252 9 1
252 40 1
258 9 1
258 58 1
258 148 1
258 289 1
259 40 1
259 57 1
259 97 1
259 133 1
259 531 1
259 893 1
280 5 1
280 9 1
280 57 1
280 122 1
280 769 1
280 1754 1
281 5 1
281 57 1
281 78 1
281 90 1
281 99 1
281 102 1
281 108 1
281 119 1
281 128 1
281 205 1
281 280 1
281 370 1
281 747 1
283 3 1
283 5 1
283 60 1
283 95 1
283 106 1
283 133 1
283 187 1
283 195 1
283 370 1
283 1036 1
283 3092 1
284 102 1
287 195 1
287 281 1
287 483 1
288 28 1
288 31 1
288 40 1
288 41 1
288 60 1
288 119 1
288 139 1
288 171 1
288 540 1
289 7 1
289 9 1
289 25 1
289 40 1
289 57 1
289 122 1
289 994 1
291 3 1
291 42 1
291 58 1
291 174 1
291 422 1
291 1017 1
291 2226 1
292 7 1
292 9 1
292 11 1
292 17 1
292 19 1
292 28 1
292 31 1
292 57 1
292 81 1
292 97 1
292 121 1
292 122 1
292 179 1
292 289 1
292 531 1
292 532 1
292 540 1
292 639 1
292 948 1
292 2236 1
296 186 1
303 7 1
303 10 1
303 28 1
303 133 1
303 138 1
303 283 1
303 525 1
316 3 1
316 9 1
316 17 1
316 20 1
316 42 1
316 57 1
316 58 1
316 88 1
316 122 1
316 134 1
316 291 1
316 538 1
316 632 1
316 2842 1
321 10 1
321 40 1
321 236 1
324 7 1
324 9 1
324 122 1
324 1043 1
324 1940 1
331 105 1
331 287 1
331 466 1
333 7 1
333 9 1
333 19 1
333 57 1
333 283 1
333 852 1
333 893 1
338 9 1
338 174 1
338 236 1
338 250 1
338 842 1
343 7 1
343 9 1
343 42 1
343 138 1
343 405 1
345 5 1
345 9 1
345 769 1
346 9 1
346 17 1
346 42 1
346 144 1
346 303 1
346 473 1
361 5 1
361 29 1
361 82 1
361 248 1
364 7 1
364 12 1
364 15 1
364 42 1
364 88 1
364 102 1
370 20 1
370 25 1
370 33 1
370 144 1
378 4 1
378 7 1
378 9 1
378 33 1
378 42 1
378 139 1
382 283 1
382 2844 1
386 81 1
393 5 1
393 250 1
405 7 1
405 9 1
405 40 1
405 457 1
405 483 1
406 5 1
406 12 1
406 20 1
406 41 1
406 854 1
422 7 1
422 40 1
422 42 1
422 943 1
431 9 1
431 10 1
431 40 1
431 910 1
432 106 1
441 148 1
441 531 1
441 750 1
442 7 1
442 9 1
442 281 1
444 5 1
444 9 1
444 20 1
444 95 1
449 102 1
449 511 1
449 2657 1
450 31 1
450 574 1
450 769 1
450 985 1
450 1106 1
455 29 1
455 82 1
455 122 1
455 187 1
455 289 1
455 639 1
456 3 1
456 7 1
456 41 1
456 42 1
456 58 1
456 99 1
456 101 1
457 19 1
457 1018 1
466 9 1
466 15 1
466 40 1
466 148 1
466 287 1
466 457 1
466 531 1
466 1184 1
468 28 1
468 31 1
468 33 1
468 40 1
468 58 1
468 95 1
468 746 1
468 1395 1
473 10 1
473 57 1
473 61 1
473 88 1
473 195 1
473 205 1
473 221 1
473 289 1
473 531 1
481 19 1
488 7 1
488 9 1
488 17 1
488 42 1
488 468 1
489 289 1
489 473 1
493 7 1
493 9 1
493 20 1
493 78 1
493 221 1
493 2816 1
511 5 1
511 9 1
511 40 1
511 99 1
525 3 1
525 9 1
525 40 1
530 42 1
530 289 1
531 3 1
531 5 1
531 7 1
531 9 1
531 15 1
531 17 1
531 40 1
531 41 1
531 42 1
531 57 1
531 58 1
531 74 1
531 105 1
531 128 1
531 133 1
531 139 1
531 696 1
531 1156 1
531 1199 1
532 9 1
532 28 1
532 40 1
532 119 1
532 144 1
532 216 1
538 7 1
538 155 1
539 7 1
539 17 1
539 42 1
539 60 1
540 5 1
540 9 1
540 17 1
540 22 1
540 78 1
540 81 1
540 102 1
540 240 1
540 316 1
540 769 1
540 852 1
540 893 1
540 2378 1
554 20 1
554 95 1
554 102 1
554 893 1
554 3048 1
558 94 1
558 134 1
558 144 1
570 9 1
571 221 1
572 7 1
572 9 1
572 12 1
572 15 1
572 19 1
572 42 1
572 82 1
572 83 1
572 97 1
572 102 1
572 119 1
572 187 1
572 195 1
572 316 1
572 405 1
574 5 1
574 9 1
574 20 1
574 42 1
574 64 1
574 88 1
574 105 1
574 405 1
576 9 1
576 27 1
576 144 1
581 954 1
582 17 1
582 41 1
592 33 1
593 128 1
594 40 1
601 9 1
601 16 1
601 17 1
601 95 1
601 102 1
601 148 1
601 205 1
602 15 1
602 316 1
602 345 1
602 1036 1
627 7 1
627 9 1
627 119 1
627 139 1
627 155 1
627 252 1
627 1100 1
632 42 1
632 90 1
632 105 1
632 531 1
639 3 1
639 7 1
639 9 1
639 82 1
639 122 1
639 331 1
639 378 1
639 807 1
640 42 1
640 148 1
654 31 1
654 204 1
654 248 1
654 291 1
654 1014 1
670 7 1
670 9 1
670 10 1
670 47 1
670 87 1
670 457 1
671 5 1
678 5 1
678 9 1
678 31 1
678 40 1
678 42 1
678 88 1
678 205 1
679 102 1
679 291 1
696 9 1
699 3 1
699 5 1
699 61 1
699 97 1
702 3 1
702 9 1
713 10 1
713 57 1
713 106 1
713 108 1
719 159 1
719 224 1
722 57 1
722 455 1
722 574 1
746 7 1
746 40 1
746 42 1
746 94 1
746 123 1
750 28 1
750 42 1
750 2141 1
769 42 1
769 174 1
769 370 1
769 1295 1
795 33 1
795 40 1
795 47 1
795 88 1
795 179 1
795 346 1
807 57 1
807 61 1
807 83 1
807 88 1
807 1491 1
829 19 1
829 57 1
842 25 1
852 3 1
852 5 1
852 7 1
852 9 1
852 31 1
852 171 1
852 654 1
852 1313 1
854 119 1
858 9 1
890 33 1
890 42 1
890 148 1
893 3 1
893 74 1
893 97 1
893 119 1
906 15 1
906 138 1
910 12 1
910 25 1
910 28 1
910 31 1
910 102 1
910 139 1
910 287 1
910 378 1
910 1261 1
918 7 1
918 42 1
918 57 1
918 95 1
918 144 1
918 953 1
922 5 1
922 292 1
943 7 1
943 9 1
943 40 1
943 122 1
943 148 1
943 540 1
946 7 1
946 95 1
948 7 1
948 9 1
948 40 1
948 473 1
954 9 1
954 854 1
956 9 1
956 40 1
959 9 1
959 40 1
959 61 1
959 95 1
959 139 1
959 240 1
977 5 1
977 57 1
977 61 1
977 139 1
977 333 1
977 654 1
977 2682 1
979 5 1
979 105 1
985 40 1
985 64 1
985 106 1
985 444 1
991 9 1
991 57 1
994 5 1
994 12 1
1002 3 1
1002 9 1
1004 28 1
1005 17 1
1005 33 1
1005 40 1
1005 2028 1
1012 5 1
1012 10 1
1014 42 1
1014 102 1
1014 133 1
1014 174 1
1014 281 1
1014 601 1
1017 7 1
1017 19 1
1017 40 1
1017 42 1
1017 250 1
1017 854 1
1018 1743 1
1027 7 1
1027 9 1
1027 40 1
1027 91 1
1027 893 1
1032 40 1
1032 119 1
1035 40 1
1035 74 1
1035 94 1
1035 102 1
1035 1774 1
1036 33 1
1036 40 1
1036 455 1
1037 61 1
1043 9 1
1043 42 1
1043 61 1
1043 289 1
1043 316 1
1057 7 1
1064 7 1
1064 9 1
1071 5 1
1072 139 1
1072 205 1
1072 532 1
1073 57 1
1078 28 1
1078 40 1
1078 42 1
1078 57 1
1078 94 1
1078 2223 1
1089 57 1
1089 386 1
1090 5 1
1099 40 1
1100 5 1
1100 9 1
1100 15 1
1100 19 1
1100 31 1
1100 42 1
1100 144 1
1102 9 1
1102 105 1
1102 531 1
1103 40 1
1104 5 1
1104 133 1
1104 154 1
1104 3175 1
1106 19 1
1106 33 1
1106 42 1
1106 139 1
1106 333 1
1115 88 1
1127 7 1
1127 57 1
1127 67 1
1156 1106 1
1164 5 1
1164 31 1
1175 40 1
1184 20 1
1184 40 1
1184 58 1
1184 155 1
1184 639 1
1193 9 1
1199 121 1
1206 5 1
1206 9 1
1206 28 1
1220 7 1
1220 40 1
1224 9 1
1248 3 1
1255 40 1
1255 205 1
1255 431 1
1256 9 1
1259 3 1
1259 33 1
1259 94 1
1261 94 1
1261 1824 1
1291 33 1
1291 58 1
1295 42 1
1299 87 1
1299 204 1
1316 40 1
1320 9 1
1320 12 1
1336 7 1
1336 101 1
1336 144 1
1336 893 1
1336 1763 1
1337 58 1
1337 102 1
1347 5 1
1347 9 1
1347 122 1
1361 554 1
1362 19 1
1366 5 1
1366 7 1
1366 289 1
1368 5 1
1395 87 1
1395 119 1
1396 119 1
1396 538 1
1400 9 1
1400 42 1
1428 144 1
1445 16 1
1473 3 1
1473 25 1
1473 102 1
1473 1199 1
1473 2079 1
1479 58 1
1479 918 1
1490 5 1
1490 20 1
1491 171 1
1497 19 1
1501 7 1
1514 654 1
1522 3 1
1522 9 1
1522 17 1
1525 40 1
1525 236 1
1525 685 1
1525 1396 1
1526 42 1
1533 40 1
1554 5 1
1561 15 1
1561 60 1
1597 1261 1
1598 33 1
1598 42 1
1598 57 1
1601 40 1
1601 82 1
1601 99 1
1601 148 1
1616 31 1
1668 3 1
1681 31 1
1681 42 1
1731 9 1
1731 95 1
1743 81 1
1746 574 1
1752 119 1
1754 28 1
1754 42 1
1754 57 1
1754 78 1
1754 601 1
1773 7 1
1773 28 1
1773 71 1
1774 1043 1
1781 5 1
1781 9 1
1784 574 1
1787 9 1
1787 10 1
1787 41 1
1787 61 1
1787 2615 1
1812 42 1
1812 121 1
1815 9 1
1815 40 1
1815 205 1
1816 28 1
1816 538 1
1824 10 1
1824 57 1
1824 105 1
1837 40 1
1878 105 1
1886 33 1
1893 1017 1
1906 205 1
1928 1300 1
1937 29 1
1937 57 1
1940 19 1
1942 57 1
1961 7 1
1968 58 1
1989 31 1
1989 105 1
2043 133 1
2053 78 1
2067 9 1
2074 7 1
2074 9 1
2074 678 1
2079 67 1
2079 670 1
2141 9 1
2170 102 1
2177 5 1
2177 893 1
2190 9 1
2190 574 1
2193 148 1
2200 19 1
2200 58 1
2209 40 1
2223 9 1
2226 57 1
2226 61 1
2228 42 1
2264 19 1
2291 280 1
2292 9 1
2292 57 1
2292 105 1
2292 138 1
2293 7 1
2293 40 1
2376 40 1
2378 31 1
2388 40 1
2405 20 1
2408 9 1
2413 33 1
2413 134 1
2414 574 1
2464 57 1
2476 15 1
2484 893 1
2507 25 1
2532 281 1
2543 7 1
2575 19 1
2584 148 1
2609 7 1
2609 422 1
2615 17 1
2618 78 1
2645 31 1
2646 9 1
2652 40 1
2657 5 1
2657 283 1
2678 138 1
2678 532 1
2682 9 1
2683 5 1
2683 61 1
2713 101 1
2727 289 1
2729 71 1
2806 42 1
2816 1300 1
2842 57 1
2844 40 1
2878 119 1
2880 57 1
2880 148 1
2895 186 1
2915 94 1
2917 9 1
3011 148 1
3041 3 1
3044 5 1
3048 3 1
3058 154 1
3064 174 1
3077 205 1
3092 19 1
3128 122 1
3133 7 1
3146 19 1
3148 57 1
3175 40 1
