3 5 1
3 9 1
3 15 1
3 17 1
3 20 1
3 22 1
3 41 1
3 56 1
3 58 1
3 60 1
3 61 1
3 82 1
3 83 1
3 88 1
3 91 1
3 106 1
3 119 1
3 122 1
3 133 1
3 138 1
3 174 1
3 186 1
3 187 1
3 220 1
3 248 1
3 281 1
3 283 1
3 406 1
3 456 1
3 457 1
3 504 1
3 531 1
3 593 1
3 670 1
3 769 1
3 977 1
3 1090 1
3 1184 1
3 1522 1
3 2880 1
3 2970 1
4 7 1
4 9 1
4 12 1
4 19 1
4 64 1
4 148 1
4 468 1
5 3 1
5 4 1
5 15 1
5 17 1
5 19 1
5 27 1
5 31 1
5 40 1
5 41 1
5 58 1
5 61 1
5 74 1
5 81 1
5 82 1
5 90 1
5 94 1
5 102 1
5 106 1
5 133 1
5 144 1
5 148 1
5 171 1
5 174 1
5 205 1
5 250 1
5 280 1
5 330 1
5 405 1
5 455 1
5 511 1
5 531 1
5 532 1
5 592 1
5 601 1
5 602 1
5 627 1
5 639 1
5 696 1
5 769 1
5 852 1
5 893 1
5 1005 1
5 1018 1
5 1100 1
5 1291 1
5 1491 1
5 1774 1
5 2317 1
5 2615 1
5 2657 1
5 2682 1
7 3 1
7 4 1
7 8 1
7 9 1
7 10 1
7 12 1
7 15 1
7 19 1
7 20 1
7 22 1
7 25 1
7 27 1
7 28 1
7 29 1
7 31 1
7 33 1
7 40 1
7 41 1
7 42 1
7 54 1
7 58 1
7 64 1
7 71 1
7 74 1
7 78 1
7 82 1
7 83 1
7 84 1
7 87 1
7 88 1
7 94 1
7 95 1
7 97 1
7 99 1
7 102 1
7 103 1
7 108 1
7 119 1
7 121 1
7 128 1
7 133 1
7 139 1
7 154 1
7 155 1
7 171 1
7 174 1
7 186 1
7 204 1
7 205 1
7 232 1
7 250 1
7 280 1
7 281 1
7 283 1
7 288 1
7 291 1
7 292 1
7 316 1
7 324 1
7 333 1
7 343 1
7 345 1
7 378 1
7 393 1
7 422 1
7 431 1
7 457 1
7 468 1
7 483 1
7 511 1
7 540 1
7 574 1
7 601 1
7 670 1
7 702 1
7 750 1
7 829 1
7 854 1
7 922 1
7 943 1
7 991 1
7 994 1
7 1012 1
7 1014 1
7 1027 1
7 1064 1
7 1184 1
7 1300 1
7 1316 1
7 1473 1
7 1746 1
7 1754 1
7 1763 1
7 2074 1
7 2293 1
7 2317 1
7 2464 1
7 3044 1
7 3092 1
8 9 1
9 3 1
9 7 1
9 12 1
9 16 1
9 17 1
9 19 1
9 22 1
9 25 1
9 27 1
9 28 1
9 29 1
9 31 1
9 37 1
9 40 1
9 54 1
9 57 1
9 58 1
9 61 1
9 71 1
9 74 1
9 76 1
9 78 1
9 81 1
9 82 1
9 84 1
9 85 1
9 87 1
9 88 1
9 90 1
9 94 1
9 97 1
9 99 1
9 101 1
9 102 1
9 105 1
9 119 1
9 122 1
9 133 1
9 138 1
9 147 1
9 154 1
9 155 1
9 179 1
9 187 1
9 195 1
9 216 1
9 236 1
9 240 1
9 280 1
9 283 1
9 284 1
9 287 1
9 288 1
9 289 1
9 291 1
9 321 1
9 324 1
9 383 1
9 393 1
9 405 1
9 422 1
9 442 1
9 457 1
9 504 1
9 511 1
9 525 1
9 532 1
9 538 1
9 574 1
9 581 1
9 594 1
9 601 1
9 627 1
9 639 1
9 640 1
9 654 1
9 679 1
9 699 1
9 852 1
9 854 1
9 893 1
9 910 1
9 918 1
9 956 1
9 959 1
9 979 1
9 1014 1
9 1027 1
9 1032 1
9 1037 1
9 1073 1
9 1103 1
9 1106 1
9 1127 1
9 1193 1
9 1256 1
9 1291 1
9 1320 1
9 1337 1
9 1347 1
9 1366 1
9 1473 1
9 1490 1
9 1533 1
9 1681 1
9 1752 1
9 1754 1
9 1773 1
9 1774 1
9 1787 1
9 1878 1
9 1961 1
9 1989 1
9 2053 1
9 2170 1
9 2200 1
9 2246 1
9 2317 1
9 2413 1
9 2543 1
9 2729 1
9 2844 1
9 3077 1
10 9 1
10 19 1
10 42 1
10 64 1
10 94 1
10 95 1
10 105 1
10 139 1
10 174 1
10 195 1
10 321 1
10 393 1
10 530 1
10 893 1
10 943 1
10 1968 1
10 2816 1
11 5 1
11 57 1
11 654 1
11 1014 1
12 5 1
12 9 1
12 17 1
12 19 1
12 20 1
12 40 1
12 81 1
12 119 1
12 121 1
12 138 1
12 195 1
12 281 1
12 333 1
12 893 1
12 948 1
12 1127 1
12 3048 1
15 7 1
15 57 1
15 78 1
15 101 1
15 102 1
15 139 1
15 370 1
15 489 1
15 538 1
15 540 1
15 1036 1
15 1746 1
15 2842 1
16 5 1
16 10 1
16 12 1
16 31 1
16 40 1
16 41 1
16 48 1
16 57 1
16 95 1
16 906 1
16 1012 1
17 5 1
17 7 1
17 9 1
17 10 1
17 12 1
17 16 1
17 20 1
17 31 1
17 40 1
17 41 1
17 42 1
17 57 1
17 58 1
17 64 1
17 67 1
17 71 1
17 78 1
17 97 1
17 101 1
17 102 1
17 108 1
17 122 1
17 138 1
17 155 1
17 195 1
17 248 1
17 370 1
17 473 1
17 493 1
17 532 1
17 538 1
17 574 1
17 602 1
17 627 1
17 890 1
17 918 1
17 985 1
17 1002 1
17 1295 1
19 5 1
19 7 1
19 9 1
19 28 1
19 40 1
19 57 1
19 78 1
19 174 1
19 187 1
19 289 1
19 488 1
19 532 1
19 639 1
19 1036 1
19 1886 1
20 3 1
20 5 1
20 7 1
20 9 1
20 17 1
20 33 1
20 57 1
20 58 1
20 67 1
20 105 1
20 155 1
20 450 1
20 572 1
20 582 1
20 722 1
20 1104 1
20 1127 1
21 186 1
22 5 1
22 7 1
22 28 1
22 33 1
22 42 1
22 57 1
25 5 1
25 40 1
25 42 1
25 61 1
25 91 1
25 101 1
25 554 1
25 852 1
25 890 1
25 2388 1
27 9 1
27 40 1
27 42 1
27 57 1
27 102 1
27 289 1
27 364 1
28 3 1
28 5 1
28 7 1
28 9 1
28 19 1
28 57 1
28 58 1
28 78 1
28 82 1
28 88 1
28 94 1
28 95 1
28 99 1
28 101 1
28 102 1
28 122 1
28 133 1
28 144 1
28 205 1
28 248 1
28 280 1
28 283 1
28 284 1
28 288 1
28 531 1
28 574 1
28 747 1
28 893 1
28 910 1
28 959 1
28 985 1
28 1086 1
28 1784 1
28 2408 1
28 2678 1
29 5 1
29 7 1
29 15 1
29 42 1
29 57 1
29 87 1
29 220 1
29 283 1
29 713 1
29 2806 1
31 3 1
31 5 1
31 7 1
31 9 1
31 17 1
31 20 1
31 25 1
31 94 1
31 95 1
31 102 1
31 121 1
31 133 1
31 139 1
31 281 1
31 289 1
31 291 1
31 455 1
31 531 1
31 574 1
31 627 1
31 639 1
31 893 1
31 943 1
31 1004 1
31 1014 1
31 1199 1
31 1816 1
31 2292 1
31 2657 1
33 3 1
33 5 1
33 31 1
33 40 1
33 94 1
33 95 1
33 105 1
33 121 1
33 122 1
33 133 1
33 148 1
33 171 1
33 205 1
33 281 1
33 331 1
33 345 1
33 405 1
33 531 1
33 538 1
33 601 1
33 654 1
33 854 1
33 1100 1
33 1104 1
33 1184 1
36 7 1
36 9 1
36 40 1
36 57 1
36 87 1
36 88 1
36 289 1
36 1368 1
37 3 1
37 9 1
37 28 1
37 95 1
37 289 1
40 3 1
40 5 1
40 9 1
40 15 1
40 17 1
40 19 1
40 22 1
40 27 1
40 31 1
40 33 1
40 37 1
40 42 1
40 57 1
40 58 1
40 61 1
40 78 1
40 82 1
40 84 1
40 91 1
40 94 1
40 95 1
40 97 1
40 121 1
40 122 1
40 128 1
40 133 1
40 138 1
40 139 1
40 144 1
40 147 1
40 171 1
40 174 1
40 186 1
40 205 1
40 216 1
40 221 1
40 236 1
40 252 1
40 258 1
40 287 1
40 288 1
40 289 1
40 316 1
40 345 1
40 370 1
40 383 1
40 393 1
40 422 1
40 442 1
40 504 1
40 531 1
40 532 1
40 574 1
40 639 1
40 678 1
40 719 1
40 746 1
40 750 1
40 852 1
40 854 1
40 893 1
40 918 1
40 948 1
40 985 1
40 1005 1
40 1027 1
40 1078 1
40 1100 1
40 1184 1
40 1347 1
40 1445 1
40 1601 1
40 1781 1
40 1942 1
40 2028 1
40 2223 1
40 2618 1
40 2683 1
40 2713 1
40 3133 1
41 5 1
41 9 1
41 17 1
41 19 1
41 25 1
41 27 1
41 31 1
41 40 1
41 67 1
41 87 1
41 95 1
41 99 1
41 119 1
41 134 1
41 179 1
41 240 1
41 333 1
41 345 1
41 378 1
41 654 1
41 893 1
41 977 1
41 1787 1
41 2292 1
42 5 1
42 9 1
42 12 1
42 17 1
42 22 1
42 29 1
42 31 1
42 58 1
42 64 1
42 76 1
42 78 1
42 82 1
42 95 1
42 99 1
42 101 1
42 106 1
42 122 1
42 133 1
42 134 1
42 138 1
42 139 1
42 221 1
42 252 1
42 281 1
42 288 1
42 289 1
42 291 1
42 330 1
42 346 1
42 378 1
42 455 1
42 457 1
42 466 1
42 473 1
42 576 1
42 593 1
42 602 1
42 719 1
42 746 1
42 769 1
42 893 1
42 948 1
42 959 1
42 1002 1
42 1017 1
42 1043 1
42 1078 1
42 1206 1
42 1445 1
42 1743 1
42 2317 1
42 3041 1
47 5 1
47 9 1
47 42 1
47 57 1
47 144 1
47 179 1
47 195 1
47 538 1
47 699 1
48 10 1
48 28 1
48 558 1
54 5 1
54 7 1
54 9 1
54 19 1
54 40 1
54 41 1
54 42 1
54 95 1
54 205 1
54 287 1
54 321 1
54 531 1
54 991 1
56 5 1
56 9 1
57 3 1
57 5 1
57 7 1
57 9 1
57 33 1
57 42 1
57 58 1
57 60 1
57 61 1
57 81 1
57 88 1
57 99 1
57 102 1
57 106 1
57 119 1
57 122 1
57 138 1
57 144 1
57 155 1
57 186 1
57 382 1
57 422 1
57 456 1
57 466 1
57 473 1
57 493 1
57 511 1
57 531 1
57 632 1
57 910 1
57 948 1
57 1156 1
57 1199 1
57 1261 1
57 1320 1
57 1668 1
57 1837 1
57 2228 1
57 2652 1
58 3 1
58 7 1
58 15 1
58 19 1
58 95 1
58 97 1
58 105 1
58 148 1
58 155 1
58 179 1
58 338 1
58 422 1
58 531 1
58 539 1
58 893 1
58 1004 1
58 1337 1
60 7 1
60 9 1
60 19 1
60 28 1
61 7 1
61 11 1
61 33 1
61 40 1
61 99 1
61 186 1
61 240 1
61 574 1
61 601 1
61 679 1
61 1164 1
64 5 1
64 7 1
64 9 1
64 15 1
64 19 1
64 28 1
64 33 1
64 40 1
64 57 1
64 78 1
64 83 1
64 88 1
64 102 1
64 119 1
64 122 1
64 128 1
64 144 1
64 179 1
64 289 1
64 291 1
64 422 1
64 473 1
64 531 1
64 654 1
64 910 1
64 977 1
64 1014 1
64 1102 1
64 1479 1
64 1601 1
64 1893 1
64 2484 1
67 7 1
67 9 1
67 15 1
67 21 1
67 42 1
67 84 1
67 122 1
67 138 1
67 148 1
67 333 1
67 442 1
67 456 1
67 953 1
67 1473 1
67 2226 1
70 25 1
70 41 1
71 31 1
71 57 1
71 87 1
71 95 1
71 205 1
73 47 1
73 74 1
73 250 1
74 5 1
74 9 1
74 122 1
74 205 1
74 283 1
74 574 1
74 910 1
76 19 1
76 119 1
76 148 1
78 3 1
78 4 1
78 7 1
78 9 1
78 17 1
78 19 1
78 22 1
78 28 1
78 40 1
78 42 1
78 95 1
78 99 1
78 144 1
78 224 1
78 283 1
78 364 1
78 456 1
78 531 1
78 538 1
78 893 1
78 948 1
78 1313 1
78 1754 1
81 9 1
81 17 1
81 29 1
81 78 1
81 82 1
81 88 1
81 122 1
81 148 1
81 281 1
81 406 1
81 574 1
81 639 1
81 1497 1
82 5 1
82 7 1
82 12 1
82 25 1
82 40 1
82 42 1
82 57 1
82 94 1
82 95 1
82 106 1
82 108 1
82 119 1
82 121 1
82 171 1
82 174 1
82 205 1
82 289 1
82 333 1
82 466 1
82 1598 1
83 7 1
83 40 1
83 57 1
83 281 1
85 19 1
85 42 1
87 31 1
87 37 1
87 40 1
87 42 1
87 61 1
87 101 1
87 139 1
87 205 1
87 333 1
87 393 1
88 9 1
88 15 1
88 17 1
88 40 1
88 58 1
88 61 1
88 82 1
88 87 1
88 101 1
88 122 1
88 128 1
88 133 1
88 287 1
88 422 1
88 483 1
88 601 1
88 910 1
88 991 1
88 1746 1
88 1815 1
88 2193 1
88 3064 1
90 10 1
90 316 1
90 1366 1
91 1554 1
94 7 1
94 9 1
94 15 1
94 20 1
94 21 1
94 40 1
94 42 1
94 78 1
94 82 1
94 87 1
94 97 1
94 102 1
94 121 1
94 139 1
94 144 1
94 281 1
94 525 1
94 2236 1
95 10 1
95 11 1
95 17 1
95 42 1
95 57 1
95 67 1
95 122 1
95 133 1
95 139 1
95 148 1
95 187 1
95 205 1
95 220 1
95 281 1
95 483 1
95 530 1
95 574 1
95 685 1
95 747 1
95 1598 1
95 1754 1
95 1989 1
97 7 1
97 9 1
97 61 1
97 83 1
97 105 1
97 148 1
97 289 1
97 456 1
97 943 1
97 954 1
99 37 1
99 40 1
99 41 1
99 42 1
99 57 1
99 81 1
99 94 1
99 97 1
99 102 1
99 105 1
99 155 1
99 205 1
99 457 1
99 532 1
99 893 1
99 1027 1
99 1175 1
99 1400 1
101 5 1
101 17 1
101 19 1
101 20 1
101 27 1
101 58 1
101 60 1
101 82 1
101 119 1
101 128 1
101 287 1
101 333 1
101 540 1
101 685 1
101 1027 1
101 1824 1
102 5 1
102 7 1
102 12 1
102 20 1
102 31 1
102 33 1
102 42 1
102 81 1
102 91 1
102 119 1
102 122 1
102 250 1
102 280 1
102 405 1
102 422 1
102 511 1
102 994 1
102 1206 1
105 5 1
105 9 1
105 40 1
105 102 1
105 122 1
105 378 1
105 383 1
105 538 1
105 750 1
106 5 1
106 31 1
106 154 1
106 1300 1
108 7 1
108 12 1
108 95 1
108 102 1
108 138 1
108 171 1
108 370 1
119 3 1
119 5 1
119 9 1
119 10 1
119 17 1
119 20 1
119 25 1
119 31 1
119 33 1
119 41 1
119 74 1
119 82 1
119 88 1
119 101 1
119 102 1
119 122 1
119 133 1
119 138 1
119 154 1
119 221 1
119 292 1
119 330 1
119 405 1
119 511 1
119 807 1
119 1027 1
119 1199 1
119 1396 1
119 1501 1
119 1937 1
119 2657 1
121 9 1
121 20 1
121 28 1
121 31 1
121 58 1
121 78 1
121 99 1
121 102 1
121 2405 1
122 5 1
122 9 1
122 10 1
122 28 1
122 40 1
122 82 1
122 91 1
122 128 1
122 139 1
122 338 1
122 985 1
122 1037 1
122 1187 1
123 9 1
123 1014 1
128 9 1
128 17 1
128 42 1
128 154 1
128 321 1
128 602 1
128 632 1
128 893 1
133 3 1
133 7 1
133 9 1
133 25 1
133 31 1
133 42 1
133 47 1
133 57 1
133 119 1
133 139 1
133 281 1
133 483 1
133 654 1
134 3 1
134 17 1
134 78 1
134 97 1
134 133 1
134 154 1
134 289 1
134 405 1
134 1754 1
138 3 1
138 5 1
138 7 1
138 22 1
138 31 1
138 47 1
138 54 1
138 94 1
138 187 1
138 216 1
139 3 1
139 5 1
139 9 1
139 19 1
139 25 1
139 33 1
139 47 1
139 78 1
139 81 1
139 82 1
139 88 1
139 102 1
139 205 1
139 216 1
139 221 1
139 236 1
139 248 1
139 289 1
139 456 1
139 489 1
139 769 1
139 954 1
139 977 1
139 991 1
139 1601 1
144 15 1
144 41 1
144 81 1
144 87 1
144 106 1
144 108 1
144 321 1
144 330 1
144 954 1
147 33 1
147 40 1
147 42 1
147 101 1
148 7 1
148 9 1
148 17 1
148 19 1
148 20 1
148 25 1
148 27 1
148 31 1
148 40 1
148 42 1
148 47 1
148 61 1
148 94 1
148 105 1
148 108 1
148 119 1
148 123 1
148 288 1
148 291 1
148 333 1
148 442 1
148 489 1
148 531 1
148 670 1
148 807 1
148 893 1
148 2645 1
154 11 1
154 15 1
154 20 1
154 28 1
154 40 1
154 74 1
154 95 1
154 97 1
154 105 1
154 171 1
154 280 1
154 281 1
154 386 1
154 632 1
154 670 1
154 769 1
154 1616 1
155 4 1
155 7 1
155 25 1
155 31 1
155 40 1
155 42 1
155 61 1
155 121 1
155 133 1
155 174 1
171 3 1
171 7 1
171 17 1
171 88 1
171 105 1
171 174 1
171 205 1
171 473 1
171 531 1
174 9 1
174 42 1
174 532 1
179 31 1
179 40 1
179 57 1
179 61 1
179 84 1
179 119 1
179 121 1
179 148 1
179 195 1
186 15 1
186 17 1
186 19 1
186 29 1
186 64 1
186 95 1
186 119 1
186 134 1
186 1017 1
187 33 1
187 42 1
187 94 1
187 893 1
187 3175 1
195 4 1
195 7 1
195 9 1
195 20 1
195 25 1
195 40 1
195 41 1
195 42 1
195 74 1
195 97 1
195 102 1
195 138 1
195 144 1
195 250 1
195 288 1
195 316 1
195 639 1
195 979 1
195 1017 1
195 1027 1
195 1035 1
195 1299 1
195 1525 1
204 9 1
204 33 1
204 94 1
205 3 1
205 9 1
205 22 1
205 28 1
205 31 1
205 40 1
205 64 1
205 74 1
205 78 1
205 101 1
205 155 1
205 195 1
205 283 1
205 333 1
205 532 1
205 570 1
205 699 1
205 890 1
216 33 1
216 40 1
216 83 1
216 122 1
216 221 1
216 1014 1
220 3 1
220 7 1
220 9 1
220 40 1
220 60 1
220 174 1
220 224 1
220 281 1
220 473 1
220 893 1
221 9 1
221 19 1
221 25 1
221 28 1
221 57 1
221 119 1
221 134 1
221 204 1
221 538 1
221 2657 1
224 3 1
224 5 1
224 20 1
224 29 1
224 33 1
224 40 1
224 42 1
224 57 1
224 64 1
224 87 1
224 94 1
224 97 1
224 101 1
224 154 1
224 221 1
224 280 1
224 283 1
224 531 1
224 554 1
224 627 1
224 769 1
224 1043 1
224 1099 1
224 2079 1
232 2190 1
236 10 1
236 11 1
236 15 1
236 42 1
236 88 1
236 187 1
236 1017 1
240 15 1
240 25 1
240 42 1
240 102 1
240 148 1
248 78 1
248 1106 1
250 985 1
252 25 1
252 393 1
258 57 1
258 84 1
258 133 1
258 1248 1
259 3 1
259 17 1
259 122 1
259 574 1
259 893 1
259 1286 1
280 5 1
280 29 1
280 95 1
280 195 1
280 893 1
280 1989 1
281 5 1
281 7 1
281 9 1
281 19 1
281 20 1
281 40 1
281 42 1
281 144 1
281 148 1
281 186 1
281 288 1
281 639 1
281 2476 1
283 5 1
283 20 1
283 21 1
283 57 1
283 60 1
283 370 1
283 382 1
283 532 1
283 746 1
283 893 1
283 2378 1
284 893 1
287 61 1
287 119 1
287 1313 1
288 7 1
288 71 1
288 139 1
288 289 1
288 455 1
288 531 1
288 985 1
288 1005 1
288 1127 1
289 40 1
289 57 1
289 97 1
289 119 1
289 138 1
289 281 1
289 795 1
291 31 1
291 33 1
291 57 1
291 94 1
291 133 1
291 483 1
291 2917 1
292 3 1
292 9 1
292 10 1
292 31 1
292 40 1
292 58 1
292 78 1
292 81 1
292 84 1
292 88 1
292 139 1
292 148 1
292 187 1
292 281 1
292 378 1
292 393 1
292 450 1
292 702 1
292 1002 1
292 2376 1
296 7 1
303 16 1
303 33 1
303 40 1
303 42 1
303 88 1
303 102 1
303 144 1
316 5 1
316 12 1
316 57 1
316 105 1
316 121 1
316 250 1
316 456 1
316 457 1
316 525 1
316 1017 1
316 1526 1
316 2264 1
316 2507 1
316 2678 1
321 19 1
321 119 1
321 1106 1
324 5 1
324 7 1
324 31 1
324 102 1
324 1100 1
331 3 1
331 7 1
331 81 1
333 4 1
333 15 1
333 40 1
333 61 1
333 102 1
333 105 1
333 893 1
338 11 1
338 19 1
338 40 1
338 106 1
338 138 1
343 5 1
343 7 1
343 9 1
343 331 1
343 1104 1
345 7 1
345 10 1
345 61 1
346 7 1
346 40 1
346 42 1
346 119 1
346 138 1
346 333 1
361 5 1
361 9 1
361 17 1
361 31 1
364 40 1
364 57 1
364 58 1
364 94 1
364 906 1
364 1012 1
370 9 1
370 12 1
370 57 1
370 144 1
378 7 1
378 17 1
378 42 1
378 81 1
378 174 1
378 654 1
382 3 1
382 7 1
386 42 1
393 40 1
393 94 1
405 9 1
405 19 1
405 57 1
405 144 1
405 281 1
406 5 1
406 9 1
406 71 1
406 128 1
406 1043 1
422 7 1
422 9 1
422 17 1
422 33 1
431 9 1
431 28 1
431 148 1
431 331 1
432 5 1
441 9 1
441 148 1
441 1043 1
442 3 1
442 58 1
442 105 1
444 9 1
444 15 1
444 61 1
444 893 1
449 539 1
449 1027 1
449 1106 1
450 5 1
450 7 1
450 31 1
450 42 1
450 48 1
455 40 1
455 82 1
455 90 1
455 122 1
455 281 1
455 1043 1
456 19 1
456 27 1
456 42 1
456 61 1
456 78 1
456 105 1
456 122 1
457 61 1
457 139 1
466 9 1
466 42 1
466 58 1
466 78 1
466 82 1
466 119 1
466 204 1
466 280 1
468 5 1
468 9 1
468 40 1
468 57 1
468 1261 1
468 1445 1
468 1490 1
468 2141 1
473 9 1
473 95 1
473 102 1
473 106 1
473 134 1
473 195 1
473 292 1
473 713 1
473 1072 1
481 28 1
488 19 1
488 20 1
488 29 1
488 33 1
488 82 1
489 10 1
489 99 1
493 42 1
493 57 1
493 61 1
493 102 1
493 195 1
493 236 1
511 7 1
511 10 1
511 19 1
511 61 1
525 5 1
525 40 1
525 106 1
530 82 1
530 582 1
531 10 1
531 20 1
531 29 1
531 31 1
531 33 1
531 94 1
531 97 1
531 148 1
531 155 1
531 205 1
531 221 1
531 236 1
531 406 1
531 572 1
531 769 1
531 893 1
531 1017 1
531 1395 1
531 2507 1
532 9 1
532 10 1
532 57 1
532 468 1
532 746 1
532 943 1
538 1057 1
538 1773 1
539 4 1
539 9 1
539 57 1
539 121 1
540 3 1
540 5 1
540 9 1
540 40 1
540 42 1
540 57 1
540 58 1
540 61 1
540 81 1
540 83 1
540 280 1
540 432 1
540 1313 1
554 9 1
554 28 1
554 40 1
554 42 1
554 250 1
558 7 1
558 41 1
558 42 1
570 47 1
571 9 1
572 5 1
572 9 1
572 10 1
572 15 1
572 19 1
572 29 1
572 33 1
572 40 1
572 61 1
572 87 1
572 101 1
572 106 1
572 119 1
572 122 1
572 240 1
574 17 1
574 33 1
574 42 1
574 48 1
574 97 1
574 102 1
574 105 1
574 910 1
576 7 1
576 9 1
576 746 1
581 42 1
582 9 1
582 58 1
592 42 1
593 64 1
594 5 1
601 3 1
601 5 1
601 10 1
601 42 1
601 78 1
601 283 1
601 769 1
602 3 1
602 57 1
602 119 1
602 155 1
627 5 1
627 15 1
627 57 1
627 58 1
627 466 1
627 531 1
627 558 1
632 3 1
632 5 1
632 19 1
632 102 1
639 3 1
639 40 1
639 67 1
639 205 1
639 289 1
639 303 1
639 576 1
639 893 1
640 20 1
640 807 1
654 3 1
654 19 1
654 87 1
654 148 1
654 450 1
670 5 1
670 7 1
670 31 1
670 33 1
670 40 1
670 525 1
671 20 1
678 5 1
678 7 1
678 17 1
678 19 1
678 28 1
678 41 1
678 64 1
679 31 1
679 57 1
696 1017 1
699 95 1
699 122 1
699 123 1
699 405 1
702 40 1
702 456 1
713 7 1
713 42 1
713 57 1
713 119 1
719 57 1
719 119 1
722 9 1
722 95 1
722 102 1
746 9 1
746 19 1
746 40 1
746 58 1
746 531 1
750 9 1
750 42 1
750 696 1
769 33 1
769 40 1
769 97 1
769 287 1
795 5 1
795 7 1
795 19 1
795 22 1
795 283 1
795 291 1
807 9 1
807 20 1
807 40 1
807 303 1
807 468 1
829 9 1
829 134 1
842 40 1
852 5 1
852 7 1
852 9 1
852 17 1
852 102 1
852 119 1
852 345 1
852 1784 1
854 57 1
858 7 1
890 20 1
890 57 1
890 78 1
893 7 1
893 9 1
893 42 1
893 99 1
906 9 1
906 220 1
910 61 1
910 81 1
910 102 1
910 128 1
910 148 1
910 195 1
910 280 1
910 1078 1
910 1299 1
918 17 1
918 42 1
918 216 1
918 343 1
918 456 1
918 457 1
922 3 1
922 28 1
943 3 1
943 7 1
943 40 1
943 82 1
943 138 1
943 2915 1
946 9 1
946 57 1
948 5 1
948 7 1
948 42 1
948 58 1
954 17 1
954 444 1
956 5 1
956 2292 1
959 42 1
959 47 1
959 88 1
959 148 1
959 283 1
959 574 1
977 3 1
977 57 1
977 87 1
977 205 1
977 252 1
977 441 1
977 1078 1
979 5 1
979 31 1
985 5 1
985 42 1
985 444 1
985 3058 1
991 7 1
991 1362 1
994 5 1
994 61 1
1002 101 1
1002 554 1
1004 2507 1
1005 9 1
1005 40 1
1005 601 1
1005 1027 1
1012 9 1
1012 57 1
1014 16 1
1014 17 1
1014 19 1
1014 82 1
1014 220 1
1014 324 1
1017 31 1
1017 41 1
1017 64 1
1017 106 1
1017 155 1
1017 324 1
1018 9 1
1027 7 1
1027 9 1
1027 40 1
1027 42 1
1027 58 1
1032 25 1
1032 33 1
1035 42 1
1035 64 1
1035 148 1
1035 330 1
1035 531 1
1036 3 1
1036 25 1
1036 61 1
1037 95 1
1043 58 1
1043 122 1
1043 174 1
1043 281 1
1043 1259 1
1057 7 1
1064 7 1
1064 41 1
1071 33 1
1072 9 1
1072 40 1
1072 139 1
1073 40 1
1078 7 1
1078 9 1
1078 40 1
1078 41 1
1078 78 1
1078 88 1
1089 9 1
1089 40 1
1090 289 1
1099 139 1
1100 7 1
1100 42 1
1100 87 1
1100 122 1
1100 854 1
1100 946 1
1100 1291 1
1102 5 1
1102 7 1
1102 20 1
1103 58 1
1104 5 1
1104 19 1
1104 42 1
1104 105 1
1106 57 1
1106 133 1
1106 769 1
1106 1181 1
1106 1336 1
1115 9 1
1127 9 1
1127 10 1
1127 31 1
1156 9 1
1164 538 1
1164 953 1
1175 12 1
1184 3 1
1184 15 1
1184 58 1
1184 71 1
1184 289 1
1193 40 1
1199 17 1
1206 15 1
1206 540 1
1206 910 1
1220 138 1
1220 722 1
1224 9 1
1248 148 1
1255 16 1
1255 64 1
1255 139 1
1256 33 1
1259 28 1
1259 102 1
1259 457 1
1261 28 1
1261 1774 1
1291 58 1
1291 221 1
1295 64 1
1299 5 1
1299 97 1
1316 7 1
1320 195 1
1320 2291 1
1336 5 1
1336 17 1
1336 58 1
1336 119 1
1336 138 1
1337 283 1
1337 456 1
1347 42 1
1347 121 1
1347 639 1
1361 627 1
1362 139 1
1366 9 1
1366 40 1
1366 58 1
1368 346 1
1395 5 1
1395 17 1
1396 144 1
1396 893 1
1400 9 1
1400 40 1
1428 9 1
1445 9 1
1473 31 1
1473 40 1
1473 88 1
1473 639 1
1473 1089 1
1479 9 1
1479 119 1
1490 33 1
1490 281 1
1491 9 1
1497 31 1
1501 457 1
1514 9 1
1522 61 1
1522 102 1
1522 842 1
1525 9 1
1525 40 1
1525 42 1
1525 61 1
1526 574 1
1533 9 1
1554 422 1
1561 9 1
1561 42 1
1597 9 1
1598 7 1
1598 9 1
1598 40 1
1601 90 1
1601 122 1
1601 632 1
1601 943 1
1616 40 1
1668 148 1
1681 7 1
1681 19 1
1731 28 1
1731 289 1
1743 9 1
1746 702 1
1752 28 1
1754 9 1
1754 19 1
1754 47 1
1754 88 1
1754 283 1
1773 57 1
1773 393 1
1773 918 1
1774 57 1
1781 7 1
1781 40 1
1784 12 1
1787 5 1
1787 28 1
1787 97 1
1787 138 1
1787 144 1
1812 40 1
1812 148 1
1815 33 1
1815 42 1
1815 87 1
1816 9 1
1816 40 1
1824 15 1
1824 57 1
1824 670 1
1837 9 1
1878 40 1
1886 17 1
1893 42 1
1906 40 1
1928 893 1
1937 42 1
1937 205 1
1940 84 1
1942 9 1
1961 60 1
1968 148 1
1989 101 1
1989 432 1
2043 33 1
2053 5 1
2067 205 1
2074 5 1
2074 7 1
2074 9 1
2079 33 1
2079 42 1
2141 174 1
2170 61 1
2177 1224 1
2177 1817 1
2190 119 1
2190 144 1
2193 40 1
2200 64 1
2200 94 1
2209 9 1
2223 57 1
2226 57 1
2226 1731 1
2228 7 1
2264 3 1
2291 9 1
2292 17 1
2292 25 1
2292 179 1
2292 250 1
2293 7 1
2293 12 1
2376 81 1
2378 88 1
2388 17 1
2405 138 1
2408 283 1
2413 42 1
2413 910 1
2414 9 1
2464 102 1
2476 9 1
2484 7 1
2507 57 1
2532 159 1
2543 7 1
2575 15 1
2584 17 1
2609 22 1
2609 134 1
2615 1812 1
2618 174 1
2645 3 1
2646 5 1
2652 41 1
2657 57 1
2657 283 1
2678 19 1
2678 42 1
2682 119 1
2683 19 1
2683 713 1
2713 174 1
2727 9 1
2729 94 1
2806 2190 1
2816 40 1
2842 538 1
2844 1940 1
2878 3 1
2880 9 1
2880 852 1
2895 316 1
2915 139 1
2917 28 1
3011 58 1
3041 97 1
3044 10 1
3048 7 1
3058 713 1
3064 144 1
3077 133 1
3092 9 1
3128 292 1
3133 9 1
3146 5 1
3148 82 1
3175 20 1
