3 5 1
3 7 1
3 9 1
3 12 1
3 20 1
3 40 1
3 57 1
3 84 1
3 88 1
3 90 1
3 99 1
3 101 1
3 102 1
3 121 1
3 139 1
3 155 1
3 171 1
3 204 1
3 205 1
3 280 1
3 281 1
3 287 1
3 288 1
3 291 1
3 316 1
3 364 1
3 393 1
3 405 1
3 422 1
3 525 1
3 538 1
3 558 1
3 574 1
3 601 1
3 670 1
3 852 1
3 893 1
3 977 1
3 1017 1
3 1261 1
3 2388 1
4 3 1
4 5 1
4 7 1
4 9 1
4 28 1
4 105 1
4 893 1
5 3 1
5 7 1
5 8 1
5 11 1
5 17 1
5 19 1
5 20 1
5 22 1
5 33 1
5 40 1
5 41 1
5 58 1
5 64 1
5 76 1
5 78 1
5 81 1
5 82 1
5 83 1
5 88 1
5 95 1
5 99 1
5 102 1
5 105 1
5 106 1
5 108 1
5 121 1
5 133 1
5 138 1
5 155 1
5 171 1
5 216 1
5 236 1
5 240 1
5 280 1
5 281 1
5 321 1
5 331 1
5 333 1
5 393 1
5 442 1
5 572 1
5 602 1
5 948 1
5 1043 1
5 1090 1
5 1396 1
5 1473 1
5 1525 1
5 1533 1
5 2079 1
5 2806 1
7 4 1
7 5 1
7 9 1
7 10 1
7 12 1
7 17 1
7 19 1
7 22 1
7 25 1
7 29 1
7 31 1
7 33 1
7 37 1
7 41 1
7 42 1
7 47 1
7 58 1
7 60 1
7 61 1
7 64 1
7 67 1
7 78 1
7 81 1
7 82 1
7 87 1
7 88 1
7 97 1
7 101 1
7 102 1
7 105 1
7 119 1
7 121 1
7 122 1
7 123 1
7 133 1
7 139 1
7 144 1
7 147 1
7 155 1
7 171 1
7 174 1
7 186 1
7 187 1
7 195 1
7 205 1
7 216 1
7 240 1
7 280 1
7 284 1
7 287 1
7 288 1
7 289 1
7 343 1
7 345 1
7 378 1
7 405 1
7 422 1
7 442 1
7 450 1
7 466 1
7 473 1
7 531 1
7 532 1
7 539 1
7 554 1
7 574 1
7 582 1
7 602 1
7 627 1
7 639 1
7 746 1
7 747 1
7 769 1
7 852 1
7 893 1
7 918 1
7 922 1
7 943 1
7 979 1
7 994 1
7 1005 1
7 1012 1
7 1027 1
7 1064 1
7 1078 1
7 1106 1
7 1127 1
7 1175 1
7 1554 1
7 1616 1
7 1668 1
7 1754 1
7 1774 1
7 1837 1
7 2190 1
7 2193 1
7 2292 1
7 2729 1
7 3041 1
8 15 1
9 3 1
9 5 1
9 7 1
9 16 1
9 17 1
9 19 1
9 25 1
9 27 1
9 28 1
9 29 1
9 31 1
9 33 1
9 40 1
9 41 1
9 54 1
9 58 1
9 67 1
9 78 1
9 81 1
9 82 1
9 83 1
9 84 1
9 87 1
9 94 1
9 95 1
9 97 1
9 99 1
9 102 1
9 105 1
9 108 1
9 119 1
9 122 1
9 133 1
9 134 1
9 138 1
9 139 1
9 144 1
9 147 1
9 148 1
9 159 1
9 174 1
9 220 1
9 221 1
9 236 1
9 280 1
9 288 1
9 289 1
9 291 1
9 316 1
9 321 1
9 324 1
9 345 1
9 382 1
9 383 1
9 393 1
9 405 1
9 422 1
9 450 1
9 455 1
9 456 1
9 466 1
9 468 1
9 483 1
9 488 1
9 493 1
9 531 1
9 538 1
9 554 1
9 574 1
9 576 1
9 594 1
9 627 1
9 640 1
9 679 1
9 685 1
9 699 1
9 746 1
9 747 1
9 750 1
9 854 1
9 893 1
9 946 1
9 948 1
9 953 1
9 959 1
9 977 1
9 985 1
9 991 1
9 1004 1
9 1012 1
9 1014 1
9 1017 1
9 1027 1
9 1037 1
9 1086 1
9 1104 1
9 1291 1
9 1299 1
9 1300 1
9 1313 1
9 1316 1
9 1497 1
9 1601 1
9 1743 1
9 1774 1
9 1781 1
9 1942 1
9 1989 1
9 2028 1
9 2074 1
9 2141 1
9 2200 1
9 2291 1
9 2293 1
9 2317 1
9 2405 1
9 2408 1
9 2507 1
9 2543 1
9 2618 1
9 2645 1
9 2657 1
9 3092 1
10 7 1
10 9 1
10 15 1
10 40 1
10 82 1
10 95 1
10 102 1
10 122 1
10 144 1
10 187 1
10 281 1
10 654 1
10 852 1
10 1313 1
10 1601 1
10 1817 1
10 2476 1
11 9 1
11 42 1
11 57 1
11 101 1
12 5 1
12 17 1
12 41 1
12 48 1
12 57 1
12 82 1
12 95 1
12 101 1
12 106 1
12 119 1
12 205 1
12 281 1
12 291 1
12 525 1
12 539 1
12 842 1
12 1473 1
15 5 1
15 57 1
15 58 1
15 81 1
15 88 1
15 94 1
15 97 1
15 105 1
15 139 1
15 216 1
15 289 1
15 639 1
15 918 1
16 19 1
16 31 1
16 97 1
16 128 1
16 148 1
16 252 1
16 442 1
16 829 1
16 893 1
16 1014 1
16 1099 1
17 5 1
17 9 1
17 15 1
17 19 1
17 22 1
17 27 1
17 31 1
17 33 1
17 37 1
17 40 1
17 61 1
17 64 1
17 78 1
17 81 1
17 82 1
17 88 1
17 94 1
17 99 1
17 101 1
17 102 1
17 105 1
17 106 1
17 122 1
17 155 1
17 289 1
17 316 1
17 330 1
17 345 1
17 378 1
17 525 1
17 538 1
17 627 1
17 639 1
17 893 1
17 1014 1
17 1199 1
17 1812 1
17 2317 1
17 2657 1
19 5 1
19 7 1
19 9 1
19 20 1
19 40 1
19 41 1
19 42 1
19 94 1
19 119 1
19 174 1
19 220 1
19 511 1
19 696 1
19 1017 1
19 1490 1
20 3 1
20 9 1
20 29 1
20 40 1
20 42 1
20 61 1
20 64 1
20 82 1
20 102 1
20 138 1
20 148 1
20 174 1
20 232 1
20 250 1
20 283 1
20 288 1
20 540 1
21 186 1
22 7 1
22 17 1
22 41 1
22 333 1
22 489 1
22 632 1
25 42 1
25 88 1
25 122 1
25 133 1
25 134 1
25 139 1
25 893 1
25 1184 1
25 1824 1
25 2844 1
27 9 1
27 17 1
27 58 1
27 78 1
27 121 1
27 289 1
27 1479 1
28 5 1
28 9 1
28 15 1
28 19 1
28 20 1
28 21 1
28 25 1
28 29 1
28 31 1
28 41 1
28 42 1
28 57 1
28 61 1
28 64 1
28 78 1
28 81 1
28 82 1
28 88 1
28 91 1
28 94 1
28 102 1
28 155 1
28 195 1
28 205 1
28 248 1
28 444 1
28 455 1
28 457 1
28 532 1
28 702 1
28 893 1
28 1017 1
28 1763 1
28 1937 1
28 1961 1
29 17 1
29 19 1
29 33 1
29 40 1
29 58 1
29 78 1
29 94 1
29 174 1
29 574 1
29 959 1
31 3 1
31 7 1
31 9 1
31 17 1
31 19 1
31 28 1
31 42 1
31 78 1
31 82 1
31 90 1
31 95 1
31 99 1
31 101 1
31 133 1
31 134 1
31 148 1
31 221 1
31 289 1
31 303 1
31 383 1
31 457 1
31 511 1
31 531 1
31 893 1
31 954 1
31 979 1
31 1102 1
31 1206 1
31 2317 1
33 3 1
33 7 1
33 19 1
33 20 1
33 27 1
33 28 1
33 40 1
33 61 1
33 64 1
33 94 1
33 105 1
33 119 1
33 174 1
33 179 1
33 220 1
33 280 1
33 422 1
33 456 1
33 532 1
33 574 1
33 943 1
33 994 1
33 1526 1
33 1784 1
33 1968 1
36 5 1
36 7 1
36 12 1
36 15 1
36 40 1
36 57 1
36 94 1
36 592 1
37 7 1
37 15 1
37 40 1
37 128 1
37 531 1
40 3 1
40 5 1
40 9 1
40 11 1
40 12 1
40 17 1
40 19 1
40 22 1
40 27 1
40 28 1
40 29 1
40 33 1
40 42 1
40 58 1
40 61 1
40 64 1
40 71 1
40 74 1
40 78 1
40 88 1
40 91 1
40 94 1
40 95 1
40 105 1
40 106 1
40 108 1
40 119 1
40 121 1
40 122 1
40 128 1
40 138 1
40 139 1
40 154 1
40 171 1
40 174 1
40 187 1
40 205 1
40 221 1
40 236 1
40 240 1
40 248 1
40 250 1
40 252 1
40 280 1
40 284 1
40 287 1
40 289 1
40 291 1
40 346 1
40 378 1
40 393 1
40 405 1
40 511 1
40 530 1
40 531 1
40 540 1
40 558 1
40 572 1
40 593 1
40 639 1
40 670 1
40 685 1
40 722 1
40 746 1
40 852 1
40 854 1
40 893 1
40 943 1
40 991 1
40 1004 1
40 1027 1
40 1072 1
40 1073 1
40 1181 1
40 1199 1
40 1366 1
40 1752 1
40 2413 1
40 2615 1
40 2917 1
41 5 1
41 10 1
41 12 1
41 15 1
41 19 1
41 57 1
41 58 1
41 82 1
41 138 1
41 144 1
41 148 1
41 174 1
41 291 1
41 321 1
41 393 1
41 450 1
41 457 1
41 532 1
41 854 1
41 906 1
41 977 1
41 1018 1
41 1815 1
41 2464 1
42 3 1
42 5 1
42 9 1
42 10 1
42 12 1
42 19 1
42 20 1
42 28 1
42 41 1
42 47 1
42 48 1
42 54 1
42 57 1
42 58 1
42 61 1
42 71 1
42 74 1
42 90 1
42 94 1
42 95 1
42 99 1
42 102 1
42 103 1
42 105 1
42 121 1
42 122 1
42 133 1
42 138 1
42 148 1
42 179 1
42 186 1
42 205 1
42 221 1
42 248 1
42 283 1
42 324 1
42 383 1
42 406 1
42 456 1
42 493 1
42 554 1
42 654 1
42 696 1
42 893 1
42 918 1
42 1184 1
42 1199 1
42 1291 1
42 1746 1
42 1774 1
42 2226 1
42 2970 1
47 5 1
47 9 1
47 20 1
47 57 1
47 119 1
47 289 1
47 893 1
47 1043 1
47 2236 1
48 64 1
48 364 1
48 1731 1
54 5 1
54 7 1
54 9 1
54 19 1
54 28 1
54 33 1
54 42 1
54 57 1
54 61 1
54 119 1
54 154 1
54 893 1
54 1027 1
56 7 1
56 31 1
57 5 1
57 9 1
57 10 1
57 19 1
57 22 1
57 25 1
57 28 1
57 37 1
57 40 1
57 61 1
57 97 1
57 101 1
57 102 1
57 106 1
57 119 1
57 133 1
57 138 1
57 144 1
57 155 1
57 283 1
57 324 1
57 370 1
57 393 1
57 422 1
57 504 1
57 531 1
57 538 1
57 746 1
57 769 1
57 854 1
57 893 1
57 985 1
57 1035 1
57 1100 1
57 1337 1
57 1395 1
57 1473 1
57 1754 1
57 2292 1
58 5 1
58 7 1
58 33 1
58 57 1
58 84 1
58 101 1
58 102 1
58 119 1
58 139 1
58 186 1
58 205 1
58 288 1
58 483 1
58 574 1
58 910 1
58 1027 1
58 1598 1
60 28 1
60 58 1
60 139 1
60 1027 1
61 3 1
61 9 1
61 19 1
61 40 1
61 139 1
61 345 1
61 378 1
61 531 1
61 654 1
61 852 1
61 954 1
64 9 1
64 15 1
64 19 1
64 21 1
64 31 1
64 42 1
64 74 1
64 88 1
64 95 1
64 102 1
64 133 1
64 139 1
64 144 1
64 195 1
64 221 1
64 287 1
64 289 1
64 292 1
64 316 1
64 370 1
64 386 1
64 456 1
64 531 1
64 581 1
64 890 1
64 910 1
64 1104 1
64 1368 1
64 1787 1
64 2507 1
64 2678 1
64 2915 1
67 5 1
67 10 1
67 11 1
67 19 1
67 20 1
67 25 1
67 31 1
67 40 1
67 57 1
67 95 1
67 119 1
67 171 1
67 281 1
67 455 1
67 1100 1
70 7 1
70 78 1
71 9 1
71 54 1
71 74 1
71 101 1
71 1320 1
73 27 1
73 42 1
73 74 1
74 20 1
74 31 1
74 40 1
74 42 1
74 64 1
74 102 1
74 456 1
76 121 1
76 154 1
76 1184 1
78 7 1
78 17 1
78 29 1
78 31 1
78 40 1
78 64 1
78 102 1
78 119 1
78 205 1
78 216 1
78 220 1
78 250 1
78 287 1
78 530 1
78 532 1
78 538 1
78 985 1
78 1057 1
78 1100 1
78 1313 1
78 1490 1
78 1816 1
78 1989 1
81 9 1
81 10 1
81 25 1
81 40 1
81 57 1
81 64 1
81 87 1
81 95 1
81 220 1
81 281 1
81 288 1
81 601 1
81 1027 1
82 7 1
82 9 1
82 12 1
82 20 1
82 28 1
82 40 1
82 41 1
82 57 1
82 71 1
82 101 1
82 105 1
82 119 1
82 134 1
82 148 1
82 250 1
82 456 1
82 538 1
82 574 1
82 1445 1
82 2223 1
83 133 1
83 205 1
83 280 1
83 531 1
85 57 1
85 292 1
87 15 1
87 19 1
87 21 1
87 57 1
87 101 1
87 119 1
87 283 1
87 807 1
87 893 1
87 1362 1
88 7 1
88 9 1
88 10 1
88 12 1
88 19 1
88 29 1
88 31 1
88 57 1
88 91 1
88 122 1
88 128 1
88 174 1
88 221 1
88 248 1
88 281 1
88 338 1
88 538 1
88 670 1
88 679 1
88 893 1
88 954 1
88 1491 1
90 9 1
90 40 1
90 67 1
91 1014 1
94 5 1
94 7 1
94 9 1
94 10 1
94 15 1
94 17 1
94 40 1
94 58 1
94 78 1
94 81 1
94 88 1
94 99 1
94 106 1
94 121 1
94 281 1
94 291 1
94 654 1
94 702 1
95 3 1
95 5 1
95 19 1
95 20 1
95 22 1
95 33 1
95 40 1
95 47 1
95 58 1
95 78 1
95 87 1
95 221 1
95 303 1
95 422 1
95 455 1
95 504 1
95 627 1
95 795 1
95 854 1
95 893 1
95 1043 1
95 1291 1
97 5 1
97 7 1
97 9 1
97 42 1
97 57 1
97 83 1
97 102 1
97 144 1
97 574 1
97 601 1
99 4 1
99 5 1
99 7 1
99 9 1
99 15 1
99 17 1
99 19 1
99 42 1
99 57 1
99 119 1
99 122 1
99 138 1
99 240 1
99 281 1
99 601 1
99 639 1
99 1036 1
99 2682 1
101 5 1
101 7 1
101 10 1
101 25 1
101 31 1
101 121 1
101 154 1
101 289 1
101 405 1
101 511 1
101 702 1
101 769 1
101 956 1
101 1017 1
101 1184 1
101 3044 1
102 5 1
102 7 1
102 22 1
102 33 1
102 40 1
102 61 1
102 78 1
102 95 1
102 99 1
102 133 1
102 138 1
102 155 1
102 205 1
102 283 1
102 289 1
102 346 1
102 532 1
102 540 1
105 25 1
105 42 1
105 57 1
105 97 1
105 195 1
105 468 1
105 574 1
105 959 1
105 1295 1
106 31 1
106 40 1
106 47 1
106 195 1
108 3 1
108 5 1
108 16 1
108 19 1
108 133 1
108 224 1
108 457 1
119 5 1
119 9 1
119 16 1
119 17 1
119 19 1
119 31 1
119 61 1
119 78 1
119 82 1
119 133 1
119 186 1
119 205 1
119 258 1
119 280 1
119 281 1
119 283 1
119 289 1
119 333 1
119 489 1
119 639 1
119 654 1
119 713 1
119 893 1
119 943 1
119 1005 1
119 1017 1
119 1027 1
119 1036 1
119 1320 1
119 1787 1
119 2507 1
121 15 1
121 20 1
121 42 1
121 57 1
121 102 1
121 174 1
121 224 1
121 670 1
121 1754 1
122 5 1
122 9 1
122 17 1
122 33 1
122 40 1
122 57 1
122 60 1
122 84 1
122 330 1
122 525 1
122 601 1
122 1014 1
122 1347 1
123 57 1
123 61 1
128 3 1
128 5 1
128 9 1
128 19 1
128 22 1
128 95 1
128 281 1
128 807 1
133 5 1
133 7 1
133 9 1
133 17 1
133 20 1
133 31 1
133 42 1
133 61 1
133 74 1
133 102 1
133 205 1
133 574 1
133 601 1
134 15 1
134 17 1
134 20 1
134 61 1
134 102 1
134 121 1
134 370 1
134 910 1
134 1078 1
138 9 1
138 74 1
138 84 1
138 95 1
138 122 1
138 205 1
138 483 1
138 1337 1
138 1754 1
138 2378 1
139 5 1
139 10 1
139 17 1
139 20 1
139 33 1
139 41 1
139 67 1
139 81 1
139 87 1
139 88 1
139 106 1
139 119 1
139 144 1
139 174 1
139 195 1
139 330 1
139 333 1
139 457 1
139 473 1
139 511 1
139 910 1
139 1043 1
139 1103 1
139 1187 1
139 1445 1
144 40 1
144 42 1
144 85 1
144 99 1
144 155 1
144 204 1
144 333 1
144 473 1
144 2713 1
147 5 1
147 7 1
147 19 1
147 466 1
148 3 1
148 9 1
148 12 1
148 25 1
148 40 1
148 57 1
148 58 1
148 97 1
148 99 1
148 101 1
148 102 1
148 108 1
148 119 1
148 128 1
148 187 1
148 216 1
148 252 1
148 574 1
148 627 1
148 632 1
148 893 1
148 906 1
148 953 1
148 1286 1
148 1299 1
148 1501 1
148 2842 1
154 3 1
154 7 1
154 17 1
154 20 1
154 42 1
154 84 1
154 87 1
154 102 1
154 119 1
154 281 1
154 538 1
154 632 1
154 719 1
154 910 1
154 985 1
154 1754 1
154 2880 1
155 3 1
155 31 1
155 33 1
155 41 1
155 42 1
155 94 1
155 139 1
155 148 1
155 1681 1
155 2264 1
171 7 1
171 31 1
171 33 1
171 41 1
171 57 1
171 88 1
171 133 1
171 154 1
171 1002 1
174 101 1
174 250 1
174 1106 1
179 29 1
179 40 1
179 56 1
179 84 1
179 87 1
179 468 1
179 531 1
179 2683 1
179 2816 1
186 25 1
186 31 1
186 41 1
186 78 1
186 95 1
186 205 1
186 457 1
186 1014 1
186 1106 1
187 5 1
187 9 1
187 17 1
187 33 1
187 42 1
195 3 1
195 9 1
195 12 1
195 15 1
195 20 1
195 28 1
195 40 1
195 42 1
195 57 1
195 95 1
195 119 1
195 123 1
195 144 1
195 179 1
195 283 1
195 316 1
195 457 1
195 511 1
195 531 1
195 670 1
195 948 1
195 1164 1
195 1522 1
204 5 1
204 94 1
204 639 1
205 7 1
205 29 1
205 33 1
205 42 1
205 47 1
205 57 1
205 78 1
205 87 1
205 95 1
205 97 1
205 122 1
205 148 1
205 291 1
205 441 1
205 540 1
205 746 1
205 1400 1
205 3077 1
216 7 1
216 9 1
216 97 1
216 121 1
216 138 1
216 179 1
220 7 1
220 9 1
220 10 1
220 17 1
220 57 1
220 88 1
220 171 1
220 283 1
220 331 1
220 948 1
221 3 1
221 5 1
221 42 1
221 82 1
221 97 1
221 122 1
221 138 1
221 943 1
221 948 1
221 1193 1
224 7 1
224 9 1
224 10 1
224 17 1
224 19 1
224 40 1
224 41 1
224 42 1
224 57 1
224 101 1
224 119 1
224 179 1
224 195 1
224 321 1
224 331 1
224 422 1
224 431 1
224 654 1
224 713 1
224 893 1
224 1027 1
224 1127 1
224 1598 1
224 1601 1
232 2292 1
236 3 1
236 31 1
236 60 1
236 102 1
236 250 1
236 406 1
236 910 1
240 9 1
240 106 1
240 122 1
240 134 1
240 576 1
248 25 1
248 174 1
250 105 1
252 42 1
252 97 1
258 5 1
258 17 1
258 31 1
258 195 1
259 7 1
259 31 1
259 119 1
259 138 1
259 456 1
259 1224 1
280 42 1
280 58 1
280 61 1
280 81 1
280 106 1
280 119 1
281 3 1
281 7 1
281 9 1
281 87 1
281 95 1
281 101 1
281 119 1
281 139 1
281 250 1
281 570 1
281 639 1
281 722 1
281 3133 1
283 4 1
283 5 1
283 60 1
283 64 1
283 122 1
283 148 1
283 186 1
283 531 1
283 893 1
283 1156 1
283 2484 1
284 15 1
287 61 1
287 281 1
287 2376 1
288 7 1
288 17 1
288 42 1
288 57 1
288 97 1
288 139 1
288 280 1
288 713 1
288 2170 1
289 10 1
289 40 1
289 82 1
289 119 1
289 139 1
289 393 1
289 750 1
291 5 1
291 40 1
291 281 1
291 283 1
291 422 1
291 532 1
291 632 1
292 7 1
292 9 1
292 17 1
292 19 1
292 28 1
292 40 1
292 42 1
292 58 1
292 84 1
292 87 1
292 95 1
292 122 1
292 139 1
292 148 1
292 432 1
292 457 1
292 531 1
292 1002 1
292 1127 1
292 1784 1
296 144 1
303 3 1
303 9 1
303 25 1
303 40 1
303 102 1
303 2657 1
303 2678 1
316 5 1
316 7 1
316 15 1
316 19 1
316 40 1
316 58 1
316 61 1
316 81 1
316 95 1
316 97 1
316 171 1
316 236 1
316 289 1
316 1259 1
321 42 1
321 174 1
321 1100 1
324 28 1
324 42 1
324 205 1
324 281 1
324 333 1
331 40 1
331 133 1
331 195 1
333 3 1
333 7 1
333 33 1
333 40 1
333 292 1
333 330 1
333 918 1
338 5 1
338 17 1
338 58 1
338 148 1
338 370 1
343 3 1
343 7 1
343 42 1
343 58 1
343 119 1
345 17 1
345 28 1
345 2317 1
346 5 1
346 7 1
346 9 1
346 40 1
346 57 1
346 1104 1
361 19 1
361 57 1
361 333 1
361 1037 1
364 5 1
364 7 1
364 40 1
364 382 1
364 2246 1
364 3058 1
370 7 1
370 9 1
370 41 1
370 148 1
378 7 1
378 22 1
378 40 1
378 95 1
378 483 1
378 639 1
382 7 1
382 42 1
386 406 1
393 5 1
393 1893 1
405 5 1
405 20 1
405 40 1
405 88 1
405 1940 1
406 5 1
406 7 1
406 9 1
406 40 1
406 58 1
422 7 1
422 57 1
422 678 1
422 3175 1
431 9 1
431 81 1
431 148 1
431 1012 1
432 9 1
441 42 1
441 95 1
441 1336 1
442 40 1
442 187 1
442 574 1
444 9 1
444 15 1
444 42 1
444 91 1
449 9 1
449 17 1
449 370 1
450 4 1
450 20 1
450 122 1
450 582 1
450 2657 1
455 3 1
455 17 1
455 33 1
455 47 1
455 57 1
455 280 1
456 7 1
456 25 1
456 42 1
456 58 1
456 122 1
456 473 1
456 1445 1
457 25 1
457 1078 1
466 7 1
466 9 1
466 20 1
466 42 1
466 61 1
466 82 1
466 138 1
466 991 1
468 42 1
468 58 1
468 133 1
468 321 1
468 422 1
468 602 1
468 769 1
468 1886 1
473 5 1
473 9 1
473 12 1
473 29 1
473 40 1
473 42 1
473 57 1
473 78 1
473 1300 1
481 9 1
488 5 1
488 9 1
488 40 1
488 42 1
488 87 1
489 9 1
489 148 1
493 7 1
493 40 1
493 42 1
493 57 1
493 144 1
493 195 1
511 5 1
511 31 1
511 283 1
511 288 1
525 15 1
525 1256 1
525 1366 1
530 9 1
530 1746 1
531 7 1
531 9 1
531 10 1
531 28 1
531 33 1
531 41 1
531 58 1
531 83 1
531 95 1
531 122 1
531 281 1
531 330 1
531 456 1
531 457 1
531 489 1
531 699 1
531 977 1
531 1032 1
531 2652 1
532 7 1
532 9 1
532 57 1
532 71 1
532 106 1
532 985 1
538 292 1
538 991 1
539 10 1
539 33 1
539 134 1
539 283 1
540 3 1
540 4 1
540 9 1
540 31 1
540 42 1
540 57 1
540 61 1
540 121 1
540 155 1
540 639 1
540 1014 1
540 1106 1
540 1773 1
554 4 1
554 47 1
554 82 1
554 148 1
554 343 1
558 5 1
558 31 1
558 94 1
570 94 1
571 5 1
572 3 1
572 10 1
572 17 1
572 25 1
572 42 1
572 57 1
572 88 1
572 102 1
572 119 1
572 128 1
572 139 1
572 221 1
572 432 1
572 719 1
572 890 1
574 3 1
574 31 1
574 40 1
574 88 1
574 106 1
574 378 1
574 466 1
574 483 1
576 19 1
576 57 1
576 654 1
581 82 1
582 42 1
582 88 1
592 102 1
593 769 1
594 90 1
601 3 1
601 9 1
601 28 1
601 58 1
601 67 1
601 105 1
601 893 1
602 19 1
602 61 1
602 119 1
602 250 1
627 9 1
627 11 1
627 19 1
627 58 1
627 283 1
627 405 1
627 456 1
632 5 1
632 40 1
632 57 1
632 102 1
639 5 1
639 9 1
639 57 1
639 119 1
639 128 1
639 138 1
639 531 1
639 538 1
640 57 1
640 105 1
654 9 1
654 25 1
654 28 1
654 287 1
654 289 1
670 3 1
670 17 1
670 33 1
670 57 1
670 82 1
670 627 1
671 9 1
678 5 1
678 9 1
678 64 1
678 91 1
678 102 1
678 138 1
678 1127 1
679 5 1
679 95 1
696 40 1
699 7 1
699 33 1
699 57 1
699 97 1
702 60 1
702 122 1
713 3 1
713 20 1
713 40 1
713 910 1
719 20 1
719 33 1
722 9 1
722 57 1
722 144 1
746 7 1
746 12 1
746 42 1
746 148 1
746 468 1
750 7 1
750 42 1
750 139 1
769 3 1
769 15 1
769 19 1
769 40 1
795 17 1
795 22 1
795 58 1
795 139 1
795 345 1
795 531 1
807 17 1
807 42 1
807 61 1
807 82 1
807 144 1
829 82 1
829 333 1
842 943 1
852 7 1
852 9 1
852 19 1
852 40 1
852 78 1
852 133 1
852 154 1
852 281 1
854 333 1
858 9 1
890 9 1
890 78 1
890 94 1
893 3 1
893 17 1
893 31 1
893 61 1
906 58 1
906 769 1
910 5 1
910 9 1
910 40 1
910 88 1
910 97 1
910 122 1
910 155 1
910 205 1
910 289 1
918 7 1
918 9 1
918 33 1
918 57 1
918 105 1
918 148 1
922 42 1
922 102 1
943 7 1
943 31 1
943 61 1
943 205 1
943 283 1
943 601 1
946 57 1
946 1043 1
948 9 1
948 61 1
948 186 1
948 538 1
954 57 1
954 1347 1
956 25 1
956 893 1
959 5 1
959 9 1
959 10 1
959 17 1
959 58 1
959 71 1
977 5 1
977 9 1
977 58 1
977 78 1
977 148 1
977 289 1
977 405 1
979 9 1
979 57 1
985 42 1
985 82 1
985 195 1
985 3048 1
991 9 1
991 155 1
994 893 1
994 1002 1
1002 33 1
1002 42 1
1004 1005 1
1005 5 1
1005 7 1
1005 9 1
1005 15 1
1012 42 1
1012 87 1
1014 7 1
1014 33 1
1014 40 1
1014 76 1
1014 393 1
1014 769 1
1017 78 1
1017 138 1
1017 148 1
1017 236 1
1017 283 1
1017 1078 1
1018 7 1
1027 7 1
1027 9 1
1027 31 1
1027 40 1
1027 138 1
1032 9 1
1032 40 1
1035 3 1
1035 9 1
1035 10 1
1035 31 1
1035 40 1
1036 9 1
1036 19 1
1036 102 1
1037 42 1
1043 28 1
1043 40 1
1043 42 1
1043 94 1
1043 473 1
1057 9 1
1064 7 1
1064 87 1
1071 74 1
1072 28 1
1072 31 1
1072 750 1
1073 31 1
1078 7 1
1078 9 1
1078 12 1
1078 19 1
1078 27 1
1078 81 1
1089 28 1
1089 910 1
1090 102 1
1099 41 1
1100 5 1
1100 9 1
1100 16 1
1100 40 1
1100 88 1
1100 97 1
1100 122 1
1102 27 1
1102 2190 1
1102 2228 1
1103 19 1
1104 57 1
1104 119 1
1104 288 1
1104 769 1
1106 9 1
1106 16 1
1106 40 1
1106 133 1
1106 504 1
1115 133 1
1127 7 1
1127 102 1
1127 174 1
1156 5 1
1164 40 1
1164 78 1
1175 148 1
1184 9 1
1184 42 1
1184 97 1
1184 283 1
1184 456 1
1193 5 1
1199 7 1
1206 9 1
1206 40 1
1206 1878 1
1220 28 1
1220 985 1
1224 148 1
1248 9 1
1255 9 1
1255 10 1
1255 338 1
1256 42 1
1259 60 1
1259 97 1
1259 1089 1
1261 57 1
1261 890 1
1291 7 1
1291 442 1
1295 9 1
1299 7 1
1299 15 1
1316 9 1
1320 9 1
1320 574 1
1336 33 1
1336 40 1
1336 58 1
1336 105 1
1336 138 1
1337 9 1
1337 19 1
1347 9 1
1347 19 1
1347 699 1
1361 42 1
1362 15 1
1366 33 1
1366 40 1
1366 94 1
1368 1746 1
1395 61 1
1395 128 1
1396 48 1
1396 61 1
1400 42 1
1400 87 1
1428 42 1
1445 17 1
1473 9 1
1473 122 1
1473 148 1
1473 289 1
1473 1989 1
1479 3 1
1479 9 1
1490 28 1
1490 1773 1
1491 283 1
1497 108 1
1501 33 1
1514 5 1
1522 3 1
1522 154 1
1522 531 1
1525 9 1
1525 11 1
1525 94 1
1525 444 1
1526 7 1
1533 5 1
1554 9 1
1561 9 1
1561 20 1
1597 102 1
1598 42 1
1598 195 1
1598 910 1
1601 15 1
1601 31 1
1601 40 1
1601 47 1
1616 81 1
1668 3 1
1681 71 1
1681 204 1
1731 473 1
1731 602 1
1743 94 1
1746 57 1
1752 2053 1
1754 7 1
1754 105 1
1754 122 1
1754 144 1
1754 3064 1
1773 5 1
1773 40 1
1773 122 1
1774 3 1
1781 9 1
1781 57 1
1784 40 1
1787 4 1
1787 83 1
1787 94 1
1787 174 1
1787 281 1
1812 119 1
1812 144 1
1815 9 1
1815 19 1
1815 33 1
1816 12 1
1816 42 1
1824 40 1
1824 122 1
1824 1017 1
1837 9 1
1878 289 1
1886 33 1
1893 807 1
1906 9 1
1928 9 1
1937 7 1
1937 893 1
1940 3 1
1942 31 1
1961 333 1
1968 205 1
1989 28 1
1989 40 1
2043 187 1
2053 87 1
2067 593 1
2074 9 1
2074 42 1
2074 205 1
2079 31 1
2079 532 1
2141 531 1
2170 58 1
2177 27 1
2177 64 1
2190 532 1
2190 1248 1
2193 64 1
2200 3 1
2200 40 1
2209 28 1
2223 57 1
2226 17 1
2226 324 1
2228 5 1
2264 17 1
2291 42 1
2292 40 1
2292 81 1
2292 83 1
2292 94 1
2293 9 1
2293 42 1
2376 7 1
2378 5 1
2388 40 1
2405 187 1
2408 122 1
2413 3 1
2413 139 1
2414 9 1
2464 9 1
2476 5 1
2484 713 1
2507 40 1
2532 144 1
2543 281 1
2575 1261 1
2584 9 1
2609 9 1
2609 40 1
2615 82 1
2618 531 1
2645 25 1
2646 61 1
2652 9 1
2657 40 1
2657 61 1
2678 5 1
2678 42 1
2682 102 1
2683 99 1
2683 769 1
2713 40 1
2727 42 1
2729 40 1
2806 42 1
2816 9 1
2842 7 1
2844 148 1
2878 20 1
2880 5 1
2880 134 1
2895 9 1
2915 179 1
2917 3 1
3011 144 1
3041 40 1
3044 37 1
3048 7 1
3058 7 1
3064 9 1
3077 893 1
3092 28 1
3128 5 1
3133 138 1
3146 42 1
3148 9 1
3175 1206 1
