3 5 1
3 12 1
3 22 1
3 25 1
3 31 1
3 37 1
3 40 1
3 41 1
3 42 1
3 58 1
3 61 1
3 76 1
3 78 1
3 82 1
3 83 1
3 97 1
3 108 1
3 121 1
3 122 1
3 128 1
3 133 1
3 144 1
3 155 1
3 195 1
3 205 1
3 221 1
3 248 1
3 280 1
3 283 1
3 321 1
3 333 1
3 378 1
3 581 1
3 893 1
3 1184 1
3 1199 1
3 1224 1
3 1347 1
3 2190 1
3 2292 1
3 2317 1
4 9 1
4 40 1
4 57 1
4 88 1
4 281 1
4 321 1
4 1184 1
5 3 1
5 7 1
5 9 1
5 19 1
5 22 1
5 31 1
5 33 1
5 40 1
5 41 1
5 57 1
5 60 1
5 61 1
5 74 1
5 83 1
5 87 1
5 94 1
5 106 1
5 119 1
5 121 1
5 122 1
5 123 1
5 133 1
5 159 1
5 171 1
5 187 1
5 205 1
5 220 1
5 422 1
5 432 1
5 457 1
5 483 1
5 504 1
5 531 1
5 538 1
5 601 1
5 602 1
5 713 1
5 977 1
5 1014 1
5 1027 1
5 1086 1
5 1337 1
5 1362 1
5 1368 1
5 1773 1
5 1774 1
5 1815 1
5 1893 1
5 2880 1
5 3092 1
5 3133 1
7 3 1
7 5 1
7 9 1
7 10 1
7 11 1
7 15 1
7 16 1
7 17 1
7 19 1
7 20 1
7 22 1
7 25 1
7 27 1
7 28 1
7 29 1
7 31 1
7 33 1
7 42 1
7 47 1
7 54 1
7 57 1
7 64 1
7 74 1
7 78 1
7 81 1
7 83 1
7 87 1
7 91 1
7 94 1
7 95 1
7 97 1
7 99 1
7 102 1
7 103 1
7 105 1
7 106 1
7 108 1
7 119 1
7 122 1
7 128 1
7 133 1
7 134 1
7 138 1
7 139 1
7 155 1
7 171 1
7 174 1
7 179 1
7 186 1
7 187 1
7 205 1
7 221 1
7 236 1
7 280 1
7 281 1
7 288 1
7 289 1
7 291 1
7 292 1
7 321 1
7 330 1
7 343 1
7 345 1
7 370 1
7 393 1
7 405 1
7 456 1
7 493 1
7 511 1
7 531 1
7 532 1
7 538 1
7 574 1
7 576 1
7 654 1
7 746 1
7 750 1
7 769 1
7 852 1
7 943 1
7 948 1
7 959 1
7 977 1
7 1005 1
7 1014 1
7 1017 1
7 1027 1
7 1043 1
7 1102 1
7 1127 1
7 1291 1
7 1395 1
7 1526 1
7 1731 1
7 1784 1
7 1937 1
7 2291 1
7 2408 1
7 2816 1
8 893 1
9 7 1
9 12 1
9 15 1
9 17 1
9 22 1
9 25 1
9 27 1
9 28 1
9 31 1
9 33 1
9 40 1
9 42 1
9 54 1
9 58 1
9 60 1
9 61 1
9 67 1
9 74 1
9 78 1
9 81 1
9 82 1
9 83 1
9 85 1
9 88 1
9 91 1
9 94 1
9 97 1
9 99 1
9 101 1
9 106 1
9 119 1
9 122 1
9 133 1
9 138 1
9 144 1
9 171 1
9 174 1
9 186 1
9 187 1
9 195 1
9 204 1
9 205 1
9 216 1
9 280 1
9 289 1
9 316 1
9 330 1
9 331 1
9 343 1
9 345 1
9 378 1
9 382 1
9 393 1
9 422 1
9 442 1
9 444 1
9 457 1
9 473 1
9 483 1
9 488 1
9 511 1
9 525 1
9 531 1
9 532 1
9 538 1
9 554 1
9 582 1
9 592 1
9 654 1
9 670 1
9 719 1
9 722 1
9 746 1
9 747 1
9 750 1
9 807 1
9 854 1
9 893 1
9 906 1
9 910 1
9 943 1
9 956 1
9 959 1
9 977 1
9 985 1
9 1002 1
9 1004 1
9 1014 1
9 1017 1
9 1027 1
9 1036 1
9 1037 1
9 1043 1
9 1064 1
9 1089 1
9 1100 1
9 1104 1
9 1127 1
9 1164 1
9 1206 1
9 1256 1
9 1259 1
9 1316 1
9 1366 1
9 1473 1
9 1501 1
9 1533 1
9 1601 1
9 1746 1
9 1752 1
9 1754 1
9 1773 1
9 1781 1
9 1878 1
9 1961 1
9 2028 1
9 2200 1
9 2376 1
9 2713 1
9 2915 1
9 3041 1
9 3058 1
9 3064 1
10 9 1
10 21 1
10 33 1
10 40 1
10 41 1
10 42 1
10 57 1
10 78 1
10 82 1
10 101 1
10 119 1
10 122 1
10 248 1
10 283 1
10 345 1
10 954 1
10 1072 1
11 9 1
11 15 1
11 58 1
11 204 1
12 3 1
12 5 1
12 17 1
12 19 1
12 25 1
12 31 1
12 41 1
12 61 1
12 102 1
12 105 1
12 133 1
12 155 1
12 807 1
12 893 1
12 1104 1
12 1184 1
12 3048 1
15 7 1
15 19 1
15 28 1
15 31 1
15 57 1
15 88 1
15 99 1
15 101 1
15 232 1
15 532 1
15 574 1
15 632 1
15 2729 1
16 5 1
16 9 1
16 29 1
16 61 1
16 74 1
16 78 1
16 97 1
16 121 1
16 148 1
16 383 1
16 1940 1
17 3 1
17 9 1
17 15 1
17 19 1
17 20 1
17 27 1
17 28 1
17 31 1
17 40 1
17 42 1
17 47 1
17 57 1
17 78 1
17 82 1
17 90 1
17 97 1
17 122 1
17 134 1
17 195 1
17 205 1
17 216 1
17 224 1
17 287 1
17 405 1
17 441 1
17 442 1
17 455 1
17 457 1
17 466 1
17 473 1
17 532 1
17 538 1
17 639 1
17 943 1
17 1043 1
17 1812 1
17 2079 1
17 2657 1
17 2678 1
19 5 1
19 7 1
19 10 1
19 17 1
19 20 1
19 40 1
19 57 1
19 58 1
19 82 1
19 94 1
19 133 1
19 148 1
19 576 1
19 699 1
19 1313 1
20 7 1
20 9 1
20 17 1
20 19 1
20 40 1
20 58 1
20 88 1
20 122 1
20 195 1
20 205 1
20 248 1
20 283 1
20 378 1
20 405 1
20 457 1
20 769 1
20 1490 1
21 5 1
22 5 1
22 7 1
22 19 1
22 57 1
22 148 1
22 174 1
25 5 1
25 20 1
25 42 1
25 57 1
25 61 1
25 119 1
25 139 1
25 280 1
25 540 1
25 639 1
27 9 1
27 17 1
27 41 1
27 57 1
27 90 1
27 386 1
27 1127 1
28 5 1
28 9 1
28 17 1
28 31 1
28 42 1
28 58 1
28 61 1
28 78 1
28 81 1
28 84 1
28 87 1
28 88 1
28 94 1
28 102 1
28 105 1
28 122 1
28 133 1
28 221 1
28 281 1
28 283 1
28 331 1
28 393 1
28 466 1
28 531 1
28 574 1
28 639 1
28 893 1
28 943 1
28 979 1
28 1295 1
28 1336 1
28 1445 1
28 1754 1
28 1837 1
28 2678 1
29 10 1
29 27 1
29 31 1
29 42 1
29 64 1
29 71 1
29 82 1
29 139 1
29 195 1
29 893 1
31 5 1
31 7 1
31 9 1
31 10 1
31 11 1
31 12 1
31 17 1
31 29 1
31 33 1
31 40 1
31 61 1
31 88 1
31 102 1
31 122 1
31 148 1
31 187 1
31 287 1
31 289 1
31 316 1
31 333 1
31 639 1
31 702 1
31 769 1
31 893 1
31 1027 1
31 1886 1
31 1942 1
31 2615 1
31 2806 1
33 7 1
33 9 1
33 17 1
33 19 1
33 28 1
33 47 1
33 58 1
33 82 1
33 87 1
33 99 1
33 101 1
33 102 1
33 122 1
33 144 1
33 154 1
33 324 1
33 422 1
33 455 1
33 539 1
33 601 1
33 654 1
33 893 1
33 1018 1
33 1598 1
33 2507 1
36 5 1
36 7 1
36 15 1
36 29 1
36 40 1
36 94 1
36 102 1
36 291 1
37 7 1
37 40 1
37 57 1
37 155 1
37 252 1
40 3 1
40 4 1
40 5 1
40 7 1
40 9 1
40 11 1
40 16 1
40 17 1
40 19 1
40 22 1
40 25 1
40 31 1
40 37 1
40 47 1
40 57 1
40 61 1
40 67 1
40 74 1
40 78 1
40 81 1
40 82 1
40 83 1
40 87 1
40 88 1
40 101 1
40 102 1
40 108 1
40 134 1
40 139 1
40 179 1
40 205 1
40 220 1
40 240 1
40 248 1
40 252 1
40 280 1
40 281 1
40 289 1
40 292 1
40 321 1
40 346 1
40 370 1
40 383 1
40 393 1
40 455 1
40 457 1
40 466 1
40 504 1
40 525 1
40 532 1
40 572 1
40 594 1
40 627 1
40 685 1
40 702 1
40 852 1
40 893 1
40 918 1
40 922 1
40 943 1
40 948 1
40 953 1
40 959 1
40 991 1
40 1014 1
40 1027 1
40 1043 1
40 1073 1
40 1078 1
40 1100 1
40 1103 1
40 1291 1
40 1313 1
40 1681 1
40 1763 1
40 1784 1
40 1816 1
40 2074 1
40 2293 1
40 3175 1
41 3 1
41 5 1
41 7 1
41 9 1
41 19 1
41 40 1
41 58 1
41 95 1
41 119 1
41 128 1
41 144 1
41 147 1
41 195 1
41 240 1
41 283 1
41 289 1
41 493 1
41 582 1
41 893 1
41 918 1
41 985 1
41 1017 1
41 1037 1
41 1522 1
42 5 1
42 17 1
42 20 1
42 28 1
42 29 1
42 33 1
42 47 1
42 57 1
42 58 1
42 61 1
42 74 1
42 78 1
42 82 1
42 97 1
42 99 1
42 101 1
42 102 1
42 105 1
42 121 1
42 122 1
42 123 1
42 133 1
42 134 1
42 138 1
42 139 1
42 171 1
42 174 1
42 205 1
42 250 1
42 288 1
42 289 1
42 324 1
42 330 1
42 405 1
42 422 1
42 457 1
42 489 1
42 530 1
42 532 1
42 539 1
42 574 1
42 632 1
42 670 1
42 678 1
42 719 1
42 893 1
42 1261 1
42 1746 1
42 1824 1
42 2190 1
42 2193 1
42 2388 1
47 9 1
47 19 1
47 25 1
47 61 1
47 81 1
47 95 1
47 133 1
47 405 1
47 2464 1
48 9 1
48 19 1
48 42 1
54 5 1
54 7 1
54 9 1
54 20 1
54 40 1
54 42 1
54 289 1
54 457 1
54 468 1
54 473 1
54 910 1
54 994 1
54 2264 1
56 42 1
56 122 1
57 5 1
57 17 1
57 20 1
57 21 1
57 28 1
57 29 1
57 31 1
57 58 1
57 61 1
57 94 1
57 95 1
57 97 1
57 99 1
57 101 1
57 121 1
57 122 1
57 133 1
57 186 1
57 205 1
57 216 1
57 220 1
57 221 1
57 250 1
57 303 1
57 370 1
57 422 1
57 450 1
57 456 1
57 468 1
57 531 1
57 574 1
57 685 1
57 769 1
57 991 1
57 1027 1
57 1616 1
57 2228 1
57 2236 1
57 2507 1
58 5 1
58 10 1
58 17 1
58 25 1
58 84 1
58 94 1
58 119 1
58 174 1
58 205 1
58 281 1
58 287 1
58 289 1
58 807 1
58 893 1
58 1012 1
58 2405 1
58 2645 1
60 42 1
60 101 1
60 258 1
60 954 1
61 42 1
61 58 1
61 94 1
61 102 1
61 280 1
61 382 1
61 558 1
61 696 1
61 769 1
61 1005 1
61 1017 1
64 5 1
64 7 1
64 9 1
64 12 1
64 19 1
64 20 1
64 25 1
64 27 1
64 31 1
64 42 1
64 83 1
64 87 1
64 97 1
64 105 1
64 108 1
64 122 1
64 138 1
64 139 1
64 148 1
64 154 1
64 155 1
64 171 1
64 221 1
64 250 1
64 330 1
64 456 1
64 574 1
64 948 1
64 1005 1
64 1012 1
64 1187 1
64 2484 1
67 3 1
67 7 1
67 20 1
67 25 1
67 28 1
67 31 1
67 42 1
67 101 1
67 105 1
67 148 1
67 456 1
67 670 1
67 746 1
67 910 1
67 1774 1
70 15 1
70 60 1
71 9 1
71 40 1
71 174 1
71 554 1
71 601 1
73 9 1
73 29 1
73 1175 1
74 5 1
74 7 1
74 42 1
74 78 1
74 84 1
74 1035 1
74 1989 1
76 64 1
76 67 1
76 187 1
78 7 1
78 9 1
78 17 1
78 31 1
78 33 1
78 40 1
78 57 1
78 81 1
78 82 1
78 88 1
78 119 1
78 122 1
78 288 1
78 289 1
78 422 1
78 538 1
78 769 1
78 890 1
78 948 1
78 1199 1
78 1291 1
78 1445 1
78 2683 1
81 5 1
81 9 1
81 61 1
81 94 1
81 95 1
81 106 1
81 144 1
81 174 1
81 221 1
81 283 1
81 918 1
81 1100 1
81 3077 1
82 3 1
82 5 1
82 9 1
82 25 1
82 28 1
82 42 1
82 57 1
82 78 1
82 94 1
82 95 1
82 101 1
82 102 1
82 105 1
82 138 1
82 139 1
82 148 1
82 316 1
82 450 1
82 627 1
82 953 1
83 40 1
83 58 1
83 61 1
83 144 1
85 27 1
85 281 1
87 8 1
87 9 1
87 25 1
87 31 1
87 41 1
87 122 1
87 128 1
87 538 1
87 1017 1
87 1754 1
88 3 1
88 5 1
88 9 1
88 12 1
88 16 1
88 19 1
88 25 1
88 57 1
88 61 1
88 64 1
88 82 1
88 90 1
88 95 1
88 99 1
88 119 1
88 133 1
88 281 1
88 289 1
88 406 1
88 893 1
88 1396 1
88 1754 1
90 12 1
90 57 1
90 829 1
91 393 1
94 7 1
94 9 1
94 22 1
94 40 1
94 57 1
94 71 1
94 78 1
94 82 1
94 95 1
94 101 1
94 139 1
94 144 1
94 280 1
94 303 1
94 532 1
94 702 1
94 893 1
94 1199 1
95 3 1
95 5 1
95 7 1
95 9 1
95 10 1
95 25 1
95 82 1
95 87 1
95 102 1
95 105 1
95 138 1
95 139 1
95 148 1
95 284 1
95 333 1
95 654 1
95 696 1
95 991 1
95 1017 1
95 1206 1
95 1774 1
95 2682 1
97 3 1
97 4 1
97 7 1
97 9 1
97 20 1
97 40 1
97 138 1
97 139 1
97 144 1
97 187 1
99 3 1
99 7 1
99 9 1
99 19 1
99 40 1
99 42 1
99 48 1
99 56 1
99 78 1
99 82 1
99 95 1
99 119 1
99 280 1
99 283 1
99 288 1
99 442 1
99 525 1
99 654 1
101 4 1
101 5 1
101 7 1
101 9 1
101 17 1
101 25 1
101 27 1
101 41 1
101 42 1
101 58 1
101 88 1
101 102 1
101 122 1
101 483 1
101 538 1
101 1184 1
102 7 1
102 15 1
102 31 1
102 47 1
102 60 1
102 94 1
102 99 1
102 119 1
102 148 1
102 281 1
102 473 1
102 531 1
102 750 1
102 769 1
102 893 1
102 1099 1
102 1104 1
102 2657 1
105 4 1
105 9 1
105 19 1
105 122 1
105 205 1
105 468 1
105 627 1
105 1078 1
105 2223 1
106 41 1
106 119 1
106 670 1
106 893 1
108 7 1
108 17 1
108 102 1
108 281 1
108 602 1
108 1366 1
108 2657 1
119 5 1
119 9 1
119 10 1
119 12 1
119 20 1
119 33 1
119 41 1
119 42 1
119 78 1
119 99 1
119 106 1
119 122 1
119 128 1
119 154 1
119 155 1
119 174 1
119 250 1
119 281 1
119 456 1
119 457 1
119 558 1
119 602 1
119 679 1
119 795 1
119 910 1
119 954 1
119 1261 1
119 1299 1
119 1817 1
119 1989 1
119 2413 1
121 5 1
121 7 1
121 28 1
121 87 1
121 97 1
121 283 1
121 511 1
121 1014 1
121 1601 1
122 9 1
122 19 1
122 58 1
122 78 1
122 119 1
122 121 1
122 174 1
122 281 1
122 333 1
122 457 1
122 511 1
122 540 1
122 1968 1
123 40 1
123 139 1
128 40 1
128 58 1
128 81 1
128 121 1
128 122 1
128 133 1
128 713 1
128 2053 1
133 3 1
133 5 1
133 7 1
133 19 1
133 28 1
133 33 1
133 40 1
133 42 1
133 58 1
133 81 1
133 144 1
133 1032 1
133 1445 1
134 4 1
134 28 1
134 48 1
134 57 1
134 87 1
134 283 1
134 532 1
134 570 1
134 2543 1
138 15 1
138 17 1
138 82 1
138 94 1
138 133 1
138 406 1
138 842 1
138 890 1
138 985 1
138 1106 1
139 5 1
139 9 1
139 17 1
139 31 1
139 33 1
139 41 1
139 47 1
139 71 1
139 74 1
139 81 1
139 88 1
139 105 1
139 119 1
139 122 1
139 179 1
139 186 1
139 283 1
139 378 1
139 627 1
139 639 1
139 893 1
139 985 1
139 1106 1
139 2170 1
139 2317 1
144 5 1
144 19 1
144 57 1
144 61 1
144 148 1
144 291 1
144 489 1
144 531 1
144 1127 1
147 7 1
147 41 1
147 42 1
147 154 1
148 3 1
148 9 1
148 10 1
148 19 1
148 25 1
148 33 1
148 37 1
148 40 1
148 42 1
148 57 1
148 81 1
148 87 1
148 94 1
148 97 1
148 105 1
148 119 1
148 205 1
148 281 1
148 288 1
148 289 1
148 511 1
148 530 1
148 852 1
148 854 1
148 1248 1
148 2141 1
148 2652 1
154 5 1
154 7 1
154 9 1
154 20 1
154 27 1
154 31 1
154 40 1
154 41 1
154 42 1
154 57 1
154 71 1
154 78 1
154 122 1
154 186 1
154 531 1
154 574 1
154 632 1
155 7 1
155 9 1
155 31 1
155 41 1
155 82 1
155 102 1
155 122 1
155 483 1
155 670 1
155 713 1
171 19 1
171 42 1
171 87 1
171 121 1
171 148 1
171 281 1
171 364 1
171 640 1
171 854 1
174 5 1
174 64 1
174 1014 1
179 9 1
179 57 1
179 84 1
179 138 1
179 288 1
179 291 1
179 531 1
179 540 1
179 1754 1
186 19 1
186 33 1
186 64 1
186 128 1
186 283 1
186 378 1
186 943 1
186 985 1
186 1337 1
187 40 1
187 42 1
187 57 1
187 119 1
187 324 1
195 5 1
195 17 1
195 33 1
195 71 1
195 97 1
195 105 1
195 119 1
195 144 1
195 236 1
195 250 1
195 291 1
195 292 1
195 333 1
195 444 1
195 574 1
195 593 1
195 722 1
195 893 1
195 979 1
195 1012 1
195 1014 1
195 1181 1
195 2378 1
204 139 1
204 205 1
204 250 1
205 7 1
205 11 1
205 19 1
205 41 1
205 42 1
205 54 1
205 95 1
205 102 1
205 105 1
205 119 1
205 121 1
205 128 1
205 455 1
205 538 1
205 574 1
205 910 1
205 1473 1
205 2917 1
216 3 1
216 7 1
216 9 1
216 19 1
216 28 1
216 422 1
220 5 1
220 15 1
220 33 1
220 42 1
220 78 1
220 122 1
220 138 1
220 179 1
220 468 1
220 1002 1
221 3 1
221 9 1
221 40 1
221 88 1
221 94 1
221 602 1
221 991 1
221 1078 1
221 1490 1
221 2844 1
224 5 1
224 9 1
224 15 1
224 22 1
224 28 1
224 40 1
224 42 1
224 58 1
224 61 1
224 106 1
224 119 1
224 179 1
224 281 1
224 291 1
224 338 1
224 393 1
224 531 1
224 538 1
224 593 1
224 654 1
224 893 1
224 1004 1
224 1554 1
224 1787 1
232 42 1
236 3 1
236 40 1
236 42 1
236 84 1
236 105 1
236 442 1
236 574 1
240 9 1
240 12 1
240 58 1
240 154 1
240 236 1
248 88 1
248 171 1
250 699 1
252 19 1
252 94 1
258 17 1
258 19 1
258 42 1
258 483 1
259 10 1
259 19 1
259 58 1
259 64 1
259 281 1
259 383 1
280 9 1
280 17 1
280 20 1
280 64 1
280 102 1
280 288 1
281 9 1
281 28 1
281 42 1
281 61 1
281 81 1
281 82 1
281 102 1
281 144 1
281 195 1
281 220 1
281 679 1
281 1300 1
281 2292 1
283 5 1
283 9 1
283 19 1
283 57 1
283 64 1
283 91 1
283 119 1
283 287 1
283 466 1
283 854 1
283 2246 1
284 3 1
287 7 1
287 82 1
287 910 1
288 5 1
288 7 1
288 10 1
288 16 1
288 19 1
288 67 1
288 105 1
288 291 1
288 2292 1
289 5 1
289 20 1
289 40 1
289 58 1
289 84 1
289 283 1
289 525 1
291 7 1
291 12 1
291 20 1
291 97 1
291 148 1
291 405 1
291 1787 1
292 9 1
292 17 1
292 20 1
292 28 1
292 33 1
292 42 1
292 57 1
292 84 1
292 119 1
292 121 1
292 133 1
292 155 1
292 345 1
292 572 1
292 574 1
292 627 1
292 747 1
292 1400 1
292 1473 1
292 1743 1
296 97 1
303 7 1
303 20 1
303 40 1
303 289 1
303 450 1
303 531 1
303 1106 1
316 17 1
316 20 1
316 40 1
316 41 1
316 42 1
316 57 1
316 87 1
316 101 1
316 133 1
316 205 1
316 221 1
316 639 1
316 906 1
316 2317 1
321 331 1
321 910 1
321 918 1
324 9 1
324 17 1
324 40 1
324 42 1
324 890 1
331 3 1
331 20 1
331 216 1
333 9 1
333 10 1
333 87 1
333 119 1
333 531 1
333 769 1
333 893 1
338 33 1
338 57 1
338 58 1
338 284 1
338 321 1
343 3 1
343 5 1
343 9 1
343 31 1
343 33 1
345 7 1
345 78 1
345 250 1
346 12 1
346 15 1
346 28 1
346 40 1
346 102 1
346 333 1
361 5 1
361 42 1
361 134 1
361 148 1
364 9 1
364 17 1
364 106 1
364 554 1
364 601 1
364 852 1
370 9 1
370 88 1
370 138 1
370 345 1
378 3 1
378 7 1
378 9 1
378 33 1
378 64 1
378 78 1
382 42 1
382 58 1
386 40 1
393 7 1
393 639 1
405 5 1
405 9 1
405 42 1
405 119 1
405 236 1
406 5 1
406 22 1
406 29 1
406 154 1
406 946 1
422 7 1
422 42 1
422 78 1
422 236 1
431 5 1
431 9 1
431 95 1
431 138 1
432 31 1
441 42 1
441 57 1
441 78 1
442 12 1
442 61 1
442 138 1
444 42 1
444 119 1
444 713 1
444 1497 1
449 5 1
449 7 1
449 9 1
450 40 1
450 64 1
450 154 1
450 204 1
450 1017 1
455 9 1
455 95 1
455 316 1
455 456 1
455 1057 1
455 1078 1
456 7 1
456 31 1
456 97 1
456 148 1
456 289 1
456 893 1
456 2618 1
457 108 1
457 531 1
466 15 1
466 17 1
466 40 1
466 57 1
466 61 1
466 148 1
466 746 1
466 2317 1
468 5 1
468 9 1
468 31 1
468 40 1
468 87 1
468 94 1
468 601 1
468 1300 1
473 7 1
473 31 1
473 33 1
473 57 1
473 58 1
473 64 1
473 91 1
473 148 1
473 205 1
481 654 1
488 5 1
488 7 1
488 9 1
488 64 1
488 1320 1
489 3 1
489 9 1
493 5 1
493 7 1
493 9 1
493 20 1
493 42 1
493 289 1
511 7 1
511 42 1
511 139 1
511 456 1
525 42 1
525 57 1
525 632 1
530 9 1
530 47 1
531 7 1
531 9 1
531 17 1
531 33 1
531 40 1
531 42 1
531 64 1
531 101 1
531 102 1
531 133 1
531 138 1
531 205 1
531 221 1
531 280 1
531 283 1
531 289 1
531 627 1
531 746 1
531 1347 1
532 5 1
532 9 1
532 19 1
532 20 1
532 138 1
532 250 1
538 40 1
538 179 1
539 5 1
539 7 1
539 97 1
539 205 1
540 3 1
540 9 1
540 10 1
540 28 1
540 40 1
540 41 1
540 57 1
540 95 1
540 102 1
540 138 1
540 171 1
540 240 1
540 639 1
554 3 1
554 5 1
554 42 1
554 57 1
554 174 1
558 33 1
558 95 1
558 99 1
570 40 1
571 174 1
572 3 1
572 9 1
572 10 1
572 15 1
572 22 1
572 58 1
572 64 1
572 82 1
572 102 1
572 106 1
572 139 1
572 174 1
572 333 1
572 852 1
572 1100 1
574 7 1
574 9 1
574 19 1
574 88 1
574 91 1
574 280 1
574 338 1
574 406 1
576 42 1
576 148 1
576 1027 1
581 9 1
582 40 1
582 57 1
592 40 1
593 893 1
594 42 1
601 3 1
601 5 1
601 9 1
601 42 1
601 121 1
601 148 1
601 431 1
602 3 1
602 17 1
602 281 1
602 405 1
627 3 1
627 15 1
627 40 1
627 364 1
627 422 1
627 574 1
627 893 1
632 9 1
632 31 1
632 289 1
632 1668 1
639 7 1
639 9 1
639 15 1
639 31 1
639 33 1
639 40 1
639 58 1
639 61 1
640 67 1
640 88 1
654 5 1
654 42 1
654 61 1
654 473 1
654 1156 1
670 9 1
670 40 1
670 84 1
670 122 1
670 333 1
670 531 1
671 9 1
678 7 1
678 31 1
678 33 1
678 57 1
678 81 1
678 893 1
678 1106 1
679 12 1
679 20 1
696 40 1
699 40 1
699 58 1
699 95 1
699 105 1
702 456 1
702 2476 1
713 9 1
713 12 1
713 144 1
713 281 1
719 40 1
719 57 1
722 7 1
722 40 1
722 134 1
746 5 1
746 7 1
746 33 1
746 40 1
746 224 1
750 42 1
750 88 1
750 95 1
769 3 1
769 9 1
769 40 1
769 195 1
795 7 1
795 9 1
795 19 1
795 33 1
795 40 1
795 94 1
807 7 1
807 57 1
807 61 1
807 893 1
807 1598 1
829 28 1
829 1036 1
842 40 1
852 7 1
852 9 1
852 15 1
852 19 1
852 40 1
852 42 1
852 81 1
852 82 1
854 281 1
858 511 1
890 17 1
890 121 1
890 283 1
893 28 1
893 42 1
893 58 1
893 101 1
906 40 1
906 57 1
910 15 1
910 42 1
910 102 1
910 155 1
910 370 1
910 574 1
910 854 1
910 948 1
910 1989 1
918 9 1
918 10 1
918 31 1
918 40 1
918 147 1
918 220 1
922 9 1
922 1002 1
943 7 1
943 15 1
943 57 1
943 148 1
943 155 1
943 489 1
946 3 1
946 531 1
948 40 1
948 138 1
948 174 1
948 195 1
954 139 1
954 292 1
956 19 1
956 28 1
959 5 1
959 7 1
959 17 1
959 42 1
959 61 1
959 1479 1
977 7 1
977 10 1
977 15 1
977 57 1
977 95 1
977 102 1
977 122 1
979 5 1
979 1746 1
985 5 1
985 42 1
985 87 1
985 538 1
991 5 1
991 40 1
994 42 1
994 1491 1
1002 7 1
1002 531 1
1004 11 1
1005 7 1
1005 119 1
1005 138 1
1005 287 1
1012 4 1
1012 187 1
1014 78 1
1014 88 1
1014 119 1
1014 504 1
1014 1027 1
1014 1299 1
1017 4 1
1017 10 1
1017 25 1
1017 106 1
1017 324 1
1017 456 1
1018 15 1
1027 7 1
1027 9 1
1027 40 1
1027 102 1
1027 910 1
1032 61 1
1032 119 1
1035 9 1
1035 28 1
1035 42 1
1035 57 1
1035 105 1
1036 5 1
1036 10 1
1036 17 1
1037 31 1
1043 31 1
1043 155 1
1043 432 1
1043 540 1
1043 601 1
1057 195 1
1064 9 1
1064 40 1
1071 205 1
1072 12 1
1072 57 1
1072 139 1
1073 58 1
1078 5 1
1078 9 1
1078 40 1
1078 57 1
1078 94 1
1078 456 1
1089 19 1
1089 910 1
1090 9 1
1099 9 1
1100 3 1
1100 5 1
1100 42 1
1100 94 1
1100 95 1
1100 139 1
1100 281 1
1102 40 1
1102 82 1
1102 119 1
1103 2842 1
1104 7 1
1104 133 1
1104 330 1
1104 639 1
1106 7 1
1106 33 1
1106 144 1
1106 287 1
1106 393 1
1115 71 1
1127 7 1
1127 40 1
1127 994 1
1156 283 1
1164 19 1
1164 41 1
1175 40 1
1184 3 1
1184 20 1
1184 148 1
1184 333 1
1184 1193 1
1193 9 1
1199 9 1
1206 5 1
1206 139 1
1206 155 1
1220 57 1
1220 422 1
1224 9 1
1248 88 1
1255 5 1
1255 19 1
1255 40 1
1256 57 1
1259 3 1
1259 7 1
1259 102 1
1261 57 1
1261 95 1
1291 31 1
1291 42 1
1295 3 1
1299 17 1
1299 29 1
1316 9 1
1320 9 1
1320 60 1
1336 9 1
1336 144 1
1336 346 1
1336 473 1
1336 2226 1
1337 40 1
1337 174 1
1347 9 1
1347 316 1
1347 977 1
1361 699 1
1362 57 1
1366 5 1
1366 9 1
1366 205 1
1368 17 1
1395 148 1
1395 2970 1
1396 25 1
1396 102 1
1400 7 1
1400 138 1
1428 42 1
1445 61 1
1473 15 1
1473 17 1
1473 94 1
1473 252 1
1473 1601 1
1479 28 1
1479 61 1
1490 74 1
1490 2507 1
1491 138 1
1497 289 1
1501 57 1
1514 3 1
1522 5 1
1522 42 1
1522 97 1
1525 7 1
1525 9 1
1525 148 1
1525 531 1
1526 29 1
1533 9 1
1554 9 1
1561 144 1
1561 1043 1
1597 42 1
1598 17 1
1598 19 1
1598 99 1
1601 25 1
1601 61 1
1601 81 1
1601 102 1
1616 985 1
1668 40 1
1681 33 1
1681 119 1
1731 148 1
1731 601 1
1743 769 1
1746 133 1
1752 40 1
1754 5 1
1754 7 1
1754 9 1
1754 40 1
1754 57 1
1773 97 1
1773 186 1
1773 1525 1
1774 195 1
1781 9 1
1781 20 1
1784 58 1
1787 3 1
1787 9 1
1787 40 1
1787 57 1
1787 148 1
1812 288 1
1812 393 1
1815 9 1
1815 19 1
1815 102 1
1816 9 1
1816 1313 1
1824 5 1
1824 31 1
1824 95 1
1837 5 1
1878 15 1
1886 33 1
1893 9 1
1906 186 1
1928 195 1
1937 102 1
1937 1320 1
1940 90 1
1942 2657 1
1961 95 1
1968 31 1
1989 102 1
1989 106 1
2043 88 1
2053 48 1
2067 9 1
2074 40 1
2074 95 1
2074 102 1
2079 106 1
2079 134 1
2141 31 1
2170 9 1
2177 3 1
2177 16 1
2190 33 1
2190 3044 1
2193 532 1
2200 7 1
2200 28 1
2209 5 1
2223 33 1
2226 240 1
2226 333 1
2228 7 1
2264 531 1
2291 58 1
2292 7 1
2292 9 1
2292 15 1
2292 144 1
2293 22 1
2293 40 1
2376 101 1
2378 5 1
2388 128 1
2405 9 1
2408 893 1
2413 17 1
2413 139 1
2414 174 1
2464 9 1
2476 144 1
2484 40 1
2507 370 1
2532 289 1
2543 40 1
2575 40 1
2584 9 1
2609 9 1
2609 57 1
2615 42 1
2618 17 1
2645 9 1
2646 10 1
2652 37 1
2657 5 1
2657 639 1
2678 40 1
2678 119 1
2682 9 1
2683 7 1
2683 60 1
2713 10 1
2727 95 1
2729 1286 1
2806 102 1
2816 19 1
2842 76 1
2844 7 1
2878 9 1
2880 3 1
2880 42 1
2895 1027 1
2915 1090 1
2917 57 1
3011 3 1
3041 283 1
3044 216 1
3048 21 1
3058 57 1
3064 97 1
3077 57 1
3092 42 1
3128 33 1
3133 3 1
3146 9 1
3148 28 1
3175 9 1
