3 5 1
3 7 1
3 9 1
3 10 1
3 12 1
3 19 1
3 20 1
3 22 1
3 25 1
3 40 1
3 47 1
3 76 1
3 78 1
3 88 1
3 90 1
3 95 1
3 97 1
3 101 1
3 102 1
3 105 1
3 122 1
3 133 1
3 138 1
3 139 1
3 148 1
3 236 1
3 280 1
3 289 1
3 393 1
3 422 1
3 457 1
3 531 1
3 538 1
3 554 1
3 601 1
3 852 1
3 893 1
3 1554 1
3 2190 1
3 2228 1
3 3175 1
4 3 1
4 25 1
4 42 1
4 57 1
4 139 1
4 572 1
4 1525 1
5 3 1
5 7 1
5 9 1
5 10 1
5 17 1
5 19 1
5 20 1
5 25 1
5 27 1
5 31 1
5 40 1
5 42 1
5 57 1
5 58 1
5 60 1
5 64 1
5 78 1
5 83 1
5 84 1
5 102 1
5 105 1
5 108 1
5 119 1
5 123 1
5 171 1
5 186 1
5 187 1
5 205 1
5 221 1
5 240 1
5 248 1
5 280 1
5 281 1
5 405 1
5 442 1
5 504 1
5 601 1
5 602 1
5 685 1
5 852 1
5 910 1
5 943 1
5 1043 1
5 1064 1
5 1072 1
5 1601 1
5 1668 1
5 1746 1
5 2079 1
5 2657 1
5 2713 1
7 5 1
7 9 1
7 10 1
7 12 1
7 17 1
7 19 1
7 20 1
7 22 1
7 25 1
7 27 1
7 28 1
7 29 1
7 31 1
7 33 1
7 40 1
7 42 1
7 54 1
7 57 1
7 61 1
7 64 1
7 74 1
7 78 1
7 81 1
7 82 1
7 83 1
7 94 1
7 95 1
7 97 1
7 99 1
7 101 1
7 102 1
7 105 1
7 108 1
7 119 1
7 121 1
7 122 1
7 133 1
7 139 1
7 171 1
7 174 1
7 187 1
7 204 1
7 205 1
7 216 1
7 221 1
7 280 1
7 287 1
7 289 1
7 324 1
7 331 1
7 333 1
7 338 1
7 343 1
7 345 1
7 346 1
7 370 1
7 378 1
7 393 1
7 422 1
7 442 1
7 450 1
7 468 1
7 489 1
7 538 1
7 574 1
7 582 1
7 601 1
7 627 1
7 639 1
7 670 1
7 699 1
7 713 1
7 746 1
7 893 1
7 918 1
7 954 1
7 959 1
7 977 1
7 1002 1
7 1004 1
7 1005 1
7 1017 1
7 1027 1
7 1078 1
7 1127 1
7 1193 1
7 1347 1
7 1598 1
7 1754 1
7 1781 1
7 1837 1
7 1886 1
7 1968 1
7 1989 1
7 2074 1
7 2190 1
7 2246 1
7 2543 1
7 2880 1
8 1103 1
9 3 1
9 4 1
9 5 1
9 7 1
9 10 1
9 11 1
9 12 1
9 15 1
9 17 1
9 19 1
9 22 1
9 25 1
9 27 1
9 28 1
9 29 1
9 31 1
9 33 1
9 54 1
9 58 1
9 60 1
9 67 1
9 71 1
9 74 1
9 78 1
9 81 1
9 82 1
9 83 1
9 84 1
9 87 1
9 90 1
9 94 1
9 97 1
9 103 1
9 105 1
9 106 1
9 119 1
9 122 1
9 128 1
9 133 1
9 134 1
9 138 1
9 144 1
9 148 1
9 174 1
9 186 1
9 195 1
9 216 1
9 224 1
9 236 1
9 280 1
9 281 1
9 284 1
9 289 1
9 303 1
9 321 1
9 330 1
9 333 1
9 345 1
9 364 1
9 378 1
9 393 1
9 405 1
9 455 1
9 466 1
9 473 1
9 483 1
9 488 1
9 489 1
9 504 1
9 531 1
9 532 1
9 558 1
9 572 1
9 592 1
9 632 1
9 654 1
9 670 1
9 679 1
9 719 1
9 722 1
9 842 1
9 852 1
9 854 1
9 893 1
9 953 1
9 959 1
9 979 1
9 985 1
9 991 1
9 1005 1
9 1014 1
9 1027 1
9 1043 1
9 1089 1
9 1100 1
9 1102 1
9 1164 1
9 1175 1
9 1224 1
9 1261 1
9 1291 1
9 1300 1
9 1316 1
9 1320 1
9 1366 1
9 1368 1
9 1445 1
9 1479 1
9 1491 1
9 1533 1
9 1746 1
9 1754 1
9 1774 1
9 1812 1
9 1878 1
9 1893 1
9 1989 1
9 2292 1
9 2317 1
9 2464 1
9 2683 1
9 3064 1
9 3133 1
10 15 1
10 17 1
10 40 1
10 58 1
10 74 1
10 82 1
10 102 1
10 289 1
10 316 1
10 456 1
10 511 1
10 602 1
10 747 1
10 893 1
10 918 1
10 1027 1
10 2645 1
11 33 1
11 81 1
11 148 1
11 959 1
12 4 1
12 7 1
12 9 1
12 10 1
12 19 1
12 31 1
12 40 1
12 48 1
12 57 1
12 102 1
12 133 1
12 205 1
12 370 1
12 574 1
12 702 1
12 1100 1
12 1396 1
15 5 1
15 19 1
15 33 1
15 40 1
15 42 1
15 47 1
15 101 1
15 133 1
15 186 1
15 220 1
15 240 1
15 601 1
15 1017 1
16 7 1
16 9 1
16 10 1
16 17 1
16 22 1
16 42 1
16 58 1
16 105 1
16 281 1
16 639 1
16 1773 1
17 5 1
17 9 1
17 22 1
17 31 1
17 33 1
17 40 1
17 41 1
17 42 1
17 57 1
17 58 1
17 61 1
17 78 1
17 91 1
17 94 1
17 97 1
17 99 1
17 102 1
17 105 1
17 106 1
17 122 1
17 134 1
17 138 1
17 139 1
17 144 1
17 148 1
17 159 1
17 174 1
17 187 1
17 205 1
17 280 1
17 284 1
17 287 1
17 378 1
17 456 1
17 574 1
17 893 1
17 1014 1
17 1320 1
17 2484 1
19 3 1
19 7 1
19 9 1
19 10 1
19 21 1
19 40 1
19 61 1
19 81 1
19 82 1
19 85 1
19 119 1
19 122 1
19 288 1
19 654 1
19 1104 1
20 5 1
20 9 1
20 33 1
20 41 1
20 57 1
20 58 1
20 88 1
20 91 1
20 121 1
20 134 1
20 174 1
20 422 1
20 531 1
20 532 1
20 854 1
20 991 1
20 1787 1
21 94 1
22 7 1
22 17 1
22 20 1
22 87 1
22 128 1
22 138 1
25 19 1
25 61 1
25 94 1
25 102 1
25 105 1
25 148 1
25 155 1
25 205 1
25 431 1
25 2816 1
27 5 1
27 9 1
27 16 1
27 40 1
27 91 1
27 1299 1
27 1754 1
28 3 1
28 5 1
28 7 1
28 16 1
28 19 1
28 31 1
28 33 1
28 40 1
28 41 1
28 57 1
28 58 1
28 60 1
28 64 1
28 71 1
28 82 1
28 97 1
28 119 1
28 122 1
28 128 1
28 133 1
28 138 1
28 147 1
28 171 1
28 281 1
28 283 1
28 331 1
28 393 1
28 442 1
28 450 1
28 457 1
28 525 1
28 574 1
28 854 1
28 1014 1
28 1291 1
29 20 1
29 40 1
29 57 1
29 95 1
29 102 1
29 119 1
29 155 1
29 538 1
29 769 1
29 1754 1
31 5 1
31 7 1
31 8 1
31 17 1
31 33 1
31 37 1
31 40 1
31 61 1
31 82 1
31 90 1
31 95 1
31 97 1
31 99 1
31 119 1
31 122 1
31 144 1
31 154 1
31 171 1
31 174 1
31 205 1
31 221 1
31 240 1
31 280 1
31 558 1
31 893 1
31 1106 1
31 1501 1
31 2507 1
31 2682 1
33 3 1
33 20 1
33 40 1
33 57 1
33 61 1
33 67 1
33 84 1
33 105 1
33 122 1
33 144 1
33 221 1
33 378 1
33 466 1
33 483 1
33 979 1
33 985 1
33 991 1
33 1018 1
33 1043 1
33 1127 1
33 1347 1
33 1395 1
33 1522 1
33 1746 1
33 1815 1
36 5 1
36 7 1
36 17 1
36 28 1
36 40 1
36 144 1
36 205 1
36 382 1
37 7 1
37 12 1
37 42 1
37 94 1
37 138 1
40 3 1
40 5 1
40 10 1
40 11 1
40 16 1
40 17 1
40 19 1
40 20 1
40 25 1
40 28 1
40 29 1
40 31 1
40 33 1
40 37 1
40 41 1
40 57 1
40 61 1
40 74 1
40 78 1
40 81 1
40 82 1
40 87 1
40 88 1
40 94 1
40 95 1
40 99 1
40 102 1
40 105 1
40 106 1
40 119 1
40 121 1
40 133 1
40 147 1
40 155 1
40 171 1
40 195 1
40 216 1
40 220 1
40 221 1
40 250 1
40 283 1
40 289 1
40 291 1
40 321 1
40 346 1
40 364 1
40 405 1
40 422 1
40 444 1
40 456 1
40 457 1
40 466 1
40 493 1
40 531 1
40 538 1
40 539 1
40 601 1
40 639 1
40 654 1
40 747 1
40 750 1
40 769 1
40 893 1
40 918 1
40 943 1
40 948 1
40 1017 1
40 1027 1
40 1035 1
40 1106 1
40 1184 1
40 1187 1
40 1199 1
40 1445 1
40 1601 1
40 2317 1
40 2615 1
40 2657 1
40 2806 1
40 3044 1
41 3 1
41 7 1
41 9 1
41 15 1
41 17 1
41 28 1
41 58 1
41 71 1
41 78 1
41 94 1
41 95 1
41 102 1
41 119 1
41 144 1
41 148 1
41 281 1
41 321 1
41 330 1
41 489 1
41 511 1
41 893 1
41 953 1
41 985 1
41 1014 1
42 3 1
42 4 1
42 9 1
42 10 1
42 27 1
42 31 1
42 33 1
42 37 1
42 47 1
42 60 1
42 61 1
42 74 1
42 78 1
42 82 1
42 90 1
42 94 1
42 105 1
42 119 1
42 121 1
42 133 1
42 144 1
42 186 1
42 195 1
42 205 1
42 221 1
42 252 1
42 289 1
42 291 1
42 292 1
42 455 1
42 456 1
42 457 1
42 511 1
42 581 1
42 639 1
42 654 1
42 750 1
42 893 1
42 918 1
42 948 1
42 956 1
42 991 1
42 1014 1
42 1078 1
42 1090 1
42 1313 1
42 1616 1
42 2053 1
42 2226 1
42 2293 1
42 2317 1
42 2507 1
47 9 1
47 58 1
47 64 1
47 82 1
47 94 1
47 134 1
47 205 1
47 422 1
47 1012 1
48 11 1
48 42 1
48 64 1
54 5 1
54 7 1
54 9 1
54 15 1
54 28 1
54 40 1
54 57 1
54 281 1
54 289 1
54 540 1
54 678 1
54 1313 1
54 2678 1
56 42 1
56 144 1
57 3 1
57 5 1
57 19 1
57 20 1
57 22 1
57 31 1
57 42 1
57 47 1
57 48 1
57 82 1
57 95 1
57 97 1
57 99 1
57 102 1
57 119 1
57 122 1
57 128 1
57 138 1
57 154 1
57 252 1
57 281 1
57 287 1
57 338 1
57 345 1
57 473 1
57 511 1
57 525 1
57 530 1
57 795 1
57 948 1
57 1037 1
57 1057 1
57 1100 1
57 1156 1
57 1184 1
57 2193 1
57 2317 1
57 2405 1
57 3048 1
58 3 1
58 5 1
58 7 1
58 15 1
58 25 1
58 67 1
58 81 1
58 88 1
58 94 1
58 101 1
58 108 1
58 121 1
58 250 1
58 386 1
58 627 1
58 1002 1
58 1106 1
60 3 1
60 7 1
60 40 1
60 139 1
61 9 1
61 12 1
61 17 1
61 28 1
61 57 1
61 78 1
61 95 1
61 383 1
61 538 1
61 639 1
61 1291 1
64 9 1
64 15 1
64 20 1
64 22 1
64 25 1
64 61 1
64 78 1
64 121 1
64 122 1
64 138 1
64 139 1
64 155 1
64 174 1
64 186 1
64 216 1
64 250 1
64 333 1
64 531 1
64 601 1
64 632 1
64 702 1
64 769 1
64 807 1
64 893 1
64 910 1
64 922 1
64 1036 1
64 1037 1
64 1199 1
64 1784 1
64 2223 1
64 2264 1
67 7 1
67 28 1
67 31 1
67 101 1
67 102 1
67 119 1
67 122 1
67 144 1
67 281 1
67 531 1
67 532 1
67 722 1
67 769 1
67 1127 1
67 2657 1
70 57 1
70 88 1
71 12 1
71 106 1
71 280 1
71 303 1
71 602 1
73 316 1
73 893 1
73 1078 1
74 5 1
74 7 1
74 9 1
74 33 1
74 42 1
74 148 1
74 321 1
76 17 1
76 40 1
76 58 1
78 3 1
78 7 1
78 9 1
78 17 1
78 19 1
78 20 1
78 40 1
78 41 1
78 58 1
78 87 1
78 94 1
78 97 1
78 101 1
78 102 1
78 123 1
78 133 1
78 205 1
78 291 1
78 457 1
78 954 1
78 1017 1
78 1127 1
78 1754 1
81 3 1
81 5 1
81 7 1
81 17 1
81 22 1
81 41 1
81 42 1
81 119 1
81 288 1
81 289 1
81 1206 1
81 1261 1
81 1752 1
82 7 1
82 9 1
82 17 1
82 19 1
82 31 1
82 33 1
82 42 1
82 64 1
82 88 1
82 97 1
82 119 1
82 122 1
82 195 1
82 248 1
82 289 1
82 531 1
82 807 1
82 829 1
82 1199 1
82 2842 1
83 7 1
83 19 1
83 25 1
83 187 1
85 9 1
85 42 1
87 10 1
87 42 1
87 64 1
87 97 1
87 102 1
87 532 1
87 910 1
87 1014 1
87 1400 1
87 2678 1
88 10 1
88 15 1
88 17 1
88 19 1
88 28 1
88 33 1
88 57 1
88 78 1
88 82 1
88 94 1
88 95 1
88 205 1
88 240 1
88 289 1
88 345 1
88 382 1
88 405 1
88 457 1
88 532 1
88 654 1
88 2970 1
88 3092 1
90 119 1
90 155 1
90 594 1
91 139 1
94 3 1
94 7 1
94 9 1
94 10 1
94 33 1
94 40 1
94 57 1
94 148 1
94 220 1
94 291 1
94 292 1
94 330 1
94 456 1
94 640 1
94 1043 1
94 1184 1
94 1300 1
94 2236 1
95 4 1
95 7 1
95 9 1
95 15 1
95 20 1
95 31 1
95 47 1
95 94 1
95 119 1
95 148 1
95 232 1
95 283 1
95 343 1
95 455 1
95 483 1
95 602 1
95 769 1
95 943 1
95 985 1
95 1027 1
95 1086 1
95 2844 1
97 5 1
97 9 1
97 12 1
97 28 1
97 40 1
97 56 1
97 119 1
97 148 1
97 179 1
97 292 1
99 5 1
99 17 1
99 20 1
99 31 1
99 33 1
99 40 1
99 42 1
99 57 1
99 58 1
99 87 1
99 119 1
99 121 1
99 138 1
99 248 1
99 283 1
99 456 1
99 1526 1
99 1937 1
101 5 1
101 7 1
101 9 1
101 40 1
101 71 1
101 121 1
101 174 1
101 205 1
101 316 1
101 456 1
101 627 1
101 769 1
101 910 1
101 1445 1
101 1497 1
101 1731 1
102 5 1
102 7 1
102 20 1
102 29 1
102 31 1
102 33 1
102 42 1
102 78 1
102 82 1
102 122 1
102 148 1
102 289 1
102 1181 1
102 1259 1
102 1337 1
102 1774 1
102 1942 1
102 2408 1
105 3 1
105 22 1
105 57 1
105 99 1
105 102 1
105 186 1
105 280 1
105 333 1
105 532 1
106 9 1
106 119 1
106 179 1
106 1598 1
108 7 1
108 9 1
108 40 1
108 283 1
108 331 1
108 639 1
108 1027 1
119 9 1
119 12 1
119 15 1
119 20 1
119 31 1
119 40 1
119 42 1
119 47 1
119 58 1
119 64 1
119 82 1
119 88 1
119 97 1
119 102 1
119 138 1
119 155 1
119 174 1
119 179 1
119 258 1
119 281 1
119 288 1
119 321 1
119 473 1
119 601 1
119 696 1
119 893 1
119 954 1
119 1032 1
119 1473 1
119 1490 1
119 2378 1
121 4 1
121 7 1
121 9 1
121 102 1
121 204 1
121 250 1
121 422 1
121 532 1
121 1206 1
122 3 1
122 19 1
122 20 1
122 31 1
122 42 1
122 87 1
122 144 1
122 179 1
122 250 1
122 994 1
122 1362 1
122 1763 1
122 2028 1
123 40 1
123 61 1
128 5 1
128 7 1
128 15 1
128 17 1
128 61 1
128 87 1
128 283 1
128 466 1
133 7 1
133 9 1
133 15 1
133 28 1
133 42 1
133 57 1
133 58 1
133 78 1
133 87 1
133 97 1
133 119 1
133 493 1
133 696 1
134 5 1
134 15 1
134 57 1
134 106 1
134 133 1
134 148 1
134 154 1
134 422 1
134 574 1
138 3 1
138 10 1
138 12 1
138 40 1
138 61 1
138 144 1
138 154 1
138 444 1
138 1473 1
138 2729 1
139 15 1
139 19 1
139 21 1
139 25 1
139 41 1
139 57 1
139 58 1
139 81 1
139 82 1
139 101 1
139 108 1
139 119 1
139 121 1
139 144 1
139 148 1
139 283 1
139 456 1
139 582 1
139 679 1
139 746 1
139 985 1
139 1104 1
139 1256 1
139 1961 1
139 3077 1
144 20 1
144 82 1
144 186 1
144 289 1
144 685 1
144 854 1
144 893 1
144 977 1
144 2476 1
147 7 1
147 40 1
147 378 1
147 2917 1
148 5 1
148 7 1
148 9 1
148 10 1
148 12 1
148 15 1
148 16 1
148 19 1
148 33 1
148 40 1
148 42 1
148 61 1
148 71 1
148 81 1
148 82 1
148 121 1
148 122 1
148 133 1
148 154 1
148 393 1
148 538 1
148 576 1
148 639 1
148 699 1
148 713 1
148 746 1
148 2507 1
154 7 1
154 17 1
154 19 1
154 33 1
154 58 1
154 88 1
154 95 1
154 101 1
154 105 1
154 106 1
154 122 1
154 468 1
154 511 1
154 530 1
154 538 1
154 574 1
154 627 1
155 5 1
155 9 1
155 19 1
155 42 1
155 61 1
155 101 1
155 119 1
155 144 1
155 148 1
155 574 1
171 7 1
171 9 1
171 20 1
171 29 1
171 57 1
171 88 1
171 540 1
171 985 1
171 1313 1
174 852 1
174 2652 1
174 2657 1
179 9 1
179 40 1
179 57 1
179 78 1
179 102 1
179 250 1
179 324 1
179 994 1
179 1473 1
186 12 1
186 40 1
186 57 1
186 61 1
186 102 1
186 405 1
186 531 1
186 2291 1
186 3058 1
187 3 1
187 41 1
187 47 1
187 57 1
187 121 1
195 3 1
195 5 1
195 9 1
195 15 1
195 19 1
195 27 1
195 41 1
195 57 1
195 94 1
195 101 1
195 102 1
195 122 1
195 128 1
195 133 1
195 139 1
195 281 1
195 333 1
195 525 1
195 639 1
195 702 1
195 893 1
195 977 1
195 2413 1
204 9 1
204 40 1
204 288 1
205 9 1
205 15 1
205 17 1
205 19 1
205 20 1
205 21 1
205 40 1
205 42 1
205 60 1
205 61 1
205 74 1
205 101 1
205 102 1
205 105 1
205 139 1
205 195 1
205 457 1
205 910 1
216 7 1
216 29 1
216 33 1
216 84 1
216 187 1
216 287 1
220 5 1
220 9 1
220 12 1
220 41 1
220 42 1
220 82 1
220 94 1
220 121 1
220 713 1
220 769 1
221 9 1
221 10 1
221 11 1
221 40 1
221 82 1
221 95 1
221 138 1
221 324 1
221 531 1
221 1014 1
224 5 1
224 17 1
224 19 1
224 33 1
224 40 1
224 42 1
224 57 1
224 87 1
224 128 1
224 138 1
224 174 1
224 205 1
224 250 1
224 280 1
224 281 1
224 283 1
224 287 1
224 456 1
224 531 1
224 539 1
224 574 1
224 593 1
224 1073 1
224 1366 1
232 9 1
236 42 1
236 61 1
236 78 1
236 248 1
236 393 1
236 538 1
236 1099 1
240 7 1
240 40 1
240 57 1
240 195 1
240 236 1
248 9 1
248 893 1
250 9 1
252 9 1
252 1816 1
258 19 1
258 41 1
258 42 1
258 893 1
259 9 1
259 28 1
259 41 1
259 155 1
259 179 1
259 948 1
280 5 1
280 19 1
280 40 1
280 42 1
280 148 1
280 2200 1
281 17 1
281 41 1
281 58 1
281 82 1
281 102 1
281 119 1
281 154 1
281 205 1
281 442 1
281 574 1
281 632 1
281 1002 1
281 1106 1
283 3 1
283 4 1
283 10 1
283 17 1
283 20 1
283 67 1
283 119 1
283 133 1
283 195 1
283 221 1
283 906 1
284 119 1
287 27 1
287 148 1
287 1012 1
288 7 1
288 9 1
288 12 1
288 19 1
288 91 1
288 94 1
288 221 1
288 330 1
288 441 1
289 11 1
289 40 1
289 42 1
289 57 1
289 58 1
289 64 1
289 205 1
291 7 1
291 28 1
291 42 1
291 106 1
291 133 1
291 370 1
291 1100 1
292 3 1
292 4 1
292 7 1
292 9 1
292 15 1
292 20 1
292 40 1
292 78 1
292 95 1
292 105 1
292 119 1
292 133 1
292 138 1
292 144 1
292 281 1
292 289 1
292 483 1
292 531 1
292 632 1
292 2292 1
296 57 1
303 20 1
303 40 1
303 42 1
303 57 1
303 84 1
303 108 1
303 288 1
316 5 1
316 7 1
316 9 1
316 27 1
316 42 1
316 57 1
316 61 1
316 88 1
316 122 1
316 144 1
316 195 1
316 291 1
316 483 1
316 2292 1
321 7 1
321 87 1
321 473 1
324 7 1
324 9 1
324 64 1
324 106 1
324 383 1
331 95 1
331 138 1
331 852 1
333 12 1
333 40 1
333 57 1
333 84 1
333 148 1
333 746 1
333 1005 1
338 5 1
338 42 1
338 102 1
338 1043 1
338 1774 1
343 7 1
343 40 1
343 99 1
343 148 1
343 195 1
345 7 1
345 19 1
345 40 1
346 3 1
346 7 1
346 9 1
346 84 1
346 139 1
346 179 1
361 9 1
361 78 1
361 280 1
361 283 1
364 5 1
364 7 1
364 27 1
364 57 1
364 122 1
364 1027 1
370 5 1
370 97 1
370 101 1
370 345 1
378 3 1
378 7 1
378 10 1
378 17 1
378 20 1
378 174 1
382 283 1
382 511 1
386 9 1
393 28 1
393 283 1
405 9 1
405 78 1
405 122 1
405 139 1
405 457 1
406 81 1
406 97 1
406 531 1
406 750 1
406 1078 1
422 5 1
422 7 1
422 40 1
422 102 1
431 9 1
431 19 1
431 139 1
431 670 1
432 47 1
441 31 1
441 94 1
441 627 1
442 9 1
442 19 1
442 33 1
444 9 1
444 25 1
444 119 1
444 654 1
449 17 1
449 19 1
449 33 1
450 5 1
450 9 1
450 31 1
450 76 1
450 88 1
455 29 1
455 57 1
455 58 1
455 101 1
455 148 1
455 281 1
456 7 1
456 9 1
456 42 1
456 102 1
456 281 1
456 854 1
456 910 1
457 64 1
457 139 1
466 5 1
466 7 1
466 9 1
466 19 1
466 22 1
466 37 1
466 40 1
466 87 1
468 17 1
468 28 1
468 29 1
468 31 1
468 40 1
468 64 1
468 138 1
468 1824 1
473 25 1
473 28 1
473 29 1
473 40 1
473 42 1
473 122 1
473 148 1
473 281 1
473 574 1
481 84 1
488 9 1
488 31 1
488 97 1
488 288 1
488 948 1
489 61 1
489 531 1
493 5 1
493 9 1
493 15 1
493 40 1
493 95 1
493 283 1
511 9 1
511 42 1
511 64 1
511 88 1
525 205 1
525 769 1
525 943 1
530 9 1
530 2141 1
531 3 1
531 9 1
531 15 1
531 19 1
531 31 1
531 42 1
531 61 1
531 64 1
531 87 1
531 101 1
531 154 1
531 204 1
531 281 1
531 370 1
531 405 1
531 504 1
531 627 1
531 893 1
531 2388 1
532 7 1
532 9 1
532 28 1
532 42 1
532 57 1
532 106 1
538 9 1
538 554 1
539 31 1
539 57 1
539 81 1
539 95 1
540 20 1
540 25 1
540 42 1
540 57 1
540 61 1
540 83 1
540 144 1
540 333 1
540 531 1
540 893 1
540 1299 1
540 1601 1
540 1681 1
554 7 1
554 17 1
554 19 1
554 102 1
554 330 1
558 40 1
558 95 1
558 283 1
570 40 1
571 57 1
572 7 1
572 10 1
572 28 1
572 31 1
572 40 1
572 42 1
572 48 1
572 57 1
572 81 1
572 134 1
572 138 1
572 187 1
572 473 1
572 893 1
572 1017 1
574 17 1
574 40 1
574 67 1
574 236 1
574 316 1
574 719 1
574 1104 1
574 1248 1
576 468 1
576 554 1
576 639 1
581 58 1
582 9 1
582 58 1
592 713 1
593 105 1
594 54 1
601 7 1
601 9 1
601 57 1
601 88 1
601 139 1
601 422 1
601 532 1
602 7 1
602 40 1
602 139 1
602 593 1
627 5 1
627 9 1
627 40 1
627 58 1
627 97 1
627 455 1
627 890 1
632 5 1
632 15 1
632 99 1
632 910 1
639 7 1
639 9 1
639 31 1
639 57 1
639 95 1
639 205 1
639 287 1
639 333 1
640 7 1
640 9 1
654 5 1
654 57 1
654 195 1
654 457 1
654 807 1
670 9 1
670 17 1
670 40 1
670 42 1
670 87 1
670 133 1
671 16 1
678 5 1
678 9 1
678 15 1
678 31 1
678 106 1
678 531 1
678 639 1
679 17 1
679 1036 1
696 283 1
699 5 1
699 31 1
699 171 1
699 383 1
702 3 1
702 42 1
713 42 1
713 58 1
713 74 1
713 281 1
719 42 1
719 155 1
722 7 1
722 155 1
722 174 1
746 7 1
746 28 1
746 31 1
746 57 1
746 977 1
750 17 1
750 148 1
750 540 1
769 61 1
769 82 1
769 88 1
769 94 1
795 3 1
795 9 1
795 28 1
795 33 1
795 40 1
795 78 1
807 3 1
807 7 1
807 20 1
807 138 1
807 574 1
829 5 1
829 40 1
842 41 1
852 3 1
852 9 1
852 33 1
852 42 1
852 57 1
852 78 1
852 88 1
852 97 1
854 42 1
858 654 1
890 7 1
890 17 1
890 40 1
893 7 1
893 9 1
893 42 1
893 1027 1
906 19 1
906 78 1
910 17 1
910 19 1
910 25 1
910 91 1
910 99 1
910 133 1
910 289 1
910 531 1
910 1787 1
918 3 1
918 9 1
918 40 1
918 83 1
918 101 1
918 406 1
922 3 1
922 5 1
943 3 1
943 5 1
943 9 1
943 155 1
943 187 1
943 3041 1
946 31 1
946 122 1
948 28 1
948 42 1
948 148 1
948 943 1
954 289 1
954 893 1
956 3 1
956 746 1
959 9 1
959 29 1
959 31 1
959 40 1
959 57 1
959 64 1
977 7 1
977 19 1
977 33 1
977 122 1
977 281 1
977 456 1
977 1295 1
979 139 1
979 893 1
985 40 1
985 58 1
985 60 1
985 1184 1
991 9 1
991 40 1
994 5 1
994 450 1
1002 5 1
1002 224 1
1004 57 1
1005 9 1
1005 252 1
1005 289 1
1005 393 1
1012 31 1
1012 40 1
1014 5 1
1014 25 1
1014 61 1
1014 291 1
1014 370 1
1014 393 1
1017 9 1
1017 58 1
1017 316 1
1017 405 1
1017 468 1
1017 525 1
1018 9 1
1027 7 1
1027 9 1
1027 19 1
1027 40 1
1027 1337 1
1032 9 1
1032 139 1
1035 9 1
1035 25 1
1035 81 1
1035 82 1
1035 174 1
1036 33 1
1036 105 1
1036 138 1
1037 42 1
1043 88 1
1043 102 1
1043 220 1
1043 236 1
1043 333 1
1057 42 1
1064 5 1
1064 119 1
1071 138 1
1072 57 1
1072 95 1
1072 1817 1
1073 57 1
1078 5 1
1078 9 1
1078 10 1
1078 42 1
1078 61 1
1078 432 1
1089 33 1
1089 220 1
1090 128 1
1099 122 1
1100 3 1
1100 42 1
1100 61 1
1100 174 1
1100 250 1
1100 288 1
1100 1940 1
1102 42 1
1102 106 1
1102 769 1
1103 87 1
1104 102 1
1104 406 1
1104 946 1
1104 1490 1
1106 28 1
1106 33 1
1106 42 1
1106 81 1
1106 205 1
1115 910 1
1127 7 1
1127 9 1
1127 74 1
1156 7 1
1164 58 1
1164 333 1
1175 5 1
1184 5 1
1184 40 1
1184 41 1
1184 144 1
1184 148 1
1193 40 1
1199 105 1
1206 5 1
1206 9 1
1206 670 1
1220 5 1
1220 906 1
1224 42 1
1248 9 1
1255 9 1
1255 119 1
1255 670 1
1256 5 1
1259 9 1
1259 40 1
1259 893 1
1261 61 1
1261 87 1
1291 42 1
1291 1743 1
1295 94 1
1299 42 1
1299 283 1
1316 9 1
1320 57 1
1320 893 1
1336 9 1
1336 58 1
1336 122 1
1336 205 1
1336 283 1
1337 58 1
1337 139 1
1347 5 1
1347 9 1
1347 422 1
1361 134 1
1362 9 1
1366 9 1
1366 133 1
1366 1027 1
1368 40 1
1395 40 1
1395 102 1
1396 71 1
1396 139 1
1400 78 1
1400 195 1
1428 5 1
1445 42 1
1473 5 1
1473 9 1
1473 31 1
1473 41 1
1473 216 1
1479 42 1
1479 2618 1
1490 9 1
1490 893 1
1491 289 1
1497 574 1
1501 40 1
1514 7 1
1522 15 1
1522 25 1
1522 432 1
1525 40 1
1525 88 1
1525 1004 1
1525 1012 1
1526 15 1
1533 9 1
1554 58 1
1561 5 1
1561 1017 1
1597 9 1
1598 9 1
1598 171 1
1598 2376 1
1601 57 1
1601 473 1
1601 699 1
1601 1989 1
1616 2915 1
1668 40 1
1681 19 1
1681 61 1
1731 3 1
1731 102 1
1743 42 1
1746 25 1
1752 5 1
1754 7 1
1754 28 1
1754 40 1
1754 128 1
1754 1773 1
1773 5 1
1773 17 1
1773 570 1
1774 57 1
1781 5 1
1781 7 1
1784 102 1
1787 3 1
1787 9 1
1787 42 1
1787 83 1
1787 195 1
1812 5 1
1812 289 1
1815 9 1
1815 538 1
1815 1336 1
1816 9 1
1816 155 1
1824 9 1
1824 57 1
1824 406 1
1837 540 1
1878 94 1
1886 5 1
1893 88 1
1906 31 1
1928 40 1
1937 9 1
1937 291 1
1940 57 1
1942 890 1
1961 42 1
1968 5 1
1989 42 1
1989 531 1
2043 28 1
2053 31 1
2067 1784 1
2074 7 1
2074 17 1
2074 42 1
2079 17 1
2079 122 1
2141 5 1
2170 122 1
2177 5 1
2177 324 1
2190 5 1
2190 40 1
2193 148 1
2200 7 1
2200 9 1
2209 57 1
2223 19 1
2226 7 1
2226 943 1
2228 576 1
2264 281 1
2291 88 1
2292 3 1
2292 33 1
2292 40 1
2292 42 1
2293 42 1
2293 95 1
2376 33 1
2378 9 1
2388 41 1
2405 9 1
2408 61 1
2413 3 1
2413 17 1
2414 174 1
2464 97 1
2476 174 1
2484 538 1
2507 28 1
2532 1286 1
2543 40 1
2575 9 1
2584 890 1
2609 5 1
2609 31 1
2615 532 1
2618 95 1
2645 9 1
2646 7 1
2652 2170 1
2657 19 1
2657 333 1
2678 9 1
2678 134 1
2682 531 1
2683 57 1
2683 893 1
2713 33 1
2727 574 1
2729 3 1
2806 910 1
2816 95 1
2842 288 1
2844 99 1
2878 9 1
2880 9 1
2880 102 1
2895 99 1
2915 3 1
2917 1017 1
3011 95 1
3041 5 1
3044 7 1
3048 81 1
3058 58 1
3064 95 1
3077 40 1
3092 893 1
3128 9 1
3133 42 1
3146 292 1
3148 119 1
3175 19 1
