3 5 1
3 9 1
3 19 1
3 20 1
3 28 1
3 29 1
3 40 1
3 41 1
3 48 1
3 58 1
3 81 1
3 82 1
3 99 1
3 101 1
3 102 1
3 105 1
3 106 1
3 119 1
3 122 1
3 133 1
3 148 1
3 155 1
3 252 1
3 383 1
3 444 1
3 456 1
3 531 1
3 540 1
3 722 1
3 750 1
3 893 1
3 946 1
3 948 1
3 953 1
3 1100 1
3 1501 1
3 1598 1
3 1774 1
3 1787 1
3 1893 1
3 2543 1
4 9 1
4 31 1
4 88 1
4 102 1
4 289 1
4 1347 1
4 2053 1
5 3 1
5 7 1
5 10 1
5 12 1
5 16 1
5 17 1
5 19 1
5 31 1
5 41 1
5 57 1
5 58 1
5 64 1
5 74 1
5 78 1
5 82 1
5 83 1
5 87 1
5 97 1
5 102 1
5 119 1
5 121 1
5 133 1
5 144 1
5 147 1
5 148 1
5 205 1
5 250 1
5 280 1
5 284 1
5 289 1
5 330 1
5 345 1
5 382 1
5 405 1
5 406 1
5 442 1
5 457 1
5 468 1
5 483 1
5 538 1
5 574 1
5 640 1
5 746 1
5 854 1
5 1005 1
5 1027 1
5 1037 1
5 1526 1
5 1746 1
5 1774 1
5 2079 1
7 3 1
7 5 1
7 9 1
7 10 1
7 11 1
7 12 1
7 15 1
7 17 1
7 19 1
7 20 1
7 28 1
7 31 1
7 33 1
7 37 1
7 54 1
7 57 1
7 64 1
7 71 1
7 82 1
7 83 1
7 87 1
7 88 1
7 91 1
7 94 1
7 95 1
7 97 1
7 102 1
7 106 1
7 119 1
7 121 1
7 122 1
7 128 1
7 138 1
7 139 1
7 144 1
7 171 1
7 174 1
7 179 1
7 204 1
7 205 1
7 216 1
7 221 1
7 248 1
7 250 1
7 280 1
7 281 1
7 283 1
7 287 1
7 289 1
7 291 1
7 292 1
7 303 1
7 324 1
7 333 1
7 370 1
7 378 1
7 393 1
7 405 1
7 406 1
7 488 1
7 489 1
7 493 1
7 530 1
7 531 1
7 539 1
7 554 1
7 574 1
7 582 1
7 593 1
7 639 1
7 654 1
7 670 1
7 699 1
7 750 1
7 769 1
7 807 1
7 893 1
7 910 1
7 918 1
7 943 1
7 977 1
7 1005 1
7 1017 1
7 1027 1
7 1078 1
7 1187 1
7 1224 1
7 1295 1
7 1316 1
7 1445 1
7 1490 1
7 1746 1
7 1754 1
7 1781 1
7 1886 1
7 2190 1
7 2293 1
7 2657 1
7 3064 1
8 40 1
9 3 1
9 4 1
9 5 1
9 7 1
9 8 1
9 10 1
9 11 1
9 17 1
9 19 1
9 27 1
9 28 1
9 29 1
9 31 1
9 37 1
9 40 1
9 58 1
9 60 1
9 76 1
9 81 1
9 82 1
9 83 1
9 84 1
9 88 1
9 90 1
9 94 1
9 95 1
9 97 1
9 99 1
9 105 1
9 106 1
9 108 1
9 119 1
9 121 1
9 122 1
9 128 1
9 133 1
9 138 1
9 144 1
9 174 1
9 187 1
9 195 1
9 204 1
9 205 1
9 216 1
9 220 1
9 232 1
9 236 1
9 248 1
9 281 1
9 283 1
9 287 1
9 288 1
9 289 1
9 291 1
9 330 1
9 343 1
9 346 1
9 378 1
9 382 1
9 386 1
9 406 1
9 422 1
9 432 1
9 442 1
9 456 1
9 457 1
9 466 1
9 473 1
9 483 1
9 504 1
9 532 1
9 538 1
9 558 1
9 574 1
9 592 1
9 627 1
9 654 1
9 670 1
9 685 1
9 769 1
9 795 1
9 852 1
9 890 1
9 893 1
9 910 1
9 918 1
9 943 1
9 948 1
9 991 1
9 994 1
9 1012 1
9 1017 1
9 1027 1
9 1064 1
9 1184 1
9 1199 1
9 1291 1
9 1299 1
9 1313 1
9 1320 1
9 1347 1
9 1362 1
9 1479 1
9 1490 1
9 1533 1
9 1731 1
9 1743 1
9 1816 1
9 1989 1
9 2028 1
9 2200 1
9 2228 1
9 2292 1
9 2317 1
9 2376 1
9 2507 1
9 2678 1
9 2682 1
9 2806 1
9 2816 1
9 2844 1
9 3041 1
9 3058 1
10 7 1
10 19 1
10 20 1
10 40 1
10 42 1
10 57 1
10 101 1
10 102 1
10 119 1
10 134 1
10 205 1
10 250 1
10 378 1
10 456 1
10 769 1
10 948 1
10 1043 1
11 3 1
11 33 1
11 61 1
11 97 1
12 3 1
12 5 1
12 7 1
12 33 1
12 42 1
12 57 1
12 61 1
12 128 1
12 133 1
12 139 1
12 148 1
12 205 1
12 289 1
12 442 1
12 511 1
12 1004 1
12 2141 1
15 5 1
15 7 1
15 9 1
15 10 1
15 40 1
15 87 1
15 119 1
15 122 1
15 205 1
15 1014 1
15 1156 1
15 1256 1
15 1837 1
16 7 1
16 9 1
16 41 1
16 42 1
16 57 1
16 58 1
16 250 1
16 531 1
16 532 1
16 593 1
16 842 1
17 5 1
17 9 1
17 12 1
17 15 1
17 22 1
17 25 1
17 42 1
17 58 1
17 60 1
17 61 1
17 64 1
17 71 1
17 78 1
17 99 1
17 105 1
17 119 1
17 122 1
17 133 1
17 139 1
17 144 1
17 155 1
17 186 1
17 220 1
17 221 1
17 236 1
17 283 1
17 284 1
17 289 1
17 324 1
17 393 1
17 422 1
17 473 1
17 807 1
17 893 1
17 1100 1
17 1103 1
17 1261 1
17 2074 1
17 2915 1
19 5 1
19 7 1
19 9 1
19 42 1
19 82 1
19 99 1
19 148 1
19 205 1
19 281 1
19 288 1
19 289 1
19 531 1
19 654 1
19 713 1
19 893 1
20 3 1
20 5 1
20 7 1
20 15 1
20 58 1
20 61 1
20 87 1
20 139 1
20 155 1
20 205 1
20 252 1
20 281 1
20 287 1
20 654 1
20 702 1
20 1127 1
20 2842 1
21 19 1
22 5 1
22 7 1
22 17 1
22 102 1
22 119 1
22 601 1
25 9 1
25 15 1
25 19 1
25 121 1
25 148 1
25 174 1
25 280 1
25 281 1
25 288 1
25 893 1
27 9 1
27 40 1
27 95 1
27 139 1
27 280 1
27 893 1
27 1078 1
28 5 1
28 7 1
28 9 1
28 12 1
28 19 1
28 20 1
28 31 1
28 33 1
28 40 1
28 42 1
28 57 1
28 81 1
28 82 1
28 97 1
28 101 1
28 102 1
28 105 1
28 106 1
28 119 1
28 122 1
28 144 1
28 186 1
28 236 1
28 333 1
28 532 1
28 540 1
28 769 1
28 893 1
28 1017 1
28 1099 1
28 1754 1
28 1961 1
28 2615 1
28 2657 1
28 3133 1
29 5 1
29 20 1
29 25 1
29 28 1
29 33 1
29 42 1
29 57 1
29 61 1
29 456 1
29 893 1
31 5 1
31 7 1
31 9 1
31 10 1
31 12 1
31 25 1
31 41 1
31 57 1
31 61 1
31 82 1
31 95 1
31 101 1
31 102 1
31 122 1
31 133 1
31 148 1
31 216 1
31 283 1
31 291 1
31 383 1
31 393 1
31 456 1
31 582 1
31 852 1
31 1027 1
31 1812 1
31 2190 1
31 2246 1
31 3077 1
33 3 1
33 19 1
33 31 1
33 40 1
33 78 1
33 88 1
33 95 1
33 101 1
33 133 1
33 138 1
33 155 1
33 187 1
33 195 1
33 204 1
33 205 1
33 220 1
33 483 1
33 493 1
33 531 1
33 554 1
33 1002 1
33 1942 1
33 2226 1
33 2678 1
33 3092 1
36 7 1
36 31 1
36 57 1
36 58 1
36 94 1
36 138 1
36 576 1
36 2378 1
37 7 1
37 95 1
37 713 1
37 954 1
37 1104 1
40 3 1
40 5 1
40 7 1
40 9 1
40 20 1
40 27 1
40 28 1
40 33 1
40 42 1
40 54 1
40 67 1
40 74 1
40 78 1
40 82 1
40 83 1
40 97 1
40 102 1
40 119 1
40 121 1
40 122 1
40 148 1
40 171 1
40 174 1
40 187 1
40 205 1
40 216 1
40 220 1
40 240 1
40 250 1
40 287 1
40 288 1
40 321 1
40 345 1
40 378 1
40 422 1
40 442 1
40 466 1
40 525 1
40 531 1
40 532 1
40 538 1
40 574 1
40 601 1
40 627 1
40 632 1
40 639 1
40 670 1
40 679 1
40 699 1
40 746 1
40 747 1
40 852 1
40 854 1
40 890 1
40 893 1
40 910 1
40 918 1
40 922 1
40 943 1
40 953 1
40 954 1
40 956 1
40 977 1
40 994 1
40 1004 1
40 1012 1
40 1017 1
40 1027 1
40 1078 1
40 1106 1
40 1127 1
40 1164 1
40 1300 1
40 1366 1
40 1601 1
40 1763 1
40 1968 1
40 2264 1
40 2408 1
40 2507 1
41 3 1
41 5 1
41 9 1
41 10 1
41 15 1
41 19 1
41 25 1
41 28 1
41 40 1
41 42 1
41 87 1
41 94 1
41 97 1
41 105 1
41 119 1
41 171 1
41 186 1
41 281 1
41 289 1
41 292 1
41 539 1
41 769 1
41 1043 1
41 2236 1
42 3 1
42 7 1
42 9 1
42 15 1
42 17 1
42 19 1
42 27 1
42 29 1
42 31 1
42 57 1
42 58 1
42 74 1
42 78 1
42 81 1
42 87 1
42 94 1
42 102 1
42 133 1
42 139 1
42 171 1
42 174 1
42 221 1
42 250 1
42 252 1
42 280 1
42 321 1
42 333 1
42 346 1
42 370 1
42 422 1
42 431 1
42 457 1
42 466 1
42 511 1
42 532 1
42 538 1
42 574 1
42 685 1
42 719 1
42 829 1
42 854 1
42 893 1
42 959 1
42 1012 1
42 1036 1
42 1100 1
42 1752 1
42 1784 1
42 1815 1
42 2291 1
42 2645 1
42 2917 1
47 10 1
47 28 1
47 42 1
47 57 1
47 61 1
47 64 1
47 67 1
47 74 1
47 119 1
48 17 1
48 457 1
48 852 1
54 7 1
54 9 1
54 33 1
54 40 1
54 42 1
54 88 1
54 97 1
54 280 1
54 654 1
54 719 1
54 979 1
54 1106 1
54 2652 1
56 5 1
56 7 1
57 3 1
57 15 1
57 19 1
57 20 1
57 22 1
57 27 1
57 29 1
57 40 1
57 42 1
57 58 1
57 64 1
57 81 1
57 88 1
57 91 1
57 94 1
57 97 1
57 99 1
57 108 1
57 121 1
57 134 1
57 250 1
57 324 1
57 330 1
57 422 1
57 456 1
57 468 1
57 473 1
57 574 1
57 713 1
57 854 1
57 910 1
57 985 1
57 1035 1
57 1104 1
57 1106 1
57 1299 1
57 1554 1
57 1616 1
57 1774 1
58 5 1
58 17 1
58 25 1
58 28 1
58 41 1
58 61 1
58 88 1
58 95 1
58 122 1
58 287 1
58 456 1
58 639 1
58 893 1
58 977 1
58 1601 1
58 1754 1
58 2405 1
60 10 1
60 58 1
60 138 1
60 331 1
61 9 1
61 28 1
61 31 1
61 40 1
61 42 1
61 99 1
61 144 1
61 291 1
61 601 1
61 1014 1
61 1206 1
64 7 1
64 9 1
64 11 1
64 15 1
64 22 1
64 31 1
64 33 1
64 40 1
64 41 1
64 88 1
64 101 1
64 102 1
64 105 1
64 122 1
64 138 1
64 144 1
64 148 1
64 187 1
64 291 1
64 333 1
64 525 1
64 531 1
64 602 1
64 670 1
64 678 1
64 1027 1
64 1078 1
64 1086 1
64 1445 1
64 1497 1
64 2880 1
64 3048 1
67 9 1
67 10 1
67 19 1
67 20 1
67 33 1
67 41 1
67 64 1
67 94 1
67 97 1
67 133 1
67 154 1
67 330 1
67 574 1
67 890 1
67 1072 1
70 42 1
70 769 1
71 9 1
71 40 1
71 122 1
71 333 1
71 405 1
73 122 1
73 171 1
73 906 1
74 3 1
74 5 1
74 40 1
74 42 1
74 102 1
74 468 1
74 1473 1
76 28 1
76 138 1
76 538 1
78 5 1
78 7 1
78 17 1
78 33 1
78 40 1
78 42 1
78 64 1
78 84 1
78 88 1
78 95 1
78 99 1
78 101 1
78 119 1
78 133 1
78 148 1
78 155 1
78 174 1
78 187 1
78 248 1
78 288 1
78 289 1
78 405 1
78 1184 1
81 9 1
81 17 1
81 19 1
81 61 1
81 122 1
81 155 1
81 221 1
81 289 1
81 316 1
81 531 1
81 769 1
81 1784 1
81 2683 1
82 7 1
82 9 1
82 10 1
82 12 1
82 19 1
82 28 1
82 31 1
82 47 1
82 67 1
82 74 1
82 78 1
82 87 1
82 101 1
82 105 1
82 106 1
82 119 1
82 144 1
82 483 1
82 985 1
82 2657 1
83 5 1
83 28 1
83 81 1
83 601 1
85 9 1
85 42 1
87 9 1
87 40 1
87 57 1
87 71 1
87 119 1
87 144 1
87 280 1
87 893 1
87 985 1
87 2507 1
88 3 1
88 5 1
88 9 1
88 16 1
88 17 1
88 31 1
88 42 1
88 67 1
88 74 1
88 91 1
88 95 1
88 119 1
88 128 1
88 148 1
88 174 1
88 281 1
88 345 1
88 455 1
88 457 1
88 531 1
88 602 1
88 1445 1
90 5 1
90 42 1
90 893 1
91 33 1
94 7 1
94 9 1
94 31 1
94 33 1
94 42 1
94 54 1
94 58 1
94 71 1
94 105 1
94 122 1
94 138 1
94 195 1
94 258 1
94 292 1
94 1104 1
94 1127 1
94 1184 1
94 1878 1
95 5 1
95 7 1
95 10 1
95 17 1
95 29 1
95 40 1
95 78 1
95 83 1
95 87 1
95 97 1
95 144 1
95 186 1
95 280 1
95 393 1
95 444 1
95 959 1
95 1027 1
95 1817 1
95 1940 1
95 1989 1
95 2388 1
95 2713 1
97 3 1
97 9 1
97 33 1
97 40 1
97 42 1
97 88 1
97 102 1
97 221 1
97 283 1
97 531 1
99 3 1
99 5 1
99 7 1
99 9 1
99 17 1
99 19 1
99 21 1
99 31 1
99 40 1
99 41 1
99 42 1
99 47 1
99 58 1
99 87 1
99 94 1
99 205 1
99 893 1
99 1473 1
101 3 1
101 9 1
101 16 1
101 17 1
101 19 1
101 20 1
101 31 1
101 42 1
101 61 1
101 138 1
101 148 1
101 333 1
101 893 1
101 954 1
101 1395 1
101 2193 1
102 7 1
102 9 1
102 17 1
102 31 1
102 33 1
102 41 1
102 61 1
102 78 1
102 81 1
102 88 1
102 95 1
102 119 1
102 122 1
102 133 1
102 155 1
102 422 1
102 574 1
102 893 1
105 3 1
105 7 1
105 25 1
105 47 1
105 60 1
105 133 1
105 144 1
105 370 1
105 1491 1
106 5 1
106 82 1
106 102 1
106 1598 1
108 3 1
108 9 1
108 15 1
108 31 1
108 78 1
108 102 1
108 1014 1
119 9 1
119 19 1
119 22 1
119 28 1
119 37 1
119 40 1
119 41 1
119 42 1
119 57 1
119 61 1
119 78 1
119 82 1
119 91 1
119 94 1
119 102 1
119 105 1
119 121 1
119 133 1
119 134 1
119 138 1
119 148 1
119 195 1
119 236 1
119 240 1
119 540 1
119 654 1
119 747 1
119 910 1
119 943 1
119 977 1
119 1002 1
121 4 1
121 7 1
121 19 1
121 20 1
121 95 1
121 283 1
121 378 1
121 639 1
121 893 1
122 4 1
122 9 1
122 20 1
122 40 1
122 41 1
122 57 1
122 61 1
122 87 1
122 94 1
122 133 1
122 370 1
122 699 1
122 1102 1
123 19 1
123 58 1
128 17 1
128 19 1
128 22 1
128 57 1
128 101 1
128 281 1
128 422 1
128 1400 1
133 3 1
133 5 1
133 9 1
133 10 1
133 17 1
133 28 1
133 40 1
133 42 1
133 102 1
133 139 1
133 283 1
133 538 1
133 696 1
134 5 1
134 9 1
134 33 1
134 42 1
134 148 1
134 531 1
134 1005 1
134 1300 1
134 1681 1
138 5 1
138 9 1
138 25 1
138 42 1
138 57 1
138 58 1
138 281 1
138 291 1
138 316 1
138 1754 1
139 4 1
139 5 1
139 9 1
139 19 1
139 25 1
139 28 1
139 40 1
139 41 1
139 58 1
139 88 1
139 95 1
139 101 1
139 106 1
139 179 1
139 240 1
139 283 1
139 333 1
139 405 1
139 504 1
139 576 1
139 910 1
139 1018 1
139 1073 1
139 1368 1
139 1787 1
144 15 1
144 78 1
144 84 1
144 122 1
144 155 1
144 441 1
144 574 1
144 601 1
144 1037 1
147 5 1
147 10 1
147 40 1
147 57 1
148 3 1
148 9 1
148 29 1
148 33 1
148 42 1
148 48 1
148 57 1
148 82 1
148 97 1
148 106 1
148 139 1
148 144 1
148 248 1
148 281 1
148 289 1
148 321 1
148 331 1
148 455 1
148 581 1
148 601 1
148 627 1
148 696 1
148 854 1
148 1248 1
148 1286 1
148 1337 1
148 2970 1
154 3 1
154 9 1
154 25 1
154 27 1
154 31 1
154 33 1
154 40 1
154 61 1
154 71 1
154 102 1
154 108 1
154 139 1
154 240 1
154 511 1
154 532 1
154 893 1
154 2464 1
155 7 1
155 17 1
155 31 1
155 64 1
155 83 1
155 119 1
155 280 1
155 281 1
155 338 1
155 632 1
171 5 1
171 9 1
171 42 1
171 57 1
171 154 1
171 281 1
171 627 1
171 852 1
171 1043 1
174 138 1
174 466 1
174 893 1
179 9 1
179 42 1
179 57 1
179 78 1
179 105 1
179 186 1
179 281 1
179 1396 1
179 1525 1
186 5 1
186 7 1
186 19 1
186 60 1
186 61 1
186 64 1
186 289 1
186 540 1
186 746 1
187 10 1
187 17 1
187 42 1
187 58 1
187 119 1
195 10 1
195 19 1
195 20 1
195 31 1
195 40 1
195 41 1
195 42 1
195 48 1
195 78 1
195 95 1
195 101 1
195 105 1
195 148 1
195 155 1
195 205 1
195 316 1
195 483 1
195 530 1
195 574 1
195 985 1
195 1106 1
195 1199 1
195 1668 1
204 61 1
204 991 1
204 1313 1
205 7 1
205 11 1
205 20 1
205 25 1
205 42 1
205 61 1
205 94 1
205 102 1
205 119 1
205 144 1
205 148 1
205 179 1
205 195 1
205 281 1
205 288 1
205 343 1
205 2317 1
205 3044 1
216 22 1
216 40 1
216 47 1
216 57 1
216 97 1
216 187 1
220 5 1
220 7 1
220 17 1
220 20 1
220 22 1
220 41 1
220 47 1
220 61 1
220 95 1
220 1014 1
221 7 1
221 10 1
221 25 1
221 40 1
221 64 1
221 94 1
221 321 1
221 383 1
221 572 1
221 893 1
224 5 1
224 7 1
224 9 1
224 19 1
224 40 1
224 57 1
224 58 1
224 78 1
224 88 1
224 97 1
224 99 1
224 121 1
224 122 1
224 139 1
224 159 1
224 205 1
224 220 1
224 281 1
224 504 1
224 893 1
224 1259 1
224 1291 1
224 1320 1
224 2618 1
232 87 1
236 3 1
236 42 1
236 57 1
236 97 1
236 292 1
236 594 1
236 750 1
240 7 1
240 28 1
240 60 1
240 61 1
240 88 1
248 119 1
248 2170 1
250 2657 1
252 5 1
252 17 1
258 139 1
258 393 1
258 985 1
258 1773 1
259 9 1
259 57 1
259 78 1
259 121 1
259 138 1
259 174 1
280 3 1
280 7 1
280 9 1
280 19 1
280 134 1
280 289 1
281 3 1
281 5 1
281 7 1
281 17 1
281 19 1
281 29 1
281 42 1
281 94 1
281 283 1
281 289 1
281 1017 1
281 1089 1
281 1366 1
283 12 1
283 25 1
283 57 1
283 102 1
283 138 1
283 195 1
283 250 1
283 450 1
283 918 1
283 1261 1
283 3175 1
284 81 1
287 57 1
287 171 1
287 1773 1
288 3 1
288 5 1
288 9 1
288 31 1
288 58 1
288 95 1
288 102 1
288 148 1
288 893 1
289 31 1
289 40 1
289 41 1
289 78 1
289 128 1
289 456 1
289 554 1
291 7 1
291 40 1
291 57 1
291 78 1
291 221 1
291 574 1
291 1193 1
292 3 1
292 5 1
292 12 1
292 31 1
292 40 1
292 42 1
292 61 1
292 74 1
292 81 1
292 82 1
292 90 1
292 91 1
292 95 1
292 154 1
292 205 1
292 280 1
292 432 1
292 457 1
292 531 1
292 985 1
296 42 1
303 17 1
303 60 1
303 138 1
303 316 1
303 345 1
303 639 1
303 1014 1
316 7 1
316 9 1
316 12 1
316 31 1
316 33 1
316 76 1
316 95 1
316 122 1
316 148 1
316 186 1
316 473 1
316 639 1
316 1057 1
316 1937 1
321 28 1
321 195 1
321 511 1
324 7 1
324 9 1
324 61 1
324 123 1
324 333 1
331 5 1
331 9 1
331 19 1
333 22 1
333 40 1
333 97 1
333 105 1
333 174 1
333 179 1
333 468 1
338 19 1
338 42 1
338 61 1
338 148 1
338 1199 1
343 5 1
343 9 1
343 283 1
343 450 1
343 473 1
345 40 1
345 90 1
345 144 1
346 5 1
346 9 1
346 57 1
346 58 1
346 94 1
346 632 1
361 9 1
361 82 1
361 95 1
361 102 1
364 5 1
364 7 1
364 9 1
364 33 1
364 58 1
364 602 1
370 15 1
370 148 1
370 154 1
370 174 1
378 9 1
378 19 1
378 22 1
378 40 1
378 84 1
378 281 1
382 31 1
382 1043 1
386 64 1
393 7 1
393 9 1
405 4 1
405 7 1
405 57 1
405 133 1
405 283 1
406 29 1
406 33 1
406 40 1
406 78 1
406 1027 1
422 5 1
422 9 1
422 19 1
422 42 1
431 20 1
431 40 1
431 450 1
431 1127 1
432 236 1
441 102 1
441 195 1
441 1043 1
442 57 1
442 205 1
442 979 1
444 5 1
444 7 1
444 9 1
444 84 1
449 5 1
449 57 1
449 128 1
450 17 1
450 287 1
450 511 1
450 532 1
450 807 1
455 3 1
455 19 1
455 101 1
455 106 1
455 119 1
455 122 1
456 5 1
456 40 1
456 57 1
456 61 1
456 78 1
456 144 1
456 174 1
457 16 1
457 147 1
466 9 1
466 10 1
466 15 1
466 42 1
466 87 1
466 95 1
466 102 1
466 148 1
468 7 1
468 20 1
468 42 1
468 58 1
468 99 1
468 102 1
468 108 1
468 138 1
473 4 1
473 12 1
473 33 1
473 102 1
473 119 1
473 122 1
473 128 1
473 155 1
473 1473 1
481 31 1
488 7 1
488 9 1
488 108 1
488 195 1
488 906 1
489 9 1
489 28 1
493 5 1
493 7 1
493 40 1
493 57 1
493 94 1
493 95 1
511 42 1
511 106 1
511 893 1
511 1032 1
525 9 1
525 195 1
525 538 1
530 3 1
530 9 1
531 7 1
531 15 1
531 20 1
531 28 1
531 29 1
531 40 1
531 78 1
531 97 1
531 102 1
531 133 1
531 139 1
531 174 1
531 422 1
531 525 1
531 538 1
531 601 1
531 1100 1
531 1313 1
531 1336 1
532 15 1
532 25 1
532 42 1
532 121 1
532 316 1
532 910 1
538 122 1
538 1014 1
539 40 1
539 102 1
539 321 1
539 1036 1
540 5 1
540 37 1
540 42 1
540 61 1
540 85 1
540 393 1
540 405 1
540 457 1
540 574 1
540 639 1
540 893 1
540 910 1
540 1206 1
554 5 1
554 42 1
554 87 1
554 746 1
554 943 1
558 12 1
558 42 1
558 370 1
570 119 1
571 20 1
572 5 1
572 20 1
572 33 1
572 40 1
572 58 1
572 61 1
572 84 1
572 99 1
572 119 1
572 128 1
572 289 1
572 538 1
572 670 1
572 702 1
572 1002 1
574 9 1
574 17 1
574 58 1
574 82 1
574 84 1
574 154 1
574 364 1
574 405 1
576 5 1
576 94 1
576 283 1
581 28 1
582 19 1
582 88 1
592 393 1
593 531 1
594 7 1
601 3 1
601 9 1
601 25 1
601 40 1
601 179 1
601 639 1
601 959 1
602 9 1
602 15 1
602 42 1
602 627 1
627 5 1
627 10 1
627 28 1
627 40 1
627 82 1
627 122 1
627 769 1
632 9 1
632 42 1
632 82 1
632 122 1
639 7 1
639 9 1
639 31 1
639 33 1
639 42 1
639 174 1
639 457 1
639 574 1
640 3 1
640 21 1
654 57 1
654 58 1
654 187 1
654 216 1
654 1746 1
670 3 1
670 40 1
670 95 1
670 364 1
670 473 1
670 2729 1
671 139 1
678 3 1
678 9 1
678 42 1
678 123 1
678 893 1
678 991 1
678 2476 1
679 7 1
679 948 1
696 910 1
699 9 1
699 12 1
699 102 1
699 283 1
702 28 1
702 42 1
713 3 1
713 61 1
713 87 1
713 456 1
719 40 1
719 122 1
722 40 1
722 81 1
722 679 1
746 5 1
746 17 1
746 84 1
746 281 1
746 2413 1
750 101 1
750 303 1
750 338 1
769 105 1
769 119 1
769 148 1
769 155 1
795 5 1
795 40 1
795 58 1
795 61 1
795 133 1
795 2223 1
807 9 1
807 40 1
807 57 1
807 119 1
807 281 1
829 9 1
829 221 1
842 7 1
852 20 1
852 31 1
852 40 1
852 99 1
852 121 1
852 291 1
852 422 1
852 1989 1
854 19 1
858 101 1
890 57 1
890 119 1
890 531 1
893 7 1
893 17 1
893 42 1
893 82 1
906 33 1
906 1014 1
910 5 1
910 20 1
910 21 1
910 81 1
910 289 1
910 455 1
910 525 1
910 531 1
910 702 1
918 7 1
918 19 1
918 41 1
918 288 1
918 345 1
918 2484 1
922 57 1
922 94 1
943 7 1
943 57 1
943 58 1
943 82 1
943 94 1
943 139 1
946 5 1
946 74 1
948 9 1
948 122 1
948 224 1
948 654 1
954 9 1
954 58 1
956 25 1
956 58 1
959 9 1
959 17 1
959 42 1
959 67 1
959 134 1
959 205 1
977 5 1
977 7 1
977 9 1
977 15 1
977 17 1
977 19 1
977 57 1
979 3 1
979 9 1
985 7 1
985 9 1
985 40 1
985 138 1
991 9 1
991 40 1
994 5 1
994 154 1
1002 94 1
1002 639 1
1004 17 1
1005 3 1
1005 7 1
1005 64 1
1005 179 1
1012 139 1
1012 991 1
1014 5 1
1014 9 1
1014 42 1
1014 57 1
1014 393 1
1014 2292 1
1017 11 1
1017 19 1
1017 25 1
1017 95 1
1017 101 1
1017 154 1
1018 1090 1
1027 9 1
1027 31 1
1027 40 1
1027 58 1
1027 221 1
1032 3 1
1032 17 1
1035 9 1
1035 40 1
1035 205 1
1035 532 1
1035 1175 1
1036 5 1
1036 87 1
1036 572 1
1037 9 1
1043 7 1
1043 22 1
1043 138 1
1043 148 1
1043 283 1
1057 205 1
1064 7 1
1064 9 1
1071 102 1
1072 7 1
1072 40 1
1072 948 1
1073 133 1
1078 7 1
1078 9 1
1078 88 1
1078 289 1
1078 943 1
1078 1337 1
1089 7 1
1089 90 1
1090 15 1
1099 769 1
1100 7 1
1100 9 1
1100 19 1
1100 47 1
1100 1017 1
1100 1522 1
1100 2292 1
1102 9 1
1102 40 1
1102 746 1
1103 3 1
1104 174 1
1104 281 1
1104 627 1
1104 713 1
1106 9 1
1106 283 1
1106 602 1
1106 1027 1
1106 1824 1
1115 9 1
1127 9 1
1127 40 1
1127 81 1
1156 531 1
1164 19 1
1164 25 1
1175 17 1
1184 5 1
1184 9 1
1184 40 1
1184 42 1
1184 138 1
1193 78 1
1199 33 1
1206 9 1
1206 15 1
1206 289 1
1220 33 1
1220 40 1
1224 40 1
1248 31 1
1255 7 1
1255 9 1
1255 64 1
1256 119 1
1259 27 1
1259 174 1
1259 205 1
1261 5 1
1261 9 1
1291 40 1
1291 57 1
1295 5 1
1299 82 1
1299 457 1
1316 7 1
1320 88 1
1320 134 1
1336 9 1
1336 33 1
1336 40 1
1336 47 1
1336 57 1
1337 5 1
1337 511 1
1347 20 1
1347 40 1
1347 531 1
1361 119 1
1362 57 1
1366 27 1
1366 33 1
1366 40 1
1368 7 1
1395 5 1
1395 57 1
1396 33 1
1396 40 1
1400 29 1
1400 47 1
1428 42 1
1445 106 1
1473 7 1
1473 9 1
1473 17 1
1473 40 1
1473 82 1
1479 15 1
1479 31 1
1490 57 1
1490 632 1
1491 20 1
1497 15 1
1501 1754 1
1514 3 1
1522 7 1
1522 9 1
1522 58 1
1525 15 1
1525 20 1
1525 57 1
1525 283 1
1526 40 1
1533 9 1
1554 9 1
1561 138 1
1561 1184 1
1597 42 1
1598 9 1
1598 17 1
1598 42 1
1601 5 1
1601 71 1
1601 78 1
1601 489 1
1616 9 1
1668 139 1
1681 7 1
1681 489 1
1731 106 1
1731 148 1
1743 42 1
1746 1181 1
1752 97 1
1754 9 1
1754 25 1
1754 28 1
1754 105 1
1754 144 1
1773 4 1
1773 56 1
1773 57 1
1774 9 1
1781 7 1
1781 40 1
1784 88 1
1787 9 1
1787 17 1
1787 42 1
1787 61 1
1787 102 1
1812 28 1
1812 81 1
1815 64 1
1815 94 1
1815 570 1
1816 105 1
1816 186 1
1824 9 1
1824 288 1
1824 330 1
1837 121 1
1878 103 1
1886 16 1
1893 455 1
1906 195 1
1928 224 1
1937 81 1
1937 82 1
1940 9 1
1942 95 1
1961 333 1
1968 144 1
1989 3 1
1989 64 1
2043 331 1
2053 2317 1
2067 40 1
2074 17 1
2074 42 1
2074 531 1
2079 17 1
2079 558 1
2141 7 1
2170 139 1
2177 9 1
2177 40 1
2190 42 1
2190 639 1
2193 40 1
2200 5 1
2200 42 1
2209 17 1
2223 40 1
2226 9 1
2226 171 1
2228 57 1
2264 139 1
2291 94 1
2292 31 1
2292 57 1
2292 538 1
2292 1601 1
2293 7 1
2293 9 1
2376 5 1
2378 9 1
2388 15 1
2405 324 1
2408 9 1
2413 27 1
2413 57 1
2414 9 1
2464 42 1
2476 3 1
2484 134 1
2507 12 1
2532 42 1
2543 7 1
2575 1291 1
2584 88 1
2609 57 1
2609 105 1
2615 722 1
2618 33 1
2645 139 1
2646 40 1
2652 9 1
2657 10 1
2657 2317 1
2678 12 1
2678 42 1
2682 195 1
2683 42 1
2683 57 1
2713 31 1
2727 102 1
2729 57 1
2806 15 1
2816 57 1
2842 9 1
2844 7 1
2878 40 1
2880 122 1
2880 333 1
2895 40 1
2915 5 1
2917 1017 1
3011 57 1
3041 532 1
3044 31 1
3048 456 1
3058 19 1
3064 28 1
3077 33 1
3092 9 1
3128 9 1
3133 41 1
3146 5 1
3148 40 1
3175 148 1
