3 9 1
3 15 1
3 19 1
3 20 1
3 28 1
3 40 1
3 64 1
3 67 1
3 71 1
3 74 1
3 78 1
3 88 1
3 99 1
3 101 1
3 119 1
3 122 1
3 128 1
3 133 1
3 138 1
3 155 1
3 171 1
3 179 1
3 187 1
3 205 1
3 289 1
3 321 1
3 406 1
3 466 1
3 538 1
3 574 1
3 746 1
3 769 1
3 1014 1
3 1175 1
3 1181 1
3 1554 1
3 1754 1
3 1774 1
3 1989 1
3 2228 1
3 2816 1
4 9 1
4 12 1
4 31 1
4 42 1
4 94 1
4 119 1
4 1027 1
5 3 1
5 7 1
5 17 1
5 31 1
5 40 1
5 47 1
5 57 1
5 71 1
5 78 1
5 81 1
5 82 1
5 94 1
5 97 1
5 102 1
5 119 1
5 122 1
5 134 1
5 138 1
5 155 1
5 179 1
5 187 1
5 221 1
5 280 1
5 281 1
5 287 1
5 291 1
5 303 1
5 333 1
5 364 1
5 370 1
5 393 1
5 405 1
5 422 1
5 456 1
5 457 1
5 473 1
5 511 1
5 539 1
5 627 1
5 678 1
5 893 1
5 943 1
5 954 1
5 977 1
5 1199 1
5 1313 1
5 1445 1
5 1754 1
5 2190 1
5 2917 1
5 3077 1
7 3 1
7 5 1
7 9 1
7 12 1
7 19 1
7 22 1
7 25 1
7 28 1
7 31 1
7 33 1
7 37 1
7 40 1
7 41 1
7 42 1
7 54 1
7 57 1
7 61 1
7 64 1
7 71 1
7 74 1
7 78 1
7 81 1
7 82 1
7 94 1
7 95 1
7 97 1
7 101 1
7 102 1
7 103 1
7 105 1
7 108 1
7 122 1
7 133 1
7 134 1
7 139 1
7 147 1
7 154 1
7 187 1
7 205 1
7 216 1
7 220 1
7 240 1
7 250 1
7 280 1
7 281 1
7 283 1
7 284 1
7 289 1
7 291 1
7 324 1
7 333 1
7 345 1
7 370 1
7 405 1
7 466 1
7 483 1
7 488 1
7 489 1
7 493 1
7 511 1
7 531 1
7 532 1
7 558 1
7 601 1
7 632 1
7 639 1
7 670 1
7 713 1
7 719 1
7 750 1
7 769 1
7 893 1
7 906 1
7 918 1
7 977 1
7 979 1
7 1005 1
7 1012 1
7 1017 1
7 1027 1
7 1035 1
7 1073 1
7 1104 1
7 1184 1
7 1187 1
7 1313 1
7 1479 1
7 1522 1
7 1533 1
7 1773 1
7 1781 1
7 1837 1
7 2200 1
7 2291 1
7 2317 1
7 2618 1
7 2645 1
7 2713 1
7 3133 1
8 9 1
9 3 1
9 5 1
9 7 1
9 10 1
9 11 1
9 12 1
9 15 1
9 17 1
9 19 1
9 20 1
9 22 1
9 25 1
9 28 1
9 29 1
9 31 1
9 37 1
9 40 1
9 47 1
9 58 1
9 78 1
9 82 1
9 83 1
9 84 1
9 87 1
9 94 1
9 95 1
9 99 1
9 102 1
9 106 1
9 119 1
9 121 1
9 133 1
9 138 1
9 144 1
9 174 1
9 195 1
9 205 1
9 236 1
9 240 1
9 248 1
9 252 1
9 280 1
9 281 1
9 283 1
9 284 1
9 287 1
9 289 1
9 291 1
9 330 1
9 331 1
9 333 1
9 346 1
9 378 1
9 393 1
9 422 1
9 442 1
9 493 1
9 511 1
9 531 1
9 532 1
9 576 1
9 594 1
9 601 1
9 627 1
9 632 1
9 639 1
9 654 1
9 670 1
9 685 1
9 696 1
9 702 1
9 746 1
9 852 1
9 893 1
9 943 1
9 948 1
9 954 1
9 959 1
9 985 1
9 991 1
9 1005 1
9 1014 1
9 1027 1
9 1032 1
9 1057 1
9 1064 1
9 1090 1
9 1100 1
9 1127 1
9 1248 1
9 1256 1
9 1291 1
9 1316 1
9 1337 1
9 1362 1
9 1366 1
9 1400 1
9 1598 1
9 1746 1
9 1752 1
9 1754 1
9 1774 1
9 1812 1
9 1815 1
9 1817 1
9 1942 1
9 1961 1
9 1989 1
9 2028 1
9 2074 1
9 2141 1
9 2190 1
9 2193 1
9 2246 1
9 2293 1
9 2413 1
9 2652 1
9 2729 1
9 2842 1
9 2915 1
9 2970 1
9 3048 1
9 3175 1
10 15 1
10 19 1
10 28 1
10 40 1
10 119 1
10 138 1
10 144 1
10 154 1
10 159 1
10 187 1
10 280 1
10 378 1
10 946 1
10 1078 1
10 1106 1
10 1366 1
10 2806 1
11 5 1
11 7 1
11 40 1
11 148 1
12 3 1
12 7 1
12 9 1
12 33 1
12 40 1
12 57 1
12 61 1
12 64 1
12 144 1
12 250 1
12 288 1
12 330 1
12 370 1
12 531 1
12 627 1
12 1526 1
12 1668 1
15 5 1
15 20 1
15 42 1
15 81 1
15 97 1
15 106 1
15 108 1
15 121 1
15 291 1
15 456 1
15 627 1
15 1763 1
15 2053 1
16 5 1
16 9 1
16 28 1
16 82 1
16 87 1
16 122 1
16 148 1
16 639 1
16 893 1
16 910 1
16 1099 1
17 3 1
17 5 1
17 7 1
17 9 1
17 12 1
17 19 1
17 27 1
17 28 1
17 40 1
17 42 1
17 48 1
17 71 1
17 74 1
17 78 1
17 82 1
17 95 1
17 97 1
17 99 1
17 101 1
17 105 1
17 108 1
17 122 1
17 133 1
17 144 1
17 155 1
17 195 1
17 204 1
17 324 1
17 330 1
17 393 1
17 422 1
17 457 1
17 468 1
17 576 1
17 670 1
17 852 1
17 1027 1
17 1773 1
17 1878 1
19 4 1
19 7 1
19 9 1
19 17 1
19 40 1
19 42 1
19 57 1
19 97 1
19 122 1
19 148 1
19 155 1
19 187 1
19 281 1
19 289 1
19 2880 1
20 42 1
20 57 1
20 67 1
20 88 1
20 95 1
20 101 1
20 138 1
20 154 1
20 155 1
20 195 1
20 289 1
20 457 1
20 483 1
20 893 1
20 1012 1
20 1224 1
20 1299 1
21 5 1
22 7 1
22 9 1
22 17 1
22 31 1
22 78 1
22 171 1
25 17 1
25 19 1
25 28 1
25 31 1
25 61 1
25 139 1
25 179 1
25 292 1
25 538 1
25 985 1
27 17 1
27 40 1
27 42 1
27 95 1
27 281 1
27 455 1
27 918 1
28 4 1
28 5 1
28 7 1
28 9 1
28 17 1
28 20 1
28 29 1
28 31 1
28 40 1
28 61 1
28 91 1
28 94 1
28 101 1
28 119 1
28 139 1
28 144 1
28 148 1
28 220 1
28 236 1
28 280 1
28 281 1
28 393 1
28 422 1
28 511 1
28 531 1
28 540 1
28 602 1
28 632 1
28 699 1
28 854 1
28 893 1
28 991 1
28 1103 1
28 1104 1
28 1824 1
29 5 1
29 9 1
29 19 1
29 31 1
29 33 1
29 40 1
29 42 1
29 61 1
29 88 1
29 1043 1
31 3 1
31 5 1
31 7 1
31 9 1
31 10 1
31 15 1
31 20 1
31 28 1
31 40 1
31 57 1
31 78 1
31 84 1
31 88 1
31 95 1
31 101 1
31 102 1
31 105 1
31 119 1
31 138 1
31 205 1
31 236 1
31 281 1
31 287 1
31 288 1
31 639 1
31 948 1
31 1787 1
31 2292 1
31 3064 1
33 5 1
33 7 1
33 9 1
33 10 1
33 11 1
33 19 1
33 27 1
33 28 1
33 31 1
33 40 1
33 74 1
33 84 1
33 88 1
33 95 1
33 105 1
33 122 1
33 250 1
33 346 1
33 483 1
33 769 1
33 1017 1
33 1100 1
33 1261 1
33 2223 1
33 2388 1
36 9 1
36 10 1
36 42 1
36 57 1
36 61 1
36 97 1
36 128 1
36 289 1
37 3 1
37 5 1
37 7 1
37 42 1
37 640 1
40 5 1
40 9 1
40 10 1
40 16 1
40 17 1
40 19 1
40 22 1
40 25 1
40 28 1
40 31 1
40 33 1
40 41 1
40 42 1
40 47 1
40 54 1
40 57 1
40 58 1
40 61 1
40 64 1
40 74 1
40 78 1
40 81 1
40 83 1
40 88 1
40 94 1
40 95 1
40 99 1
40 101 1
40 106 1
40 133 1
40 138 1
40 139 1
40 155 1
40 174 1
40 187 1
40 204 1
40 205 1
40 216 1
40 220 1
40 240 1
40 280 1
40 281 1
40 289 1
40 321 1
40 343 1
40 345 1
40 422 1
40 441 1
40 450 1
40 457 1
40 483 1
40 525 1
40 531 1
40 532 1
40 538 1
40 554 1
40 574 1
40 601 1
40 639 1
40 696 1
40 699 1
40 713 1
40 852 1
40 854 1
40 922 1
40 959 1
40 991 1
40 1014 1
40 1017 1
40 1027 1
40 1078 1
40 1127 1
40 1286 1
40 1291 1
40 1295 1
40 1347 1
40 1598 1
40 1681 1
40 2317 1
40 2507 1
41 5 1
41 9 1
41 15 1
41 17 1
41 19 1
41 25 1
41 27 1
41 28 1
41 58 1
41 78 1
41 88 1
41 102 1
41 119 1
41 133 1
41 138 1
41 148 1
41 155 1
41 195 1
41 288 1
41 746 1
41 750 1
41 910 1
41 943 1
41 1164 1
42 3 1
42 4 1
42 11 1
42 15 1
42 19 1
42 25 1
42 27 1
42 29 1
42 31 1
42 47 1
42 57 1
42 58 1
42 74 1
42 76 1
42 82 1
42 84 1
42 94 1
42 97 1
42 102 1
42 119 1
42 121 1
42 122 1
42 123 1
42 133 1
42 138 1
42 139 1
42 144 1
42 171 1
42 204 1
42 236 1
42 250 1
42 345 1
42 378 1
42 405 1
42 432 1
42 468 1
42 483 1
42 511 1
42 531 1
42 538 1
42 582 1
42 593 1
42 654 1
42 852 1
42 890 1
42 893 1
42 977 1
42 1037 1
42 1313 1
42 1490 1
42 1774 1
42 1968 1
47 17 1
47 57 1
47 102 1
47 148 1
47 280 1
47 442 1
47 531 1
47 572 1
47 1473 1
48 9 1
48 88 1
48 719 1
54 5 1
54 7 1
54 9 1
54 20 1
54 40 1
54 57 1
54 87 1
54 95 1
54 155 1
54 457 1
54 893 1
54 1106 1
54 2236 1
56 9 1
56 370 1
57 4 1
57 5 1
57 15 1
57 17 1
57 20 1
57 22 1
57 29 1
57 56 1
57 60 1
57 67 1
57 74 1
57 78 1
57 83 1
57 91 1
57 94 1
57 101 1
57 102 1
57 138 1
57 144 1
57 174 1
57 205 1
57 248 1
57 283 1
57 316 1
57 450 1
57 456 1
57 489 1
57 532 1
57 539 1
57 554 1
57 570 1
57 593 1
57 713 1
57 747 1
57 769 1
57 893 1
57 943 1
57 956 1
57 1320 1
58 3 1
58 5 1
58 10 1
58 17 1
58 40 1
58 64 1
58 78 1
58 102 1
58 105 1
58 108 1
58 504 1
58 842 1
58 918 1
58 943 1
58 1017 1
58 1525 1
58 2405 1
60 9 1
60 20 1
60 122 1
60 2615 1
61 5 1
61 7 1
61 42 1
61 64 1
61 82 1
61 84 1
61 122 1
61 232 1
61 639 1
61 1027 1
61 1193 1
64 5 1
64 7 1
64 9 1
64 10 1
64 15 1
64 20 1
64 25 1
64 31 1
64 71 1
64 78 1
64 81 1
64 82 1
64 94 1
64 139 1
64 154 1
64 221 1
64 250 1
64 287 1
64 330 1
64 345 1
64 364 1
64 370 1
64 393 1
64 530 1
64 531 1
64 538 1
64 910 1
64 985 1
64 1002 1
64 1027 1
64 1199 1
64 1261 1
67 5 1
67 7 1
67 11 1
67 17 1
67 19 1
67 37 1
67 41 1
67 82 1
67 97 1
67 205 1
67 281 1
67 456 1
67 531 1
67 670 1
67 1445 1
70 9 1
70 42 1
71 28 1
71 40 1
71 41 1
71 106 1
71 3044 1
73 22 1
73 58 1
73 910 1
74 7 1
74 40 1
74 42 1
74 97 1
74 101 1
74 122 1
74 1018 1
76 5 1
76 538 1
76 1291 1
78 5 1
78 7 1
78 10 1
78 17 1
78 19 1
78 25 1
78 31 1
78 33 1
78 41 1
78 42 1
78 58 1
78 82 1
78 91 1
78 95 1
78 99 1
78 101 1
78 119 1
78 122 1
78 148 1
78 281 1
78 531 1
78 574 1
78 1746 1
81 9 1
81 19 1
81 33 1
81 40 1
81 61 1
81 102 1
81 119 1
81 123 1
81 148 1
81 321 1
81 456 1
81 1784 1
81 2543 1
82 7 1
82 9 1
82 15 1
82 17 1
82 22 1
82 37 1
82 40 1
82 42 1
82 60 1
82 78 1
82 81 1
82 94 1
82 106 1
82 133 1
82 144 1
82 422 1
82 525 1
82 747 1
82 1299 1
82 2292 1
83 7 1
83 40 1
83 119 1
83 289 1
85 40 1
85 1100 1
87 3 1
87 41 1
87 42 1
87 57 1
87 139 1
87 186 1
87 994 1
87 1036 1
87 1086 1
87 2507 1
88 5 1
88 9 1
88 10 1
88 12 1
88 22 1
88 25 1
88 42 1
88 81 1
88 94 1
88 97 1
88 106 1
88 121 1
88 179 1
88 289 1
88 345 1
88 422 1
88 572 1
88 702 1
88 746 1
88 769 1
88 890 1
88 893 1
90 3 1
90 57 1
90 95 1
91 5 1
94 3 1
94 7 1
94 9 1
94 25 1
94 33 1
94 41 1
94 42 1
94 85 1
94 122 1
94 133 1
94 195 1
94 216 1
94 221 1
94 252 1
94 289 1
94 393 1
94 1445 1
94 2657 1
95 5 1
95 20 1
95 25 1
95 31 1
95 42 1
95 58 1
95 83 1
95 94 1
95 106 1
95 119 1
95 122 1
95 154 1
95 281 1
95 283 1
95 292 1
95 444 1
95 455 1
95 639 1
95 854 1
95 985 1
95 1012 1
95 1027 1
97 5 1
97 7 1
97 9 1
97 58 1
97 61 1
97 88 1
97 456 1
97 943 1
97 1002 1
97 2657 1
99 7 1
99 9 1
99 10 1
99 17 1
99 21 1
99 25 1
99 28 1
99 57 1
99 78 1
99 81 1
99 119 1
99 122 1
99 133 1
99 289 1
99 291 1
99 504 1
99 574 1
99 2657 1
101 3 1
101 4 1
101 7 1
101 9 1
101 42 1
101 87 1
101 88 1
101 97 1
101 105 1
101 133 1
101 144 1
101 148 1
101 333 1
101 985 1
101 1043 1
101 1106 1
102 4 1
102 5 1
102 7 1
102 12 1
102 40 1
102 41 1
102 95 1
102 105 1
102 139 1
102 148 1
102 333 1
102 442 1
102 531 1
102 722 1
102 1731 1
102 1787 1
102 2292 1
102 2484 1
105 31 1
105 48 1
105 57 1
105 148 1
105 174 1
105 221 1
105 331 1
105 654 1
105 893 1
106 7 1
106 31 1
106 40 1
106 627 1
108 5 1
108 7 1
108 28 1
108 87 1
108 292 1
108 378 1
108 422 1
119 3 1
119 7 1
119 9 1
119 20 1
119 33 1
119 41 1
119 42 1
119 57 1
119 60 1
119 61 1
119 88 1
119 90 1
119 99 1
119 128 1
119 133 1
119 144 1
119 220 1
119 283 1
119 291 1
119 456 1
119 457 1
119 473 1
119 601 1
119 829 1
119 893 1
119 1017 1
119 1127 1
119 1490 1
119 1937 1
119 2170 1
119 2507 1
121 5 1
121 31 1
121 40 1
121 42 1
121 95 1
121 122 1
121 171 1
121 473 1
121 538 1
122 3 1
122 9 1
122 17 1
122 19 1
122 22 1
122 64 1
122 106 1
122 119 1
122 216 1
122 582 1
122 654 1
122 679 1
122 1989 1
123 9 1
123 88 1
128 7 1
128 19 1
128 29 1
128 40 1
128 122 1
128 148 1
128 289 1
128 1754 1
133 3 1
133 5 1
133 9 1
133 17 1
133 42 1
133 47 1
133 78 1
133 82 1
133 94 1
133 97 1
133 236 1
133 639 1
133 1259 1
134 15 1
134 33 1
134 40 1
134 42 1
134 82 1
134 97 1
134 532 1
134 1127 1
134 1320 1
138 3 1
138 29 1
138 61 1
138 94 1
138 174 1
138 283 1
138 316 1
138 574 1
138 954 1
138 1017 1
139 5 1
139 9 1
139 12 1
139 21 1
139 29 1
139 33 1
139 47 1
139 57 1
139 71 1
139 99 1
139 119 1
139 174 1
139 186 1
139 205 1
139 283 1
139 288 1
139 406 1
139 450 1
139 769 1
139 893 1
139 918 1
139 948 1
139 2079 1
139 2678 1
139 3092 1
144 5 1
144 19 1
144 40 1
144 58 1
144 64 1
144 121 1
144 128 1
144 511 1
144 1940 1
147 7 1
147 42 1
147 139 1
147 144 1
148 3 1
148 9 1
148 10 1
148 15 1
148 20 1
148 31 1
148 40 1
148 41 1
148 42 1
148 57 1
148 74 1
148 138 1
148 174 1
148 186 1
148 252 1
148 283 1
148 321 1
148 405 1
148 807 1
148 893 1
148 977 1
148 1072 1
148 1102 1
148 1184 1
148 1347 1
148 1886 1
148 3041 1
154 9 1
154 12 1
154 19 1
154 31 1
154 40 1
154 42 1
154 101 1
154 102 1
154 106 1
154 195 1
154 205 1
154 221 1
154 281 1
154 538 1
154 1014 1
154 1491 1
154 1893 1
155 5 1
155 9 1
155 57 1
155 88 1
155 105 1
155 139 1
155 205 1
155 532 1
155 654 1
155 893 1
171 5 1
171 9 1
171 29 1
171 42 1
171 57 1
171 102 1
171 154 1
171 455 1
171 574 1
174 19 1
174 81 1
174 128 1
179 9 1
179 28 1
179 40 1
179 42 1
179 57 1
179 58 1
179 61 1
179 531 1
179 679 1
186 5 1
186 7 1
186 9 1
186 10 1
186 19 1
186 40 1
186 42 1
186 250 1
186 289 1
187 17 1
187 99 1
187 128 1
187 489 1
187 807 1
195 5 1
195 7 1
195 9 1
195 15 1
195 16 1
195 22 1
195 33 1
195 57 1
195 58 1
195 60 1
195 88 1
195 97 1
195 102 1
195 133 1
195 333 1
195 405 1
195 457 1
195 525 1
195 532 1
195 581 1
195 632 1
195 654 1
195 1005 1
204 9 1
204 893 1
204 1004 1
205 3 1
205 5 1
205 7 1
205 10 1
205 12 1
205 15 1
205 17 1
205 20 1
205 42 1
205 57 1
205 105 1
205 119 1
205 138 1
205 171 1
205 195 1
205 333 1
205 455 1
205 910 1
216 7 1
216 9 1
216 33 1
216 42 1
216 139 1
216 893 1
220 9 1
220 57 1
220 81 1
220 87 1
220 119 1
220 283 1
220 431 1
220 456 1
220 1036 1
220 1089 1
221 5 1
221 9 1
221 17 1
221 33 1
221 40 1
221 61 1
221 119 1
221 216 1
221 324 1
221 2376 1
224 5 1
224 10 1
224 15 1
224 27 1
224 29 1
224 33 1
224 41 1
224 58 1
224 60 1
224 61 1
224 67 1
224 88 1
224 90 1
224 139 1
224 148 1
224 195 1
224 205 1
224 258 1
224 281 1
224 383 1
224 530 1
224 893 1
224 1043 1
224 2264 1
232 121 1
236 5 1
236 7 1
236 33 1
236 87 1
236 174 1
236 281 1
236 532 1
240 22 1
240 29 1
240 31 1
240 42 1
240 61 1
248 7 1
248 144 1
250 9 1
252 7 1
252 280 1
258 9 1
258 15 1
258 40 1
258 95 1
259 9 1
259 19 1
259 57 1
259 58 1
259 61 1
259 64 1
280 11 1
280 15 1
280 40 1
280 102 1
280 953 1
280 1104 1
281 15 1
281 19 1
281 28 1
281 58 1
281 82 1
281 88 1
281 91 1
281 105 1
281 148 1
281 531 1
281 602 1
281 627 1
281 994 1
283 4 1
283 19 1
283 27 1
283 40 1
283 58 1
283 102 1
283 1002 1
283 1100 1
283 1368 1
283 1601 1
283 2657 1
284 47 1
287 138 1
287 205 1
287 1156 1
288 9 1
288 25 1
288 31 1
288 40 1
288 57 1
288 82 1
288 102 1
288 119 1
288 473 1
289 3 1
289 31 1
289 40 1
289 57 1
289 139 1
289 468 1
289 1473 1
291 7 1
291 16 1
291 20 1
291 40 1
291 155 1
291 531 1
291 948 1
292 5 1
292 7 1
292 9 1
292 19 1
292 20 1
292 31 1
292 40 1
292 76 1
292 81 1
292 94 1
292 105 1
292 106 1
292 148 1
292 224 1
292 287 1
292 473 1
292 893 1
292 1043 1
292 1816 1
292 2464 1
296 5 1
303 78 1
303 94 1
303 108 1
303 289 1
303 393 1
303 893 1
303 2678 1
316 9 1
316 10 1
316 20 1
316 25 1
316 31 1
316 33 1
316 54 1
316 101 1
316 119 1
316 121 1
316 205 1
316 289 1
316 457 1
316 1027 1
321 19 1
321 58 1
321 94 1
324 7 1
324 20 1
324 25 1
324 119 1
324 248 1
331 19 1
331 42 1
331 87 1
333 27 1
333 42 1
333 82 1
333 94 1
333 95 1
333 105 1
333 1037 1
338 3 1
338 9 1
338 40 1
338 60 1
338 64 1
343 9 1
343 40 1
343 138 1
343 321 1
343 331 1
345 7 1
345 57 1
345 343 1
346 7 1
346 9 1
346 25 1
346 58 1
346 133 1
346 205 1
361 42 1
361 58 1
361 61 1
361 134 1
364 9 1
364 17 1
364 28 1
364 57 1
364 288 1
364 574 1
370 33 1
370 82 1
370 144 1
370 422 1
378 3 1
378 9 1
378 28 1
378 42 1
378 88 1
378 281 1
382 19 1
382 1336 1
386 1004 1
393 5 1
393 95 1
405 42 1
405 61 1
405 95 1
405 121 1
405 3058 1
406 7 1
406 9 1
406 42 1
406 61 1
406 174 1
422 5 1
422 25 1
422 82 1
422 195 1
431 28 1
431 102 1
431 1078 1
431 1395 1
432 1746 1
441 33 1
441 41 1
441 119 1
442 139 1
442 383 1
442 592 1
444 138 1
444 144 1
444 554 1
444 1184 1
449 3 1
449 17 1
449 2317 1
450 61 1
450 64 1
450 330 1
450 574 1
450 1014 1
455 3 1
455 9 1
455 10 1
455 33 1
455 42 1
455 1601 1
456 7 1
456 40 1
456 102 1
456 119 1
456 378 1
456 893 1
456 1473 1
457 7 1
457 84 1
466 3 1
466 7 1
466 12 1
466 40 1
466 42 1
466 58 1
466 105 1
466 122 1
468 7 1
468 12 1
468 19 1
468 64 1
468 283 1
468 601 1
468 639 1
468 854 1
473 7 1
473 9 1
473 15 1
473 17 1
473 42 1
473 91 1
473 144 1
473 195 1
473 1199 1
481 7 1
488 7 1
488 8 1
488 40 1
488 58 1
488 82 1
489 58 1
489 144 1
493 7 1
493 82 1
493 119 1
493 134 1
493 531 1
493 910 1
511 7 1
511 64 1
511 122 1
511 133 1
525 5 1
525 42 1
525 57 1
530 19 1
530 102 1
531 7 1
531 9 1
531 15 1
531 25 1
531 31 1
531 57 1
531 87 1
531 94 1
531 95 1
531 102 1
531 122 1
531 133 1
531 148 1
531 205 1
531 288 1
531 333 1
531 525 1
531 953 1
531 1300 1
532 9 1
532 95 1
532 102 1
532 283 1
532 654 1
532 991 1
538 7 1
538 9 1
539 7 1
539 40 1
539 702 1
539 985 1
540 3 1
540 9 1
540 10 1
540 40 1
540 41 1
540 42 1
540 57 1
540 58 1
540 61 1
540 122 1
540 221 1
540 531 1
540 639 1
554 9 1
554 17 1
554 148 1
554 807 1
554 893 1
558 28 1
558 40 1
558 139 1
570 221 1
571 17 1
572 3 1
572 5 1
572 9 1
572 10 1
572 40 1
572 42 1
572 57 1
572 78 1
572 95 1
572 105 1
572 139 1
572 174 1
572 205 1
572 468 1
572 1743 1
574 31 1
574 33 1
574 40 1
574 42 1
574 57 1
574 101 1
574 291 1
574 442 1
576 31 1
576 121 1
576 281 1
581 9 1
582 9 1
582 88 1
592 174 1
593 250 1
594 456 1
601 7 1
601 42 1
601 61 1
601 78 1
601 280 1
601 531 1
601 574 1
602 15 1
602 33 1
602 57 1
602 2682 1
627 5 1
627 17 1
627 57 1
627 87 1
627 102 1
627 283 1
627 602 1
632 3 1
632 20 1
632 31 1
632 57 1
639 7 1
639 57 1
639 78 1
639 147 1
639 174 1
639 240 1
639 466 1
639 893 1
640 40 1
640 795 1
654 5 1
654 57 1
654 283 1
654 288 1
654 466 1
670 7 1
670 12 1
670 20 1
670 40 1
670 906 1
670 1184 1
671 57 1
678 9 1
678 57 1
678 134 1
678 250 1
678 281 1
678 574 1
678 948 1
679 33 1
679 40 1
696 57 1
699 27 1
699 48 1
699 57 1
699 769 1
702 19 1
702 154 1
713 9 1
713 58 1
713 383 1
713 558 1
719 3 1
719 9 1
722 148 1
722 750 1
722 893 1
746 9 1
746 19 1
746 87 1
746 102 1
746 893 1
750 3 1
750 20 1
750 133 1
769 9 1
769 25 1
769 42 1
769 105 1
795 33 1
795 42 1
795 57 1
795 128 1
795 220 1
795 382 1
807 19 1
807 58 1
807 87 1
807 94 1
807 102 1
829 9 1
829 19 1
842 78 1
852 9 1
852 40 1
852 41 1
852 57 1
852 155 1
852 289 1
852 713 1
852 722 1
854 9 1
858 42 1
890 19 1
890 57 1
890 504 1
893 5 1
893 20 1
893 119 1
893 538 1
906 769 1
906 1206 1
910 15 1
910 28 1
910 40 1
910 42 1
910 58 1
910 81 1
910 87 1
910 1616 1
910 2226 1
918 7 1
918 9 1
918 15 1
918 33 1
918 97 1
918 186 1
922 138 1
922 574 1
943 9 1
943 42 1
943 174 1
943 303 1
943 601 1
943 1601 1
946 7 1
946 574 1
948 9 1
948 19 1
948 57 1
948 84 1
954 139 1
954 769 1
956 7 1
956 2844 1
959 7 1
959 9 1
959 33 1
959 61 1
959 102 1
959 148 1
977 9 1
977 42 1
977 57 1
977 87 1
977 90 1
977 133 1
977 179 1
979 338 1
979 890 1
985 3 1
985 81 1
985 316 1
985 852 1
991 9 1
991 122 1
994 3 1
994 40 1
1002 5 1
1002 31 1
1004 12 1
1005 9 1
1005 10 1
1005 134 1
1005 205 1
1012 5 1
1012 9 1
1014 42 1
1014 95 1
1014 224 1
1014 432 1
1014 1043 1
1014 2683 1
1017 5 1
1017 57 1
1017 67 1
1017 289 1
1017 316 1
1017 685 1
1018 3 1
1027 9 1
1027 17 1
1027 40 1
1027 42 1
1027 699 1
1032 17 1
1032 31 1
1035 17 1
1035 42 1
1035 99 1
1035 148 1
1035 288 1
1036 7 1
1036 283 1
1036 2476 1
1037 102 1
1043 17 1
1043 40 1
1043 138 1
1043 473 1
1043 1106 1
1057 57 1
1064 9 1
1064 128 1
1071 9 1
1072 9 1
1072 42 1
1072 57 1
1073 42 1
1078 5 1
1078 9 1
1078 40 1
1078 138 1
1078 221 1
1078 1754 1
1089 40 1
1089 1014 1
1090 5 1
1099 78 1
1100 3 1
1100 7 1
1100 42 1
1100 83 1
1100 97 1
1100 171 1
1100 1300 1
1102 7 1
1102 82 1
1102 283 1
1103 5 1
1104 5 1
1104 9 1
1104 538 1
1104 540 1
1106 9 1
1106 84 1
1106 106 1
1106 174 1
1106 2408 1
1115 139 1
1127 40 1
1127 144 1
1127 148 1
1156 5 1
1164 31 1
1164 33 1
1175 1497 1
1184 7 1
1184 9 1
1184 21 1
1184 83 1
1184 405 1
1193 746 1
1199 324 1
1206 61 1
1206 81 1
1206 1784 1
1220 40 1
1220 94 1
1224 40 1
1248 456 1
1255 9 1
1255 42 1
1255 119 1
1256 3 1
1259 87 1
1259 289 1
1259 292 1
1261 283 1
1261 338 1
1291 20 1
1291 910 1
1295 9 1
1299 95 1
1299 101 1
1316 9 1
1320 5 1
1320 405 1
1336 7 1
1336 9 1
1336 12 1
1336 33 1
1336 121 1
1337 40 1
1337 186 1
1347 16 1
1347 19 1
1347 122 1
1361 532 1
1362 5 1
1366 9 1
1366 17 1
1366 406 1
1368 40 1
1395 9 1
1395 393 1
1396 5 1
1396 33 1
1400 57 1
1400 195 1
1428 959 1
1445 58 1
1473 5 1
1473 9 1
1473 28 1
1473 97 1
1473 148 1
1479 40 1
1479 119 1
1490 3 1
1490 58 1
1491 42 1
1497 97 1
1501 40 1
1514 910 1
1522 19 1
1522 41 1
1522 61 1
1525 19 1
1525 205 1
1525 540 1
1525 602 1
1526 9 1
1533 7 1
1554 102 1
1561 33 1
1561 179 1
1597 9 1
1598 88 1
1598 333 1
1598 540 1
1601 9 1
1601 17 1
1601 78 1
1601 121 1
1616 121 1
1668 40 1
1681 28 1
1681 138 1
1731 20 1
1731 40 1
1743 61 1
1746 457 1
1752 57 1
1754 3 1
1754 17 1
1754 28 1
1754 910 1
1754 2378 1
1773 58 1
1773 119 1
1773 333 1
1774 19 1
1781 7 1
1781 90 1
1784 64 1
1787 3 1
1787 17 1
1787 57 1
1787 186 1
1787 2317 1
1812 102 1
1812 316 1
1815 40 1
1815 444 1
1815 601 1
1816 47 1
1816 122 1
1824 5 1
1824 61 1
1824 82 1
1837 16 1
1878 248 1
1886 171 1
1893 7 1
1906 148 1
1928 42 1
1937 9 1
1937 1501 1
1940 17 1
1942 382 1
1961 15 1
1968 28 1
1989 386 1
1989 1396 1
2043 17 1
2053 9 1
2067 5 1
2074 9 1
2074 187 1
2074 1078 1
2079 5 1
2079 102 1
2141 58 1
2170 42 1
2177 9 1
2177 40 1
2190 42 1
2190 1014 1
2193 7 1
2200 42 1
2200 139 1
2209 134 1
2223 40 1
2226 31 1
2226 979 1
2228 102 1
2264 102 1
2291 57 1
2292 5 1
2292 7 1
2292 854 1
2292 1337 1
2293 9 1
2293 1206 1
2376 195 1
2378 205 1
2388 99 1
2405 102 1
2408 9 1
2413 7 1
2413 41 1
2414 531 1
2464 122 1
2476 9 1
2484 40 1
2507 19 1
2532 9 1
2543 155 1
2575 186 1
2584 9 1
2609 99 1
2609 1017 1
2615 122 1
2618 9 1
2645 31 1
2646 174 1
2652 670 1
2657 3 1
2657 95 1
2678 5 1
2678 287 1
2682 42 1
2683 5 1
2683 33 1
2713 281 1
2727 280 1
2729 7 1
2806 41 1
2816 40 1
2842 40 1
2844 33 1
2878 9 1
2880 5 1
2880 40 1
2895 3 1
2915 64 1
2917 58 1
3011 20 1
3041 281 1
3044 893 1
3048 119 1
3058 574 1
3064 61 1
3077 31 1
3092 9 1
3128 148 1
3133 5 1
3146 40 1
3148 101 1
3175 105 1
