3 4 1
3 5 1
3 9 1
3 10 1
3 12 1
3 19 1
3 28 1
3 31 1
3 33 1
3 40 1
3 42 1
3 48 1
3 57 1
3 82 1
3 88 1
3 97 1
3 99 1
3 101 1
3 102 1
3 106 1
3 122 1
3 133 1
3 139 1
3 144 1
3 204 1
3 205 1
3 250 1
3 283 1
3 289 1
3 316 1
3 324 1
3 422 1
3 473 1
3 538 1
3 769 1
3 910 1
3 2317 1
3 2816 1
3 2970 1
3 3041 1
3 3175 1
4 7 1
4 17 1
4 40 1
4 289 1
4 574 1
4 893 1
4 1127 1
5 3 1
5 7 1
5 9 1
5 12 1
5 15 1
5 17 1
5 19 1
5 20 1
5 22 1
5 31 1
5 33 1
5 41 1
5 54 1
5 57 1
5 78 1
5 81 1
5 84 1
5 102 1
5 105 1
5 119 1
5 133 1
5 134 1
5 139 1
5 174 1
5 195 1
5 220 1
5 280 1
5 289 1
5 291 1
5 333 1
5 370 1
5 393 1
5 422 1
5 468 1
5 483 1
5 511 1
5 554 1
5 574 1
5 769 1
5 852 1
5 893 1
5 918 1
5 1027 1
5 1043 1
5 1193 1
5 1199 1
5 1320 1
5 1366 1
5 1497 1
5 2317 1
5 3092 1
7 3 1
7 4 1
7 5 1
7 9 1
7 10 1
7 15 1
7 16 1
7 17 1
7 19 1
7 20 1
7 22 1
7 27 1
7 29 1
7 31 1
7 33 1
7 40 1
7 42 1
7 47 1
7 48 1
7 58 1
7 61 1
7 67 1
7 74 1
7 76 1
7 78 1
7 82 1
7 84 1
7 94 1
7 97 1
7 99 1
7 101 1
7 102 1
7 105 1
7 106 1
7 121 1
7 133 1
7 134 1
7 138 1
7 147 1
7 148 1
7 154 1
7 155 1
7 171 1
7 195 1
7 204 1
7 205 1
7 221 1
7 232 1
7 250 1
7 281 1
7 288 1
7 291 1
7 303 1
7 330 1
7 343 1
7 345 1
7 346 1
7 382 1
7 393 1
7 405 1
7 444 1
7 456 1
7 468 1
7 483 1
7 488 1
7 530 1
7 539 1
7 574 1
7 601 1
7 602 1
7 627 1
7 632 1
7 639 1
7 640 1
7 654 1
7 670 1
7 713 1
7 750 1
7 852 1
7 893 1
7 1002 1
7 1005 1
7 1017 1
7 1027 1
7 1037 1
7 1064 1
7 1089 1
7 1127 1
7 1156 1
7 1184 1
7 1291 1
7 1337 1
7 1445 1
7 1754 1
7 1815 1
7 2074 1
7 2317 1
7 2543 1
7 2657 1
8 3 1
9 3 1
9 7 1
9 10 1
9 12 1
9 15 1
9 16 1
9 17 1
9 19 1
9 20 1
9 22 1
9 25 1
9 27 1
9 28 1
9 29 1
9 31 1
9 33 1
9 41 1
9 58 1
9 61 1
9 74 1
9 78 1
9 81 1
9 82 1
9 83 1
9 84 1
9 87 1
9 88 1
9 91 1
9 94 1
9 97 1
9 99 1
9 102 1
9 105 1
9 106 1
9 121 1
9 128 1
9 133 1
9 138 1
9 144 1
9 155 1
9 159 1
9 179 1
9 186 1
9 195 1
9 205 1
9 216 1
9 220 1
9 221 1
9 236 1
9 250 1
9 252 1
9 287 1
9 289 1
9 321 1
9 333 1
9 378 1
9 383 1
9 393 1
9 405 1
9 422 1
9 431 1
9 441 1
9 457 1
9 466 1
9 489 1
9 493 1
9 504 1
9 531 1
9 532 1
9 538 1
9 574 1
9 581 1
9 594 1
9 601 1
9 602 1
9 632 1
9 639 1
9 654 1
9 679 1
9 719 1
9 746 1
9 769 1
9 829 1
9 842 1
9 852 1
9 854 1
9 893 1
9 910 1
9 943 1
9 948 1
9 953 1
9 959 1
9 985 1
9 991 1
9 1004 1
9 1012 1
9 1027 1
9 1078 1
9 1106 1
9 1127 1
9 1175 1
9 1286 1
9 1313 1
9 1320 1
9 1368 1
9 1395 1
9 1396 1
9 1601 1
9 1668 1
9 1746 1
9 1781 1
9 1784 1
9 1989 1
9 2200 1
9 2228 1
9 2293 1
9 2376 1
9 2405 1
9 2408 1
9 2476 1
9 2678 1
9 2682 1
9 3058 1
10 7 1
10 17 1
10 27 1
10 41 1
10 57 1
10 61 1
10 71 1
10 121 1
10 139 1
10 148 1
10 205 1
10 281 1
10 289 1
10 321 1
10 570 1
10 592 1
10 1313 1
11 5 1
11 7 1
11 94 1
11 292 1
12 3 1
12 7 1
12 9 1
12 10 1
12 15 1
12 31 1
12 40 1
12 58 1
12 81 1
12 82 1
12 97 1
12 119 1
12 138 1
12 174 1
12 281 1
12 1300 1
12 1681 1
15 4 1
15 19 1
15 57 1
15 78 1
15 121 1
15 284 1
15 370 1
15 442 1
15 558 1
15 601 1
15 893 1
15 1014 1
15 2264 1
16 5 1
16 19 1
16 47 1
16 64 1
16 88 1
16 95 1
16 171 1
16 205 1
16 221 1
16 289 1
16 1473 1
17 5 1
17 9 1
17 12 1
17 19 1
17 20 1
17 25 1
17 28 1
17 31 1
17 33 1
17 41 1
17 42 1
17 54 1
17 61 1
17 81 1
17 84 1
17 91 1
17 94 1
17 95 1
17 102 1
17 108 1
17 119 1
17 133 1
17 148 1
17 280 1
17 288 1
17 378 1
17 532 1
17 699 1
17 893 1
17 946 1
17 1027 1
17 1181 1
17 1184 1
17 1316 1
17 1731 1
17 1773 1
17 1940 1
17 2053 1
17 2842 1
19 3 1
19 5 1
19 7 1
19 9 1
19 27 1
19 41 1
19 101 1
19 139 1
19 148 1
19 155 1
19 174 1
19 540 1
19 639 1
19 769 1
19 991 1
20 7 1
20 10 1
20 17 1
20 19 1
20 57 1
20 58 1
20 101 1
20 106 1
20 139 1
20 220 1
20 287 1
20 593 1
20 639 1
20 769 1
20 1347 1
20 1362 1
20 3044 1
21 9 1
22 5 1
22 40 1
22 42 1
22 61 1
22 102 1
22 1206 1
25 5 1
25 41 1
25 102 1
25 280 1
25 283 1
25 457 1
25 466 1
25 685 1
25 977 1
25 1445 1
27 3 1
27 9 1
27 17 1
27 19 1
27 61 1
27 78 1
27 291 1
28 5 1
28 9 1
28 10 1
28 15 1
28 17 1
28 20 1
28 22 1
28 25 1
28 31 1
28 40 1
28 47 1
28 57 1
28 81 1
28 84 1
28 87 1
28 94 1
28 101 1
28 106 1
28 119 1
28 122 1
28 138 1
28 179 1
28 186 1
28 187 1
28 250 1
28 281 1
28 333 1
28 378 1
28 456 1
28 601 1
28 639 1
28 1017 1
28 1078 1
28 1106 1
28 1601 1
29 5 1
29 40 1
29 42 1
29 57 1
29 74 1
29 78 1
29 393 1
29 719 1
29 1184 1
29 1554 1
31 5 1
31 7 1
31 9 1
31 16 1
31 17 1
31 25 1
31 28 1
31 33 1
31 40 1
31 64 1
31 90 1
31 102 1
31 105 1
31 122 1
31 138 1
31 144 1
31 205 1
31 216 1
31 236 1
31 281 1
31 333 1
31 489 1
31 531 1
31 540 1
31 639 1
31 747 1
31 1018 1
31 1164 1
31 2170 1
33 7 1
33 9 1
33 19 1
33 20 1
33 42 1
33 58 1
33 61 1
33 82 1
33 99 1
33 105 1
33 106 1
33 119 1
33 144 1
33 174 1
33 179 1
33 252 1
33 321 1
33 378 1
33 393 1
33 455 1
33 456 1
33 574 1
33 601 1
33 670 1
33 1103 1
36 5 1
36 67 1
36 102 1
36 122 1
36 240 1
36 456 1
36 531 1
36 893 1
37 9 1
37 20 1
37 40 1
37 42 1
37 750 1
40 3 1
40 10 1
40 15 1
40 19 1
40 20 1
40 22 1
40 27 1
40 28 1
40 31 1
40 33 1
40 42 1
40 54 1
40 57 1
40 78 1
40 82 1
40 88 1
40 91 1
40 94 1
40 97 1
40 101 1
40 102 1
40 119 1
40 122 1
40 123 1
40 128 1
40 133 1
40 134 1
40 148 1
40 186 1
40 187 1
40 195 1
40 205 1
40 250 1
40 280 1
40 281 1
40 283 1
40 287 1
40 288 1
40 289 1
40 324 1
40 330 1
40 333 1
40 346 1
40 370 1
40 422 1
40 466 1
40 483 1
40 489 1
40 493 1
40 511 1
40 525 1
40 531 1
40 532 1
40 554 1
40 602 1
40 639 1
40 670 1
40 685 1
40 696 1
40 699 1
40 702 1
40 746 1
40 854 1
40 910 1
40 918 1
40 943 1
40 977 1
40 979 1
40 1027 1
40 1106 1
40 1187 1
40 1291 1
40 1313 1
40 1473 1
40 1526 1
40 1784 1
40 1886 1
40 1989 1
40 2806 1
40 2844 1
41 5 1
41 7 1
41 15 1
41 17 1
41 19 1
41 20 1
41 31 1
41 33 1
41 37 1
41 42 1
41 47 1
41 58 1
41 81 1
41 84 1
41 87 1
41 94 1
41 101 1
41 121 1
41 134 1
41 174 1
41 483 1
41 954 1
41 959 1
41 1754 1
42 4 1
42 5 1
42 9 1
42 17 1
42 20 1
42 25 1
42 28 1
42 29 1
42 31 1
42 37 1
42 57 1
42 58 1
42 74 1
42 82 1
42 83 1
42 85 1
42 94 1
42 95 1
42 97 1
42 99 1
42 121 1
42 128 1
42 133 1
42 138 1
42 144 1
42 148 1
42 187 1
42 205 1
42 280 1
42 291 1
42 405 1
42 530 1
42 532 1
42 538 1
42 593 1
42 654 1
42 852 1
42 906 1
42 948 1
42 1032 1
42 1043 1
42 1078 1
42 1100 1
42 1224 1
42 1366 1
42 1400 1
42 1533 1
42 1754 1
42 2388 1
42 2645 1
42 2657 1
42 3077 1
47 20 1
47 40 1
47 42 1
47 58 1
47 64 1
47 81 1
47 82 1
47 532 1
47 1261 1
48 95 1
48 281 1
48 331 1
54 17 1
54 31 1
54 40 1
54 102 1
54 105 1
54 119 1
54 186 1
54 221 1
54 292 1
54 316 1
54 422 1
54 432 1
54 2615 1
56 33 1
56 179 1
57 5 1
57 7 1
57 11 1
57 17 1
57 29 1
57 31 1
57 33 1
57 41 1
57 82 1
57 102 1
57 138 1
57 155 1
57 205 1
57 281 1
57 283 1
57 291 1
57 324 1
57 383 1
57 455 1
57 531 1
57 539 1
57 554 1
57 574 1
57 582 1
57 627 1
57 632 1
57 702 1
57 956 1
57 991 1
57 1005 1
57 1012 1
57 1043 1
57 1100 1
57 1184 1
57 1479 1
57 1968 1
57 2292 1
57 2464 1
57 2915 1
58 5 1
58 7 1
58 11 1
58 28 1
58 42 1
58 90 1
58 101 1
58 102 1
58 123 1
58 155 1
58 195 1
58 250 1
58 531 1
58 532 1
58 540 1
58 1774 1
58 1961 1
60 17 1
60 42 1
60 88 1
60 1490 1
61 5 1
61 20 1
61 57 1
61 58 1
61 60 1
61 78 1
61 91 1
61 102 1
61 119 1
61 283 1
61 1086 1
64 5 1
64 9 1
64 10 1
64 19 1
64 21 1
64 22 1
64 25 1
64 40 1
64 42 1
64 57 1
64 58 1
64 82 1
64 102 1
64 139 1
64 144 1
64 148 1
64 288 1
64 330 1
64 450 1
64 468 1
64 511 1
64 531 1
64 854 1
64 893 1
64 1043 1
64 1057 1
64 1256 1
64 1598 1
64 2190 1
64 2292 1
64 3064 1
64 3133 1
67 9 1
67 19 1
67 40 1
67 41 1
67 42 1
67 61 1
67 76 1
67 106 1
67 108 1
67 148 1
67 283 1
67 324 1
67 406 1
67 466 1
67 1017 1
70 133 1
70 139 1
71 40 1
71 57 1
71 64 1
71 1017 1
71 1043 1
73 7 1
73 42 1
73 283 1
74 3 1
74 5 1
74 7 1
74 9 1
74 42 1
74 119 1
74 316 1
76 9 1
76 40 1
76 94 1
78 3 1
78 5 1
78 7 1
78 9 1
78 15 1
78 20 1
78 28 1
78 31 1
78 40 1
78 95 1
78 119 1
78 122 1
78 128 1
78 133 1
78 138 1
78 147 1
78 148 1
78 154 1
78 455 1
78 722 1
78 985 1
78 2657 1
78 3048 1
81 3 1
81 22 1
81 40 1
81 41 1
81 42 1
81 119 1
81 133 1
81 144 1
81 187 1
81 283 1
81 330 1
81 442 1
81 985 1
82 7 1
82 9 1
82 40 1
82 42 1
82 78 1
82 81 1
82 87 1
82 94 1
82 119 1
82 139 1
82 154 1
82 236 1
82 280 1
82 281 1
82 289 1
82 456 1
82 504 1
82 985 1
82 1525 1
82 2657 1
83 5 1
83 9 1
83 20 1
83 283 1
85 81 1
85 854 1
87 7 1
87 15 1
87 19 1
87 25 1
87 31 1
87 40 1
87 61 1
87 101 1
87 174 1
87 893 1
88 5 1
88 7 1
88 17 1
88 22 1
88 33 1
88 40 1
88 48 1
88 58 1
88 64 1
88 78 1
88 108 1
88 138 1
88 174 1
88 187 1
88 240 1
88 292 1
88 364 1
88 750 1
88 1036 1
88 1037 1
88 2484 1
88 2917 1
90 3 1
90 5 1
90 139 1
91 1248 1
94 3 1
94 7 1
94 9 1
94 19 1
94 40 1
94 57 1
94 58 1
94 81 1
94 82 1
94 88 1
94 95 1
94 97 1
94 122 1
94 186 1
94 442 1
94 483 1
94 807 1
94 2713 1
95 9 1
95 17 1
95 25 1
95 31 1
95 40 1
95 42 1
95 57 1
95 58 1
95 64 1
95 88 1
95 106 1
95 138 1
95 171 1
95 174 1
95 456 1
95 457 1
95 679 1
95 713 1
95 795 1
95 1522 1
95 1816 1
95 2652 1
97 9 1
97 42 1
97 102 1
97 122 1
97 331 1
97 893 1
97 954 1
97 1090 1
97 1127 1
97 1937 1
99 3 1
99 9 1
99 15 1
99 19 1
99 40 1
99 41 1
99 42 1
99 57 1
99 88 1
99 105 1
99 119 1
99 144 1
99 280 1
99 405 1
99 538 1
99 1199 1
99 1774 1
99 2683 1
101 5 1
101 7 1
101 9 1
101 19 1
101 25 1
101 47 1
101 57 1
101 61 1
101 139 1
101 284 1
101 289 1
101 525 1
101 948 1
101 1206 1
101 1787 1
101 2079 1
102 5 1
102 7 1
102 10 1
102 11 1
102 28 1
102 31 1
102 41 1
102 42 1
102 88 1
102 95 1
102 133 1
102 205 1
102 220 1
102 288 1
102 393 1
102 473 1
102 574 1
102 2291 1
105 15 1
105 16 1
105 31 1
105 74 1
105 94 1
105 95 1
105 101 1
105 393 1
105 1100 1
106 9 1
106 19 1
106 40 1
106 2507 1
108 3 1
108 15 1
108 82 1
108 133 1
108 910 1
108 991 1
108 1336 1
119 7 1
119 15 1
119 28 1
119 29 1
119 40 1
119 42 1
119 57 1
119 61 1
119 78 1
119 82 1
119 83 1
119 88 1
119 94 1
119 97 1
119 99 1
119 105 1
119 128 1
119 144 1
119 155 1
119 195 1
119 281 1
119 283 1
119 345 1
119 378 1
119 422 1
119 531 1
119 670 1
119 769 1
119 893 1
119 910 1
119 2729 1
121 5 1
121 7 1
121 33 1
121 60 1
121 78 1
121 119 1
121 174 1
121 281 1
121 473 1
122 9 1
122 12 1
122 19 1
122 28 1
122 40 1
122 42 1
122 58 1
122 97 1
122 133 1
122 248 1
122 473 1
122 511 1
122 1027 1
123 22 1
123 42 1
128 3 1
128 4 1
128 102 1
128 121 1
128 138 1
128 139 1
128 456 1
128 1837 1
133 3 1
133 5 1
133 7 1
133 27 1
133 64 1
133 78 1
133 95 1
133 102 1
133 108 1
133 138 1
133 333 1
133 948 1
133 2880 1
134 3 1
134 9 1
134 15 1
134 20 1
134 42 1
134 57 1
134 457 1
134 954 1
134 1763 1
138 4 1
138 5 1
138 7 1
138 40 1
138 102 1
138 121 1
138 280 1
138 473 1
138 747 1
138 1989 1
139 7 1
139 9 1
139 33 1
139 40 1
139 42 1
139 47 1
139 57 1
139 61 1
139 74 1
139 83 1
139 87 1
139 88 1
139 95 1
139 108 1
139 171 1
139 289 1
139 345 1
139 457 1
139 532 1
139 574 1
139 922 1
139 1036 1
139 1099 1
139 1473 1
139 2028 1
144 10 1
144 28 1
144 154 1
144 195 1
144 221 1
144 473 1
144 538 1
144 654 1
144 959 1
147 5 1
147 7 1
147 9 1
147 42 1
148 20 1
148 21 1
148 22 1
148 25 1
148 27 1
148 57 1
148 58 1
148 74 1
148 78 1
148 88 1
148 90 1
148 97 1
148 102 1
148 105 1
148 122 1
148 138 1
148 174 1
148 205 1
148 283 1
148 321 1
148 457 1
148 890 1
148 893 1
148 906 1
148 1072 1
148 1291 1
148 1501 1
154 3 1
154 5 1
154 19 1
154 42 1
154 58 1
154 95 1
154 97 1
154 102 1
154 134 1
154 155 1
154 171 1
154 289 1
154 291 1
154 406 1
154 639 1
154 1027 1
154 1300 1
155 5 1
155 9 1
155 12 1
155 31 1
155 40 1
155 88 1
155 364 1
155 769 1
155 918 1
155 1743 1
171 7 1
171 9 1
171 17 1
171 42 1
171 122 1
171 138 1
171 205 1
171 654 1
171 1035 1
174 57 1
174 531 1
174 1490 1
179 15 1
179 40 1
179 57 1
179 67 1
179 94 1
179 106 1
179 144 1
179 148 1
179 252 1
186 3 1
186 57 1
186 128 1
186 221 1
186 281 1
186 457 1
186 531 1
186 627 1
186 893 1
187 7 1
187 9 1
187 654 1
187 699 1
187 1259 1
195 3 1
195 7 1
195 10 1
195 12 1
195 19 1
195 20 1
195 27 1
195 33 1
195 57 1
195 64 1
195 78 1
195 84 1
195 102 1
195 122 1
195 154 1
195 240 1
195 248 1
195 283 1
195 601 1
195 893 1
195 994 1
195 1299 1
195 1347 1
204 9 1
204 88 1
204 1014 1
205 3 1
205 7 1
205 28 1
205 42 1
205 78 1
205 84 1
205 87 1
205 105 1
205 133 1
205 139 1
205 258 1
205 288 1
205 291 1
205 383 1
205 422 1
205 538 1
205 558 1
205 1104 1
216 9 1
216 25 1
216 28 1
216 47 1
216 57 1
216 105 1
220 5 1
220 7 1
220 17 1
220 33 1
220 58 1
220 128 1
220 144 1
220 281 1
220 511 1
220 627 1
221 9 1
221 19 1
221 31 1
221 57 1
221 61 1
221 82 1
221 95 1
221 97 1
221 224 1
221 248 1
224 9 1
224 28 1
224 33 1
224 42 1
224 71 1
224 78 1
224 88 1
224 94 1
224 95 1
224 119 1
224 148 1
224 205 1
224 240 1
224 281 1
224 289 1
224 316 1
224 333 1
224 343 1
224 422 1
224 456 1
224 582 1
224 977 1
224 994 1
224 1014 1
232 9 1
236 5 1
236 10 1
236 101 1
236 148 1
236 511 1
236 1027 1
236 1106 1
240 3 1
240 9 1
240 40 1
240 99 1
240 574 1
248 42 1
248 139 1
250 531 1
252 7 1
252 19 1
258 17 1
258 42 1
258 281 1
258 1337 1
259 9 1
259 12 1
259 40 1
259 78 1
259 83 1
259 893 1
280 19 1
280 42 1
280 57 1
280 61 1
280 248 1
280 330 1
281 3 1
281 5 1
281 17 1
281 29 1
281 33 1
281 40 1
281 81 1
281 105 1
281 119 1
281 122 1
281 204 1
281 289 1
281 531 1
283 5 1
283 9 1
283 17 1
283 41 1
283 94 1
283 95 1
283 138 1
283 186 1
283 236 1
283 287 1
283 1787 1
284 82 1
287 5 1
287 97 1
287 119 1
288 7 1
288 31 1
288 87 1
288 88 1
288 216 1
288 283 1
288 370 1
288 531 1
288 910 1
289 3 1
289 15 1
289 33 1
289 40 1
289 61 1
289 128 1
289 148 1
291 7 1
291 9 1
291 29 1
291 33 1
291 81 1
291 119 1
291 468 1
292 5 1
292 7 1
292 28 1
292 42 1
292 57 1
292 64 1
292 71 1
292 87 1
292 101 1
292 105 1
292 133 1
292 250 1
292 287 1
292 345 1
292 444 1
292 531 1
292 854 1
292 890 1
292 893 1
292 2226 1
296 64 1
303 3 1
303 9 1
303 10 1
303 33 1
303 40 1
303 280 1
303 405 1
316 9 1
316 41 1
316 91 1
316 95 1
316 97 1
316 105 1
316 122 1
316 155 1
316 205 1
316 289 1
316 450 1
316 531 1
316 2190 1
316 2292 1
321 5 1
321 40 1
321 333 1
324 9 1
324 19 1
324 40 1
324 670 1
324 769 1
331 42 1
331 139 1
331 144 1
333 41 1
333 102 1
333 174 1
333 195 1
333 457 1
333 893 1
333 1017 1
338 9 1
338 33 1
338 58 1
338 122 1
338 187 1
343 7 1
343 12 1
343 57 1
343 97 1
343 121 1
345 5 1
345 7 1
345 321 1
346 7 1
346 9 1
346 42 1
346 58 1
346 82 1
346 574 1
361 25 1
361 40 1
361 42 1
361 221 1
364 9 1
364 20 1
364 28 1
364 33 1
364 40 1
364 1746 1
370 9 1
370 102 1
370 205 1
370 2507 1
378 9 1
378 17 1
378 42 1
378 57 1
378 144 1
378 333 1
382 42 1
382 979 1
386 3 1
393 5 1
393 893 1
405 5 1
405 7 1
405 28 1
405 33 1
405 58 1
406 33 1
406 40 1
406 382 1
406 574 1
406 1012 1
422 3 1
422 31 1
422 57 1
422 119 1
431 5 1
431 102 1
431 122 1
431 139 1
432 9 1
441 71 1
441 948 1
441 1774 1
442 19 1
442 57 1
442 95 1
444 9 1
444 57 1
444 60 1
444 220 1
449 81 1
449 122 1
449 393 1
450 5 1
450 9 1
450 10 1
450 31 1
450 42 1
455 9 1
455 40 1
455 41 1
455 42 1
455 281 1
455 943 1
456 5 1
456 40 1
456 82 1
456 572 1
456 943 1
456 1014 1
456 1100 1
457 61 1
457 288 1
466 9 1
466 10 1
466 17 1
466 40 1
466 78 1
466 102 1
466 103 1
466 155 1
468 9 1
468 40 1
468 57 1
468 58 1
468 83 1
468 87 1
468 138 1
468 2618 1
473 7 1
473 10 1
473 40 1
473 42 1
473 60 1
473 148 1
473 632 1
473 1002 1
473 1746 1
481 148 1
488 7 1
488 40 1
488 155 1
488 171 1
488 281 1
489 42 1
489 540 1
493 3 1
493 17 1
493 20 1
493 40 1
493 42 1
493 58 1
511 40 1
511 42 1
511 134 1
511 532 1
525 7 1
525 95 1
525 186 1
530 57 1
530 174 1
531 5 1
531 8 1
531 9 1
531 11 1
531 19 1
531 31 1
531 33 1
531 42 1
531 56 1
531 57 1
531 61 1
531 87 1
531 105 1
531 138 1
531 333 1
531 442 1
531 456 1
531 769 1
531 807 1
532 25 1
532 42 1
532 61 1
532 99 1
532 292 1
532 746 1
538 7 1
538 82 1
539 3 1
539 5 1
539 9 1
539 432 1
540 5 1
540 7 1
540 28 1
540 40 1
540 82 1
540 87 1
540 99 1
540 102 1
540 106 1
540 119 1
540 205 1
540 288 1
540 722 1
554 9 1
554 61 1
554 94 1
554 119 1
554 289 1
558 4 1
558 9 1
558 1017 1
570 7 1
571 148 1
572 5 1
572 9 1
572 19 1
572 37 1
572 40 1
572 57 1
572 67 1
572 78 1
572 82 1
572 94 1
572 99 1
572 303 1
572 1027 1
572 1817 1
572 2141 1
574 9 1
574 25 1
574 64 1
574 94 1
574 195 1
574 531 1
574 696 1
574 893 1
576 71 1
576 122 1
576 405 1
581 31 1
582 42 1
582 195 1
592 3 1
593 133 1
594 58 1
601 7 1
601 60 1
601 81 1
601 627 1
601 1104 1
601 1893 1
601 2223 1
602 78 1
602 746 1
602 893 1
602 1824 1
627 7 1
627 17 1
627 47 1
627 97 1
627 102 1
627 148 1
627 746 1
632 5 1
632 40 1
632 78 1
632 144 1
639 5 1
639 17 1
639 20 1
639 41 1
639 57 1
639 386 1
639 538 1
639 893 1
640 9 1
640 122 1
654 19 1
654 25 1
654 316 1
654 977 1
654 2236 1
670 7 1
670 29 1
670 42 1
670 90 1
670 148 1
670 1754 1
671 890 1
678 9 1
678 17 1
678 19 1
678 42 1
678 171 1
678 572 1
678 910 1
679 338 1
679 627 1
696 58 1
699 9 1
699 19 1
699 713 1
699 918 1
702 5 1
702 7 1
713 21 1
713 40 1
713 119 1
713 122 1
719 42 1
719 576 1
722 5 1
722 42 1
722 121 1
746 7 1
746 15 1
746 31 1
746 40 1
746 370 1
750 15 1
750 17 1
750 406 1
769 28 1
769 61 1
769 95 1
769 179 1
795 5 1
795 17 1
795 19 1
795 20 1
795 33 1
795 61 1
807 9 1
807 40 1
807 154 1
807 602 1
807 1299 1
829 19 1
829 138 1
842 187 1
852 7 1
852 9 1
852 19 1
852 57 1
852 64 1
852 144 1
852 455 1
852 1017 1
854 95 1
858 40 1
890 7 1
890 9 1
890 893 1
893 9 1
893 17 1
893 64 1
893 281 1
906 1878 1
906 2317 1
910 7 1
910 28 1
910 67 1
910 102 1
910 139 1
910 148 1
910 532 1
910 576 1
910 1005 1
918 31 1
918 40 1
918 101 1
918 139 1
918 283 1
918 1199 1
922 7 1
922 525 1
943 10 1
943 40 1
943 57 1
943 58 1
943 457 1
943 639 1
946 3 1
946 33 1
948 31 1
948 40 1
948 42 1
948 910 1
954 7 1
954 57 1
956 3 1
956 119 1
959 3 1
959 9 1
959 19 1
959 97 1
959 122 1
959 985 1
977 7 1
977 9 1
977 40 1
977 94 1
977 119 1
977 148 1
977 1102 1
979 9 1
979 28 1
985 7 1
985 12 1
985 28 1
985 236 1
991 9 1
991 574 1
994 9 1
994 283 1
1002 9 1
1002 64 1
1004 144 1
1005 5 1
1005 7 1
1005 31 1
1005 331 1
1012 3 1
1012 7 1
1014 5 1
1014 9 1
1014 122 1
1014 531 1
1014 713 1
1014 2378 1
1017 9 1
1017 87 1
1017 148 1
1017 174 1
1017 422 1
1017 456 1
1018 538 1
1027 7 1
1027 9 1
1027 40 1
1027 148 1
1027 1942 1
1032 7 1
1032 20 1
1035 9 1
1035 15 1
1035 17 1
1035 31 1
1035 2413 1
1036 9 1
1036 57 1
1036 2246 1
1037 57 1
1043 15 1
1043 74 1
1043 102 1
1043 105 1
1043 1598 1
1057 42 1
1064 7 1
1064 345 1
1071 5 1
1072 61 1
1072 133 1
1072 224 1
1073 9 1
1078 5 1
1078 7 1
1078 9 1
1078 40 1
1078 95 1
1078 119 1
1089 5 1
1089 139 1
1090 9 1
1099 40 1
1100 31 1
1100 33 1
1100 40 1
1100 58 1
1100 289 1
1100 1078 1
1100 1104 1
1102 20 1
1102 40 1
1102 106 1
1103 42 1
1104 7 1
1104 9 1
1104 94 1
1104 122 1
1106 31 1
1106 61 1
1106 133 1
1106 450 1
1106 1014 1
1115 57 1
1127 9 1
1127 504 1
1127 538 1
1156 95 1
1164 3 1
1164 121 1
1175 893 1
1184 5 1
1184 7 1
1184 61 1
1184 216 1
1184 338 1
1193 144 1
1199 280 1
1206 3 1
1206 88 1
1206 574 1
1220 9 1
1220 60 1
1224 1014 1
1248 9 1
1255 9 1
1255 57 1
1255 71 1
1256 1616 1
1259 19 1
1259 1014 1
1259 2507 1
1261 9 1
1261 57 1
1291 9 1
1291 12 1
1295 58 1
1299 9 1
1299 101 1
1316 17 1
1320 283 1
1320 1754 1
1336 16 1
1336 28 1
1336 40 1
1336 910 1
1336 1261 1
1337 20 1
1337 119 1
1347 119 1
1347 155 1
1347 852 1
1361 134 1
1362 9 1
1366 5 1
1366 17 1
1366 61 1
1368 179 1
1395 5 1
1395 95 1
1396 7 1
1396 58 1
1400 19 1
1400 195 1
1428 807 1
1445 139 1
1473 3 1
1473 10 1
1473 42 1
1473 61 1
1473 64 1
1479 9 1
1479 31 1
1490 7 1
1490 57 1
1491 122 1
1497 1004 1
1501 5 1
1514 40 1
1522 9 1
1522 17 1
1522 40 1
1525 42 1
1525 601 1
1525 1491 1
1525 1812 1
1526 1445 1
1533 42 1
1554 9 1
1561 87 1
1561 405 1
1597 119 1
1598 28 1
1598 42 1
1598 88 1
1601 40 1
1601 57 1
1601 174 1
1601 953 1
1616 40 1
1668 42 1
1681 9 1
1681 29 1
1731 57 1
1731 1295 1
1743 281 1
1746 42 1
1752 122 1
1754 9 1
1754 15 1
1754 33 1
1754 42 1
1754 57 1
1773 9 1
1773 25 1
1773 1073 1
1774 57 1
1781 9 1
1781 287 1
1784 221 1
1787 7 1
1787 9 1
1787 42 1
1787 250 1
1787 525 1
1812 7 1
1812 40 1
1815 9 1
1815 102 1
1815 678 1
1816 42 1
1816 205 1
1824 42 1
1824 148 1
1824 654 1
1837 216 1
1878 122 1
1886 121 1
1893 138 1
1906 15 1
1928 40 1
1937 12 1
1937 29 1
1940 1773 1
1942 99 1
1961 205 1
1968 17 1
1989 57 1
1989 58 1
2043 9 1
2053 985 1
2067 5 1
2074 7 1
2074 17 1
2074 101 1
2079 9 1
2079 40 1
2141 10 1
2170 40 1
2177 25 1
2177 2193 1
2190 5 1
2190 893 1
2193 639 1
2200 5 1
2200 94 1
2209 37 1
2223 122 1
2226 5 1
2226 31 1
2228 19 1
2264 40 1
2291 289 1
2292 9 1
2292 25 1
2292 88 1
2292 893 1
2293 3 1
2293 9 1
2376 5 1
2378 95 1
2388 174 1
2405 61 1
2408 1002 1
2413 19 1
2413 538 1
2414 57 1
2464 61 1
2476 119 1
2484 119 1
2507 1752 1
2532 531 1
2543 40 1
2575 11 1
2584 5 1
2609 9 1
2609 82 1
2615 33 1
2618 9 1
2645 9 1
2646 33 1
2652 9 1
2657 9 1
2657 154 1
2678 289 1
2678 1601 1
2682 31 1
2683 5 1
2683 9 1
2713 943 1
2727 87 1
2729 15 1
2806 195 1
2816 702 1
2842 87 1
2844 102 1
2878 9 1
2880 97 1
2880 943 1
2895 12 1
2915 41 1
2917 40 1
3011 2678 1
3041 57 1
3044 12 1
3048 7 1
3058 40 1
3064 893 1
3077 17 1
3092 205 1
3128 148 1
3133 9 1
3146 3 1
3148 58 1
3175 57 1
