3 5 1
3 15 1
3 20 1
3 27 1
3 28 1
3 31 1
3 33 1
3 40 1
3 42 1
3 57 1
3 60 1
3 64 1
3 83 1
3 94 1
3 99 1
3 101 1
3 106 1
3 122 1
3 133 1
3 138 1
3 144 1
3 155 1
3 216 1
3 331 1
3 378 1
3 393 1
3 444 1
3 466 1
3 468 1
3 538 1
3 540 1
3 574 1
3 639 1
3 746 1
3 1127 1
3 1184 1
3 1193 1
3 1313 1
3 1473 1
3 1812 1
3 1942 1
4 7 1
4 40 1
4 57 1
4 97 1
4 405 1
4 531 1
4 954 1
5 3 1
5 7 1
5 12 1
5 15 1
5 16 1
5 29 1
5 31 1
5 33 1
5 37 1
5 41 1
5 42 1
5 48 1
5 57 1
5 58 1
5 74 1
5 78 1
5 84 1
5 94 1
5 99 1
5 102 1
5 105 1
5 106 1
5 133 1
5 138 1
5 258 1
5 289 1
5 324 1
5 338 1
5 343 1
5 405 1
5 406 1
5 422 1
5 441 1
5 457 1
5 525 1
5 531 1
5 538 1
5 574 1
5 601 1
5 654 1
5 852 1
5 893 1
5 1017 1
5 1027 1
5 1078 1
5 1099 1
5 1224 1
5 1598 1
5 2246 1
5 2292 1
5 2880 1
7 3 1
7 4 1
7 5 1
7 9 1
7 11 1
7 12 1
7 17 1
7 19 1
7 20 1
7 21 1
7 22 1
7 27 1
7 28 1
7 29 1
7 31 1
7 37 1
7 42 1
7 47 1
7 60 1
7 61 1
7 64 1
7 67 1
7 78 1
7 81 1
7 84 1
7 88 1
7 95 1
7 97 1
7 101 1
7 102 1
7 105 1
7 106 1
7 108 1
7 119 1
7 122 1
7 133 1
7 134 1
7 138 1
7 147 1
7 171 1
7 204 1
7 205 1
7 216 1
7 221 1
7 280 1
7 281 1
7 283 1
7 289 1
7 291 1
7 333 1
7 378 1
7 386 1
7 422 1
7 450 1
7 455 1
7 466 1
7 473 1
7 483 1
7 488 1
7 493 1
7 504 1
7 511 1
7 530 1
7 531 1
7 532 1
7 538 1
7 593 1
7 602 1
7 627 1
7 696 1
7 713 1
7 750 1
7 769 1
7 807 1
7 893 1
7 948 1
7 985 1
7 991 1
7 1002 1
7 1012 1
7 1014 1
7 1017 1
7 1127 1
7 1206 1
7 1261 1
7 1316 1
7 1337 1
7 1362 1
7 1366 1
7 1491 1
7 1497 1
7 1781 1
7 1961 1
7 2223 1
7 2292 1
7 2543 1
7 2645 1
7 2657 1
7 3048 1
8 195 1
9 4 1
9 5 1
9 7 1
9 10 1
9 11 1
9 16 1
9 17 1
9 19 1
9 20 1
9 22 1
9 25 1
9 27 1
9 28 1
9 29 1
9 31 1
9 47 1
9 54 1
9 57 1
9 58 1
9 61 1
9 74 1
9 78 1
9 82 1
9 84 1
9 85 1
9 90 1
9 94 1
9 95 1
9 97 1
9 105 1
9 106 1
9 108 1
9 119 1
9 121 1
9 122 1
9 123 1
9 133 1
9 138 1
9 154 1
9 155 1
9 179 1
9 186 1
9 195 1
9 204 1
9 216 1
9 236 1
9 240 1
9 250 1
9 281 1
9 283 1
9 287 1
9 289 1
9 291 1
9 292 1
9 321 1
9 333 1
9 343 1
9 345 1
9 378 1
9 393 1
9 422 1
9 432 1
9 442 1
9 456 1
9 483 1
9 511 1
9 532 1
9 538 1
9 570 1
9 574 1
9 576 1
9 592 1
9 627 1
9 632 1
9 639 1
9 654 1
9 670 1
9 699 1
9 713 1
9 719 1
9 722 1
9 746 1
9 750 1
9 852 1
9 854 1
9 893 1
9 910 1
9 918 1
9 922 1
9 959 1
9 977 1
9 985 1
9 991 1
9 1002 1
9 1027 1
9 1032 1
9 1043 1
9 1064 1
9 1072 1
9 1078 1
9 1106 1
9 1127 1
9 1199 1
9 1248 1
9 1259 1
9 1313 1
9 1320 1
9 1400 1
9 1445 1
9 1473 1
9 1479 1
9 1601 1
9 1668 1
9 1754 1
9 2074 1
9 2293 1
9 2388 1
9 2464 1
9 2682 1
9 2844 1
9 2917 1
9 3133 1
9 3175 1
10 5 1
10 40 1
10 57 1
10 87 1
10 102 1
10 108 1
10 133 1
10 283 1
10 330 1
10 457 1
10 532 1
10 627 1
10 943 1
10 1036 1
10 1291 1
10 2053 1
10 2317 1
11 5 1
11 42 1
11 134 1
11 601 1
12 3 1
12 5 1
12 7 1
12 9 1
12 20 1
12 28 1
12 33 1
12 40 1
12 82 1
12 88 1
12 97 1
12 119 1
12 121 1
12 148 1
12 289 1
12 532 1
12 574 1
15 7 1
15 9 1
15 37 1
15 40 1
15 82 1
15 97 1
15 105 1
15 121 1
15 289 1
15 331 1
15 750 1
15 1043 1
15 1395 1
16 12 1
16 31 1
16 82 1
16 83 1
16 97 1
16 139 1
16 144 1
16 174 1
16 283 1
16 333 1
16 2657 1
17 9 1
17 19 1
17 22 1
17 25 1
17 28 1
17 29 1
17 40 1
17 41 1
17 42 1
17 57 1
17 61 1
17 76 1
17 82 1
17 88 1
17 91 1
17 94 1
17 99 1
17 102 1
17 119 1
17 133 1
17 346 1
17 530 1
17 531 1
17 574 1
17 713 1
17 893 1
17 906 1
17 918 1
17 954 1
17 1012 1
17 1018 1
17 1027 1
17 1490 1
17 1754 1
17 1773 1
17 1937 1
17 2170 1
17 2317 1
17 2413 1
19 7 1
19 9 1
19 10 1
19 28 1
19 31 1
19 40 1
19 101 1
19 105 1
19 119 1
19 174 1
19 205 1
19 281 1
19 316 1
19 382 1
19 532 1
20 7 1
20 9 1
20 15 1
20 25 1
20 31 1
20 57 1
20 81 1
20 87 1
20 121 1
20 122 1
20 281 1
20 405 1
20 670 1
20 699 1
20 829 1
20 1106 1
20 2190 1
21 95 1
22 7 1
22 17 1
22 42 1
22 61 1
22 94 1
22 722 1
25 7 1
25 40 1
25 71 1
25 88 1
25 95 1
25 128 1
25 205 1
25 232 1
25 250 1
25 639 1
27 3 1
27 9 1
27 15 1
27 40 1
27 42 1
27 1824 1
27 2200 1
28 3 1
28 5 1
28 7 1
28 9 1
28 15 1
28 17 1
28 19 1
28 25 1
28 40 1
28 41 1
28 61 1
28 64 1
28 101 1
28 128 1
28 133 1
28 144 1
28 148 1
28 155 1
28 171 1
28 174 1
28 216 1
28 236 1
28 281 1
28 289 1
28 321 1
28 531 1
28 538 1
28 539 1
28 639 1
28 893 1
28 1014 1
28 1445 1
28 1763 1
28 1940 1
28 2484 1
29 7 1
29 33 1
29 42 1
29 60 1
29 101 1
29 102 1
29 119 1
29 186 1
29 1104 1
29 1616 1
31 5 1
31 7 1
31 9 1
31 19 1
31 25 1
31 33 1
31 40 1
31 54 1
31 57 1
31 82 1
31 87 1
31 94 1
31 95 1
31 122 1
31 139 1
31 283 1
31 288 1
31 289 1
31 303 1
31 324 1
31 370 1
31 393 1
31 473 1
31 531 1
31 539 1
31 948 1
31 1012 1
31 1017 1
31 1027 1
33 7 1
33 15 1
33 19 1
33 20 1
33 25 1
33 61 1
33 71 1
33 78 1
33 82 1
33 88 1
33 91 1
33 133 1
33 138 1
33 139 1
33 179 1
33 281 1
33 287 1
33 289 1
33 345 1
33 370 1
33 382 1
33 468 1
33 511 1
33 632 1
33 1774 1
36 9 1
36 40 1
36 42 1
36 78 1
36 97 1
36 102 1
36 593 1
36 699 1
37 7 1
37 22 1
37 71 1
37 221 1
37 2970 1
40 3 1
40 7 1
40 8 1
40 16 1
40 17 1
40 19 1
40 20 1
40 28 1
40 31 1
40 37 1
40 41 1
40 42 1
40 57 1
40 58 1
40 61 1
40 64 1
40 78 1
40 83 1
40 84 1
40 88 1
40 94 1
40 102 1
40 108 1
40 119 1
40 122 1
40 133 1
40 134 1
40 138 1
40 139 1
40 144 1
40 174 1
40 186 1
40 216 1
40 220 1
40 236 1
40 283 1
40 289 1
40 291 1
40 303 1
40 316 1
40 345 1
40 378 1
40 405 1
40 456 1
40 466 1
40 511 1
40 531 1
40 538 1
40 574 1
40 581 1
40 594 1
40 632 1
40 670 1
40 769 1
40 795 1
40 852 1
40 890 1
40 893 1
40 948 1
40 953 1
40 977 1
40 991 1
40 994 1
40 1004 1
40 1005 1
40 1014 1
40 1027 1
40 1073 1
40 1181 1
40 1336 1
40 1396 1
40 1525 1
40 1533 1
40 1601 1
40 1746 1
40 1815 1
40 1878 1
40 2236 1
40 2618 1
40 2657 1
41 3 1
41 5 1
41 7 1
41 12 1
41 17 1
41 25 1
41 33 1
41 61 1
41 64 1
41 88 1
41 94 1
41 119 1
41 122 1
41 138 1
41 148 1
41 171 1
41 205 1
41 338 1
41 654 1
41 1014 1
41 1554 1
41 1817 1
41 2729 1
41 2915 1
42 9 1
42 10 1
42 12 1
42 17 1
42 25 1
42 28 1
42 29 1
42 40 1
42 41 1
42 47 1
42 78 1
42 82 1
42 94 1
42 95 1
42 99 1
42 122 1
42 148 1
42 171 1
42 174 1
42 205 1
42 221 1
42 224 1
42 280 1
42 284 1
42 288 1
42 289 1
42 330 1
42 383 1
42 405 1
42 422 1
42 455 1
42 456 1
42 457 1
42 493 1
42 531 1
42 558 1
42 574 1
42 582 1
42 627 1
42 685 1
42 769 1
42 854 1
42 910 1
42 918 1
42 977 1
42 1017 1
42 1027 1
42 1104 1
42 1291 1
42 1320 1
42 1337 1
42 1490 1
47 3 1
47 10 1
47 17 1
47 31 1
47 57 1
47 82 1
47 97 1
47 221 1
47 489 1
48 61 1
48 333 1
48 574 1
54 7 1
54 9 1
54 10 1
54 31 1
54 40 1
54 42 1
54 57 1
54 81 1
54 87 1
54 88 1
54 102 1
54 187 1
54 893 1
56 122 1
56 456 1
57 9 1
57 16 1
57 19 1
57 20 1
57 25 1
57 33 1
57 41 1
57 42 1
57 48 1
57 58 1
57 61 1
57 74 1
57 78 1
57 81 1
57 102 1
57 121 1
57 122 1
57 144 1
57 205 1
57 248 1
57 289 1
57 330 1
57 383 1
57 639 1
57 702 1
57 747 1
57 854 1
57 1037 1
57 1043 1
57 1199 1
57 1256 1
57 1286 1
57 1300 1
57 1743 1
57 1837 1
57 2141 1
57 2264 1
57 2615 1
57 2713 1
58 7 1
58 10 1
58 15 1
58 19 1
58 40 1
58 42 1
58 61 1
58 82 1
58 97 1
58 102 1
58 119 1
58 205 1
58 250 1
58 284 1
58 473 1
58 2476 1
58 2678 1
60 40 1
60 558 1
60 574 1
60 602 1
61 5 1
61 7 1
61 15 1
61 81 1
61 82 1
61 139 1
61 148 1
61 288 1
61 333 1
61 576 1
61 1156 1
64 5 1
64 7 1
64 9 1
64 10 1
64 12 1
64 33 1
64 57 1
64 58 1
64 74 1
64 78 1
64 81 1
64 82 1
64 87 1
64 88 1
64 95 1
64 106 1
64 119 1
64 128 1
64 139 1
64 221 1
64 291 1
64 456 1
64 466 1
64 504 1
64 532 1
64 572 1
64 574 1
64 582 1
64 702 1
64 1043 1
64 1100 1
64 1598 1
67 3 1
67 9 1
67 40 1
67 41 1
67 102 1
67 122 1
67 133 1
67 139 1
67 186 1
67 456 1
67 627 1
67 893 1
67 1027 1
67 1295 1
67 2507 1
70 102 1
70 685 1
71 5 1
71 102 1
71 119 1
71 195 1
71 283 1
73 7 1
73 9 1
73 88 1
74 5 1
74 9 1
74 17 1
74 57 1
74 105 1
74 139 1
74 174 1
76 5 1
76 9 1
76 31 1
78 5 1
78 9 1
78 28 1
78 31 1
78 40 1
78 41 1
78 42 1
78 58 1
78 60 1
78 61 1
78 119 1
78 122 1
78 138 1
78 179 1
78 220 1
78 280 1
78 422 1
78 531 1
78 554 1
78 713 1
78 893 1
78 946 1
78 959 1
81 5 1
81 7 1
81 9 1
81 15 1
81 17 1
81 31 1
81 90 1
81 122 1
81 139 1
81 204 1
81 287 1
81 654 1
81 1005 1
82 3 1
82 9 1
82 17 1
82 25 1
82 31 1
82 40 1
82 41 1
82 57 1
82 58 1
82 78 1
82 99 1
82 102 1
82 119 1
82 221 1
82 236 1
82 252 1
82 281 1
82 346 1
82 1989 1
82 2507 1
83 4 1
83 28 1
83 40 1
83 57 1
85 40 1
85 601 1
87 9 1
87 17 1
87 19 1
87 33 1
87 40 1
87 57 1
87 61 1
87 82 1
87 84 1
87 99 1
88 3 1
88 5 1
88 7 1
88 11 1
88 19 1
88 20 1
88 28 1
88 31 1
88 57 1
88 58 1
88 61 1
88 90 1
88 94 1
88 101 1
88 102 1
88 105 1
88 148 1
88 205 1
88 280 1
88 1184 1
88 1746 1
88 2842 1
90 7 1
90 31 1
90 41 1
91 702 1
94 7 1
94 9 1
94 10 1
94 25 1
94 31 1
94 40 1
94 42 1
94 57 1
94 87 1
94 155 1
94 187 1
94 287 1
94 538 1
94 670 1
94 769 1
94 977 1
94 1681 1
94 1886 1
95 5 1
95 7 1
95 19 1
95 28 1
95 33 1
95 40 1
95 57 1
95 58 1
95 74 1
95 87 1
95 102 1
95 119 1
95 122 1
95 144 1
95 148 1
95 205 1
95 220 1
95 248 1
95 405 1
95 540 1
95 679 1
95 1089 1
97 7 1
97 9 1
97 15 1
97 42 1
97 57 1
97 122 1
97 221 1
97 807 1
97 1773 1
97 3058 1
99 3 1
99 9 1
99 17 1
99 28 1
99 40 1
99 42 1
99 61 1
99 84 1
99 88 1
99 102 1
99 122 1
99 174 1
99 283 1
99 333 1
99 554 1
99 679 1
99 1522 1
99 1784 1
101 3 1
101 7 1
101 9 1
101 20 1
101 42 1
101 58 1
101 71 1
101 78 1
101 81 1
101 122 1
101 133 1
101 138 1
101 281 1
101 696 1
101 943 1
101 1078 1
102 5 1
102 7 1
102 25 1
102 31 1
102 42 1
102 82 1
102 84 1
102 97 1
102 99 1
102 128 1
102 144 1
102 288 1
102 289 1
102 345 1
102 457 1
102 639 1
102 1164 1
102 1731 1
105 42 1
105 58 1
105 87 1
105 91 1
105 119 1
105 205 1
105 281 1
105 483 1
105 2657 1
106 7 1
106 31 1
106 105 1
106 138 1
108 9 1
108 33 1
108 58 1
108 97 1
108 134 1
108 455 1
108 943 1
119 7 1
119 9 1
119 15 1
119 16 1
119 17 1
119 20 1
119 22 1
119 25 1
119 28 1
119 31 1
119 33 1
119 40 1
119 41 1
119 42 1
119 61 1
119 78 1
119 81 1
119 82 1
119 87 1
119 99 1
119 102 1
119 105 1
119 220 1
119 250 1
119 280 1
119 283 1
119 393 1
119 406 1
119 483 1
119 893 1
119 1754 1
121 4 1
121 5 1
121 9 1
121 19 1
121 281 1
121 632 1
121 1014 1
121 1090 1
121 1299 1
122 40 1
122 41 1
122 58 1
122 64 1
122 78 1
122 102 1
122 148 1
122 174 1
122 288 1
122 406 1
122 893 1
122 906 1
122 1368 1
123 7 1
123 2228 1
128 9 1
128 10 1
128 15 1
128 61 1
128 82 1
128 83 1
128 88 1
128 171 1
133 4 1
133 5 1
133 7 1
133 9 1
133 17 1
133 33 1
133 40 1
133 57 1
133 61 1
133 78 1
133 187 1
133 890 1
133 2317 1
134 5 1
134 31 1
134 61 1
134 87 1
134 378 1
134 431 1
134 627 1
134 1501 1
134 2193 1
138 17 1
138 27 1
138 28 1
138 40 1
138 42 1
138 58 1
138 102 1
138 119 1
138 252 1
138 289 1
139 3 1
139 9 1
139 17 1
139 28 1
139 29 1
139 60 1
139 94 1
139 97 1
139 99 1
139 106 1
139 138 1
139 144 1
139 148 1
139 154 1
139 174 1
139 240 1
139 281 1
139 283 1
139 393 1
139 531 1
139 601 1
139 893 1
139 943 1
139 1017 1
139 1968 1
144 4 1
144 5 1
144 33 1
144 56 1
144 58 1
144 67 1
144 289 1
144 473 1
144 1754 1
147 7 1
147 15 1
147 95 1
147 842 1
148 3 1
148 7 1
148 10 1
148 19 1
148 20 1
148 40 1
148 47 1
148 58 1
148 81 1
148 83 1
148 95 1
148 101 1
148 106 1
148 128 1
148 154 1
148 205 1
148 283 1
148 289 1
148 321 1
148 455 1
148 489 1
148 639 1
148 747 1
148 1036 1
148 1043 1
148 1187 1
148 1299 1
154 3 1
154 5 1
154 15 1
154 20 1
154 40 1
154 42 1
154 61 1
154 67 1
154 94 1
154 95 1
154 102 1
154 195 1
154 393 1
154 910 1
154 1014 1
154 2816 1
154 3092 1
155 5 1
155 102 1
155 154 1
155 179 1
155 281 1
155 283 1
155 432 1
155 442 1
155 473 1
155 540 1
171 7 1
171 9 1
171 33 1
171 57 1
171 102 1
171 139 1
171 943 1
171 985 1
171 2292 1
174 5 1
174 22 1
174 57 1
179 5 1
179 17 1
179 27 1
179 94 1
179 102 1
179 148 1
179 852 1
179 1291 1
179 2405 1
186 3 1
186 7 1
186 17 1
186 42 1
186 95 1
186 106 1
186 893 1
186 953 1
186 2376 1
187 9 1
187 31 1
187 138 1
187 956 1
187 1014 1
195 3 1
195 5 1
195 7 1
195 9 1
195 17 1
195 27 1
195 40 1
195 57 1
195 58 1
195 61 1
195 76 1
195 78 1
195 95 1
195 139 1
195 148 1
195 287 1
195 316 1
195 468 1
195 678 1
195 985 1
195 1787 1
195 1989 1
195 2079 1
204 5 1
204 40 1
204 281 1
205 5 1
205 7 1
205 9 1
205 19 1
205 33 1
205 40 1
205 42 1
205 47 1
205 64 1
205 101 1
205 159 1
205 248 1
205 602 1
205 854 1
205 893 1
205 910 1
205 1035 1
205 1206 1
216 9 1
216 57 1
216 58 1
216 133 1
216 144 1
216 670 1
220 3 1
220 5 1
220 9 1
220 40 1
220 102 1
220 128 1
220 155 1
220 187 1
220 333 1
220 1086 1
221 3 1
221 9 1
221 17 1
221 31 1
221 40 1
221 42 1
221 61 1
221 148 1
221 489 1
221 943 1
224 4 1
224 5 1
224 7 1
224 9 1
224 17 1
224 41 1
224 58 1
224 61 1
224 64 1
224 78 1
224 90 1
224 99 1
224 101 1
224 102 1
224 122 1
224 147 1
224 281 1
224 288 1
224 456 1
224 532 1
224 769 1
224 1784 1
224 3041 1
224 3044 1
232 252 1
236 42 1
236 54 1
236 57 1
236 74 1
236 119 1
236 148 1
236 525 1
240 5 1
240 57 1
240 105 1
240 148 1
240 291 1
248 12 1
248 42 1
250 64 1
252 102 1
252 205 1
258 29 1
258 71 1
258 108 1
258 1106 1
259 9 1
259 19 1
259 20 1
259 95 1
259 119 1
259 121 1
280 7 1
280 40 1
280 57 1
280 139 1
280 289 1
280 370 1
281 5 1
281 17 1
281 19 1
281 119 1
281 144 1
281 155 1
281 250 1
281 333 1
281 574 1
281 639 1
281 1103 1
281 1184 1
281 2378 1
283 15 1
283 19 1
283 29 1
283 33 1
283 57 1
283 58 1
283 88 1
283 248 1
283 422 1
283 1893 1
283 2806 1
284 5 1
287 3 1
287 64 1
287 854 1
288 7 1
288 9 1
288 15 1
288 20 1
288 28 1
288 42 1
288 205 1
288 574 1
288 893 1
289 17 1
289 19 1
289 33 1
289 40 1
289 220 1
289 364 1
289 1027 1
291 7 1
291 122 1
291 195 1
291 283 1
291 383 1
291 525 1
291 1078 1
292 10 1
292 12 1
292 15 1
292 17 1
292 19 1
292 20 1
292 22 1
292 31 1
292 42 1
292 57 1
292 119 1
292 122 1
292 133 1
292 205 1
292 224 1
292 345 1
292 422 1
292 654 1
292 746 1
292 1787 1
296 283 1
303 5 1
303 9 1
303 12 1
303 61 1
303 101 1
303 122 1
303 148 1
316 11 1
316 20 1
316 28 1
316 31 1
316 42 1
316 82 1
316 87 1
316 105 1
316 139 1
316 393 1
316 422 1
316 457 1
316 979 1
316 1754 1
321 5 1
321 19 1
321 33 1
324 7 1
324 31 1
324 40 1
324 42 1
324 57 1
331 9 1
331 42 1
331 280 1
333 10 1
333 17 1
333 42 1
333 57 1
333 101 1
333 138 1
333 640 1
338 9 1
338 57 1
338 64 1
338 133 1
338 1057 1
343 3 1
343 9 1
343 57 1
343 102 1
343 324 1
345 40 1
345 280 1
345 330 1
346 31 1
346 82 1
346 138 1
346 333 1
346 1601 1
346 2683 1
361 9 1
361 58 1
361 121 1
361 1100 1
364 5 1
364 9 1
364 20 1
364 74 1
364 87 1
364 893 1
370 64 1
370 155 1
370 639 1
370 1184 1
378 3 1
378 7 1
378 20 1
378 78 1
378 97 1
378 121 1
382 3 1
382 57 1
386 9 1
393 3 1
393 58 1
405 5 1
405 7 1
405 9 1
405 15 1
405 3064 1
406 40 1
406 57 1
406 58 1
406 94 1
406 187 1
422 7 1
422 42 1
422 57 1
422 88 1
431 9 1
431 42 1
431 61 1
431 316 1
432 3 1
441 7 1
441 9 1
441 82 1
442 31 1
442 40 1
442 121 1
444 31 1
444 40 1
444 57 1
444 538 1
449 28 1
449 42 1
449 195 1
450 5 1
450 9 1
450 205 1
450 331 1
450 893 1
455 5 1
455 20 1
455 25 1
455 40 1
455 105 1
455 1347 1
456 7 1
456 17 1
456 42 1
456 148 1
456 195 1
456 601 1
456 1313 1
457 9 1
457 87 1
466 3 1
466 9 1
466 40 1
466 57 1
466 128 1
466 240 1
466 250 1
466 893 1
468 25 1
468 41 1
468 42 1
468 58 1
468 95 1
468 101 1
468 179 1
468 457 1
473 3 1
473 5 1
473 15 1
473 40 1
473 42 1
473 57 1
473 61 1
473 288 1
473 442 1
481 910 1
488 7 1
488 11 1
488 31 1
488 42 1
488 94 1
489 42 1
489 58 1
493 9 1
493 40 1
493 42 1
493 281 1
493 442 1
493 893 1
511 9 1
511 42 1
511 179 1
511 250 1
525 7 1
525 19 1
525 119 1
530 9 1
530 205 1
531 5 1
531 7 1
531 17 1
531 19 1
531 27 1
531 81 1
531 95 1
531 119 1
531 133 1
531 154 1
531 171 1
531 187 1
531 195 1
531 333 1
531 1004 1
531 1017 1
531 1175 1
531 2291 1
531 2652 1
532 9 1
532 91 1
532 139 1
532 171 1
532 574 1
532 893 1
538 57 1
538 133 1
539 42 1
539 74 1
539 119 1
539 1106 1
540 7 1
540 10 1
540 20 1
540 29 1
540 40 1
540 57 1
540 88 1
540 94 1
540 134 1
540 174 1
540 444 1
540 1027 1
540 1102 1
554 7 1
554 9 1
554 119 1
554 531 1
554 1366 1
558 9 1
558 97 1
558 148 1
570 287 1
571 5 1
572 7 1
572 9 1
572 27 1
572 40 1
572 78 1
572 83 1
572 105 1
572 138 1
572 330 1
572 531 1
572 601 1
572 769 1
572 893 1
572 1100 1
572 1127 1
574 9 1
574 94 1
574 139 1
574 148 1
574 205 1
574 370 1
574 654 1
574 1199 1
576 19 1
576 42 1
576 97 1
581 195 1
582 9 1
582 281 1
592 40 1
593 57 1
594 95 1
601 5 1
601 9 1
601 19 1
601 101 1
601 122 1
601 450 1
601 538 1
602 5 1
602 67 1
602 324 1
602 2678 1
627 7 1
627 33 1
627 40 1
627 121 1
627 719 1
627 1816 1
627 3077 1
632 19 1
632 95 1
632 283 1
632 2226 1
639 9 1
639 15 1
639 33 1
639 139 1
639 155 1
639 292 1
639 769 1
639 1037 1
640 9 1
640 105 1
654 3 1
654 97 1
654 187 1
654 483 1
654 807 1
670 7 1
670 33 1
670 40 1
670 456 1
670 910 1
670 1746 1
671 9 1
678 5 1
678 19 1
678 20 1
678 134 1
678 154 1
678 174 1
678 468 1
679 22 1
679 119 1
696 1017 1
699 3 1
699 17 1
699 95 1
699 122 1
702 195 1
702 288 1
713 3 1
713 40 1
713 91 1
713 890 1
719 12 1
719 321 1
722 20 1
722 31 1
722 525 1
746 5 1
746 9 1
746 42 1
746 1989 1
746 2507 1
750 41 1
750 97 1
750 106 1
769 15 1
769 19 1
769 102 1
769 123 1
795 9 1
795 10 1
795 20 1
795 42 1
795 289 1
795 2317 1
807 5 1
807 9 1
807 60 1
807 155 1
807 2190 1
829 9 1
829 42 1
842 9 1
852 5 1
852 7 1
852 9 1
852 25 1
852 42 1
852 101 1
852 155 1
852 1774 1
854 40 1
858 9 1
890 5 1
890 28 1
890 57 1
893 7 1
893 9 1
893 78 1
893 281 1
906 5 1
906 119 1
910 12 1
910 17 1
910 40 1
910 41 1
910 61 1
910 102 1
910 121 1
910 139 1
910 948 1
918 7 1
918 42 1
918 57 1
918 291 1
918 746 1
918 2408 1
922 17 1
922 64 1
943 9 1
943 10 1
943 40 1
943 82 1
943 144 1
943 457 1
946 985 1
946 1526 1
948 5 1
948 7 1
948 9 1
948 28 1
954 10 1
954 174 1
956 5 1
956 82 1
959 5 1
959 10 1
959 19 1
959 40 1
959 78 1
959 121 1
977 19 1
977 42 1
977 78 1
977 81 1
977 122 1
977 186 1
977 769 1
979 9 1
979 994 1
985 22 1
985 58 1
985 144 1
985 473 1
991 40 1
991 148 1
994 9 1
994 42 1
1002 95 1
1002 240 1
1004 25 1
1005 7 1
1005 9 1
1005 40 1
1005 57 1
1012 40 1
1012 58 1
1014 3 1
1014 19 1
1014 47 1
1014 105 1
1014 236 1
1014 289 1
1017 3 1
1017 9 1
1017 21 1
1017 94 1
1017 144 1
1017 316 1
1018 5 1
1027 9 1
1027 17 1
1027 28 1
1027 42 1
1027 95 1
1032 5 1
1032 531 1
1035 5 1
1035 9 1
1035 119 1
1035 144 1
1035 532 1
1036 19 1
1036 554 1
1036 1005 1
1037 148 1
1043 17 1
1043 33 1
1043 101 1
1043 155 1
1043 1300 1
1057 78 1
1064 9 1
1064 42 1
1071 57 1
1072 29 1
1072 531 1
1072 954 1
1073 58 1
1078 5 1
1078 33 1
1078 95 1
1078 186 1
1078 540 1
1078 1002 1
1089 17 1
1089 1774 1
1090 9 1
1099 9 1
1100 9 1
1100 42 1
1100 87 1
1100 144 1
1100 250 1
1100 280 1
1100 893 1
1102 57 1
1102 102 1
1102 746 1
1103 42 1
1104 7 1
1104 9 1
1104 40 1
1104 148 1
1106 7 1
1106 195 1
1106 654 1
1106 893 1
1106 918 1
1115 511 1
1127 7 1
1127 17 1
1127 40 1
1156 893 1
1164 42 1
1164 456 1
1175 174 1
1184 3 1
1184 40 1
1184 87 1
1184 405 1
1184 450 1
1193 33 1
1199 133 1
1206 9 1
1206 31 1
1206 57 1
1220 33 1
1220 504 1
1224 9 1
1248 364 1
1255 10 1
1255 40 1
1255 985 1
1256 17 1
1259 40 1
1259 81 1
1259 893 1
1261 292 1
1261 910 1
1291 3 1
1291 40 1
1295 15 1
1299 42 1
1299 64 1
1316 7 1
1320 40 1
1320 48 1
1336 9 1
1336 19 1
1336 71 1
1336 148 1
1336 221 1
1337 5 1
1337 138 1
1347 9 1
1347 31 1
1347 105 1
1361 5 1
1362 9 1
1366 3 1
1366 7 1
1366 28 1
1368 7 1
1395 88 1
1395 122 1
1396 283 1
1396 1445 1
1400 5 1
1400 58 1
1428 3 1
1445 58 1
1473 7 1
1473 40 1
1473 103 1
1473 948 1
1473 1104 1
1479 88 1
1479 1100 1
1490 3 1
1490 67 1
1491 33 1
1497 532 1
1501 22 1
1514 139 1
1522 9 1
1522 41 1
1522 1752 1
1525 7 1
1525 42 1
1525 119 1
1525 205 1
1526 122 1
1533 40 1
1554 511 1
1561 12 1
1561 40 1
1597 9 1
1598 9 1
1598 1473 1
1598 2028 1
1601 17 1
1601 19 1
1601 28 1
1601 154 1
1616 9 1
1668 42 1
1681 144 1
1681 531 1
1731 19 1
1731 42 1
1743 5 1
1746 102 1
1752 370 1
1754 9 1
1754 84 1
1754 94 1
1754 281 1
1754 422 1
1773 9 1
1773 40 1
1773 1347 1
1774 195 1
1781 7 1
1781 457 1
1784 12 1
1787 57 1
1787 61 1
1787 95 1
1787 119 1
1787 186 1
1812 174 1
1812 852 1
1815 9 1
1815 19 1
1815 57 1
1816 12 1
1816 88 1
1824 19 1
1824 97 1
1824 144 1
1837 25 1
1878 769 1
1886 10 1
1893 21 1
1906 9 1
1928 42 1
1937 5 1
1937 280 1
1940 7 1
1942 9 1
1961 40 1
1968 538 1
1989 19 1
1989 33 1
2043 291 1
2053 292 1
2067 42 1
2074 9 1
2074 40 1
2074 531 1
2079 9 1
2079 148 1
2141 81 1
2170 9 1
2177 9 1
2177 138 1
2190 42 1
2190 88 1
2193 94 1
2200 3 1
2200 40 1
2209 7 1
2223 40 1
2226 531 1
2226 910 1
2228 19 1
2264 174 1
2291 572 1
2292 57 1
2292 134 1
2292 531 1
2292 893 1
2293 9 1
2293 15 1
2376 5 1
2378 5 1
2388 602 1
2405 601 1
2408 148 1
2413 5 1
2413 42 1
2414 95 1
2464 94 1
2476 991 1
2484 81 1
2507 910 1
2532 1261 1
2543 138 1
2575 33 1
2584 133 1
2609 31 1
2609 57 1
2615 639 1
2618 959 1
2645 57 1
2646 9 1
2652 205 1
2657 3 1
2657 119 1
2678 321 1
2678 457 1
2682 47 1
2683 5 1
2683 106 1
2713 28 1
2727 280 1
2729 281 1
2806 9 1
2816 47 1
2842 33 1
2844 128 1
2878 9 1
2880 19 1
2880 42 1
2895 139 1
2915 5 1
2917 20 1
3011 979 1
3041 9 1
3044 9 1
3048 40 1
3058 138 1
3064 64 1
3077 99 1
3092 33 1
3128 393 1
3133 57 1
3146 456 1
3148 106 1
3175 40 1
