3 5 1
3 9 1
3 10 1
3 11 1
3 17 1
3 20 1
3 21 1
3 22 1
3 27 1
3 31 1
3 40 1
3 42 1
3 58 1
3 60 1
3 61 1
3 74 1
3 88 1
3 101 1
3 119 1
3 121 1
3 122 1
3 138 1
3 139 1
3 144 1
3 148 1
3 187 1
3 288 1
3 289 1
3 330 1
3 333 1
3 422 1
3 531 1
3 639 1
3 769 1
3 852 1
3 890 1
3 985 1
3 1027 1
3 1106 1
3 1181 1
3 1286 1
4 5 1
4 7 1
4 15 1
4 95 1
4 531 1
4 956 1
4 1005 1
5 3 1
5 7 1
5 17 1
5 22 1
5 27 1
5 29 1
5 31 1
5 40 1
5 42 1
5 60 1
5 71 1
5 74 1
5 78 1
5 88 1
5 94 1
5 99 1
5 101 1
5 102 1
5 105 1
5 106 1
5 119 1
5 121 1
5 122 1
5 174 1
5 179 1
5 186 1
5 280 1
5 324 1
5 370 1
5 383 1
5 483 1
5 531 1
5 538 1
5 574 1
5 602 1
5 627 1
5 746 1
5 893 1
5 943 1
5 985 1
5 1017 1
5 1018 1
5 1027 1
5 1037 1
5 1103 1
5 1175 1
5 1184 1
5 1320 1
5 1746 1
5 1754 1
5 2713 1
7 4 1
7 5 1
7 9 1
7 17 1
7 19 1
7 25 1
7 27 1
7 28 1
7 29 1
7 31 1
7 33 1
7 40 1
7 41 1
7 42 1
7 56 1
7 58 1
7 60 1
7 61 1
7 64 1
7 74 1
7 78 1
7 81 1
7 82 1
7 90 1
7 94 1
7 97 1
7 101 1
7 102 1
7 103 1
7 121 1
7 122 1
7 133 1
7 134 1
7 138 1
7 144 1
7 155 1
7 171 1
7 174 1
7 179 1
7 195 1
7 280 1
7 281 1
7 288 1
7 303 1
7 345 1
7 346 1
7 393 1
7 405 1
7 422 1
7 450 1
7 455 1
7 457 1
7 466 1
7 488 1
7 489 1
7 531 1
7 532 1
7 539 1
7 554 1
7 574 1
7 601 1
7 627 1
7 632 1
7 639 1
7 654 1
7 670 1
7 702 1
7 746 1
7 769 1
7 807 1
7 852 1
7 854 1
7 893 1
7 918 1
7 943 1
7 946 1
7 948 1
7 977 1
7 985 1
7 994 1
7 1005 1
7 1014 1
7 1017 1
7 1027 1
7 1100 1
7 1127 1
7 1156 1
7 1256 1
7 1291 1
7 1300 1
7 1313 1
7 1337 1
7 1473 1
7 1533 1
7 1817 1
7 2190 1
7 2543 1
7 3048 1
7 3077 1
8 95 1
9 3 1
9 5 1
9 7 1
9 10 1
9 12 1
9 17 1
9 19 1
9 20 1
9 25 1
9 28 1
9 33 1
9 37 1
9 40 1
9 42 1
9 47 1
9 48 1
9 54 1
9 57 1
9 58 1
9 61 1
9 71 1
9 81 1
9 82 1
9 84 1
9 87 1
9 95 1
9 97 1
9 99 1
9 101 1
9 105 1
9 106 1
9 108 1
9 119 1
9 122 1
9 133 1
9 139 1
9 147 1
9 148 1
9 155 1
9 187 1
9 195 1
9 220 1
9 236 1
9 248 1
9 283 1
9 287 1
9 289 1
9 291 1
9 324 1
9 330 1
9 343 1
9 370 1
9 405 1
9 406 1
9 442 1
9 456 1
9 457 1
9 468 1
9 483 1
9 489 1
9 504 1
9 532 1
9 539 1
9 540 1
9 570 1
9 582 1
9 593 1
9 627 1
9 639 1
9 670 1
9 696 1
9 747 1
9 807 1
9 893 1
9 918 1
9 948 1
9 953 1
9 959 1
9 991 1
9 1002 1
9 1004 1
9 1032 1
9 1035 1
9 1064 1
9 1078 1
9 1086 1
9 1099 1
9 1100 1
9 1104 1
9 1127 1
9 1193 1
9 1199 1
9 1259 1
9 1300 1
9 1313 1
9 1316 1
9 1362 1
9 1366 1
9 1395 1
9 1396 1
9 1445 1
9 1473 1
9 1554 1
9 1598 1
9 1601 1
9 1743 1
9 1746 1
9 1781 1
9 1784 1
9 1878 1
9 1989 1
9 2053 1
9 2170 1
9 2190 1
9 2193 1
9 2236 1
9 2292 1
9 2293 1
9 2317 1
9 2408 1
9 2507 1
9 2816 1
9 3092 1
10 9 1
10 28 1
10 40 1
10 94 1
10 95 1
10 133 1
10 134 1
10 155 1
10 288 1
10 289 1
10 422 1
10 457 1
10 473 1
10 572 1
10 601 1
10 699 1
10 1598 1
11 40 1
11 57 1
11 205 1
11 303 1
12 3 1
12 9 1
12 10 1
12 15 1
12 19 1
12 25 1
12 33 1
12 105 1
12 119 1
12 123 1
12 139 1
12 174 1
12 195 1
12 232 1
12 601 1
12 893 1
12 1601 1
15 5 1
15 9 1
15 16 1
15 17 1
15 19 1
15 40 1
15 42 1
15 47 1
15 57 1
15 58 1
15 122 1
15 133 1
15 289 1
16 5 1
16 7 1
16 9 1
16 12 1
16 42 1
16 58 1
16 76 1
16 78 1
16 84 1
16 148 1
16 450 1
17 4 1
17 5 1
17 9 1
17 16 1
17 19 1
17 20 1
17 28 1
17 31 1
17 40 1
17 42 1
17 57 1
17 58 1
17 74 1
17 88 1
17 94 1
17 95 1
17 102 1
17 119 1
17 122 1
17 138 1
17 148 1
17 195 1
17 221 1
17 236 1
17 250 1
17 281 1
17 378 1
17 422 1
17 483 1
17 538 1
17 558 1
17 654 1
17 696 1
17 991 1
17 1057 1
17 1078 1
17 1106 1
17 1184 1
17 2683 1
19 7 1
19 9 1
19 17 1
19 42 1
19 99 1
19 102 1
19 119 1
19 187 1
19 204 1
19 288 1
19 531 1
19 854 1
19 1027 1
19 1043 1
19 1187 1
20 3 1
20 10 1
20 12 1
20 19 1
20 42 1
20 78 1
20 88 1
20 94 1
20 122 1
20 221 1
20 240 1
20 289 1
20 538 1
20 769 1
20 948 1
20 953 1
20 1164 1
21 28 1
22 5 1
22 28 1
22 31 1
22 41 1
22 61 1
22 99 1
25 5 1
25 81 1
25 119 1
25 138 1
25 148 1
25 154 1
25 321 1
25 405 1
25 702 1
25 893 1
27 7 1
27 15 1
27 33 1
27 119 1
27 128 1
27 422 1
27 511 1
28 3 1
28 7 1
28 9 1
28 17 1
28 19 1
28 20 1
28 25 1
28 31 1
28 33 1
28 40 1
28 57 1
28 61 1
28 78 1
28 82 1
28 84 1
28 95 1
28 99 1
28 101 1
28 122 1
28 133 1
28 148 1
28 171 1
28 174 1
28 186 1
28 248 1
28 456 1
28 574 1
28 746 1
28 991 1
28 1017 1
28 1490 1
28 1501 1
28 1525 1
28 1754 1
28 2378 1
29 5 1
29 9 1
29 42 1
29 82 1
29 88 1
29 101 1
29 324 1
29 1014 1
29 1027 1
29 1989 1
31 5 1
31 7 1
31 17 1
31 19 1
31 20 1
31 22 1
31 33 1
31 41 1
31 42 1
31 61 1
31 71 1
31 78 1
31 121 1
31 139 1
31 144 1
31 148 1
31 174 1
31 179 1
31 205 1
31 250 1
31 283 1
31 333 1
31 378 1
31 531 1
31 601 1
31 906 1
31 959 1
31 1491 1
31 1774 1
33 3 1
33 4 1
33 9 1
33 15 1
33 22 1
33 31 1
33 42 1
33 95 1
33 102 1
33 106 1
33 133 1
33 159 1
33 289 1
33 450 1
33 466 1
33 532 1
33 540 1
33 574 1
33 1012 1
33 1017 1
33 1206 1
33 1368 1
33 2079 1
33 2476 1
33 2657 1
36 7 1
36 9 1
36 28 1
36 40 1
36 42 1
36 61 1
36 84 1
36 1320 1
37 5 1
37 7 1
37 40 1
37 58 1
37 280 1
40 3 1
40 5 1
40 9 1
40 16 1
40 17 1
40 20 1
40 25 1
40 29 1
40 37 1
40 41 1
40 42 1
40 57 1
40 60 1
40 61 1
40 64 1
40 71 1
40 74 1
40 78 1
40 82 1
40 83 1
40 84 1
40 94 1
40 97 1
40 99 1
40 102 1
40 105 1
40 106 1
40 108 1
40 119 1
40 121 1
40 122 1
40 128 1
40 138 1
40 147 1
40 174 1
40 186 1
40 195 1
40 205 1
40 216 1
40 250 1
40 289 1
40 316 1
40 330 1
40 345 1
40 346 1
40 370 1
40 378 1
40 393 1
40 457 1
40 468 1
40 493 1
40 504 1
40 511 1
40 530 1
40 532 1
40 538 1
40 574 1
40 627 1
40 639 1
40 654 1
40 679 1
40 854 1
40 943 1
40 954 1
40 959 1
40 985 1
40 991 1
40 1012 1
40 1027 1
40 1036 1
40 1184 1
40 1224 1
40 1490 1
40 1601 1
40 1616 1
40 1763 1
40 1773 1
40 2074 1
40 2615 1
40 2806 1
41 3 1
41 7 1
41 9 1
41 15 1
41 19 1
41 28 1
41 47 1
41 58 1
41 82 1
41 121 1
41 122 1
41 187 1
41 195 1
41 205 1
41 289 1
41 321 1
41 592 1
41 639 1
41 713 1
41 747 1
41 750 1
41 1291 1
41 1337 1
41 2657 1
42 11 1
42 17 1
42 19 1
42 20 1
42 21 1
42 29 1
42 57 1
42 67 1
42 78 1
42 81 1
42 82 1
42 85 1
42 101 1
42 102 1
42 121 1
42 122 1
42 133 1
42 138 1
42 139 1
42 148 1
42 154 1
42 205 1
42 220 1
42 280 1
42 281 1
42 287 1
42 289 1
42 333 1
42 343 1
42 422 1
42 444 1
42 457 1
42 466 1
42 483 1
42 602 1
42 654 1
42 670 1
42 829 1
42 922 1
42 994 1
42 1014 1
42 1043 1
42 1090 1
42 1199 1
42 1261 1
42 1347 1
42 1754 1
42 1773 1
42 2246 1
42 2682 1
42 3133 1
42 3175 1
47 19 1
47 40 1
47 42 1
47 78 1
47 122 1
47 134 1
47 574 1
47 893 1
47 1961 1
48 40 1
48 42 1
48 144 1
54 5 1
54 9 1
54 42 1
54 81 1
54 95 1
54 122 1
54 280 1
54 289 1
54 456 1
54 473 1
54 746 1
54 893 1
54 948 1
56 9 1
56 40 1
57 9 1
57 10 1
57 12 1
57 15 1
57 17 1
57 19 1
57 29 1
57 31 1
57 33 1
57 58 1
57 84 1
57 88 1
57 90 1
57 99 1
57 102 1
57 123 1
57 139 1
57 155 1
57 174 1
57 216 1
57 236 1
57 283 1
57 287 1
57 532 1
57 538 1
57 679 1
57 852 1
57 854 1
57 985 1
57 1002 1
57 1037 1
57 1100 1
57 1497 1
57 1812 1
57 1886 1
57 2317 1
57 2657 1
57 2915 1
57 3044 1
58 7 1
58 10 1
58 19 1
58 20 1
58 25 1
58 28 1
58 33 1
58 40 1
58 82 1
58 122 1
58 139 1
58 281 1
58 283 1
58 284 1
58 525 1
58 769 1
58 1072 1
60 12 1
60 19 1
60 64 1
60 722 1
61 5 1
61 10 1
61 15 1
61 31 1
61 57 1
61 119 1
61 144 1
61 442 1
61 574 1
61 893 1
61 2484 1
64 3 1
64 5 1
64 9 1
64 15 1
64 28 1
64 40 1
64 42 1
64 47 1
64 57 1
64 61 1
64 67 1
64 81 1
64 83 1
64 91 1
64 97 1
64 134 1
64 139 1
64 144 1
64 187 1
64 195 1
64 280 1
64 291 1
64 422 1
64 468 1
64 473 1
64 511 1
64 601 1
64 769 1
64 985 1
64 1816 1
64 1837 1
64 2226 1
67 3 1
67 5 1
67 9 1
67 15 1
67 17 1
67 19 1
67 20 1
67 40 1
67 58 1
67 84 1
67 87 1
67 155 1
67 236 1
67 807 1
67 910 1
70 28 1
70 94 1
71 7 1
71 88 1
71 148 1
71 155 1
71 1106 1
73 17 1
73 87 1
73 1784 1
74 3 1
74 7 1
74 17 1
74 41 1
74 94 1
74 155 1
74 205 1
76 9 1
76 40 1
76 48 1
78 3 1
78 5 1
78 7 1
78 17 1
78 20 1
78 22 1
78 31 1
78 40 1
78 42 1
78 58 1
78 81 1
78 82 1
78 83 1
78 94 1
78 95 1
78 139 1
78 154 1
78 258 1
78 289 1
78 324 1
78 639 1
78 1102 1
78 1815 1
81 3 1
81 5 1
81 15 1
81 33 1
81 40 1
81 42 1
81 57 1
81 121 1
81 171 1
81 205 1
81 288 1
81 532 1
81 769 1
82 7 1
82 9 1
82 10 1
82 31 1
82 40 1
82 41 1
82 42 1
82 61 1
82 78 1
82 81 1
82 87 1
82 91 1
82 119 1
82 134 1
82 148 1
82 174 1
82 221 1
82 386 1
82 685 1
82 2141 1
83 20 1
83 40 1
83 88 1
83 155 1
85 40 1
85 138 1
87 58 1
87 81 1
87 102 1
87 144 1
87 205 1
87 331 1
87 639 1
87 893 1
87 1014 1
87 2388 1
88 3 1
88 12 1
88 25 1
88 28 1
88 33 1
88 40 1
88 42 1
88 97 1
88 99 1
88 106 1
88 121 1
88 281 1
88 456 1
88 531 1
88 639 1
88 654 1
88 842 1
88 893 1
88 910 1
88 1400 1
88 2028 1
88 2292 1
90 10 1
90 102 1
90 122 1
91 750 1
94 7 1
94 9 1
94 25 1
94 31 1
94 40 1
94 42 1
94 57 1
94 61 1
94 102 1
94 121 1
94 138 1
94 221 1
94 248 1
94 281 1
94 333 1
94 456 1
94 893 1
94 1824 1
95 19 1
95 28 1
95 29 1
95 40 1
95 42 1
95 57 1
95 64 1
95 78 1
95 91 1
95 97 1
95 102 1
95 122 1
95 148 1
95 316 1
95 531 1
95 654 1
95 699 1
95 719 1
95 893 1
95 943 1
95 1184 1
95 2200 1
97 5 1
97 7 1
97 9 1
97 12 1
97 25 1
97 31 1
97 40 1
97 90 1
97 94 1
97 2507 1
99 3 1
99 9 1
99 19 1
99 40 1
99 58 1
99 87 1
99 101 1
99 119 1
99 139 1
99 144 1
99 148 1
99 154 1
99 473 1
99 540 1
99 1295 1
99 1299 1
99 2645 1
99 2842 1
101 10 1
101 17 1
101 19 1
101 28 1
101 31 1
101 33 1
101 40 1
101 61 1
101 82 1
101 88 1
101 97 1
101 133 1
101 134 1
101 171 1
101 179 1
101 2729 1
102 5 1
102 7 1
102 10 1
102 19 1
102 22 1
102 25 1
102 41 1
102 67 1
102 94 1
102 289 1
102 316 1
102 574 1
102 576 1
102 593 1
102 632 1
102 1012 1
102 1754 1
102 2464 1
105 7 1
105 15 1
105 19 1
105 57 1
105 119 1
105 205 1
105 281 1
105 574 1
105 893 1
106 9 1
106 20 1
106 42 1
106 58 1
108 3 1
108 9 1
108 20 1
108 33 1
108 95 1
108 105 1
108 119 1
119 3 1
119 9 1
119 12 1
119 19 1
119 22 1
119 27 1
119 28 1
119 33 1
119 40 1
119 42 1
119 64 1
119 71 1
119 74 1
119 82 1
119 122 1
119 133 1
119 138 1
119 148 1
119 292 1
119 321 1
119 338 1
119 383 1
119 493 1
119 531 1
119 532 1
119 538 1
119 554 1
119 601 1
119 893 1
119 2844 1
119 3058 1
121 19 1
121 40 1
121 57 1
121 95 1
121 102 1
121 205 1
121 627 1
121 910 1
121 2223 1
122 5 1
122 9 1
122 33 1
122 40 1
122 61 1
122 138 1
122 148 1
122 248 1
122 333 1
122 406 1
122 442 1
122 538 1
122 3041 1
123 195 1
123 370 1
128 20 1
128 42 1
128 102 1
128 108 1
128 119 1
128 138 1
128 148 1
128 1731 1
133 3 1
133 4 1
133 5 1
133 7 1
133 9 1
133 28 1
133 42 1
133 88 1
133 101 1
133 144 1
133 174 1
133 220 1
133 289 1
134 3 1
134 25 1
134 29 1
134 57 1
134 94 1
134 95 1
134 406 1
134 948 1
134 1004 1
138 5 1
138 9 1
138 19 1
138 31 1
138 42 1
138 54 1
138 78 1
138 236 1
138 250 1
138 321 1
139 4 1
139 11 1
139 17 1
139 40 1
139 61 1
139 87 1
139 95 1
139 102 1
139 105 1
139 128 1
139 186 1
139 224 1
139 316 1
139 525 1
139 530 1
139 558 1
139 574 1
139 576 1
139 627 1
139 713 1
139 893 1
139 910 1
139 2405 1
139 2413 1
139 2657 1
144 9 1
144 27 1
144 42 1
144 58 1
144 60 1
144 95 1
144 139 1
144 654 1
144 893 1
147 9 1
147 205 1
147 280 1
147 977 1
148 7 1
148 12 1
148 20 1
148 22 1
148 33 1
148 40 1
148 57 1
148 58 1
148 83 1
148 88 1
148 90 1
148 94 1
148 97 1
148 99 1
148 139 1
148 155 1
148 195 1
148 288 1
148 393 1
148 422 1
148 441 1
148 504 1
148 531 1
148 532 1
148 1014 1
148 1043 1
148 1073 1
154 5 1
154 9 1
154 15 1
154 19 1
154 31 1
154 87 1
154 88 1
154 119 1
154 205 1
154 284 1
154 431 1
154 468 1
154 511 1
154 554 1
154 893 1
154 1005 1
154 1261 1
155 5 1
155 7 1
155 17 1
155 20 1
155 64 1
155 94 1
155 101 1
155 632 1
155 1893 1
155 1989 1
171 7 1
171 9 1
171 31 1
171 61 1
171 102 1
171 105 1
171 106 1
171 283 1
171 893 1
174 9 1
174 333 1
174 378 1
179 16 1
179 42 1
179 87 1
179 94 1
179 155 1
179 455 1
179 456 1
179 574 1
179 1668 1
186 9 1
186 33 1
186 57 1
186 82 1
186 97 1
186 101 1
186 119 1
186 122 1
186 393 1
187 33 1
187 61 1
187 119 1
187 283 1
187 333 1
195 5 1
195 9 1
195 15 1
195 19 1
195 28 1
195 33 1
195 78 1
195 88 1
195 95 1
195 97 1
195 102 1
195 128 1
195 138 1
195 139 1
195 281 1
195 283 1
195 287 1
195 345 1
195 455 1
195 457 1
195 582 1
195 1473 1
195 2317 1
204 9 1
204 33 1
204 40 1
205 5 1
205 9 1
205 19 1
205 33 1
205 40 1
205 41 1
205 42 1
205 57 1
205 76 1
205 97 1
205 101 1
205 106 1
205 148 1
205 291 1
205 338 1
205 393 1
205 489 1
205 854 1
216 3 1
216 5 1
216 40 1
216 205 1
216 281 1
216 370 1
220 3 1
220 5 1
220 17 1
220 42 1
220 57 1
220 134 1
220 283 1
220 333 1
220 405 1
220 685 1
221 9 1
221 10 1
221 17 1
221 58 1
221 171 1
221 186 1
221 581 1
221 769 1
221 918 1
221 2317 1
224 3 1
224 12 1
224 19 1
224 37 1
224 40 1
224 47 1
224 57 1
224 61 1
224 88 1
224 97 1
224 106 1
224 174 1
224 289 1
224 432 1
224 444 1
224 532 1
224 574 1
224 602 1
224 722 1
224 977 1
224 1199 1
224 1336 1
224 1522 1
224 2917 1
232 1206 1
236 25 1
236 33 1
236 40 1
236 42 1
236 106 1
236 128 1
236 289 1
240 5 1
240 27 1
240 33 1
240 40 1
240 133 1
248 5 1
248 40 1
250 943 1
252 33 1
252 64 1
258 3 1
258 5 1
258 9 1
258 17 1
259 5 1
259 9 1
259 40 1
259 41 1
259 61 1
259 174 1
280 5 1
280 31 1
280 74 1
280 82 1
280 88 1
280 1027 1
281 9 1
281 31 1
281 33 1
281 40 1
281 57 1
281 58 1
281 105 1
281 144 1
281 174 1
281 252 1
281 457 1
281 1002 1
281 1754 1
283 28 1
283 40 1
283 82 1
283 122 1
283 133 1
283 280 1
283 333 1
283 432 1
283 457 1
283 918 1
283 1017 1
284 42 1
287 5 1
287 40 1
287 2678 1
288 3 1
288 15 1
288 20 1
288 57 1
288 82 1
288 106 1
288 179 1
288 292 1
288 713 1
289 41 1
289 64 1
289 133 1
289 138 1
289 240 1
289 719 1
289 2292 1
291 5 1
291 7 1
291 9 1
291 40 1
291 42 1
291 57 1
291 102 1
292 9 1
292 17 1
292 29 1
292 41 1
292 42 1
292 58 1
292 61 1
292 64 1
292 82 1
292 87 1
292 88 1
292 97 1
292 105 1
292 133 1
292 252 1
292 364 1
292 456 1
292 746 1
292 1078 1
292 1299 1
296 42 1
303 3 1
303 9 1
303 22 1
303 40 1
303 119 1
303 139 1
303 1106 1
316 7 1
316 9 1
316 19 1
316 28 1
316 31 1
316 64 1
316 78 1
316 148 1
316 221 1
316 283 1
316 330 1
316 483 1
316 893 1
316 910 1
321 17 1
321 40 1
321 289 1
324 5 1
324 31 1
324 81 1
324 105 1
324 1127 1
331 7 1
331 57 1
331 291 1
333 7 1
333 12 1
333 15 1
333 19 1
333 40 1
333 91 1
333 910 1
338 20 1
338 40 1
338 57 1
338 139 1
338 1787 1
343 15 1
343 42 1
343 102 1
343 281 1
343 639 1
345 40 1
345 64 1
345 574 1
346 7 1
346 9 1
346 19 1
346 122 1
346 456 1
346 670 1
361 9 1
361 10 1
361 19 1
361 82 1
364 5 1
364 12 1
364 15 1
364 42 1
364 148 1
364 422 1
370 58 1
370 95 1
370 1014 1
370 2507 1
378 9 1
378 31 1
378 40 1
378 57 1
378 250 1
378 287 1
382 281 1
382 769 1
386 47 1
393 7 1
393 101 1
405 7 1
405 40 1
405 148 1
405 292 1
405 1089 1
406 40 1
406 61 1
406 204 1
406 702 1
406 1445 1
422 5 1
422 7 1
422 42 1
422 57 1
431 7 1
431 97 1
431 852 1
431 1681 1
432 102 1
441 5 1
441 9 1
441 40 1
442 7 1
442 33 1
442 40 1
444 40 1
444 57 1
444 144 1
444 331 1
449 9 1
449 119 1
449 128 1
450 5 1
450 139 1
450 540 1
450 890 1
450 1043 1
455 9 1
455 20 1
455 33 1
455 41 1
455 58 1
455 138 1
456 7 1
456 9 1
456 10 1
456 29 1
456 42 1
456 58 1
456 97 1
457 57 1
457 174 1
466 3 1
466 7 1
466 9 1
466 42 1
466 57 1
466 58 1
466 1942 1
466 2678 1
468 4 1
468 7 1
468 95 1
468 102 1
468 121 1
468 281 1
468 531 1
468 977 1
473 3 1
473 9 1
473 42 1
473 57 1
473 128 1
473 283 1
473 292 1
473 531 1
473 1043 1
481 3 1
488 7 1
488 9 1
488 67 1
488 531 1
488 640 1
489 88 1
489 221 1
493 7 1
493 9 1
493 33 1
493 40 1
493 42 1
493 144 1
511 25 1
511 40 1
511 57 1
511 174 1
525 9 1
525 601 1
525 1968 1
530 9 1
530 42 1
531 7 1
531 9 1
531 17 1
531 31 1
531 40 1
531 42 1
531 57 1
531 64 1
531 74 1
531 78 1
531 119 1
531 133 1
531 139 1
531 171 1
531 216 1
531 393 1
531 1017 1
531 1027 1
531 1479 1
532 7 1
532 19 1
532 78 1
532 105 1
532 221 1
532 893 1
538 22 1
538 1937 1
539 5 1
539 17 1
539 47 1
539 119 1
540 7 1
540 17 1
540 40 1
540 57 1
540 102 1
540 144 1
540 186 1
540 205 1
540 240 1
540 382 1
540 442 1
540 594 1
540 2618 1
554 3 1
554 9 1
554 102 1
554 205 1
554 1017 1
558 9 1
558 122 1
558 1366 1
570 95 1
571 195 1
572 7 1
572 9 1
572 17 1
572 33 1
572 42 1
572 57 1
572 67 1
572 78 1
572 83 1
572 87 1
572 91 1
572 119 1
572 281 1
572 457 1
572 910 1
574 5 1
574 10 1
574 17 1
574 57 1
574 94 1
574 144 1
574 155 1
574 378 1
576 5 1
576 81 1
576 331 1
581 330 1
582 5 1
582 42 1
592 101 1
593 281 1
594 333 1
601 7 1
601 9 1
601 40 1
601 58 1
601 148 1
601 538 1
601 2880 1
602 3 1
602 17 1
602 29 1
602 58 1
627 7 1
627 20 1
627 87 1
627 119 1
627 393 1
627 1127 1
627 1445 1
632 31 1
632 82 1
632 99 1
632 105 1
639 7 1
639 10 1
639 121 1
639 205 1
639 283 1
639 405 1
639 1347 1
639 2228 1
640 57 1
640 3064 1
654 5 1
654 83 1
654 94 1
654 473 1
654 1104 1
670 7 1
670 17 1
670 31 1
670 81 1
670 102 1
670 511 1
671 9 1
678 3 1
678 11 1
678 19 1
678 94 1
678 105 1
678 138 1
678 1313 1
679 11 1
679 60 1
696 910 1
699 9 1
699 57 1
699 195 1
699 364 1
702 9 1
702 40 1
713 9 1
713 94 1
713 102 1
713 221 1
719 105 1
719 750 1
722 7 1
722 119 1
722 906 1
746 7 1
746 78 1
746 87 1
746 119 1
746 174 1
750 5 1
750 9 1
750 19 1
769 12 1
769 16 1
769 40 1
769 893 1
795 3 1
795 7 1
795 9 1
795 61 1
795 97 1
795 979 1
807 3 1
807 15 1
807 64 1
807 291 1
807 345 1
829 9 1
829 31 1
842 5 1
852 3 1
852 7 1
852 33 1
852 42 1
852 102 1
852 186 1
852 250 1
852 954 1
854 119 1
858 20 1
890 9 1
890 31 1
890 57 1
893 9 1
893 54 1
893 94 1
893 108 1
906 7 1
906 9 1
910 5 1
910 7 1
910 9 1
910 19 1
910 40 1
910 41 1
910 144 1
910 405 1
910 769 1
918 9 1
918 40 1
918 95 1
918 148 1
918 216 1
918 316 1
922 9 1
922 102 1
943 7 1
943 82 1
943 345 1
943 531 1
943 602 1
943 1787 1
946 27 1
946 466 1
948 9 1
948 25 1
948 42 1
948 61 1
954 57 1
954 148 1
956 15 1
956 1291 1
959 5 1
959 9 1
959 19 1
959 42 1
959 105 1
959 154 1
977 7 1
977 9 1
977 58 1
977 101 1
977 283 1
977 1100 1
977 2970 1
979 250 1
979 1526 1
985 28 1
985 321 1
985 531 1
985 639 1
991 9 1
991 128 1
994 61 1
994 122 1
1002 5 1
1002 678 1
1004 41 1
1005 7 1
1005 15 1
1005 87 1
1005 287 1
1012 42 1
1012 57 1
1014 3 1
1014 17 1
1014 25 1
1014 31 1
1014 57 1
1014 2652 1
1017 9 1
1017 19 1
1017 40 1
1017 57 1
1017 64 1
1017 195 1
1018 7 1
1027 3 1
1027 5 1
1027 7 1
1027 204 1
1027 291 1
1032 7 1
1032 21 1
1035 7 1
1035 41 1
1035 133 1
1035 148 1
1035 890 1
1036 8 1
1036 17 1
1036 42 1
1037 456 1
1043 9 1
1043 10 1
1043 28 1
1043 40 1
1043 456 1
1057 15 1
1064 9 1
1064 87 1
1071 572 1
1072 28 1
1072 82 1
1072 205 1
1073 48 1
1078 5 1
1078 17 1
1078 33 1
1078 47 1
1078 81 1
1078 382 1
1089 10 1
1089 154 1
1090 531 1
1099 102 1
1100 15 1
1100 42 1
1100 61 1
1100 64 1
1100 119 1
1100 179 1
1100 670 1
1102 9 1
1102 31 1
1102 1940 1
1103 7 1
1104 28 1
1104 78 1
1104 538 1
1104 979 1
1106 9 1
1106 40 1
1106 138 1
1106 1746 1
1106 2291 1
1115 58 1
1127 7 1
1127 61 1
1127 252 1
1156 31 1
1164 40 1
1164 205 1
1175 17 1
1184 3 1
1184 17 1
1184 57 1
1184 144 1
1184 280 1
1193 57 1
1199 5 1
1206 9 1
1206 28 1
1206 57 1
1220 139 1
1220 283 1
1224 9 1
1248 250 1
1255 5 1
1255 9 1
1255 538 1
1256 42 1
1259 148 1
1259 1104 1
1259 1248 1
1261 95 1
1261 893 1
1291 31 1
1291 57 1
1295 133 1
1299 9 1
1299 283 1
1316 9 1
1320 57 1
1320 122 1
1336 5 1
1336 9 1
1336 10 1
1336 240 1
1336 2376 1
1337 40 1
1337 144 1
1347 28 1
1347 40 1
1347 106 1
1361 5 1
1362 7 1
1366 9 1
1366 102 1
1366 893 1
1368 531 1
1395 42 1
1395 57 1
1396 25 1
1396 31 1
1400 7 1
1400 9 1
1428 1027 1
1445 281 1
1473 5 1
1473 17 1
1473 281 1
1473 383 1
1473 1752 1
1479 187 1
1479 1078 1
1490 5 1
1490 108 1
1491 7 1
1497 9 1
1501 133 1
1514 105 1
1522 33 1
1522 42 1
1522 281 1
1525 37 1
1525 95 1
1525 138 1
1525 2264 1
1526 5 1
1533 7 1
1554 82 1
1561 5 1
1561 525 1
1597 7 1
1598 17 1
1598 61 1
1598 119 1
1601 5 1
1601 7 1
1601 57 1
1601 58 1
1616 102 1
1668 99 1
1681 3 1
1681 7 1
1731 9 1
1731 19 1
1743 12 1
1746 119 1
1752 5 1
1754 7 1
1754 42 1
1754 95 1
1754 216 1
1754 525 1
1773 5 1
1773 9 1
1773 87 1
1774 20 1
1781 9 1
1781 393 1
1784 95 1
1787 19 1
1787 25 1
1787 138 1
1787 154 1
1787 1774 1
1812 41 1
1812 97 1
1815 9 1
1815 122 1
1815 289 1
1816 9 1
1816 78 1
1824 7 1
1824 15 1
1824 42 1
1837 31 1
1878 139 1
1886 283 1
1893 280 1
1906 1036 1
1928 42 1
1937 9 1
1937 94 1
1940 5 1
1942 42 1
1961 852 1
1968 9 1
1989 40 1
1989 713 1
2043 20 1
2053 289 1
2067 531 1
2074 9 1
2074 40 1
2074 220 1
2079 40 1
2079 138 1
2141 40 1
2170 78 1
2177 9 1
2177 205 1
2190 5 1
2190 281 1
2193 25 1
2200 19 1
2200 78 1
2209 84 1
2223 88 1
2226 3 1
2226 220 1
2228 288 1
2264 954 1
2291 893 1
2292 41 1
2292 42 1
2292 281 1
2292 943 1
2293 9 1
2293 20 1
2376 97 1
2378 187 1
2388 58 1
2405 5 1
2408 57 1
2413 9 1
2413 57 1
2414 291 1
2464 27 1
2476 5 1
2484 455 1
2507 893 1
2532 1014 1
2543 122 1
2575 473 1
2584 42 1
2609 9 1
2609 61 1
2615 71 1
2618 102 1
2645 58 1
2646 9 1
2652 57 1
2657 42 1
2657 1774 1
2678 57 1
2678 224 1
2682 31 1
2683 4 1
2683 57 1
2713 9 1
2727 40 1
2729 699 1
2806 288 1
2816 133 1
2842 795 1
2844 9 1
2878 171 1
2880 7 1
2880 283 1
2895 42 1
2915 88 1
2917 9 1
3011 9 1
3041 511 1
3044 61 1
3048 632 1
3058 81 1
3064 3 1
3077 102 1
3092 405 1
3128 7 1
3133 910 1
3146 122 1
3148 42 1
3175 893 1
