3 9 1
3 10 1
3 12 1
3 17 1
3 19 1
3 22 1
3 25 1
3 27 1
3 31 1
3 40 1
3 41 1
3 42 1
3 71 1
3 87 1
3 88 1
3 99 1
3 119 1
3 121 1
3 138 1
3 179 1
3 291 1
3 292 1
3 330 1
3 386 1
3 406 1
3 456 1
3 457 1
3 473 1
3 504 1
3 531 1
3 581 1
3 602 1
3 685 1
3 852 1
3 893 1
3 1017 1
3 1100 1
3 1127 1
3 1362 1
3 2292 1
3 2293 1
4 5 1
4 7 1
4 9 1
4 42 1
4 91 1
4 139 1
4 155 1
5 7 1
5 10 1
5 17 1
5 19 1
5 20 1
5 25 1
5 31 1
5 33 1
5 37 1
5 41 1
5 42 1
5 48 1
5 58 1
5 71 1
5 88 1
5 94 1
5 97 1
5 101 1
5 102 1
5 108 1
5 122 1
5 133 1
5 154 1
5 174 1
5 186 1
5 195 1
5 258 1
5 280 1
5 288 1
5 289 1
5 291 1
5 321 1
5 364 1
5 382 1
5 393 1
5 442 1
5 450 1
5 456 1
5 483 1
5 493 1
5 576 1
5 627 1
5 639 1
5 890 1
5 893 1
5 1012 1
5 1035 1
5 1347 1
5 1754 1
5 2880 1
5 3133 1
7 5 1
7 15 1
7 17 1
7 19 1
7 20 1
7 22 1
7 25 1
7 27 1
7 28 1
7 29 1
7 33 1
7 40 1
7 41 1
7 42 1
7 47 1
7 57 1
7 58 1
7 64 1
7 74 1
7 81 1
7 82 1
7 83 1
7 87 1
7 94 1
7 97 1
7 99 1
7 101 1
7 102 1
7 105 1
7 106 1
7 108 1
7 121 1
7 122 1
7 133 1
7 138 1
7 139 1
7 147 1
7 148 1
7 155 1
7 171 1
7 186 1
7 220 1
7 221 1
7 236 1
7 280 1
7 288 1
7 289 1
7 316 1
7 324 1
7 338 1
7 405 1
7 422 1
7 450 1
7 456 1
7 457 1
7 466 1
7 468 1
7 489 1
7 525 1
7 532 1
7 574 1
7 601 1
7 679 1
7 807 1
7 852 1
7 893 1
7 918 1
7 946 1
7 948 1
7 959 1
7 977 1
7 985 1
7 991 1
7 1005 1
7 1017 1
7 1036 1
7 1078 1
7 1089 1
7 1106 1
7 1184 1
7 1248 1
7 1366 1
7 1473 1
7 1501 1
7 1598 1
7 1601 1
7 1731 1
7 1746 1
7 1773 1
7 1989 1
7 2028 1
7 2228 1
7 2236 1
7 2317 1
7 2484 1
7 2678 1
7 3044 1
7 3048 1
7 3092 1
8 9 1
9 3 1
9 4 1
9 5 1
9 15 1
9 16 1
9 17 1
9 19 1
9 20 1
9 22 1
9 25 1
9 27 1
9 28 1
9 31 1
9 40 1
9 41 1
9 47 1
9 57 1
9 58 1
9 61 1
9 64 1
9 71 1
9 74 1
9 78 1
9 81 1
9 82 1
9 83 1
9 84 1
9 87 1
9 88 1
9 91 1
9 94 1
9 95 1
9 97 1
9 99 1
9 103 1
9 105 1
9 106 1
9 119 1
9 122 1
9 128 1
9 133 1
9 138 1
9 144 1
9 148 1
9 155 1
9 159 1
9 171 1
9 174 1
9 187 1
9 195 1
9 205 1
9 216 1
9 236 1
9 250 1
9 280 1
9 281 1
9 287 1
9 289 1
9 291 1
9 330 1
9 343 1
9 345 1
9 346 1
9 370 1
9 378 1
9 405 1
9 422 1
9 442 1
9 450 1
9 455 1
9 456 1
9 488 1
9 504 1
9 511 1
9 531 1
9 532 1
9 540 1
9 574 1
9 594 1
9 601 1
9 602 1
9 627 1
9 632 1
9 639 1
9 670 1
9 679 1
9 696 1
9 699 1
9 702 1
9 719 1
9 746 1
9 893 1
9 943 1
9 954 1
9 985 1
9 1004 1
9 1027 1
9 1072 1
9 1127 1
9 1300 1
9 1313 1
9 1316 1
9 1337 1
9 1368 1
9 1490 1
9 1554 1
9 1601 1
9 1668 1
9 1743 1
9 1746 1
9 1781 1
9 1784 1
9 1812 1
9 1816 1
9 1837 1
9 1886 1
9 1937 1
9 2200 1
9 2291 1
9 2388 1
9 2615 1
9 2729 1
9 2816 1
10 5 1
10 7 1
10 9 1
10 33 1
10 41 1
10 42 1
10 106 1
10 119 1
10 138 1
10 154 1
10 248 1
10 316 1
10 442 1
10 574 1
10 985 1
10 1184 1
10 2507 1
11 7 1
11 9 1
11 40 1
11 991 1
12 5 1
12 15 1
12 17 1
12 42 1
12 57 1
12 82 1
12 83 1
12 94 1
12 102 1
12 171 1
12 187 1
12 287 1
12 333 1
12 393 1
12 530 1
12 747 1
12 2464 1
15 5 1
15 7 1
15 10 1
15 17 1
15 19 1
15 42 1
15 61 1
15 171 1
15 195 1
15 248 1
15 601 1
15 1681 1
15 2413 1
16 3 1
16 5 1
16 7 1
16 29 1
16 61 1
16 67 1
16 144 1
16 289 1
16 592 1
16 893 1
16 1787 1
17 3 1
17 5 1
17 9 1
17 19 1
17 20 1
17 22 1
17 28 1
17 40 1
17 41 1
17 42 1
17 57 1
17 61 1
17 74 1
17 81 1
17 82 1
17 88 1
17 94 1
17 95 1
17 122 1
17 133 1
17 138 1
17 139 1
17 205 1
17 236 1
17 331 1
17 343 1
17 431 1
17 468 1
17 473 1
17 627 1
17 959 1
17 985 1
17 1017 1
17 1027 1
17 1043 1
17 1320 1
17 1878 1
17 2618 1
17 3058 1
19 3 1
19 5 1
19 9 1
19 10 1
19 17 1
19 31 1
19 42 1
19 61 1
19 101 1
19 105 1
19 119 1
19 171 1
19 216 1
19 281 1
19 852 1
20 17 1
20 25 1
20 42 1
20 58 1
20 78 1
20 95 1
20 105 1
20 122 1
20 281 1
20 345 1
20 493 1
20 632 1
20 769 1
20 893 1
20 1027 1
20 1206 1
20 2141 1
21 82 1
22 7 1
22 57 1
22 123 1
22 133 1
22 174 1
22 2652 1
25 57 1
25 58 1
25 84 1
25 119 1
25 144 1
25 174 1
25 287 1
25 699 1
25 893 1
25 1940 1
27 7 1
27 19 1
27 42 1
27 57 1
27 769 1
27 1787 1
27 1961 1
28 5 1
28 7 1
28 9 1
28 10 1
28 17 1
28 19 1
28 25 1
28 40 1
28 41 1
28 42 1
28 64 1
28 78 1
28 88 1
28 94 1
28 102 1
28 121 1
28 138 1
28 187 1
28 195 1
28 205 1
28 224 1
28 288 1
28 531 1
28 532 1
28 538 1
28 558 1
28 601 1
28 702 1
28 893 1
28 906 1
28 918 1
28 1014 1
28 1103 1
28 1601 1
28 2246 1
29 7 1
29 78 1
29 88 1
29 94 1
29 138 1
29 281 1
29 345 1
29 370 1
29 654 1
29 713 1
31 5 1
31 9 1
31 12 1
31 19 1
31 28 1
31 40 1
31 41 1
31 42 1
31 61 1
31 74 1
31 78 1
31 82 1
31 95 1
31 102 1
31 106 1
31 119 1
31 122 1
31 134 1
31 144 1
31 147 1
31 148 1
31 205 1
31 281 1
31 289 1
31 321 1
31 333 1
31 918 1
31 1336 1
31 2376 1
33 5 1
33 12 1
33 22 1
33 58 1
33 61 1
33 88 1
33 95 1
33 139 1
33 148 1
33 186 1
33 250 1
33 284 1
33 483 1
33 532 1
33 538 1
33 713 1
33 769 1
33 893 1
33 943 1
33 948 1
33 1027 1
33 1037 1
33 1313 1
33 1445 1
33 2053 1
36 3 1
36 19 1
36 61 1
36 64 1
36 82 1
36 84 1
36 252 1
36 1106 1
37 5 1
37 9 1
37 17 1
37 40 1
37 95 1
40 3 1
40 9 1
40 10 1
40 15 1
40 16 1
40 17 1
40 20 1
40 21 1
40 25 1
40 27 1
40 29 1
40 31 1
40 42 1
40 47 1
40 54 1
40 57 1
40 71 1
40 74 1
40 76 1
40 78 1
40 82 1
40 85 1
40 87 1
40 90 1
40 97 1
40 101 1
40 105 1
40 106 1
40 119 1
40 121 1
40 122 1
40 133 1
40 144 1
40 155 1
40 174 1
40 187 1
40 280 1
40 281 1
40 283 1
40 284 1
40 287 1
40 288 1
40 330 1
40 333 1
40 378 1
40 393 1
40 405 1
40 406 1
40 422 1
40 444 1
40 455 1
40 457 1
40 466 1
40 525 1
40 570 1
40 627 1
40 670 1
40 722 1
40 746 1
40 750 1
40 769 1
40 893 1
40 956 1
40 977 1
40 1002 1
40 1027 1
40 1037 1
40 1064 1
40 1100 1
40 1184 1
40 1259 1
40 1286 1
40 1313 1
40 1337 1
40 1533 1
40 1752 1
40 1773 1
40 1817 1
40 2223 1
40 2844 1
41 19 1
41 25 1
41 31 1
41 33 1
41 40 1
41 61 1
41 78 1
41 88 1
41 95 1
41 108 1
41 128 1
41 154 1
41 195 1
41 205 1
41 220 1
41 250 1
41 281 1
41 289 1
41 345 1
41 432 1
41 538 1
41 572 1
41 893 1
41 1300 1
42 3 1
42 7 1
42 9 1
42 12 1
42 16 1
42 19 1
42 25 1
42 27 1
42 28 1
42 33 1
42 58 1
42 60 1
42 78 1
42 82 1
42 94 1
42 102 1
42 119 1
42 133 1
42 134 1
42 138 1
42 174 1
42 205 1
42 216 1
42 236 1
42 252 1
42 281 1
42 283 1
42 289 1
42 321 1
42 324 1
42 333 1
42 378 1
42 456 1
42 540 1
42 574 1
42 639 1
42 746 1
42 854 1
42 890 1
42 893 1
42 1005 1
42 1017 1
42 1106 1
42 1181 1
42 1261 1
42 1473 1
42 1754 1
42 2074 1
42 2226 1
42 2317 1
42 2476 1
42 3175 1
47 3 1
47 20 1
47 57 1
47 94 1
47 220 1
47 221 1
47 532 1
47 713 1
47 854 1
48 9 1
48 33 1
48 42 1
54 5 1
54 7 1
54 15 1
54 25 1
54 40 1
54 61 1
54 119 1
54 283 1
54 289 1
54 511 1
54 558 1
54 1104 1
54 2543 1
56 19 1
56 57 1
57 3 1
57 9 1
57 10 1
57 22 1
57 28 1
57 42 1
57 61 1
57 64 1
57 67 1
57 87 1
57 91 1
57 97 1
57 155 1
57 186 1
57 216 1
57 221 1
57 289 1
57 303 1
57 441 1
57 444 1
57 525 1
57 530 1
57 531 1
57 540 1
57 639 1
57 893 1
57 948 1
57 979 1
57 1002 1
57 1012 1
57 1073 1
57 1127 1
57 1491 1
57 1754 1
57 1784 1
57 1893 1
57 2079 1
57 2657 1
57 2713 1
58 7 1
58 17 1
58 31 1
58 40 1
58 61 1
58 64 1
58 78 1
58 88 1
58 133 1
58 134 1
58 331 1
58 910 1
58 985 1
58 1086 1
58 1100 1
58 1366 1
58 2317 1
60 3 1
60 9 1
60 58 1
60 95 1
61 41 1
61 83 1
61 87 1
61 95 1
61 102 1
61 138 1
61 155 1
61 378 1
61 456 1
61 991 1
61 1175 1
64 4 1
64 5 1
64 7 1
64 19 1
64 29 1
64 31 1
64 33 1
64 40 1
64 60 1
64 82 1
64 97 1
64 102 1
64 155 1
64 174 1
64 179 1
64 205 1
64 232 1
64 283 1
64 370 1
64 405 1
64 422 1
64 531 1
64 582 1
64 654 1
64 678 1
64 807 1
64 1004 1
64 1100 1
64 1104 1
64 1261 1
64 2682 1
64 2917 1
67 4 1
67 5 1
67 7 1
67 11 1
67 20 1
67 40 1
67 78 1
67 82 1
67 84 1
67 121 1
67 144 1
67 205 1
67 252 1
67 852 1
67 1027 1
70 3 1
70 1017 1
71 7 1
71 33 1
71 48 1
71 88 1
71 1043 1
73 58 1
73 99 1
73 910 1
74 7 1
74 9 1
74 17 1
74 78 1
74 81 1
74 854 1
74 1027 1
76 3 1
76 57 1
76 60 1
78 5 1
78 9 1
78 20 1
78 28 1
78 29 1
78 31 1
78 40 1
78 41 1
78 42 1
78 82 1
78 122 1
78 144 1
78 216 1
78 280 1
78 283 1
78 289 1
78 291 1
78 330 1
78 422 1
78 639 1
78 795 1
78 893 1
78 906 1
81 7 1
81 15 1
81 41 1
81 42 1
81 58 1
81 91 1
81 97 1
81 119 1
81 128 1
81 406 1
81 457 1
81 769 1
81 2190 1
82 3 1
82 7 1
82 9 1
82 31 1
82 40 1
82 58 1
82 81 1
82 94 1
82 97 1
82 106 1
82 122 1
82 220 1
82 289 1
82 554 1
82 670 1
82 696 1
82 719 1
82 746 1
82 954 1
82 1018 1
83 7 1
83 42 1
83 57 1
83 144 1
85 42 1
85 57 1
87 5 1
87 12 1
87 19 1
87 29 1
87 81 1
87 97 1
87 139 1
87 281 1
87 383 1
87 654 1
88 4 1
88 7 1
88 10 1
88 17 1
88 19 1
88 20 1
88 40 1
88 42 1
88 64 1
88 74 1
88 97 1
88 105 1
88 122 1
88 138 1
88 148 1
88 240 1
88 281 1
88 324 1
88 531 1
88 1078 1
88 1199 1
88 3064 1
90 122 1
90 144 1
90 240 1
91 893 1
94 3 1
94 7 1
94 9 1
94 11 1
94 17 1
94 33 1
94 37 1
94 57 1
94 81 1
94 82 1
94 97 1
94 187 1
94 280 1
94 303 1
94 455 1
94 574 1
94 750 1
94 1106 1
95 3 1
95 12 1
95 15 1
95 17 1
95 19 1
95 40 1
95 57 1
95 78 1
95 81 1
95 84 1
95 102 1
95 105 1
95 133 1
95 148 1
95 280 1
95 281 1
95 289 1
95 324 1
95 489 1
95 1043 1
95 1099 1
95 1746 1
97 5 1
97 7 1
97 9 1
97 42 1
97 58 1
97 61 1
97 133 1
97 144 1
97 994 1
97 1014 1
99 3 1
99 7 1
99 9 1
99 12 1
99 17 1
99 19 1
99 40 1
99 56 1
99 60 1
99 94 1
99 101 1
99 119 1
99 148 1
99 174 1
99 289 1
99 593 1
99 1012 1
99 1395 1
101 7 1
101 9 1
101 11 1
101 17 1
101 31 1
101 40 1
101 42 1
101 88 1
101 91 1
101 95 1
101 119 1
101 205 1
101 713 1
101 722 1
101 893 1
101 1299 1
102 5 1
102 7 1
102 12 1
102 19 1
102 40 1
102 119 1
102 139 1
102 468 1
102 531 1
102 538 1
102 540 1
102 654 1
102 1043 1
102 1156 1
102 1187 1
102 1199 1
102 1968 1
102 2915 1
105 5 1
105 9 1
105 28 1
105 29 1
105 57 1
105 101 1
105 139 1
105 291 1
105 442 1
106 3 1
106 40 1
106 148 1
106 1526 1
108 7 1
108 10 1
108 101 1
108 105 1
108 250 1
108 511 1
108 1815 1
119 3 1
119 5 1
119 7 1
119 9 1
119 16 1
119 17 1
119 31 1
119 40 1
119 42 1
119 54 1
119 57 1
119 58 1
119 60 1
119 78 1
119 97 1
119 99 1
119 102 1
119 122 1
119 133 1
119 138 1
119 174 1
119 195 1
119 281 1
119 457 1
119 483 1
119 654 1
119 746 1
119 1017 1
119 1347 1
119 1774 1
119 2645 1
121 9 1
121 15 1
121 19 1
121 31 1
121 40 1
121 57 1
121 174 1
121 1164 1
121 1299 1
122 5 1
122 9 1
122 10 1
122 81 1
122 82 1
122 102 1
122 422 1
122 531 1
122 538 1
122 539 1
122 639 1
122 893 1
122 2292 1
123 9 1
123 122 1
128 5 1
128 7 1
128 42 1
128 67 1
128 101 1
128 102 1
128 316 1
128 511 1
133 3 1
133 5 1
133 7 1
133 9 1
133 15 1
133 19 1
133 31 1
133 42 1
133 58 1
133 61 1
133 148 1
133 531 1
133 602 1
134 7 1
134 19 1
134 40 1
134 83 1
134 128 1
134 138 1
134 187 1
134 333 1
134 639 1
138 33 1
138 41 1
138 47 1
138 57 1
138 102 1
138 333 1
138 468 1
138 699 1
138 943 1
138 1043 1
139 5 1
139 9 1
139 12 1
139 20 1
139 28 1
139 40 1
139 57 1
139 64 1
139 67 1
139 74 1
139 78 1
139 82 1
139 84 1
139 95 1
139 119 1
139 121 1
139 174 1
139 179 1
139 283 1
139 291 1
139 457 1
139 531 1
139 910 1
139 1473 1
139 1989 1
144 12 1
144 22 1
144 33 1
144 99 1
144 102 1
144 128 1
144 139 1
144 405 1
144 456 1
147 7 1
147 20 1
147 283 1
147 466 1
148 5 1
148 37 1
148 40 1
148 87 1
148 95 1
148 97 1
148 119 1
148 134 1
148 171 1
148 179 1
148 281 1
148 345 1
148 383 1
148 531 1
148 670 1
148 685 1
148 702 1
148 769 1
148 854 1
148 943 1
148 1014 1
148 1027 1
148 1224 1
148 1396 1
148 1616 1
148 1942 1
148 2408 1
154 3 1
154 7 1
154 9 1
154 11 1
154 15 1
154 19 1
154 22 1
154 31 1
154 33 1
154 40 1
154 57 1
154 58 1
154 64 1
154 148 1
154 572 1
154 627 1
154 2970 1
155 25 1
155 33 1
155 40 1
155 42 1
155 138 1
155 283 1
155 473 1
155 747 1
155 1497 1
155 1598 1
171 5 1
171 7 1
171 20 1
171 40 1
171 58 1
171 94 1
171 128 1
171 224 1
171 1184 1
174 33 1
174 538 1
174 574 1
179 5 1
179 9 1
179 28 1
179 31 1
179 42 1
179 393 1
179 769 1
179 922 1
179 1014 1
186 9 1
186 17 1
186 42 1
186 94 1
186 121 1
186 133 1
186 248 1
186 639 1
186 948 1
187 33 1
187 121 1
187 283 1
187 538 1
187 1291 1
195 3 1
195 8 1
195 9 1
195 31 1
195 40 1
195 42 1
195 57 1
195 64 1
195 74 1
195 94 1
195 122 1
195 148 1
195 240 1
195 248 1
195 289 1
195 291 1
195 316 1
195 473 1
195 582 1
195 979 1
195 1522 1
195 1824 1
195 2190 1
204 40 1
204 155 1
204 538 1
205 5 1
205 7 1
205 17 1
205 19 1
205 41 1
205 42 1
205 47 1
205 61 1
205 78 1
205 83 1
205 84 1
205 102 1
205 148 1
205 171 1
205 280 1
205 283 1
205 378 1
205 2842 1
216 9 1
216 119 1
216 179 1
216 422 1
216 504 1
216 2678 1
220 7 1
220 9 1
220 19 1
220 87 1
220 128 1
220 139 1
220 144 1
220 281 1
220 639 1
220 2317 1
221 5 1
221 7 1
221 19 1
221 21 1
221 58 1
221 90 1
221 105 1
221 138 1
221 455 1
221 1763 1
224 3 1
224 5 1
224 7 1
224 19 1
224 20 1
224 33 1
224 40 1
224 42 1
224 57 1
224 87 1
224 95 1
224 97 1
224 101 1
224 119 1
224 138 1
224 139 1
224 154 1
224 221 1
224 333 1
224 422 1
224 538 1
224 1014 1
224 1078 1
224 2193 1
232 5 1
236 4 1
236 31 1
236 47 1
236 57 1
236 105 1
236 106 1
236 393 1
240 5 1
240 31 1
240 61 1
240 148 1
240 538 1
248 58 1
248 64 1
250 7 1
252 40 1
252 139 1
258 9 1
258 42 1
258 88 1
258 393 1
259 5 1
259 9 1
259 42 1
259 57 1
259 58 1
259 236 1
280 7 1
280 42 1
280 57 1
280 364 1
280 948 1
280 1291 1
281 10 1
281 28 1
281 31 1
281 42 1
281 54 1
281 76 1
281 101 1
281 102 1
281 108 1
281 155 1
281 531 1
281 1445 1
281 2657 1
283 5 1
283 15 1
283 57 1
283 58 1
283 87 1
283 95 1
283 119 1
283 654 1
283 910 1
283 953 1
283 1193 1
284 829 1
287 5 1
287 61 1
287 2657 1
288 17 1
288 28 1
288 57 1
288 95 1
288 119 1
288 122 1
288 148 1
288 289 1
288 292 1
289 17 1
289 40 1
289 57 1
289 61 1
289 82 1
289 119 1
289 250 1
291 9 1
291 40 1
291 330 1
291 393 1
291 456 1
291 483 1
291 601 1
292 7 1
292 9 1
292 10 1
292 28 1
292 33 1
292 78 1
292 90 1
292 99 1
292 122 1
292 128 1
292 133 1
292 195 1
292 370 1
292 457 1
292 593 1
292 632 1
292 1005 1
292 1754 1
292 2170 1
292 3041 1
296 959 1
303 5 1
303 7 1
303 9 1
303 40 1
303 42 1
303 316 1
303 769 1
316 3 1
316 5 1
316 15 1
316 57 1
316 58 1
316 61 1
316 81 1
316 122 1
316 148 1
316 205 1
316 338 1
316 532 1
316 852 1
316 893 1
321 10 1
321 57 1
321 102 1
324 4 1
324 7 1
324 40 1
324 57 1
324 101 1
331 88 1
331 102 1
331 532 1
333 9 1
333 61 1
333 81 1
333 122 1
333 139 1
333 179 1
333 1102 1
338 9 1
338 17 1
338 20 1
338 78 1
338 910 1
343 9 1
343 40 1
343 88 1
343 102 1
343 186 1
345 3 1
345 9 1
345 31 1
346 16 1
346 20 1
346 40 1
346 57 1
346 531 1
346 2292 1
361 9 1
361 40 1
361 42 1
361 87 1
364 57 1
364 58 1
364 119 1
364 174 1
364 393 1
364 893 1
370 15 1
370 40 1
370 95 1
370 954 1
378 9 1
378 25 1
378 40 1
378 88 1
378 102 1
378 283 1
382 119 1
382 321 1
386 33 1
393 40 1
393 627 1
405 5 1
405 15 1
405 40 1
405 42 1
405 991 1
406 5 1
406 7 1
406 9 1
406 122 1
406 2378 1
422 9 1
422 40 1
422 57 1
422 95 1
431 9 1
431 64 1
431 281 1
431 1445 1
432 42 1
441 9 1
441 25 1
441 148 1
442 28 1
442 99 1
442 382 1
444 9 1
444 37 1
444 288 1
444 842 1
449 3 1
449 9 1
449 287 1
450 102 1
450 122 1
450 640 1
450 1104 1
450 1754 1
455 20 1
455 61 1
455 102 1
455 139 1
455 148 1
455 977 1
456 20 1
456 29 1
456 33 1
456 42 1
456 97 1
456 122 1
456 473 1
457 9 1
457 17 1
466 7 1
466 9 1
466 40 1
466 58 1
466 102 1
466 283 1
466 1014 1
466 1036 1
468 9 1
468 15 1
468 33 1
468 40 1
468 195 1
468 280 1
468 283 1
468 1774 1
473 5 1
473 9 1
473 15 1
473 19 1
473 31 1
473 95 1
473 97 1
473 119 1
473 670 1
481 40 1
488 3 1
488 7 1
488 9 1
488 40 1
488 94 1
489 94 1
489 99 1
493 5 1
493 9 1
493 57 1
493 122 1
493 854 1
493 1400 1
511 9 1
511 12 1
511 890 1
511 893 1
525 5 1
525 106 1
525 250 1
530 7 1
530 134 1
531 3 1
531 5 1
531 7 1
531 17 1
531 19 1
531 31 1
531 33 1
531 40 1
531 42 1
531 47 1
531 61 1
531 78 1
531 119 1
531 133 1
531 174 1
531 280 1
531 346 1
531 405 1
531 602 1
532 9 1
532 12 1
532 57 1
532 1078 1
532 1295 1
532 1490 1
538 9 1
538 531 1
539 19 1
539 42 1
539 121 1
539 123 1
540 10 1
540 19 1
540 40 1
540 71 1
540 88 1
540 97 1
540 122 1
540 139 1
540 144 1
540 148 1
540 186 1
540 370 1
540 576 1
554 9 1
554 11 1
554 33 1
554 40 1
554 574 1
558 9 1
558 17 1
558 25 1
570 122 1
571 31 1
572 5 1
572 15 1
572 17 1
572 31 1
572 40 1
572 42 1
572 57 1
572 58 1
572 61 1
572 101 1
572 102 1
572 138 1
572 531 1
572 1032 1
572 2264 1
574 5 1
574 9 1
574 25 1
574 28 1
574 40 1
574 84 1
574 139 1
574 601 1
576 82 1
576 90 1
576 601 1
581 288 1
582 133 1
582 333 1
592 42 1
593 42 1
594 456 1
601 7 1
601 19 1
601 42 1
601 119 1
601 138 1
601 204 1
601 281 1
602 17 1
602 40 1
602 42 1
602 456 1
627 3 1
627 5 1
627 28 1
627 31 1
627 33 1
627 105 1
627 204 1
632 31 1
632 82 1
632 154 1
632 893 1
639 33 1
639 42 1
639 88 1
639 99 1
639 333 1
639 457 1
639 1002 1
639 1479 1
640 31 1
640 195 1
654 9 1
654 42 1
654 67 1
654 106 1
654 511 1
670 10 1
670 33 1
670 40 1
670 61 1
670 94 1
670 2405 1
671 574 1
678 7 1
678 9 1
678 28 1
678 42 1
678 105 1
678 121 1
678 918 1
679 148 1
679 639 1
696 94 1
699 7 1
699 40 1
699 155 1
699 292 1
702 3 1
702 40 1
713 31 1
713 87 1
713 133 1
713 457 1
719 10 1
719 57 1
722 5 1
722 7 1
722 119 1
746 31 1
746 40 1
746 133 1
746 134 1
746 139 1
750 5 1
750 78 1
750 139 1
769 5 1
769 7 1
769 893 1
769 1127 1
795 9 1
795 40 1
795 42 1
795 205 1
795 574 1
795 994 1
807 40 1
807 95 1
807 174 1
807 195 1
807 893 1
829 9 1
829 22 1
842 9 1
852 7 1
852 19 1
852 29 1
852 41 1
852 102 1
852 105 1
852 405 1
852 2657 1
854 5 1
858 81 1
890 9 1
890 40 1
890 574 1
893 3 1
893 5 1
893 33 1
893 1057 1
906 33 1
906 554 1
910 3 1
910 5 1
910 9 1
910 33 1
910 87 1
910 88 1
910 144 1
910 539 1
910 1256 1
918 3 1
918 5 1
918 7 1
918 9 1
918 40 1
918 1291 1
922 9 1
922 57 1
943 7 1
943 31 1
943 81 1
943 102 1
943 138 1
943 283 1
946 9 1
946 119 1
948 7 1
948 9 1
948 48 1
948 139 1
954 106 1
954 2507 1
956 15 1
956 144 1
959 7 1
959 9 1
959 106 1
959 144 1
959 220 1
959 893 1
977 3 1
977 7 1
977 20 1
977 41 1
977 61 1
977 154 1
977 750 1
979 9 1
979 17 1
985 15 1
985 27 1
985 57 1
985 195 1
991 7 1
991 9 1
994 57 1
994 119 1
1002 102 1
1002 205 1
1004 58 1
1005 7 1
1005 15 1
1005 41 1
1005 574 1
1012 9 1
1012 19 1
1014 3 1
1014 9 1
1014 58 1
1014 95 1
1014 221 1
1014 1525 1
1017 33 1
1017 40 1
1017 57 1
1017 78 1
1017 101 1
1017 205 1
1018 432 1
1027 9 1
1027 20 1
1027 40 1
1027 42 1
1027 3077 1
1032 40 1
1032 81 1
1035 3 1
1035 42 1
1035 58 1
1035 105 1
1035 910 1
1036 9 1
1036 40 1
1036 511 1
1037 144 1
1043 5 1
1043 9 1
1043 42 1
1043 174 1
1043 289 1
1057 121 1
1064 40 1
1064 105 1
1071 654 1
1072 57 1
1072 205 1
1072 532 1
1073 9 1
1078 7 1
1078 9 1
1078 58 1
1078 205 1
1078 281 1
1078 807 1
1089 29 1
1089 893 1
1090 9 1
1099 186 1
1100 5 1
1100 9 1
1100 15 1
1100 19 1
1100 31 1
1100 108 1
1100 134 1
1102 7 1
1102 17 1
1102 87 1
1103 473 1
1104 15 1
1104 61 1
1104 250 1
1104 281 1
1106 4 1
1106 19 1
1106 148 1
1106 154 1
1106 205 1
1115 122 1
1127 9 1
1127 95 1
1127 289 1
1156 28 1
1164 205 1
1164 221 1
1175 5 1
1184 7 1
1184 9 1
1184 28 1
1184 42 1
1184 47 1
1193 240 1
1199 42 1
1206 5 1
1206 78 1
1206 1017 1
1220 94 1
1220 910 1
1224 9 1
1248 9 1
1255 155 1
1255 985 1
1255 2683 1
1256 20 1
1259 71 1
1259 119 1
1259 148 1
1261 9 1
1261 95 1
1291 5 1
1291 31 1
1295 769 1
1299 20 1
1299 99 1
1316 9 1
1320 121 1
1320 288 1
1336 12 1
1336 57 1
1336 292 1
1336 489 1
1336 554 1
1337 42 1
1337 144 1
1347 19 1
1347 57 1
1347 148 1
1361 139 1
1362 57 1
1366 7 1
1366 87 1
1366 483 1
1368 10 1
1395 10 1
1395 333 1
1396 25 1
1396 574 1
1400 7 1
1400 9 1
1428 57 1
1445 40 1
1473 5 1
1473 21 1
1473 28 1
1473 205 1
1473 1199 1
1479 19 1
1479 122 1
1490 17 1
1490 28 1
1491 31 1
1497 7 1
1501 42 1
1514 205 1
1522 5 1
1522 102 1
1522 187 1
1525 42 1
1525 102 1
1525 321 1
1525 525 1
1526 5 1
1533 40 1
1554 133 1
1561 57 1
1561 1014 1
1597 1027 1
1598 5 1
1598 17 1
1598 102 1
1601 5 1
1601 17 1
1601 42 1
1601 78 1
1616 9 1
1668 42 1
1681 9 1
1681 148 1
1731 3 1
1731 9 1
1743 40 1
1746 910 1
1752 2507 1
1754 3 1
1754 9 1
1754 17 1
1754 42 1
1754 221 1
1773 28 1
1773 82 1
1773 289 1
1774 1320 1
1781 9 1
1781 943 1
1784 27 1
1787 9 1
1787 28 1
1787 33 1
1787 57 1
1787 94 1
1812 20 1
1812 101 1
1815 5 1
1815 64 1
1815 2806 1
1816 12 1
1816 574 1
1824 5 1
1824 283 1
1824 531 1
1837 42 1
1878 532 1
1886 977 1
1893 101 1
1906 58 1
1928 7 1
1937 40 1
1937 632 1
1940 9 1
1942 195 1
1961 102 1
1968 64 1
1989 82 1
1989 283 1
2043 9 1
2053 19 1
2067 7 1
2074 20 1
2074 25 1
2074 42 1
2079 105 1
2079 288 1
2141 9 1
2170 20 1
2177 9 1
2177 42 1
2190 3 1
2190 1774 1
2193 15 1
2200 7 1
2200 119 1
2209 5 1
2223 57 1
2226 19 1
2226 57 1
2228 41 1
2264 287 1
2291 94 1
2292 9 1
2292 58 1
2292 148 1
2292 531 1
2293 3 1
2293 27 1
2376 943 1
2378 893 1
2388 64 1
2405 910 1
2408 1206 1
2413 7 1
2413 331 1
2414 61 1
2464 40 1
2476 9 1
2484 10 1
2507 40 1
2532 9 1
2543 531 1
2575 9 1
2584 17 1
2609 25 1
2609 40 1
2615 40 1
2618 1090 1
2645 102 1
2646 95 1
2652 40 1
2657 97 1
2657 1989 1
2678 17 1
2678 28 1
2682 9 1
2683 9 1
2683 60 1
2713 7 1
2727 383 1
2729 7 1
2806 28 1
2816 82 1
2842 57 1
2844 61 1
2878 281 1
2880 42 1
2880 221 1
2895 5 1
2915 9 1
2917 88 1
3011 250 1
3041 138 1
3044 22 1
3048 204 1
3058 57 1
3064 9 1
3077 9 1
3092 422 1
3128 57 1
3133 3 1
3146 33 1
3148 466 1
3175 953 1
