3 5 1
3 7 1
3 9 1
3 15 1
3 17 1
3 19 1
3 25 1
3 29 1
3 31 1
3 40 1
3 47 1
3 48 1
3 58 1
3 61 1
3 102 1
3 119 1
3 121 1
3 122 1
3 133 1
3 148 1
3 174 1
3 179 1
3 195 1
3 205 1
3 236 1
3 280 1
3 281 1
3 333 1
3 345 1
3 450 1
3 456 1
3 511 1
3 574 1
3 795 1
3 852 1
3 893 1
3 910 1
3 918 1
3 943 1
3 1598 1
3 2264 1
4 10 1
4 28 1
4 29 1
4 33 1
4 40 1
4 205 1
4 893 1
5 7 1
5 9 1
5 17 1
5 19 1
5 33 1
5 41 1
5 47 1
5 58 1
5 60 1
5 74 1
5 83 1
5 84 1
5 95 1
5 97 1
5 99 1
5 101 1
5 119 1
5 122 1
5 133 1
5 139 1
5 147 1
5 155 1
5 221 1
5 236 1
5 258 1
5 283 1
5 289 1
5 333 1
5 338 1
5 393 1
5 432 1
5 442 1
5 455 1
5 456 1
5 488 1
5 531 1
5 539 1
5 570 1
5 627 1
5 654 1
5 685 1
5 750 1
5 893 1
5 977 1
5 1035 1
5 1078 1
5 1106 1
5 1445 1
5 2228 1
5 2476 1
5 2507 1
7 5 1
7 9 1
7 10 1
7 17 1
7 19 1
7 20 1
7 21 1
7 22 1
7 25 1
7 28 1
7 31 1
7 33 1
7 37 1
7 41 1
7 42 1
7 54 1
7 56 1
7 57 1
7 60 1
7 61 1
7 64 1
7 67 1
7 74 1
7 78 1
7 81 1
7 82 1
7 87 1
7 88 1
7 94 1
7 97 1
7 99 1
7 101 1
7 105 1
7 108 1
7 119 1
7 122 1
7 133 1
7 138 1
7 139 1
7 148 1
7 155 1
7 171 1
7 186 1
7 204 1
7 205 1
7 216 1
7 236 1
7 252 1
7 280 1
7 281 1
7 288 1
7 289 1
7 291 1
7 321 1
7 324 1
7 331 1
7 343 1
7 346 1
7 370 1
7 378 1
7 422 1
7 431 1
7 456 1
7 483 1
7 504 1
7 511 1
7 525 1
7 531 1
7 572 1
7 576 1
7 601 1
7 602 1
7 639 1
7 654 1
7 670 1
7 679 1
7 769 1
7 852 1
7 943 1
7 948 1
7 953 1
7 954 1
7 959 1
7 1005 1
7 1014 1
7 1027 1
7 1032 1
7 1057 1
7 1100 1
7 1184 1
7 1224 1
7 1256 1
7 1313 1
7 1366 1
7 1533 1
7 1746 1
7 1961 1
7 2236 1
7 3133 1
8 9 1
9 3 1
9 4 1
9 7 1
9 12 1
9 15 1
9 17 1
9 19 1
9 22 1
9 25 1
9 27 1
9 28 1
9 31 1
9 33 1
9 42 1
9 47 1
9 57 1
9 58 1
9 74 1
9 76 1
9 78 1
9 81 1
9 82 1
9 83 1
9 84 1
9 88 1
9 91 1
9 94 1
9 95 1
9 97 1
9 99 1
9 101 1
9 102 1
9 105 1
9 106 1
9 119 1
9 121 1
9 133 1
9 144 1
9 148 1
9 174 1
9 186 1
9 204 1
9 216 1
9 224 1
9 248 1
9 250 1
9 252 1
9 280 1
9 281 1
9 283 1
9 284 1
9 288 1
9 289 1
9 291 1
9 292 1
9 324 1
9 330 1
9 343 1
9 393 1
9 406 1
9 422 1
9 442 1
9 444 1
9 456 1
9 483 1
9 504 1
9 511 1
9 531 1
9 554 1
9 574 1
9 593 1
9 594 1
9 654 1
9 679 1
9 713 1
9 719 1
9 722 1
9 747 1
9 943 1
9 954 1
9 956 1
9 959 1
9 979 1
9 991 1
9 994 1
9 1002 1
9 1005 1
9 1014 1
9 1027 1
9 1043 1
9 1064 1
9 1078 1
9 1100 1
9 1103 1
9 1127 1
9 1181 1
9 1184 1
9 1187 1
9 1199 1
9 1286 1
9 1291 1
9 1299 1
9 1316 1
9 1320 1
9 1337 1
9 1347 1
9 1501 1
9 1681 1
9 1754 1
9 1774 1
9 1781 1
9 1815 1
9 1816 1
9 1817 1
9 1893 1
9 2200 1
9 2246 1
9 2291 1
9 2292 1
9 2507 1
9 2657 1
9 3048 1
9 3058 1
10 7 1
10 9 1
10 11 1
10 17 1
10 20 1
10 40 1
10 42 1
10 58 1
10 88 1
10 102 1
10 119 1
10 288 1
10 538 1
10 852 1
10 910 1
10 1366 1
10 2408 1
11 12 1
11 17 1
11 40 1
11 57 1
12 3 1
12 5 1
12 7 1
12 9 1
12 19 1
12 25 1
12 42 1
12 106 1
12 122 1
12 128 1
12 148 1
12 174 1
12 240 1
12 281 1
12 531 1
12 1012 1
12 1014 1
15 5 1
15 20 1
15 37 1
15 40 1
15 57 1
15 61 1
15 122 1
15 128 1
15 205 1
15 455 1
15 538 1
15 854 1
15 1014 1
16 5 1
16 7 1
16 15 1
16 21 1
16 31 1
16 42 1
16 94 1
16 119 1
16 283 1
16 1017 1
16 1554 1
17 3 1
17 4 1
17 5 1
17 9 1
17 15 1
17 16 1
17 20 1
17 27 1
17 28 1
17 29 1
17 33 1
17 41 1
17 42 1
17 54 1
17 57 1
17 81 1
17 82 1
17 94 1
17 102 1
17 106 1
17 119 1
17 121 1
17 133 1
17 159 1
17 174 1
17 289 1
17 525 1
17 531 1
17 538 1
17 627 1
17 639 1
17 685 1
17 890 1
17 959 1
17 977 1
17 1175 1
17 1473 1
17 2317 1
17 2507 1
19 3 1
19 7 1
19 9 1
19 15 1
19 40 1
19 42 1
19 61 1
19 94 1
19 102 1
19 105 1
19 121 1
19 205 1
19 1601 1
19 3044 1
19 3077 1
20 7 1
20 17 1
20 27 1
20 40 1
20 41 1
20 64 1
20 78 1
20 87 1
20 97 1
20 144 1
20 316 1
20 333 1
20 530 1
20 639 1
20 985 1
20 1445 1
20 3064 1
21 40 1
22 7 1
22 15 1
22 40 1
22 82 1
22 119 1
22 670 1
25 17 1
25 20 1
25 82 1
25 88 1
25 144 1
25 283 1
25 289 1
25 639 1
25 1104 1
25 2413 1
27 17 1
27 19 1
27 28 1
27 40 1
27 41 1
27 97 1
27 250 1
28 5 1
28 7 1
28 9 1
28 15 1
28 17 1
28 19 1
28 20 1
28 37 1
28 40 1
28 42 1
28 60 1
28 61 1
28 64 1
28 82 1
28 83 1
28 121 1
28 139 1
28 144 1
28 154 1
28 289 1
28 450 1
28 468 1
28 483 1
28 572 1
28 582 1
28 639 1
28 713 1
28 893 1
28 943 1
28 1017 1
28 1259 1
28 1261 1
28 1336 1
28 1601 1
28 1837 1
29 7 1
29 9 1
29 58 1
29 64 1
29 81 1
29 99 1
29 119 1
29 139 1
29 1100 1
29 1313 1
31 3 1
31 7 1
31 9 1
31 12 1
31 17 1
31 22 1
31 33 1
31 40 1
31 78 1
31 82 1
31 95 1
31 101 1
31 102 1
31 121 1
31 187 1
31 205 1
31 281 1
31 316 1
31 378 1
31 382 1
31 405 1
31 493 1
31 525 1
31 893 1
31 943 1
31 1812 1
31 2317 1
31 2682 1
31 3175 1
33 3 1
33 7 1
33 22 1
33 40 1
33 42 1
33 57 1
33 58 1
33 74 1
33 84 1
33 90 1
33 99 1
33 106 1
33 122 1
33 128 1
33 330 1
33 346 1
33 489 1
33 531 1
33 852 1
33 893 1
33 910 1
33 1002 1
33 1104 1
33 1299 1
33 1937 1
36 5 1
36 7 1
36 9 1
36 19 1
36 40 1
36 57 1
36 250 1
36 702 1
37 5 1
37 7 1
37 22 1
37 291 1
37 330 1
40 3 1
40 4 1
40 7 1
40 16 1
40 19 1
40 27 1
40 28 1
40 31 1
40 33 1
40 42 1
40 47 1
40 58 1
40 60 1
40 67 1
40 74 1
40 78 1
40 83 1
40 84 1
40 87 1
40 88 1
40 95 1
40 97 1
40 99 1
40 102 1
40 105 1
40 106 1
40 108 1
40 122 1
40 139 1
40 148 1
40 154 1
40 155 1
40 187 1
40 195 1
40 220 1
40 221 1
40 236 1
40 240 1
40 250 1
40 287 1
40 289 1
40 291 1
40 321 1
40 333 1
40 345 1
40 364 1
40 378 1
40 383 1
40 405 1
40 422 1
40 450 1
40 457 1
40 466 1
40 468 1
40 473 1
40 525 1
40 532 1
40 601 1
40 627 1
40 670 1
40 702 1
40 769 1
40 854 1
40 977 1
40 991 1
40 1017 1
40 1027 1
40 1037 1
40 1072 1
40 1099 1
40 1102 1
40 1164 1
40 1313 1
40 1601 1
40 1754 1
40 2074 1
40 2190 1
40 2193 1
40 2293 1
40 2880 1
41 3 1
41 5 1
41 9 1
41 10 1
41 17 1
41 19 1
41 20 1
41 33 1
41 40 1
41 47 1
41 78 1
41 82 1
41 106 1
41 133 1
41 139 1
41 287 1
41 345 1
41 539 1
41 574 1
41 632 1
41 807 1
41 943 1
41 948 1
41 1754 1
42 4 1
42 5 1
42 17 1
42 19 1
42 27 1
42 28 1
42 29 1
42 31 1
42 78 1
42 81 1
42 82 1
42 87 1
42 88 1
42 91 1
42 99 1
42 105 1
42 108 1
42 119 1
42 121 1
42 122 1
42 128 1
42 133 1
42 155 1
42 174 1
42 187 1
42 195 1
42 205 1
42 220 1
42 280 1
42 284 1
42 289 1
42 330 1
42 333 1
42 378 1
42 405 1
42 466 1
42 468 1
42 532 1
42 574 1
42 593 1
42 602 1
42 713 1
42 769 1
42 1017 1
42 1043 1
42 1368 1
42 1743 1
42 1784 1
42 1824 1
42 2317 1
42 2618 1
42 2652 1
47 15 1
47 25 1
47 28 1
47 42 1
47 64 1
47 81 1
47 97 1
47 532 1
47 1773 1
48 9 1
48 10 1
48 40 1
54 5 1
54 7 1
54 9 1
54 11 1
54 17 1
54 20 1
54 40 1
54 61 1
54 102 1
54 134 1
54 139 1
54 289 1
54 1037 1
56 205 1
56 540 1
57 3 1
57 9 1
57 17 1
57 19 1
57 25 1
57 28 1
57 40 1
57 42 1
57 61 1
57 64 1
57 78 1
57 81 1
57 87 1
57 95 1
57 102 1
57 106 1
57 122 1
57 133 1
57 134 1
57 138 1
57 148 1
57 205 1
57 280 1
57 283 1
57 288 1
57 316 1
57 393 1
57 473 1
57 558 1
57 746 1
57 750 1
57 893 1
57 946 1
57 1002 1
57 1184 1
57 1206 1
57 1746 1
57 1754 1
57 2141 1
58 5 1
58 17 1
58 20 1
58 25 1
58 57 1
58 71 1
58 94 1
58 148 1
58 422 1
58 466 1
58 632 1
58 746 1
58 807 1
58 1027 1
58 1206 1
58 2615 1
58 2917 1
60 15 1
60 25 1
60 57 1
60 205 1
61 9 1
61 17 1
61 19 1
61 58 1
61 99 1
61 139 1
61 195 1
61 456 1
61 473 1
61 531 1
61 1754 1
64 7 1
64 9 1
64 10 1
64 15 1
64 19 1
64 31 1
64 33 1
64 40 1
64 41 1
64 58 1
64 71 1
64 78 1
64 94 1
64 99 1
64 134 1
64 139 1
64 148 1
64 205 1
64 216 1
64 331 1
64 333 1
64 422 1
64 432 1
64 511 1
64 554 1
64 627 1
64 769 1
64 807 1
64 893 1
64 1261 1
64 1396 1
64 2844 1
67 5 1
67 9 1
67 33 1
67 42 1
67 61 1
67 95 1
67 102 1
67 179 1
67 195 1
67 531 1
67 678 1
67 985 1
67 1012 1
67 1616 1
67 2543 1
70 7 1
70 19 1
71 9 1
71 28 1
71 57 1
71 81 1
71 105 1
73 9 1
73 106 1
73 906 1
74 5 1
74 9 1
74 102 1
74 138 1
74 248 1
74 1940 1
74 2915 1
76 3 1
76 42 1
76 240 1
78 5 1
78 7 1
78 9 1
78 31 1
78 40 1
78 41 1
78 42 1
78 57 1
78 88 1
78 94 1
78 95 1
78 101 1
78 102 1
78 106 1
78 133 1
78 134 1
78 139 1
78 144 1
78 148 1
78 155 1
78 205 1
78 232 1
78 531 1
81 3 1
81 5 1
81 9 1
81 40 1
81 95 1
81 97 1
81 102 1
81 119 1
81 195 1
81 456 1
81 1479 1
81 1598 1
81 2053 1
82 3 1
82 5 1
82 7 1
82 9 1
82 28 1
82 40 1
82 42 1
82 58 1
82 61 1
82 88 1
82 94 1
82 97 1
82 119 1
82 122 1
82 174 1
82 281 1
82 441 1
82 456 1
82 1106 1
82 1300 1
83 5 1
83 31 1
83 57 1
83 102 1
85 9 1
85 574 1
87 3 1
87 5 1
87 9 1
87 22 1
87 61 1
87 101 1
87 122 1
87 155 1
87 406 1
87 893 1
88 4 1
88 9 1
88 15 1
88 20 1
88 31 1
88 33 1
88 60 1
88 87 1
88 108 1
88 138 1
88 139 1
88 148 1
88 333 1
88 457 1
88 468 1
88 654 1
88 769 1
88 1005 1
88 1018 1
88 1746 1
88 2678 1
88 2842 1
90 9 1
90 57 1
90 171 1
91 493 1
94 7 1
94 9 1
94 15 1
94 19 1
94 28 1
94 40 1
94 42 1
94 61 1
94 82 1
94 101 1
94 134 1
94 171 1
94 174 1
94 195 1
94 1193 1
94 2226 1
94 2464 1
94 2657 1
95 5 1
95 15 1
95 17 1
95 19 1
95 20 1
95 25 1
95 31 1
95 58 1
95 61 1
95 90 1
95 94 1
95 144 1
95 280 1
95 281 1
95 283 1
95 627 1
95 699 1
95 890 1
95 985 1
95 1004 1
95 1491 1
95 1878 1
97 9 1
97 19 1
97 28 1
97 61 1
97 82 1
97 119 1
97 133 1
97 287 1
97 747 1
97 1763 1
99 7 1
99 9 1
99 11 1
99 17 1
99 19 1
99 20 1
99 25 1
99 29 1
99 41 1
99 42 1
99 67 1
99 133 1
99 148 1
99 345 1
99 473 1
99 538 1
99 713 1
99 1473 1
101 7 1
101 15 1
101 20 1
101 31 1
101 40 1
101 81 1
101 133 1
101 252 1
101 280 1
101 289 1
101 291 1
101 538 1
101 670 1
101 893 1
101 1017 1
101 1089 1
102 3 1
102 7 1
102 29 1
102 42 1
102 58 1
102 74 1
102 122 1
102 138 1
102 139 1
102 148 1
102 248 1
102 405 1
102 457 1
102 538 1
102 601 1
102 640 1
102 893 1
102 918 1
105 5 1
105 42 1
105 139 1
105 174 1
105 321 1
105 654 1
105 1036 1
105 1199 1
105 2223 1
106 28 1
106 40 1
106 91 1
106 119 1
108 7 1
108 20 1
108 28 1
108 33 1
108 122 1
108 330 1
108 852 1
119 3 1
119 9 1
119 15 1
119 17 1
119 20 1
119 22 1
119 27 1
119 29 1
119 31 1
119 41 1
119 47 1
119 60 1
119 61 1
119 64 1
119 78 1
119 82 1
119 91 1
119 97 1
119 122 1
119 138 1
119 205 1
119 288 1
119 291 1
119 393 1
119 457 1
119 574 1
119 1014 1
119 1300 1
119 1473 1
119 1490 1
119 1668 1
121 33 1
121 42 1
121 78 1
121 101 1
121 281 1
121 386 1
121 910 1
121 1043 1
121 2484 1
122 7 1
122 10 1
122 15 1
122 41 1
122 58 1
122 78 1
122 83 1
122 102 1
122 133 1
122 405 1
122 696 1
122 1400 1
122 2806 1
123 19 1
123 105 1
128 5 1
128 9 1
128 20 1
128 31 1
128 58 1
128 119 1
128 179 1
128 1073 1
133 3 1
133 5 1
133 7 1
133 9 1
133 17 1
133 22 1
133 40 1
133 78 1
133 102 1
133 121 1
133 195 1
133 205 1
133 893 1
134 5 1
134 12 1
134 15 1
134 28 1
134 41 1
134 144 1
134 216 1
134 280 1
134 281 1
138 7 1
138 9 1
138 10 1
138 40 1
138 42 1
138 48 1
138 122 1
138 148 1
138 220 1
138 558 1
139 9 1
139 19 1
139 20 1
139 25 1
139 33 1
139 57 1
139 82 1
139 94 1
139 133 1
139 138 1
139 144 1
139 148 1
139 154 1
139 174 1
139 220 1
139 338 1
139 370 1
139 383 1
139 456 1
139 483 1
139 531 1
139 540 1
139 769 1
139 2190 1
139 2970 1
144 3 1
144 7 1
144 12 1
144 42 1
144 82 1
144 102 1
144 133 1
144 746 1
144 994 1
147 5 1
147 7 1
147 61 1
147 893 1
148 9 1
148 15 1
148 19 1
148 22 1
148 31 1
148 33 1
148 71 1
148 101 1
148 128 1
148 134 1
148 144 1
148 171 1
148 283 1
148 316 1
148 455 1
148 532 1
148 601 1
148 627 1
148 639 1
148 719 1
148 893 1
148 1014 1
148 1078 1
148 1104 1
148 1320 1
148 1525 1
148 2678 1
154 5 1
154 17 1
154 41 1
154 42 1
154 61 1
154 67 1
154 88 1
154 148 1
154 155 1
154 205 1
154 281 1
154 639 1
154 893 1
154 910 1
154 1127 1
154 1347 1
154 1490 1
155 9 1
155 19 1
155 27 1
155 40 1
155 57 1
155 84 1
155 134 1
155 240 1
155 581 1
155 1014 1
171 7 1
171 9 1
171 31 1
171 42 1
171 121 1
171 187 1
171 250 1
171 281 1
171 699 1
174 5 1
174 7 1
174 1773 1
179 9 1
179 40 1
179 42 1
179 57 1
179 58 1
179 139 1
179 283 1
179 601 1
179 639 1
186 5 1
186 17 1
186 57 1
186 144 1
186 221 1
186 283 1
186 473 1
186 1291 1
186 1497 1
187 5 1
187 9 1
187 25 1
187 97 1
187 289 1
195 9 1
195 12 1
195 25 1
195 33 1
195 41 1
195 42 1
195 47 1
195 64 1
195 78 1
195 87 1
195 95 1
195 101 1
195 138 1
195 147 1
195 205 1
195 221 1
195 321 1
195 333 1
195 511 1
195 540 1
195 893 1
195 1078 1
195 1787 1
204 5 1
204 95 1
204 504 1
205 5 1
205 9 1
205 12 1
205 28 1
205 31 1
205 33 1
205 42 1
205 58 1
205 82 1
205 88 1
205 97 1
205 138 1
205 155 1
205 345 1
205 457 1
205 854 1
205 893 1
205 1522 1
216 3 1
216 5 1
216 9 1
216 58 1
216 138 1
216 854 1
220 9 1
220 12 1
220 17 1
220 19 1
220 29 1
220 42 1
220 57 1
220 94 1
220 1012 1
220 1337 1
221 4 1
221 5 1
221 10 1
221 31 1
221 61 1
221 95 1
221 119 1
221 122 1
221 138 1
221 457 1
224 3 1
224 5 1
224 19 1
224 33 1
224 40 1
224 41 1
224 57 1
224 61 1
224 78 1
224 81 1
224 88 1
224 102 1
224 106 1
224 281 1
224 292 1
224 393 1
224 531 1
224 592 1
224 654 1
224 906 1
224 910 1
224 918 1
224 2713 1
224 2816 1
232 154 1
236 17 1
236 28 1
236 42 1
236 95 1
236 574 1
236 948 1
236 1774 1
240 9 1
240 61 1
240 133 1
240 220 1
240 405 1
248 40 1
248 82 1
250 422 1
252 40 1
252 64 1
258 9 1
258 87 1
258 148 1
258 1291 1
259 5 1
259 9 1
259 105 1
259 148 1
259 1043 1
259 1784 1
280 7 1
280 94 1
280 138 1
280 250 1
280 576 1
280 985 1
281 5 1
281 12 1
281 20 1
281 28 1
281 84 1
281 94 1
281 283 1
281 531 1
281 601 1
281 854 1
281 893 1
281 1027 1
281 2657 1
283 12 1
283 15 1
283 19 1
283 27 1
283 29 1
283 58 1
283 64 1
283 87 1
283 119 1
283 288 1
283 2028 1
284 102 1
287 5 1
287 138 1
287 179 1
288 9 1
288 42 1
288 83 1
288 94 1
288 248 1
288 324 1
288 405 1
288 1886 1
288 2657 1
289 31 1
289 40 1
289 42 1
289 102 1
289 186 1
289 195 1
289 910 1
291 5 1
291 11 1
291 40 1
291 42 1
291 88 1
291 90 1
291 1752 1
292 5 1
292 10 1
292 11 1
292 17 1
292 33 1
292 57 1
292 81 1
292 82 1
292 85 1
292 95 1
292 105 1
292 119 1
292 171 1
292 174 1
292 281 1
292 289 1
292 574 1
292 893 1
292 1989 1
292 2405 1
296 893 1
303 5 1
303 7 1
303 22 1
303 57 1
303 88 1
303 281 1
303 422 1
316 9 1
316 10 1
316 19 1
316 33 1
316 61 1
316 105 1
316 138 1
316 216 1
316 287 1
316 333 1
316 393 1
316 722 1
316 977 1
316 3041 1
321 9 1
321 1017 1
321 3092 1
324 7 1
324 12 1
324 17 1
324 90 1
324 910 1
331 19 1
331 58 1
331 78 1
333 7 1
333 57 1
333 95 1
333 378 1
333 466 1
333 699 1
333 991 1
338 9 1
338 42 1
338 57 1
338 101 1
338 829 1
343 3 1
343 9 1
343 40 1
343 57 1
343 1787 1
345 40 1
345 87 1
345 422 1
346 5 1
346 7 1
346 61 1
346 289 1
346 991 1
346 1090 1
361 7 1
361 9 1
361 10 1
361 19 1
364 4 1
364 9 1
364 33 1
364 57 1
364 108 1
364 2729 1
370 9 1
370 119 1
370 281 1
370 601 1
378 7 1
378 9 1
378 33 1
378 42 1
378 61 1
378 119 1
382 19 1
382 122 1
386 9 1
393 42 1
393 119 1
405 9 1
405 25 1
405 40 1
405 370 1
405 948 1
406 19 1
406 31 1
406 40 1
406 532 1
406 1086 1
422 7 1
422 9 1
422 15 1
422 186 1
431 5 1
431 61 1
431 532 1
431 2645 1
432 19 1
441 9 1
441 42 1
441 155 1
442 57 1
442 538 1
442 1968 1
444 3 1
444 31 1
444 40 1
444 42 1
449 7 1
449 47 1
449 119 1
450 9 1
450 17 1
450 283 1
450 455 1
450 985 1
455 9 1
455 40 1
455 102 1
455 155 1
455 531 1
455 639 1
456 3 1
456 31 1
456 33 1
456 40 1
456 42 1
456 186 1
456 288 1
457 5 1
457 95 1
466 7 1
466 9 1
466 40 1
466 42 1
466 57 1
466 101 1
466 102 1
466 893 1
468 3 1
468 5 1
468 19 1
468 57 1
468 122 1
468 138 1
468 148 1
468 538 1
473 12 1
473 33 1
473 41 1
473 48 1
473 105 1
473 333 1
473 406 1
473 511 1
473 1248 1
481 71 1
488 5 1
488 7 1
488 9 1
488 57 1
488 122 1
489 7 1
489 31 1
493 31 1
493 40 1
493 105 1
493 122 1
493 1004 1
493 1127 1
511 7 1
511 370 1
511 489 1
511 574 1
525 84 1
525 88 1
525 473 1
530 10 1
530 331 1
531 5 1
531 7 1
531 9 1
531 10 1
531 21 1
531 31 1
531 42 1
531 58 1
531 95 1
531 102 1
531 103 1
531 174 1
531 280 1
531 289 1
531 489 1
531 554 1
531 574 1
531 750 1
531 910 1
532 10 1
532 20 1
532 42 1
532 54 1
532 57 1
532 2388 1
538 292 1
538 2170 1
539 17 1
539 119 1
539 893 1
539 1942 1
540 5 1
540 9 1
540 10 1
540 40 1
540 42 1
540 61 1
540 97 1
540 101 1
540 121 1
540 291 1
540 370 1
540 769 1
540 893 1
554 3 1
554 40 1
554 119 1
554 144 1
554 2378 1
558 3 1
558 97 1
558 1199 1
570 119 1
571 40 1
572 3 1
572 5 1
572 9 1
572 17 1
572 31 1
572 57 1
572 78 1
572 99 1
572 148 1
572 174 1
572 530 1
572 696 1
572 1027 1
572 1156 1
572 1731 1
574 9 1
574 40 1
574 76 1
574 87 1
574 144 1
574 204 1
574 287 1
574 769 1
576 9 1
576 40 1
576 105 1
581 31 1
582 15 1
582 97 1
592 42 1
593 58 1
594 205 1
601 7 1
601 9 1
601 17 1
601 61 1
601 78 1
601 221 1
601 283 1
602 9 1
602 40 1
602 78 1
602 442 1
627 9 1
627 28 1
627 40 1
627 128 1
627 383 1
627 1100 1
627 1106 1
632 9 1
632 33 1
632 154 1
632 187 1
639 7 1
639 9 1
639 15 1
639 31 1
639 40 1
639 81 1
639 122 1
639 1127 1
640 9 1
640 12 1
654 17 1
654 19 1
654 40 1
654 281 1
654 1362 1
670 5 1
670 17 1
670 40 1
670 57 1
670 144 1
670 532 1
671 81 1
678 5 1
678 16 1
678 28 1
678 33 1
678 91 1
678 97 1
678 316 1
679 3 1
679 57 1
696 42 1
699 9 1
699 17 1
699 144 1
699 954 1
702 88 1
702 280 1
713 97 1
713 102 1
713 842 1
713 2376 1
719 57 1
719 78 1
722 20 1
722 31 1
722 122 1
746 3 1
746 5 1
746 58 1
746 139 1
746 456 1
750 42 1
750 187 1
750 654 1
769 9 1
769 25 1
769 102 1
769 122 1
795 20 1
795 57 1
795 154 1
795 179 1
795 221 1
795 250 1
807 5 1
807 57 1
807 87 1
807 94 1
807 1017 1
829 5 1
829 64 1
842 1295 1
852 3 1
852 7 1
852 31 1
852 41 1
852 64 1
852 97 1
852 138 1
852 574 1
854 2292 1
858 538 1
890 9 1
890 119 1
890 186 1
893 5 1
893 78 1
893 205 1
893 281 1
906 17 1
906 57 1
910 7 1
910 9 1
910 37 1
910 40 1
910 57 1
910 58 1
910 102 1
910 393 1
910 422 1
918 9 1
918 102 1
918 106 1
918 195 1
918 979 1
918 1526 1
922 5 1
922 2292 1
943 5 1
943 7 1
943 42 1
943 138 1
943 144 1
943 1036 1
946 33 1
946 918 1
948 3 1
948 7 1
948 9 1
948 289 1
954 42 1
954 174 1
956 95 1
956 128 1
959 7 1
959 19 1
959 29 1
959 88 1
959 174 1
959 444 1
977 9 1
977 40 1
977 42 1
977 57 1
977 81 1
977 94 1
977 746 1
979 5 1
979 31 1
985 3 1
985 7 1
985 64 1
985 102 1
991 9 1
991 1027 1
994 289 1
994 303 1
1002 5 1
1002 119 1
1004 61 1
1005 5 1
1005 9 1
1005 40 1
1005 95 1
1012 224 1
1012 287 1
1014 3 1
1014 58 1
1014 101 1
1014 144 1
1014 531 1
1014 1774 1
1017 7 1
1017 139 1
1017 187 1
1017 442 1
1017 457 1
1017 922 1
1018 33 1
1027 7 1
1027 9 1
1027 40 1
1027 84 1
1027 88 1
1032 9 1
1032 40 1
1035 9 1
1035 19 1
1035 31 1
1035 40 1
1035 42 1
1036 7 1
1036 40 1
1036 58 1
1037 31 1
1043 57 1
1043 58 1
1043 78 1
1043 148 1
1043 746 1
1057 283 1
1064 9 1
1064 20 1
1071 95 1
1072 139 1
1072 457 1
1072 538 1
1073 94 1
1078 5 1
1078 7 1
1078 25 1
1078 42 1
1078 71 1
1078 122 1
1089 123 1
1089 532 1
1090 42 1
1099 7 1
1100 25 1
1100 33 1
1100 94 1
1100 154 1
1100 483 1
1100 574 1
1100 1043 1
1102 3 1
1102 9 1
1102 179 1
1103 122 1
1104 42 1
1104 186 1
1104 457 1
1104 1395 1
1106 9 1
1106 19 1
1106 57 1
1106 102 1
1106 144 1
1115 531 1
1127 9 1
1127 42 1
1127 221 1
1156 42 1
1164 3 1
1164 42 1
1175 948 1
1184 9 1
1184 16 1
1184 40 1
1184 119 1
1184 456 1
1193 9 1
1199 74 1
1206 7 1
1206 95 1
1206 139 1
1220 3 1
1220 33 1
1224 632 1
1248 3 1
1255 94 1
1255 122 1
1255 1184 1
1256 148 1
1259 7 1
1259 119 1
1259 769 1
1261 9 1
1261 58 1
1291 17 1
1291 531 1
1295 16 1
1299 57 1
1299 82 1
1316 9 1
1320 40 1
1320 121 1
1336 5 1
1336 9 1
1336 40 1
1336 119 1
1336 133 1
1337 7 1
1337 42 1
1347 10 1
1347 40 1
1347 138 1
1361 283 1
1362 42 1
1366 7 1
1366 40 1
1366 171 1
1368 28 1
1395 105 1
1395 281 1
1396 42 1
1396 148 1
1400 61 1
1400 64 1
1428 7 1
1445 9 1
1473 40 1
1473 57 1
1473 71 1
1473 121 1
1473 602 1
1479 9 1
1479 155 1
1490 57 1
1490 393 1
1491 8 1
1497 2317 1
1501 40 1
1514 41 1
1522 9 1
1522 102 1
1522 531 1
1525 28 1
1525 74 1
1525 540 1
1525 1027 1
1526 42 1
1533 7 1
1554 7 1
1561 3 1
1561 40 1
1597 88 1
1598 9 1
1598 139 1
1598 632 1
1601 5 1
1601 9 1
1601 221 1
1601 303 1
1616 123 1
1668 9 1
1681 25 1
1681 57 1
1731 7 1
1731 893 1
1743 283 1
1746 250 1
1752 9 1
1754 19 1
1754 40 1
1754 195 1
1754 1445 1
1754 2079 1
1773 10 1
1773 57 1
1773 64 1
1774 42 1
1781 9 1
1781 58 1
1784 58 1
1787 7 1
1787 102 1
1787 105 1
1787 288 1
1787 639 1
1812 102 1
1812 602 1
1815 3 1
1815 128 1
1815 670 1
1816 28 1
1816 42 1
1824 40 1
1824 99 1
1824 532 1
1837 9 1
1878 1989 1
1886 9 1
1893 281 1
1906 95 1
1928 1027 1
1937 3 1
1937 40 1
1940 702 1
1942 57 1
1961 1106 1
1968 9 1
1989 7 1
1989 20 1
2043 3 1
2053 31 1
2067 148 1
2074 5 1
2074 40 1
2074 95 1
2079 5 1
2079 42 1
2141 574 1
2170 17 1
2177 58 1
2177 82 1
2190 82 1
2190 195 1
2193 205 1
2200 10 1
2200 324 1
2209 9 1
2223 57 1
2226 5 1
2226 42 1
2228 531 1
2264 57 1
2291 133 1
2292 5 1
2292 7 1
2292 33 1
2292 57 1
2293 40 1
2293 95 1
2376 10 1
2378 985 1
2388 9 1
2405 42 1
2408 105 1
2413 40 1
2413 57 1
2414 2683 1
2464 40 1
2476 138 1
2484 42 1
2507 57 1
2532 236 1
2543 321 1
2575 5 1
2584 12 1
2609 28 1
2609 82 1
2615 382 1
2618 61 1
2645 94 1
2646 893 1
2652 20 1
2657 7 1
2657 40 1
2678 5 1
2678 87 1
2682 57 1
2683 40 1
2683 289 1
2713 289 1
2727 19 1
2729 9 1
2806 57 1
2816 171 1
2842 953 1
2844 7 1
2878 292 1
2880 15 1
2880 890 1
2895 57 1
2915 283 1
2917 582 1
3011 9 1
3041 42 1
3044 148 1
3048 87 1
3058 87 1
3064 364 1
3077 67 1
3092 101 1
3128 1989 1
3133 174 1
3146 19 1
3148 88 1
3175 893 1
