3 5 1
3 7 1
3 9 1
3 19 1
3 20 1
3 27 1
3 28 1
3 29 1
3 54 1
3 58 1
3 61 1
3 74 1
3 88 1
3 99 1
3 102 1
3 122 1
3 138 1
3 148 1
3 174 1
3 187 1
3 281 1
3 287 1
3 288 1
3 289 1
3 405 1
3 442 1
3 450 1
3 456 1
3 473 1
3 511 1
3 532 1
3 574 1
3 601 1
3 750 1
3 910 1
3 953 1
3 1027 1
3 1187 1
3 1320 1
3 1746 1
3 3044 1
4 7 1
4 9 1
4 57 1
4 144 1
4 195 1
4 1106 1
4 2264 1
5 3 1
5 7 1
5 12 1
5 15 1
5 17 1
5 19 1
5 27 1
5 31 1
5 33 1
5 40 1
5 61 1
5 64 1
5 81 1
5 84 1
5 88 1
5 95 1
5 102 1
5 106 1
5 119 1
5 133 1
5 205 1
5 216 1
5 248 1
5 289 1
5 330 1
5 343 1
5 345 1
5 383 1
5 489 1
5 511 1
5 532 1
5 538 1
5 627 1
5 639 1
5 670 1
5 722 1
5 746 1
5 769 1
5 807 1
5 977 1
5 991 1
5 994 1
5 1012 1
5 1199 1
5 1337 1
5 1445 1
5 1816 1
5 2228 1
5 2292 1
5 2317 1
5 2713 1
7 4 1
7 5 1
7 9 1
7 12 1
7 15 1
7 17 1
7 20 1
7 28 1
7 29 1
7 31 1
7 33 1
7 37 1
7 40 1
7 41 1
7 42 1
7 47 1
7 57 1
7 61 1
7 71 1
7 74 1
7 78 1
7 82 1
7 83 1
7 88 1
7 95 1
7 97 1
7 102 1
7 105 1
7 108 1
7 122 1
7 133 1
7 138 1
7 144 1
7 148 1
7 174 1
7 179 1
7 195 1
7 204 1
7 205 1
7 220 1
7 221 1
7 250 1
7 252 1
7 280 1
7 283 1
7 289 1
7 321 1
7 338 1
7 383 1
7 393 1
7 405 1
7 406 1
7 422 1
7 466 1
7 473 1
7 483 1
7 488 1
7 530 1
7 531 1
7 538 1
7 576 1
7 592 1
7 627 1
7 632 1
7 639 1
7 654 1
7 679 1
7 699 1
7 746 1
7 852 1
7 890 1
7 893 1
7 906 1
7 918 1
7 948 1
7 985 1
7 991 1
7 1005 1
7 1043 1
7 1064 1
7 1072 1
7 1078 1
7 1127 1
7 1184 1
7 1193 1
7 1199 1
7 1291 1
7 1366 1
7 1490 1
7 1601 1
7 1616 1
7 1754 1
7 1781 1
7 2074 1
7 2291 1
7 2292 1
7 2543 1
7 2678 1
7 3077 1
8 78 1
9 3 1
9 5 1
9 7 1
9 8 1
9 17 1
9 19 1
9 22 1
9 25 1
9 28 1
9 29 1
9 31 1
9 40 1
9 41 1
9 57 1
9 60 1
9 64 1
9 67 1
9 74 1
9 78 1
9 82 1
9 83 1
9 84 1
9 88 1
9 97 1
9 101 1
9 106 1
9 108 1
9 119 1
9 121 1
9 133 1
9 134 1
9 139 1
9 144 1
9 147 1
9 155 1
9 179 1
9 205 1
9 221 1
9 248 1
9 250 1
9 252 1
9 281 1
9 283 1
9 284 1
9 287 1
9 288 1
9 289 1
9 321 1
9 324 1
9 330 1
9 364 1
9 378 1
9 393 1
9 432 1
9 442 1
9 457 1
9 466 1
9 468 1
9 483 1
9 504 1
9 511 1
9 525 1
9 531 1
9 539 1
9 540 1
9 574 1
9 576 1
9 602 1
9 627 1
9 639 1
9 679 1
9 696 1
9 713 1
9 722 1
9 750 1
9 852 1
9 854 1
9 893 1
9 906 1
9 918 1
9 943 1
9 948 1
9 954 1
9 956 1
9 959 1
9 1012 1
9 1018 1
9 1027 1
9 1036 1
9 1037 1
9 1104 1
9 1106 1
9 1127 1
9 1164 1
9 1199 1
9 1259 1
9 1261 1
9 1291 1
9 1299 1
9 1313 1
9 1316 1
9 1337 1
9 1366 1
9 1396 1
9 1479 1
9 1490 1
9 1501 1
9 1533 1
9 1598 1
9 1601 1
9 1746 1
9 1752 1
9 1754 1
9 1763 1
9 1837 1
9 1886 1
9 1893 1
9 1968 1
9 1989 1
9 2293 1
9 2507 1
9 3058 1
9 3064 1
10 3 1
10 5 1
10 7 1
10 9 1
10 15 1
10 33 1
10 57 1
10 78 1
10 90 1
10 122 1
10 133 1
10 139 1
10 179 1
10 281 1
10 324 1
10 345 1
10 2292 1
11 16 1
11 17 1
11 333 1
11 525 1
12 7 1
12 17 1
12 20 1
12 27 1
12 40 1
12 41 1
12 61 1
12 90 1
12 94 1
12 103 1
12 138 1
12 148 1
12 457 1
12 719 1
12 943 1
12 1300 1
12 1824 1
15 9 1
15 17 1
15 20 1
15 29 1
15 47 1
15 81 1
15 82 1
15 174 1
15 393 1
15 405 1
15 455 1
15 670 1
15 1104 1
16 5 1
16 9 1
16 31 1
16 119 1
16 122 1
16 171 1
16 289 1
16 316 1
16 444 1
16 639 1
16 977 1
17 3 1
17 4 1
17 5 1
17 9 1
17 16 1
17 19 1
17 21 1
17 22 1
17 31 1
17 40 1
17 57 1
17 78 1
17 81 1
17 82 1
17 87 1
17 91 1
17 94 1
17 101 1
17 105 1
17 106 1
17 122 1
17 138 1
17 174 1
17 205 1
17 281 1
17 405 1
17 422 1
17 531 1
17 593 1
17 632 1
17 639 1
17 702 1
17 769 1
17 943 1
17 994 1
17 1012 1
17 1106 1
17 1206 1
17 1554 1
19 9 1
19 22 1
19 31 1
19 40 1
19 42 1
19 74 1
19 85 1
19 133 1
19 139 1
19 144 1
19 187 1
19 220 1
19 236 1
19 252 1
19 1017 1
20 3 1
20 5 1
20 9 1
20 19 1
20 28 1
20 40 1
20 57 1
20 58 1
20 102 1
20 186 1
20 205 1
20 281 1
20 370 1
20 991 1
20 1002 1
20 1681 1
20 1773 1
21 19 1
22 9 1
22 19 1
22 95 1
22 154 1
22 281 1
22 331 1
25 17 1
25 87 1
25 101 1
25 105 1
25 119 1
25 128 1
25 292 1
25 696 1
25 829 1
25 1035 1
27 5 1
27 28 1
27 33 1
27 40 1
27 148 1
27 155 1
27 2678 1
28 5 1
28 7 1
28 9 1
28 15 1
28 19 1
28 25 1
28 31 1
28 33 1
28 40 1
28 41 1
28 42 1
28 67 1
28 87 1
28 91 1
28 95 1
28 97 1
28 105 1
28 122 1
28 138 1
28 144 1
28 281 1
28 289 1
28 291 1
28 405 1
28 441 1
28 538 1
28 946 1
28 977 1
28 985 1
28 1043 1
28 1774 1
28 1878 1
28 2413 1
28 2615 1
28 2618 1
29 3 1
29 5 1
29 7 1
29 12 1
29 17 1
29 25 1
29 40 1
29 87 1
29 258 1
29 1787 1
31 3 1
31 5 1
31 7 1
31 9 1
31 12 1
31 15 1
31 17 1
31 19 1
31 25 1
31 40 1
31 41 1
31 42 1
31 56 1
31 58 1
31 82 1
31 87 1
31 94 1
31 99 1
31 102 1
31 121 1
31 289 1
31 316 1
31 483 1
31 639 1
31 640 1
31 893 1
31 1027 1
31 1598 1
31 2970 1
33 5 1
33 9 1
33 10 1
33 15 1
33 19 1
33 25 1
33 31 1
33 57 1
33 95 1
33 97 1
33 121 1
33 187 1
33 204 1
33 280 1
33 289 1
33 431 1
33 574 1
33 593 1
33 854 1
33 910 1
33 1014 1
33 1073 1
33 1256 1
33 2190 1
33 2816 1
36 5 1
36 42 1
36 54 1
36 60 1
36 102 1
36 511 1
36 1017 1
36 1491 1
37 7 1
37 61 1
37 97 1
37 122 1
37 893 1
40 5 1
40 9 1
40 12 1
40 15 1
40 17 1
40 19 1
40 20 1
40 22 1
40 25 1
40 27 1
40 28 1
40 31 1
40 41 1
40 42 1
40 48 1
40 54 1
40 57 1
40 58 1
40 71 1
40 78 1
40 81 1
40 82 1
40 84 1
40 88 1
40 94 1
40 97 1
40 102 1
40 121 1
40 122 1
40 128 1
40 138 1
40 148 1
40 155 1
40 186 1
40 205 1
40 216 1
40 240 1
40 248 1
40 250 1
40 289 1
40 291 1
40 333 1
40 346 1
40 406 1
40 444 1
40 457 1
40 468 1
40 483 1
40 504 1
40 532 1
40 558 1
40 574 1
40 601 1
40 639 1
40 654 1
40 670 1
40 713 1
40 746 1
40 854 1
40 890 1
40 910 1
40 943 1
40 948 1
40 959 1
40 985 1
40 1002 1
40 1004 1
40 1017 1
40 1027 1
40 1036 1
40 1156 1
40 1184 1
40 1368 1
40 1525 1
40 1754 1
40 2053 1
40 2193 1
40 2317 1
40 2507 1
40 2657 1
41 3 1
41 10 1
41 11 1
41 15 1
41 17 1
41 19 1
41 25 1
41 31 1
41 42 1
41 57 1
41 58 1
41 60 1
41 61 1
41 78 1
41 94 1
41 95 1
41 122 1
41 133 1
41 138 1
41 195 1
41 250 1
41 343 1
41 538 1
41 1014 1
42 5 1
42 9 1
42 10 1
42 15 1
42 19 1
42 20 1
42 22 1
42 27 1
42 33 1
42 57 1
42 58 1
42 78 1
42 83 1
42 91 1
42 95 1
42 97 1
42 99 1
42 108 1
42 122 1
42 133 1
42 134 1
42 139 1
42 159 1
42 171 1
42 205 1
42 236 1
42 250 1
42 280 1
42 281 1
42 333 1
42 345 1
42 364 1
42 378 1
42 455 1
42 456 1
42 489 1
42 538 1
42 574 1
42 601 1
42 602 1
42 670 1
42 699 1
42 702 1
42 893 1
42 1017 1
42 1027 1
42 1127 1
42 1313 1
42 1445 1
42 2190 1
42 2657 1
42 2842 1
47 3 1
47 9 1
47 20 1
47 31 1
47 33 1
47 42 1
47 101 1
47 473 1
47 1940 1
48 5 1
48 133 1
48 138 1
54 3 1
54 28 1
54 40 1
54 42 1
54 57 1
54 88 1
54 106 1
54 144 1
54 288 1
54 303 1
54 795 1
54 1127 1
54 2645 1
56 7 1
56 20 1
57 3 1
57 5 1
57 9 1
57 11 1
57 19 1
57 20 1
57 22 1
57 25 1
57 28 1
57 29 1
57 31 1
57 58 1
57 71 1
57 76 1
57 81 1
57 95 1
57 106 1
57 122 1
57 128 1
57 148 1
57 155 1
57 250 1
57 283 1
57 288 1
57 455 1
57 457 1
57 594 1
57 699 1
57 769 1
57 807 1
57 893 1
57 910 1
57 1014 1
57 1100 1
57 1299 1
57 1473 1
57 2079 1
57 2388 1
57 2657 1
58 3 1
58 5 1
58 7 1
58 17 1
58 81 1
58 82 1
58 88 1
58 108 1
58 134 1
58 139 1
58 316 1
58 324 1
58 473 1
58 890 1
58 910 1
58 1181 1
58 1400 1
60 42 1
60 78 1
60 280 1
60 893 1
61 7 1
61 31 1
61 33 1
61 48 1
61 81 1
61 101 1
61 102 1
61 187 1
61 236 1
61 370 1
61 2408 1
64 10 1
64 11 1
64 16 1
64 17 1
64 28 1
64 31 1
64 57 1
64 82 1
64 94 1
64 101 1
64 105 1
64 119 1
64 133 1
64 144 1
64 154 1
64 171 1
64 174 1
64 186 1
64 195 1
64 216 1
64 283 1
64 316 1
64 338 1
64 893 1
64 953 1
64 1104 1
64 1224 1
64 1248 1
64 1362 1
64 1473 1
64 1787 1
64 2476 1
67 10 1
67 15 1
67 20 1
67 31 1
67 40 1
67 42 1
67 58 1
67 61 1
67 119 1
67 134 1
67 148 1
67 205 1
67 632 1
67 1078 1
67 1206 1
70 31 1
70 123 1
71 17 1
71 42 1
71 121 1
71 303 1
71 654 1
73 9 1
73 40 1
73 133 1
74 7 1
74 9 1
74 19 1
74 40 1
74 42 1
74 95 1
74 333 1
76 7 1
76 19 1
76 71 1
78 3 1
78 5 1
78 7 1
78 9 1
78 17 1
78 40 1
78 41 1
78 42 1
78 58 1
78 61 1
78 82 1
78 97 1
78 99 1
78 102 1
78 128 1
78 134 1
78 442 1
78 532 1
78 1014 1
78 1961 1
78 2246 1
78 2378 1
78 2682 1
81 5 1
81 9 1
81 10 1
81 20 1
81 29 1
81 33 1
81 42 1
81 84 1
81 101 1
81 205 1
81 240 1
81 386 1
81 2657 1
82 5 1
82 9 1
82 15 1
82 17 1
82 19 1
82 20 1
82 33 1
82 58 1
82 95 1
82 97 1
82 99 1
82 119 1
82 148 1
82 205 1
82 281 1
82 291 1
82 456 1
82 654 1
82 747 1
82 893 1
83 7 1
83 19 1
83 283 1
83 918 1
85 7 1
85 9 1
87 7 1
87 9 1
87 10 1
87 57 1
87 102 1
87 119 1
87 144 1
87 531 1
87 713 1
87 1445 1
88 4 1
88 9 1
88 10 1
88 15 1
88 25 1
88 27 1
88 28 1
88 57 1
88 60 1
88 61 1
88 67 1
88 102 1
88 128 1
88 138 1
88 291 1
88 370 1
88 422 1
88 457 1
88 531 1
88 1774 1
88 2028 1
88 3175 1
90 9 1
90 20 1
90 42 1
91 281 1
94 17 1
94 25 1
94 31 1
94 40 1
94 41 1
94 42 1
94 83 1
94 97 1
94 155 1
94 283 1
94 346 1
94 531 1
94 893 1
94 959 1
94 1106 1
94 1601 1
94 2317 1
94 2729 1
95 3 1
95 5 1
95 9 1
95 10 1
95 12 1
95 15 1
95 17 1
95 37 1
95 42 1
95 58 1
95 61 1
95 84 1
95 97 1
95 195 1
95 288 1
95 422 1
95 540 1
95 979 1
95 1014 1
95 1027 1
95 1102 1
95 2915 1
97 7 1
97 9 1
97 28 1
97 122 1
97 287 1
97 291 1
97 422 1
97 532 1
97 702 1
97 977 1
99 3 1
99 5 1
99 9 1
99 19 1
99 33 1
99 42 1
99 58 1
99 64 1
99 78 1
99 82 1
99 95 1
99 101 1
99 102 1
99 154 1
99 289 1
99 893 1
99 1731 1
99 2507 1
101 3 1
101 5 1
101 15 1
101 17 1
101 40 1
101 42 1
101 57 1
101 58 1
101 76 1
101 119 1
101 280 1
101 333 1
101 422 1
101 893 1
101 985 1
101 1473 1
102 3 1
102 5 1
102 7 1
102 41 1
102 78 1
102 95 1
102 97 1
102 133 1
102 134 1
102 155 1
102 186 1
102 205 1
102 281 1
102 287 1
102 473 1
102 574 1
102 979 1
102 3041 1
105 5 1
105 20 1
105 28 1
105 40 1
105 57 1
105 61 1
105 83 1
105 393 1
105 406 1
106 9 1
106 40 1
106 47 1
106 654 1
108 5 1
108 7 1
108 12 1
108 15 1
108 88 1
108 139 1
108 148 1
119 7 1
119 9 1
119 10 1
119 19 1
119 20 1
119 21 1
119 58 1
119 64 1
119 82 1
119 94 1
119 101 1
119 102 1
119 105 1
119 133 1
119 155 1
119 393 1
119 422 1
119 466 1
119 493 1
119 504 1
119 531 1
119 538 1
119 602 1
119 769 1
119 842 1
119 893 1
119 910 1
119 1099 1
119 1347 1
119 1989 1
119 2917 1
121 9 1
121 10 1
121 28 1
121 57 1
121 61 1
121 91 1
121 133 1
121 144 1
121 530 1
122 12 1
122 15 1
122 29 1
122 31 1
122 40 1
122 42 1
122 57 1
122 58 1
122 78 1
122 281 1
122 283 1
122 574 1
122 1497 1
123 4 1
123 87 1
128 5 1
128 7 1
128 11 1
128 41 1
128 61 1
128 99 1
128 250 1
128 713 1
133 5 1
133 7 1
133 9 1
133 19 1
133 20 1
133 41 1
133 42 1
133 95 1
133 138 1
133 154 1
133 179 1
133 627 1
133 1937 1
134 40 1
134 88 1
134 90 1
134 95 1
134 138 1
134 205 1
134 232 1
134 422 1
134 456 1
138 7 1
138 19 1
138 42 1
138 74 1
138 97 1
138 101 1
138 119 1
138 139 1
138 582 1
138 1175 1
139 3 1
139 7 1
139 21 1
139 31 1
139 33 1
139 41 1
139 57 1
139 64 1
139 90 1
139 102 1
139 122 1
139 133 1
139 155 1
139 283 1
139 291 1
139 442 1
139 554 1
139 639 1
139 746 1
139 893 1
139 1017 1
139 1078 1
139 1103 1
139 1286 1
139 2683 1
144 5 1
144 40 1
144 58 1
144 106 1
144 128 1
144 174 1
144 240 1
144 283 1
144 455 1
147 9 1
147 41 1
147 174 1
147 532 1
148 5 1
148 19 1
148 31 1
148 33 1
148 40 1
148 47 1
148 58 1
148 64 1
148 78 1
148 84 1
148 88 1
148 94 1
148 139 1
148 174 1
148 205 1
148 281 1
148 292 1
148 330 1
148 345 1
148 468 1
148 525 1
148 531 1
148 627 1
148 893 1
148 954 1
148 1004 1
148 1336 1
154 3 1
154 7 1
154 9 1
154 12 1
154 40 1
154 42 1
154 57 1
154 88 1
154 119 1
154 139 1
154 186 1
154 220 1
154 422 1
154 466 1
154 531 1
154 769 1
154 1261 1
155 3 1
155 12 1
155 17 1
155 105 1
155 119 1
155 221 1
155 236 1
155 280 1
155 330 1
155 456 1
171 7 1
171 19 1
171 42 1
171 102 1
171 128 1
171 370 1
171 1027 1
171 1086 1
171 1815 1
174 9 1
174 31 1
174 58 1
179 41 1
179 42 1
179 87 1
179 105 1
179 139 1
179 574 1
179 893 1
179 1005 1
179 2376 1
186 5 1
186 7 1
186 17 1
186 57 1
186 155 1
186 204 1
186 531 1
186 574 1
186 2141 1
187 9 1
187 15 1
187 87 1
187 281 1
187 1184 1
195 5 1
195 7 1
195 9 1
195 19 1
195 25 1
195 33 1
195 42 1
195 58 1
195 94 1
195 119 1
195 122 1
195 138 1
195 144 1
195 147 1
195 148 1
195 281 1
195 321 1
195 333 1
195 769 1
195 852 1
195 1027 1
195 1090 1
195 1743 1
204 57 1
204 61 1
204 2226 1
205 4 1
205 7 1
205 17 1
205 28 1
205 42 1
205 47 1
205 87 1
205 88 1
205 99 1
205 122 1
205 133 1
205 288 1
205 378 1
205 532 1
205 540 1
205 750 1
205 893 1
205 1300 1
216 40 1
216 57 1
216 94 1
216 97 1
216 195 1
216 747 1
220 3 1
220 5 1
220 7 1
220 9 1
220 28 1
220 33 1
220 88 1
220 670 1
220 2405 1
220 2484 1
221 3 1
221 7 1
221 40 1
221 58 1
221 119 1
221 287 1
221 456 1
221 1522 1
221 1989 1
221 2844 1
224 7 1
224 9 1
224 12 1
224 22 1
224 25 1
224 40 1
224 41 1
224 61 1
224 74 1
224 78 1
224 88 1
224 94 1
224 119 1
224 123 1
224 144 1
224 195 1
224 205 1
224 321 1
224 333 1
224 572 1
224 654 1
224 893 1
224 1291 1
224 1812 1
232 40 1
236 3 1
236 10 1
236 25 1
236 64 1
236 148 1
236 186 1
236 321 1
240 5 1
240 10 1
240 17 1
240 99 1
240 139 1
248 7 1
248 19 1
250 33 1
252 31 1
252 40 1
258 5 1
258 20 1
258 106 1
258 574 1
259 5 1
259 9 1
259 25 1
259 220 1
259 281 1
259 283 1
280 10 1
280 40 1
280 42 1
280 83 1
280 102 1
280 283 1
281 5 1
281 28 1
281 33 1
281 42 1
281 60 1
281 87 1
281 94 1
281 99 1
281 171 1
281 224 1
281 289 1
281 582 1
281 1043 1
283 5 1
283 20 1
283 42 1
283 87 1
283 95 1
283 119 1
283 148 1
283 382 1
283 1313 1
283 1817 1
283 2223 1
284 58 1
287 5 1
287 7 1
287 28 1
288 3 1
288 28 1
288 42 1
288 61 1
288 64 1
288 121 1
288 216 1
288 220 1
288 769 1
289 31 1
289 40 1
289 393 1
289 531 1
289 910 1
289 1773 1
289 2652 1
291 5 1
291 7 1
291 9 1
291 40 1
291 42 1
291 61 1
291 289 1
292 9 1
292 12 1
292 17 1
292 33 1
292 61 1
292 82 1
292 94 1
292 97 1
292 138 1
292 139 1
292 144 1
292 205 1
292 221 1
292 289 1
292 511 1
292 531 1
292 532 1
292 601 1
292 1774 1
292 1942 1
296 144 1
303 9 1
303 31 1
303 40 1
303 138 1
303 283 1
303 473 1
303 531 1
316 9 1
316 25 1
316 42 1
316 57 1
316 61 1
316 102 1
316 108 1
316 119 1
316 122 1
316 148 1
316 370 1
316 893 1
316 954 1
316 1754 1
321 42 1
321 88 1
321 574 1
324 9 1
324 22 1
324 40 1
324 570 1
324 1295 1
331 9 1
331 33 1
331 3092 1
333 7 1
333 9 1
333 31 1
333 58 1
333 95 1
333 102 1
333 105 1
338 5 1
338 9 1
338 40 1
338 82 1
338 854 1
343 5 1
343 10 1
343 42 1
343 81 1
343 139 1
345 7 1
345 9 1
345 42 1
346 9 1
346 15 1
346 40 1
346 57 1
346 195 1
346 627 1
361 7 1
361 19 1
361 20 1
361 102 1
364 31 1
364 81 1
364 82 1
364 94 1
364 106 1
364 154 1
370 5 1
370 42 1
370 58 1
370 121 1
378 5 1
378 7 1
378 9 1
378 40 1
378 42 1
378 102 1
382 94 1
382 248 1
386 601 1
393 7 1
393 42 1
405 17 1
405 64 1
405 82 1
405 105 1
405 538 1
406 5 1
406 87 1
406 133 1
406 205 1
406 224 1
422 7 1
422 17 1
422 94 1
422 1043 1
431 3 1
431 9 1
431 19 1
431 84 1
432 58 1
441 57 1
441 148 1
441 174 1
442 7 1
442 88 1
442 985 1
444 102 1
444 128 1
444 489 1
444 769 1
449 3 1
449 40 1
449 171 1
450 9 1
450 40 1
450 57 1
450 393 1
450 572 1
455 7 1
455 9 1
455 457 1
455 554 1
455 948 1
455 1043 1
456 9 1
456 33 1
456 42 1
456 57 1
456 60 1
456 531 1
456 1014 1
457 138 1
457 174 1
466 7 1
466 9 1
466 28 1
466 101 1
466 195 1
466 525 1
466 807 1
466 918 1
468 5 1
468 27 1
468 57 1
468 95 1
468 102 1
468 330 1
468 532 1
468 991 1
473 5 1
473 9 1
473 10 1
473 20 1
473 106 1
473 139 1
473 148 1
473 280 1
473 1037 1
481 20 1
488 7 1
488 9 1
488 28 1
488 40 1
488 57 1
489 78 1
489 291 1
493 20 1
493 42 1
493 57 1
493 58 1
493 119 1
493 456 1
511 5 1
511 78 1
511 468 1
511 2170 1
525 20 1
525 102 1
525 240 1
530 61 1
530 174 1
531 3 1
531 4 1
531 5 1
531 7 1
531 9 1
531 10 1
531 12 1
531 25 1
531 28 1
531 78 1
531 81 1
531 95 1
531 119 1
531 139 1
531 144 1
531 174 1
531 654 1
531 746 1
531 1526 1
532 19 1
532 40 1
532 41 1
532 171 1
532 538 1
532 632 1
538 11 1
538 284 1
539 40 1
539 58 1
539 171 1
539 292 1
540 19 1
540 42 1
540 57 1
540 61 1
540 82 1
540 87 1
540 106 1
540 119 1
540 121 1
540 122 1
540 236 1
540 405 1
540 1184 1
554 40 1
554 121 1
554 187 1
554 287 1
554 450 1
558 9 1
558 31 1
558 893 1
570 64 1
571 57 1
572 3 1
572 19 1
572 25 1
572 40 1
572 41 1
572 57 1
572 67 1
572 88 1
572 95 1
572 102 1
572 105 1
572 119 1
572 139 1
572 205 1
572 456 1
574 9 1
574 17 1
574 57 1
574 144 1
574 289 1
574 292 1
574 852 1
574 893 1
576 57 1
576 78 1
576 119 1
581 9 1
582 57 1
582 174 1
592 139 1
593 5 1
594 40 1
601 3 1
601 5 1
601 9 1
601 27 1
601 101 1
601 205 1
601 1100 1
602 57 1
602 148 1
602 221 1
602 383 1
627 9 1
627 19 1
627 40 1
627 57 1
627 119 1
627 139 1
627 2317 1
632 9 1
632 16 1
632 42 1
632 57 1
639 17 1
639 19 1
639 33 1
639 57 1
639 102 1
639 174 1
639 216 1
639 1100 1
640 61 1
640 105 1
654 15 1
654 48 1
654 97 1
654 678 1
654 1100 1
670 9 1
670 10 1
670 31 1
670 40 1
670 57 1
670 456 1
671 33 1
678 5 1
678 9 1
678 95 1
678 102 1
678 148 1
678 457 1
678 893 1
679 61 1
679 71 1
696 57 1
699 9 1
699 40 1
699 105 1
699 3048 1
702 81 1
702 405 1
713 5 1
713 42 1
713 119 1
713 154 1
719 82 1
719 893 1
722 40 1
722 57 1
722 1014 1
746 7 1
746 9 1
746 17 1
746 57 1
746 2200 1
750 17 1
750 42 1
750 221 1
769 33 1
769 87 1
769 538 1
769 639 1
795 9 1
795 33 1
795 99 1
795 102 1
795 280 1
795 1002 1
807 9 1
807 22 1
807 289 1
807 554 1
807 1032 1
829 3 1
829 457 1
842 601 1
852 3 1
852 5 1
852 7 1
852 9 1
852 17 1
852 40 1
852 1089 1
852 1784 1
854 5 1
858 19 1
890 9 1
890 10 1
890 943 1
893 9 1
893 82 1
893 119 1
893 283 1
906 40 1
906 64 1
910 5 1
910 7 1
910 9 1
910 17 1
910 42 1
910 82 1
910 187 1
910 456 1
910 943 1
918 9 1
918 154 1
918 324 1
918 531 1
918 540 1
918 769 1
922 61 1
922 2806 1
943 7 1
943 9 1
943 31 1
943 42 1
943 148 1
943 581 1
946 42 1
946 122 1
948 7 1
948 33 1
948 119 1
948 288 1
954 95 1
954 102 1
956 19 1
956 40 1
959 40 1
959 42 1
959 82 1
959 97 1
959 122 1
959 893 1
977 5 1
977 12 1
977 29 1
977 94 1
977 144 1
977 316 1
977 985 1
979 5 1
979 42 1
985 9 1
985 16 1
985 187 1
985 531 1
991 7 1
991 531 1
994 57 1
994 88 1
1002 5 1
1002 67 1
1004 64 1
1005 7 1
1005 9 1
1005 15 1
1005 17 1
1012 33 1
1012 58 1
1014 58 1
1014 94 1
1014 97 1
1014 121 1
1014 122 1
1014 1668 1
1017 3 1
1017 7 1
1017 17 1
1017 37 1
1017 122 1
1017 948 1
1018 134 1
1027 9 1
1027 37 1
1027 40 1
1027 42 1
1027 186 1
1032 7 1
1032 281 1
1035 19 1
1035 33 1
1035 64 1
1035 87 1
1035 432 1
1036 84 1
1036 94 1
1036 283 1
1037 47 1
1043 3 1
1043 31 1
1043 179 1
1043 531 1
1043 910 1
1057 19 1
1064 7 1
1064 289 1
1071 119 1
1072 3 1
1072 922 1
1072 2464 1
1073 195 1
1078 3 1
1078 7 1
1078 42 1
1078 58 1
1078 81 1
1078 122 1
1089 9 1
1089 148 1
1090 9 1
1099 19 1
1100 5 1
1100 22 1
1100 31 1
1100 42 1
1100 139 1
1100 457 1
1100 854 1
1102 9 1
1102 20 1
1102 40 1
1103 9 1
1104 58 1
1104 74 1
1104 288 1
1104 3133 1
1106 5 1
1106 25 1
1106 144 1
1106 280 1
1106 1754 1
1115 40 1
1127 5 1
1127 40 1
1127 42 1
1156 102 1
1164 5 1
1164 42 1
1175 1395 1
1184 3 1
1184 7 1
1184 17 1
1184 29 1
1184 42 1
1193 283 1
1199 64 1
1206 40 1
1206 57 1
1206 88 1
1220 121 1
1220 122 1
1224 31 1
1248 57 1
1255 9 1
1255 40 1
1255 94 1
1256 61 1
1259 42 1
1259 333 1
1259 893 1
1261 40 1
1261 78 1
1291 138 1
1291 852 1
1295 82 1
1299 40 1
1299 42 1
1316 9 1
1320 9 1
1320 483 1
1336 7 1
1336 9 1
1336 61 1
1336 91 1
1336 382 1
1337 33 1
1337 42 1
1347 33 1
1347 333 1
1347 574 1
1361 81 1
1362 7 1
1366 7 1
1366 78 1
1366 331 1
1368 9 1
1395 9 1
1395 64 1
1396 133 1
1396 539 1
1400 9 1
1400 40 1
1428 378 1
1445 893 1
1473 42 1
1473 95 1
1473 122 1
1473 1005 1
1473 1027 1
1479 5 1
1479 221 1
1490 148 1
1490 2236 1
1491 94 1
1497 40 1
1501 148 1
1514 101 1
1522 42 1
1522 119 1
1522 281 1
1525 9 1
1525 19 1
1525 42 1
1525 122 1
1526 99 1
1533 9 1
1554 3 1
1561 15 1
1561 95 1
1597 538 1
1598 3 1
1598 40 1
1598 574 1
1601 40 1
1601 133 1
1601 511 1
1601 1320 1
1616 81 1
1668 47 1
1681 31 1
1681 40 1
1731 57 1
1731 601 1
1743 1347 1
1746 57 1
1752 33 1
1754 7 1
1754 42 1
1754 174 1
1754 602 1
1754 1017 1
1773 9 1
1773 102 1
1773 685 1
1774 9 1
1781 7 1
1781 155 1
1784 195 1
1787 9 1
1787 40 1
1787 205 1
1787 289 1
1787 2880 1
1812 119 1
1812 283 1
1815 15 1
1815 57 1
1815 155 1
1816 138 1
1816 1057 1
1824 9 1
1824 57 1
1824 333 1
1837 40 1
1878 7 1
1886 40 1
1893 393 1
1906 40 1
1928 40 1
1937 7 1
1937 289 1
1940 71 1
1942 119 1
1961 28 1
1968 5 1
1989 7 1
1989 42 1
2043 5 1
2053 221 1
2067 4 1
2074 7 1
2074 28 1
2074 29 1
2079 101 1
2079 450 1
2141 331 1
2170 78 1
2177 40 1
2177 345 1
2190 57 1
2190 102 1
2193 138 1
2200 74 1
2200 1784 1
2209 28 1
2223 78 1
2226 7 1
2226 61 1
2228 148 1
2264 9 1
2291 102 1
2292 9 1
2292 121 1
2292 250 1
2292 910 1
2293 9 1
2293 281 1
2376 378 1
2378 42 1
2388 15 1
2405 40 1
2408 558 1
2413 3 1
2413 9 1
2414 40 1
2464 17 1
2476 33 1
2484 148 1
2507 639 1
2532 7 1
2543 106 1
2575 9 1
2584 105 1
2609 9 1
2609 1746 1
2615 7 1
2618 9 1
2645 40 1
2646 9 1
2652 31 1
2657 5 1
2657 148 1
2678 138 1
2678 1078 1
2682 42 1
2683 3 1
2683 17 1
2713 9 1
2727 28 1
2729 1017 1
2806 47 1
2816 61 1
2842 9 1
2844 105 1
2878 9 1
2880 9 1
2880 685 1
2895 9 1
2915 179 1
2917 122 1
3011 9 1
3041 40 1
3044 280 1
3048 5 1
3058 101 1
3064 19 1
3077 195 1
3092 57 1
3128 719 1
3133 493 1
3146 105 1
3148 9 1
3175 57 1
