3 5 1
3 9 1
3 11 1
3 15 1
3 19 1
3 20 1
3 28 1
3 31 1
3 33 1
3 57 1
3 58 1
3 60 1
3 61 1
3 78 1
3 81 1
3 88 1
3 90 1
3 99 1
3 106 1
3 119 1
3 144 1
3 154 1
3 155 1
3 205 1
3 216 1
3 281 1
3 289 1
3 321 1
3 345 1
3 393 1
3 422 1
3 431 1
3 532 1
3 540 1
3 602 1
3 679 1
3 948 1
3 1018 1
3 1291 1
3 1781 1
3 2915 1
4 40 1
4 78 1
4 87 1
4 139 1
4 281 1
4 333 1
4 531 1
5 3 1
5 4 1
5 7 1
5 8 1
5 17 1
5 19 1
5 20 1
5 41 1
5 42 1
5 58 1
5 60 1
5 67 1
5 71 1
5 78 1
5 81 1
5 88 1
5 94 1
5 99 1
5 101 1
5 102 1
5 119 1
5 122 1
5 128 1
5 133 1
5 171 1
5 195 1
5 204 1
5 281 1
5 283 1
5 292 1
5 331 1
5 338 1
5 383 1
5 393 1
5 405 1
5 422 1
5 466 1
5 504 1
5 627 1
5 713 1
5 769 1
5 893 1
5 956 1
5 991 1
5 1014 1
5 1127 1
5 1193 1
5 1893 1
5 2226 1
5 2236 1
5 2405 1
7 3 1
7 5 1
7 9 1
7 10 1
7 15 1
7 17 1
7 19 1
7 20 1
7 22 1
7 27 1
7 29 1
7 31 1
7 33 1
7 47 1
7 57 1
7 58 1
7 61 1
7 71 1
7 81 1
7 82 1
7 88 1
7 94 1
7 95 1
7 97 1
7 99 1
7 101 1
7 102 1
7 105 1
7 108 1
7 121 1
7 122 1
7 128 1
7 133 1
7 147 1
7 148 1
7 154 1
7 179 1
7 205 1
7 250 1
7 280 1
7 291 1
7 316 1
7 324 1
7 333 1
7 343 1
7 345 1
7 378 1
7 405 1
7 422 1
7 442 1
7 457 1
7 493 1
7 504 1
7 511 1
7 538 1
7 540 1
7 570 1
7 582 1
7 593 1
7 627 1
7 639 1
7 654 1
7 713 1
7 746 1
7 769 1
7 852 1
7 854 1
7 893 1
7 910 1
7 918 1
7 922 1
7 948 1
7 953 1
7 959 1
7 977 1
7 1004 1
7 1014 1
7 1017 1
7 1027 1
7 1036 1
7 1078 1
7 1104 1
7 1184 1
7 1300 1
7 1320 1
7 1337 1
7 1395 1
7 1490 1
7 1533 1
7 1554 1
7 1774 1
7 1989 1
7 2074 1
7 2141 1
7 2190 1
7 2264 1
7 2317 1
7 2543 1
7 3048 1
8 40 1
9 3 1
9 4 1
9 5 1
9 7 1
9 12 1
9 15 1
9 17 1
9 19 1
9 20 1
9 22 1
9 27 1
9 28 1
9 29 1
9 31 1
9 40 1
9 41 1
9 42 1
9 54 1
9 58 1
9 61 1
9 64 1
9 78 1
9 81 1
9 82 1
9 84 1
9 88 1
9 94 1
9 95 1
9 97 1
9 99 1
9 119 1
9 121 1
9 128 1
9 133 1
9 134 1
9 139 1
9 144 1
9 171 1
9 174 1
9 195 1
9 205 1
9 221 1
9 248 1
9 250 1
9 287 1
9 289 1
9 316 1
9 321 1
9 330 1
9 331 1
9 338 1
9 345 1
9 364 1
9 378 1
9 393 1
9 405 1
9 406 1
9 422 1
9 432 1
9 444 1
9 450 1
9 457 1
9 466 1
9 483 1
9 525 1
9 531 1
9 532 1
9 574 1
9 576 1
9 581 1
9 593 1
9 601 1
9 639 1
9 654 1
9 679 1
9 702 1
9 747 1
9 852 1
9 893 1
9 943 1
9 948 1
9 959 1
9 977 1
9 991 1
9 1005 1
9 1012 1
9 1014 1
9 1017 1
9 1027 1
9 1037 1
9 1043 1
9 1064 1
9 1100 1
9 1102 1
9 1104 1
9 1106 1
9 1224 1
9 1248 1
9 1291 1
9 1295 1
9 1316 1
9 1347 1
9 1368 1
9 1445 1
9 1526 1
9 1616 1
9 1746 1
9 1754 1
9 1812 1
9 1837 1
9 1961 1
9 1968 1
9 2053 1
9 2170 1
9 2292 1
9 2293 1
9 2408 1
9 2652 1
9 2657 1
9 2816 1
9 2970 1
9 3044 1
9 3064 1
10 7 1
10 9 1
10 15 1
10 19 1
10 28 1
10 48 1
10 88 1
10 138 1
10 186 1
10 216 1
10 280 1
10 473 1
10 654 1
10 769 1
10 893 1
10 1473 1
10 3175 1
11 15 1
11 40 1
11 57 1
11 102 1
12 9 1
12 20 1
12 31 1
12 42 1
12 57 1
12 102 1
12 138 1
12 205 1
12 220 1
12 281 1
12 289 1
12 291 1
12 321 1
12 558 1
12 699 1
12 1103 1
12 1754 1
15 19 1
15 33 1
15 78 1
15 90 1
15 106 1
15 119 1
15 133 1
15 134 1
15 393 1
15 466 1
15 893 1
15 1043 1
15 1787 1
16 5 1
16 9 1
16 17 1
16 20 1
16 42 1
16 57 1
16 139 1
16 148 1
16 221 1
16 283 1
16 333 1
17 5 1
17 9 1
17 20 1
17 41 1
17 42 1
17 57 1
17 58 1
17 61 1
17 64 1
17 74 1
17 78 1
17 95 1
17 99 1
17 102 1
17 105 1
17 106 1
17 119 1
17 122 1
17 133 1
17 148 1
17 281 1
17 283 1
17 289 1
17 345 1
17 346 1
17 370 1
17 473 1
17 511 1
17 525 1
17 532 1
17 538 1
17 540 1
17 574 1
17 1002 1
17 1017 1
17 1073 1
17 1473 1
17 2615 1
17 2682 1
19 5 1
19 7 1
19 9 1
19 29 1
19 33 1
19 54 1
19 58 1
19 78 1
19 121 1
19 179 1
19 346 1
19 422 1
19 455 1
19 531 1
19 893 1
20 7 1
20 11 1
20 25 1
20 33 1
20 40 1
20 41 1
20 57 1
20 83 1
20 94 1
20 119 1
20 122 1
20 280 1
20 330 1
20 483 1
20 893 1
20 1090 1
20 1824 1
21 57 1
22 28 1
22 40 1
22 42 1
22 61 1
22 281 1
22 2476 1
25 5 1
25 9 1
25 42 1
25 57 1
25 101 1
25 148 1
25 205 1
25 382 1
25 493 1
25 601 1
27 7 1
27 9 1
27 17 1
27 21 1
27 95 1
27 133 1
27 2223 1
28 3 1
28 5 1
28 9 1
28 17 1
28 19 1
28 31 1
28 40 1
28 42 1
28 56 1
28 57 1
28 74 1
28 82 1
28 91 1
28 99 1
28 102 1
28 106 1
28 122 1
28 133 1
28 171 1
28 174 1
28 195 1
28 283 1
28 289 1
28 291 1
28 383 1
28 456 1
28 511 1
28 574 1
28 639 1
28 769 1
28 893 1
28 1005 1
28 1181 1
28 1199 1
28 2844 1
29 7 1
29 19 1
29 42 1
29 144 1
29 187 1
29 216 1
29 289 1
29 531 1
29 943 1
29 2678 1
31 3 1
31 5 1
31 7 1
31 9 1
31 10 1
31 20 1
31 21 1
31 25 1
31 33 1
31 40 1
31 58 1
31 74 1
31 78 1
31 82 1
31 133 1
31 139 1
31 148 1
31 155 1
31 174 1
31 187 1
31 205 1
31 378 1
31 393 1
31 405 1
31 488 1
31 538 1
31 807 1
31 1313 1
31 1445 1
33 3 1
33 4 1
33 5 1
33 7 1
33 9 1
33 17 1
33 25 1
33 42 1
33 57 1
33 61 1
33 87 1
33 94 1
33 133 1
33 155 1
33 195 1
33 281 1
33 287 1
33 289 1
33 292 1
33 525 1
33 574 1
33 943 1
33 994 1
33 1078 1
33 1127 1
36 5 1
36 42 1
36 102 1
36 122 1
36 155 1
36 685 1
36 906 1
36 1035 1
37 31 1
37 40 1
37 95 1
37 525 1
37 1086 1
40 4 1
40 7 1
40 9 1
40 10 1
40 12 1
40 16 1
40 22 1
40 31 1
40 33 1
40 37 1
40 47 1
40 48 1
40 57 1
40 58 1
40 74 1
40 76 1
40 78 1
40 81 1
40 82 1
40 83 1
40 90 1
40 91 1
40 94 1
40 97 1
40 101 1
40 105 1
40 106 1
40 119 1
40 122 1
40 133 1
40 144 1
40 154 1
40 155 1
40 159 1
40 174 1
40 186 1
40 216 1
40 220 1
40 221 1
40 232 1
40 281 1
40 288 1
40 289 1
40 316 1
40 324 1
40 343 1
40 345 1
40 370 1
40 382 1
40 405 1
40 441 1
40 450 1
40 456 1
40 511 1
40 530 1
40 531 1
40 532 1
40 538 1
40 601 1
40 654 1
40 670 1
40 722 1
40 852 1
40 890 1
40 954 1
40 1002 1
40 1012 1
40 1017 1
40 1078 1
40 1106 1
40 1601 1
40 1746 1
40 1754 1
40 1774 1
40 2246 1
40 2292 1
40 2317 1
40 2484 1
40 2683 1
40 2713 1
41 5 1
41 10 1
41 17 1
41 20 1
41 27 1
41 40 1
41 58 1
41 82 1
41 94 1
41 95 1
41 101 1
41 102 1
41 134 1
41 174 1
41 280 1
41 283 1
41 333 1
41 632 1
41 670 1
41 769 1
41 893 1
41 1752 1
41 2228 1
41 2413 1
42 7 1
42 11 1
42 12 1
42 17 1
42 20 1
42 22 1
42 28 1
42 54 1
42 57 1
42 74 1
42 78 1
42 82 1
42 87 1
42 88 1
42 94 1
42 97 1
42 103 1
42 106 1
42 128 1
42 133 1
42 138 1
42 144 1
42 155 1
42 171 1
42 174 1
42 248 1
42 289 1
42 291 1
42 324 1
42 455 1
42 456 1
42 457 1
42 468 1
42 530 1
42 538 1
42 574 1
42 601 1
42 893 1
42 946 1
42 991 1
42 1027 1
42 1184 1
42 1313 1
42 1400 1
42 1490 1
42 1598 1
42 1668 1
42 1681 1
42 1746 1
42 1989 1
42 2317 1
42 2378 1
47 9 1
47 19 1
47 81 1
47 95 1
47 102 1
47 123 1
47 220 1
47 289 1
47 601 1
48 9 1
48 41 1
48 148 1
54 9 1
54 15 1
54 17 1
54 19 1
54 40 1
54 58 1
54 61 1
54 97 1
54 105 1
54 128 1
54 139 1
54 171 1
54 531 1
56 5 1
56 19 1
57 9 1
57 15 1
57 17 1
57 27 1
57 31 1
57 37 1
57 58 1
57 61 1
57 64 1
57 82 1
57 102 1
57 138 1
57 155 1
57 187 1
57 204 1
57 220 1
57 250 1
57 281 1
57 333 1
57 444 1
57 473 1
57 483 1
57 574 1
57 602 1
57 654 1
57 713 1
57 746 1
57 854 1
57 1032 1
57 1057 1
57 1445 1
57 1525 1
57 1601 1
57 1743 1
57 1989 1
57 2292 1
57 2388 1
57 2657 1
57 3058 1
58 5 1
58 7 1
58 10 1
58 12 1
58 29 1
58 33 1
58 42 1
58 61 1
58 74 1
58 119 1
58 128 1
58 139 1
58 280 1
58 393 1
58 532 1
58 572 1
58 3133 1
60 7 1
60 9 1
60 139 1
60 574 1
61 3 1
61 5 1
61 11 1
61 40 1
61 84 1
61 87 1
61 94 1
61 97 1
61 121 1
61 287 1
61 331 1
64 5 1
64 10 1
64 12 1
64 15 1
64 17 1
64 19 1
64 29 1
64 33 1
64 40 1
64 42 1
64 87 1
64 99 1
64 106 1
64 121 1
64 122 1
64 133 1
64 134 1
64 148 1
64 240 1
64 289 1
64 333 1
64 422 1
64 455 1
64 457 1
64 602 1
64 750 1
64 977 1
64 1014 1
64 1036 1
64 1043 1
64 1300 1
64 2028 1
67 3 1
67 17 1
67 22 1
67 29 1
67 40 1
67 58 1
67 60 1
67 71 1
67 99 1
67 134 1
67 148 1
67 205 1
67 473 1
67 890 1
67 910 1
70 9 1
70 99 1
71 33 1
71 58 1
71 696 1
71 854 1
71 1156 1
73 7 1
73 9 1
73 71 1
74 3 1
74 40 1
74 42 1
74 57 1
74 82 1
74 670 1
74 1479 1
76 57 1
76 148 1
76 2917 1
78 5 1
78 9 1
78 15 1
78 17 1
78 40 1
78 42 1
78 57 1
78 58 1
78 67 1
78 87 1
78 94 1
78 102 1
78 105 1
78 119 1
78 121 1
78 122 1
78 134 1
78 144 1
78 321 1
78 330 1
78 456 1
78 769 1
78 985 1
81 3 1
81 12 1
81 28 1
81 31 1
81 33 1
81 57 1
81 78 1
81 102 1
81 144 1
81 154 1
81 186 1
81 1027 1
81 1037 1
82 3 1
82 5 1
82 7 1
82 9 1
82 20 1
82 31 1
82 42 1
82 57 1
82 74 1
82 83 1
82 87 1
82 105 1
82 119 1
82 138 1
82 144 1
82 719 1
82 829 1
82 985 1
82 1027 1
82 1184 1
83 40 1
83 144 1
83 240 1
83 601 1
85 5 1
85 7 1
87 7 1
87 9 1
87 37 1
87 88 1
87 97 1
87 195 1
87 252 1
87 954 1
87 1099 1
87 1942 1
88 7 1
88 12 1
88 15 1
88 17 1
88 28 1
88 33 1
88 61 1
88 78 1
88 95 1
88 119 1
88 195 1
88 221 1
88 250 1
88 288 1
88 289 1
88 594 1
88 639 1
88 852 1
88 943 1
88 985 1
88 1774 1
88 1815 1
90 42 1
90 147 1
90 2200 1
91 119 1
94 5 1
94 7 1
94 9 1
94 19 1
94 31 1
94 40 1
94 57 1
94 102 1
94 148 1
94 174 1
94 205 1
94 288 1
94 456 1
94 532 1
94 538 1
94 540 1
94 654 1
94 959 1
95 7 1
95 10 1
95 15 1
95 31 1
95 58 1
95 102 1
95 108 1
95 119 1
95 205 1
95 248 1
95 280 1
95 288 1
95 321 1
95 531 1
95 654 1
95 746 1
95 854 1
95 1396 1
95 1773 1
95 2678 1
95 2806 1
95 2842 1
97 5 1
97 9 1
97 16 1
97 17 1
97 40 1
97 42 1
97 252 1
97 456 1
97 632 1
97 893 1
99 3 1
99 9 1
99 17 1
99 22 1
99 28 1
99 57 1
99 58 1
99 87 1
99 119 1
99 122 1
99 138 1
99 236 1
99 281 1
99 283 1
99 456 1
99 532 1
99 572 1
99 991 1
101 7 1
101 9 1
101 10 1
101 12 1
101 15 1
101 22 1
101 27 1
101 41 1
101 42 1
101 61 1
101 67 1
101 133 1
101 281 1
101 893 1
101 906 1
101 2507 1
102 5 1
102 31 1
102 33 1
102 42 1
102 57 1
102 61 1
102 87 1
102 88 1
102 138 1
102 144 1
102 281 1
102 287 1
102 291 1
102 893 1
102 910 1
102 1100 1
102 1199 1
102 1291 1
105 5 1
105 17 1
105 20 1
105 37 1
105 42 1
105 67 1
105 83 1
105 95 1
105 154 1
106 40 1
106 133 1
106 1004 1
106 1100 1
108 5 1
108 7 1
108 9 1
108 71 1
108 87 1
108 288 1
108 531 1
119 3 1
119 4 1
119 9 1
119 17 1
119 19 1
119 22 1
119 31 1
119 33 1
119 40 1
119 41 1
119 47 1
119 57 1
119 61 1
119 78 1
119 82 1
119 105 1
119 108 1
119 128 1
119 144 1
119 148 1
119 179 1
119 205 1
119 236 1
119 281 1
119 289 1
119 405 1
119 468 1
119 532 1
119 554 1
119 893 1
119 985 1
121 3 1
121 7 1
121 40 1
121 42 1
121 81 1
121 84 1
121 144 1
121 250 1
121 538 1
122 5 1
122 16 1
122 40 1
122 47 1
122 61 1
122 78 1
122 187 1
122 473 1
122 639 1
122 910 1
122 1816 1
122 2729 1
122 2880 1
123 20 1
123 40 1
128 3 1
128 17 1
128 40 1
128 57 1
128 94 1
128 139 1
128 670 1
128 1817 1
133 5 1
133 7 1
133 9 1
133 17 1
133 28 1
133 31 1
133 122 1
133 144 1
133 148 1
133 364 1
133 383 1
133 985 1
133 1473 1
134 7 1
134 16 1
134 20 1
134 42 1
134 58 1
134 85 1
134 97 1
134 574 1
134 893 1
138 5 1
138 7 1
138 9 1
138 28 1
138 40 1
138 95 1
138 97 1
138 102 1
138 122 1
138 1014 1
139 3 1
139 7 1
139 17 1
139 40 1
139 42 1
139 47 1
139 57 1
139 64 1
139 83 1
139 94 1
139 101 1
139 105 1
139 119 1
139 122 1
139 186 1
139 250 1
139 283 1
139 330 1
139 378 1
139 639 1
139 893 1
139 1501 1
139 1754 1
139 1878 1
139 3092 1
144 12 1
144 47 1
144 97 1
144 138 1
144 179 1
144 303 1
144 893 1
144 1320 1
144 1347 1
147 7 1
147 81 1
147 289 1
147 1601 1
148 7 1
148 9 1
148 10 1
148 27 1
148 28 1
148 41 1
148 61 1
148 82 1
148 87 1
148 95 1
148 97 1
148 121 1
148 122 1
148 139 1
148 171 1
148 174 1
148 204 1
148 466 1
148 532 1
148 574 1
148 910 1
148 1017 1
148 1175 1
148 1184 1
148 1491 1
148 1497 1
148 2657 1
154 5 1
154 9 1
154 20 1
154 29 1
154 57 1
154 61 1
154 64 1
154 99 1
154 121 1
154 148 1
154 280 1
154 289 1
154 538 1
154 574 1
154 852 1
154 918 1
154 1256 1
155 5 1
155 7 1
155 9 1
155 40 1
155 95 1
155 138 1
155 205 1
155 750 1
155 1005 1
155 1027 1
171 7 1
171 17 1
171 40 1
171 42 1
171 61 1
171 179 1
171 489 1
171 574 1
171 1089 1
174 58 1
174 283 1
174 531 1
179 9 1
179 15 1
179 40 1
179 42 1
179 57 1
179 94 1
179 283 1
179 457 1
179 1106 1
186 9 1
186 25 1
186 29 1
186 33 1
186 60 1
186 82 1
186 119 1
186 221 1
186 422 1
187 5 1
187 9 1
187 101 1
187 250 1
187 252 1
195 7 1
195 9 1
195 10 1
195 16 1
195 25 1
195 42 1
195 58 1
195 61 1
195 78 1
195 102 1
195 122 1
195 133 1
195 138 1
195 280 1
195 283 1
195 330 1
195 333 1
195 504 1
195 842 1
195 910 1
195 1014 1
195 1106 1
195 1940 1
204 28 1
204 41 1
204 287 1
205 5 1
205 10 1
205 31 1
205 33 1
205 40 1
205 42 1
205 95 1
205 119 1
205 122 1
205 138 1
205 220 1
205 531 1
205 558 1
205 632 1
205 893 1
205 1017 1
205 1366 1
205 2645 1
216 7 1
216 9 1
216 40 1
216 57 1
216 287 1
216 893 1
220 5 1
220 9 1
220 25 1
220 40 1
220 42 1
220 119 1
220 171 1
220 195 1
220 250 1
220 457 1
221 5 1
221 28 1
221 40 1
221 57 1
221 139 1
221 148 1
221 240 1
221 281 1
221 284 1
221 627 1
224 9 1
224 15 1
224 17 1
224 19 1
224 31 1
224 33 1
224 42 1
224 47 1
224 57 1
224 64 1
224 78 1
224 102 1
224 121 1
224 138 1
224 154 1
224 236 1
224 258 1
224 405 1
224 456 1
224 483 1
224 582 1
224 699 1
224 1127 1
224 2079 1
232 82 1
236 3 1
236 7 1
236 42 1
236 48 1
236 288 1
236 538 1
236 918 1
240 7 1
240 9 1
240 78 1
240 81 1
240 139 1
248 82 1
248 102 1
250 40 1
252 40 1
252 769 1
258 3 1
258 7 1
258 19 1
258 155 1
259 5 1
259 31 1
259 42 1
259 81 1
259 138 1
259 2193 1
280 20 1
280 101 1
280 148 1
280 174 1
280 483 1
280 1261 1
281 7 1
281 9 1
281 83 1
281 88 1
281 102 1
281 106 1
281 119 1
281 148 1
281 953 1
281 954 1
281 977 1
281 1100 1
281 1886 1
283 7 1
283 9 1
283 20 1
283 40 1
283 57 1
283 61 1
283 511 1
283 769 1
283 979 1
283 1027 1
283 1763 1
284 19 1
287 5 1
287 138 1
287 456 1
288 9 1
288 17 1
288 40 1
288 57 1
288 82 1
288 148 1
288 292 1
288 370 1
288 639 1
289 40 1
289 42 1
289 91 1
289 139 1
289 186 1
289 283 1
289 1012 1
291 3 1
291 9 1
291 41 1
291 42 1
291 57 1
291 88 1
291 324 1
292 3 1
292 9 1
292 12 1
292 15 1
292 19 1
292 28 1
292 31 1
292 40 1
292 58 1
292 78 1
292 88 1
292 97 1
292 139 1
292 303 1
292 456 1
292 457 1
292 943 1
292 1199 1
292 1336 1
292 1522 1
296 148 1
303 33 1
303 42 1
303 119 1
303 122 1
303 280 1
303 592 1
303 1017 1
316 3 1
316 5 1
316 17 1
316 19 1
316 28 1
316 42 1
316 61 1
316 64 1
316 95 1
316 174 1
316 205 1
316 442 1
316 910 1
316 1362 1
321 28 1
321 102 1
321 1043 1
324 7 1
324 10 1
324 17 1
324 432 1
324 948 1
331 139 1
331 221 1
331 240 1
333 82 1
333 101 1
333 148 1
333 224 1
333 632 1
333 948 1
333 1337 1
338 10 1
338 19 1
338 40 1
338 105 1
338 854 1
343 7 1
343 42 1
343 138 1
343 216 1
343 386 1
345 5 1
345 7 1
345 42 1
346 15 1
346 17 1
346 25 1
346 31 1
346 40 1
346 128 1
361 10 1
361 58 1
361 283 1
361 457 1
364 7 1
364 19 1
364 33 1
364 88 1
364 95 1
364 134 1
370 88 1
370 95 1
370 746 1
370 807 1
378 7 1
378 31 1
378 40 1
378 95 1
378 119 1
378 539 1
382 9 1
382 67 1
386 9 1
393 9 1
393 281 1
405 7 1
405 106 1
405 144 1
405 236 1
405 1261 1
406 5 1
406 28 1
406 40 1
406 41 1
406 57 1
422 5 1
422 9 1
422 42 1
422 60 1
431 9 1
431 42 1
431 224 1
431 333 1
432 289 1
441 9 1
441 15 1
441 719 1
442 9 1
442 64 1
442 627 1
444 5 1
444 33 1
444 58 1
444 174 1
449 9 1
449 106 1
449 531 1
450 5 1
450 64 1
450 101 1
450 205 1
450 627 1
455 3 1
455 5 1
455 10 1
455 95 1
455 179 1
455 457 1
456 7 1
456 9 1
456 42 1
456 64 1
456 81 1
456 87 1
456 1259 1
457 40 1
457 41 1
466 5 1
466 9 1
466 31 1
466 42 1
466 57 1
466 450 1
466 602 1
466 1784 1
468 5 1
468 9 1
468 74 1
468 78 1
468 288 1
468 455 1
468 489 1
468 893 1
473 9 1
473 31 1
473 33 1
473 42 1
473 88 1
473 97 1
473 174 1
473 370 1
473 576 1
481 27 1
488 3 1
488 5 1
488 31 1
488 57 1
488 291 1
489 71 1
489 807 1
493 7 1
493 19 1
493 20 1
493 41 1
493 82 1
493 994 1
511 7 1
511 9 1
511 19 1
511 2657 1
525 57 1
525 82 1
525 699 1
530 9 1
530 22 1
531 5 1
531 9 1
531 15 1
531 19 1
531 20 1
531 28 1
531 40 1
531 41 1
531 57 1
531 58 1
531 88 1
531 97 1
531 101 1
531 122 1
531 148 1
531 221 1
531 316 1
531 985 1
531 1937 1
532 7 1
532 9 1
532 42 1
532 81 1
532 95 1
532 442 1
538 33 1
538 105 1
539 3 1
539 9 1
539 19 1
539 333 1
540 5 1
540 9 1
540 15 1
540 31 1
540 40 1
540 42 1
540 64 1
540 119 1
540 288 1
540 289 1
540 574 1
540 639 1
540 1773 1
554 9 1
554 40 1
554 105 1
554 122 1
554 468 1
558 29 1
558 57 1
558 155 1
570 88 1
571 119 1
572 9 1
572 19 1
572 40 1
572 64 1
572 78 1
572 94 1
572 102 1
572 187 1
572 195 1
572 406 1
572 422 1
572 489 1
572 1187 1
572 2291 1
572 2507 1
574 5 1
574 7 1
574 9 1
574 19 1
574 97 1
574 155 1
574 531 1
574 670 1
576 40 1
576 133 1
576 918 1
581 5 1
582 468 1
582 639 1
592 42 1
593 57 1
594 144 1
601 11 1
601 20 1
601 33 1
601 42 1
601 106 1
601 205 1
601 1299 1
602 5 1
602 9 1
602 119 1
602 1127 1
627 7 1
627 9 1
627 57 1
627 61 1
627 133 1
627 195 1
627 281 1
632 28 1
632 57 1
632 94 1
632 122 1
639 5 1
639 17 1
639 25 1
639 28 1
639 40 1
639 102 1
639 119 1
639 1598 1
640 102 1
640 205 1
654 15 1
654 61 1
654 81 1
654 393 1
654 750 1
670 3 1
670 9 1
670 19 1
670 31 1
670 40 1
670 195 1
671 3 1
678 40 1
678 57 1
678 94 1
678 108 1
678 139 1
678 283 1
678 531 1
679 40 1
679 121 1
696 174 1
699 10 1
699 61 1
699 393 1
699 746 1
702 40 1
702 78 1
713 9 1
713 105 1
713 281 1
713 640 1
719 33 1
719 154 1
722 58 1
722 747 1
722 893 1
746 5 1
746 7 1
746 9 1
746 105 1
746 236 1
750 7 1
750 174 1
750 2376 1
769 19 1
769 31 1
769 40 1
769 221 1
795 7 1
795 12 1
795 19 1
795 58 1
795 95 1
795 893 1
807 5 1
807 25 1
807 42 1
807 61 1
807 82 1
829 10 1
829 40 1
842 19 1
852 7 1
852 17 1
852 31 1
852 40 1
852 42 1
852 102 1
852 138 1
852 289 1
854 58 1
858 9 1
890 7 1
890 19 1
890 33 1
893 9 1
893 19 1
893 33 1
893 1366 1
906 7 1
906 42 1
910 3 1
910 33 1
910 42 1
910 105 1
910 155 1
910 539 1
910 702 1
910 1104 1
910 2464 1
918 5 1
918 7 1
918 9 1
918 61 1
918 94 1
918 1754 1
922 19 1
922 105 1
943 9 1
943 28 1
943 31 1
943 40 1
943 97 1
943 1027 1
946 10 1
946 31 1
948 7 1
948 40 1
948 122 1
948 1206 1
954 9 1
954 248 1
956 42 1
956 473 1
959 3 1
959 9 1
959 12 1
959 17 1
959 33 1
959 108 1
977 7 1
977 20 1
977 28 1
977 47 1
977 57 1
977 138 1
977 144 1
979 19 1
979 84 1
985 9 1
985 17 1
985 195 1
985 3041 1
991 42 1
991 121 1
994 15 1
994 205 1
1002 19 1
1002 20 1
1004 57 1
1005 7 1
1005 9 1
1005 10 1
1005 42 1
1012 102 1
1012 119 1
1014 40 1
1014 42 1
1014 187 1
1014 370 1
1014 406 1
1014 531 1
1017 25 1
1017 57 1
1017 139 1
1017 316 1
1017 333 1
1017 1002 1
1018 31 1
1027 7 1
1027 9 1
1027 42 1
1027 84 1
1027 281 1
1032 9 1
1032 186 1
1035 19 1
1035 28 1
1035 119 1
1035 678 1
1035 713 1
1036 4 1
1036 28 1
1036 148 1
1037 94 1
1043 40 1
1043 42 1
1043 87 1
1043 148 1
1043 174 1
1057 9 1
1064 9 1
1064 42 1
1071 42 1
1072 40 1
1072 57 1
1072 76 1
1073 78 1
1078 7 1
1078 58 1
1078 64 1
1078 81 1
1078 82 1
1078 2190 1
1089 9 1
1089 102 1
1090 7 1
1099 910 1
1100 5 1
1100 20 1
1100 41 1
1100 205 1
1100 627 1
1100 890 1
1100 1072 1
1102 7 1
1102 122 1
1102 138 1
1103 554 1
1104 25 1
1104 94 1
1104 119 1
1104 195 1
1106 25 1
1106 99 1
1106 531 1
1106 722 1
1106 1731 1
1115 15 1
1127 5 1
1127 97 1
1127 283 1
1156 979 1
1164 9 1
1164 1787 1
1175 9 1
1184 7 1
1184 17 1
1184 40 1
1184 122 1
1184 702 1
1193 3 1
1199 9 1
1206 639 1
1206 1784 1
1206 3077 1
1220 40 1
1220 531 1
1224 378 1
1248 88 1
1255 7 1
1255 31 1
1255 40 1
1256 91 1
1259 17 1
1259 57 1
1259 101 1
1261 12 1
1261 422 1
1291 17 1
1291 84 1
1295 893 1
1299 9 1
1299 101 1
1316 9 1
1320 9 1
1320 2618 1
1336 20 1
1336 33 1
1336 40 1
1336 1164 1
1336 1286 1
1337 9 1
1337 25 1
1347 61 1
1347 554 1
1347 685 1
1361 19 1
1362 5 1
1366 9 1
1366 531 1
1366 893 1
1368 3 1
1395 25 1
1395 283 1
1396 15 1
1396 121 1
1400 31 1
1400 102 1
1428 42 1
1445 61 1
1473 3 1
1473 5 1
1473 7 1
1473 9 1
1473 42 1
1479 64 1
1479 696 1
1490 27 1
1490 40 1
1491 893 1
1497 187 1
1501 94 1
1514 57 1
1522 42 1
1522 102 1
1522 123 1
1525 3 1
1525 87 1
1525 138 1
1525 442 1
1526 95 1
1533 7 1
1554 284 1
1561 283 1
1561 601 1
1597 5 1
1598 5 1
1598 9 1
1598 94 1
1601 9 1
1601 58 1
1601 139 1
1601 1313 1
1616 31 1
1668 29 1
1681 9 1
1681 102 1
1731 19 1
1731 40 1
1743 40 1
1746 5 1
1752 40 1
1754 9 1
1754 22 1
1754 33 1
1754 281 1
1754 1206 1
1773 9 1
1773 58 1
1773 769 1
1774 102 1
1781 3 1
1781 60 1
1784 58 1
1787 3 1
1787 7 1
1787 40 1
1787 57 1
1787 122 1
1812 3 1
1812 97 1
1815 5 1
1815 84 1
1815 280 1
1816 9 1
1816 1043 1
1824 40 1
1824 57 1
1824 119 1
1837 42 1
1878 538 1
1886 9 1
1893 42 1
1906 3 1
1928 21 1
1937 91 1
1937 292 1
1940 90 1
1942 102 1
1961 5 1
1968 101 1
1989 28 1
1989 205 1
2043 40 1
2053 7 1
2067 25 1
2074 7 1
2074 19 1
2074 893 1
2079 17 1
2079 148 1
2141 122 1
2170 40 1
2177 3 1
2177 9 1
2190 95 1
2190 102 1
2193 3 1
2200 9 1
2200 531 1
2209 33 1
2223 57 1
2226 12 1
2226 1014 1
2228 57 1
2264 5 1
2291 205 1
2292 119 1
2292 133 1
2292 511 1
2292 943 1
2293 9 1
2293 88 1
2376 9 1
2378 3 1
2388 2317 1
2405 88 1
2408 42 1
2413 574 1
2413 1027 1
2414 61 1
2464 1299 1
2476 57 1
2484 64 1
2507 9 1
2532 41 1
2543 5 1
2575 42 1
2584 186 1
2609 5 1
2609 57 1
2615 41 1
2618 101 1
2645 40 1
2646 139 1
2652 5 1
2657 5 1
2657 17 1
2678 9 1
2678 105 1
2682 7 1
2683 84 1
2683 795 1
2713 291 1
2727 25 1
2729 57 1
2806 82 1
2816 122 1
2842 7 1
2844 25 1
2878 148 1
2880 3 1
2880 25 1
2895 40 1
2915 9 1
2917 9 1
3011 95 1
3041 87 1
3044 144 1
3048 4 1
3058 2507 1
3064 42 1
3077 9 1
3092 910 1
3128 1078 1
3133 5 1
3146 139 1
3148 9 1
3175 9 1
