3 4 1
3 9 1
3 10 1
3 12 1
3 20 1
3 25 1
3 31 1
3 37 1
3 40 1
3 41 1
3 47 1
3 57 1
3 58 1
3 61 1
3 95 1
3 101 1
3 102 1
3 119 1
3 121 1
3 134 1
3 148 1
3 155 1
3 250 1
3 288 1
3 331 1
3 456 1
3 468 1
3 531 1
3 582 1
3 627 1
3 670 1
3 678 1
3 685 1
3 722 1
3 954 1
3 979 1
3 1184 1
3 2291 1
3 2476 1
3 2484 1
3 2844 1
4 5 1
4 7 1
4 42 1
4 57 1
4 78 1
4 97 1
4 281 1
5 9 1
5 10 1
5 12 1
5 17 1
5 19 1
5 20 1
5 25 1
5 27 1
5 40 1
5 41 1
5 42 1
5 60 1
5 78 1
5 91 1
5 95 1
5 99 1
5 101 1
5 102 1
5 105 1
5 128 1
5 144 1
5 148 1
5 186 1
5 195 1
5 236 1
5 343 1
5 345 1
5 378 1
5 422 1
5 466 1
5 504 1
5 532 1
5 574 1
5 593 1
5 639 1
5 807 1
5 854 1
5 893 1
5 948 1
5 977 1
5 1027 1
5 1064 1
5 1127 1
5 1184 1
5 1206 1
5 1525 1
5 1754 1
5 1989 1
5 2236 1
5 2652 1
5 3092 1
7 3 1
7 9 1
7 11 1
7 12 1
7 15 1
7 17 1
7 19 1
7 20 1
7 25 1
7 27 1
7 28 1
7 29 1
7 31 1
7 40 1
7 57 1
7 58 1
7 60 1
7 64 1
7 71 1
7 74 1
7 78 1
7 81 1
7 82 1
7 83 1
7 94 1
7 95 1
7 97 1
7 99 1
7 102 1
7 105 1
7 106 1
7 108 1
7 119 1
7 121 1
7 122 1
7 133 1
7 139 1
7 147 1
7 148 1
7 174 1
7 195 1
7 205 1
7 216 1
7 236 1
7 281 1
7 283 1
7 289 1
7 324 1
7 331 1
7 333 1
7 345 1
7 346 1
7 378 1
7 382 1
7 386 1
7 393 1
7 422 1
7 432 1
7 455 1
7 456 1
7 473 1
7 493 1
7 511 1
7 532 1
7 558 1
7 574 1
7 601 1
7 602 1
7 632 1
7 654 1
7 670 1
7 679 1
7 719 1
7 747 1
7 852 1
7 893 1
7 910 1
7 918 1
7 943 1
7 948 1
7 953 1
7 959 1
7 977 1
7 1012 1
7 1018 1
7 1027 1
7 1078 1
7 1248 1
7 1286 1
7 1320 1
7 1601 1
7 1773 1
7 1817 1
7 2053 1
7 2293 1
7 2842 1
7 2970 1
7 3044 1
7 3077 1
8 57 1
9 3 1
9 7 1
9 10 1
9 12 1
9 15 1
9 17 1
9 19 1
9 20 1
9 22 1
9 27 1
9 28 1
9 31 1
9 33 1
9 37 1
9 40 1
9 47 1
9 54 1
9 56 1
9 57 1
9 61 1
9 64 1
9 67 1
9 71 1
9 76 1
9 78 1
9 81 1
9 82 1
9 84 1
9 88 1
9 91 1
9 94 1
9 97 1
9 102 1
9 106 1
9 108 1
9 121 1
9 122 1
9 133 1
9 144 1
9 148 1
9 174 1
9 186 1
9 187 1
9 216 1
9 220 1
9 221 1
9 240 1
9 248 1
9 250 1
9 252 1
9 280 1
9 283 1
9 284 1
9 287 1
9 288 1
9 289 1
9 291 1
9 292 1
9 333 1
9 343 1
9 370 1
9 405 1
9 422 1
9 456 1
9 457 1
9 468 1
9 483 1
9 531 1
9 532 1
9 538 1
9 601 1
9 602 1
9 639 1
9 654 1
9 679 1
9 696 1
9 713 1
9 722 1
9 746 1
9 795 1
9 807 1
9 852 1
9 893 1
9 906 1
9 943 1
9 953 1
9 985 1
9 991 1
9 994 1
9 1012 1
9 1014 1
9 1027 1
9 1043 1
9 1127 1
9 1156 1
9 1187 1
9 1199 1
9 1256 1
9 1291 1
9 1299 1
9 1316 1
9 1337 1
9 1366 1
9 1473 1
9 1490 1
9 1526 1
9 1598 1
9 1601 1
9 1616 1
9 1746 1
9 1754 1
9 1773 1
9 1774 1
9 1989 1
9 2074 1
9 2223 1
9 2292 1
9 2317 1
9 2376 1
9 2543 1
9 2645 1
9 2657 1
9 2678 1
10 7 1
10 19 1
10 28 1
10 61 1
10 81 1
10 87 1
10 88 1
10 99 1
10 138 1
10 148 1
10 205 1
10 316 1
10 450 1
10 574 1
10 702 1
10 1313 1
10 2317 1
11 5 1
11 10 1
11 57 1
11 95 1
12 7 1
12 9 1
12 19 1
12 22 1
12 25 1
12 40 1
12 42 1
12 78 1
12 138 1
12 240 1
12 281 1
12 338 1
12 890 1
12 893 1
12 910 1
12 985 1
12 1681 1
15 5 1
15 7 1
15 31 1
15 57 1
15 82 1
15 105 1
15 122 1
15 148 1
15 248 1
15 538 1
15 946 1
15 1027 1
15 3064 1
16 19 1
16 41 1
16 94 1
16 121 1
16 174 1
16 186 1
16 281 1
16 406 1
16 457 1
16 468 1
16 2228 1
17 3 1
17 5 1
17 9 1
17 19 1
17 20 1
17 22 1
17 28 1
17 31 1
17 40 1
17 42 1
17 54 1
17 58 1
17 64 1
17 88 1
17 99 1
17 101 1
17 105 1
17 119 1
17 122 1
17 155 1
17 195 1
17 205 1
17 283 1
17 345 1
17 393 1
17 405 1
17 442 1
17 450 1
17 488 1
17 531 1
17 574 1
17 576 1
17 713 1
17 746 1
17 893 1
17 1027 1
17 1073 1
17 2193 1
17 2507 1
19 7 1
19 9 1
19 11 1
19 33 1
19 40 1
19 42 1
19 82 1
19 102 1
19 105 1
19 119 1
19 195 1
19 574 1
19 991 1
19 1005 1
19 1396 1
20 3 1
20 33 1
20 41 1
20 42 1
20 57 1
20 78 1
20 97 1
20 250 1
20 442 1
20 594 1
20 699 1
20 893 1
20 1002 1
20 1017 1
20 1043 1
20 1473 1
20 2079 1
21 457 1
22 4 1
22 17 1
22 25 1
22 31 1
22 42 1
22 102 1
25 17 1
25 19 1
25 21 1
25 41 1
25 58 1
25 61 1
25 121 1
25 128 1
25 538 1
25 2200 1
27 33 1
27 40 1
27 42 1
27 91 1
27 283 1
27 287 1
27 893 1
28 7 1
28 9 1
28 10 1
28 15 1
28 16 1
28 22 1
28 31 1
28 40 1
28 42 1
28 54 1
28 57 1
28 78 1
28 95 1
28 121 1
28 133 1
28 138 1
28 144 1
28 148 1
28 154 1
28 155 1
28 174 1
28 204 1
28 287 1
28 289 1
28 333 1
28 525 1
28 582 1
28 592 1
28 893 1
28 948 1
28 985 1
28 994 1
28 1100 1
28 1337 1
28 2190 1
29 3 1
29 5 1
29 7 1
29 9 1
29 31 1
29 40 1
29 57 1
29 64 1
29 102 1
29 1184 1
31 3 1
31 7 1
31 9 1
31 10 1
31 19 1
31 25 1
31 28 1
31 29 1
31 33 1
31 40 1
31 41 1
31 78 1
31 81 1
31 94 1
31 97 1
31 99 1
31 102 1
31 134 1
31 216 1
31 291 1
31 531 1
31 574 1
31 602 1
31 639 1
31 654 1
31 750 1
31 769 1
31 893 1
31 1027 1
33 5 1
33 7 1
33 9 1
33 10 1
33 15 1
33 25 1
33 40 1
33 42 1
33 58 1
33 87 1
33 99 1
33 102 1
33 119 1
33 144 1
33 148 1
33 174 1
33 287 1
33 291 1
33 292 1
33 383 1
33 468 1
33 538 1
33 602 1
33 627 1
33 943 1
36 7 1
36 9 1
36 57 1
36 67 1
36 94 1
36 102 1
36 119 1
36 205 1
37 3 1
37 5 1
37 15 1
37 25 1
37 40 1
40 3 1
40 4 1
40 5 1
40 9 1
40 10 1
40 11 1
40 15 1
40 16 1
40 17 1
40 19 1
40 21 1
40 27 1
40 28 1
40 31 1
40 41 1
40 42 1
40 58 1
40 61 1
40 64 1
40 74 1
40 82 1
40 83 1
40 88 1
40 97 1
40 105 1
40 106 1
40 122 1
40 128 1
40 133 1
40 134 1
40 144 1
40 155 1
40 171 1
40 179 1
40 187 1
40 205 1
40 220 1
40 221 1
40 240 1
40 281 1
40 288 1
40 330 1
40 333 1
40 338 1
40 346 1
40 378 1
40 383 1
40 393 1
40 405 1
40 422 1
40 444 1
40 466 1
40 530 1
40 532 1
40 538 1
40 540 1
40 639 1
40 713 1
40 769 1
40 829 1
40 852 1
40 943 1
40 985 1
40 1004 1
40 1005 1
40 1014 1
40 1086 1
40 1106 1
40 1184 1
40 1199 1
40 1533 1
40 1754 1
40 1781 1
40 1893 1
40 2246 1
40 2292 1
40 2317 1
40 2388 1
40 2464 1
40 2816 1
41 3 1
41 5 1
41 7 1
41 9 1
41 15 1
41 17 1
41 33 1
41 42 1
41 58 1
41 61 1
41 78 1
41 95 1
41 102 1
41 119 1
41 147 1
41 148 1
41 159 1
41 422 1
41 457 1
41 593 1
41 910 1
41 1336 1
41 1763 1
41 1961 1
42 4 1
42 9 1
42 10 1
42 11 1
42 16 1
42 17 1
42 19 1
42 20 1
42 22 1
42 25 1
42 27 1
42 29 1
42 33 1
42 47 1
42 57 1
42 58 1
42 61 1
42 82 1
42 85 1
42 105 1
42 119 1
42 122 1
42 133 1
42 144 1
42 155 1
42 171 1
42 205 1
42 220 1
42 232 1
42 281 1
42 321 1
42 333 1
42 393 1
42 405 1
42 531 1
42 554 1
42 558 1
42 639 1
42 713 1
42 769 1
42 854 1
42 943 1
42 959 1
42 991 1
42 1017 1
42 1078 1
42 1395 1
42 1445 1
42 1473 1
42 1754 1
42 2378 1
42 2413 1
47 7 1
47 25 1
47 33 1
47 82 1
47 83 1
47 106 1
47 133 1
47 532 1
47 1366 1
48 9 1
48 31 1
48 133 1
54 3 1
54 7 1
54 9 1
54 17 1
54 29 1
54 42 1
54 58 1
54 82 1
54 144 1
54 511 1
54 632 1
54 750 1
54 1104 1
56 20 1
56 88 1
57 5 1
57 9 1
57 12 1
57 17 1
57 25 1
57 28 1
57 47 1
57 71 1
57 95 1
57 106 1
57 122 1
57 155 1
57 187 1
57 195 1
57 236 1
57 258 1
57 281 1
57 289 1
57 324 1
57 330 1
57 370 1
57 441 1
57 456 1
57 457 1
57 489 1
57 504 1
57 532 1
57 538 1
57 639 1
57 852 1
57 1005 1
57 1036 1
57 1037 1
57 1099 1
57 1295 1
57 1362 1
57 1522 1
57 1774 1
57 2915 1
58 3 1
58 7 1
58 9 1
58 20 1
58 64 1
58 67 1
58 94 1
58 97 1
58 101 1
58 121 1
58 139 1
58 204 1
58 283 1
58 316 1
58 893 1
58 1291 1
58 2678 1
60 9 1
60 40 1
60 58 1
60 531 1
61 19 1
61 29 1
61 42 1
61 97 1
61 128 1
61 148 1
61 321 1
61 540 1
61 893 1
61 1491 1
61 2615 1
64 3 1
64 5 1
64 10 1
64 19 1
64 27 1
64 33 1
64 40 1
64 42 1
64 61 1
64 67 1
64 74 1
64 84 1
64 94 1
64 119 1
64 122 1
64 138 1
64 139 1
64 148 1
64 154 1
64 186 1
64 250 1
64 284 1
64 289 1
64 383 1
64 473 1
64 511 1
64 531 1
64 574 1
64 956 1
64 1445 1
64 1731 1
64 2657 1
67 3 1
67 7 1
67 10 1
67 19 1
67 33 1
67 40 1
67 57 1
67 61 1
67 87 1
67 95 1
67 119 1
67 216 1
67 422 1
67 1106 1
67 1261 1
70 17 1
70 102 1
71 5 1
71 19 1
71 40 1
71 42 1
71 316 1
73 20 1
73 42 1
73 138 1
74 5 1
74 7 1
74 17 1
74 42 1
74 78 1
74 101 1
74 119 1
76 5 1
76 20 1
76 57 1
78 5 1
78 7 1
78 9 1
78 17 1
78 20 1
78 33 1
78 42 1
78 74 1
78 82 1
78 97 1
78 102 1
78 133 1
78 148 1
78 171 1
78 174 1
78 179 1
78 280 1
78 333 1
78 370 1
78 531 1
78 893 1
78 910 1
78 1100 1
81 5 1
81 9 1
81 17 1
81 29 1
81 33 1
81 61 1
81 88 1
81 289 1
81 405 1
81 473 1
81 702 1
81 1490 1
81 2806 1
82 4 1
82 7 1
82 9 1
82 19 1
82 42 1
82 78 1
82 81 1
82 94 1
82 99 1
82 101 1
82 119 1
82 122 1
82 144 1
82 148 1
82 289 1
82 431 1
82 640 1
82 1012 1
82 1027 1
82 1057 1
83 40 1
83 57 1
83 144 1
83 769 1
85 292 1
85 393 1
87 9 1
87 17 1
87 48 1
87 57 1
87 58 1
87 82 1
87 102 1
87 769 1
87 893 1
87 1479 1
88 7 1
88 17 1
88 20 1
88 27 1
88 28 1
88 64 1
88 82 1
88 87 1
88 122 1
88 138 1
88 283 1
88 287 1
88 289 1
88 291 1
88 378 1
88 405 1
88 540 1
88 654 1
88 1002 1
88 1102 1
88 1815 1
88 2618 1
90 7 1
90 20 1
90 61 1
91 94 1
94 3 1
94 5 1
94 7 1
94 9 1
94 15 1
94 20 1
94 22 1
94 28 1
94 57 1
94 61 1
94 95 1
94 119 1
94 123 1
94 205 1
94 280 1
94 455 1
94 1017 1
94 1784 1
95 7 1
95 9 1
95 12 1
95 17 1
95 29 1
95 33 1
95 40 1
95 81 1
95 87 1
95 91 1
95 94 1
95 106 1
95 119 1
95 144 1
95 393 1
95 572 1
95 639 1
95 893 1
95 991 1
95 1224 1
95 1812 1
95 1989 1
97 3 1
97 7 1
97 9 1
97 40 1
97 88 1
97 119 1
97 139 1
97 405 1
97 654 1
97 1004 1
99 3 1
99 7 1
99 9 1
99 17 1
99 28 1
99 31 1
99 40 1
99 61 1
99 71 1
99 82 1
99 102 1
99 133 1
99 378 1
99 632 1
99 854 1
99 954 1
99 977 1
99 1668 1
101 9 1
101 17 1
101 19 1
101 33 1
101 40 1
101 42 1
101 74 1
101 87 1
101 88 1
101 133 1
101 187 1
101 248 1
101 281 1
101 627 1
101 842 1
101 910 1
102 5 1
102 7 1
102 28 1
102 40 1
102 41 1
102 57 1
102 81 1
102 84 1
102 122 1
102 128 1
102 174 1
102 220 1
102 364 1
102 483 1
102 539 1
102 750 1
102 890 1
102 2880 1
105 8 1
105 9 1
105 10 1
105 42 1
105 82 1
105 119 1
105 139 1
105 457 1
105 699 1
106 9 1
106 42 1
106 97 1
106 187 1
108 5 1
108 9 1
108 33 1
108 95 1
108 133 1
108 531 1
108 1787 1
119 3 1
119 12 1
119 19 1
119 25 1
119 41 1
119 42 1
119 57 1
119 81 1
119 83 1
119 88 1
119 90 1
119 94 1
119 102 1
119 122 1
119 133 1
119 148 1
119 174 1
119 250 1
119 280 1
119 283 1
119 289 1
119 393 1
119 466 1
119 489 1
119 504 1
119 525 1
119 746 1
119 893 1
119 1259 1
119 1878 1
119 2917 1
121 7 1
121 15 1
121 17 1
121 31 1
121 41 1
121 42 1
121 288 1
121 303 1
121 1824 1
122 9 1
122 25 1
122 31 1
122 40 1
122 90 1
122 102 1
122 105 1
122 144 1
122 148 1
122 250 1
122 457 1
122 554 1
122 2190 1
123 9 1
123 31 1
128 20 1
128 41 1
128 42 1
128 82 1
128 95 1
128 119 1
128 456 1
128 576 1
133 7 1
133 9 1
133 15 1
133 17 1
133 40 1
133 42 1
133 78 1
133 119 1
133 122 1
133 139 1
133 155 1
133 281 1
133 331 1
134 33 1
134 42 1
134 57 1
134 61 1
134 88 1
134 128 1
134 281 1
134 699 1
134 1100 1
138 9 1
138 25 1
138 40 1
138 42 1
138 47 1
138 95 1
138 205 1
138 333 1
138 456 1
138 493 1
139 9 1
139 12 1
139 17 1
139 31 1
139 47 1
139 57 1
139 61 1
139 83 1
139 87 1
139 99 1
139 101 1
139 106 1
139 119 1
139 121 1
139 122 1
139 154 1
139 205 1
139 224 1
139 627 1
139 639 1
139 918 1
139 948 1
139 1014 1
139 1816 1
139 3048 1
144 17 1
144 71 1
144 87 1
144 97 1
144 102 1
144 119 1
144 128 1
144 138 1
144 1103 1
147 7 1
147 17 1
147 19 1
147 287 1
148 9 1
148 11 1
148 19 1
148 31 1
148 40 1
148 42 1
148 57 1
148 58 1
148 87 1
148 97 1
148 102 1
148 121 1
148 133 1
148 139 1
148 195 1
148 281 1
148 283 1
148 538 1
148 570 1
148 574 1
148 746 1
148 893 1
148 910 1
148 977 1
148 1017 1
148 1598 1
148 2028 1
154 3 1
154 5 1
154 12 1
154 15 1
154 16 1
154 40 1
154 42 1
154 81 1
154 95 1
154 102 1
154 119 1
154 122 1
154 174 1
154 205 1
154 370 1
154 442 1
154 893 1
155 5 1
155 7 1
155 12 1
155 40 1
155 76 1
155 144 1
155 252 1
155 747 1
155 1035 1
155 1313 1
171 3 1
171 9 1
171 42 1
171 84 1
171 102 1
171 195 1
171 205 1
171 283 1
171 601 1
174 58 1
174 82 1
174 654 1
179 7 1
179 42 1
179 61 1
179 82 1
179 90 1
179 95 1
179 289 1
179 483 1
179 511 1
186 7 1
186 12 1
186 41 1
186 61 1
186 95 1
186 97 1
186 138 1
186 473 1
186 1181 1
187 28 1
187 74 1
187 82 1
187 221 1
187 406 1
195 3 1
195 7 1
195 9 1
195 15 1
195 40 1
195 61 1
195 78 1
195 94 1
195 95 1
195 119 1
195 134 1
195 220 1
195 240 1
195 321 1
195 422 1
195 769 1
195 854 1
195 890 1
195 893 1
195 1164 1
195 1347 1
195 2292 1
195 2317 1
204 121 1
204 316 1
204 457 1
205 7 1
205 9 1
205 17 1
205 19 1
205 31 1
205 57 1
205 78 1
205 134 1
205 138 1
205 174 1
205 281 1
205 288 1
205 473 1
205 483 1
205 893 1
205 985 1
205 2682 1
205 3058 1
216 3 1
216 5 1
216 7 1
216 40 1
216 138 1
216 289 1
220 9 1
220 19 1
220 28 1
220 31 1
220 87 1
220 139 1
220 288 1
220 289 1
220 1072 1
220 1400 1
221 4 1
221 33 1
221 40 1
221 48 1
221 105 1
221 106 1
221 236 1
221 1368 1
221 1554 1
221 2264 1
224 5 1
224 9 1
224 10 1
224 20 1
224 28 1
224 31 1
224 40 1
224 42 1
224 58 1
224 64 1
224 74 1
224 95 1
224 97 1
224 134 1
224 144 1
224 221 1
224 280 1
224 531 1
224 627 1
224 918 1
224 1017 1
224 1043 1
224 1601 1
224 1942 1
232 40 1
236 3 1
236 9 1
236 31 1
236 42 1
236 139 1
236 525 1
236 1937 1
240 42 1
240 57 1
240 58 1
240 81 1
240 289 1
248 57 1
248 179 1
250 61 1
252 15 1
252 538 1
258 15 1
258 42 1
258 102 1
258 186 1
259 33 1
259 40 1
259 94 1
259 102 1
259 123 1
259 133 1
280 3 1
280 29 1
280 57 1
280 78 1
280 108 1
280 138 1
281 5 1
281 19 1
281 20 1
281 22 1
281 28 1
281 57 1
281 174 1
281 330 1
281 333 1
281 530 1
281 531 1
281 854 1
281 2657 1
283 22 1
283 41 1
283 48 1
283 57 1
283 82 1
283 87 1
283 108 1
283 1127 1
283 2170 1
283 3041 1
283 3175 1
284 61 1
287 106 1
287 138 1
287 171 1
288 15 1
288 19 1
288 31 1
288 40 1
288 42 1
288 57 1
288 87 1
288 283 1
288 670 1
289 17 1
289 82 1
289 101 1
289 119 1
289 221 1
289 456 1
289 489 1
291 19 1
291 31 1
291 40 1
291 87 1
291 97 1
291 154 1
291 893 1
292 3 1
292 15 1
292 20 1
292 28 1
292 40 1
292 81 1
292 88 1
292 99 1
292 122 1
292 144 1
292 154 1
292 174 1
292 186 1
292 205 1
292 289 1
292 531 1
292 538 1
292 540 1
292 769 1
292 1100 1
296 42 1
303 7 1
303 9 1
303 17 1
303 19 1
303 78 1
303 87 1
303 943 1
316 5 1
316 9 1
316 19 1
316 40 1
316 61 1
316 84 1
316 138 1
316 531 1
316 670 1
316 746 1
316 922 1
316 1078 1
316 1193 1
316 1199 1
321 4 1
321 9 1
321 1032 1
324 7 1
324 20 1
324 41 1
324 58 1
324 119 1
331 42 1
331 87 1
331 456 1
333 3 1
333 5 1
333 61 1
333 102 1
333 283 1
333 554 1
333 2408 1
338 3 1
338 5 1
338 9 1
338 28 1
338 531 1
343 9 1
343 60 1
343 155 1
343 289 1
343 1940 1
345 5 1
345 9 1
345 119 1
346 7 1
346 9 1
346 15 1
346 19 1
346 20 1
346 2657 1
361 9 1
361 42 1
361 179 1
361 280 1
364 9 1
364 61 1
364 84 1
364 174 1
364 252 1
364 2507 1
370 40 1
370 58 1
370 94 1
370 574 1
378 7 1
378 40 1
378 57 1
378 95 1
378 101 1
378 893 1
382 40 1
382 979 1
386 893 1
393 7 1
393 1261 1
405 22 1
405 33 1
405 42 1
405 106 1
405 532 1
406 5 1
406 42 1
406 64 1
406 88 1
406 105 1
422 5 1
422 7 1
422 288 1
422 1206 1
431 5 1
431 224 1
431 1043 1
431 2713 1
432 1746 1
441 58 1
441 78 1
441 94 1
442 9 1
442 57 1
442 280 1
444 5 1
444 9 1
444 28 1
444 81 1
449 57 1
449 119 1
449 281 1
450 3 1
450 5 1
450 7 1
450 42 1
450 179 1
455 12 1
455 19 1
455 42 1
455 84 1
455 119 1
455 525 1
456 7 1
456 33 1
456 64 1
456 105 1
456 139 1
456 148 1
456 204 1
457 3 1
457 1752 1
466 5 1
466 9 1
466 28 1
466 40 1
466 42 1
466 58 1
466 456 1
466 2405 1
468 7 1
468 15 1
468 40 1
468 60 1
468 94 1
468 280 1
468 511 1
468 1027 1
473 5 1
473 15 1
473 19 1
473 20 1
473 40 1
473 42 1
473 95 1
473 250 1
473 1787 1
481 345 1
488 5 1
488 17 1
488 19 1
488 58 1
488 94 1
489 532 1
489 918 1
493 7 1
493 42 1
493 57 1
493 58 1
493 101 1
493 128 1
511 5 1
511 7 1
511 122 1
511 364 1
525 40 1
525 88 1
525 179 1
530 102 1
530 205 1
531 9 1
531 19 1
531 31 1
531 57 1
531 58 1
531 61 1
531 94 1
531 95 1
531 138 1
531 139 1
531 221 1
531 281 1
531 289 1
531 303 1
531 330 1
531 632 1
531 702 1
531 1291 1
531 1754 1
532 5 1
532 31 1
532 33 1
532 64 1
532 122 1
532 289 1
538 7 1
538 31 1
539 139 1
539 281 1
539 333 1
539 1501 1
540 5 1
540 9 1
540 33 1
540 57 1
540 122 1
540 148 1
540 316 1
540 321 1
540 432 1
540 531 1
540 639 1
540 948 1
540 1300 1
554 7 1
554 9 1
554 31 1
554 47 1
554 852 1
558 9 1
558 102 1
558 139 1
570 5 1
571 1320 1
572 3 1
572 7 1
572 9 1
572 17 1
572 19 1
572 25 1
572 28 1
572 37 1
572 57 1
572 99 1
572 148 1
572 155 1
572 195 1
572 345 1
572 1445 1
574 5 1
574 40 1
574 57 1
574 58 1
574 78 1
574 205 1
574 539 1
574 1090 1
576 7 1
576 40 1
576 42 1
581 64 1
582 221 1
582 1017 1
592 101 1
593 82 1
594 1014 1
601 5 1
601 7 1
601 101 1
601 106 1
601 216 1
601 330 1
601 807 1
602 37 1
602 40 1
602 41 1
602 94 1
627 3 1
627 7 1
627 17 1
627 97 1
627 205 1
627 531 1
627 1043 1
632 9 1
632 17 1
632 25 1
632 985 1
639 3 1
639 42 1
639 108 1
639 119 1
639 291 1
639 455 1
639 601 1
639 906 1
640 40 1
640 57 1
654 28 1
654 57 1
654 154 1
654 601 1
654 1746 1
670 3 1
670 9 1
670 42 1
670 134 1
670 144 1
670 1300 1
671 9 1
678 9 1
678 17 1
678 40 1
678 60 1
678 205 1
678 473 1
678 574 1
679 33 1
679 42 1
696 483 1
699 9 1
699 17 1
699 40 1
699 119 1
702 57 1
702 280 1
713 3 1
713 7 1
713 99 1
713 442 1
719 9 1
719 31 1
722 7 1
722 28 1
722 205 1
746 19 1
746 40 1
746 60 1
746 88 1
746 119 1
750 5 1
750 61 1
750 121 1
769 3 1
769 9 1
769 22 1
769 138 1
795 5 1
795 31 1
795 40 1
795 57 1
795 67 1
795 81 1
807 57 1
807 90 1
807 94 1
807 148 1
807 1037 1
829 33 1
829 47 1
842 2683 1
852 9 1
852 10 1
852 33 1
852 40 1
852 102 1
852 154 1
852 155 1
852 250 1
854 9 1
858 105 1
890 9 1
890 29 1
890 292 1
893 7 1
893 9 1
893 17 1
893 769 1
906 5 1
906 16 1
910 25 1
910 42 1
910 139 1
910 155 1
910 324 1
910 422 1
910 1014 1
910 1347 1
910 1743 1
918 5 1
918 7 1
918 42 1
918 88 1
918 138 1
918 1078 1
922 105 1
922 171 1
943 17 1
943 40 1
943 122 1
943 281 1
943 531 1
943 954 1
946 9 1
946 20 1
948 5 1
948 9 1
948 40 1
948 1299 1
954 40 1
954 81 1
956 97 1
956 910 1
959 5 1
959 7 1
959 15 1
959 58 1
959 61 1
959 601 1
977 7 1
977 12 1
977 20 1
977 57 1
977 144 1
977 281 1
977 1313 1
979 5 1
979 9 1
985 10 1
985 19 1
985 20 1
985 148 1
991 9 1
991 406 1
994 19 1
994 1014 1
1002 9 1
1002 221 1
1004 57 1
1005 7 1
1005 19 1
1005 31 1
1005 33 1
1012 64 1
1012 1784 1
1014 7 1
1014 138 1
1014 236 1
1014 291 1
1014 444 1
1014 1036 1
1017 5 1
1017 9 1
1017 58 1
1017 105 1
1017 187 1
1017 283 1
1018 40 1
1027 5 1
1027 7 1
1027 9 1
1027 25 1
1027 41 1
1032 58 1
1032 78 1
1035 40 1
1035 102 1
1035 324 1
1035 422 1
1035 574 1
1036 40 1
1036 91 1
1036 195 1
1037 40 1
1043 5 1
1043 61 1
1043 83 1
1043 466 1
1043 574 1
1057 64 1
1064 5 1
1064 57 1
1071 9 1
1072 248 1
1072 321 1
1072 1089 1
1073 572 1
1078 5 1
1078 7 1
1078 9 1
1078 15 1
1078 133 1
1078 581 1
1089 5 1
1089 9 1
1090 122 1
1099 42 1
1100 3 1
1100 5 1
1100 7 1
1100 9 1
1100 40 1
1100 105 1
1100 139 1
1102 27 1
1102 122 1
1102 370 1
1103 2729 1
1104 7 1
1104 40 1
1104 88 1
1104 171 1
1106 9 1
1106 57 1
1106 64 1
1106 139 1
1106 1017 1
1115 9 1
1127 9 1
1127 19 1
1127 88 1
1156 1175 1
1164 94 1
1164 283 1
1175 3 1
1184 5 1
1184 31 1
1184 57 1
1184 195 1
1184 288 1
1193 450 1
1199 5 1
1206 9 1
1206 601 1
1206 2141 1
1220 9 1
1220 1014 1
1224 9 1
1248 31 1
1255 42 1
1255 88 1
1255 893 1
1256 33 1
1259 17 1
1259 57 1
1259 1106 1
1261 10 1
1261 1002 1
1291 21 1
1291 40 1
1295 15 1
1299 33 1
1299 101 1
1316 9 1
1320 28 1
1320 627 1
1336 3 1
1336 15 1
1336 122 1
1336 133 1
1336 283 1
1337 5 1
1337 74 1
1347 5 1
1347 84 1
1347 148 1
1361 42 1
1362 40 1
1366 5 1
1366 9 1
1366 95 1
1368 1968 1
1395 144 1
1395 574 1
1396 28 1
1396 174 1
1400 5 1
1400 9 1
1428 42 1
1445 7 1
1473 5 1
1473 102 1
1473 205 1
1473 639 1
1473 1104 1
1479 9 1
1479 40 1
1490 42 1
1490 133 1
1491 17 1
1497 139 1
1501 138 1
1514 57 1
1522 9 1
1522 40 1
1522 97 1
1525 9 1
1525 61 1
1525 82 1
1525 685 1
1526 122 1
1533 40 1
1554 42 1
1561 19 1
1561 33 1
1597 910 1
1598 12 1
1598 195 1
1598 455 1
1601 5 1
1601 58 1
1601 511 1
1601 1104 1
1616 1497 1
1668 7 1
1681 5 1
1681 58 1
1731 10 1
1731 95 1
1743 9 1
1746 7 1
1752 57 1
1754 7 1
1754 9 1
1754 31 1
1754 57 1
1754 101 1
1773 58 1
1773 102 1
1773 289 1
1774 31 1
1781 40 1
1781 281 1
1784 105 1
1787 29 1
1787 57 1
1787 78 1
1787 102 1
1787 456 1
1812 9 1
1812 138 1
1815 9 1
1815 174 1
1815 769 1
1816 171 1
1816 1774 1
1824 9 1
1824 148 1
1824 696 1
1837 42 1
1878 9 1
1886 893 1
1893 893 1
1906 291 1
1928 9 1
1937 133 1
1937 1027 1
1940 1127 1
1942 139 1
1961 7 1
1968 9 1
1989 40 1
1989 78 1
2043 3 1
2053 5 1
2067 3 1
2074 9 1
2074 121 1
2074 148 1
2079 42 1
2079 281 1
2141 40 1
2170 205 1
2177 9 1
2177 102 1
2190 195 1
2190 532 1
2193 382 1
2200 7 1
2200 101 1
2209 9 1
2223 1886 1
2226 122 1
2226 1106 1
2228 122 1
2264 28 1
2291 9 1
2292 7 1
2292 33 1
2292 88 1
2292 910 1
2293 7 1
2293 42 1
2376 2226 1
2378 5 1
2388 670 1
2405 9 1
2408 538 1
2413 57 1
2413 78 1
2414 393 1
2464 457 1
2476 42 1
2484 57 1
2507 187 1
2532 31 1
2543 893 1
2575 283 1
2584 10 1
2609 9 1
2609 57 1
2615 9 1
2618 19 1
2645 139 1
2646 40 1
2652 9 1
2657 40 1
2657 103 1
2678 40 1
2678 42 1
2682 283 1
2683 5 1
2683 71 1
2713 42 1
2727 186 1
2729 9 1
2806 9 1
2816 280 1
2842 531 1
2844 959 1
2878 5 1
2880 10 1
2880 33 1
2895 719 1
2915 7 1
2917 41 1
3011 40 1
3041 148 1
3044 1837 1
3048 654 1
3058 42 1
3064 3 1
3077 95 1
3092 2507 1
3128 58 1
3133 9 1
3146 333 1
3148 40 1
3175 3133 1
