3 5 1
3 7 1
3 9 1
3 27 1
3 28 1
3 42 1
3 57 1
3 78 1
3 81 1
3 87 1
3 97 1
3 105 1
3 108 1
3 119 1
3 138 1
3 154 1
3 155 1
3 174 1
3 186 1
3 216 1
3 221 1
3 236 1
3 280 1
3 289 1
3 370 1
3 455 1
3 456 1
3 558 1
3 582 1
3 602 1
3 893 1
3 910 1
3 953 1
3 977 1
3 1078 1
3 1104 1
3 1396 1
3 2053 1
3 2292 1
3 2317 1
3 2915 1
4 3 1
4 7 1
4 9 1
4 20 1
4 33 1
4 139 1
4 1817 1
5 3 1
5 7 1
5 15 1
5 17 1
5 19 1
5 21 1
5 31 1
5 33 1
5 41 1
5 58 1
5 61 1
5 64 1
5 84 1
5 94 1
5 99 1
5 101 1
5 102 1
5 119 1
5 122 1
5 128 1
5 134 1
5 144 1
5 186 1
5 187 1
5 195 1
5 204 1
5 205 1
5 221 1
5 281 1
5 291 1
5 321 1
5 324 1
5 330 1
5 346 1
5 393 1
5 422 1
5 456 1
5 538 1
5 593 1
5 627 1
5 670 1
5 696 1
5 699 1
5 893 1
5 985 1
5 1014 1
5 1017 1
5 1099 1
5 1193 1
5 1299 1
5 1837 1
7 4 1
7 5 1
7 9 1
7 10 1
7 17 1
7 19 1
7 20 1
7 22 1
7 25 1
7 27 1
7 29 1
7 31 1
7 33 1
7 37 1
7 40 1
7 41 1
7 42 1
7 47 1
7 56 1
7 57 1
7 61 1
7 71 1
7 74 1
7 78 1
7 82 1
7 88 1
7 91 1
7 94 1
7 95 1
7 97 1
7 101 1
7 105 1
7 106 1
7 119 1
7 121 1
7 133 1
7 138 1
7 148 1
7 154 1
7 155 1
7 179 1
7 186 1
7 187 1
7 195 1
7 205 1
7 216 1
7 220 1
7 281 1
7 288 1
7 289 1
7 292 1
7 303 1
7 345 1
7 364 1
7 393 1
7 457 1
7 483 1
7 488 1
7 493 1
7 531 1
7 532 1
7 539 1
7 574 1
7 576 1
7 594 1
7 601 1
7 639 1
7 670 1
7 685 1
7 699 1
7 713 1
7 722 1
7 807 1
7 852 1
7 890 1
7 893 1
7 918 1
7 948 1
7 959 1
7 1002 1
7 1005 1
7 1014 1
7 1043 1
7 1064 1
7 1086 1
7 1256 1
7 1313 1
7 1473 1
7 1522 1
7 1526 1
7 1533 1
7 1601 1
7 1774 1
7 1937 1
7 1942 1
7 2190 1
7 2317 1
7 2615 1
7 2683 1
8 19 1
9 3 1
9 5 1
9 7 1
9 11 1
9 12 1
9 15 1
9 19 1
9 21 1
9 22 1
9 25 1
9 27 1
9 28 1
9 33 1
9 37 1
9 40 1
9 42 1
9 54 1
9 57 1
9 58 1
9 61 1
9 71 1
9 74 1
9 78 1
9 81 1
9 82 1
9 84 1
9 91 1
9 94 1
9 95 1
9 99 1
9 102 1
9 105 1
9 106 1
9 119 1
9 121 1
9 128 1
9 133 1
9 138 1
9 144 1
9 148 1
9 174 1
9 248 1
9 250 1
9 252 1
9 258 1
9 280 1
9 288 1
9 289 1
9 291 1
9 316 1
9 331 1
9 338 1
9 343 1
9 370 1
9 405 1
9 422 1
9 441 1
9 442 1
9 457 1
9 466 1
9 468 1
9 489 1
9 504 1
9 511 1
9 525 1
9 531 1
9 538 1
9 540 1
9 601 1
9 639 1
9 654 1
9 685 1
9 699 1
9 746 1
9 747 1
9 769 1
9 890 1
9 906 1
9 910 1
9 918 1
9 956 1
9 979 1
9 985 1
9 991 1
9 1004 1
9 1014 1
9 1017 1
9 1027 1
9 1032 1
9 1036 1
9 1037 1
9 1073 1
9 1127 1
9 1156 1
9 1184 1
9 1261 1
9 1286 1
9 1291 1
9 1313 1
9 1316 1
9 1366 1
9 1368 1
9 1473 1
9 1754 1
9 1781 1
9 1824 1
9 1940 1
9 2074 1
9 2079 1
9 2223 1
9 2236 1
9 2246 1
9 2293 1
9 2376 1
9 2388 1
9 2405 1
9 2484 1
9 2618 1
9 2713 1
9 2842 1
9 2917 1
9 2970 1
9 3133 1
10 17 1
10 41 1
10 42 1
10 47 1
10 57 1
10 97 1
10 122 1
10 195 1
10 281 1
10 288 1
10 466 1
10 468 1
10 511 1
10 531 1
10 750 1
10 1027 1
10 2408 1
11 57 1
11 94 1
11 148 1
11 1017 1
12 5 1
12 9 1
12 16 1
12 19 1
12 31 1
12 42 1
12 57 1
12 74 1
12 148 1
12 155 1
12 324 1
12 333 1
12 405 1
12 532 1
12 750 1
12 1072 1
12 1347 1
15 40 1
15 61 1
15 78 1
15 102 1
15 105 1
15 138 1
15 144 1
15 378 1
15 405 1
15 538 1
15 769 1
15 1127 1
15 2317 1
16 31 1
16 95 1
16 99 1
16 171 1
16 216 1
16 280 1
16 281 1
16 287 1
16 532 1
16 554 1
16 893 1
17 5 1
17 10 1
17 15 1
17 19 1
17 25 1
17 28 1
17 29 1
17 31 1
17 33 1
17 41 1
17 57 1
17 58 1
17 64 1
17 94 1
17 97 1
17 99 1
17 101 1
17 106 1
17 119 1
17 122 1
17 144 1
17 148 1
17 205 1
17 236 1
17 281 1
17 383 1
17 405 1
17 406 1
17 468 1
17 525 1
17 558 1
17 746 1
17 943 1
17 985 1
17 1043 1
17 1100 1
17 1199 1
17 1554 1
17 1754 1
19 5 1
19 7 1
19 9 1
19 20 1
19 40 1
19 57 1
19 58 1
19 88 1
19 97 1
19 102 1
19 133 1
19 284 1
19 287 1
19 1525 1
19 1746 1
20 5 1
20 7 1
20 9 1
20 16 1
20 41 1
20 47 1
20 57 1
20 82 1
20 102 1
20 105 1
20 119 1
20 422 1
20 456 1
20 511 1
20 948 1
20 1490 1
20 2729 1
21 283 1
22 7 1
22 17 1
22 40 1
22 42 1
22 187 1
22 893 1
25 31 1
25 40 1
25 88 1
25 105 1
25 121 1
25 138 1
25 205 1
25 250 1
25 473 1
25 1878 1
27 3 1
27 9 1
27 61 1
27 119 1
27 195 1
27 456 1
27 943 1
28 3 1
28 4 1
28 5 1
28 7 1
28 9 1
28 12 1
28 15 1
28 17 1
28 25 1
28 33 1
28 42 1
28 58 1
28 67 1
28 74 1
28 90 1
28 101 1
28 102 1
28 106 1
28 122 1
28 148 1
28 174 1
28 186 1
28 187 1
28 280 1
28 289 1
28 345 1
28 382 1
28 746 1
28 769 1
28 807 1
28 1002 1
28 1106 1
28 1184 1
28 1815 1
28 1989 1
29 5 1
29 9 1
29 17 1
29 19 1
29 40 1
29 42 1
29 121 1
29 154 1
29 602 1
29 1313 1
31 3 1
31 5 1
31 7 1
31 17 1
31 22 1
31 57 1
31 58 1
31 60 1
31 74 1
31 78 1
31 82 1
31 94 1
31 95 1
31 101 1
31 102 1
31 121 1
31 128 1
31 138 1
31 144 1
31 281 1
31 287 1
31 289 1
31 291 1
31 333 1
31 338 1
31 489 1
31 532 1
31 991 1
31 1027 1
33 5 1
33 9 1
33 10 1
33 15 1
33 19 1
33 25 1
33 40 1
33 42 1
33 58 1
33 87 1
33 95 1
33 97 1
33 102 1
33 121 1
33 128 1
33 133 1
33 144 1
33 281 1
33 283 1
33 345 1
33 405 1
33 530 1
33 702 1
33 1036 1
33 3077 1
36 5 1
36 7 1
36 33 1
36 139 1
36 456 1
36 601 1
36 746 1
36 1127 1
37 3 1
37 9 1
37 31 1
37 144 1
37 1106 1
40 9 1
40 19 1
40 31 1
40 54 1
40 57 1
40 58 1
40 60 1
40 61 1
40 64 1
40 78 1
40 83 1
40 84 1
40 94 1
40 97 1
40 99 1
40 101 1
40 108 1
40 119 1
40 121 1
40 122 1
40 128 1
40 133 1
40 138 1
40 139 1
40 144 1
40 147 1
40 155 1
40 171 1
40 179 1
40 195 1
40 205 1
40 224 1
40 240 1
40 281 1
40 283 1
40 288 1
40 289 1
40 291 1
40 330 1
40 370 1
40 378 1
40 386 1
40 393 1
40 405 1
40 422 1
40 442 1
40 444 1
40 455 1
40 457 1
40 532 1
40 538 1
40 574 1
40 581 1
40 632 1
40 639 1
40 640 1
40 678 1
40 769 1
40 852 1
40 854 1
40 954 1
40 991 1
40 1004 1
40 1027 1
40 1078 1
40 1100 1
40 1104 1
40 1127 1
40 1187 1
40 1199 1
40 1300 1
40 1490 1
40 1598 1
40 1601 1
40 1746 1
40 1754 1
40 1787 1
40 2264 1
40 2657 1
40 3064 1
41 3 1
41 5 1
41 9 1
41 15 1
41 17 1
41 33 1
41 40 1
41 42 1
41 57 1
41 58 1
41 64 1
41 76 1
41 122 1
41 133 1
41 205 1
41 280 1
41 321 1
41 345 1
41 890 1
41 893 1
41 948 1
41 1012 1
41 2464 1
41 2657 1
42 3 1
42 4 1
42 5 1
42 12 1
42 16 1
42 20 1
42 22 1
42 28 1
42 29 1
42 31 1
42 40 1
42 48 1
42 58 1
42 78 1
42 82 1
42 83 1
42 87 1
42 101 1
42 102 1
42 119 1
42 122 1
42 128 1
42 133 1
42 248 1
42 287 1
42 333 1
42 378 1
42 422 1
42 432 1
42 450 1
42 466 1
42 530 1
42 538 1
42 570 1
42 572 1
42 632 1
42 654 1
42 702 1
42 713 1
42 893 1
42 943 1
42 985 1
42 1012 1
42 1017 1
42 1027 1
42 1043 1
42 1743 1
42 1989 1
42 2028 1
42 2507 1
42 2806 1
42 3175 1
47 19 1
47 28 1
47 40 1
47 42 1
47 82 1
47 84 1
47 91 1
47 280 1
47 985 1
48 58 1
48 61 1
48 97 1
54 7 1
54 9 1
54 28 1
54 40 1
54 41 1
54 61 1
54 88 1
54 97 1
54 292 1
54 324 1
54 1337 1
54 2652 1
54 2678 1
56 119 1
56 289 1
57 5 1
57 9 1
57 15 1
57 17 1
57 28 1
57 29 1
57 33 1
57 41 1
57 42 1
57 58 1
57 60 1
57 61 1
57 64 1
57 74 1
57 83 1
57 84 1
57 87 1
57 97 1
57 105 1
57 106 1
57 122 1
57 144 1
57 155 1
57 159 1
57 186 1
57 283 1
57 288 1
57 330 1
57 346 1
57 382 1
57 511 1
57 531 1
57 713 1
57 719 1
57 893 1
57 994 1
57 1017 1
57 1035 1
57 1206 1
58 19 1
58 20 1
58 22 1
58 94 1
58 95 1
58 119 1
58 139 1
58 144 1
58 171 1
58 174 1
58 450 1
58 455 1
58 473 1
58 769 1
58 893 1
58 1248 1
58 1445 1
60 28 1
60 105 1
60 122 1
60 139 1
61 12 1
61 19 1
61 20 1
61 28 1
61 138 1
61 281 1
61 292 1
61 639 1
61 893 1
61 918 1
61 2880 1
64 7 1
64 9 1
64 15 1
64 17 1
64 19 1
64 20 1
64 25 1
64 31 1
64 33 1
64 37 1
64 87 1
64 91 1
64 95 1
64 102 1
64 121 1
64 148 1
64 179 1
64 205 1
64 220 1
64 292 1
64 457 1
64 574 1
64 592 1
64 702 1
64 795 1
64 1037 1
64 1103 1
64 1175 1
64 1491 1
64 1598 1
64 1773 1
64 2645 1
67 7 1
67 12 1
67 19 1
67 20 1
67 27 1
67 40 1
67 57 1
67 58 1
67 61 1
67 88 1
67 121 1
67 179 1
67 289 1
67 670 1
67 769 1
70 7 1
70 133 1
71 3 1
71 17 1
71 42 1
71 88 1
71 283 1
73 57 1
73 95 1
73 574 1
74 7 1
74 9 1
74 15 1
74 31 1
74 42 1
74 333 1
74 431 1
76 5 1
76 9 1
76 57 1
78 3 1
78 4 1
78 7 1
78 8 1
78 9 1
78 12 1
78 17 1
78 19 1
78 31 1
78 40 1
78 42 1
78 58 1
78 81 1
78 95 1
78 119 1
78 174 1
78 205 1
78 250 1
78 422 1
78 539 1
78 639 1
78 1014 1
78 2657 1
81 9 1
81 17 1
81 20 1
81 33 1
81 40 1
81 82 1
81 119 1
81 148 1
81 248 1
81 280 1
81 331 1
81 364 1
81 627 1
82 3 1
82 5 1
82 7 1
82 9 1
82 15 1
82 40 1
82 42 1
82 57 1
82 119 1
82 122 1
82 133 1
82 252 1
82 531 1
82 893 1
82 954 1
82 1027 1
82 1089 1
82 1100 1
82 1886 1
82 2413 1
83 7 1
83 9 1
83 40 1
83 108 1
85 9 1
85 133 1
87 17 1
87 19 1
87 40 1
87 82 1
87 119 1
87 144 1
87 195 1
87 910 1
87 1616 1
87 2317 1
88 5 1
88 7 1
88 9 1
88 20 1
88 31 1
88 40 1
88 61 1
88 64 1
88 94 1
88 105 1
88 134 1
88 155 1
88 174 1
88 283 1
88 288 1
88 289 1
88 316 1
88 393 1
88 473 1
88 654 1
88 1320 1
88 1816 1
90 42 1
90 64 1
90 133 1
91 58 1
94 7 1
94 9 1
94 15 1
94 31 1
94 40 1
94 42 1
94 57 1
94 61 1
94 101 1
94 102 1
94 105 1
94 138 1
94 148 1
94 186 1
94 807 1
94 893 1
94 1184 1
94 1961 1
95 3 1
95 7 1
95 12 1
95 29 1
95 37 1
95 42 1
95 57 1
95 61 1
95 82 1
95 101 1
95 102 1
95 205 1
95 232 1
95 280 1
95 281 1
95 574 1
95 769 1
95 918 1
95 991 1
95 1078 1
95 1395 1
95 1479 1
97 7 1
97 19 1
97 40 1
97 87 1
97 102 1
97 119 1
97 138 1
97 205 1
97 531 1
97 1299 1
99 3 1
99 9 1
99 17 1
99 27 1
99 31 1
99 40 1
99 41 1
99 42 1
99 47 1
99 61 1
99 64 1
99 94 1
99 119 1
99 283 1
99 854 1
99 1100 1
99 1754 1
99 1787 1
101 3 1
101 7 1
101 9 1
101 10 1
101 19 1
101 25 1
101 33 1
101 42 1
101 71 1
101 97 1
101 119 1
101 139 1
101 574 1
101 576 1
101 582 1
101 994 1
102 5 1
102 7 1
102 15 1
102 17 1
102 20 1
102 22 1
102 28 1
102 40 1
102 81 1
102 83 1
102 87 1
102 106 1
102 138 1
102 171 1
102 289 1
102 378 1
102 1291 1
102 1989 1
105 3 1
105 40 1
105 78 1
105 97 1
105 123 1
105 139 1
105 240 1
105 511 1
105 601 1
106 17 1
106 281 1
106 893 1
106 2507 1
108 9 1
108 17 1
108 40 1
108 42 1
108 102 1
108 119 1
108 333 1
119 3 1
119 9 1
119 33 1
119 40 1
119 42 1
119 57 1
119 58 1
119 74 1
119 78 1
119 82 1
119 95 1
119 99 1
119 105 1
119 134 1
119 174 1
119 187 1
119 204 1
119 220 1
119 221 1
119 250 1
119 291 1
119 405 1
119 457 1
119 468 1
119 532 1
119 540 1
119 627 1
119 893 1
119 1291 1
119 1320 1
119 1337 1
121 3 1
121 10 1
121 20 1
121 31 1
121 122 1
121 252 1
121 333 1
121 525 1
121 910 1
122 3 1
122 5 1
122 17 1
122 40 1
122 94 1
122 133 1
122 139 1
122 466 1
122 574 1
122 1224 1
122 1752 1
122 1774 1
122 2200 1
123 9 1
123 57 1
128 3 1
128 15 1
128 58 1
128 102 1
128 123 1
128 148 1
128 195 1
128 654 1
133 4 1
133 7 1
133 9 1
133 10 1
133 19 1
133 28 1
133 41 1
133 42 1
133 82 1
133 88 1
133 94 1
133 119 1
133 722 1
134 25 1
134 40 1
134 57 1
134 61 1
134 147 1
134 281 1
134 393 1
134 531 1
134 1002 1
138 11 1
138 12 1
138 20 1
138 31 1
138 33 1
138 144 1
138 280 1
138 281 1
138 483 1
138 2291 1
139 3 1
139 5 1
139 9 1
139 28 1
139 33 1
139 42 1
139 47 1
139 57 1
139 81 1
139 83 1
139 95 1
139 102 1
139 103 1
139 154 1
139 287 1
139 291 1
139 331 1
139 432 1
139 457 1
139 483 1
139 750 1
139 829 1
139 1181 1
139 2226 1
139 2657 1
144 7 1
144 28 1
144 41 1
144 47 1
144 88 1
144 187 1
144 220 1
144 906 1
144 1347 1
147 9 1
147 40 1
147 57 1
147 138 1
148 3 1
148 9 1
148 10 1
148 22 1
148 40 1
148 41 1
148 76 1
148 101 1
148 108 1
148 122 1
148 138 1
148 154 1
148 179 1
148 283 1
148 343 1
148 378 1
148 538 1
148 746 1
148 893 1
148 922 1
148 1362 1
148 1668 1
148 1731 1
148 1754 1
148 2816 1
148 3041 1
148 3048 1
154 5 1
154 9 1
154 20 1
154 28 1
154 42 1
154 94 1
154 171 1
154 174 1
154 195 1
154 220 1
154 283 1
154 370 1
154 842 1
154 1005 1
154 1018 1
154 1043 1
154 1968 1
155 7 1
155 9 1
155 25 1
155 78 1
155 128 1
155 139 1
155 221 1
155 457 1
155 531 1
155 627 1
171 3 1
171 40 1
171 57 1
171 94 1
171 119 1
171 455 1
171 456 1
171 627 1
171 1199 1
174 33 1
174 236 1
174 324 1
179 15 1
179 28 1
179 41 1
179 42 1
179 71 1
179 139 1
179 236 1
179 250 1
179 531 1
186 9 1
186 20 1
186 27 1
186 31 1
186 40 1
186 58 1
186 102 1
186 532 1
186 953 1
187 33 1
187 40 1
187 61 1
187 90 1
187 1027 1
195 4 1
195 7 1
195 9 1
195 19 1
195 20 1
195 48 1
195 64 1
195 83 1
195 95 1
195 102 1
195 119 1
195 121 1
195 122 1
195 205 1
195 287 1
195 288 1
195 456 1
195 493 1
195 910 1
195 977 1
195 1445 1
195 1681 1
195 2543 1
204 9 1
204 19 1
204 42 1
205 5 1
205 7 1
205 9 1
205 15 1
205 19 1
205 20 1
205 28 1
205 31 1
205 42 1
205 57 1
205 58 1
205 78 1
205 94 1
205 148 1
205 174 1
205 303 1
205 531 1
205 2844 1
216 7 1
216 17 1
216 42 1
216 122 1
216 174 1
216 179 1
220 7 1
220 12 1
220 17 1
220 31 1
220 40 1
220 101 1
220 195 1
220 483 1
220 601 1
220 639 1
221 5 1
221 9 1
221 12 1
221 33 1
221 47 1
221 102 1
221 205 1
221 281 1
221 1102 1
221 3092 1
224 5 1
224 9 1
224 17 1
224 27 1
224 31 1
224 42 1
224 60 1
224 61 1
224 78 1
224 90 1
224 119 1
224 139 1
224 144 1
224 174 1
224 250 1
224 316 1
224 321 1
224 370 1
224 442 1
224 893 1
224 979 1
224 1012 1
224 1104 1
224 1497 1
232 148 1
236 7 1
236 25 1
236 31 1
236 58 1
236 82 1
236 893 1
236 1014 1
240 3 1
240 7 1
240 9 1
240 122 1
240 654 1
248 40 1
248 64 1
250 40 1
252 40 1
252 2678 1
258 7 1
258 19 1
258 281 1
258 540 1
259 12 1
259 40 1
259 101 1
259 102 1
259 139 1
259 205 1
280 3 1
280 5 1
280 7 1
280 33 1
280 40 1
280 204 1
281 3 1
281 7 1
281 9 1
281 11 1
281 17 1
281 57 1
281 78 1
281 88 1
281 97 1
281 101 1
281 174 1
281 531 1
281 1106 1
283 7 1
283 9 1
283 42 1
283 54 1
283 87 1
283 105 1
283 106 1
283 457 1
283 504 1
283 670 1
283 1261 1
284 9 1
287 40 1
287 574 1
287 747 1
288 7 1
288 25 1
288 33 1
288 42 1
288 81 1
288 139 1
288 473 1
288 511 1
288 602 1
289 5 1
289 10 1
289 17 1
289 25 1
289 40 1
289 531 1
289 1300 1
291 7 1
291 17 1
291 40 1
291 134 1
291 148 1
291 333 1
291 345 1
292 3 1
292 5 1
292 19 1
292 57 1
292 58 1
292 78 1
292 82 1
292 84 1
292 87 1
292 94 1
292 95 1
292 97 1
292 102 1
292 155 1
292 187 1
292 281 1
292 291 1
292 531 1
292 632 1
292 1017 1
296 9 1
303 19 1
303 40 1
303 42 1
303 893 1
303 954 1
303 1057 1
303 2228 1
316 3 1
316 5 1
316 10 1
316 29 1
316 40 1
316 57 1
316 81 1
316 97 1
316 102 1
316 289 1
316 457 1
316 854 1
316 1366 1
316 1400 1
321 9 1
321 893 1
321 910 1
324 5 1
324 9 1
324 95 1
324 186 1
324 283 1
331 57 1
331 95 1
331 2292 1
333 7 1
333 9 1
333 33 1
333 57 1
333 95 1
333 155 1
333 316 1
338 88 1
338 133 1
338 283 1
338 383 1
338 574 1
343 5 1
343 9 1
343 28 1
343 33 1
343 57 1
345 9 1
345 28 1
345 42 1
346 5 1
346 33 1
346 61 1
346 67 1
346 99 1
346 102 1
361 60 1
361 87 1
361 88 1
361 148 1
364 9 1
364 17 1
364 383 1
364 489 1
364 531 1
364 1090 1
370 27 1
370 57 1
370 90 1
370 532 1
378 7 1
378 31 1
378 40 1
378 42 1
378 57 1
378 82 1
382 9 1
382 64 1
386 554 1
393 7 1
393 42 1
405 5 1
405 19 1
405 40 1
405 41 1
405 248 1
406 9 1
406 10 1
406 42 1
406 57 1
406 224 1
422 9 1
422 42 1
422 102 1
422 1017 1
431 33 1
431 47 1
431 119 1
431 769 1
432 9 1
441 95 1
441 139 1
441 893 1
442 19 1
442 91 1
442 133 1
444 9 1
444 19 1
444 102 1
444 122 1
449 9 1
449 42 1
449 442 1
450 3 1
450 9 1
450 67 1
450 133 1
450 2476 1
455 7 1
455 11 1
455 102 1
455 456 1
455 852 1
455 2507 1
456 7 1
456 9 1
456 20 1
456 28 1
456 42 1
456 78 1
456 82 1
457 17 1
457 1784 1
466 7 1
466 9 1
466 42 1
466 58 1
466 61 1
466 148 1
466 154 1
466 985 1
468 3 1
468 5 1
468 7 1
468 19 1
468 31 1
468 71 1
468 82 1
468 95 1
473 3 1
473 5 1
473 17 1
473 57 1
473 60 1
473 106 1
473 538 1
473 639 1
473 1259 1
481 42 1
488 7 1
488 9 1
488 57 1
488 58 1
488 602 1
489 57 1
489 105 1
493 5 1
493 7 1
493 16 1
493 148 1
493 525 1
493 1027 1
511 9 1
511 40 1
511 58 1
511 1812 1
525 40 1
525 42 1
525 2292 1
530 88 1
530 1473 1
531 5 1
531 9 1
531 17 1
531 25 1
531 31 1
531 40 1
531 42 1
531 64 1
531 74 1
531 82 1
531 106 1
531 119 1
531 289 1
531 321 1
531 406 1
531 943 1
531 1005 1
531 1014 1
531 2141 1
532 7 1
532 9 1
532 57 1
532 102 1
532 122 1
532 330 1
538 25 1
538 171 1
539 5 1
539 9 1
539 67 1
539 88 1
540 3 1
540 5 1
540 10 1
540 17 1
540 21 1
540 42 1
540 48 1
540 57 1
540 61 1
540 64 1
540 105 1
540 719 1
540 893 1
554 5 1
554 33 1
554 78 1
554 119 1
554 122 1
558 5 1
558 406 1
558 450 1
570 221 1
571 289 1
572 9 1
572 19 1
572 29 1
572 33 1
572 87 1
572 94 1
572 119 1
572 121 1
572 122 1
572 155 1
572 174 1
572 393 1
572 943 1
572 1295 1
572 2378 1
574 3 1
574 9 1
574 33 1
574 95 1
574 128 1
574 473 1
574 1206 1
574 1336 1
576 15 1
576 40 1
576 654 1
581 289 1
582 5 1
582 19 1
592 1043 1
593 40 1
594 133 1
601 7 1
601 17 1
601 240 1
601 250 1
601 321 1
601 456 1
601 959 1
602 7 1
602 20 1
602 139 1
602 148 1
627 5 1
627 9 1
627 19 1
627 40 1
627 42 1
627 57 1
627 58 1
632 15 1
632 28 1
632 473 1
632 948 1
639 7 1
639 17 1
639 28 1
639 84 1
639 87 1
639 148 1
639 538 1
639 893 1
640 17 1
640 679 1
654 7 1
654 15 1
654 31 1
654 105 1
654 910 1
670 7 1
670 57 1
670 101 1
670 138 1
670 155 1
670 959 1
671 205 1
678 15 1
678 28 1
678 41 1
678 78 1
678 284 1
678 289 1
678 393 1
679 893 1
679 948 1
696 531 1
699 31 1
699 40 1
699 216 1
699 1106 1
702 94 1
702 119 1
713 5 1
713 40 1
713 221 1
713 2170 1
719 12 1
719 1746 1
722 9 1
722 205 1
722 283 1
746 9 1
746 19 1
746 42 1
746 216 1
746 1501 1
750 138 1
750 289 1
750 852 1
769 19 1
769 97 1
769 281 1
769 531 1
795 5 1
795 9 1
795 20 1
795 57 1
795 94 1
795 119 1
807 5 1
807 9 1
807 81 1
807 531 1
807 1184 1
829 41 1
829 572 1
842 9 1
852 3 1
852 5 1
852 7 1
852 9 1
852 40 1
852 57 1
852 106 1
852 236 1
854 87 1
858 283 1
890 144 1
890 205 1
890 977 1
893 7 1
893 40 1
893 42 1
893 61 1
906 29 1
906 88 1
910 5 1
910 20 1
910 40 1
910 61 1
910 88 1
910 119 1
910 122 1
910 155 1
910 456 1
918 7 1
918 19 1
918 28 1
918 42 1
918 108 1
918 852 1
922 10 1
922 22 1
943 9 1
943 31 1
943 42 1
943 61 1
943 148 1
943 769 1
946 9 1
946 2682 1
948 5 1
948 7 1
948 40 1
948 94 1
954 133 1
954 910 1
956 20 1
956 221 1
959 7 1
959 9 1
959 40 1
959 57 1
959 82 1
959 195 1
977 3 1
977 9 1
977 40 1
977 154 1
977 574 1
977 679 1
977 3058 1
979 281 1
979 574 1
985 33 1
985 88 1
985 102 1
985 943 1
991 31 1
991 893 1
994 81 1
994 393 1
1002 9 1
1002 95 1
1004 88 1
1005 7 1
1005 99 1
1005 1445 1
1005 1893 1
1012 61 1
1012 122 1
1014 81 1
1014 102 1
1014 139 1
1014 221 1
1014 250 1
1014 627 1
1017 15 1
1017 17 1
1017 122 1
1017 854 1
1017 1784 1
1017 2190 1
1018 139 1
1027 3 1
1027 9 1
1027 40 1
1027 82 1
1027 601 1
1032 7 1
1032 538 1
1035 5 1
1035 42 1
1035 88 1
1035 133 1
1035 1774 1
1036 10 1
1036 12 1
1036 144 1
1037 5 1
1043 9 1
1043 19 1
1043 25 1
1043 33 1
1043 58 1
1057 9 1
1064 7 1
1064 9 1
1071 57 1
1072 81 1
1072 94 1
1072 99 1
1073 7 1
1078 4 1
1078 5 1
1078 40 1
1078 42 1
1078 57 1
1078 946 1
1089 57 1
1089 58 1
1090 9 1
1099 7 1
1100 5 1
1100 29 1
1100 42 1
1100 138 1
1100 483 1
1100 593 1
1100 3044 1
1102 5 1
1102 7 1
1102 138 1
1103 85 1
1104 5 1
1104 9 1
1104 148 1
1104 713 1
1106 5 1
1106 17 1
1106 316 1
1106 910 1
1106 977 1
1115 40 1
1127 40 1
1127 57 1
1127 64 1
1156 532 1
1164 25 1
1164 78 1
1175 11 1
1184 5 1
1184 7 1
1184 9 1
1184 504 1
1184 1164 1
1193 57 1
1199 1014 1
1206 15 1
1206 87 1
1206 639 1
1220 41 1
1220 195 1
1224 9 1
1248 40 1
1255 5 1
1255 19 1
1255 61 1
1256 33 1
1259 9 1
1259 12 1
1259 280 1
1261 102 1
1261 2193 1
1291 3 1
1291 31 1
1295 422 1
1299 10 1
1299 283 1
1316 9 1
1320 58 1
1320 61 1
1336 5 1
1336 40 1
1336 82 1
1336 101 1
1336 105 1
1337 5 1
1337 144 1
1347 7 1
1347 19 1
1347 99 1
1361 5 1
1362 25 1
1366 5 1
1366 9 1
1366 57 1
1368 174 1
1395 10 1
1395 42 1
1396 9 1
1396 139 1
1400 10 1
1400 122 1
1428 42 1
1445 333 1
1473 10 1
1473 17 1
1473 28 1
1473 171 1
1473 632 1
1479 333 1
1479 422 1
1490 9 1
1490 122 1
1491 205 1
1497 102 1
1501 31 1
1514 5 1
1522 16 1
1522 574 1
1522 696 1
1525 5 1
1525 22 1
1525 29 1
1525 1773 1
1526 9 1
1533 7 1
1554 122 1
1561 9 1
1561 64 1
1597 574 1
1598 10 1
1598 15 1
1598 42 1
1601 42 1
1601 78 1
1601 148 1
1601 1763 1
1616 81 1
1668 288 1
1681 40 1
1681 78 1
1731 40 1
1731 97 1
1743 205 1
1746 106 1
1752 3 1
1754 40 1
1754 78 1
1754 97 1
1754 134 1
1754 670 1
1773 9 1
1773 57 1
1773 289 1
1774 95 1
1781 9 1
1781 283 1
1784 58 1
1787 10 1
1787 42 1
1787 148 1
1787 281 1
1787 330 1
1812 20 1
1812 58 1
1815 88 1
1815 289 1
1815 531 1
1816 31 1
1816 639 1
1824 40 1
1824 57 1
1824 144 1
1837 84 1
1878 42 1
1886 41 1
1893 42 1
1906 9 1
1928 148 1
1937 9 1
1937 40 1
1940 3 1
1942 33 1
1961 9 1
1968 9 1
1989 57 1
1989 134 1
2043 205 1
2053 7 1
2067 854 1
2074 9 1
2074 40 1
2074 139 1
2079 19 1
2079 554 1
2141 19 1
2170 61 1
2177 7 1
2177 9 1
2190 102 1
2190 540 1
2193 5 1
2200 138 1
2200 240 1
2209 9 1
2223 148 1
2226 42 1
2226 57 1
2228 5 1
2264 82 1
2291 654 1
2292 9 1
2292 22 1
2292 40 1
2292 99 1
2293 9 1
2293 444 1
2376 7 1
2378 121 1
2388 28 1
2405 422 1
2408 5 1
2413 174 1
2413 283 1
2414 57 1
2464 31 1
2476 538 1
2484 1027 1
2507 5 1
2532 9 1
2543 893 1
2575 78 1
2584 7 1
2609 40 1
2609 95 1
2615 333 1
2618 81 1
2645 3 1
2646 9 1
2652 42 1
2657 122 1
2657 1078 1
2678 20 1
2678 67 1
2682 195 1
2683 5 1
2683 42 1
2713 1601 1
2727 31 1
2729 95 1
2806 81 1
2816 25 1
2842 639 1
2844 893 1
2878 40 1
2880 9 1
2880 42 1
2895 40 1
2915 87 1
2917 15 1
3011 61 1
3041 9 1
3044 601 1
3048 17 1
3058 7 1
3064 42 1
3077 9 1
3092 9 1
3128 138 1
3133 71 1
3146 40 1
3148 42 1
3175 134 1
