3 9 1
3 19 1
3 20 1
3 28 1
3 29 1
3 40 1
3 41 1
3 54 1
3 61 1
3 74 1
3 78 1
3 82 1
3 88 1
3 94 1
3 102 1
3 119 1
3 122 1
3 138 1
3 144 1
3 148 1
3 155 1
3 205 1
3 258 1
3 281 1
3 288 1
3 292 1
3 333 1
3 378 1
3 406 1
3 456 1
3 531 1
3 538 1
3 670 1
3 893 1
3 1187 1
3 1300 1
3 1337 1
3 1526 1
3 1787 1
3 2405 1
3 3175 1
4 3 1
4 27 1
4 33 1
4 42 1
4 57 1
4 574 1
4 769 1
5 7 1
5 9 1
5 17 1
5 20 1
5 21 1
5 27 1
5 28 1
5 31 1
5 42 1
5 54 1
5 56 1
5 61 1
5 74 1
5 78 1
5 81 1
5 87 1
5 95 1
5 97 1
5 99 1
5 119 1
5 122 1
5 138 1
5 144 1
5 148 1
5 155 1
5 186 1
5 205 1
5 216 1
5 240 1
5 281 1
5 283 1
5 287 1
5 291 1
5 333 1
5 393 1
5 441 1
5 456 1
5 457 1
5 468 1
5 473 1
5 558 1
5 601 1
5 627 1
5 696 1
5 746 1
5 922 1
5 1027 1
5 1337 1
5 2264 1
5 2317 1
5 3092 1
7 3 1
7 4 1
7 5 1
7 9 1
7 10 1
7 11 1
7 12 1
7 15 1
7 17 1
7 19 1
7 20 1
7 25 1
7 27 1
7 29 1
7 31 1
7 33 1
7 40 1
7 41 1
7 42 1
7 54 1
7 57 1
7 58 1
7 61 1
7 71 1
7 78 1
7 82 1
7 83 1
7 84 1
7 91 1
7 94 1
7 97 1
7 101 1
7 102 1
7 108 1
7 119 1
7 121 1
7 122 1
7 133 1
7 138 1
7 147 1
7 155 1
7 171 1
7 174 1
7 186 1
7 187 1
7 195 1
7 204 1
7 205 1
7 221 1
7 250 1
7 252 1
7 280 1
7 281 1
7 288 1
7 291 1
7 330 1
7 346 1
7 370 1
7 378 1
7 383 1
7 422 1
7 431 1
7 488 1
7 525 1
7 531 1
7 538 1
7 574 1
7 576 1
7 592 1
7 601 1
7 632 1
7 639 1
7 654 1
7 746 1
7 750 1
7 769 1
7 852 1
7 854 1
7 893 1
7 910 1
7 918 1
7 948 1
7 977 1
7 991 1
7 1002 1
7 1005 1
7 1027 1
7 1090 1
7 1099 1
7 1175 1
7 1199 1
7 1395 1
7 1473 1
7 1774 1
7 2074 1
7 2291 1
7 2292 1
7 2293 1
7 2376 1
8 405 1
9 3 1
9 4 1
9 7 1
9 10 1
9 12 1
9 16 1
9 17 1
9 19 1
9 20 1
9 22 1
9 27 1
9 28 1
9 31 1
9 40 1
9 57 1
9 58 1
9 61 1
9 64 1
9 71 1
9 74 1
9 78 1
9 81 1
9 82 1
9 83 1
9 84 1
9 88 1
9 94 1
9 99 1
9 102 1
9 105 1
9 106 1
9 121 1
9 122 1
9 128 1
9 134 1
9 139 1
9 148 1
9 155 1
9 159 1
9 171 1
9 179 1
9 187 1
9 205 1
9 220 1
9 221 1
9 240 1
9 248 1
9 250 1
9 252 1
9 283 1
9 284 1
9 289 1
9 316 1
9 324 1
9 331 1
9 333 1
9 338 1
9 343 1
9 345 1
9 382 1
9 422 1
9 444 1
9 450 1
9 457 1
9 473 1
9 493 1
9 504 1
9 511 1
9 531 1
9 532 1
9 538 1
9 570 1
9 574 1
9 593 1
9 627 1
9 685 1
9 699 1
9 713 1
9 747 1
9 750 1
9 852 1
9 893 1
9 910 1
9 918 1
9 948 1
9 959 1
9 977 1
9 1037 1
9 1043 1
9 1089 1
9 1181 1
9 1193 1
9 1256 1
9 1300 1
9 1316 1
9 1366 1
9 1368 1
9 1396 1
9 1490 1
9 1497 1
9 1501 1
9 1522 1
9 1533 1
9 1554 1
9 1743 1
9 1746 1
9 1754 1
9 1763 1
9 1812 1
9 1878 1
9 1893 1
9 1937 1
9 1961 1
9 2053 1
9 2141 1
9 2193 1
9 2200 1
9 2378 1
9 2507 1
9 2683 1
9 2880 1
9 3048 1
9 3058 1
10 12 1
10 42 1
10 94 1
10 95 1
10 133 1
10 134 1
10 171 1
10 195 1
10 370 1
10 432 1
10 829 1
10 943 1
10 985 1
10 1017 1
10 1073 1
10 1445 1
10 1525 1
11 19 1
11 20 1
11 33 1
11 123 1
12 3 1
12 4 1
12 5 1
12 7 1
12 9 1
12 21 1
12 27 1
12 31 1
12 40 1
12 42 1
12 60 1
12 61 1
12 88 1
12 291 1
12 627 1
12 943 1
12 1291 1
15 9 1
15 40 1
15 47 1
15 57 1
15 138 1
15 289 1
15 602 1
15 627 1
15 954 1
15 985 1
15 1002 1
15 1366 1
15 2317 1
16 5 1
16 7 1
16 8 1
16 20 1
16 42 1
16 57 1
16 84 1
16 94 1
16 108 1
16 122 1
16 133 1
17 5 1
17 9 1
17 20 1
17 22 1
17 28 1
17 31 1
17 40 1
17 42 1
17 47 1
17 48 1
17 61 1
17 78 1
17 82 1
17 83 1
17 84 1
17 91 1
17 95 1
17 97 1
17 102 1
17 108 1
17 122 1
17 133 1
17 148 1
17 171 1
17 174 1
17 236 1
17 287 1
17 316 1
17 393 1
17 493 1
17 538 1
17 632 1
17 893 1
17 910 1
17 1014 1
17 1035 1
17 1078 1
17 1320 1
17 1989 1
19 5 1
19 7 1
19 9 1
19 29 1
19 40 1
19 42 1
19 61 1
19 97 1
19 139 1
19 154 1
19 442 1
19 531 1
19 943 1
19 1043 1
19 1746 1
20 5 1
20 7 1
20 21 1
20 42 1
20 57 1
20 64 1
20 88 1
20 102 1
20 119 1
20 138 1
20 240 1
20 531 1
20 574 1
20 699 1
20 985 1
20 1014 1
20 1078 1
21 893 1
22 12 1
22 17 1
22 33 1
22 95 1
22 204 1
22 281 1
25 5 1
25 15 1
25 28 1
25 33 1
25 42 1
25 57 1
25 87 1
25 224 1
25 639 1
25 1445 1
27 9 1
27 17 1
27 40 1
27 42 1
27 139 1
27 195 1
27 574 1
28 3 1
28 9 1
28 10 1
28 17 1
28 19 1
28 20 1
28 31 1
28 41 1
28 48 1
28 67 1
28 78 1
28 81 1
28 82 1
28 87 1
28 99 1
28 102 1
28 105 1
28 119 1
28 138 1
28 248 1
28 281 1
28 283 1
28 303 1
28 466 1
28 483 1
28 525 1
28 769 1
28 893 1
28 959 1
28 1017 1
28 1103 1
28 1104 1
28 1295 1
28 1815 1
28 2645 1
29 3 1
29 5 1
29 7 1
29 9 1
29 33 1
29 102 1
29 121 1
29 283 1
29 532 1
29 893 1
31 5 1
31 7 1
31 9 1
31 17 1
31 28 1
31 40 1
31 41 1
31 64 1
31 78 1
31 87 1
31 94 1
31 97 1
31 99 1
31 138 1
31 154 1
31 205 1
31 240 1
31 289 1
31 321 1
31 346 1
31 383 1
31 393 1
31 511 1
31 532 1
31 540 1
31 910 1
31 1754 1
31 1773 1
31 2476 1
33 3 1
33 5 1
33 7 1
33 9 1
33 17 1
33 19 1
33 41 1
33 57 1
33 95 1
33 122 1
33 133 1
33 138 1
33 139 1
33 179 1
33 186 1
33 288 1
33 289 1
33 316 1
33 422 1
33 444 1
33 1002 1
33 1199 1
33 1299 1
33 2317 1
33 2543 1
36 5 1
36 12 1
36 57 1
36 81 1
36 119 1
36 538 1
36 746 1
36 1261 1
37 17 1
37 40 1
37 42 1
37 134 1
37 572 1
40 3 1
40 9 1
40 10 1
40 17 1
40 19 1
40 22 1
40 25 1
40 28 1
40 31 1
40 33 1
40 37 1
40 41 1
40 42 1
40 57 1
40 58 1
40 67 1
40 81 1
40 83 1
40 85 1
40 88 1
40 90 1
40 94 1
40 97 1
40 101 1
40 102 1
40 105 1
40 119 1
40 121 1
40 122 1
40 138 1
40 144 1
40 174 1
40 195 1
40 216 1
40 220 1
40 232 1
40 252 1
40 284 1
40 288 1
40 289 1
40 345 1
40 378 1
40 386 1
40 432 1
40 455 1
40 456 1
40 457 1
40 466 1
40 483 1
40 532 1
40 538 1
40 576 1
40 670 1
40 685 1
40 854 1
40 893 1
40 910 1
40 946 1
40 948 1
40 954 1
40 985 1
40 991 1
40 1004 1
40 1014 1
40 1017 1
40 1027 1
40 1032 1
40 1064 1
40 1106 1
40 1127 1
40 1164 1
40 1313 1
40 1598 1
40 1774 1
40 1781 1
40 1942 1
40 2228 1
40 2713 1
40 2917 1
40 3041 1
41 3 1
41 5 1
41 9 1
41 10 1
41 20 1
41 25 1
41 37 1
41 40 1
41 60 1
41 61 1
41 64 1
41 94 1
41 101 1
41 105 1
41 128 1
41 205 1
41 280 1
41 288 1
41 291 1
41 405 1
41 466 1
41 540 1
41 601 1
41 977 1
42 3 1
42 4 1
42 9 1
42 10 1
42 15 1
42 17 1
42 19 1
42 22 1
42 27 1
42 28 1
42 57 1
42 58 1
42 61 1
42 74 1
42 78 1
42 81 1
42 82 1
42 91 1
42 97 1
42 99 1
42 105 1
42 106 1
42 119 1
42 133 1
42 187 1
42 220 1
42 288 1
42 291 1
42 324 1
42 370 1
42 378 1
42 393 1
42 405 1
42 455 1
42 466 1
42 483 1
42 531 1
42 722 1
42 746 1
42 893 1
42 979 1
42 1184 1
42 1313 1
42 1479 1
42 1601 1
42 1668 1
42 1774 1
42 2246 1
42 2464 1
42 2507 1
42 2842 1
42 2970 1
47 3 1
47 20 1
47 57 1
47 61 1
47 94 1
47 364 1
47 532 1
47 769 1
47 1127 1
48 5 1
48 40 1
48 250 1
54 5 1
54 7 1
54 9 1
54 10 1
54 19 1
54 42 1
54 57 1
54 58 1
54 122 1
54 148 1
54 422 1
54 854 1
54 3044 1
56 7 1
56 40 1
57 3 1
57 9 1
57 15 1
57 17 1
57 28 1
57 41 1
57 61 1
57 88 1
57 99 1
57 101 1
57 122 1
57 123 1
57 128 1
57 139 1
57 205 1
57 216 1
57 250 1
57 281 1
57 287 1
57 289 1
57 330 1
57 442 1
57 456 1
57 531 1
57 538 1
57 640 1
57 719 1
57 893 1
57 943 1
57 991 1
57 1014 1
57 1017 1
57 1100 1
57 1601 1
57 1784 1
57 1817 1
57 2388 1
57 2678 1
57 2915 1
58 7 1
58 12 1
58 15 1
58 31 1
58 40 1
58 57 1
58 78 1
58 94 1
58 138 1
58 144 1
58 154 1
58 236 1
58 554 1
58 1012 1
58 1014 1
58 1156 1
58 2223 1
60 97 1
60 174 1
60 289 1
60 601 1
61 5 1
61 25 1
61 28 1
61 33 1
61 48 1
61 81 1
61 82 1
61 121 1
61 283 1
61 504 1
61 1018 1
64 3 1
64 17 1
64 28 1
64 29 1
64 31 1
64 42 1
64 58 1
64 61 1
64 74 1
64 87 1
64 88 1
64 95 1
64 103 1
64 119 1
64 250 1
64 281 1
64 321 1
64 330 1
64 345 1
64 456 1
64 457 1
64 483 1
64 574 1
64 593 1
64 807 1
64 893 1
64 910 1
64 918 1
64 1184 1
64 1291 1
64 1336 1
64 1445 1
67 5 1
67 9 1
67 29 1
67 57 1
67 71 1
67 97 1
67 105 1
67 148 1
67 205 1
67 220 1
67 283 1
67 422 1
67 483 1
67 531 1
67 532 1
70 9 1
70 289 1
71 17 1
71 40 1
71 94 1
71 174 1
71 283 1
73 5 1
73 42 1
73 457 1
74 5 1
74 9 1
74 57 1
74 97 1
74 102 1
74 179 1
74 236 1
76 7 1
76 9 1
76 654 1
78 4 1
78 5 1
78 7 1
78 9 1
78 19 1
78 20 1
78 25 1
78 31 1
78 81 1
78 82 1
78 95 1
78 97 1
78 102 1
78 119 1
78 122 1
78 133 1
78 457 1
78 530 1
78 893 1
78 1027 1
78 1473 1
78 1616 1
78 1816 1
81 5 1
81 25 1
81 31 1
81 87 1
81 95 1
81 106 1
81 148 1
81 174 1
81 321 1
81 489 1
81 702 1
81 719 1
81 1940 1
82 3 1
82 5 1
82 7 1
82 9 1
82 10 1
82 12 1
82 15 1
82 25 1
82 28 1
82 40 1
82 41 1
82 42 1
82 60 1
82 78 1
82 87 1
82 119 1
82 511 1
82 702 1
82 2028 1
82 2615 1
83 5 1
83 17 1
83 41 1
83 187 1
85 31 1
85 1989 1
87 9 1
87 33 1
87 40 1
87 47 1
87 133 1
87 155 1
87 221 1
87 473 1
87 639 1
87 1490 1
88 3 1
88 15 1
88 19 1
88 25 1
88 28 1
88 42 1
88 61 1
88 81 1
88 94 1
88 101 1
88 119 1
88 144 1
88 281 1
88 330 1
88 450 1
88 574 1
88 639 1
88 750 1
88 852 1
88 1014 1
88 1313 1
88 2170 1
90 20 1
90 122 1
90 364 1
91 679 1
94 5 1
94 7 1
94 9 1
94 28 1
94 33 1
94 40 1
94 41 1
94 42 1
94 57 1
94 83 1
94 95 1
94 102 1
94 105 1
94 205 1
94 893 1
94 910 1
94 1012 1
94 1347 1
95 7 1
95 9 1
95 12 1
95 19 1
95 22 1
95 31 1
95 58 1
95 82 1
95 90 1
95 99 1
95 102 1
95 105 1
95 106 1
95 121 1
95 122 1
95 138 1
95 139 1
95 154 1
95 236 1
95 333 1
95 1127 1
95 3064 1
97 3 1
97 7 1
97 19 1
97 61 1
97 101 1
97 105 1
97 119 1
97 893 1
97 906 1
97 2652 1
99 9 1
99 20 1
99 28 1
99 33 1
99 40 1
99 42 1
99 58 1
99 67 1
99 84 1
99 95 1
99 102 1
99 144 1
99 287 1
99 288 1
99 331 1
99 854 1
99 1027 1
99 2190 1
101 5 1
101 7 1
101 9 1
101 33 1
101 57 1
101 78 1
101 82 1
101 128 1
101 148 1
101 179 1
101 195 1
101 221 1
101 316 1
101 321 1
101 468 1
101 602 1
102 7 1
102 11 1
102 12 1
102 19 1
102 25 1
102 47 1
102 58 1
102 61 1
102 74 1
102 119 1
102 122 1
102 133 1
102 280 1
102 330 1
102 601 1
102 639 1
102 795 1
102 2190 1
105 3 1
105 19 1
105 20 1
105 42 1
105 57 1
105 138 1
105 187 1
105 283 1
105 769 1
106 9 1
106 19 1
106 854 1
106 943 1
108 7 1
108 15 1
108 25 1
108 71 1
108 97 1
108 338 1
108 953 1
119 15 1
119 20 1
119 33 1
119 40 1
119 42 1
119 57 1
119 78 1
119 81 1
119 82 1
119 87 1
119 94 1
119 97 1
119 102 1
119 121 1
119 122 1
119 128 1
119 148 1
119 187 1
119 195 1
119 221 1
119 280 1
119 281 1
119 283 1
119 473 1
119 489 1
119 531 1
119 654 1
119 747 1
119 890 1
119 1027 1
119 2657 1
121 17 1
121 25 1
121 28 1
121 31 1
121 40 1
121 42 1
121 280 1
121 289 1
121 558 1
122 3 1
122 9 1
122 17 1
122 31 1
122 61 1
122 87 1
122 195 1
122 442 1
122 594 1
122 956 1
122 1017 1
122 1127 1
122 1206 1
123 19 1
123 540 1
128 7 1
128 40 1
128 58 1
128 64 1
128 122 1
128 333 1
128 370 1
128 456 1
133 33 1
133 40 1
133 42 1
133 57 1
133 78 1
133 102 1
133 105 1
133 122 1
133 280 1
133 289 1
133 405 1
133 422 1
133 985 1
134 19 1
134 31 1
134 42 1
134 61 1
134 64 1
134 97 1
134 102 1
134 119 1
134 248 1
138 9 1
138 11 1
138 22 1
138 40 1
138 41 1
138 57 1
138 101 1
138 280 1
138 468 1
138 3077 1
139 4 1
139 5 1
139 16 1
139 20 1
139 28 1
139 42 1
139 64 1
139 87 1
139 94 1
139 99 1
139 106 1
139 119 1
139 133 1
139 144 1
139 148 1
139 224 1
139 531 1
139 554 1
139 1014 1
139 1199 1
139 1347 1
139 1746 1
139 1784 1
139 2408 1
139 2844 1
144 9 1
144 12 1
144 19 1
144 33 1
144 76 1
144 119 1
144 155 1
144 283 1
144 3133 1
147 7 1
147 17 1
147 28 1
147 42 1
148 7 1
148 9 1
148 19 1
148 37 1
148 40 1
148 41 1
148 42 1
148 57 1
148 58 1
148 61 1
148 84 1
148 88 1
148 97 1
148 105 1
148 128 1
148 171 1
148 174 1
148 289 1
148 383 1
148 539 1
148 702 1
148 943 1
148 1005 1
148 1100 1
148 1286 1
148 1491 1
148 1824 1
154 9 1
154 29 1
154 40 1
154 42 1
154 57 1
154 61 1
154 67 1
154 105 1
154 133 1
154 139 1
154 174 1
154 280 1
154 457 1
154 531 1
154 538 1
154 670 1
154 2507 1
155 5 1
155 15 1
155 33 1
155 40 1
155 42 1
155 67 1
155 78 1
155 450 1
155 456 1
155 2292 1
171 17 1
171 22 1
171 25 1
171 40 1
171 94 1
171 179 1
171 186 1
171 195 1
171 1837 1
174 9 1
174 144 1
174 345 1
179 3 1
179 5 1
179 10 1
179 19 1
179 47 1
179 102 1
179 393 1
179 456 1
179 893 1
186 9 1
186 22 1
186 37 1
186 144 1
186 154 1
186 287 1
186 324 1
186 582 1
186 2226 1
187 33 1
187 40 1
187 57 1
187 139 1
187 186 1
195 5 1
195 15 1
195 17 1
195 40 1
195 58 1
195 61 1
195 78 1
195 81 1
195 95 1
195 133 1
195 138 1
195 148 1
195 205 1
195 281 1
195 292 1
195 316 1
195 378 1
195 699 1
195 807 1
195 852 1
195 906 1
195 1037 1
195 1184 1
204 5 1
204 9 1
204 17 1
205 3 1
205 7 1
205 11 1
205 22 1
205 25 1
205 31 1
205 40 1
205 78 1
205 91 1
205 119 1
205 289 1
205 345 1
205 574 1
205 639 1
205 654 1
205 769 1
205 893 1
205 985 1
216 5 1
216 42 1
216 119 1
216 148 1
216 531 1
216 1027 1
220 3 1
220 5 1
220 7 1
220 27 1
220 31 1
220 42 1
220 87 1
220 406 1
220 893 1
220 1104 1
221 3 1
221 7 1
221 15 1
221 47 1
221 61 1
221 91 1
221 139 1
221 174 1
221 991 1
221 1681 1
224 5 1
224 9 1
224 10 1
224 17 1
224 19 1
224 20 1
224 33 1
224 42 1
224 47 1
224 58 1
224 64 1
224 87 1
224 97 1
224 101 1
224 205 1
224 216 1
224 248 1
224 393 1
224 511 1
224 574 1
224 627 1
224 769 1
224 1027 1
224 1473 1
232 25 1
236 5 1
236 9 1
236 84 1
236 102 1
236 119 1
236 289 1
236 1057 1
240 3 1
240 40 1
240 57 1
240 139 1
240 281 1
248 292 1
248 893 1
250 5 1
252 174 1
252 1259 1
258 7 1
258 57 1
258 94 1
258 852 1
259 7 1
259 9 1
259 29 1
259 40 1
259 457 1
259 602 1
280 7 1
280 9 1
280 20 1
280 28 1
280 57 1
280 1968 1
281 5 1
281 7 1
281 9 1
281 40 1
281 41 1
281 42 1
281 58 1
281 236 1
281 283 1
281 473 1
281 769 1
281 1291 1
281 2618 1
283 4 1
283 10 1
283 16 1
283 17 1
283 31 1
283 83 1
283 138 1
283 250 1
283 324 1
283 333 1
283 531 1
284 7 1
287 9 1
287 88 1
287 574 1
288 5 1
288 31 1
288 42 1
288 57 1
288 58 1
288 87 1
288 88 1
288 94 1
288 119 1
289 20 1
289 40 1
289 95 1
289 133 1
289 574 1
289 581 1
289 2317 1
291 7 1
291 10 1
291 25 1
291 105 1
291 148 1
291 333 1
291 511 1
292 7 1
292 9 1
292 10 1
292 15 1
292 17 1
292 19 1
292 33 1
292 40 1
292 58 1
292 71 1
292 82 1
292 94 1
292 101 1
292 139 1
292 144 1
292 250 1
292 281 1
292 289 1
292 1036 1
292 1086 1
296 289 1
303 12 1
303 25 1
303 60 1
303 74 1
303 95 1
303 147 1
303 893 1
316 3 1
316 31 1
316 40 1
316 42 1
316 57 1
316 58 1
316 61 1
316 81 1
316 105 1
316 154 1
316 713 1
316 890 1
316 1036 1
316 1754 1
321 9 1
321 42 1
321 119 1
324 7 1
324 17 1
324 42 1
324 47 1
324 106 1
331 3 1
331 57 1
331 122 1
333 15 1
333 33 1
333 40 1
333 58 1
333 121 1
333 538 1
333 1184 1
338 3 1
338 5 1
338 122 1
338 220 1
338 333 1
343 3 1
343 9 1
343 15 1
343 139 1
343 195 1
345 9 1
345 42 1
345 138 1
346 3 1
346 5 1
346 7 1
346 57 1
346 88 1
346 102 1
361 5 1
361 9 1
361 31 1
361 953 1
364 28 1
364 40 1
364 64 1
364 283 1
364 1027 1
364 2657 1
370 9 1
370 134 1
370 281 1
370 283 1
378 7 1
378 17 1
378 28 1
378 40 1
378 102 1
378 602 1
382 42 1
382 133 1
386 221 1
393 5 1
393 283 1
405 9 1
405 28 1
405 61 1
405 102 1
405 133 1
406 10 1
406 31 1
406 155 1
406 283 1
406 1078 1
422 7 1
422 9 1
422 74 1
422 122 1
431 9 1
431 33 1
431 61 1
431 95 1
432 119 1
441 40 1
441 58 1
441 456 1
442 5 1
442 81 1
442 95 1
444 40 1
444 88 1
444 102 1
444 105 1
449 3 1
449 9 1
449 1773 1
450 40 1
450 58 1
450 144 1
450 283 1
450 540 1
455 33 1
455 61 1
455 108 1
455 121 1
455 457 1
455 531 1
456 3 1
456 9 1
456 33 1
456 41 1
456 42 1
456 90 1
456 134 1
457 7 1
457 204 1
466 19 1
466 40 1
466 41 1
466 121 1
466 128 1
466 138 1
466 281 1
466 489 1
468 9 1
468 31 1
468 57 1
468 134 1
468 422 1
468 893 1
468 977 1
468 1104 1
473 7 1
473 40 1
473 42 1
473 57 1
473 88 1
473 525 1
473 910 1
473 954 1
473 1754 1
481 122 1
488 7 1
488 15 1
488 20 1
488 40 1
488 1989 1
489 9 1
489 2678 1
493 7 1
493 12 1
493 17 1
493 94 1
493 654 1
493 696 1
511 9 1
511 17 1
511 33 1
511 144 1
525 40 1
525 57 1
525 102 1
530 9 1
530 393 1
531 5 1
531 7 1
531 9 1
531 19 1
531 61 1
531 82 1
531 84 1
531 88 1
531 102 1
531 122 1
531 171 1
531 205 1
531 525 1
531 627 1
531 679 1
531 746 1
531 994 1
531 1299 1
531 1731 1
532 9 1
532 15 1
532 28 1
532 58 1
532 82 1
532 722 1
538 25 1
538 893 1
539 7 1
539 16 1
539 94 1
539 2806 1
540 5 1
540 7 1
540 15 1
540 17 1
540 19 1
540 42 1
540 82 1
540 106 1
540 138 1
540 139 1
540 422 1
540 713 1
540 1012 1
554 5 1
554 7 1
554 9 1
554 40 1
554 910 1
558 9 1
558 102 1
558 280 1
570 19 1
571 95 1
572 9 1
572 15 1
572 31 1
572 40 1
572 57 1
572 101 1
572 119 1
572 121 1
572 148 1
572 171 1
572 174 1
572 179 1
572 422 1
572 632 1
572 713 1
574 9 1
574 41 1
574 174 1
574 195 1
574 406 1
574 455 1
574 1043 1
574 1100 1
576 9 1
576 19 1
576 1787 1
581 78 1
582 60 1
582 88 1
592 9 1
593 5 1
594 57 1
601 3 1
601 7 1
601 42 1
601 57 1
601 95 1
601 101 1
601 554 1
602 5 1
602 9 1
602 654 1
602 2413 1
627 5 1
627 42 1
627 94 1
627 102 1
627 639 1
627 670 1
627 959 1
632 10 1
632 40 1
632 144 1
632 918 1
639 7 1
639 9 1
639 17 1
639 22 1
639 40 1
639 58 1
639 97 1
639 138 1
640 5 1
640 15 1
654 9 1
654 122 1
654 148 1
654 186 1
654 455 1
670 9 1
670 31 1
670 40 1
670 42 1
670 1017 1
670 2292 1
671 1106 1
678 9 1
678 88 1
678 90 1
678 148 1
678 281 1
678 321 1
678 1400 1
679 15 1
679 532 1
696 88 1
699 57 1
699 122 1
699 281 1
699 582 1
702 9 1
702 133 1
713 7 1
713 95 1
713 148 1
713 532 1
719 20 1
719 1224 1
722 95 1
722 468 1
722 1100 1
746 7 1
746 19 1
746 58 1
746 106 1
746 144 1
750 5 1
750 95 1
750 405 1
769 17 1
769 31 1
769 40 1
769 61 1
795 7 1
795 9 1
795 17 1
795 40 1
795 57 1
795 58 1
807 7 1
807 19 1
807 57 1
807 71 1
807 1106 1
829 57 1
829 155 1
842 9 1
852 7 1
852 9 1
852 10 1
852 12 1
852 95 1
852 106 1
852 108 1
852 139 1
854 19 1
858 7 1
890 5 1
890 9 1
890 57 1
893 9 1
893 42 1
893 78 1
893 639 1
906 7 1
906 221 1
910 3 1
910 78 1
910 99 1
910 119 1
910 139 1
910 174 1
910 333 1
910 530 1
910 1886 1
918 7 1
918 29 1
918 33 1
918 155 1
918 538 1
918 893 1
922 9 1
922 195 1
943 9 1
943 19 1
943 40 1
943 64 1
943 280 1
943 2484 1
946 9 1
946 1601 1
948 7 1
948 105 1
948 288 1
948 678 1
954 42 1
954 531 1
956 5 1
956 42 1
959 7 1
959 9 1
959 19 1
959 29 1
959 82 1
959 148 1
977 3 1
977 9 1
977 19 1
977 33 1
977 122 1
977 205 1
977 1106 1
979 95 1
979 205 1
985 64 1
985 250 1
985 893 1
985 1261 1
991 40 1
991 78 1
994 42 1
994 78 1
1002 3 1
1002 9 1
1004 7 1
1005 7 1
1005 41 1
1005 281 1
1005 287 1
1012 17 1
1012 40 1
1014 3 1
1014 9 1
1014 205 1
1014 473 1
1014 948 1
1014 994 1
1017 31 1
1017 33 1
1017 42 1
1017 58 1
1017 289 1
1017 539 1
1018 7 1
1027 7 1
1027 40 1
1027 81 1
1027 119 1
1027 393 1
1032 57 1
1032 106 1
1035 5 1
1035 33 1
1035 58 1
1035 119 1
1035 504 1
1036 9 1
1036 60 1
1036 2682 1
1037 139 1
1043 40 1
1043 57 1
1043 82 1
1043 134 1
1043 138 1
1057 9 1
1064 40 1
1064 979 1
1071 40 1
1072 40 1
1072 442 1
1072 574 1
1073 5 1
1078 3 1
1078 9 1
1078 17 1
1078 42 1
1078 95 1
1078 574 1
1089 139 1
1089 221 1
1090 99 1
1099 9 1
1100 3 1
1100 9 1
1100 28 1
1100 31 1
1100 58 1
1100 119 1
1100 155 1
1102 7 1
1102 42 1
1102 2729 1
1103 5 1
1104 17 1
1104 40 1
1104 57 1
1104 148 1
1106 9 1
1106 58 1
1106 148 1
1106 572 1
1106 1206 1
1115 9 1
1127 40 1
1127 64 1
1127 456 1
1156 405 1
1164 57 1
1164 532 1
1175 101 1
1184 19 1
1184 42 1
1184 82 1
1184 102 1
1184 216 1
1193 531 1
1199 17 1
1206 19 1
1206 31 1
1206 144 1
1220 195 1
1220 1005 1
1224 144 1
1248 7 1
1255 10 1
1255 12 1
1255 148 1
1256 5 1
1259 7 1
1259 42 1
1259 102 1
1261 5 1
1261 28 1
1291 40 1
1291 155 1
1295 511 1
1299 57 1
1299 1248 1
1316 9 1
1320 40 1
1320 531 1
1336 16 1
1336 40 1
1336 57 1
1336 139 1
1336 289 1
1337 343 1
1337 654 1
1347 9 1
1347 281 1
1347 2657 1
1361 7 1
1362 601 1
1366 9 1
1366 33 1
1366 148 1
1368 82 1
1395 9 1
1395 40 1
1396 15 1
1396 1072 1
1400 40 1
1400 893 1
1428 333 1
1445 1102 1
1473 42 1
1473 102 1
1473 670 1
1473 1043 1
1473 2816 1
1479 20 1
1479 87 1
1490 42 1
1490 82 1
1491 9 1
1497 31 1
1501 87 1
1514 19 1
1522 19 1
1522 57 1
1522 102 1
1525 5 1
1525 9 1
1525 1752 1
1525 2236 1
1526 102 1
1533 9 1
1554 101 1
1561 9 1
1561 76 1
1597 331 1
1598 5 1
1598 9 1
1598 42 1
1601 5 1
1601 11 1
1601 31 1
1601 1598 1
1616 10 1
1668 64 1
1681 9 1
1681 174 1
1731 5 1
1731 9 1
1743 148 1
1746 42 1
1752 2079 1
1754 9 1
1754 97 1
1754 122 1
1754 405 1
1754 893 1
1773 5 1
1773 7 1
1773 42 1
1774 57 1
1781 5 1
1781 40 1
1784 303 1
1787 106 1
1787 133 1
1787 205 1
1787 291 1
1787 1754 1
1812 10 1
1812 187 1
1815 9 1
1815 40 1
1815 893 1
1816 25 1
1816 61 1
1824 20 1
1824 40 1
1824 632 1
1837 42 1
1878 7 1
1886 101 1
1893 370 1
1906 9 1
1928 128 1
1937 3 1
1937 20 1
1940 17 1
1942 148 1
1961 58 1
1968 205 1
1989 5 1
1989 19 1
2043 19 1
2053 40 1
2067 139 1
2074 7 1
2074 99 1
2074 1017 1
2079 9 1
2079 174 1
2141 42 1
2170 9 1
2177 9 1
2177 102 1
2190 88 1
2190 382 1
2193 639 1
2200 40 1
2200 42 1
2209 5 1
2223 7 1
2226 205 1
2226 948 1
2228 9 1
2264 27 1
2291 281 1
2292 42 1
2292 601 1
2292 807 1
2292 1043 1
2293 7 1
2293 57 1
2376 42 1
2378 5 1
2388 58 1
2405 9 1
2408 7 1
2413 31 1
2413 119 1
2414 639 1
2464 64 1
2476 1320 1
2484 186 1
2507 31 1
2532 289 1
2543 40 1
2575 15 1
2584 133 1
2609 5 1
2609 769 1
2615 9 1
2618 205 1
2645 7 1
2646 40 1
2652 64 1
2657 5 1
2657 42 1
2678 78 1
2678 1004 1
2682 3 1
2683 33 1
2683 57 1
2713 1362 1
2727 154 1
2729 82 1
2806 88 1
2816 3 1
2842 101 1
2844 1078 1
2878 890 1
2880 292 1
2880 531 1
2895 5 1
2915 9 1
2917 9 1
3011 121 1
3041 5 1
3044 42 1
3048 57 1
3058 842 1
3064 144 1
3077 291 1
3092 119 1
3128 40 1
3133 29 1
3146 33 1
3148 2657 1
3175 57 1
