3 5 1
3 9 1
3 12 1
3 15 1
3 19 1
3 25 1
3 28 1
3 31 1
3 40 1
3 42 1
3 57 1
3 78 1
3 84 1
3 94 1
3 95 1
3 99 1
3 108 1
3 121 1
3 122 1
3 138 1
3 139 1
3 148 1
3 155 1
3 171 1
3 195 1
3 232 1
3 283 1
3 483 1
3 511 1
3 531 1
3 574 1
3 581 1
3 601 1
3 670 1
3 685 1
3 795 1
3 807 1
3 1199 1
3 1554 1
3 1942 1
3 2806 1
4 5 1
4 9 1
4 42 1
4 57 1
4 61 1
4 88 1
4 139 1
5 3 1
5 7 1
5 9 1
5 11 1
5 17 1
5 19 1
5 22 1
5 25 1
5 40 1
5 57 1
5 58 1
5 61 1
5 74 1
5 78 1
5 82 1
5 87 1
5 94 1
5 95 1
5 99 1
5 119 1
5 122 1
5 133 1
5 134 1
5 148 1
5 179 1
5 216 1
5 221 1
5 283 1
5 370 1
5 386 1
5 422 1
5 466 1
5 473 1
5 539 1
5 696 1
5 746 1
5 769 1
5 893 1
5 910 1
5 918 1
5 977 1
5 1002 1
5 1027 1
5 1037 1
5 1103 1
5 1316 1
5 1731 1
5 1754 1
5 2476 1
5 2683 1
5 3092 1
7 3 1
7 5 1
7 8 1
7 9 1
7 12 1
7 15 1
7 17 1
7 19 1
7 20 1
7 21 1
7 22 1
7 25 1
7 28 1
7 29 1
7 31 1
7 37 1
7 40 1
7 47 1
7 54 1
7 57 1
7 58 1
7 61 1
7 64 1
7 71 1
7 74 1
7 78 1
7 82 1
7 83 1
7 84 1
7 87 1
7 94 1
7 95 1
7 99 1
7 102 1
7 103 1
7 105 1
7 108 1
7 119 1
7 121 1
7 133 1
7 134 1
7 138 1
7 148 1
7 154 1
7 174 1
7 220 1
7 288 1
7 291 1
7 324 1
7 331 1
7 343 1
7 345 1
7 346 1
7 364 1
7 378 1
7 382 1
7 405 1
7 422 1
7 431 1
7 457 1
7 466 1
7 473 1
7 488 1
7 504 1
7 531 1
7 532 1
7 538 1
7 602 1
7 627 1
7 639 1
7 679 1
7 719 1
7 747 1
7 750 1
7 769 1
7 807 1
7 852 1
7 854 1
7 893 1
7 918 1
7 943 1
7 948 1
7 959 1
7 977 1
7 994 1
7 1005 1
7 1078 1
7 1104 1
7 1127 1
7 1184 1
7 1295 1
7 1746 1
7 1816 1
7 1878 1
7 2292 1
7 2317 1
7 2507 1
7 2844 1
7 2880 1
8 87 1
9 3 1
9 4 1
9 7 1
9 10 1
9 12 1
9 15 1
9 19 1
9 20 1
9 21 1
9 25 1
9 27 1
9 28 1
9 29 1
9 31 1
9 40 1
9 41 1
9 42 1
9 47 1
9 57 1
9 60 1
9 74 1
9 78 1
9 82 1
9 84 1
9 87 1
9 88 1
9 90 1
9 91 1
9 94 1
9 95 1
9 97 1
9 99 1
9 101 1
9 102 1
9 106 1
9 121 1
9 122 1
9 133 1
9 148 1
9 154 1
9 171 1
9 174 1
9 187 1
9 195 1
9 216 1
9 236 1
9 240 1
9 250 1
9 280 1
9 281 1
9 284 1
9 289 1
9 303 1
9 321 1
9 338 1
9 345 1
9 370 1
9 382 1
9 405 1
9 406 1
9 422 1
9 457 1
9 466 1
9 525 1
9 531 1
9 532 1
9 538 1
9 539 1
9 554 1
9 574 1
9 592 1
9 627 1
9 670 1
9 679 1
9 699 1
9 719 1
9 746 1
9 750 1
9 769 1
9 842 1
9 854 1
9 890 1
9 893 1
9 943 1
9 946 1
9 948 1
9 956 1
9 959 1
9 977 1
9 1002 1
9 1014 1
9 1017 1
9 1027 1
9 1064 1
9 1078 1
9 1184 1
9 1261 1
9 1286 1
9 1299 1
9 1300 1
9 1320 1
9 1337 1
9 1366 1
9 1400 1
9 1490 1
9 1501 1
9 1522 1
9 1598 1
9 1763 1
9 1774 1
9 1781 1
9 1784 1
9 1815 1
9 1817 1
9 1824 1
9 1893 1
9 1940 1
9 1989 1
9 2028 1
9 2074 1
9 2652 1
9 2816 1
9 2917 1
10 3 1
10 5 1
10 12 1
10 17 1
10 19 1
10 40 1
10 57 1
10 76 1
10 82 1
10 119 1
10 138 1
10 179 1
10 236 1
10 283 1
10 572 1
10 954 1
10 991 1
11 9 1
11 10 1
11 88 1
11 558 1
12 4 1
12 5 1
12 7 1
12 9 1
12 25 1
12 40 1
12 57 1
12 58 1
12 61 1
12 102 1
12 105 1
12 133 1
12 187 1
12 456 1
12 601 1
12 2053 1
12 2678 1
15 5 1
15 17 1
15 19 1
15 28 1
15 81 1
15 97 1
15 102 1
15 138 1
15 148 1
15 893 1
15 1193 1
15 1291 1
15 3064 1
16 5 1
16 19 1
16 21 1
16 42 1
16 121 1
16 133 1
16 155 1
16 250 1
16 289 1
16 493 1
16 959 1
17 3 1
17 5 1
17 15 1
17 16 1
17 19 1
17 20 1
17 27 1
17 28 1
17 31 1
17 33 1
17 42 1
17 54 1
17 58 1
17 61 1
17 78 1
17 94 1
17 99 1
17 106 1
17 133 1
17 144 1
17 159 1
17 205 1
17 252 1
17 281 1
17 289 1
17 364 1
17 383 1
17 406 1
17 442 1
17 455 1
17 457 1
17 538 1
17 601 1
17 639 1
17 852 1
17 893 1
17 1090 1
17 1164 1
17 1774 1
19 3 1
19 5 1
19 9 1
19 17 1
19 33 1
19 40 1
19 57 1
19 82 1
19 97 1
19 105 1
19 171 1
19 216 1
19 289 1
19 893 1
19 948 1
20 7 1
20 10 1
20 19 1
20 25 1
20 31 1
20 57 1
20 58 1
20 88 1
20 106 1
20 119 1
20 128 1
20 133 1
20 155 1
20 330 1
20 455 1
20 1012 1
20 2200 1
21 31 1
22 31 1
22 42 1
22 530 1
22 574 1
22 1073 1
22 1313 1
25 19 1
25 42 1
25 122 1
25 174 1
25 250 1
25 283 1
25 455 1
25 654 1
25 854 1
25 1181 1
27 19 1
27 28 1
27 31 1
27 40 1
27 81 1
27 221 1
27 287 1
28 7 1
28 9 1
28 10 1
28 19 1
28 27 1
28 42 1
28 57 1
28 58 1
28 78 1
28 82 1
28 87 1
28 88 1
28 91 1
28 94 1
28 97 1
28 122 1
28 133 1
28 139 1
28 174 1
28 240 1
28 289 1
28 321 1
28 456 1
28 457 1
28 473 1
28 632 1
28 639 1
28 654 1
28 699 1
28 893 1
28 906 1
28 1078 1
28 1395 1
28 2378 1
28 2678 1
29 5 1
29 7 1
29 9 1
29 58 1
29 87 1
29 106 1
29 138 1
29 144 1
29 252 1
29 893 1
31 3 1
31 7 1
31 9 1
31 10 1
31 22 1
31 33 1
31 42 1
31 57 1
31 67 1
31 82 1
31 84 1
31 90 1
31 101 1
31 102 1
31 105 1
31 138 1
31 148 1
31 187 1
31 283 1
31 511 1
31 531 1
31 540 1
31 554 1
31 639 1
31 713 1
31 954 1
31 1299 1
31 1668 1
31 2543 1
33 3 1
33 5 1
33 9 1
33 10 1
33 28 1
33 40 1
33 41 1
33 67 1
33 83 1
33 88 1
33 95 1
33 133 1
33 138 1
33 179 1
33 281 1
33 283 1
33 291 1
33 393 1
33 405 1
33 531 1
33 558 1
33 654 1
33 893 1
33 1004 1
33 1300 1
36 9 1
36 42 1
36 57 1
36 102 1
36 119 1
36 139 1
36 287 1
36 538 1
37 7 1
37 9 1
37 40 1
37 42 1
37 3077 1
40 3 1
40 4 1
40 5 1
40 9 1
40 16 1
40 19 1
40 20 1
40 22 1
40 25 1
40 27 1
40 29 1
40 33 1
40 57 1
40 61 1
40 74 1
40 78 1
40 81 1
40 83 1
40 88 1
40 94 1
40 95 1
40 102 1
40 105 1
40 106 1
40 133 1
40 134 1
40 138 1
40 139 1
40 144 1
40 147 1
40 155 1
40 204 1
40 205 1
40 220 1
40 221 1
40 258 1
40 281 1
40 283 1
40 287 1
40 289 1
40 330 1
40 338 1
40 383 1
40 393 1
40 422 1
40 457 1
40 466 1
40 473 1
40 530 1
40 531 1
40 532 1
40 538 1
40 576 1
40 582 1
40 654 1
40 750 1
40 852 1
40 854 1
40 953 1
40 979 1
40 985 1
40 991 1
40 1027 1
40 1057 1
40 1072 1
40 1102 1
40 1320 1
40 1368 1
40 1526 1
40 1533 1
40 1601 1
40 1754 1
40 1787 1
40 1837 1
40 2291 1
40 2293 1
40 2408 1
40 2657 1
40 2842 1
40 3044 1
41 7 1
41 16 1
41 29 1
41 40 1
41 58 1
41 64 1
41 78 1
41 87 1
41 94 1
41 101 1
41 102 1
41 119 1
41 128 1
41 138 1
41 144 1
41 195 1
41 289 1
41 316 1
41 457 1
41 639 1
41 893 1
41 918 1
41 1490 1
41 1961 1
42 5 1
42 7 1
42 11 1
42 15 1
42 17 1
42 22 1
42 28 1
42 29 1
42 31 1
42 33 1
42 40 1
42 47 1
42 57 1
42 58 1
42 60 1
42 61 1
42 64 1
42 74 1
42 78 1
42 81 1
42 82 1
42 90 1
42 97 1
42 99 1
42 105 1
42 108 1
42 119 1
42 121 1
42 122 1
42 133 1
42 186 1
42 205 1
42 283 1
42 288 1
42 292 1
42 370 1
42 378 1
42 393 1
42 442 1
42 456 1
42 504 1
42 511 1
42 532 1
42 601 1
42 627 1
42 640 1
42 713 1
42 722 1
42 948 1
42 1099 1
42 1259 1
42 2223 1
47 3 1
47 20 1
47 40 1
47 102 1
47 105 1
47 155 1
47 316 1
47 593 1
47 1479 1
48 42 1
48 58 1
48 383 1
54 7 1
54 17 1
54 42 1
54 58 1
54 61 1
54 97 1
54 99 1
54 102 1
54 248 1
54 316 1
54 574 1
54 769 1
54 1473 1
56 3 1
56 122 1
57 9 1
57 15 1
57 17 1
57 20 1
57 22 1
57 25 1
57 33 1
57 37 1
57 41 1
57 58 1
57 64 1
57 91 1
57 106 1
57 122 1
57 133 1
57 139 1
57 144 1
57 186 1
57 250 1
57 280 1
57 281 1
57 289 1
57 333 1
57 422 1
57 444 1
57 456 1
57 489 1
57 511 1
57 570 1
57 639 1
57 829 1
57 910 1
57 1014 1
57 1017 1
57 1187 1
57 1396 1
57 1525 1
57 1937 1
57 2317 1
58 5 1
58 7 1
58 9 1
58 15 1
58 25 1
58 40 1
58 88 1
58 97 1
58 101 1
58 155 1
58 205 1
58 333 1
58 696 1
58 893 1
58 1014 1
58 1018 1
58 1086 1
60 17 1
60 28 1
60 57 1
60 84 1
61 20 1
61 27 1
61 57 1
61 64 1
61 82 1
61 101 1
61 102 1
61 119 1
61 148 1
61 288 1
61 1445 1
64 3 1
64 5 1
64 7 1
64 9 1
64 15 1
64 17 1
64 31 1
64 33 1
64 40 1
64 78 1
64 81 1
64 94 1
64 95 1
64 119 1
64 128 1
64 139 1
64 171 1
64 174 1
64 179 1
64 195 1
64 205 1
64 287 1
64 346 1
64 370 1
64 531 1
64 702 1
64 890 1
64 1005 1
64 1036 1
64 1089 1
64 1812 1
64 2657 1
67 3 1
67 5 1
67 7 1
67 9 1
67 27 1
67 58 1
67 94 1
67 119 1
67 280 1
67 281 1
67 511 1
67 525 1
67 574 1
67 854 1
67 1598 1
70 3 1
70 57 1
71 15 1
71 17 1
71 19 1
71 174 1
71 2970 1
73 17 1
73 40 1
73 101 1
74 5 1
74 7 1
74 17 1
74 42 1
74 47 1
74 83 1
74 174 1
76 15 1
76 893 1
76 2079 1
78 5 1
78 7 1
78 9 1
78 17 1
78 19 1
78 20 1
78 33 1
78 40 1
78 41 1
78 42 1
78 54 1
78 57 1
78 58 1
78 82 1
78 102 1
78 105 1
78 139 1
78 174 1
78 422 1
78 457 1
78 893 1
78 953 1
78 2405 1
81 5 1
81 9 1
81 12 1
81 17 1
81 28 1
81 33 1
81 40 1
81 57 1
81 378 1
81 405 1
81 574 1
81 1104 1
81 1968 1
82 7 1
82 9 1
82 10 1
82 15 1
82 19 1
82 29 1
82 31 1
82 40 1
82 42 1
82 81 1
82 88 1
82 95 1
82 97 1
82 106 1
82 195 1
82 224 1
82 291 1
82 1027 1
82 2713 1
82 3175 1
83 9 1
83 40 1
83 144 1
83 985 1
85 7 1
85 2190 1
87 19 1
87 40 1
87 57 1
87 67 1
87 138 1
87 393 1
87 442 1
87 602 1
87 1035 1
87 1256 1
88 10 1
88 12 1
88 15 1
88 16 1
88 19 1
88 31 1
88 40 1
88 57 1
88 60 1
88 67 1
88 78 1
88 95 1
88 186 1
88 195 1
88 205 1
88 280 1
88 345 1
88 405 1
88 422 1
88 441 1
88 769 1
88 1445 1
90 102 1
90 171 1
90 1100 1
91 64 1
94 7 1
94 9 1
94 10 1
94 17 1
94 57 1
94 58 1
94 61 1
94 119 1
94 122 1
94 292 1
94 450 1
94 483 1
94 538 1
94 746 1
94 979 1
94 1017 1
94 1106 1
94 2226 1
95 7 1
95 15 1
95 37 1
95 57 1
95 82 1
95 99 1
95 119 1
95 138 1
95 205 1
95 221 1
95 292 1
95 330 1
95 345 1
95 456 1
95 483 1
95 574 1
95 576 1
95 910 1
95 1199 1
95 1491 1
95 1989 1
95 2682 1
97 7 1
97 9 1
97 28 1
97 31 1
97 87 1
97 102 1
97 119 1
97 236 1
97 540 1
97 2388 1
99 3 1
99 9 1
99 17 1
99 25 1
99 31 1
99 33 1
99 41 1
99 42 1
99 138 1
99 205 1
99 248 1
99 288 1
99 393 1
99 468 1
99 632 1
99 1746 1
99 1773 1
99 2645 1
101 3 1
101 5 1
101 7 1
101 15 1
101 29 1
101 41 1
101 42 1
101 57 1
101 95 1
101 122 1
101 281 1
101 493 1
101 531 1
101 1005 1
101 1032 1
101 2246 1
102 3 1
102 7 1
102 19 1
102 31 1
102 82 1
102 122 1
102 139 1
102 155 1
102 205 1
102 252 1
102 287 1
102 345 1
102 370 1
102 532 1
102 893 1
102 1224 1
102 1313 1
102 2618 1
105 5 1
105 31 1
105 57 1
105 138 1
105 174 1
105 455 1
105 538 1
105 540 1
105 1199 1
106 9 1
106 61 1
106 139 1
106 1184 1
108 7 1
108 58 1
108 88 1
108 468 1
108 893 1
108 1743 1
108 2264 1
119 19 1
119 20 1
119 22 1
119 40 1
119 41 1
119 42 1
119 47 1
119 61 1
119 81 1
119 94 1
119 97 1
119 101 1
119 102 1
119 122 1
119 144 1
119 148 1
119 240 1
119 280 1
119 288 1
119 291 1
119 324 1
119 331 1
119 531 1
119 654 1
119 1017 1
119 1043 1
119 1078 1
119 1261 1
119 1366 1
119 2317 1
119 2507 1
121 3 1
121 5 1
121 20 1
121 41 1
121 139 1
121 144 1
121 943 1
121 2228 1
121 2464 1
122 3 1
122 4 1
122 5 1
122 7 1
122 9 1
122 33 1
122 133 1
122 144 1
122 155 1
122 174 1
122 985 1
122 1681 1
122 2317 1
123 5 1
123 47 1
128 5 1
128 28 1
128 33 1
128 101 1
128 148 1
128 985 1
128 1206 1
128 2657 1
133 3 1
133 5 1
133 7 1
133 9 1
133 17 1
133 28 1
133 42 1
133 61 1
133 154 1
133 195 1
133 601 1
133 746 1
133 1336 1
134 9 1
134 57 1
134 71 1
134 84 1
134 97 1
134 101 1
134 119 1
134 289 1
134 670 1
138 12 1
138 17 1
138 20 1
138 31 1
138 58 1
138 84 1
138 108 1
138 122 1
138 333 1
138 531 1
139 5 1
139 7 1
139 9 1
139 17 1
139 19 1
139 20 1
139 48 1
139 58 1
139 82 1
139 97 1
139 101 1
139 119 1
139 122 1
139 186 1
139 221 1
139 292 1
139 405 1
139 473 1
139 554 1
139 699 1
139 1012 1
139 1014 1
139 1106 1
139 1156 1
139 2292 1
144 25 1
144 31 1
144 42 1
144 61 1
144 81 1
144 87 1
144 88 1
144 94 1
144 943 1
147 31 1
147 40 1
147 42 1
147 205 1
148 7 1
148 25 1
148 27 1
148 40 1
148 57 1
148 58 1
148 60 1
148 64 1
148 74 1
148 78 1
148 87 1
148 99 1
148 106 1
148 133 1
148 147 1
148 186 1
148 280 1
148 281 1
148 324 1
148 444 1
148 450 1
148 632 1
148 713 1
148 943 1
148 1445 1
148 1616 1
148 3058 1
154 3 1
154 5 1
154 28 1
154 29 1
154 33 1
154 40 1
154 41 1
154 64 1
154 78 1
154 97 1
154 205 1
154 289 1
154 333 1
154 456 1
154 504 1
154 1774 1
154 2615 1
155 9 1
155 17 1
155 33 1
155 40 1
155 97 1
155 174 1
155 195 1
155 221 1
155 316 1
155 769 1
171 3 1
171 25 1
171 33 1
171 60 1
171 250 1
171 283 1
171 422 1
171 456 1
171 1027 1
174 31 1
174 139 1
174 594 1
179 9 1
179 57 1
179 102 1
179 205 1
179 333 1
179 574 1
179 852 1
179 1027 1
179 1886 1
186 9 1
186 40 1
186 133 1
186 154 1
186 333 1
186 406 1
186 531 1
186 852 1
186 2376 1
187 33 1
187 94 1
187 102 1
187 321 1
187 1004 1
195 5 1
195 7 1
195 17 1
195 20 1
195 41 1
195 101 1
195 105 1
195 119 1
195 121 1
195 179 1
195 240 1
195 248 1
195 281 1
195 289 1
195 291 1
195 393 1
195 456 1
195 468 1
195 532 1
195 1127 1
195 1291 1
195 1347 1
195 2657 1
204 5 1
204 9 1
204 187 1
205 7 1
205 9 1
205 12 1
205 31 1
205 40 1
205 41 1
205 42 1
205 74 1
205 87 1
205 102 1
205 134 1
205 289 1
205 943 1
205 1012 1
205 1106 1
205 1473 1
205 2292 1
205 2729 1
216 9 1
216 42 1
216 90 1
216 94 1
216 574 1
216 639 1
220 5 1
220 15 1
220 37 1
220 40 1
220 76 1
220 119 1
220 121 1
220 144 1
220 303 1
220 678 1
221 3 1
221 7 1
221 40 1
221 61 1
221 97 1
221 119 1
221 250 1
221 281 1
221 343 1
221 654 1
224 3 1
224 5 1
224 11 1
224 15 1
224 17 1
224 22 1
224 33 1
224 40 1
224 41 1
224 57 1
224 61 1
224 71 1
224 95 1
224 102 1
224 144 1
224 174 1
224 236 1
224 281 1
224 333 1
224 473 1
224 531 1
224 722 1
224 807 1
224 1043 1
232 101 1
236 5 1
236 20 1
236 58 1
236 220 1
236 316 1
236 1014 1
236 1127 1
240 31 1
240 139 1
240 148 1
240 281 1
240 422 1
248 19 1
248 1206 1
250 7 1
252 20 1
252 289 1
258 9 1
258 22 1
258 57 1
258 393 1
259 9 1
259 15 1
259 78 1
259 95 1
259 119 1
259 324 1
280 3 1
280 40 1
280 61 1
280 119 1
280 122 1
280 1773 1
281 5 1
281 19 1
281 25 1
281 33 1
281 40 1
281 83 1
281 99 1
281 106 1
281 122 1
281 330 1
281 432 1
281 985 1
281 1347 1
283 15 1
283 19 1
283 48 1
283 204 1
283 250 1
283 289 1
283 331 1
283 442 1
283 574 1
283 906 1
283 910 1
284 19 1
287 5 1
287 19 1
287 538 1
288 5 1
288 7 1
288 11 1
288 20 1
288 57 1
288 281 1
288 540 1
288 593 1
288 702 1
289 19 1
289 40 1
289 133 1
289 138 1
289 139 1
289 144 1
289 281 1
291 7 1
291 41 1
291 42 1
291 57 1
291 71 1
291 106 1
291 893 1
292 3 1
292 4 1
292 17 1
292 19 1
292 40 1
292 41 1
292 56 1
292 81 1
292 99 1
292 122 1
292 128 1
292 281 1
292 483 1
292 489 1
292 531 1
292 582 1
292 601 1
292 746 1
292 1362 1
292 1601 1
296 9 1
303 7 1
303 17 1
303 33 1
303 40 1
303 78 1
303 81 1
303 171 1
316 5 1
316 22 1
316 28 1
316 42 1
316 58 1
316 71 1
316 82 1
316 87 1
316 119 1
316 139 1
316 187 1
316 280 1
316 283 1
316 910 1
321 40 1
321 42 1
321 2507 1
324 7 1
324 95 1
324 105 1
324 122 1
324 155 1
331 102 1
331 174 1
331 893 1
333 9 1
333 17 1
333 33 1
333 40 1
333 88 1
333 105 1
333 205 1
338 3 1
338 19 1
338 58 1
338 134 1
338 685 1
343 3 1
343 7 1
343 28 1
343 122 1
343 138 1
345 5 1
345 7 1
345 20 1
346 7 1
346 9 1
346 17 1
346 42 1
346 57 1
346 187 1
361 9 1
361 119 1
361 139 1
361 1027 1
364 9 1
364 57 1
364 88 1
364 456 1
364 572 1
364 747 1
370 12 1
370 139 1
370 288 1
370 483 1
378 5 1
378 7 1
378 17 1
378 42 1
378 94 1
378 531 1
382 64 1
382 769 1
386 2413 1
393 5 1
393 42 1
405 9 1
405 134 1
405 283 1
405 457 1
405 525 1
406 7 1
406 33 1
406 40 1
406 248 1
406 918 1
422 7 1
422 78 1
422 250 1
422 910 1
431 9 1
431 47 1
431 119 1
431 1100 1
432 574 1
441 9 1
441 40 1
441 61 1
442 511 1
442 893 1
442 2915 1
444 9 1
444 10 1
444 289 1
444 2484 1
449 7 1
449 19 1
449 122 1
450 7 1
450 20 1
450 40 1
450 88 1
450 187 1
455 9 1
455 47 1
455 87 1
455 102 1
455 148 1
455 450 1
456 9 1
456 19 1
456 20 1
456 42 1
456 78 1
456 280 1
456 283 1
457 57 1
457 138 1
466 5 1
466 9 1
466 20 1
466 33 1
466 42 1
466 102 1
466 148 1
466 977 1
468 5 1
468 7 1
468 31 1
468 57 1
468 102 1
468 119 1
468 121 1
468 574 1
473 9 1
473 31 1
473 33 1
473 88 1
473 122 1
473 186 1
473 893 1
473 910 1
473 991 1
481 2170 1
488 5 1
488 7 1
488 57 1
488 94 1
488 97 1
489 64 1
489 102 1
493 9 1
493 28 1
493 40 1
493 101 1
493 121 1
493 1989 1
511 3 1
511 5 1
511 95 1
511 954 1
525 5 1
525 33 1
525 88 1
530 9 1
530 283 1
531 7 1
531 9 1
531 10 1
531 82 1
531 95 1
531 106 1
531 119 1
531 121 1
531 122 1
531 148 1
531 171 1
531 205 1
531 220 1
531 283 1
531 405 1
531 489 1
531 670 1
531 893 1
531 991 1
532 7 1
532 33 1
532 82 1
532 155 1
532 281 1
532 321 1
538 95 1
538 893 1
539 4 1
539 64 1
539 95 1
539 216 1
540 5 1
540 9 1
540 17 1
540 20 1
540 40 1
540 57 1
540 87 1
540 88 1
540 216 1
540 432 1
540 627 1
540 1027 1
540 1043 1
554 40 1
554 42 1
554 88 1
554 123 1
554 1497 1
558 3 1
558 25 1
558 713 1
570 333 1
571 289 1
572 7 1
572 9 1
572 28 1
572 42 1
572 58 1
572 61 1
572 88 1
572 174 1
572 287 1
572 289 1
572 457 1
572 639 1
572 985 1
572 1100 1
572 1601 1
574 7 1
574 9 1
574 15 1
574 20 1
574 74 1
574 119 1
574 174 1
574 1017 1
576 9 1
576 28 1
576 393 1
581 15 1
582 9 1
582 19 1
592 378 1
593 84 1
594 1754 1
601 17 1
601 31 1
601 40 1
601 57 1
601 538 1
601 602 1
601 1014 1
602 9 1
602 64 1
602 330 1
602 2193 1
627 7 1
627 10 1
627 12 1
627 15 1
627 29 1
627 40 1
627 81 1
632 40 1
632 57 1
632 138 1
632 139 1
639 15 1
639 27 1
639 42 1
639 57 1
639 78 1
639 105 1
639 148 1
639 532 1
640 7 1
640 28 1
654 9 1
654 58 1
654 60 1
654 61 1
654 1313 1
670 9 1
670 10 1
670 40 1
670 890 1
670 1106 1
670 3048 1
671 5 1
678 5 1
678 9 1
678 12 1
678 97 1
678 101 1
678 144 1
678 288 1
679 94 1
679 1752 1
696 31 1
699 5 1
699 42 1
699 91 1
699 574 1
702 10 1
702 94 1
713 9 1
713 57 1
713 291 1
713 3133 1
719 122 1
719 148 1
722 91 1
722 95 1
722 148 1
746 9 1
746 40 1
746 58 1
746 82 1
746 531 1
750 5 1
750 61 1
750 95 1
769 102 1
769 205 1
769 236 1
769 922 1
795 7 1
795 9 1
795 33 1
795 57 1
795 61 1
795 1043 1
807 5 1
807 9 1
807 19 1
807 25 1
807 42 1
829 40 1
829 283 1
842 1104 1
852 11 1
852 17 1
852 19 1
852 40 1
852 123 1
852 144 1
852 221 1
852 1746 1
854 532 1
858 12 1
890 7 1
890 42 1
890 1291 1
893 9 1
893 17 1
893 102 1
893 148 1
906 3 1
906 531 1
910 7 1
910 9 1
910 10 1
910 28 1
910 40 1
910 78 1
910 122 1
910 994 1
910 1002 1
918 7 1
918 17 1
918 25 1
918 57 1
918 121 1
918 288 1
922 5 1
922 378 1
943 5 1
943 7 1
943 40 1
943 85 1
943 154 1
943 321 1
946 5 1
946 40 1
948 25 1
948 42 1
948 101 1
948 601 1
954 9 1
954 195 1
956 204 1
956 284 1
959 5 1
959 9 1
959 40 1
959 61 1
959 627 1
959 1184 1
977 7 1
977 40 1
977 42 1
977 61 1
977 102 1
977 122 1
977 148 1
979 9 1
979 128 1
985 7 1
985 33 1
985 81 1
985 1787 1
991 40 1
991 42 1
994 9 1
994 102 1
1002 57 1
1002 61 1
1004 5 1
1005 7 1
1005 94 1
1005 144 1
1005 893 1
1012 9 1
1012 10 1
1014 3 1
1014 82 1
1014 333 1
1014 538 1
1014 2190 1
1014 2236 1
1017 10 1
1017 29 1
1017 42 1
1017 78 1
1017 205 1
1017 1784 1
1018 281 1
1027 5 1
1027 9 1
1027 40 1
1027 97 1
1027 148 1
1032 33 1
1032 58 1
1035 9 1
1035 57 1
1035 82 1
1035 148 1
1035 910 1
1036 5 1
1036 31 1
1036 67 1
1037 61 1
1043 5 1
1043 9 1
1043 40 1
1043 48 1
1043 148 1
1057 9 1
1064 9 1
1064 10 1
1071 57 1
1072 5 1
1072 7 1
1072 57 1
1073 57 1
1078 3 1
1078 9 1
1078 33 1
1078 57 1
1078 468 1
1078 531 1
1089 9 1
1089 221 1
1090 102 1
1099 105 1
1100 17 1
1100 94 1
1100 95 1
1100 105 1
1100 154 1
1100 281 1
1100 654 1
1102 3 1
1102 102 1
1102 1337 1
1103 9 1
1104 9 1
1104 40 1
1104 42 1
1104 893 1
1106 9 1
1106 40 1
1106 42 1
1106 108 1
1106 1100 1
1115 220 1
1127 7 1
1127 40 1
1127 78 1
1156 5 1
1164 42 1
1164 58 1
1175 12 1
1184 7 1
1184 41 1
1184 58 1
1184 456 1
1184 1175 1
1193 205 1
1199 61 1
1206 41 1
1206 94 1
1206 102 1
1220 57 1
1220 139 1
1224 42 1
1248 7 1
1255 3 1
1255 42 1
1255 1036 1
1256 627 1
1259 9 1
1259 58 1
1259 893 1
1261 31 1
1261 702 1
1291 9 1
1291 31 1
1295 280 1
1299 133 1
1299 224 1
1316 5 1
1320 195 1
1320 1043 1
1336 5 1
1336 9 1
1336 19 1
1336 87 1
1336 195 1
1337 33 1
1337 42 1
1347 19 1
1347 20 1
1347 119 1
1361 1127 1
1362 1473 1
1366 9 1
1366 40 1
1366 57 1
1368 769 1
1395 12 1
1395 31 1
1396 9 1
1396 532 1
1400 205 1
1400 769 1
1428 42 1
1445 42 1
1473 28 1
1473 40 1
1473 42 1
1473 57 1
1473 83 1
1479 670 1
1479 1754 1
1490 57 1
1490 154 1
1491 5 1
1497 128 1
1501 57 1
1514 9 1
1522 3 1
1522 5 1
1522 42 1
1525 3 1
1525 9 1
1525 20 1
1525 3041 1
1526 7 1
1533 40 1
1554 40 1
1561 186 1
1561 632 1
1597 179 1
1598 7 1
1598 33 1
1598 61 1
1601 5 1
1601 9 1
1601 42 1
1601 144 1
1616 15 1
1668 42 1
1681 42 1
1681 1014 1
1731 19 1
1731 42 1
1743 31 1
1746 148 1
1752 31 1
1754 5 1
1754 9 1
1754 95 1
1754 119 1
1754 144 1
1773 40 1
1773 71 1
1773 1017 1
1774 133 1
1781 9 1
1781 134 1
1784 17 1
1787 3 1
1787 9 1
1787 42 1
1787 128 1
1787 639 1
1812 28 1
1812 42 1
1815 5 1
1815 40 1
1815 61 1
1816 64 1
1816 1754 1
1824 7 1
1824 28 1
1824 42 1
1837 9 1
1878 9 1
1886 9 1
1893 1037 1
1906 102 1
1928 97 1
1937 28 1
1937 42 1
1940 148 1
1942 64 1
1961 40 1
1968 9 1
1989 42 1
1989 948 1
2043 9 1
2053 7 1
2067 31 1
2074 5 1
2074 7 1
2074 9 1
2079 31 1
2079 105 1
2141 9 1
2170 95 1
2177 3 1
2177 1027 1
2190 9 1
2190 41 1
2193 42 1
2200 7 1
2200 19 1
2209 16 1
2223 291 1
2226 19 1
2226 95 1
2228 10 1
2264 9 1
2291 893 1
2292 9 1
2292 42 1
2292 78 1
2292 82 1
2293 40 1
2293 42 1
2376 280 1
2378 81 1
2388 128 1
2405 289 1
2408 9 1
2413 40 1
2413 333 1
2414 40 1
2464 9 1
2476 7 1
2484 17 1
2507 1248 1
2532 82 1
2543 7 1
2575 148 1
2584 1017 1
2609 7 1
2609 64 1
2615 122 1
2618 155 1
2645 281 1
2646 893 1
2652 42 1
2657 138 1
2657 283 1
2678 3 1
2678 195 1
2682 119 1
2683 40 1
2683 119 1
2713 17 1
2727 205 1
2729 531 1
2806 42 1
2816 42 1
2842 910 1
2844 4 1
2878 9 1
2880 639 1
2880 2141 1
2895 9 1
2915 19 1
2917 40 1
3011 40 1
3041 9 1
3044 105 1
3048 81 1
3058 525 1
3064 40 1
3077 602 1
3092 9 1
3128 9 1
3133 58 1
3146 9 1
3148 138 1
3175 121 1
