3 5 1
3 10 1
3 11 1
3 15 1
3 19 1
3 22 1
3 25 1
3 27 1
3 40 1
3 87 1
3 94 1
3 97 1
3 99 1
3 144 1
3 159 1
3 171 1
3 186 1
3 195 1
3 236 1
3 240 1
3 281 1
3 289 1
3 441 1
3 450 1
3 457 1
3 531 1
3 532 1
3 538 1
3 574 1
3 601 1
3 639 1
3 746 1
3 893 1
3 948 1
3 1005 1
3 1078 1
3 1090 1
3 1400 1
3 1490 1
3 1601 1
3 3044 1
4 5 1
4 7 1
4 9 1
4 57 1
4 71 1
4 102 1
4 205 1
5 3 1
5 7 1
5 9 1
5 10 1
5 12 1
5 19 1
5 20 1
5 31 1
5 33 1
5 40 1
5 58 1
5 61 1
5 64 1
5 74 1
5 95 1
5 97 1
5 99 1
5 102 1
5 105 1
5 119 1
5 122 1
5 133 1
5 139 1
5 144 1
5 155 1
5 205 1
5 221 1
5 330 1
5 345 1
5 422 1
5 456 1
5 466 1
5 504 1
5 538 1
5 540 1
5 627 1
5 746 1
5 750 1
5 854 1
5 890 1
5 910 1
5 977 1
5 1036 1
5 1089 1
5 1106 1
5 1206 1
5 1316 1
5 1501 1
5 1773 1
5 1893 1
5 2291 1
7 3 1
7 5 1
7 9 1
7 12 1
7 16 1
7 17 1
7 19 1
7 20 1
7 22 1
7 25 1
7 28 1
7 31 1
7 40 1
7 42 1
7 48 1
7 54 1
7 57 1
7 58 1
7 60 1
7 61 1
7 64 1
7 76 1
7 78 1
7 81 1
7 82 1
7 87 1
7 88 1
7 95 1
7 97 1
7 99 1
7 101 1
7 102 1
7 105 1
7 122 1
7 133 1
7 134 1
7 147 1
7 155 1
7 179 1
7 195 1
7 204 1
7 205 1
7 216 1
7 220 1
7 221 1
7 224 1
7 236 1
7 250 1
7 281 1
7 284 1
7 291 1
7 324 1
7 393 1
7 422 1
7 432 1
7 456 1
7 457 1
7 488 1
7 493 1
7 531 1
7 532 1
7 539 1
7 554 1
7 581 1
7 593 1
7 594 1
7 602 1
7 627 1
7 632 1
7 639 1
7 670 1
7 746 1
7 747 1
7 807 1
7 893 1
7 910 1
7 918 1
7 943 1
7 953 1
7 991 1
7 1014 1
7 1027 1
7 1300 1
7 1320 1
7 1362 1
7 1473 1
7 1752 1
7 1754 1
7 1781 1
7 1816 1
7 1824 1
7 2193 1
7 2293 1
7 2464 1
7 2484 1
7 2683 1
7 2816 1
7 3064 1
7 3077 1
8 9 1
9 4 1
9 5 1
9 7 1
9 12 1
9 15 1
9 17 1
9 19 1
9 20 1
9 21 1
9 22 1
9 28 1
9 29 1
9 31 1
9 33 1
9 37 1
9 42 1
9 47 1
9 57 1
9 58 1
9 61 1
9 71 1
9 74 1
9 78 1
9 82 1
9 84 1
9 87 1
9 88 1
9 90 1
9 94 1
9 102 1
9 105 1
9 106 1
9 119 1
9 122 1
9 133 1
9 144 1
9 148 1
9 171 1
9 174 1
9 195 1
9 205 1
9 221 1
9 240 1
9 248 1
9 250 1
9 252 1
9 281 1
9 288 1
9 289 1
9 291 1
9 316 1
9 324 1
9 330 1
9 331 1
9 333 1
9 343 1
9 346 1
9 378 1
9 382 1
9 383 1
9 405 1
9 422 1
9 442 1
9 456 1
9 457 1
9 466 1
9 473 1
9 483 1
9 504 1
9 511 1
9 531 1
9 538 1
9 539 1
9 558 1
9 574 1
9 582 1
9 601 1
9 602 1
9 685 1
9 702 1
9 722 1
9 746 1
9 807 1
9 829 1
9 852 1
9 890 1
9 893 1
9 918 1
9 946 1
9 954 1
9 959 1
9 985 1
9 991 1
9 1036 1
9 1064 1
9 1073 1
9 1100 1
9 1127 1
9 1184 1
9 1199 1
9 1259 1
9 1286 1
9 1291 1
9 1299 1
9 1533 1
9 1668 1
9 1743 1
9 1817 1
9 1878 1
9 1886 1
9 1940 1
9 1942 1
9 1989 1
9 2074 1
9 2190 1
9 2223 1
9 2264 1
9 2376 1
9 2476 1
9 2543 1
9 2645 1
9 2915 1
9 3041 1
10 7 1
10 9 1
10 15 1
10 17 1
10 19 1
10 28 1
10 40 1
10 61 1
10 64 1
10 82 1
10 122 1
10 283 1
10 331 1
10 511 1
10 531 1
10 685 1
10 2190 1
11 5 1
11 9 1
11 57 1
11 81 1
12 9 1
12 15 1
12 17 1
12 25 1
12 28 1
12 87 1
12 91 1
12 95 1
12 101 1
12 102 1
12 121 1
12 122 1
12 174 1
12 220 1
12 405 1
12 504 1
12 769 1
15 3 1
15 25 1
15 28 1
15 29 1
15 105 1
15 121 1
15 128 1
15 139 1
15 148 1
15 232 1
15 699 1
15 1525 1
15 2713 1
16 9 1
16 12 1
16 19 1
16 33 1
16 40 1
16 42 1
16 58 1
16 148 1
16 155 1
16 386 1
16 473 1
17 3 1
17 9 1
17 10 1
17 12 1
17 19 1
17 22 1
17 25 1
17 27 1
17 29 1
17 41 1
17 42 1
17 57 1
17 61 1
17 64 1
17 78 1
17 82 1
17 87 1
17 94 1
17 97 1
17 99 1
17 102 1
17 108 1
17 119 1
17 128 1
17 133 1
17 139 1
17 280 1
17 281 1
17 289 1
17 333 1
17 378 1
17 422 1
17 457 1
17 574 1
17 1017 1
17 1032 1
17 1300 1
17 1815 1
17 2170 1
19 4 1
19 5 1
19 9 1
19 25 1
19 31 1
19 40 1
19 42 1
19 91 1
19 97 1
19 122 1
19 133 1
19 205 1
19 333 1
19 654 1
19 1014 1
20 29 1
20 31 1
20 41 1
20 64 1
20 67 1
20 82 1
20 90 1
20 94 1
20 105 1
20 133 1
20 144 1
20 187 1
20 195 1
20 283 1
20 288 1
20 1078 1
20 1601 1
21 121 1
22 7 1
22 12 1
22 17 1
22 57 1
22 85 1
22 1018 1
25 29 1
25 31 1
25 40 1
25 58 1
25 87 1
25 101 1
25 103 1
25 281 1
25 316 1
25 954 1
27 17 1
27 31 1
27 42 1
27 57 1
27 121 1
27 654 1
27 1395 1
28 5 1
28 7 1
28 9 1
28 29 1
28 31 1
28 33 1
28 40 1
28 56 1
28 58 1
28 64 1
28 78 1
28 82 1
28 94 1
28 95 1
28 101 1
28 138 1
28 171 1
28 179 1
28 205 1
28 221 1
28 283 1
28 289 1
28 303 1
28 378 1
28 532 1
28 538 1
28 592 1
28 910 1
28 948 1
28 1037 1
28 1057 1
28 1106 1
28 1774 1
28 2388 1
28 2507 1
29 5 1
29 9 1
29 20 1
29 33 1
29 91 1
29 154 1
29 155 1
29 252 1
29 393 1
29 442 1
31 3 1
31 5 1
31 7 1
31 9 1
31 11 1
31 19 1
31 40 1
31 41 1
31 42 1
31 67 1
31 78 1
31 82 1
31 83 1
31 102 1
31 122 1
31 139 1
31 148 1
31 174 1
31 281 1
31 289 1
31 405 1
31 456 1
31 525 1
31 639 1
31 918 1
31 943 1
31 1014 1
31 1104 1
31 1989 1
33 9 1
33 17 1
33 19 1
33 20 1
33 41 1
33 42 1
33 47 1
33 67 1
33 82 1
33 87 1
33 106 1
33 119 1
33 133 1
33 134 1
33 171 1
33 287 1
33 289 1
33 511 1
33 554 1
33 654 1
33 713 1
33 1187 1
33 1291 1
33 1445 1
33 1773 1
36 5 1
36 20 1
36 33 1
36 83 1
36 119 1
36 174 1
36 283 1
36 699 1
37 5 1
37 40 1
37 42 1
37 95 1
37 121 1
40 3 1
40 5 1
40 11 1
40 15 1
40 19 1
40 20 1
40 31 1
40 33 1
40 41 1
40 42 1
40 47 1
40 54 1
40 57 1
40 58 1
40 60 1
40 76 1
40 78 1
40 83 1
40 94 1
40 95 1
40 97 1
40 105 1
40 119 1
40 121 1
40 144 1
40 147 1
40 179 1
40 195 1
40 236 1
40 250 1
40 281 1
40 283 1
40 291 1
40 321 1
40 343 1
40 346 1
40 405 1
40 442 1
40 457 1
40 466 1
40 525 1
40 574 1
40 601 1
40 627 1
40 639 1
40 678 1
40 679 1
40 702 1
40 713 1
40 747 1
40 842 1
40 852 1
40 854 1
40 922 1
40 948 1
40 956 1
40 977 1
40 985 1
40 1005 1
40 1017 1
40 1027 1
40 1078 1
40 1103 1
40 1184 1
40 1193 1
40 1199 1
40 1206 1
40 1256 1
40 1313 1
40 1366 1
40 1491 1
40 1497 1
40 1526 1
40 1787 1
40 2053 1
40 2079 1
40 2228 1
40 2657 1
40 2682 1
40 2842 1
41 15 1
41 17 1
41 20 1
41 31 1
41 57 1
41 61 1
41 71 1
41 94 1
41 119 1
41 122 1
41 128 1
41 148 1
41 155 1
41 174 1
41 220 1
41 280 1
41 289 1
41 422 1
41 540 1
41 574 1
41 893 1
41 1017 1
41 1104 1
41 2657 1
42 3 1
42 5 1
42 10 1
42 15 1
42 17 1
42 19 1
42 20 1
42 25 1
42 27 1
42 37 1
42 78 1
42 82 1
42 99 1
42 101 1
42 106 1
42 119 1
42 121 1
42 139 1
42 154 1
42 171 1
42 186 1
42 187 1
42 205 1
42 216 1
42 220 1
42 224 1
42 280 1
42 281 1
42 289 1
42 292 1
42 321 1
42 333 1
42 393 1
42 422 1
42 455 1
42 457 1
42 483 1
42 493 1
42 540 1
42 627 1
42 639 1
42 893 1
42 918 1
42 985 1
42 1014 1
42 1027 1
42 1086 1
42 1102 1
42 2292 1
42 2806 1
42 3092 1
42 3175 1
47 5 1
47 58 1
47 61 1
47 87 1
47 95 1
47 108 1
47 133 1
47 284 1
47 1014 1
48 9 1
48 57 1
48 893 1
54 5 1
54 7 1
54 20 1
54 31 1
54 40 1
54 42 1
54 57 1
54 58 1
54 82 1
54 195 1
54 345 1
54 1199 1
54 2618 1
56 330 1
56 531 1
57 5 1
57 9 1
57 12 1
57 17 1
57 19 1
57 28 1
57 31 1
57 60 1
57 61 1
57 74 1
57 81 1
57 88 1
57 108 1
57 119 1
57 138 1
57 139 1
57 174 1
57 195 1
57 248 1
57 283 1
57 289 1
57 382 1
57 383 1
57 393 1
57 431 1
57 538 1
57 540 1
57 574 1
57 593 1
57 639 1
57 699 1
57 769 1
57 1004 1
57 1336 1
57 1366 1
57 2028 1
57 2236 1
57 2844 1
57 3058 1
58 3 1
58 7 1
58 12 1
58 17 1
58 19 1
58 31 1
58 40 1
58 42 1
58 57 1
58 94 1
58 95 1
58 489 1
58 601 1
58 893 1
58 910 1
58 979 1
58 1313 1
60 9 1
60 83 1
60 138 1
60 1396 1
61 5 1
61 15 1
61 28 1
61 31 1
61 81 1
61 88 1
61 769 1
61 959 1
61 1100 1
61 1746 1
61 2970 1
64 7 1
64 9 1
64 31 1
64 33 1
64 40 1
64 41 1
64 42 1
64 57 1
64 82 1
64 87 1
64 95 1
64 97 1
64 119 1
64 122 1
64 148 1
64 154 1
64 186 1
64 187 1
64 288 1
64 289 1
64 291 1
64 316 1
64 345 1
64 473 1
64 511 1
64 531 1
64 574 1
64 719 1
64 893 1
64 948 1
64 1043 1
64 1812 1
67 3 1
67 9 1
67 10 1
67 19 1
67 42 1
67 58 1
67 61 1
67 88 1
67 148 1
67 280 1
67 289 1
67 393 1
67 444 1
67 1754 1
67 2141 1
70 9 1
70 95 1
71 97 1
71 102 1
71 106 1
71 121 1
71 406 1
73 5 1
73 9 1
73 64 1
74 5 1
74 9 1
74 15 1
74 42 1
74 78 1
74 280 1
74 532 1
76 33 1
76 122 1
76 144 1
78 5 1
78 7 1
78 9 1
78 28 1
78 31 1
78 37 1
78 40 1
78 41 1
78 42 1
78 61 1
78 67 1
78 74 1
78 88 1
78 99 1
78 102 1
78 119 1
78 138 1
78 139 1
78 174 1
78 195 1
78 333 1
78 468 1
78 2507 1
81 3 1
81 7 1
81 33 1
81 40 1
81 42 1
81 119 1
81 121 1
81 138 1
81 195 1
81 287 1
81 456 1
81 602 1
81 1347 1
82 7 1
82 9 1
82 17 1
82 20 1
82 27 1
82 28 1
82 31 1
82 37 1
82 40 1
82 84 1
82 91 1
82 97 1
82 119 1
82 122 1
82 248 1
82 345 1
82 455 1
82 538 1
82 910 1
82 2408 1
83 40 1
83 101 1
83 144 1
83 531 1
85 5 1
85 42 1
87 5 1
87 20 1
87 31 1
87 40 1
87 61 1
87 81 1
87 102 1
87 422 1
87 795 1
87 991 1
88 3 1
88 5 1
88 7 1
88 19 1
88 21 1
88 25 1
88 28 1
88 40 1
88 42 1
88 64 1
88 87 1
88 95 1
88 97 1
88 102 1
88 122 1
88 281 1
88 289 1
88 292 1
88 331 1
88 457 1
88 985 1
88 1017 1
90 95 1
90 139 1
90 144 1
91 25 1
94 3 1
94 5 1
94 9 1
94 31 1
94 33 1
94 61 1
94 78 1
94 88 1
94 95 1
94 101 1
94 102 1
94 119 1
94 281 1
94 292 1
94 531 1
94 554 1
94 1002 1
94 2317 1
95 9 1
95 15 1
95 16 1
95 17 1
95 25 1
95 31 1
95 33 1
95 71 1
95 94 1
95 102 1
95 133 1
95 134 1
95 139 1
95 186 1
95 289 1
95 489 1
95 531 1
95 574 1
95 893 1
95 994 1
95 1295 1
95 2292 1
97 3 1
97 5 1
97 7 1
97 9 1
97 10 1
97 12 1
97 20 1
97 144 1
97 287 1
97 538 1
99 3 1
99 7 1
99 10 1
99 17 1
99 31 1
99 40 1
99 42 1
99 58 1
99 64 1
99 88 1
99 106 1
99 174 1
99 204 1
99 364 1
99 489 1
99 532 1
99 1004 1
99 1473 1
101 7 1
101 22 1
101 28 1
101 33 1
101 40 1
101 47 1
101 57 1
101 61 1
101 99 1
101 122 1
101 144 1
101 538 1
101 1027 1
101 1156 1
101 1184 1
101 1746 1
102 3 1
102 5 1
102 7 1
102 17 1
102 19 1
102 33 1
102 47 1
102 57 1
102 74 1
102 83 1
102 95 1
102 148 1
102 280 1
102 288 1
102 456 1
102 713 1
102 769 1
102 893 1
105 7 1
105 11 1
105 42 1
105 57 1
105 82 1
105 101 1
105 106 1
105 123 1
105 532 1
106 9 1
106 19 1
106 910 1
106 1014 1
108 9 1
108 19 1
108 57 1
108 61 1
108 531 1
108 893 1
108 3048 1
119 7 1
119 9 1
119 15 1
119 19 1
119 40 1
119 42 1
119 58 1
119 78 1
119 82 1
119 84 1
119 88 1
119 94 1
119 95 1
119 101 1
119 102 1
119 105 1
119 128 1
119 154 1
119 174 1
119 179 1
119 205 1
119 316 1
119 321 1
119 338 1
119 378 1
119 393 1
119 483 1
119 525 1
119 746 1
119 1027 1
119 1937 1
121 3 1
121 7 1
121 42 1
121 105 1
121 148 1
121 186 1
121 444 1
121 574 1
121 1554 1
122 5 1
122 9 1
122 21 1
122 31 1
122 58 1
122 283 1
122 303 1
122 456 1
122 943 1
122 1337 1
122 1774 1
122 1787 1
122 2678 1
123 9 1
123 280 1
128 7 1
128 9 1
128 40 1
128 42 1
128 57 1
128 67 1
128 94 1
128 283 1
133 3 1
133 7 1
133 9 1
133 19 1
133 33 1
133 40 1
133 42 1
133 99 1
133 122 1
133 138 1
133 291 1
133 807 1
133 893 1
134 9 1
134 19 1
134 40 1
134 57 1
134 82 1
134 281 1
134 287 1
134 370 1
134 2317 1
138 5 1
138 17 1
138 20 1
138 25 1
138 40 1
138 102 1
138 133 1
138 134 1
138 422 1
138 994 1
139 7 1
139 9 1
139 10 1
139 20 1
139 28 1
139 41 1
139 81 1
139 97 1
139 105 1
139 138 1
139 205 1
139 287 1
139 288 1
139 289 1
139 432 1
139 468 1
139 627 1
139 670 1
139 769 1
139 852 1
139 977 1
139 1027 1
139 1078 1
139 1127 1
139 1754 1
144 7 1
144 17 1
144 33 1
144 42 1
144 57 1
144 84 1
144 119 1
144 138 1
144 370 1
147 15 1
147 40 1
147 42 1
147 102 1
148 3 1
148 4 1
148 5 1
148 10 1
148 17 1
148 20 1
148 28 1
148 29 1
148 57 1
148 58 1
148 78 1
148 90 1
148 101 1
148 106 1
148 122 1
148 133 1
148 171 1
148 205 1
148 258 1
148 281 1
148 450 1
148 531 1
148 601 1
148 893 1
148 1598 1
148 1754 1
148 2917 1
154 3 1
154 7 1
154 8 1
154 9 1
154 20 1
154 40 1
154 48 1
154 57 1
154 78 1
154 87 1
154 102 1
154 144 1
154 148 1
154 468 1
154 679 1
154 854 1
154 2292 1
155 7 1
155 57 1
155 60 1
155 97 1
155 105 1
155 148 1
155 854 1
155 1175 1
155 1989 1
155 2652 1
171 3 1
171 5 1
171 12 1
171 19 1
171 94 1
171 128 1
171 179 1
171 291 1
171 1774 1
174 17 1
174 28 1
174 221 1
179 5 1
179 20 1
179 33 1
179 57 1
179 139 1
179 538 1
179 722 1
179 852 1
179 1731 1
186 5 1
186 9 1
186 40 1
186 61 1
186 102 1
186 144 1
186 148 1
186 632 1
186 769 1
187 9 1
187 40 1
187 57 1
187 221 1
187 654 1
195 9 1
195 10 1
195 15 1
195 19 1
195 41 1
195 42 1
195 47 1
195 94 1
195 97 1
195 102 1
195 155 1
195 174 1
195 252 1
195 321 1
195 456 1
195 473 1
195 570 1
195 639 1
195 943 1
195 1100 1
195 1445 1
195 2200 1
195 2226 1
204 33 1
204 78 1
204 148 1
205 7 1
205 17 1
205 19 1
205 22 1
205 25 1
205 40 1
205 61 1
205 64 1
205 106 1
205 119 1
205 128 1
205 133 1
205 138 1
205 221 1
205 281 1
205 393 1
205 893 1
205 1104 1
216 5 1
216 7 1
216 41 1
216 57 1
216 148 1
216 910 1
220 19 1
220 42 1
220 57 1
220 94 1
220 139 1
220 187 1
220 558 1
220 670 1
220 1754 1
220 3133 1
221 3 1
221 5 1
221 31 1
221 42 1
221 57 1
221 58 1
221 105 1
221 139 1
221 511 1
221 531 1
224 5 1
224 9 1
224 15 1
224 19 1
224 20 1
224 27 1
224 40 1
224 41 1
224 58 1
224 64 1
224 82 1
224 84 1
224 95 1
224 102 1
224 119 1
224 122 1
224 138 1
224 139 1
224 155 1
224 250 1
224 288 1
224 1184 1
224 1763 1
224 2678 1
232 3 1
236 9 1
236 10 1
236 57 1
236 61 1
236 74 1
236 138 1
236 154 1
240 40 1
240 88 1
240 283 1
240 632 1
240 2729 1
248 7 1
248 531 1
250 12 1
252 61 1
252 97 1
258 9 1
258 57 1
258 155 1
258 473 1
259 3 1
259 17 1
259 31 1
259 57 1
259 171 1
259 1043 1
280 9 1
280 40 1
280 42 1
280 248 1
280 292 1
280 383 1
281 3 1
281 12 1
281 33 1
281 58 1
281 60 1
281 82 1
281 84 1
281 144 1
281 148 1
281 289 1
281 943 1
281 1012 1
281 2317 1
283 3 1
283 5 1
283 19 1
283 47 1
283 71 1
283 78 1
283 281 1
283 455 1
283 750 1
283 890 1
283 1968 1
284 9 1
287 12 1
287 27 1
287 78 1
288 9 1
288 42 1
288 91 1
288 97 1
288 119 1
288 405 1
288 572 1
288 1100 1
288 2880 1
289 4 1
289 15 1
289 28 1
289 41 1
289 61 1
289 94 1
289 119 1
291 7 1
291 17 1
291 42 1
291 82 1
291 128 1
291 138 1
291 280 1
292 7 1
292 9 1
292 10 1
292 15 1
292 17 1
292 58 1
292 81 1
292 82 1
292 84 1
292 106 1
292 138 1
292 148 1
292 187 1
292 205 1
292 250 1
292 283 1
292 468 1
292 530 1
292 632 1
292 1043 1
296 174 1
303 5 1
303 7 1
303 102 1
303 139 1
303 473 1
303 906 1
303 1598 1
316 5 1
316 7 1
316 17 1
316 41 1
316 57 1
316 71 1
316 88 1
316 95 1
316 133 1
316 204 1
316 324 1
316 985 1
316 1127 1
316 1299 1
321 5 1
321 283 1
321 769 1
324 5 1
324 7 1
324 40 1
324 42 1
324 531 1
331 83 1
331 280 1
331 893 1
333 28 1
333 81 1
333 82 1
333 195 1
333 1027 1
333 1522 1
333 2507 1
338 25 1
338 31 1
338 40 1
338 139 1
338 574 1
343 9 1
343 78 1
343 378 1
343 977 1
343 1473 1
345 3 1
345 5 1
345 9 1
346 7 1
346 40 1
346 102 1
346 216 1
346 991 1
346 1224 1
361 5 1
361 7 1
361 81 1
361 216 1
364 5 1
364 17 1
364 28 1
364 42 1
364 283 1
364 639 1
370 9 1
370 121 1
370 138 1
370 654 1
378 17 1
378 40 1
378 41 1
378 119 1
378 532 1
378 893 1
382 4 1
382 61 1
386 9 1
393 42 1
393 893 1
405 40 1
405 41 1
405 57 1
405 139 1
405 457 1
406 5 1
406 9 1
406 42 1
406 333 1
406 1784 1
422 7 1
422 9 1
422 133 1
422 283 1
431 5 1
431 532 1
431 893 1
431 1313 1
432 9 1
441 10 1
441 40 1
441 531 1
442 57 1
442 82 1
442 122 1
444 7 1
444 40 1
444 330 1
444 576 1
449 57 1
449 406 1
449 696 1
450 9 1
450 28 1
450 101 1
450 525 1
450 893 1
455 9 1
455 17 1
455 40 1
455 95 1
455 483 1
455 910 1
456 7 1
456 74 1
456 88 1
456 128 1
456 144 1
456 1017 1
456 1037 1
457 19 1
457 58 1
466 7 1
466 9 1
466 10 1
466 31 1
466 40 1
466 94 1
466 456 1
466 893 1
468 5 1
468 58 1
468 61 1
468 95 1
468 288 1
468 450 1
468 1002 1
468 1961 1
473 19 1
473 40 1
473 78 1
473 144 1
473 250 1
473 333 1
473 370 1
473 719 1
473 2657 1
481 9 1
488 7 1
488 9 1
488 94 1
488 101 1
488 953 1
489 7 1
489 148 1
493 5 1
493 33 1
493 42 1
493 122 1
493 324 1
493 455 1
511 9 1
511 22 1
511 57 1
511 640 1
525 9 1
525 19 1
525 1837 1
530 58 1
530 155 1
531 3 1
531 5 1
531 7 1
531 9 1
531 15 1
531 25 1
531 27 1
531 33 1
531 40 1
531 57 1
531 102 1
531 187 1
531 442 1
531 530 1
531 654 1
531 1012 1
531 1261 1
531 1320 1
531 2246 1
532 7 1
532 57 1
532 81 1
532 466 1
532 574 1
532 1099 1
538 42 1
538 61 1
539 40 1
539 134 1
539 281 1
539 954 1
540 3 1
540 9 1
540 17 1
540 25 1
540 29 1
540 40 1
540 60 1
540 87 1
540 94 1
540 216 1
540 910 1
540 943 1
540 1106 1
554 3 1
554 40 1
554 105 1
554 333 1
554 1164 1
558 5 1
558 57 1
558 1014 1
570 5 1
571 5 1
572 7 1
572 9 1
572 15 1
572 19 1
572 29 1
572 41 1
572 57 1
572 64 1
572 81 1
572 87 1
572 105 1
572 338 1
572 457 1
572 702 1
572 769 1
574 40 1
574 58 1
574 78 1
574 94 1
574 106 1
574 119 1
574 123 1
574 750 1
576 42 1
576 57 1
576 627 1
581 3 1
582 17 1
582 42 1
592 148 1
593 28 1
594 9 1
601 3 1
601 7 1
601 17 1
601 42 1
601 88 1
601 119 1
601 696 1
602 5 1
602 20 1
602 119 1
602 281 1
627 3 1
627 7 1
627 15 1
627 95 1
627 122 1
627 456 1
627 531 1
632 19 1
632 31 1
632 57 1
632 81 1
639 7 1
639 9 1
639 19 1
639 61 1
639 281 1
639 511 1
639 906 1
639 1002 1
640 3 1
640 28 1
654 22 1
654 42 1
654 94 1
654 893 1
654 1368 1
670 5 1
670 7 1
670 9 1
670 40 1
670 119 1
670 406 1
671 78 1
678 17 1
678 42 1
678 58 1
678 81 1
678 99 1
678 134 1
678 205 1
679 155 1
679 205 1
696 122 1
699 9 1
699 28 1
699 133 1
699 174 1
702 12 1
702 119 1
713 7 1
713 16 1
713 42 1
713 58 1
719 5 1
719 42 1
722 28 1
722 1012 1
722 2317 1
746 7 1
746 33 1
746 148 1
746 654 1
746 1043 1
750 20 1
750 64 1
750 345 1
769 3 1
769 19 1
769 20 1
769 281 1
795 3 1
795 17 1
795 40 1
795 42 1
795 122 1
795 572 1
807 31 1
807 40 1
807 47 1
807 155 1
807 370 1
829 17 1
829 28 1
842 94 1
852 9 1
852 19 1
852 29 1
852 40 1
852 57 1
852 58 1
852 236 1
852 364 1
854 122 1
858 7 1
890 42 1
890 58 1
890 893 1
893 7 1
893 42 1
893 133 1
893 283 1
906 40 1
906 121 1
910 3 1
910 16 1
910 31 1
910 57 1
910 87 1
910 139 1
910 187 1
910 893 1
910 1106 1
918 42 1
918 88 1
918 105 1
918 133 1
918 985 1
918 1616 1
922 9 1
922 10 1
943 7 1
943 40 1
943 54 1
943 280 1
943 854 1
943 2405 1
946 139 1
946 174 1
948 9 1
948 40 1
948 405 1
948 483 1
954 57 1
954 283 1
956 9 1
956 221 1
959 3 1
959 5 1
959 9 1
959 40 1
959 99 1
959 138 1
977 7 1
977 25 1
977 40 1
977 42 1
977 57 1
977 87 1
977 99 1
979 9 1
979 154 1
985 33 1
985 78 1
985 108 1
985 119 1
991 9 1
991 601 1
994 31 1
994 148 1
1002 7 1
1002 1248 1
1004 154 1
1005 9 1
1005 40 1
1005 88 1
1005 1337 1
1012 9 1
1012 31 1
1014 3 1
1014 9 1
1014 15 1
1014 57 1
1014 330 1
1014 893 1
1017 10 1
1017 15 1
1017 78 1
1017 102 1
1017 119 1
1017 179 1
1018 205 1
1027 7 1
1027 9 1
1027 31 1
1027 40 1
1027 42 1
1032 101 1
1032 532 1
1035 19 1
1035 28 1
1035 40 1
1035 57 1
1035 148 1
1036 40 1
1036 61 1
1036 250 1
1037 1017 1
1043 7 1
1043 33 1
1043 121 1
1043 122 1
1043 370 1
1057 4 1
1064 9 1
1064 205 1
1071 9 1
1072 9 1
1072 33 1
1072 538 1
1073 64 1
1078 7 1
1078 40 1
1078 61 1
1078 64 1
1078 102 1
1078 574 1
1089 9 1
1089 88 1
1090 9 1
1099 7 1
1100 7 1
1100 27 1
1100 40 1
1100 105 1
1100 119 1
1100 333 1
1100 893 1
1102 7 1
1102 122 1
1102 220 1
1103 102 1
1104 9 1
1104 42 1
1104 102 1
1104 670 1
1106 9 1
1106 42 1
1106 61 1
1106 95 1
1106 1681 1
1115 101 1
1127 9 1
1127 17 1
1127 122 1
1156 9 1
1164 7 1
1164 57 1
1175 2413 1
1184 19 1
1184 33 1
1184 40 1
1184 576 1
1184 979 1
1193 9 1
1199 713 1
1206 3 1
1206 57 1
1206 119 1
1220 102 1
1220 174 1
1224 288 1
1248 138 1
1255 9 1
1255 41 1
1255 144 1
1256 25 1
1259 102 1
1259 639 1
1259 1181 1
1261 9 1
1261 1784 1
1291 10 1
1291 19 1
1295 1127 1
1299 42 1
1299 88 1
1316 5 1
1320 42 1
1320 174 1
1336 9 1
1336 17 1
1336 186 1
1336 422 1
1336 531 1
1337 9 1
1337 48 1
1347 9 1
1347 10 1
1347 893 1
1361 601 1
1362 148 1
1366 9 1
1366 40 1
1366 138 1
1368 88 1
1395 9 1
1395 42 1
1396 42 1
1396 1072 1
1400 16 1
1400 240 1
1428 42 1
1445 40 1
1473 4 1
1473 20 1
1473 102 1
1473 148 1
1473 205 1
1479 9 1
1479 102 1
1490 7 1
1490 97 1
1491 97 1
1497 9 1
1501 40 1
1514 7 1
1522 5 1
1522 9 1
1522 1035 1
1525 5 1
1525 9 1
1525 33 1
1525 95 1
1526 9 1
1533 9 1
1554 40 1
1561 57 1
1561 2378 1
1597 7 1
1598 5 1
1598 19 1
1598 57 1
1601 57 1
1601 97 1
1601 186 1
1601 236 1
1616 1347 1
1668 61 1
1681 9 1
1681 289 1
1731 5 1
1731 582 1
1743 138 1
1746 9 1
1752 90 1
1754 7 1
1754 9 1
1754 22 1
1754 40 1
1754 84 1
1773 122 1
1773 948 1
1773 1043 1
1774 5 1
1781 7 1
1781 287 1
1784 405 1
1787 7 1
1787 81 1
1787 102 1
1787 139 1
1787 316 1
1812 33 1
1812 333 1
1815 28 1
1815 42 1
1815 205 1
1816 57 1
1816 105 1
1824 5 1
1824 33 1
1824 108 1
1837 5 1
1878 289 1
1886 10 1
1893 138 1
1906 291 1
1928 42 1
1937 25 1
1937 531 1
1940 88 1
1942 58 1
1961 74 1
1968 11 1
1989 639 1
1989 1746 1
2043 281 1
2053 1027 1
2067 9 1
2074 7 1
2074 9 1
2074 82 1
2079 3 1
2079 57 1
2141 134 1
2170 1291 1
2177 250 1
2177 2657 1
2190 5 1
2190 289 1
2193 40 1
2200 106 1
2200 144 1
2209 119 1
2223 321 1
2226 5 1
2226 58 1
2228 1601 1
2264 1261 1
2291 40 1
2292 9 1
2292 40 1
2292 101 1
2292 2615 1
2293 7 1
2293 20 1
2376 5 1
2378 42 1
2388 959 1
2405 133 1
2408 5 1
2413 42 1
2413 1490 1
2414 9 1
2464 205 1
2476 1017 1
2484 17 1
2507 195 1
2532 7 1
2543 31 1
2575 205 1
2584 40 1
2609 5 1
2609 15 1
2615 42 1
2618 42 1
2645 17 1
2646 148 1
2652 5 1
2657 9 1
2657 1445 1
2678 33 1
2678 58 1
2682 393 1
2683 61 1
2683 95 1
2713 33 1
2727 15 1
2729 1027 1
2806 1005 1
2816 78 1
2842 602 1
2844 40 1
2878 9 1
2880 42 1
2880 195 1
2895 31 1
2915 240 1
2917 574 1
3011 22 1
3041 19 1
3044 58 1
3048 40 1
3058 769 1
3064 42 1
3077 9 1
3092 40 1
3128 283 1
3133 852 1
3146 670 1
3148 9 1
3175 1479 1
