1 15 1
1 49 1
3 56 1
4 30 1
4 31 1
4 40 1
4 58 1
7 42 1
7 60 1
8 48 1
9 6 1
9 57 1
10 21 1
10 33 1
10 48 1
13 25 1
13 31 1
14 58 1
16 51 1
16 52 1
18 43 1
19 44 1
19 59 1
20 45 1
22 18 1
22 24 1
22 43 1
22 57 1
24 18 1
25 27 1
25 42 1
25 60 1
27 60 1
28 36 1
28 39 1
28 44 1
29 51 1
31 30 1
31 39 1
31 58 1
32 39 1
34 37 1
34 43 1
35 58 1
37 12 1
37 33 1
37 41 1
37 46 1
40 21 1
40 22 1
40 54 1
40 57 1
42 15 1
43 28 1
43 36 1
43 37 1
43 49 1
46 9 1
46 16 1
46 33 1
46 52 1
46 55 1
49 12 1
49 27 1
49 37 1
49 46 1
52 3 1
52 6 1
52 9 1
52 55 1
54 59 1
55 3 1
55 22 1
55 24 1
58 20 1
58 30 1
58 40 1
58 45 1
58 54 1
59 43 1
