1 20 1
1 60 1
3 33 1
4 15 1
4 43 1
4 58 1
4 59 1
7 43 1
7 49 1
8 45 1
9 16 1
9 58 1
10 12 1
10 36 1
10 42 1
13 9 1
13 55 1
14 43 1
16 22 1
16 44 1
18 12 1
19 21 1
19 55 1
20 28 1
22 6 1
22 39 1
22 44 1
22 58 1
24 3 1
25 18 1
25 24 1
25 48 1
27 9 1
28 36 1
28 54 1
28 56 1
29 45 1
31 18 1
31 25 1
31 37 1
32 41 1
34 40 1
34 52 1
35 24 1
37 30 1
37 33 1
37 40 1
37 54 1
40 6 1
40 30 1
40 52 1
40 60 1
42 27 1
43 31 1
43 33 1
43 37 1
43 59 1
46 22 1
46 39 1
46 51 1
46 57 1
46 58 1
49 3 1
49 46 1
49 51 1
49 57 1
52 42 1
52 46 1
52 49 1
52 57 1
54 60 1
55 21 1
55 27 1
55 48 1
58 30 1
58 31 1
58 37 1
58 39 1
58 43 1
59 15 1
