1 9 1
1 15 1
3 42 1
4 12 1
4 20 1
4 55 1
4 58 1
7 25 1
7 49 1
8 36 1
9 43 1
9 45 1
10 3 1
10 33 1
10 40 1
13 40 1
13 55 1
14 27 1
16 15 1
16 58 1
18 21 1
19 30 1
19 49 1
20 12 1
22 9 1
22 24 1
22 42 1
22 57 1
24 54 1
25 6 1
25 18 1
25 37 1
27 36 1
28 16 1
28 18 1
28 58 1
29 60 1
31 21 1
31 48 1
31 52 1
32 28 1
34 27 1
34 41 1
35 56 1
37 6 1
37 30 1
37 51 1
37 60 1
40 3 1
40 33 1
40 43 1
40 46 1
42 57 1
43 31 1
43 33 1
43 39 1
43 45 1
46 39 1
46 43 1
46 44 1
46 52 1
46 59 1
49 22 1
49 30 1
49 37 1
49 60 1
52 22 1
52 48 1
52 57 1
52 59 1
54 31 1
55 37 1
55 51 1
55 58 1
58 24 1
58 39 1
58 43 1
58 46 1
58 54 1
59 44 1
