1 30 1
1 52 1
3 42 1
4 27 1
4 31 1
4 39 1
4 48 1
7 41 1
7 59 1
8 39 1
9 12 1
9 30 1
10 37 1
10 40 1
10 58 1
13 22 1
13 36 1
14 52 1
16 24 1
16 55 1
18 3 1
19 44 1
19 55 1
20 9 1
22 16 1
22 24 1
22 33 1
22 58 1
24 33 1
25 42 1
25 54 1
25 56 1
27 15 1
28 18 1
28 57 1
28 58 1
29 6 1
31 37 1
31 39 1
31 48 1
32 51 1
34 6 1
34 37 1
35 36 1
37 18 1
37 21 1
37 27 1
37 58 1
40 43 1
40 45 1
40 46 1
40 49 1
42 54 1
43 15 1
43 25 1
43 31 1
43 60 1
46 22 1
46 43 1
46 45 1
46 51 1
46 60 1
49 43 1
49 46 1
49 57 1
49 60 1
52 3 1
52 9 1
52 12 1
52 30 1
54 20 1
55 28 1
55 43 1
55 44 1
58 33 1
58 40 1
58 49 1
58 57 1
58 59 1
59 21 1
