1 21 1
1 56 1
3 49 1
4 40 1
4 43 1
4 58 1
4 60 1
7 16 1
7 31 1
8 9 1
9 18 1
9 39 1
10 3 1
10 22 1
10 58 1
13 3 1
13 49 1
14 31 1
16 46 1
16 52 1
18 28 1
19 24 1
19 33 1
20 45 1
22 20 1
22 45 1
22 54 1
22 60 1
24 33 1
25 9 1
25 12 1
25 27 1
27 12 1
28 24 1
28 51 1
28 55 1
29 33 1
31 25 1
31 36 1
31 41 1
32 39 1
34 30 1
34 55 1
35 30 1
37 6 1
37 42 1
37 43 1
37 57 1
40 27 1
40 37 1
40 43 1
40 58 1
42 6 1
43 18 1
43 30 1
43 44 1
43 58 1
46 15 1
46 37 1
46 48 1
46 52 1
46 57 1
49 36 1
49 40 1
49 46 1
49 48 1
52 37 1
52 39 1
52 43 1
52 57 1
54 15 1
55 42 1
55 51 1
55 59 1
58 22 1
58 44 1
58 54 1
58 59 1
58 60 1
59 21 1
