1 39 1
1 46 1
3 33 1
4 12 1
4 21 1
4 54 1
4 59 1
7 36 1
7 56 1
8 3 1
9 33 1
9 57 1
10 20 1
10 37 1
10 49 1
13 21 1
13 44 1
14 15 1
16 15 1
16 27 1
18 33 1
19 28 1
19 36 1
20 49 1
22 30 1
22 31 1
22 43 1
22 59 1
24 18 1
25 3 1
25 12 1
25 60 1
27 39 1
28 40 1
28 52 1
28 58 1
29 55 1
31 48 1
31 55 1
31 58 1
32 44 1
34 37 1
34 60 1
35 25 1
37 9 1
37 22 1
37 57 1
37 60 1
40 42 1
40 43 1
40 51 1
40 52 1
42 6 1
43 18 1
43 24 1
43 30 1
43 45 1
46 22 1
46 27 1
46 31 1
46 39 1
46 58 1
49 9 1
49 37 1
49 48 1
49 57 1
52 6 1
52 16 1
52 51 1
52 54 1
54 46 1
55 43 1
55 45 1
55 58 1
58 24 1
58 30 1
58 40 1
58 42 1
58 43 1
59 41 1
