1 16 1
1 37 1
3 45 1
4 33 1
4 44 1
4 46 1
4 49 1
7 3 1
7 56 1
8 18 1
9 15 1
9 30 1
10 6 1
10 24 1
10 31 1
13 52 1
13 58 1
14 57 1
16 37 1
16 54 1
18 12 1
19 22 1
19 39 1
20 48 1
22 18 1
22 33 1
22 39 1
22 58 1
24 41 1
25 43 1
25 49 1
25 60 1
27 52 1
28 9 1
28 30 1
28 43 1
29 54 1
31 6 1
31 24 1
31 28 1
32 57 1
34 27 1
34 42 1
35 27 1
37 12 1
37 31 1
37 48 1
37 57 1
40 21 1
40 25 1
40 43 1
40 55 1
42 36 1
43 9 1
43 30 1
43 55 1
43 60 1
46 3 1
46 36 1
46 37 1
46 42 1
46 44 1
49 15 1
49 46 1
49 58 1
49 60 1
52 22 1
52 40 1
52 43 1
52 58 1
54 20 1
55 45 1
55 51 1
55 59 1
58 21 1
58 33 1
58 39 1
58 40 1
58 59 1
59 51 1
