1 36 1
1 57 1
3 24 1
4 3 1
4 22 1
4 44 1
4 56 1
7 52 1
7 54 1
8 57 1
9 31 1
9 43 1
10 15 1
10 48 1
10 55 1
13 16 1
13 33 1
14 57 1
16 28 1
16 51 1
18 51 1
19 43 1
19 55 1
20 30 1
22 25 1
22 37 1
22 44 1
22 58 1
24 59 1
25 15 1
25 39 1
25 46 1
27 37 1
28 39 1
28 45 1
28 46 1
29 12 1
31 6 1
31 37 1
31 60 1
32 41 1
34 40 1
34 42 1
35 36 1
37 30 1
37 52 1
37 58 1
37 60 1
40 9 1
40 42 1
40 48 1
40 49 1
42 27 1
43 6 1
43 22 1
43 31 1
43 58 1
46 3 1
46 24 1
46 39 1
46 45 1
46 59 1
49 9 1
49 12 1
49 33 1
49 43 1
52 18 1
52 21 1
52 54 1
52 58 1
54 21 1
55 27 1
55 43 1
55 49 1
58 18 1
58 20 1
58 30 1
58 40 1
58 60 1
59 33 1
