1 46 1
1 60 1
3 58 1
4 25 1
4 37 1
4 43 1
4 58 1
7 3 1
7 12 1
8 6 1
9 30 1
9 44 1
10 21 1
10 36 1
10 52 1
13 22 1
13 31 1
14 43 1
16 48 1
16 54 1
18 15 1
19 28 1
19 55 1
20 56 1
22 6 1
22 12 1
22 24 1
22 45 1
24 30 1
25 43 1
25 46 1
25 60 1
27 9 1
28 27 1
28 49 1
28 55 1
29 52 1
31 16 1
31 48 1
31 54 1
32 39 1
34 33 1
34 40 1
35 30 1
37 9 1
37 33 1
37 42 1
37 59 1
40 15 1
40 18 1
40 51 1
40 57 1
42 18 1
43 37 1
43 39 1
43 58 1
43 59 1
46 40 1
46 43 1
46 51 1
46 57 1
46 60 1
49 20 1
49 27 1
49 44 1
49 58 1
52 3 1
52 21 1
52 31 1
52 36 1
54 41 1
55 39 1
55 49 1
55 57 1
58 22 1
58 24 1
58 33 1
58 37 1
58 45 1
59 42 1
