1 6 1
1 27 1
3 33 1
4 24 1
4 30 1
4 46 1
4 48 1
7 57 1
7 58 1
8 15 1
9 12 1
9 36 1
10 21 1
10 41 1
10 46 1
13 22 1
13 27 1
14 16 1
16 42 1
16 51 1
18 57 1
19 25 1
19 58 1
20 43 1
22 3 1
22 9 1
22 12 1
22 37 1
24 44 1
25 31 1
25 58 1
25 59 1
27 6 1
28 36 1
28 52 1
28 60 1
29 31 1
31 43 1
31 45 1
31 49 1
32 45 1
34 43 1
34 55 1
35 9 1
37 3 1
37 40 1
37 54 1
37 56 1
40 18 1
40 20 1
40 30 1
40 43 1
42 51 1
43 33 1
43 49 1
43 55 1
43 59 1
46 21 1
46 24 1
46 30 1
46 44 1
46 48 1
49 22 1
49 33 1
49 37 1
49 52 1
52 37 1
52 39 1
52 54 1
52 60 1
54 40 1
55 15 1
55 39 1
55 58 1
58 18 1
58 28 1
58 39 1
58 57 1
58 60 1
59 42 1
