1 16 1
1 37 1
3 45 1
4 28 1
4 40 1
4 55 1
4 58 1
7 33 1
7 37 1
8 59 1
9 57 1
9 58 1
10 9 1
10 31 1
10 52 1
13 51 1
13 52 1
14 36 1
16 37 1
16 48 1
18 27 1
19 6 1
19 49 1
20 41 1
22 24 1
22 42 1
22 43 1
22 44 1
24 39 1
25 20 1
25 22 1
25 43 1
27 60 1
28 12 1
28 18 1
28 59 1
29 56 1
31 18 1
31 27 1
31 42 1
32 48 1
34 51 1
34 60 1
35 39 1
37 15 1
37 21 1
37 22 1
37 43 1
40 36 1
40 49 1
40 54 1
40 57 1
42 24 1
43 15 1
43 21 1
43 39 1
43 44 1
46 3 1
46 30 1
46 33 1
46 45 1
46 58 1
49 6 1
49 30 1
49 46 1
49 54 1
52 9 1
52 25 1
52 43 1
52 60 1
54 55 1
55 33 1
55 46 1
55 58 1
58 3 1
58 30 1
58 31 1
58 40 1
58 57 1
59 12 1
