1 52 1
1 59 1
3 18 1
4 3 1
4 43 1
4 46 1
4 58 1
7 20 1
7 59 1
8 45 1
9 36 1
9 48 1
10 25 1
10 41 1
10 57 1
13 6 1
13 60 1
14 18 1
16 30 1
16 60 1
18 12 1
19 16 1
19 60 1
20 24 1
22 21 1
22 28 1
22 42 1
22 57 1
24 22 1
25 46 1
25 49 1
25 57 1
27 24 1
28 12 1
28 42 1
28 55 1
29 21 1
31 9 1
31 40 1
31 54 1
32 56 1
34 36 1
34 40 1
35 39 1
37 15 1
37 30 1
37 31 1
37 39 1
40 9 1
40 43 1
40 48 1
40 58 1
42 58 1
43 6 1
43 33 1
43 49 1
43 51 1
46 27 1
46 33 1
46 43 1
46 51 1
46 58 1
49 22 1
49 30 1
49 37 1
49 39 1
52 15 1
52 37 1
52 44 1
52 55 1
54 44 1
55 31 1
55 37 1
55 54 1
58 3 1
58 27 1
58 33 1
58 43 1
58 45 1
59 52 1
