1 24 1
1 44 1
3 43 1
4 28 1
4 31 1
4 43 1
4 58 1
7 24 1
7 55 1
8 59 1
9 48 1
9 51 1
10 37 1
10 39 1
10 46 1
13 12 1
13 40 1
14 45 1
16 41 1
16 59 1
18 57 1
19 54 1
19 57 1
20 37 1
22 18 1
22 33 1
22 46 1
22 55 1
24 22 1
25 40 1
25 52 1
25 56 1
27 16 1
28 31 1
28 42 1
28 58 1
29 30 1
31 3 1
31 12 1
31 43 1
32 39 1
34 27 1
34 30 1
35 45 1
37 30 1
37 33 1
37 39 1
37 58 1
40 15 1
40 49 1
40 52 1
40 60 1
42 22 1
43 6 1
43 25 1
43 44 1
43 58 1
46 3 1
46 20 1
46 33 1
46 37 1
46 43 1
49 15 1
49 21 1
49 54 1
49 60 1
52 9 1
52 48 1
52 49 1
52 60 1
54 21 1
55 18 1
55 27 1
55 36 1
58 6 1
58 9 1
58 36 1
58 42 1
58 51 1
59 57 1
