1 37 1
1 58 1
3 46 1
4 15 1
4 31 1
4 41 1
4 44 1
7 54 1
7 55 1
8 12 1
9 43 1
9 48 1
10 24 1
10 39 1
10 60 1
13 21 1
13 46 1
14 22 1
16 12 1
16 28 1
18 52 1
19 21 1
19 51 1
20 37 1
22 6 1
22 33 1
22 40 1
22 58 1
24 39 1
25 9 1
25 43 1
25 55 1
27 49 1
28 9 1
28 25 1
28 43 1
29 51 1
31 15 1
31 18 1
31 44 1
32 48 1
34 3 1
34 45 1
35 45 1
37 18 1
37 27 1
37 39 1
37 42 1
40 30 1
40 33 1
40 49 1
40 60 1
42 27 1
43 6 1
43 24 1
43 56 1
43 59 1
46 20 1
46 36 1
46 37 1
46 42 1
46 52 1
49 3 1
49 30 1
49 31 1
49 60 1
52 36 1
52 43 1
52 57 1
52 59 1
54 58 1
55 22 1
55 54 1
55 58 1
58 16 1
58 30 1
58 33 1
58 40 1
58 57 1
59 57 1
