1 18 1
1 52 1
3 40 1
4 12 1
4 25 1
4 31 1
4 33 1
7 44 1
7 59 1
8 51 1
9 3 1
9 6 1
10 30 1
10 42 1
10 56 1
13 33 1
13 55 1
14 46 1
16 24 1
16 58 1
18 16 1
19 18 1
19 55 1
20 45 1
22 9 1
22 43 1
22 52 1
22 58 1
24 40 1
25 22 1
25 27 1
25 31 1
27 3 1
28 36 1
28 37 1
28 43 1
29 36 1
31 22 1
31 27 1
31 43 1
32 59 1
34 41 1
34 54 1
35 12 1
37 15 1
37 30 1
37 39 1
37 57 1
40 20 1
40 45 1
40 49 1
40 57 1
42 60 1
43 30 1
43 37 1
43 39 1
43 58 1
46 42 1
46 48 1
46 51 1
46 54 1
46 60 1
49 15 1
49 33 1
49 37 1
49 57 1
52 6 1
52 9 1
52 21 1
52 58 1
54 49 1
55 28 1
55 39 1
55 43 1
58 21 1
58 24 1
58 46 1
58 48 1
58 60 1
59 44 1
