1 37 1
1 43 1
3 51 1
4 18 1
4 24 1
4 51 1
4 58 1
7 30 1
7 52 1
8 3 1
9 43 1
9 48 1
10 3 1
10 49 1
10 54 1
13 6 1
13 45 1
14 46 1
16 21 1
16 54 1
18 58 1
19 21 1
19 59 1
20 31 1
22 9 1
22 33 1
22 37 1
22 43 1
24 44 1
25 15 1
25 27 1
25 52 1
27 57 1
28 16 1
28 39 1
28 41 1
29 46 1
31 37 1
31 39 1
31 42 1
32 6 1
34 49 1
34 60 1
35 25 1
37 9 1
37 33 1
37 42 1
37 43 1
40 36 1
40 55 1
40 57 1
40 58 1
42 12 1
43 12 1
43 33 1
43 44 1
43 48 1
46 28 1
46 36 1
46 39 1
46 40 1
46 56 1
49 40 1
49 45 1
49 59 1
49 60 1
52 15 1
52 18 1
52 30 1
52 58 1
54 22 1
55 20 1
55 30 1
55 31 1
58 22 1
58 24 1
58 27 1
58 55 1
58 57 1
59 60 1
