1 36 1
1 48 1
3 30 1
4 45 1
4 46 1
4 56 1
4 59 1
7 42 1
7 60 1
8 51 1
9 6 1
9 37 1
10 9 1
10 25 1
10 28 1
13 6 1
13 39 1
14 16 1
16 36 1
16 43 1
18 27 1
19 48 1
19 58 1
20 43 1
22 18 1
22 27 1
22 40 1
22 49 1
24 15 1
25 21 1
25 43 1
25 46 1
27 49 1
28 3 1
28 41 1
28 54 1
29 45 1
31 33 1
31 44 1
31 58 1
32 54 1
34 3 1
34 30 1
35 20 1
37 12 1
37 31 1
37 33 1
37 39 1
40 9 1
40 24 1
40 37 1
40 55 1
42 60 1
43 52 1
43 57 1
43 58 1
43 59 1
46 21 1
46 42 1
46 43 1
46 57 1
46 60 1
49 15 1
49 24 1
49 40 1
49 57 1
52 22 1
52 31 1
52 55 1
52 58 1
54 30 1
55 12 1
55 37 1
55 39 1
58 18 1
58 22 1
58 33 1
58 44 1
58 51 1
59 52 1
