1 31 1
1 48 1
3 59 1
4 18 1
4 22 1
4 43 1
4 58 1
7 46 1
7 58 1
8 24 1
9 20 1
9 37 1
10 30 1
10 45 1
10 58 1
13 6 1
13 37 1
14 49 1
16 15 1
16 48 1
18 30 1
19 12 1
19 22 1
20 49 1
22 12 1
22 28 1
22 40 1
22 43 1
24 3 1
25 27 1
25 52 1
25 55 1
27 31 1
28 39 1
28 43 1
28 57 1
29 60 1
31 33 1
31 39 1
31 46 1
32 36 1
34 9 1
34 37 1
35 33 1
37 3 1
37 6 1
37 24 1
37 59 1
40 21 1
40 25 1
40 43 1
40 51 1
42 36 1
43 44 1
43 45 1
43 57 1
43 58 1
46 15 1
46 16 1
46 33 1
46 39 1
46 56 1
49 21 1
49 40 1
49 52 1
49 60 1
52 42 1
52 54 1
52 55 1
52 60 1
54 9 1
55 41 1
55 42 1
55 54 1
58 18 1
58 30 1
58 44 1
58 51 1
58 57 1
59 27 1
