1 36 1
1 40 1
3 39 1
4 40 1
4 44 1
4 45 1
4 49 1
7 20 1
7 48 1
8 41 1
9 37 1
9 44 1
10 51 1
10 52 1
10 57 1
13 9 1
13 55 1
14 18 1
16 54 1
16 55 1
18 33 1
19 3 1
19 48 1
20 22 1
22 16 1
22 37 1
22 43 1
22 58 1
24 6 1
25 21 1
25 27 1
25 30 1
27 21 1
28 12 1
28 27 1
28 42 1
29 25 1
31 24 1
31 30 1
31 58 1
32 54 1
34 15 1
34 31 1
35 36 1
37 18 1
37 33 1
37 43 1
37 46 1
40 12 1
40 28 1
40 49 1
40 60 1
42 3 1
43 31 1
43 52 1
43 58 1
43 60 1
46 33 1
46 39 1
46 42 1
46 43 1
46 56 1
49 22 1
49 43 1
49 45 1
49 60 1
52 51 1
52 57 1
52 58 1
52 59 1
54 15 1
55 9 1
55 37 1
55 39 1
58 6 1
58 24 1
58 30 1
58 57 1
58 59 1
59 46 1
