1 25 1
1 51 1
3 15 1
4 27 1
4 30 1
4 40 1
4 43 1
7 46 1
7 48 1
8 9 1
9 36 1
9 43 1
10 49 1
10 51 1
10 57 1
13 3 1
13 28 1
14 30 1
16 45 1
16 54 1
18 41 1
19 18 1
19 37 1
20 39 1
22 33 1
22 36 1
22 58 1
22 60 1
24 59 1
25 21 1
25 46 1
25 52 1
27 44 1
28 3 1
28 15 1
28 44 1
29 33 1
31 20 1
31 24 1
31 39 1
32 21 1
34 24 1
34 59 1
35 55 1
37 6 1
37 18 1
37 31 1
37 43 1
40 6 1
40 30 1
40 37 1
40 58 1
42 12 1
43 27 1
43 31 1
43 42 1
43 60 1
46 12 1
46 39 1
46 42 1
46 52 1
46 56 1
49 9 1
49 37 1
49 43 1
49 57 1
52 22 1
52 55 1
52 57 1
52 58 1
54 49 1
55 22 1
55 40 1
55 58 1
58 16 1
58 33 1
58 45 1
58 54 1
58 60 1
59 48 1
