1 9 1
1 31 1
3 20 1
4 15 1
4 30 1
4 48 1
4 58 1
7 36 1
7 58 1
8 31 1
9 39 1
9 44 1
10 42 1
10 43 1
10 45 1
13 33 1
13 55 1
14 24 1
16 6 1
16 39 1
18 49 1
19 25 1
19 58 1
20 40 1
22 9 1
22 16 1
22 33 1
22 39 1
24 43 1
25 28 1
25 37 1
25 41 1
27 51 1
28 37 1
28 46 1
28 57 1
29 49 1
31 3 1
31 12 1
31 55 1
32 22 1
34 3 1
34 30 1
35 44 1
37 18 1
37 57 1
37 59 1
37 60 1
40 18 1
40 21 1
40 24 1
40 56 1
42 6 1
43 27 1
43 42 1
43 45 1
43 58 1
46 27 1
46 43 1
46 51 1
46 54 1
46 57 1
49 43 1
49 46 1
49 52 1
49 54 1
52 37 1
52 40 1
52 59 1
52 60 1
54 52 1
55 12 1
55 22 1
55 33 1
58 15 1
58 21 1
58 30 1
58 36 1
58 48 1
59 60 1
