1 16 1
1 33 1
3 37 1
4 6 1
4 43 1
4 52 1
4 59 1
7 43 1
7 57 1
8 28 1
9 27 1
9 58 1
10 3 1
10 22 1
10 46 1
13 39 1
13 55 1
14 46 1
16 18 1
16 45 1
18 21 1
19 30 1
19 36 1
20 41 1
22 9 1
22 31 1
22 33 1
22 42 1
24 49 1
25 43 1
25 49 1
25 58 1
27 54 1
28 25 1
28 37 1
28 58 1
29 31 1
31 9 1
31 27 1
31 54 1
32 36 1
34 39 1
34 56 1
35 12 1
37 24 1
37 40 1
37 45 1
37 60 1
40 15 1
40 24 1
40 44 1
40 60 1
42 33 1
43 3 1
43 30 1
43 52 1
43 57 1
46 22 1
46 42 1
46 48 1
46 51 1
46 55 1
49 12 1
49 43 1
49 57 1
49 58 1
52 6 1
52 30 1
52 59 1
52 60 1
54 20 1
55 44 1
55 48 1
55 51 1
58 15 1
58 18 1
58 21 1
58 37 1
58 40 1
59 39 1
