1 16 1
1 45 1
3 51 1
4 24 1
4 31 1
4 44 1
4 57 1
7 57 1
7 60 1
8 30 1
9 48 1
9 59 1
10 3 1
10 51 1
10 55 1
13 9 1
13 59 1
14 43 1
16 33 1
16 55 1
18 58 1
19 9 1
19 20 1
20 44 1
22 15 1
22 27 1
22 49 1
22 58 1
24 48 1
25 22 1
25 45 1
25 49 1
27 30 1
28 39 1
28 41 1
28 56 1
29 18 1
31 24 1
31 27 1
31 30 1
32 36 1
34 12 1
34 54 1
35 36 1
37 33 1
37 40 1
37 42 1
37 46 1
40 39 1
40 43 1
40 46 1
40 52 1
42 33 1
43 6 1
43 21 1
43 22 1
43 25 1
46 3 1
46 6 1
46 39 1
46 43 1
46 52 1
49 15 1
49 18 1
49 58 1
49 60 1
52 21 1
52 28 1
52 43 1
52 57 1
54 12 1
55 31 1
55 37 1
55 58 1
58 37 1
58 40 1
58 42 1
58 54 1
58 60 1
59 37 1
