1 49 1
1 55 1
3 45 1
4 22 1
4 52 1
4 57 1
4 58 1
7 40 1
7 46 1
8 42 1
9 49 1
9 54 1
10 18 1
10 20 1
10 42 1
13 37 1
13 59 1
14 31 1
16 33 1
16 36 1
18 60 1
19 3 1
19 45 1
20 31 1
22 41 1
22 52 1
22 56 1
22 57 1
24 60 1
25 12 1
25 30 1
25 48 1
27 58 1
28 16 1
28 36 1
28 37 1
29 44 1
31 33 1
31 39 1
31 40 1
32 44 1
34 22 1
34 24 1
35 12 1
37 27 1
37 30 1
37 39 1
37 58 1
40 15 1
40 39 1
40 43 1
40 46 1
42 51 1
43 6 1
43 27 1
43 28 1
43 37 1
46 6 1
46 15 1
46 18 1
46 43 1
46 60 1
49 43 1
49 51 1
49 55 1
49 59 1
52 9 1
52 24 1
52 57 1
52 58 1
54 21 1
55 3 1
55 25 1
55 48 1
58 9 1
58 21 1
58 30 1
58 33 1
58 54 1
59 43 1
