1 24 1
1 51 1
3 6 1
4 21 1
4 37 1
4 52 1
4 55 1
7 39 1
7 58 1
8 42 1
9 12 1
9 27 1
10 30 1
10 41 1
10 56 1
13 16 1
13 49 1
14 20 1
16 31 1
16 42 1
18 57 1
19 15 1
19 49 1
20 28 1
22 33 1
22 46 1
22 48 1
22 58 1
24 44 1
25 3 1
25 6 1
25 43 1
27 12 1
28 24 1
28 30 1
28 54 1
29 37 1
31 45 1
31 51 1
31 59 1
32 37 1
34 22 1
34 40 1
35 43 1
37 21 1
37 43 1
37 55 1
37 60 1
40 22 1
40 43 1
40 44 1
40 60 1
42 25 1
43 3 1
43 31 1
43 45 1
43 60 1
46 9 1
46 18 1
46 48 1
46 54 1
46 57 1
49 9 1
49 15 1
49 27 1
49 57 1
52 36 1
52 39 1
52 40 1
52 58 1
54 30 1
55 36 1
55 52 1
55 58 1
58 18 1
58 33 1
58 39 1
58 46 1
58 59 1
59 33 1
