1 15 1
1 42 1
3 37 1
4 12 1
4 27 1
4 28 1
4 36 1
7 31 1
7 45 1
8 15 1
9 40 1
9 51 1
10 37 1
10 55 1
10 60 1
13 6 1
13 52 1
14 44 1
16 46 1
16 48 1
18 58 1
19 16 1
19 46 1
20 39 1
22 21 1
22 43 1
22 57 1
22 59 1
24 31 1
25 24 1
25 45 1
25 54 1
27 44 1
28 12 1
28 24 1
28 59 1
29 30 1
31 3 1
31 36 1
31 42 1
32 48 1
34 6 1
34 55 1
35 43 1
37 25 1
37 33 1
37 54 1
37 60 1
40 22 1
40 43 1
40 49 1
40 57 1
42 27 1
43 21 1
43 33 1
43 49 1
43 57 1
46 18 1
46 30 1
46 51 1
46 56 1
46 58 1
49 20 1
49 33 1
49 39 1
49 58 1
52 9 1
52 18 1
52 40 1
52 58 1
54 52 1
55 3 1
55 37 1
55 60 1
58 9 1
58 22 1
58 30 1
58 39 1
58 41 1
59 43 1
