1 57 1
1 59 1
3 54 1
4 22 1
4 43 1
4 49 1
4 60 1
7 36 1
7 52 1
8 27 1
9 39 1
9 56 1
10 9 1
10 39 1
10 58 1
13 27 1
13 30 1
14 57 1
16 6 1
16 37 1
18 59 1
19 18 1
19 20 1
20 21 1
22 3 1
22 49 1
22 54 1
22 58 1
24 41 1
25 24 1
25 42 1
25 46 1
27 30 1
28 33 1
28 37 1
28 44 1
29 25 1
31 43 1
31 45 1
31 60 1
32 43 1
34 46 1
34 51 1
35 48 1
37 6 1
37 30 1
37 31 1
37 52 1
40 15 1
40 21 1
40 28 1
40 33 1
42 12 1
43 44 1
43 45 1
43 55 1
43 60 1
46 18 1
46 36 1
46 42 1
46 51 1
46 57 1
49 33 1
49 37 1
49 40 1
49 58 1
52 24 1
52 31 1
52 43 1
52 55 1
54 16 1
55 3 1
55 22 1
55 58 1
58 9 1
58 15 1
58 39 1
58 40 1
58 48 1
59 12 1
