1 45 1
1 54 1
3 60 1
4 6 1
4 27 1
4 56 1
4 60 1
7 36 1
7 49 1
8 42 1
9 30 1
9 42 1
10 22 1
10 33 1
10 55 1
13 12 1
13 51 1
14 16 1
16 39 1
16 40 1
18 21 1
19 18 1
19 46 1
20 52 1
22 9 1
22 33 1
22 55 1
22 58 1
24 60 1
25 3 1
25 54 1
25 59 1
27 6 1
28 40 1
28 48 1
28 58 1
29 24 1
31 30 1
31 36 1
31 57 1
32 41 1
34 25 1
34 31 1
35 28 1
37 15 1
37 22 1
37 43 1
37 44 1
40 37 1
40 39 1
40 43 1
40 58 1
42 30 1
43 3 1
43 31 1
43 48 1
43 57 1
46 18 1
46 21 1
46 37 1
46 43 1
46 49 1
49 15 1
49 37 1
49 44 1
49 51 1
52 24 1
52 43 1
52 46 1
52 57 1
54 59 1
55 33 1
55 45 1
55 58 1
58 9 1
58 20 1
58 27 1
58 39 1
58 52 1
59 12 1
