1 9 1
1 44 1
3 15 1
4 3 1
4 30 1
4 43 1
4 49 1
7 40 1
7 41 1
8 28 1
9 44 1
9 59 1
10 18 1
10 56 1
10 60 1
13 6 1
13 27 1
14 24 1
16 24 1
16 31 1
18 12 1
19 25 1
19 60 1
20 37 1
22 33 1
22 39 1
22 49 1
22 58 1
24 31 1
25 39 1
25 42 1
25 46 1
27 21 1
28 36 1
28 45 1
28 46 1
29 60 1
31 45 1
31 55 1
31 57 1
32 6 1
34 18 1
34 36 1
35 55 1
37 15 1
37 27 1
37 40 1
37 43 1
40 16 1
40 30 1
40 43 1
40 57 1
42 37 1
43 3 1
43 30 1
43 52 1
43 58 1
46 22 1
46 39 1
46 42 1
46 48 1
46 52 1
49 33 1
49 37 1
49 43 1
49 58 1
52 21 1
52 22 1
52 54 1
52 58 1
54 20 1
55 12 1
55 48 1
55 57 1
58 9 1
58 33 1
58 51 1
58 54 1
58 59 1
59 51 1
