1 37 1
1 56 1
3 6 1
4 39 1
4 46 1
4 54 1
4 58 1
7 15 1
7 44 1
8 37 1
9 20 1
9 55 1
10 9 1
10 24 1
10 31 1
13 6 1
13 25 1
14 21 1
16 42 1
16 59 1
18 60 1
19 37 1
19 41 1
20 55 1
22 9 1
22 16 1
22 21 1
22 33 1
24 60 1
25 18 1
25 36 1
25 49 1
27 45 1
28 43 1
28 48 1
28 58 1
29 48 1
31 3 1
31 12 1
31 57 1
32 57 1
34 40 1
34 44 1
35 15 1
37 30 1
37 40 1
37 43 1
37 58 1
40 18 1
40 28 1
40 36 1
40 43 1
42 59 1
43 22 1
43 30 1
43 33 1
43 52 1
46 39 1
46 42 1
46 51 1
46 54 1
46 58 1
49 24 1
49 27 1
49 45 1
49 52 1
52 3 1
52 27 1
52 46 1
52 60 1
54 39 1
55 12 1
55 31 1
55 57 1
58 22 1
58 30 1
58 33 1
58 43 1
58 51 1
59 49 1
