1 12 1
1 24 1
3 58 1
4 37 1
4 43 1
4 46 1
4 55 1
7 42 1
7 54 1
8 39 1
9 6 1
9 43 1
10 27 1
10 44 1
10 51 1
13 9 1
13 24 1
14 57 1
16 33 1
16 46 1
18 56 1
19 3 1
19 22 1
20 16 1
22 3 1
22 33 1
22 45 1
22 58 1
24 33 1
25 27 1
25 31 1
25 59 1
27 51 1
28 22 1
28 48 1
28 58 1
29 12 1
31 28 1
31 48 1
31 58 1
32 39 1
34 25 1
34 59 1
35 41 1
37 21 1
37 30 1
37 52 1
37 60 1
40 18 1
40 21 1
40 55 1
40 57 1
42 40 1
43 6 1
43 36 1
43 39 1
43 49 1
46 30 1
46 37 1
46 43 1
46 44 1
46 52 1
49 15 1
49 18 1
49 31 1
49 36 1
52 9 1
52 30 1
52 43 1
52 49 1
54 60 1
55 37 1
55 54 1
55 60 1
58 15 1
58 20 1
58 40 1
58 45 1
58 57 1
59 42 1
