1 22 1
1 44 1
3 52 1
4 6 1
4 31 1
4 43 1
4 52 1
7 18 1
7 55 1
8 31 1
9 37 1
9 58 1
10 9 1
10 37 1
10 58 1
13 49 1
13 51 1
14 57 1
16 12 1
16 41 1
18 39 1
19 9 1
19 58 1
20 27 1
22 42 1
22 43 1
22 44 1
22 60 1
24 39 1
25 6 1
25 21 1
25 30 1
27 3 1
28 3 1
28 58 1
28 59 1
29 30 1
31 43 1
31 46 1
31 49 1
32 48 1
34 16 1
34 28 1
35 40 1
37 40 1
37 42 1
37 45 1
37 54 1
40 15 1
40 45 1
40 54 1
40 56 1
42 33 1
43 25 1
43 33 1
43 46 1
43 60 1
46 24 1
46 27 1
46 33 1
46 55 1
46 57 1
49 21 1
49 24 1
49 39 1
49 51 1
52 22 1
52 43 1
52 48 1
52 60 1
54 15 1
55 18 1
55 30 1
55 57 1
58 12 1
58 20 1
58 36 1
58 37 1
58 59 1
59 36 1
