1 9 1
1 15 1
3 43 1
4 30 1
4 33 1
4 49 1
4 58 1
7 21 1
7 42 1
8 60 1
9 39 1
9 52 1
10 12 1
10 22 1
10 46 1
13 18 1
13 31 1
14 59 1
16 45 1
16 58 1
18 59 1
19 20 1
19 60 1
20 60 1
22 30 1
22 37 1
22 46 1
22 57 1
24 43 1
25 24 1
25 43 1
25 44 1
27 51 1
28 3 1
28 43 1
28 54 1
29 55 1
31 9 1
31 39 1
31 52 1
32 40 1
34 6 1
34 56 1
35 48 1
37 27 1
37 28 1
37 41 1
37 49 1
40 6 1
40 15 1
40 36 1
40 54 1
42 37 1
43 12 1
43 18 1
43 44 1
43 58 1
46 27 1
46 37 1
46 42 1
46 51 1
46 57 1
49 31 1
49 33 1
49 55 1
49 58 1
52 16 1
52 21 1
52 24 1
52 39 1
54 3 1
55 22 1
55 25 1
55 57 1
58 30 1
58 33 1
58 36 1
58 40 1
58 45 1
59 48 1
