1 24 1
1 49 1
3 51 1
4 30 1
4 40 1
4 43 1
4 48 1
7 20 1
7 59 1
8 46 1
9 57 1
9 58 1
10 9 1
10 52 1
10 58 1
13 21 1
13 49 1
14 3 1
16 22 1
16 33 1
18 44 1
19 18 1
19 43 1
20 15 1
22 28 1
22 31 1
22 39 1
22 57 1
24 40 1
25 33 1
25 37 1
25 55 1
27 6 1
28 12 1
28 31 1
28 37 1
29 45 1
31 15 1
31 39 1
31 42 1
32 33 1
34 52 1
34 58 1
35 3 1
37 12 1
37 36 1
37 43 1
37 54 1
40 27 1
40 41 1
40 43 1
40 48 1
42 46 1
43 18 1
43 36 1
43 44 1
43 59 1
46 6 1
46 16 1
46 22 1
46 27 1
46 39 1
49 21 1
49 24 1
49 45 1
49 56 1
52 9 1
52 42 1
52 58 1
52 60 1
54 60 1
55 30 1
55 37 1
55 54 1
58 25 1
58 30 1
58 51 1
58 55 1
58 60 1
59 57 1
