1 37 1
1 49 1
3 9 1
4 21 1
4 22 1
4 49 1
4 59 1
7 43 1
7 45 1
8 46 1
9 28 1
9 56 1
10 20 1
10 51 1
10 59 1
13 54 1
13 60 1
14 6 1
16 6 1
16 33 1
18 45 1
19 37 1
19 52 1
20 51 1
22 30 1
22 31 1
22 55 1
22 58 1
24 15 1
25 27 1
25 39 1
25 43 1
27 24 1
28 25 1
28 39 1
28 41 1
29 54 1
31 12 1
31 46 1
31 48 1
32 60 1
34 33 1
34 43 1
35 33 1
37 3 1
37 9 1
37 57 1
37 58 1
40 18 1
40 36 1
40 42 1
40 52 1
42 16 1
43 15 1
43 36 1
43 39 1
43 40 1
46 40 1
46 43 1
46 48 1
46 57 1
46 58 1
49 12 1
49 22 1
49 31 1
49 58 1
52 3 1
52 18 1
52 37 1
52 42 1
54 60 1
55 21 1
55 30 1
55 44 1
58 24 1
58 27 1
58 30 1
58 55 1
58 57 1
59 44 1
