5 44 1
6 36 1
8 24 1
12 6 1
16 57 1
18 58 1
20 27 1
20 41 1
20 56 1
21 18 1
22 9 1
22 47 1
23 21 1
24 60 1
25 28 1
25 53 1
25 56 1
25 57 1
26 27 1
28 12 1
28 36 1
29 48 1
29 54 1
30 39 1
34 33 1
34 55 1
34 58 1
35 3 1
35 30 1
37 42 1
37 59 1
38 60 1
40 35 1
40 45 1
40 51 1
40 52 1
41 26 1
41 27 1
41 42 1
43 3 1
43 38 1
43 52 1
44 24 1
44 60 1
45 48 1
46 45 1
46 48 1
47 9 1
52 39 1
52 45 1
52 46 1
52 51 1
53 6 1
53 12 1
53 57 1
54 29 1
55 15 1
55 29 1
55 54 1
56 41 1
56 53 1
58 15 1
58 18 1
58 21 1
58 33 1
58 55 1
59 30 1
59 35 1
59 39 1
59 42 1
