5 59 1
6 12 1
8 60 1
12 36 1
16 39 1
18 29 1
20 3 1
20 18 1
20 29 1
21 39 1
22 15 1
22 47 1
23 9 1
24 60 1
25 30 1
25 42 1
25 52 1
25 53 1
26 33 1
28 15 1
28 42 1
29 3 1
29 18 1
30 57 1
34 24 1
34 36 1
34 60 1
35 24 1
35 27 1
37 28 1
37 42 1
38 48 1
40 21 1
40 39 1
40 44 1
40 46 1
41 35 1
41 45 1
41 51 1
43 41 1
43 45 1
43 51 1
44 55 1
44 58 1
45 57 1
46 21 1
46 57 1
47 52 1
52 6 1
52 12 1
52 30 1
52 53 1
53 6 1
53 27 1
53 38 1
54 58 1
55 9 1
55 48 1
55 56 1
56 48 1
56 54 1
58 26 1
58 33 1
58 54 1
58 55 1
58 56 1
59 27 1
59 35 1
59 41 1
59 45 1
