5 47 1
6 59 1
8 3 1
12 21 1
16 3 1
18 58 1
20 15 1
20 39 1
20 53 1
21 33 1
22 21 1
22 33 1
23 26 1
24 57 1
25 6 1
25 41 1
25 44 1
25 48 1
26 12 1
28 12 1
28 52 1
29 35 1
29 54 1
30 28 1
34 24 1
34 53 1
34 57 1
35 9 1
35 54 1
37 30 1
37 39 1
38 41 1
40 30 1
40 36 1
40 45 1
40 56 1
41 42 1
41 46 1
41 48 1
43 18 1
43 38 1
43 58 1
44 6 1
44 15 1
45 36 1
46 42 1
46 48 1
47 24 1
52 27 1
52 45 1
52 55 1
52 60 1
53 35 1
53 39 1
53 57 1
54 29 1
55 27 1
55 29 1
55 60 1
56 45 1
56 51 1
58 9 1
58 18 1
58 42 1
58 51 1
58 56 1
59 27 1
59 52 1
59 55 1
59 60 1
