5 26 1
6 55 1
8 36 1
12 51 1
16 41 1
18 29 1
20 12 1
20 38 1
20 51 1
21 60 1
22 24 1
22 46 1
23 30 1
24 3 1
25 9 1
25 52 1
25 53 1
25 56 1
26 6 1
28 21 1
28 39 1
29 18 1
29 57 1
30 45 1
34 6 1
34 39 1
34 55 1
35 15 1
35 33 1
37 30 1
37 45 1
38 12 1
40 41 1
40 42 1
40 44 1
40 48 1
41 42 1
41 48 1
41 57 1
43 21 1
43 28 1
43 45 1
44 27 1
44 42 1
45 47 1
46 3 1
46 24 1
47 60 1
52 18 1
52 29 1
52 48 1
52 57 1
53 9 1
53 27 1
53 52 1
54 58 1
55 35 1
55 39 1
55 58 1
56 27 1
56 53 1
58 15 1
58 35 1
58 54 1
58 56 1
58 59 1
59 33 1
59 36 1
59 54 1
59 60 1
