5 33 1
6 42 1
8 27 1
12 9 1
16 35 1
18 58 1
20 6 1
20 42 1
20 53 1
21 55 1
22 41 1
22 45 1
23 24 1
24 57 1
25 21 1
25 38 1
25 48 1
25 52 1
26 39 1
28 3 1
28 60 1
29 54 1
29 60 1
30 56 1
34 24 1
34 35 1
34 36 1
35 36 1
35 59 1
37 27 1
37 47 1
38 48 1
40 30 1
40 46 1
40 56 1
40 58 1
41 18 1
41 33 1
41 45 1
43 3 1
43 28 1
43 42 1
44 9 1
44 12 1
45 39 1
46 26 1
46 39 1
47 27 1
52 15 1
52 21 1
52 51 1
52 55 1
53 6 1
53 48 1
53 57 1
54 29 1
55 12 1
55 44 1
55 51 1
56 15 1
56 52 1
58 18 1
58 30 1
58 41 1
58 45 1
58 57 1
59 29 1
59 53 1
59 54 1
59 60 1
