5 46 1
6 41 1
8 58 1
12 57 1
16 36 1
18 29 1
20 6 1
20 41 1
20 56 1
21 27 1
22 3 1
22 27 1
23 45 1
24 12 1
25 9 1
25 21 1
25 27 1
25 52 1
26 30 1
28 35 1
28 39 1
29 18 1
29 24 1
30 57 1
34 3 1
34 18 1
34 29 1
35 39 1
35 42 1
37 53 1
37 60 1
38 36 1
40 45 1
40 48 1
40 52 1
40 55 1
41 12 1
41 24 1
41 56 1
43 6 1
43 44 1
43 60 1
44 33 1
44 53 1
45 48 1
46 15 1
46 59 1
47 51 1
52 9 1
52 21 1
52 45 1
52 48 1
53 30 1
53 33 1
53 57 1
54 58 1
55 42 1
55 54 1
55 60 1
56 38 1
56 39 1
58 28 1
58 35 1
58 42 1
58 54 1
58 55 1
59 15 1
59 26 1
59 47 1
59 51 1
