5 3 1
6 57 1
8 3 1
12 27 1
16 9 1
18 54 1
20 24 1
20 38 1
20 53 1
21 60 1
22 36 1
22 47 1
23 12 1
24 33 1
25 15 1
25 30 1
25 51 1
25 52 1
26 48 1
28 9 1
28 39 1
29 21 1
29 58 1
30 52 1
34 28 1
34 33 1
34 39 1
35 6 1
35 57 1
37 21 1
37 60 1
38 53 1
40 12 1
40 27 1
40 55 1
40 56 1
41 6 1
41 35 1
41 57 1
43 18 1
43 45 1
43 54 1
44 41 1
44 42 1
45 59 1
46 29 1
46 48 1
47 55 1
52 15 1
52 35 1
52 51 1
52 58 1
53 24 1
53 39 1
53 60 1
54 18 1
55 42 1
55 45 1
55 56 1
56 27 1
56 42 1
58 26 1
58 29 1
58 45 1
58 46 1
58 48 1
59 30 1
59 36 1
59 41 1
59 44 1
