5 58 1
6 45 1
8 60 1
12 48 1
16 9 1
18 29 1
20 28 1
20 45 1
20 55 1
21 15 1
22 26 1
22 57 1
23 57 1
24 51 1
25 35 1
25 36 1
25 41 1
25 42 1
26 12 1
28 6 1
28 55 1
29 18 1
29 24 1
30 54 1
34 12 1
34 48 1
34 57 1
35 36 1
35 39 1
37 15 1
37 33 1
38 44 1
40 27 1
40 47 1
40 52 1
40 59 1
41 3 1
41 35 1
41 39 1
43 3 1
43 9 1
43 41 1
44 24 1
44 51 1
45 21 1
46 38 1
46 53 1
47 48 1
52 27 1
52 42 1
52 56 1
52 60 1
53 18 1
53 29 1
53 33 1
54 58 1
55 6 1
55 21 1
55 45 1
56 27 1
56 30 1
58 30 1
58 39 1
58 46 1
58 53 1
58 54 1
59 42 1
59 52 1
59 56 1
59 60 1
