5 48 1
6 53 1
8 36 1
12 3 1
16 42 1
18 58 1
20 6 1
20 15 1
20 53 1
21 42 1
22 21 1
22 26 1
23 38 1
24 3 1
25 35 1
25 39 1
25 48 1
25 56 1
26 21 1
28 9 1
28 35 1
29 54 1
29 57 1
30 27 1
34 6 1
34 27 1
34 59 1
35 39 1
35 56 1
37 30 1
37 52 1
38 60 1
40 28 1
40 41 1
40 46 1
40 55 1
41 33 1
41 52 1
41 57 1
43 33 1
43 41 1
43 45 1
44 18 1
44 24 1
45 51 1
46 55 1
46 60 1
47 12 1
52 24 1
52 29 1
52 54 1
52 57 1
53 9 1
53 15 1
53 42 1
54 29 1
55 45 1
55 58 1
55 60 1
56 39 1
56 48 1
58 18 1
58 36 1
58 44 1
58 45 1
58 51 1
59 12 1
59 27 1
59 30 1
59 47 1
