5 30 1
6 21 1
8 55 1
12 42 1
16 33 1
18 54 1
20 27 1
20 28 1
20 38 1
21 39 1
22 9 1
22 60 1
23 6 1
24 41 1
25 18 1
25 27 1
25 47 1
25 54 1
26 15 1
28 27 1
28 51 1
29 45 1
29 58 1
30 48 1
34 45 1
34 52 1
34 60 1
35 12 1
35 42 1
37 15 1
37 26 1
38 53 1
40 24 1
40 44 1
40 53 1
40 57 1
41 6 1
41 21 1
41 39 1
43 35 1
43 56 1
43 59 1
44 9 1
44 57 1
45 60 1
46 36 1
46 51 1
47 57 1
52 29 1
52 42 1
52 45 1
52 48 1
53 24 1
53 39 1
53 41 1
54 18 1
55 3 1
55 33 1
55 58 1
56 12 1
56 35 1
58 29 1
58 30 1
58 48 1
58 52 1
58 56 1
59 3 1
59 36 1
59 46 1
59 55 1
