5 35 1
6 33 1
8 58 1
12 51 1
16 15 1
18 58 1
20 48 1
20 56 1
20 60 1
21 27 1
22 47 1
22 53 1
23 46 1
24 42 1
25 30 1
25 36 1
25 53 1
25 57 1
26 57 1
28 6 1
28 55 1
29 12 1
29 54 1
30 36 1
34 39 1
34 41 1
34 52 1
35 42 1
35 48 1
37 15 1
37 27 1
38 45 1
40 24 1
40 28 1
40 42 1
40 55 1
41 9 1
41 27 1
41 39 1
43 3 1
43 21 1
43 52 1
44 30 1
44 59 1
45 18 1
46 9 1
46 41 1
47 48 1
52 3 1
52 21 1
52 35 1
52 39 1
53 26 1
53 57 1
53 60 1
54 29 1
55 6 1
55 24 1
55 33 1
56 45 1
56 60 1
58 18 1
58 38 1
58 44 1
58 45 1
58 56 1
59 12 1
59 29 1
59 51 1
59 54 1
