5 36 1
6 57 1
8 33 1
12 42 1
16 39 1
18 58 1
20 12 1
20 30 1
20 42 1
21 60 1
22 27 1
22 35 1
23 39 1
24 52 1
25 6 1
25 27 1
25 46 1
25 57 1
26 60 1
28 24 1
28 52 1
29 51 1
29 54 1
30 42 1
34 15 1
34 35 1
34 47 1
35 15 1
35 58 1
37 26 1
37 45 1
38 33 1
40 12 1
40 24 1
40 28 1
40 38 1
41 3 1
41 21 1
41 45 1
43 39 1
43 55 1
43 56 1
44 18 1
44 53 1
45 21 1
46 27 1
46 57 1
47 30 1
52 9 1
52 36 1
52 41 1
52 59 1
53 29 1
53 51 1
53 54 1
54 29 1
55 6 1
55 48 1
55 60 1
56 48 1
56 55 1
58 18 1
58 44 1
58 48 1
58 53 1
58 56 1
59 3 1
59 9 1
59 41 1
59 45 1
