5 39 1
6 30 1
8 46 1
12 3 1
16 60 1
18 29 1
20 56 1
20 58 1
20 60 1
21 42 1
22 9 1
22 55 1
23 21 1
24 48 1
25 42 1
25 47 1
25 52 1
25 56 1
26 51 1
28 27 1
28 36 1
29 18 1
29 39 1
30 48 1
34 27 1
34 53 1
34 57 1
35 41 1
35 59 1
37 53 1
37 57 1
38 24 1
40 6 1
40 21 1
40 45 1
40 55 1
41 12 1
41 15 1
41 51 1
43 24 1
43 38 1
43 48 1
44 33 1
44 54 1
45 35 1
46 28 1
46 36 1
47 45 1
52 18 1
52 27 1
52 29 1
52 39 1
53 6 1
53 30 1
53 57 1
54 58 1
55 9 1
55 35 1
55 45 1
56 42 1
56 52 1
58 26 1
58 33 1
58 44 1
58 54 1
58 60 1
59 3 1
59 12 1
59 15 1
59 41 1
