5 60 1
6 42 1
8 35 1
12 48 1
16 60 1
18 58 1
20 12 1
20 48 1
20 59 1
21 33 1
22 3 1
22 26 1
23 58 1
24 57 1
25 39 1
25 41 1
25 45 1
25 52 1
26 3 1
28 38 1
28 47 1
29 42 1
29 54 1
30 15 1
34 15 1
34 21 1
34 30 1
35 24 1
35 48 1
37 36 1
37 44 1
38 55 1
40 21 1
40 28 1
40 30 1
40 33 1
41 27 1
41 39 1
41 45 1
43 29 1
43 54 1
43 60 1
44 46 1
44 56 1
45 27 1
46 36 1
46 55 1
47 56 1
52 18 1
52 39 1
52 51 1
52 57 1
53 6 1
53 9 1
53 51 1
54 29 1
55 6 1
55 42 1
55 53 1
56 9 1
56 53 1
58 18 1
58 24 1
58 35 1
58 52 1
58 57 1
59 12 1
59 27 1
59 41 1
59 45 1
