5 52 1
6 27 1
8 9 1
12 39 1
16 36 1
18 29 1
20 12 1
20 39 1
20 58 1
21 60 1
22 3 1
22 26 1
23 27 1
24 54 1
25 21 1
25 27 1
25 42 1
25 60 1
26 3 1
28 45 1
28 56 1
29 18 1
29 41 1
30 12 1
34 30 1
34 48 1
34 59 1
35 24 1
35 33 1
37 15 1
37 35 1
38 48 1
40 33 1
40 35 1
40 47 1
40 51 1
41 28 1
41 45 1
41 56 1
43 53 1
43 55 1
43 57 1
44 18 1
44 29 1
45 44 1
46 6 1
46 41 1
47 51 1
52 15 1
52 21 1
52 55 1
52 60 1
53 6 1
53 42 1
53 46 1
54 58 1
55 42 1
55 53 1
55 57 1
56 9 1
56 45 1
58 24 1
58 36 1
58 39 1
58 54 1
58 57 1
59 30 1
59 38 1
59 48 1
59 52 1
