5 26 1
6 42 1
8 15 1
12 24 1
16 52 1
18 29 1
20 41 1
20 48 1
20 56 1
21 41 1
22 15 1
22 38 1
23 3 1
24 28 1
25 39 1
25 42 1
25 53 1
25 58 1
26 57 1
28 55 1
28 60 1
29 18 1
29 45 1
30 27 1
34 27 1
34 36 1
34 52 1
35 44 1
35 51 1
37 12 1
37 46 1
38 36 1
40 35 1
40 47 1
40 51 1
40 59 1
41 48 1
41 56 1
41 60 1
43 6 1
43 18 1
43 29 1
44 9 1
44 45 1
45 9 1
46 12 1
46 24 1
47 35 1
52 6 1
52 27 1
52 30 1
52 39 1
53 21 1
53 42 1
53 54 1
54 58 1
55 33 1
55 57 1
55 60 1
56 45 1
56 48 1
58 21 1
58 30 1
58 39 1
58 53 1
58 54 1
59 3 1
59 33 1
59 55 1
59 57 1
