5 59 1
6 15 1
8 24 1
12 48 1
16 15 1
18 58 1
20 45 1
20 55 1
20 60 1
21 52 1
22 3 1
22 46 1
23 3 1
24 30 1
25 12 1
25 26 1
25 45 1
25 48 1
26 12 1
28 6 1
28 57 1
29 51 1
29 54 1
30 53 1
34 33 1
34 42 1
34 53 1
35 36 1
35 47 1
37 39 1
37 55 1
38 27 1
40 6 1
40 29 1
40 51 1
40 54 1
41 27 1
41 42 1
41 56 1
43 21 1
43 57 1
43 58 1
44 35 1
44 41 1
45 60 1
46 9 1
46 38 1
47 48 1
52 18 1
52 35 1
52 36 1
52 44 1
53 9 1
53 33 1
53 56 1
54 29 1
55 39 1
55 45 1
55 60 1
56 27 1
56 39 1
58 18 1
58 21 1
58 28 1
58 52 1
58 57 1
59 24 1
59 30 1
59 41 1
59 42 1
