5 38 1
6 24 1
8 9 1
12 39 1
16 42 1
18 58 1
20 30 1
20 52 1
20 59 1
21 57 1
22 3 1
22 41 1
23 46 1
24 15 1
25 53 1
25 55 1
25 56 1
25 60 1
26 57 1
28 42 1
28 51 1
29 35 1
29 54 1
30 27 1
34 45 1
34 48 1
34 51 1
35 54 1
35 60 1
37 27 1
37 42 1
38 21 1
40 21 1
40 26 1
40 47 1
40 57 1
41 3 1
41 18 1
41 58 1
43 33 1
43 36 1
43 44 1
44 33 1
44 36 1
45 48 1
46 12 1
46 39 1
47 28 1
52 29 1
52 41 1
52 45 1
52 48 1
53 35 1
53 39 1
53 56 1
54 29 1
55 6 1
55 53 1
55 60 1
56 9 1
56 12 1
58 6 1
58 15 1
58 18 1
58 24 1
58 55 1
59 27 1
59 30 1
59 45 1
59 52 1
