5 15 1
6 57 1
8 47 1
12 35 1
16 12 1
18 58 1
20 39 1
20 41 1
20 48 1
21 18 1
22 46 1
22 51 1
23 12 1
24 60 1
25 30 1
25 42 1
25 53 1
25 59 1
26 27 1
28 3 1
28 57 1
29 45 1
29 54 1
30 24 1
34 26 1
34 52 1
34 55 1
35 36 1
35 56 1
37 27 1
37 56 1
38 42 1
40 6 1
40 28 1
40 44 1
40 57 1
41 9 1
41 39 1
41 48 1
43 38 1
43 42 1
43 60 1
44 15 1
44 51 1
45 33 1
46 35 1
46 52 1
47 48 1
52 29 1
52 45 1
52 54 1
52 55 1
53 6 1
53 21 1
53 58 1
54 29 1
55 3 1
55 33 1
55 45 1
56 27 1
56 36 1
58 9 1
58 18 1
58 21 1
58 39 1
58 41 1
59 24 1
59 30 1
59 53 1
59 60 1
