5 15 1
6 47 1
8 48 1
12 33 1
16 44 1
18 29 1
20 21 1
20 29 1
20 35 1
21 42 1
22 41 1
22 57 1
23 55 1
24 57 1
25 27 1
25 36 1
25 54 1
25 58 1
26 3 1
28 45 1
28 60 1
29 18 1
29 53 1
30 48 1
34 15 1
34 51 1
34 53 1
35 21 1
35 42 1
37 3 1
37 60 1
38 39 1
40 26 1
40 38 1
40 39 1
40 59 1
41 24 1
41 27 1
41 57 1
43 30 1
43 48 1
43 52 1
44 9 1
44 55 1
45 12 1
46 24 1
46 56 1
47 56 1
52 28 1
52 30 1
52 45 1
52 60 1
53 18 1
53 39 1
53 51 1
54 58 1
55 6 1
55 9 1
55 46 1
56 35 1
56 42 1
58 6 1
58 27 1
58 36 1
58 41 1
58 54 1
59 12 1
59 33 1
59 45 1
59 52 1
