5 46 1
6 15 1
8 27 1
12 42 1
16 24 1
18 29 1
20 41 1
20 52 1
20 57 1
21 53 1
22 55 1
22 60 1
23 3 1
24 15 1
25 33 1
25 38 1
25 48 1
25 56 1
26 9 1
28 6 1
28 48 1
29 18 1
29 45 1
30 47 1
34 3 1
34 9 1
34 39 1
35 51 1
35 54 1
37 12 1
37 42 1
38 56 1
40 30 1
40 36 1
40 55 1
40 60 1
41 12 1
41 42 1
41 57 1
43 18 1
43 29 1
43 45 1
44 26 1
44 39 1
45 21 1
46 51 1
46 59 1
47 48 1
52 27 1
52 35 1
52 41 1
52 57 1
53 6 1
53 39 1
53 44 1
54 58 1
55 30 1
55 36 1
55 60 1
56 28 1
56 33 1
58 24 1
58 27 1
58 35 1
58 52 1
58 54 1
59 21 1
59 45 1
59 53 1
59 58 1
