5 27 1
6 42 1
8 45 1
12 27 1
16 44 1
18 54 1
20 9 1
20 41 1
20 53 1
21 60 1
22 6 1
22 51 1
23 18 1
24 48 1
25 15 1
25 29 1
25 51 1
25 58 1
26 24 1
28 6 1
28 30 1
29 42 1
29 58 1
30 38 1
34 12 1
34 45 1
34 53 1
35 3 1
35 39 1
37 12 1
37 47 1
38 36 1
40 27 1
40 35 1
40 39 1
40 46 1
41 52 1
41 56 1
41 57 1
43 9 1
43 21 1
43 42 1
44 59 1
44 60 1
45 33 1
46 35 1
46 39 1
47 30 1
52 48 1
52 55 1
52 56 1
52 57 1
53 3 1
53 41 1
53 52 1
54 18 1
55 24 1
55 26 1
55 48 1
56 55 1
56 57 1
58 15 1
58 29 1
58 33 1
58 45 1
58 54 1
59 21 1
59 28 1
59 36 1
59 60 1
