5 15 1
6 21 1
8 36 1
12 60 1
16 24 1
18 58 1
20 26 1
20 30 1
20 42 1
21 53 1
22 27 1
22 57 1
23 53 1
24 15 1
25 33 1
25 47 1
25 52 1
25 55 1
26 30 1
28 45 1
28 51 1
29 35 1
29 54 1
30 57 1
34 39 1
34 44 1
34 48 1
35 42 1
35 54 1
37 56 1
37 59 1
38 48 1
40 28 1
40 36 1
40 45 1
40 51 1
41 12 1
41 39 1
41 60 1
43 3 1
43 38 1
43 48 1
44 29 1
44 39 1
45 27 1
46 3 1
46 24 1
47 55 1
52 9 1
52 33 1
52 42 1
52 57 1
53 18 1
53 41 1
53 58 1
54 29 1
55 9 1
55 46 1
55 52 1
56 6 1
56 21 1
58 12 1
58 18 1
58 35 1
58 41 1
58 60 1
59 6 1
59 27 1
59 45 1
59 56 1
