5 48 1
6 48 1
8 26 1
12 35 1
16 6 1
18 29 1
20 39 1
20 41 1
20 59 1
21 36 1
22 56 1
22 58 1
23 12 1
24 42 1
25 6 1
25 30 1
25 48 1
25 56 1
26 12 1
28 9 1
28 36 1
29 18 1
29 44 1
30 33 1
34 15 1
34 30 1
34 33 1
35 52 1
35 53 1
37 27 1
37 45 1
38 51 1
40 35 1
40 52 1
40 53 1
40 60 1
41 21 1
41 39 1
41 42 1
43 3 1
43 24 1
43 46 1
44 47 1
44 57 1
45 27 1
46 45 1
46 55 1
47 57 1
52 3 1
52 38 1
52 51 1
52 60 1
53 9 1
53 28 1
53 60 1
54 58 1
55 27 1
55 45 1
55 54 1
56 21 1
56 57 1
58 15 1
58 18 1
58 29 1
58 54 1
58 55 1
59 24 1
59 39 1
59 41 1
59 42 1
