5 38 1
6 60 1
8 6 1
12 48 1
16 53 1
18 29 1
20 27 1
20 55 1
20 56 1
21 9 1
22 45 1
22 52 1
23 33 1
24 21 1
25 12 1
25 33 1
25 48 1
25 56 1
26 51 1
28 27 1
28 36 1
29 18 1
29 52 1
30 42 1
34 26 1
34 30 1
34 42 1
35 15 1
35 39 1
37 3 1
37 46 1
38 53 1
40 6 1
40 54 1
40 58 1
40 60 1
41 9 1
41 21 1
41 24 1
43 44 1
43 57 1
43 60 1
44 45 1
44 57 1
45 41 1
46 51 1
46 57 1
47 55 1
52 18 1
52 24 1
52 41 1
52 45 1
53 3 1
53 29 1
53 47 1
54 58 1
55 15 1
55 35 1
55 59 1
56 12 1
56 48 1
58 27 1
58 28 1
58 36 1
58 39 1
58 54 1
59 30 1
59 35 1
59 39 1
59 42 1
