5 52 1
6 39 1
8 38 1
12 33 1
16 35 1
18 54 1
20 12 1
20 33 1
20 58 1
21 42 1
22 15 1
22 60 1
23 51 1
24 27 1
25 28 1
25 42 1
25 48 1
25 52 1
26 56 1
28 21 1
28 42 1
29 27 1
29 58 1
30 57 1
34 21 1
34 30 1
34 59 1
35 3 1
35 24 1
37 15 1
37 51 1
38 48 1
40 9 1
40 46 1
40 47 1
40 53 1
41 6 1
41 39 1
41 45 1
43 18 1
43 54 1
43 60 1
44 24 1
44 35 1
45 60 1
46 9 1
46 27 1
47 53 1
52 6 1
52 41 1
52 45 1
52 48 1
53 39 1
53 41 1
53 45 1
54 18 1
55 3 1
55 36 1
55 57 1
56 29 1
56 55 1
58 12 1
58 26 1
58 29 1
58 44 1
58 56 1
59 30 1
59 36 1
59 55 1
59 57 1
