5 39 1
6 27 1
8 39 1
12 6 1
16 48 1
18 54 1
20 3 1
20 15 1
20 30 1
21 57 1
22 15 1
22 60 1
23 48 1
24 45 1
25 6 1
25 12 1
25 47 1
25 57 1
26 21 1
28 29 1
28 36 1
29 36 1
29 58 1
30 3 1
34 18 1
34 54 1
34 60 1
35 33 1
35 55 1
37 24 1
37 44 1
38 52 1
40 26 1
40 35 1
40 46 1
40 52 1
41 42 1
41 45 1
41 58 1
43 9 1
43 21 1
43 57 1
44 24 1
44 48 1
45 51 1
46 35 1
46 55 1
47 12 1
52 27 1
52 53 1
52 59 1
52 60 1
53 41 1
53 42 1
53 56 1
54 18 1
55 30 1
55 33 1
55 38 1
56 41 1
56 42 1
58 9 1
58 28 1
58 29 1
58 45 1
58 51 1
59 27 1
59 39 1
59 53 1
59 56 1
