5 58 1
6 33 1
8 36 1
12 54 1
16 41 1
18 29 1
20 6 1
20 41 1
20 55 1
21 57 1
22 39 1
22 56 1
23 3 1
24 60 1
25 27 1
25 30 1
25 35 1
25 59 1
26 51 1
28 15 1
28 46 1
29 18 1
29 45 1
30 35 1
34 26 1
34 47 1
34 51 1
35 27 1
35 39 1
37 36 1
37 48 1
38 57 1
40 3 1
40 42 1
40 52 1
40 56 1
41 9 1
41 45 1
41 55 1
43 18 1
43 29 1
43 45 1
44 24 1
44 60 1
45 30 1
46 15 1
46 57 1
47 33 1
52 38 1
52 42 1
52 48 1
52 53 1
53 21 1
53 39 1
53 48 1
54 58 1
55 6 1
55 9 1
55 27 1
56 42 1
56 52 1
58 12 1
58 21 1
58 28 1
58 53 1
58 54 1
59 12 1
59 24 1
59 44 1
59 60 1
