5 55 1
6 39 1
8 47 1
12 39 1
16 52 1
18 29 1
20 24 1
20 30 1
20 51 1
21 9 1
22 6 1
22 60 1
23 26 1
24 51 1
25 45 1
25 48 1
25 53 1
25 58 1
26 48 1
28 36 1
28 59 1
29 3 1
29 18 1
30 24 1
34 15 1
34 33 1
34 56 1
35 57 1
35 60 1
37 21 1
37 52 1
38 42 1
40 38 1
40 41 1
40 42 1
40 57 1
41 35 1
41 57 1
41 60 1
43 12 1
43 39 1
43 46 1
44 9 1
44 54 1
45 48 1
46 27 1
46 55 1
47 12 1
52 3 1
52 18 1
52 21 1
52 29 1
53 6 1
53 30 1
53 45 1
54 58 1
55 27 1
55 28 1
55 35 1
56 15 1
56 33 1
58 42 1
58 44 1
58 45 1
58 53 1
58 54 1
59 27 1
59 36 1
59 41 1
59 56 1
