5 36 1
6 30 1
8 21 1
12 27 1
16 29 1
18 29 1
20 39 1
20 41 1
20 52 1
21 51 1
22 42 1
22 53 1
23 33 1
24 48 1
25 3 1
25 42 1
25 48 1
25 53 1
26 9 1
28 6 1
28 18 1
29 18 1
29 28 1
30 56 1
34 6 1
34 24 1
34 30 1
35 45 1
35 60 1
37 48 1
37 51 1
38 36 1
40 35 1
40 39 1
40 44 1
40 55 1
41 9 1
41 26 1
41 52 1
43 27 1
43 54 1
43 58 1
44 55 1
44 57 1
45 60 1
46 15 1
46 47 1
47 21 1
52 35 1
52 39 1
52 45 1
52 60 1
53 3 1
53 41 1
53 42 1
54 58 1
55 24 1
55 57 1
55 59 1
56 12 1
56 38 1
58 12 1
58 27 1
58 45 1
58 54 1
58 56 1
59 15 1
59 33 1
59 46 1
59 57 1
