5 38 1
6 56 1
8 6 1
12 60 1
16 52 1
18 54 1
20 18 1
20 41 1
20 54 1
21 45 1
22 24 1
22 27 1
23 60 1
24 42 1
25 21 1
25 48 1
25 53 1
25 59 1
26 39 1
28 9 1
28 33 1
29 6 1
29 58 1
30 39 1
34 27 1
34 41 1
34 44 1
35 3 1
35 42 1
37 46 1
37 57 1
38 33 1
40 3 1
40 24 1
40 35 1
40 42 1
41 27 1
41 36 1
41 56 1
43 12 1
43 51 1
43 55 1
44 12 1
44 60 1
45 57 1
46 30 1
46 57 1
47 15 1
52 15 1
52 29 1
52 30 1
52 47 1
53 21 1
53 45 1
53 48 1
54 18 1
55 26 1
55 39 1
55 51 1
56 35 1
56 36 1
58 9 1
58 28 1
58 29 1
58 52 1
58 55 1
59 45 1
59 48 1
59 53 1
59 58 1
