5 35 1
6 27 1
8 60 1
12 33 1
16 59 1
18 54 1
20 41 1
20 48 1
20 55 1
21 36 1
22 24 1
22 52 1
23 51 1
24 42 1
25 39 1
25 45 1
25 53 1
25 58 1
26 36 1
28 42 1
28 52 1
29 58 1
29 60 1
30 38 1
34 45 1
34 57 1
34 60 1
35 12 1
35 33 1
37 9 1
37 56 1
38 51 1
40 6 1
40 27 1
40 44 1
40 57 1
41 12 1
41 35 1
41 48 1
43 6 1
43 26 1
43 27 1
44 48 1
44 57 1
45 39 1
46 39 1
46 45 1
47 3 1
52 18 1
52 24 1
52 42 1
52 54 1
53 15 1
53 28 1
53 30 1
54 18 1
55 29 1
55 41 1
55 46 1
56 9 1
56 21 1
58 15 1
58 29 1
58 30 1
58 53 1
58 55 1
59 3 1
59 21 1
59 47 1
59 56 1
