5 46 1
6 30 1
8 42 1
12 60 1
16 56 1
18 58 1
20 6 1
20 45 1
20 56 1
21 39 1
22 3 1
22 44 1
23 52 1
24 53 1
25 24 1
25 41 1
25 47 1
25 53 1
26 51 1
28 57 1
28 59 1
29 27 1
29 54 1
30 35 1
34 15 1
34 52 1
34 55 1
35 36 1
35 42 1
37 30 1
37 35 1
38 48 1
40 18 1
40 21 1
40 39 1
40 58 1
41 29 1
41 39 1
41 54 1
43 27 1
43 33 1
43 36 1
44 3 1
44 9 1
45 6 1
46 26 1
46 51 1
47 12 1
52 28 1
52 55 1
52 57 1
52 60 1
53 12 1
53 41 1
53 60 1
54 29 1
55 15 1
55 38 1
55 48 1
56 9 1
56 45 1
58 18 1
58 21 1
58 24 1
58 33 1
58 42 1
59 27 1
59 45 1
59 48 1
59 57 1
