5 39 1
6 45 1
8 39 1
12 33 1
16 9 1
18 29 1
20 15 1
20 47 1
20 52 1
21 42 1
22 28 1
22 36 1
23 53 1
24 55 1
25 24 1
25 54 1
25 58 1
25 60 1
26 51 1
28 41 1
28 45 1
29 18 1
29 46 1
30 12 1
34 15 1
34 27 1
34 35 1
35 27 1
35 36 1
37 12 1
37 33 1
38 39 1
40 18 1
40 29 1
40 38 1
40 48 1
41 3 1
41 6 1
41 45 1
43 6 1
43 26 1
43 51 1
44 9 1
44 60 1
45 3 1
46 44 1
46 60 1
47 30 1
52 48 1
52 56 1
52 57 1
52 59 1
53 52 1
53 56 1
53 57 1
54 58 1
55 21 1
55 35 1
55 42 1
56 41 1
56 57 1
58 24 1
58 27 1
58 30 1
58 53 1
58 54 1
59 21 1
59 42 1
59 48 1
59 55 1
