5 35 1
6 51 1
8 33 1
12 48 1
16 21 1
18 29 1
20 36 1
20 45 1
20 52 1
21 3 1
22 30 1
22 56 1
23 57 1
24 18 1
25 3 1
25 21 1
25 27 1
25 52 1
26 15 1
28 39 1
28 57 1
29 18 1
29 24 1
30 60 1
34 46 1
34 53 1
34 55 1
35 56 1
35 60 1
37 12 1
37 48 1
38 35 1
40 15 1
40 41 1
40 42 1
40 59 1
41 42 1
41 44 1
41 55 1
43 39 1
43 54 1
43 58 1
44 38 1
44 42 1
45 6 1
46 26 1
46 29 1
47 27 1
52 27 1
52 36 1
52 45 1
52 47 1
53 9 1
53 12 1
53 48 1
54 58 1
55 6 1
55 45 1
55 51 1
56 30 1
56 60 1
58 24 1
58 28 1
58 33 1
58 39 1
58 54 1
59 9 1
59 41 1
59 53 1
59 57 1
