5 46 1
6 39 1
8 39 1
12 54 1
16 3 1
18 58 1
20 15 1
20 18 1
20 58 1
21 60 1
22 6 1
22 24 1
23 42 1
24 55 1
25 24 1
25 42 1
25 52 1
25 55 1
26 47 1
28 41 1
28 48 1
29 12 1
29 54 1
30 27 1
34 27 1
34 30 1
34 36 1
35 45 1
35 51 1
37 44 1
37 57 1
38 3 1
40 15 1
40 28 1
40 41 1
40 48 1
41 33 1
41 48 1
41 53 1
43 29 1
43 30 1
43 60 1
44 12 1
44 36 1
45 51 1
46 6 1
46 39 1
47 57 1
52 9 1
52 38 1
52 42 1
52 56 1
53 21 1
53 33 1
53 59 1
54 29 1
55 9 1
55 52 1
55 53 1
56 35 1
56 45 1
58 18 1
58 26 1
58 35 1
58 45 1
58 56 1
59 21 1
59 27 1
59 57 1
59 60 1
