4 421 1
6 243 1
6 388 1
6 574 1
9 419 1
15 340 1
18 295 1
20 68 1
20 297 1
20 308 1
20 325 1
20 620 1
24 5 1
24 27 1
24 56 1
24 61 1
24 172 1
24 174 1
24 182 1
24 236 1
24 244 1
24 266 1
24 306 1
24 307 1
24 312 1
24 326 1
24 357 1
24 390 1
24 392 1
24 500 1
24 627 1
24 836 1
30 46 1
30 128 1
30 134 1
30 163 1
30 165 1
30 216 1
30 650 1
40 105 1
43 122 1
43 472 1
46 172 1
46 287 1
49 144 1
49 290 1
53 104 1
53 799 1
55 96 1
56 162 1
56 197 1
59 180 1
59 611 1
64 16 1
64 73 1
64 85 1
64 103 1
64 129 1
64 225 1
64 264 1
64 277 1
64 328 1
64 382 1
66 12 1
66 16 1
66 17 1
66 25 1
66 37 1
66 44 1
66 56 1
66 58 1
66 64 1
66 65 1
66 72 1
66 85 1
66 89 1
66 92 1
66 98 1
66 107 1
66 108 1
66 120 1
66 129 1
66 133 1
66 135 1
66 136 1
66 149 1
66 165 1
66 166 1
66 171 1
66 172 1
66 173 1
66 178 1
66 191 1
66 194 1
66 196 1
66 197 1
66 199 1
66 202 1
66 206 1
66 235 1
66 237 1
66 239 1
66 246 1
66 256 1
66 291 1
66 294 1
66 300 1
66 313 1
66 319 1
66 321 1
66 322 1
66 332 1
66 338 1
66 345 1
66 347 1
66 356 1
66 357 1
66 369 1
66 372 1
66 375 1
66 379 1
66 382 1
66 384 1
66 386 1
66 392 1
66 397 1
66 399 1
66 402 1
66 403 1
66 406 1
66 409 1
66 411 1
66 422 1
66 466 1
66 491 1
66 675 1
68 13 1
68 748 1
69 1 1
69 381 1
74 123 1
74 220 1
77 145 1
77 154 1
77 290 1
77 312 1
77 351 1
77 394 1
82 78 1
82 169 1
82 174 1
82 252 1
82 294 1
82 335 1
82 674 1
88 146 1
88 201 1
88 288 1
90 247 1
90 383 1
94 179 1
94 803 1
97 453 1
109 317 1
111 57 1
111 242 1
113 338 1
114 20 1
114 126 1
114 141 1
114 275 1
119 31 1
119 189 1
119 208 1
119 212 1
119 294 1
123 318 1
123 333 1
127 87 1
127 355 1
127 443 1
136 38 1
136 81 1
136 171 1
136 247 1
136 369 1
136 566 1
136 583 1
137 23 1
137 24 1
137 79 1
137 85 1
137 146 1
137 172 1
137 184 1
137 221 1
137 245 1
137 329 1
137 357 1
137 390 1
137 690 1
143 32 1
143 56 1
143 57 1
143 95 1
143 102 1
143 142 1
143 155 1
143 162 1
143 195 1
143 203 1
143 240 1
143 241 1
143 250 1
143 260 1
143 263 1
143 266 1
143 278 1
143 301 1
143 336 1
143 345 1
143 354 1
143 360 1
143 824 1
148 3 1
148 7 1
148 18 1
148 47 1
148 60 1
148 727 1
148 754 1
151 100 1
151 546 1
154 11 1
154 18 1
154 34 1
154 118 1
154 130 1
154 231 1
154 302 1
154 357 1
154 422 1
154 688 1
156 249 1
156 268 1
157 290 1
157 316 1
158 285 1
160 22 1
160 70 1
161 291 1
164 177 1
169 153 1
169 200 1
169 351 1
175 262 1
175 318 1
175 363 1
175 371 1
181 5 1
181 21 1
181 36 1
188 99 1
188 144 1
190 39 1
190 93 1
190 120 1
190 125 1
190 132 1
190 150 1
190 157 1
190 173 1
190 176 1
190 197 1
190 226 1
190 276 1
190 290 1
190 311 1
190 318 1
190 334 1
190 343 1
190 350 1
190 364 1
190 395 1
190 416 1
190 429 1
192 410 1
193 118 1
193 132 1
193 144 1
193 177 1
193 209 1
193 218 1
193 345 1
193 747 1
197 60 1
198 85 1
203 57 1
203 287 1
204 272 1
207 7 1
207 368 1
213 305 1
215 1 1
219 368 1
222 7 1
222 29 1
222 62 1
222 71 1
222 83 1
222 138 1
222 264 1
222 272 1
222 382 1
222 400 1
222 682 1
222 792 1
227 7 1
227 21 1
227 76 1
227 86 1
227 155 1
227 180 1
227 278 1
227 287 1
227 323 1
227 366 1
227 396 1
227 404 1
227 577 1
227 580 1
227 664 1
229 19 1
229 136 1
229 387 1
233 210 1
233 271 1
237 135 1
237 136 1
237 157 1
237 187 1
237 365 1
241 22 1
241 162 1
241 232 1
241 255 1
241 281 1
241 423 1
246 165 1
246 369 1
251 13 1
251 91 1
251 96 1
251 341 1
251 560 1
252 58 1
252 283 1
252 406 1
252 656 1
257 693 1
258 45 1
258 131 1
258 352 1
258 398 1
259 168 1
261 273 1
265 56 1
267 153 1
267 285 1
267 613 1
269 17 1
269 202 1
270 234 1
270 349 1
270 351 1
270 532 1
274 28 1
274 35 1
274 80 1
274 151 1
274 167 1
274 171 1
274 182 1
274 200 1
274 223 1
274 273 1
274 381 1
274 722 1
274 785 1
279 292 1
282 49 1
282 67 1
282 141 1
282 144 1
282 150 1
282 205 1
282 214 1
282 238 1
282 277 1
282 290 1
282 345 1
282 423 1
282 497 1
282 760 1
292 115 1
292 170 1
292 273 1
292 280 1
292 286 1
292 767 1
298 48 1
298 193 1
298 240 1
298 388 1
298 781 1
299 10 1
304 14 1
304 86 1
304 87 1
304 284 1
304 336 1
315 179 1
324 106 1
324 121 1
324 124 1
324 140 1
324 153 1
324 155 1
324 162 1
324 200 1
324 211 1
324 217 1
324 233 1
324 293 1
324 296 1
324 373 1
324 517 1
324 615 1
324 721 1
325 291 1
330 312 1
331 202 1
331 230 1
331 630 1
337 19 1
337 139 1
337 149 1
339 42 1
339 52 1
339 92 1
339 103 1
339 118 1
339 224 1
339 238 1
339 240 1
339 277 1
339 314 1
339 357 1
339 765 1
342 255 1
342 291 1
344 5 1
344 73 1
344 87 1
344 110 1
344 116 1
344 117 1
344 127 1
344 153 1
344 159 1
344 169 1
344 210 1
344 216 1
344 267 1
344 270 1
344 283 1
344 285 1
344 351 1
344 355 1
344 359 1
344 365 1
344 369 1
344 375 1
344 407 1
344 416 1
344 487 1
345 37 1
345 67 1
345 95 1
345 142 1
345 144 1
345 196 1
345 271 1
345 308 1
345 310 1
345 369 1
346 2 1
346 26 1
346 33 1
346 41 1
346 63 1
346 92 1
346 137 1
346 140 1
346 152 1
346 245 1
346 248 1
346 254 1
346 592 1
349 237 1
358 54 1
358 76 1
359 5 1
359 86 1
359 112 1
359 117 1
359 176 1
359 186 1
359 414 1
362 374 1
369 537 1
370 84 1
376 14 1
376 232 1
378 314 1
380 50 1
380 86 1
380 183 1
380 236 1
380 361 1
385 1 1
385 101 1
385 228 1
385 280 1
385 289 1
385 353 1
385 645 1
385 831 1
389 299 1
391 652 1
401 377 1
401 669 1
405 782 1
408 1 1
408 253 1
413 8 1
413 13 1
413 23 1
413 51 1
413 75 1
413 121 1
413 137 1
413 145 1
413 146 1
413 147 1
413 185 1
413 267 1
413 278 1
413 285 1
413 303 1
413 314 1
413 320 1
413 327 1
413 357 1
413 362 1
413 367 1
413 393 1
413 401 1
413 423 1
413 489 1
413 616 1
413 808 1
415 412 1
417 348 1
418 89 1
418 234 1
418 309 1
420 272 1
