4 162 1
6 155 1
6 225 1
6 388 1
9 118 1
15 409 1
18 674 1
20 24 1
20 87 1
20 153 1
20 248 1
20 272 1
24 2 1
24 7 1
24 56 1
24 62 1
24 89 1
24 106 1
24 120 1
24 153 1
24 165 1
24 178 1
24 186 1
24 211 1
24 232 1
24 237 1
24 241 1
24 253 1
24 281 1
24 286 1
24 295 1
24 422 1
30 14 1
30 22 1
30 101 1
30 133 1
30 138 1
30 353 1
30 403 1
40 86 1
43 67 1
43 172 1
46 374 1
46 792 1
49 247 1
49 406 1
53 50 1
53 693 1
55 130 1
56 35 1
56 165 1
59 129 1
59 307 1
64 63 1
64 144 1
64 146 1
64 193 1
64 221 1
64 294 1
64 314 1
64 336 1
64 338 1
64 357 1
66 7 1
66 12 1
66 13 1
66 27 1
66 49 1
66 64 1
66 71 1
66 78 1
66 79 1
66 85 1
66 87 1
66 91 1
66 92 1
66 96 1
66 115 1
66 117 1
66 118 1
66 123 1
66 136 1
66 137 1
66 144 1
66 145 1
66 150 1
66 154 1
66 162 1
66 169 1
66 174 1
66 179 1
66 180 1
66 182 1
66 197 1
66 230 1
66 237 1
66 243 1
66 246 1
66 256 1
66 264 1
66 267 1
66 268 1
66 271 1
66 277 1
66 280 1
66 291 1
66 292 1
66 293 1
66 294 1
66 299 1
66 301 1
66 302 1
66 308 1
66 313 1
66 314 1
66 318 1
66 336 1
66 345 1
66 352 1
66 355 1
66 357 1
66 362 1
66 367 1
66 369 1
66 388 1
66 390 1
66 406 1
66 407 1
66 423 1
66 429 1
66 487 1
66 574 1
66 615 1
66 616 1
66 630 1
66 656 1
68 135 1
68 318 1
69 270 1
69 334 1
74 134 1
74 180 1
77 20 1
77 31 1
77 163 1
77 272 1
77 275 1
77 341 1
82 32 1
82 57 1
82 214 1
82 234 1
82 453 1
82 722 1
82 760 1
88 17 1
88 200 1
88 395 1
90 151 1
90 266 1
94 3 1
94 118 1
97 131 1
109 285 1
111 165 1
111 289 1
113 351 1
114 23 1
114 42 1
114 338 1
114 351 1
119 76 1
119 137 1
119 223 1
119 290 1
119 365 1
123 276 1
123 423 1
127 238 1
127 252 1
127 472 1
136 67 1
136 85 1
136 126 1
136 196 1
136 266 1
136 314 1
136 414 1
137 56 1
137 76 1
137 93 1
137 100 1
137 167 1
137 205 1
137 232 1
137 242 1
137 280 1
137 287 1
137 291 1
137 294 1
137 296 1
143 13 1
143 21 1
143 98 1
143 170 1
143 216 1
143 228 1
143 238 1
143 245 1
143 254 1
143 273 1
143 291 1
143 309 1
143 332 1
143 347 1
143 348 1
143 350 1
143 393 1
143 394 1
143 416 1
143 419 1
143 532 1
143 650 1
143 803 1
148 28 1
148 86 1
148 108 1
148 224 1
148 244 1
148 271 1
148 310 1
151 70 1
151 278 1
154 1 1
154 7 1
154 81 1
154 136 1
154 146 1
154 174 1
154 217 1
154 611 1
154 669 1
154 767 1
156 210 1
156 620 1
157 200 1
157 303 1
158 308 1
160 112 1
160 255 1
161 411 1
164 333 1
169 96 1
169 125 1
169 283 1
175 110 1
175 117 1
175 147 1
175 316 1
181 41 1
181 87 1
181 104 1
188 144 1
188 153 1
190 5 1
190 22 1
190 61 1
190 80 1
190 140 1
190 144 1
190 149 1
190 159 1
190 172 1
190 185 1
190 226 1
190 239 1
190 240 1
190 327 1
190 345 1
190 351 1
190 357 1
190 360 1
190 361 1
190 398 1
190 402 1
190 754 1
192 202 1
193 92 1
193 124 1
193 146 1
193 172 1
193 187 1
193 354 1
193 377 1
193 399 1
197 177 1
198 201 1
203 142 1
203 312 1
204 92 1
207 73 1
207 682 1
213 194 1
215 273 1
219 139 1
222 48 1
222 103 1
222 120 1
222 155 1
222 157 1
222 209 1
222 249 1
222 288 1
222 312 1
222 355 1
222 747 1
222 824 1
227 5 1
227 18 1
227 19 1
227 25 1
227 51 1
227 68 1
227 83 1
227 135 1
227 179 1
227 191 1
227 197 1
227 240 1
227 323 1
227 343 1
227 356 1
229 19 1
229 116 1
229 517 1
233 197 1
233 580 1
237 166 1
237 235 1
237 260 1
237 345 1
237 392 1
241 5 1
241 56 1
241 57 1
241 218 1
241 335 1
241 422 1
246 95 1
246 386 1
251 1 1
251 16 1
251 202 1
251 305 1
251 491 1
252 11 1
252 349 1
252 382 1
252 421 1
257 72 1
258 176 1
258 326 1
258 404 1
258 675 1
259 236 1
261 153 1
265 58 1
267 60 1
267 278 1
267 373 1
269 37 1
269 690 1
270 23 1
270 47 1
270 202 1
270 831 1
274 14 1
274 132 1
274 150 1
274 152 1
274 171 1
274 173 1
274 206 1
274 284 1
274 285 1
274 290 1
274 497 1
274 546 1
274 808 1
279 141 1
282 17 1
282 21 1
282 162 1
282 168 1
282 169 1
282 172 1
282 173 1
282 212 1
282 283 1
282 351 1
282 368 1
282 381 1
282 384 1
282 583 1
292 7 1
292 85 1
292 144 1
292 264 1
292 291 1
292 345 1
298 13 1
298 177 1
298 369 1
298 375 1
298 765 1
299 216 1
304 36 1
304 99 1
304 107 1
304 127 1
304 781 1
315 359 1
324 60 1
324 85 1
324 121 1
324 184 1
324 233 1
324 236 1
324 263 1
324 267 1
324 277 1
324 290 1
324 297 1
324 306 1
324 372 1
324 423 1
324 466 1
324 627 1
324 645 1
325 410 1
330 89 1
331 65 1
331 371 1
331 379 1
337 54 1
337 58 1
337 577 1
339 121 1
339 129 1
339 199 1
339 208 1
339 277 1
339 285 1
339 375 1
339 381 1
339 383 1
339 566 1
339 592 1
339 664 1
342 95 1
342 613 1
344 1 1
344 16 1
344 57 1
344 75 1
344 86 1
344 103 1
344 105 1
344 132 1
344 141 1
344 142 1
344 145 1
344 155 1
344 171 1
344 203 1
344 210 1
344 278 1
344 287 1
344 312 1
344 319 1
344 325 1
344 357 1
344 369 1
344 382 1
344 443 1
344 785 1
345 34 1
345 102 1
345 140 1
345 272 1
345 357 1
345 369 1
345 390 1
345 392 1
345 401 1
345 688 1
346 8 1
346 33 1
346 39 1
346 46 1
346 122 1
346 220 1
346 262 1
346 273 1
346 322 1
346 369 1
346 387 1
346 396 1
346 748 1
349 157 1
358 247 1
358 311 1
359 1 1
359 10 1
359 162 1
359 245 1
359 287 1
359 412 1
359 652 1
362 29 1
369 727 1
370 182 1
376 45 1
376 318 1
378 300 1
380 183 1
380 364 1
380 397 1
380 537 1
380 721 1
385 44 1
385 73 1
385 189 1
385 231 1
385 366 1
385 400 1
385 489 1
385 799 1
389 290 1
391 86 1
401 84 1
401 365 1
405 234 1
408 200 1
408 363 1
413 5 1
413 18 1
413 26 1
413 38 1
413 56 1
413 128 1
413 136 1
413 149 1
413 171 1
413 176 1
413 195 1
413 196 1
413 250 1
413 255 1
413 285 1
413 290 1
413 317 1
413 320 1
413 321 1
413 328 1
413 329 1
413 340 1
413 357 1
413 368 1
413 382 1
413 416 1
413 836 1
415 52 1
417 240 1
418 37 1
418 500 1
418 560 1
420 782 1
