4 314 1
6 5 1
6 7 1
6 297 1
9 429 1
15 62 1
18 316 1
20 99 1
20 100 1
20 327 1
20 335 1
20 620 1
24 17 1
24 49 1
24 56 1
24 61 1
24 85 1
24 101 1
24 106 1
24 118 1
24 132 1
24 144 1
24 155 1
24 169 1
24 171 1
24 172 1
24 180 1
24 216 1
24 351 1
24 443 1
24 592 1
24 630 1
30 46 1
30 170 1
30 187 1
30 245 1
30 351 1
30 357 1
30 675 1
40 225 1
43 212 1
43 357 1
46 230 1
46 332 1
49 326 1
49 369 1
53 19 1
53 162 1
55 210 1
56 350 1
56 537 1
59 26 1
59 374 1
64 23 1
64 31 1
64 58 1
64 96 1
64 120 1
64 125 1
64 135 1
64 141 1
64 168 1
64 390 1
66 8 1
66 23 1
66 28 1
66 44 1
66 47 1
66 54 1
66 57 1
66 64 1
66 86 1
66 87 1
66 89 1
66 95 1
66 98 1
66 105 1
66 123 1
66 135 1
66 138 1
66 142 1
66 144 1
66 146 1
66 154 1
66 162 1
66 165 1
66 174 1
66 176 1
66 180 1
66 184 1
66 186 1
66 197 1
66 202 1
66 228 1
66 236 1
66 237 1
66 242 1
66 246 1
66 252 1
66 278 1
66 280 1
66 283 1
66 285 1
66 287 1
66 290 1
66 291 1
66 292 1
66 293 1
66 294 1
66 305 1
66 310 1
66 311 1
66 321 1
66 340 1
66 345 1
66 351 1
66 352 1
66 353 1
66 355 1
66 356 1
66 366 1
66 395 1
66 399 1
66 411 1
66 416 1
66 421 1
66 423 1
66 487 1
66 517 1
66 532 1
66 574 1
66 577 1
66 682 1
66 754 1
66 808 1
66 831 1
68 137 1
68 145 1
69 83 1
69 92 1
74 345 1
74 403 1
77 92 1
77 165 1
77 166 1
77 290 1
77 319 1
77 377 1
82 76 1
82 155 1
82 167 1
82 253 1
82 328 1
82 382 1
82 489 1
88 133 1
88 234 1
88 333 1
90 20 1
90 357 1
94 35 1
94 264 1
97 357 1
109 404 1
111 348 1
111 453 1
113 296 1
114 240 1
114 398 1
114 412 1
114 546 1
119 127 1
119 151 1
119 223 1
119 250 1
119 384 1
123 18 1
123 656 1
127 157 1
127 343 1
127 354 1
136 80 1
136 255 1
136 290 1
136 313 1
136 322 1
136 392 1
136 423 1
137 18 1
137 22 1
137 50 1
137 122 1
137 130 1
137 200 1
137 203 1
137 209 1
137 272 1
137 277 1
137 375 1
137 387 1
137 422 1
143 24 1
143 38 1
143 56 1
143 67 1
143 85 1
143 86 1
143 102 1
143 131 1
143 132 1
143 144 1
143 146 1
143 169 1
143 171 1
143 172 1
143 201 1
143 211 1
143 216 1
143 238 1
143 278 1
143 357 1
143 382 1
143 500 1
143 627 1
148 33 1
148 45 1
148 52 1
148 210 1
148 240 1
148 272 1
148 295 1
151 263 1
151 410 1
154 10 1
154 182 1
154 245 1
154 290 1
154 302 1
154 361 1
154 400 1
154 419 1
154 781 1
154 782 1
156 153 1
156 616 1
157 51 1
157 117 1
158 249 1
160 147 1
160 836 1
161 613 1
164 177 1
169 86 1
169 232 1
169 306 1
175 7 1
175 289 1
175 303 1
175 688 1
181 11 1
181 141 1
181 767 1
188 7 1
188 118 1
190 5 1
190 19 1
190 34 1
190 42 1
190 57 1
190 63 1
190 85 1
190 117 1
190 121 1
190 157 1
190 206 1
190 235 1
190 238 1
190 243 1
190 254 1
190 271 1
190 299 1
190 401 1
190 580 1
190 615 1
190 664 1
190 803 1
192 268 1
193 37 1
193 103 1
193 121 1
193 139 1
193 266 1
193 341 1
193 396 1
193 406 1
197 87 1
198 196 1
203 239 1
203 785 1
204 221 1
207 197 1
207 325 1
213 247 1
215 196 1
219 314 1
222 71 1
222 73 1
222 91 1
222 150 1
222 179 1
222 237 1
222 271 1
222 294 1
222 307 1
222 360 1
222 407 1
222 416 1
227 13 1
227 37 1
227 126 1
227 152 1
227 177 1
227 202 1
227 247 1
227 273 1
227 338 1
227 359 1
227 365 1
227 369 1
227 371 1
227 402 1
227 422 1
229 162 1
229 276 1
229 363 1
233 1 1
233 231 1
237 32 1
237 129 1
237 144 1
237 278 1
237 287 1
241 149 1
241 226 1
241 232 1
241 334 1
241 345 1
241 765 1
246 36 1
246 291 1
251 191 1
251 364 1
251 386 1
251 491 1
251 611 1
252 262 1
252 317 1
252 318 1
252 669 1
257 240 1
258 67 1
258 129 1
258 281 1
258 355 1
259 727 1
261 379 1
265 301 1
267 136 1
267 381 1
267 747 1
269 185 1
269 272 1
270 146 1
270 285 1
270 393 1
270 497 1
274 48 1
274 136 1
274 189 1
274 224 1
274 234 1
274 267 1
274 286 1
274 309 1
274 381 1
274 383 1
274 390 1
274 392 1
274 583 1
279 173 1
282 21 1
282 57 1
282 65 1
282 72 1
282 136 1
282 153 1
282 214 1
282 255 1
282 273 1
282 336 1
282 372 1
282 388 1
282 423 1
282 645 1
292 197 1
292 202 1
292 285 1
292 351 1
292 357 1
292 693 1
298 79 1
298 116 1
298 163 1
298 217 1
298 414 1
299 85 1
304 76 1
304 81 1
304 142 1
304 283 1
304 652 1
315 171 1
324 5 1
324 70 1
324 108 1
324 155 1
324 159 1
324 174 1
324 176 1
324 182 1
324 195 1
324 264 1
324 318 1
324 323 1
324 365 1
324 367 1
324 368 1
324 560 1
324 690 1
325 95 1
330 29 1
331 1 1
331 96 1
331 140 1
337 16 1
337 118 1
337 128 1
339 1 1
339 56 1
339 86 1
339 144 1
339 199 1
339 236 1
339 260 1
339 273 1
339 336 1
339 362 1
339 394 1
339 466 1
342 218 1
342 824 1
344 7 1
344 22 1
344 27 1
344 39 1
344 68 1
344 89 1
344 110 1
344 134 1
344 137 1
344 145 1
344 149 1
344 179 1
344 200 1
344 241 1
344 248 1
344 277 1
344 288 1
344 312 1
344 320 1
344 345 1
344 347 1
344 369 1
344 382 1
344 650 1
344 748 1
345 5 1
345 56 1
345 87 1
345 112 1
345 162 1
345 173 1
345 285 1
345 287 1
345 291 1
345 318 1
346 58 1
346 60 1
346 153 1
346 165 1
346 194 1
346 220 1
346 233 1
346 266 1
346 291 1
346 312 1
346 368 1
346 369 1
346 760 1
349 150 1
358 84 1
358 284 1
359 75 1
359 104 1
359 193 1
359 275 1
359 312 1
359 338 1
359 388 1
362 674 1
369 13 1
370 256 1
376 12 1
376 270 1
378 92 1
380 2 1
380 25 1
380 140 1
380 294 1
380 472 1
385 13 1
385 21 1
385 120 1
385 172 1
385 178 1
385 280 1
385 290 1
385 406 1
389 799 1
391 41 1
401 308 1
401 397 1
405 308 1
408 115 1
408 300 1
413 1 1
413 3 1
413 14 1
413 17 1
413 60 1
413 73 1
413 78 1
413 103 1
413 107 1
413 153 1
413 183 1
413 200 1
413 205 1
413 208 1
413 244 1
413 267 1
413 277 1
413 314 1
413 329 1
413 349 1
413 369 1
413 373 1
413 375 1
413 409 1
413 721 1
413 722 1
413 792 1
415 16 1
417 124 1
418 14 1
418 93 1
418 566 1
420 172 1
