4 85 1
6 13 1
6 202 1
6 312 1
9 290 1
15 580 1
18 199 1
20 110 1
20 118 1
20 132 1
20 189 1
20 399 1
24 46 1
24 52 1
24 60 1
24 76 1
24 85 1
24 101 1
24 125 1
24 133 1
24 153 1
24 162 1
24 202 1
24 263 1
24 284 1
24 292 1
24 299 1
24 323 1
24 357 1
24 401 1
24 645 1
24 722 1
30 16 1
30 57 1
30 290 1
30 317 1
30 329 1
30 355 1
30 443 1
40 23 1
43 277 1
43 340 1
46 131 1
46 166 1
49 369 1
49 664 1
53 171 1
53 785 1
55 280 1
56 73 1
56 146 1
59 89 1
59 295 1
64 34 1
64 42 1
64 92 1
64 271 1
64 273 1
64 281 1
64 313 1
64 314 1
64 394 1
64 532 1
66 1 1
66 2 1
66 5 1
66 7 1
66 16 1
66 19 1
66 22 1
66 49 1
66 58 1
66 64 1
66 67 1
66 80 1
66 81 1
66 86 1
66 92 1
66 96 1
66 103 1
66 117 1
66 130 1
66 134 1
66 135 1
66 137 1
66 141 1
66 142 1
66 144 1
66 155 1
66 157 1
66 159 1
66 165 1
66 176 1
66 178 1
66 182 1
66 186 1
66 195 1
66 203 1
66 210 1
66 218 1
66 232 1
66 237 1
66 239 1
66 249 1
66 250 1
66 252 1
66 260 1
66 267 1
66 268 1
66 271 1
66 272 1
66 273 1
66 278 1
66 283 1
66 290 1
66 291 1
66 306 1
66 314 1
66 332 1
66 334 1
66 341 1
66 345 1
66 349 1
66 351 1
66 352 1
66 353 1
66 359 1
66 360 1
66 363 1
66 365 1
66 369 1
66 381 1
66 574 1
66 650 1
66 674 1
66 765 1
68 174 1
68 179 1
69 223 1
69 782 1
74 200 1
74 316 1
77 71 1
77 132 1
77 191 1
77 230 1
77 393 1
77 416 1
82 29 1
82 84 1
82 140 1
82 179 1
82 184 1
82 286 1
82 310 1
88 44 1
88 150 1
88 803 1
90 163 1
90 285 1
94 211 1
94 275 1
97 382 1
109 630 1
111 118 1
111 216 1
113 390 1
114 91 1
114 255 1
114 287 1
114 466 1
119 13 1
119 48 1
119 169 1
119 379 1
119 546 1
123 305 1
123 369 1
127 289 1
127 357 1
127 693 1
136 144 1
136 145 1
136 153 1
136 264 1
136 384 1
136 410 1
136 412 1
137 58 1
137 87 1
137 165 1
137 232 1
137 255 1
137 278 1
137 294 1
137 321 1
137 335 1
137 350 1
137 351 1
137 374 1
137 682 1
143 51 1
143 56 1
143 72 1
143 95 1
143 165 1
143 193 1
143 231 1
143 262 1
143 264 1
143 272 1
143 312 1
143 328 1
143 336 1
143 347 1
143 357 1
143 371 1
143 377 1
143 382 1
143 388 1
143 392 1
143 414 1
143 627 1
143 792 1
148 100 1
148 145 1
148 152 1
148 285 1
148 293 1
148 406 1
148 747 1
151 105 1
151 245 1
154 24 1
154 56 1
154 85 1
154 202 1
154 240 1
154 243 1
154 357 1
154 368 1
154 373 1
154 675 1
156 87 1
156 308 1
157 19 1
157 272 1
158 280 1
160 47 1
160 362 1
161 197 1
164 155 1
169 13 1
169 18 1
169 381 1
175 22 1
175 171 1
175 301 1
175 423 1
181 112 1
181 267 1
181 566 1
188 234 1
188 312 1
190 3 1
190 10 1
190 12 1
190 23 1
190 27 1
190 57 1
190 65 1
190 86 1
190 96 1
190 123 1
190 126 1
190 127 1
190 137 1
190 167 1
190 241 1
190 285 1
190 294 1
190 322 1
190 356 1
190 369 1
190 388 1
190 767 1
192 291 1
193 56 1
193 146 1
193 154 1
193 172 1
193 212 1
193 336 1
193 357 1
193 392 1
197 14 1
198 656 1
203 291 1
203 333 1
204 500 1
207 236 1
207 256 1
213 153 1
215 104 1
219 338 1
222 79 1
222 86 1
222 102 1
222 197 1
222 217 1
222 226 1
222 266 1
222 320 1
222 361 1
222 387 1
222 416 1
222 808 1
227 1 1
227 21 1
227 31 1
227 54 1
227 76 1
227 135 1
227 150 1
227 174 1
227 228 1
227 233 1
227 247 1
227 296 1
227 302 1
227 314 1
227 403 1
229 288 1
229 297 1
229 307 1
233 234 1
233 497 1
237 172 1
237 327 1
237 404 1
237 616 1
237 748 1
241 1 1
241 50 1
241 182 1
241 196 1
241 613 1
241 754 1
246 287 1
246 402 1
251 200 1
251 209 1
251 300 1
251 308 1
251 781 1
252 67 1
252 369 1
252 382 1
252 422 1
257 176 1
258 18 1
258 35 1
258 185 1
258 208 1
259 62 1
261 136 1
265 318 1
267 124 1
267 287 1
267 836 1
269 39 1
269 107 1
270 5 1
270 169 1
270 248 1
270 345 1
274 83 1
274 89 1
274 144 1
274 240 1
274 247 1
274 285 1
274 318 1
274 325 1
274 357 1
274 375 1
274 421 1
274 615 1
274 831 1
279 201 1
282 17 1
282 25 1
282 37 1
282 61 1
282 68 1
282 129 1
282 162 1
282 171 1
282 238 1
282 266 1
282 276 1
282 338 1
282 400 1
282 760 1
292 5 1
292 20 1
292 33 1
292 63 1
292 162 1
292 270 1
298 121 1
298 194 1
298 366 1
298 611 1
298 688 1
299 7 1
304 11 1
304 73 1
304 162 1
304 180 1
304 799 1
315 397 1
324 45 1
324 116 1
324 146 1
324 149 1
324 151 1
324 168 1
324 183 1
324 220 1
324 245 1
324 277 1
324 291 1
324 345 1
324 348 1
324 372 1
324 409 1
324 429 1
324 489 1
325 139 1
330 727 1
331 205 1
331 390 1
331 690 1
337 140 1
337 318 1
337 406 1
339 28 1
339 103 1
339 118 1
339 236 1
339 290 1
339 309 1
339 343 1
339 351 1
339 365 1
339 423 1
339 620 1
339 721 1
342 273 1
342 367 1
344 21 1
344 26 1
344 37 1
344 38 1
344 41 1
344 56 1
344 57 1
344 86 1
344 92 1
344 93 1
344 98 1
344 136 1
344 141 1
344 173 1
344 177 1
344 180 1
344 238 1
344 303 1
344 319 1
344 386 1
344 396 1
344 398 1
344 487 1
344 560 1
344 652 1
345 5 1
345 70 1
345 117 1
345 155 1
345 172 1
345 246 1
345 277 1
345 290 1
345 395 1
345 824 1
346 1 1
346 36 1
346 60 1
346 95 1
346 120 1
346 177 1
346 196 1
346 216 1
346 235 1
346 240 1
346 364 1
346 368 1
346 419 1
349 170 1
358 214 1
358 326 1
359 115 1
359 128 1
359 144 1
359 283 1
359 351 1
359 354 1
359 422 1
362 278 1
369 153 1
370 491 1
376 108 1
376 383 1
378 7 1
380 8 1
380 149 1
380 311 1
380 411 1
380 583 1
385 87 1
385 120 1
385 121 1
385 187 1
385 224 1
385 254 1
385 407 1
385 453 1
389 7 1
391 537 1
401 147 1
401 157 1
405 221 1
408 225 1
408 577 1
413 14 1
413 17 1
413 32 1
413 75 1
413 78 1
413 85 1
413 106 1
413 122 1
413 136 1
413 138 1
413 142 1
413 144 1
413 173 1
413 197 1
413 200 1
413 206 1
413 237 1
413 244 1
413 253 1
413 294 1
413 345 1
413 355 1
413 375 1
413 423 1
413 472 1
413 517 1
413 669 1
415 99 1
417 172 1
418 210 1
418 242 1
418 592 1
420 129 1
