4 139 1
6 165 1
6 266 1
6 273 1
9 443 1
15 21 1
18 240 1
20 121 1
20 176 1
20 238 1
20 286 1
20 382 1
24 1 1
24 7 1
24 22 1
24 28 1
24 42 1
24 49 1
24 56 1
24 73 1
24 92 1
24 101 1
24 116 1
24 136 1
24 165 1
24 171 1
24 172 1
24 281 1
24 296 1
24 351 1
24 369 1
24 381 1
30 31 1
30 45 1
30 99 1
30 107 1
30 220 1
30 293 1
30 407 1
40 390 1
43 216 1
43 263 1
46 92 1
46 291 1
49 83 1
49 171 1
53 13 1
53 423 1
55 174 1
56 152 1
56 357 1
59 155 1
59 232 1
64 21 1
64 58 1
64 70 1
64 103 1
64 123 1
64 211 1
64 264 1
64 277 1
64 302 1
64 656 1
66 1 1
66 5 1
66 7 1
66 17 1
66 19 1
66 20 1
66 24 1
66 38 1
66 46 1
66 56 1
66 58 1
66 62 1
66 67 1
66 76 1
66 80 1
66 86 1
66 91 1
66 117 1
66 121 1
66 126 1
66 130 1
66 136 1
66 137 1
66 142 1
66 151 1
66 153 1
66 157 1
66 162 1
66 169 1
66 172 1
66 183 1
66 200 1
66 218 1
66 234 1
66 235 1
66 236 1
66 237 1
66 238 1
66 240 1
66 247 1
66 255 1
66 266 1
66 270 1
66 272 1
66 276 1
66 277 1
66 278 1
66 280 1
66 287 1
66 290 1
66 291 1
66 299 1
66 308 1
66 321 1
66 322 1
66 332 1
66 340 1
66 351 1
66 359 1
66 364 1
66 365 1
66 369 1
66 375 1
66 382 1
66 388 1
66 406 1
66 410 1
66 421 1
66 423 1
66 560 1
66 688 1
66 785 1
66 824 1
68 51 1
68 592 1
69 132 1
69 262 1
74 194 1
74 247 1
77 108 1
77 118 1
77 140 1
77 348 1
77 353 1
77 491 1
82 54 1
82 92 1
82 144 1
82 185 1
82 226 1
82 404 1
82 546 1
88 10 1
88 182 1
88 373 1
90 141 1
90 154 1
94 167 1
94 254 1
97 381 1
109 411 1
111 232 1
111 338 1
113 287 1
114 56 1
114 162 1
114 356 1
114 367 1
119 144 1
119 177 1
119 179 1
119 301 1
119 497 1
123 140 1
123 223 1
127 294 1
127 313 1
127 583 1
136 1 1
136 86 1
136 162 1
136 234 1
136 310 1
136 396 1
136 727 1
137 7 1
137 71 1
137 117 1
137 142 1
137 180 1
137 208 1
137 245 1
137 287 1
137 291 1
137 365 1
137 369 1
137 379 1
137 388 1
143 18 1
143 29 1
143 48 1
143 78 1
143 87 1
143 95 1
143 102 1
143 155 1
143 162 1
143 165 1
143 221 1
143 252 1
143 280 1
143 290 1
143 294 1
143 312 1
143 318 1
143 368 1
143 369 1
143 377 1
143 489 1
143 669 1
143 803 1
148 79 1
148 128 1
148 141 1
148 246 1
148 345 1
148 360 1
148 627 1
151 209 1
151 244 1
154 11 1
154 33 1
154 60 1
154 85 1
154 86 1
154 147 1
154 371 1
154 422 1
154 722 1
154 792 1
156 240 1
156 532 1
157 173 1
157 312 1
158 153 1
160 96 1
160 291 1
161 255 1
164 135 1
169 120 1
169 202 1
169 283 1
175 133 1
175 179 1
175 200 1
175 363 1
181 180 1
181 357 1
181 395 1
188 84 1
188 129 1
190 25 1
190 27 1
190 35 1
190 47 1
190 50 1
190 85 1
190 87 1
190 89 1
190 125 1
190 146 1
190 157 1
190 210 1
190 288 1
190 303 1
190 312 1
190 316 1
190 317 1
190 320 1
190 347 1
190 394 1
190 466 1
190 613 1
192 159 1
193 37 1
193 153 1
193 163 1
193 225 1
193 278 1
193 290 1
193 333 1
193 682 1
197 650 1
198 616 1
203 216 1
203 537 1
204 402 1
207 168 1
207 187 1
213 186 1
215 144 1
219 5 1
222 118 1
222 136 1
222 144 1
222 146 1
222 149 1
222 231 1
222 239 1
222 285 1
222 307 1
222 309 1
222 349 1
222 397 1
227 1 1
227 23 1
227 39 1
227 118 1
227 120 1
227 256 1
227 264 1
227 314 1
227 319 1
227 334 1
227 338 1
227 350 1
227 384 1
227 630 1
227 693 1
229 176 1
229 197 1
229 615 1
233 52 1
233 314 1
237 32 1
237 124 1
237 345 1
237 423 1
237 781 1
241 5 1
241 76 1
241 103 1
241 336 1
241 355 1
241 664 1
246 166 1
246 386 1
251 23 1
251 60 1
251 390 1
251 416 1
251 566 1
252 132 1
252 224 1
252 278 1
252 318 1
257 272 1
258 3 1
258 110 1
258 326 1
258 392 1
259 808 1
261 155 1
265 182 1
267 189 1
267 341 1
267 422 1
269 199 1
269 306 1
270 127 1
270 201 1
270 290 1
270 308 1
274 57 1
274 73 1
274 150 1
274 153 1
274 212 1
274 250 1
274 271 1
274 273 1
274 284 1
274 345 1
274 357 1
274 747 1
274 754 1
279 172 1
282 8 1
282 98 1
282 100 1
282 115 1
282 170 1
282 203 1
282 241 1
282 243 1
282 253 1
282 300 1
282 336 1
282 351 1
282 361 1
282 401 1
292 137 1
292 248 1
292 272 1
292 285 1
292 368 1
292 674 1
298 16 1
298 72 1
298 112 1
298 268 1
298 412 1
299 406 1
304 138 1
304 197 1
304 357 1
304 387 1
304 472 1
315 369 1
324 19 1
324 22 1
324 57 1
324 89 1
324 96 1
324 105 1
324 122 1
324 196 1
324 233 1
324 285 1
324 289 1
324 311 1
324 314 1
324 329 1
324 620 1
324 645 1
324 748 1
325 64 1
330 295 1
331 375 1
331 574 1
331 580 1
337 56 1
337 275 1
337 767 1
339 14 1
339 34 1
339 104 1
339 145 1
339 177 1
339 195 1
339 205 1
339 327 1
339 366 1
339 429 1
339 517 1
339 675 1
342 202 1
342 383 1
344 17 1
344 18 1
344 37 1
344 63 1
344 65 1
344 67 1
344 85 1
344 144 1
344 146 1
344 191 1
344 193 1
344 271 1
344 277 1
344 283 1
344 285 1
344 290 1
344 292 1
344 325 1
344 357 1
344 382 1
344 414 1
344 453 1
344 652 1
344 765 1
344 799 1
345 36 1
345 57 1
345 93 1
345 196 1
345 267 1
345 318 1
345 355 1
345 357 1
345 487 1
345 760 1
346 2 1
346 68 1
346 86 1
346 134 1
346 173 1
346 174 1
346 178 1
346 230 1
346 242 1
346 323 1
346 362 1
346 399 1
346 400 1
349 131 1
358 61 1
358 273 1
359 5 1
359 44 1
359 135 1
359 172 1
359 200 1
359 305 1
359 392 1
362 95 1
369 217 1
370 206 1
376 87 1
376 831 1
378 145 1
380 16 1
380 26 1
380 85 1
380 419 1
380 836 1
385 106 1
385 169 1
385 171 1
385 202 1
385 267 1
385 354 1
385 393 1
385 782 1
389 690 1
391 398 1
401 297 1
401 343 1
405 13 1
408 149 1
408 611 1
413 12 1
413 13 1
413 14 1
413 41 1
413 75 1
413 129 1
413 150 1
413 184 1
413 197 1
413 210 1
413 214 1
413 228 1
413 237 1
413 245 1
413 249 1
413 260 1
413 294 1
413 335 1
413 351 1
413 352 1
413 372 1
413 374 1
413 409 1
413 416 1
413 500 1
413 577 1
413 721 1
415 81 1
417 7 1
418 236 1
418 345 1
418 403 1
420 328 1
