4 7 1
6 35 1
6 103 1
6 120 1
9 620 1
15 13 1
18 247 1
20 67 1
20 89 1
20 102 1
20 318 1
20 675 1
24 1 1
24 37 1
24 60 1
24 72 1
24 104 1
24 135 1
24 152 1
24 167 1
24 177 1
24 202 1
24 238 1
24 280 1
24 285 1
24 296 1
24 308 1
24 332 1
24 338 1
24 392 1
24 397 1
24 611 1
30 95 1
30 110 1
30 145 1
30 200 1
30 288 1
30 312 1
30 363 1
40 546 1
43 173 1
43 174 1
46 83 1
46 266 1
49 52 1
49 287 1
53 322 1
53 721 1
55 411 1
56 314 1
56 406 1
59 316 1
59 365 1
64 19 1
64 118 1
64 183 1
64 184 1
64 196 1
64 319 1
64 343 1
64 386 1
64 410 1
64 566 1
66 1 1
66 3 1
66 18 1
66 21 1
66 32 1
66 34 1
66 45 1
66 49 1
66 56 1
66 60 1
66 61 1
66 67 1
66 76 1
66 85 1
66 86 1
66 91 1
66 105 1
66 117 1
66 118 1
66 128 1
66 131 1
66 132 1
66 137 1
66 139 1
66 140 1
66 144 1
66 153 1
66 162 1
66 172 1
66 176 1
66 179 1
66 180 1
66 182 1
66 193 1
66 194 1
66 200 1
66 221 1
66 232 1
66 237 1
66 244 1
66 267 1
66 270 1
66 272 1
66 273 1
66 281 1
66 285 1
66 287 1
66 290 1
66 294 1
66 306 1
66 311 1
66 314 1
66 318 1
66 325 1
66 328 1
66 345 1
66 349 1
66 350 1
66 351 1
66 354 1
66 357 1
66 359 1
66 360 1
66 369 1
66 382 1
66 395 1
66 406 1
66 414 1
66 423 1
66 429 1
66 688 1
66 722 1
66 727 1
68 13 1
68 147 1
69 185 1
69 366 1
74 142 1
74 373 1
77 16 1
77 216 1
77 218 1
77 247 1
77 336 1
77 693 1
82 5 1
82 56 1
82 127 1
82 162 1
82 238 1
82 412 1
82 574 1
88 170 1
88 253 1
88 690 1
90 22 1
90 134 1
94 54 1
94 627 1
97 280 1
109 107 1
111 268 1
111 334 1
113 416 1
114 108 1
114 129 1
114 141 1
114 278 1
119 121 1
119 130 1
119 199 1
119 234 1
119 241 1
123 211 1
123 532 1
127 142 1
127 157 1
127 369 1
136 144 1
136 239 1
136 299 1
136 351 1
136 357 1
136 613 1
136 630 1
137 41 1
137 51 1
137 85 1
137 86 1
137 87 1
137 92 1
137 189 1
137 197 1
137 205 1
137 240 1
137 250 1
137 320 1
137 836 1
143 7 1
143 17 1
143 19 1
143 23 1
143 36 1
143 57 1
143 62 1
143 64 1
143 73 1
143 81 1
143 89 1
143 115 1
143 120 1
143 124 1
143 150 1
143 182 1
143 195 1
143 201 1
143 252 1
143 336 1
143 362 1
143 374 1
143 765 1
148 73 1
148 133 1
148 141 1
148 180 1
148 500 1
148 537 1
148 754 1
151 209 1
151 489 1
154 7 1
154 42 1
154 75 1
154 237 1
154 291 1
154 300 1
154 323 1
154 355 1
154 364 1
154 368 1
156 33 1
156 466 1
157 84 1
157 126 1
158 284 1
160 168 1
160 169 1
161 326 1
164 234 1
169 416 1
169 760 1
169 808 1
175 96 1
175 155 1
175 176 1
175 345 1
181 129 1
181 235 1
181 402 1
188 162 1
188 290 1
190 5 1
190 16 1
190 47 1
190 68 1
190 95 1
190 98 1
190 154 1
190 171 1
190 202 1
190 231 1
190 233 1
190 264 1
190 276 1
190 285 1
190 291 1
190 341 1
190 355 1
190 357 1
190 375 1
190 403 1
190 615 1
190 792 1
192 277 1
193 22 1
193 100 1
193 245 1
193 272 1
193 289 1
193 294 1
193 310 1
193 351 1
197 369 1
198 23 1
203 313 1
203 803 1
204 401 1
207 210 1
207 785 1
213 422 1
215 377 1
219 14 1
222 122 1
222 125 1
222 171 1
222 174 1
222 187 1
222 255 1
222 286 1
222 312 1
222 353 1
222 375 1
222 580 1
222 767 1
227 20 1
227 57 1
227 106 1
227 123 1
227 157 1
227 240 1
227 302 1
227 321 1
227 352 1
227 357 1
227 365 1
227 399 1
227 577 1
227 645 1
227 650 1
229 31 1
229 138 1
229 656 1
233 78 1
233 379 1
237 44 1
237 186 1
237 232 1
237 256 1
237 347 1
241 173 1
241 178 1
241 242 1
241 271 1
241 423 1
241 652 1
246 14 1
246 283 1
251 165 1
251 172 1
251 266 1
251 272 1
251 384 1
252 7 1
252 57 1
252 214 1
252 422 1
257 145 1
258 116 1
258 151 1
258 294 1
258 782 1
259 217 1
261 228 1
265 38 1
267 146 1
267 153 1
267 369 1
269 136 1
269 223 1
270 71 1
270 285 1
270 318 1
270 369 1
274 1 1
274 21 1
274 24 1
274 25 1
274 37 1
274 65 1
274 149 1
274 212 1
274 245 1
274 312 1
274 491 1
274 616 1
274 669 1
279 290 1
282 26 1
282 58 1
282 96 1
282 117 1
282 121 1
282 159 1
282 203 1
282 260 1
282 278 1
282 361 1
282 390 1
282 664 1
282 674 1
282 748 1
292 12 1
292 196 1
292 208 1
292 301 1
292 340 1
292 357 1
298 112 1
298 224 1
298 236 1
298 287 1
298 453 1
299 383 1
304 118 1
304 132 1
304 165 1
304 249 1
304 333 1
315 135 1
324 5 1
324 39 1
324 63 1
324 85 1
324 191 1
324 210 1
324 246 1
324 278 1
324 292 1
324 308 1
324 327 1
324 335 1
324 387 1
324 398 1
324 404 1
324 487 1
324 583 1
325 87 1
330 2 1
331 17 1
331 290 1
331 309 1
337 86 1
337 93 1
337 329 1
339 18 1
339 46 1
339 79 1
339 146 1
339 155 1
339 179 1
339 197 1
339 206 1
339 303 1
339 345 1
339 381 1
339 423 1
342 248 1
342 271 1
344 48 1
344 101 1
344 136 1
344 140 1
344 144 1
344 149 1
344 150 1
344 165 1
344 172 1
344 197 1
344 220 1
344 230 1
344 255 1
344 283 1
344 291 1
344 307 1
344 351 1
344 357 1
344 388 1
344 393 1
344 396 1
344 409 1
344 517 1
344 592 1
344 781 1
345 56 1
345 86 1
345 92 1
345 103 1
345 155 1
345 216 1
345 263 1
345 314 1
345 382 1
345 682 1
346 13 1
346 87 1
346 146 1
346 162 1
346 171 1
346 200 1
346 277 1
346 290 1
346 293 1
346 295 1
346 472 1
346 560 1
346 799 1
349 348 1
358 166 1
358 236 1
359 144 1
359 153 1
359 177 1
359 262 1
359 273 1
359 400 1
359 407 1
362 28 1
369 153 1
370 254 1
376 80 1
376 172 1
378 291 1
380 29 1
380 76 1
380 226 1
380 372 1
380 419 1
385 10 1
385 27 1
385 243 1
385 338 1
385 381 1
385 388 1
385 443 1
385 747 1
389 50 1
391 356 1
401 11 1
401 273 1
405 277 1
408 421 1
408 831 1
413 5 1
413 8 1
413 56 1
413 58 1
413 70 1
413 85 1
413 92 1
413 99 1
413 137 1
413 144 1
413 163 1
413 169 1
413 225 1
413 240 1
413 264 1
413 267 1
413 297 1
413 305 1
413 317 1
413 345 1
413 367 1
413 371 1
413 382 1
413 392 1
413 394 1
413 497 1
413 824 1
415 136 1
417 202 1
418 275 1
418 368 1
418 390 1
420 1 1
