4 305 1
6 50 1
6 57 1
6 214 1
9 349 1
15 162 1
18 345 1
20 76 1
20 146 1
20 256 1
20 404 1
20 423 1
24 7 1
24 81 1
24 87 1
24 104 1
24 116 1
24 153 1
24 165 1
24 234 1
24 263 1
24 285 1
24 290 1
24 314 1
24 351 1
24 355 1
24 369 1
24 382 1
24 392 1
24 400 1
24 406 1
24 613 1
30 1 1
30 185 1
30 205 1
30 210 1
30 237 1
30 406 1
30 824 1
40 23 1
43 140 1
43 202 1
46 31 1
46 146 1
49 247 1
49 615 1
53 135 1
53 170 1
55 145 1
56 112 1
56 384 1
59 245 1
59 620 1
64 5 1
64 32 1
64 103 1
64 120 1
64 144 1
64 179 1
64 183 1
64 287 1
64 334 1
64 336 1
66 7 1
66 11 1
66 18 1
66 24 1
66 41 1
66 52 1
66 56 1
66 68 1
66 79 1
66 80 1
66 85 1
66 101 1
66 108 1
66 118 1
66 121 1
66 132 1
66 136 1
66 141 1
66 142 1
66 145 1
66 150 1
66 154 1
66 163 1
66 166 1
66 167 1
66 169 1
66 173 1
66 193 1
66 197 1
66 200 1
66 212 1
66 218 1
66 220 1
66 230 1
66 232 1
66 233 1
66 236 1
66 240 1
66 245 1
66 255 1
66 266 1
66 267 1
66 272 1
66 285 1
66 290 1
66 291 1
66 301 1
66 302 1
66 306 1
66 312 1
66 314 1
66 318 1
66 319 1
66 333 1
66 345 1
66 351 1
66 353 1
66 367 1
66 368 1
66 369 1
66 379 1
66 382 1
66 394 1
66 414 1
66 429 1
66 517 1
66 546 1
66 583 1
66 645 1
66 674 1
66 690 1
66 727 1
66 799 1
68 388 1
68 491 1
69 345 1
69 656 1
74 35 1
74 124 1
77 96 1
77 102 1
77 312 1
77 314 1
77 387 1
77 792 1
82 85 1
82 86 1
82 87 1
82 291 1
82 401 1
82 566 1
82 611 1
88 174 1
88 195 1
88 364 1
90 7 1
90 123 1
94 118 1
94 357 1
97 268 1
109 290 1
111 16 1
111 106 1
113 765 1
114 37 1
114 159 1
114 200 1
114 497 1
119 38 1
119 61 1
119 209 1
119 238 1
119 277 1
123 325 1
123 374 1
127 19 1
127 176 1
127 466 1
136 172 1
136 287 1
136 317 1
136 318 1
136 369 1
136 388 1
136 760 1
137 13 1
137 17 1
137 29 1
137 48 1
137 56 1
137 178 1
137 199 1
137 217 1
137 291 1
137 300 1
137 343 1
137 352 1
137 371 1
143 25 1
143 65 1
143 67 1
143 93 1
143 117 1
143 121 1
143 126 1
143 127 1
143 144 1
143 149 1
143 196 1
143 221 1
143 240 1
143 267 1
143 270 1
143 271 1
143 294 1
143 307 1
143 357 1
143 489 1
143 664 1
143 688 1
143 836 1
148 184 1
148 223 1
148 239 1
148 255 1
148 294 1
148 402 1
148 785 1
151 122 1
151 273 1
154 17 1
154 22 1
154 75 1
154 129 1
154 137 1
154 191 1
154 232 1
154 260 1
154 312 1
154 345 1
156 23 1
156 308 1
157 224 1
157 748 1
158 248 1
160 91 1
160 286 1
161 70 1
164 162 1
169 141 1
169 272 1
169 368 1
175 14 1
175 67 1
175 131 1
175 627 1
181 10 1
181 396 1
181 403 1
188 92 1
188 652 1
190 28 1
190 33 1
190 46 1
190 56 1
190 63 1
190 86 1
190 103 1
190 115 1
190 136 1
190 147 1
190 172 1
190 180 1
190 206 1
190 241 1
190 275 1
190 278 1
190 308 1
190 369 1
190 372 1
190 409 1
190 422 1
190 754 1
192 285 1
193 86 1
193 120 1
193 153 1
193 210 1
193 287 1
193 369 1
193 411 1
193 630 1
197 118 1
198 366 1
203 375 1
203 381 1
204 62 1
207 89 1
207 373 1
213 162 1
215 1 1
219 311 1
222 84 1
222 85 1
222 168 1
222 169 1
222 189 1
222 197 1
222 202 1
222 272 1
222 296 1
222 326 1
222 351 1
222 359 1
227 5 1
227 22 1
227 71 1
227 96 1
227 100 1
227 136 1
227 171 1
227 172 1
227 318 1
227 341 1
227 355 1
227 398 1
227 399 1
227 407 1
227 574 1
229 72 1
229 234 1
229 577 1
233 472 1
233 669 1
237 1 1
237 60 1
237 176 1
237 320 1
237 453 1
241 13 1
241 95 1
241 142 1
241 162 1
241 235 1
241 365 1
246 107 1
246 340 1
251 177 1
251 186 1
251 278 1
251 443 1
251 767 1
252 37 1
252 73 1
252 276 1
252 362 1
257 254 1
258 21 1
258 36 1
258 280 1
258 332 1
259 253 1
261 351 1
265 194 1
267 149 1
267 240 1
267 321 1
269 280 1
269 416 1
270 110 1
270 153 1
270 299 1
270 397 1
274 5 1
274 16 1
274 49 1
274 54 1
274 56 1
274 92 1
274 137 1
274 182 1
274 291 1
274 390 1
274 500 1
274 532 1
274 616 1
279 134 1
282 76 1
282 130 1
282 140 1
282 155 1
282 237 1
282 244 1
282 247 1
282 278 1
282 289 1
282 338 1
282 357 1
282 383 1
282 416 1
282 782 1
292 21 1
292 47 1
292 86 1
292 281 1
292 288 1
292 722 1
298 117 1
298 153 1
298 285 1
298 322 1
298 423 1
299 294 1
304 128 1
304 144 1
304 157 1
304 273 1
304 297 1
315 264 1
324 18 1
324 20 1
324 39 1
324 44 1
324 58 1
324 132 1
324 133 1
324 165 1
324 172 1
324 187 1
324 196 1
324 295 1
324 377 1
324 382 1
324 390 1
324 395 1
324 580 1
325 8 1
330 347 1
331 12 1
331 182 1
331 675 1
337 174 1
337 412 1
337 537 1
339 45 1
339 78 1
339 144 1
339 179 1
339 226 1
339 249 1
339 264 1
339 283 1
339 290 1
339 310 1
339 313 1
339 650 1
342 152 1
342 361 1
344 1 1
344 5 1
344 13 1
344 19 1
344 34 1
344 73 1
344 92 1
344 95 1
344 98 1
344 139 1
344 150 1
344 171 1
344 177 1
344 203 1
344 216 1
344 225 1
344 243 1
344 250 1
344 327 1
344 338 1
344 357 1
344 375 1
344 381 1
344 410 1
344 487 1
345 138 1
345 171 1
345 173 1
345 236 1
345 266 1
345 284 1
345 290 1
345 356 1
345 365 1
345 422 1
346 26 1
346 89 1
346 105 1
346 135 1
346 180 1
346 328 1
346 329 1
346 350 1
346 357 1
346 393 1
346 560 1
346 781 1
346 808 1
349 246 1
358 99 1
358 155 1
359 14 1
359 51 1
359 129 1
359 197 1
359 303 1
359 363 1
359 747 1
362 682 1
369 87 1
370 202 1
376 125 1
376 293 1
378 335 1
380 2 1
380 42 1
380 57 1
380 242 1
380 323 1
385 3 1
385 60 1
385 146 1
385 231 1
385 252 1
385 386 1
385 423 1
385 592 1
389 216 1
391 277 1
401 83 1
401 85 1
405 419 1
408 7 1
408 165 1
413 57 1
413 58 1
413 64 1
413 144 1
413 151 1
413 155 1
413 157 1
413 200 1
413 201 1
413 208 1
413 211 1
413 228 1
413 262 1
413 273 1
413 277 1
413 283 1
413 292 1
413 309 1
413 316 1
413 336 1
413 354 1
413 357 1
413 360 1
413 693 1
413 721 1
413 803 1
413 831 1
415 271 1
417 238 1
418 348 1
418 392 1
418 421 1
420 27 1
