4 765 1
6 23 1
6 318 1
6 390 1
9 359 1
15 17 1
18 172 1
20 95 1
20 121 1
20 144 1
20 271 1
20 404 1
24 13 1
24 19 1
24 85 1
24 118 1
24 140 1
24 149 1
24 165 1
24 180 1
24 221 1
24 242 1
24 290 1
24 329 1
24 338 1
24 403 1
24 410 1
24 500 1
24 517 1
24 656 1
24 664 1
24 803 1
30 110 1
30 123 1
30 147 1
30 223 1
30 233 1
30 292 1
30 406 1
40 252 1
43 5 1
43 399 1
46 165 1
46 281 1
49 355 1
49 371 1
53 93 1
53 232 1
55 203 1
56 162 1
56 357 1
59 173 1
59 301 1
64 5 1
64 34 1
64 128 1
64 138 1
64 159 1
64 205 1
64 291 1
64 343 1
64 345 1
64 387 1
66 1 1
66 7 1
66 8 1
66 10 1
66 13 1
66 18 1
66 31 1
66 45 1
66 52 1
66 56 1
66 57 1
66 61 1
66 67 1
66 76 1
66 92 1
66 96 1
66 98 1
66 122 1
66 124 1
66 134 1
66 136 1
66 137 1
66 141 1
66 144 1
66 149 1
66 154 1
66 157 1
66 162 1
66 168 1
66 172 1
66 176 1
66 194 1
66 196 1
66 197 1
66 208 1
66 209 1
66 214 1
66 216 1
66 230 1
66 234 1
66 238 1
66 239 1
66 247 1
66 264 1
66 266 1
66 283 1
66 284 1
66 290 1
66 294 1
66 302 1
66 323 1
66 333 1
66 336 1
66 345 1
66 349 1
66 350 1
66 351 1
66 356 1
66 357 1
66 365 1
66 369 1
66 372 1
66 375 1
66 382 1
66 388 1
66 396 1
66 412 1
66 423 1
66 472 1
66 592 1
66 615 1
66 722 1
66 792 1
68 249 1
68 317 1
69 28 1
69 383 1
74 392 1
74 416 1
77 153 1
77 187 1
77 243 1
77 254 1
77 402 1
77 747 1
82 5 1
82 7 1
82 142 1
82 272 1
82 280 1
82 357 1
82 423 1
88 102 1
88 133 1
88 357 1
90 312 1
90 583 1
94 135 1
94 290 1
97 170 1
109 91 1
111 224 1
111 312 1
113 107 1
114 129 1
114 144 1
114 220 1
114 381 1
119 27 1
119 130 1
119 202 1
119 228 1
119 675 1
123 153 1
123 308 1
127 41 1
127 73 1
127 340 1
136 13 1
136 44 1
136 108 1
136 206 1
136 362 1
136 364 1
136 382 1
137 79 1
137 85 1
137 101 1
137 216 1
137 235 1
137 238 1
137 247 1
137 294 1
137 318 1
137 351 1
137 369 1
137 466 1
137 808 1
143 1 1
143 7 1
143 20 1
143 54 1
143 85 1
143 86 1
143 132 1
143 137 1
143 139 1
143 144 1
143 171 1
143 185 1
143 191 1
143 236 1
143 270 1
143 273 1
143 275 1
143 318 1
143 322 1
143 351 1
143 367 1
143 532 1
143 785 1
148 16 1
148 117 1
148 120 1
148 211 1
148 245 1
148 388 1
148 407 1
151 277 1
151 314 1
154 92 1
154 96 1
154 135 1
154 157 1
154 162 1
154 183 1
154 189 1
154 300 1
154 409 1
154 645 1
156 3 1
156 332 1
157 361 1
157 620 1
158 150 1
160 169 1
160 253 1
161 92 1
164 18 1
169 21 1
169 32 1
169 357 1
175 5 1
175 272 1
175 303 1
175 406 1
181 127 1
181 397 1
181 674 1
188 86 1
188 210 1
190 36 1
190 39 1
190 56 1
190 60 1
190 63 1
190 71 1
190 80 1
190 95 1
190 120 1
190 163 1
190 167 1
190 202 1
190 212 1
190 293 1
190 297 1
190 319 1
190 336 1
190 352 1
190 374 1
190 398 1
190 421 1
190 690 1
192 537 1
193 153 1
193 176 1
193 200 1
193 306 1
193 334 1
193 351 1
193 369 1
193 453 1
197 375 1
198 226 1
203 47 1
203 386 1
204 487 1
207 246 1
207 400 1
213 754 1
215 285 1
219 200 1
222 14 1
222 75 1
222 125 1
222 186 1
222 240 1
222 272 1
222 294 1
222 348 1
222 416 1
222 566 1
222 721 1
222 836 1
227 17 1
227 37 1
227 103 1
227 106 1
227 237 1
227 250 1
227 278 1
227 285 1
227 286 1
227 296 1
227 321 1
227 373 1
227 401 1
227 423 1
227 688 1
229 264 1
229 325 1
229 347 1
233 271 1
233 311 1
237 87 1
237 129 1
237 248 1
237 278 1
237 291 1
241 58 1
241 89 1
241 171 1
241 341 1
241 363 1
241 393 1
246 313 1
246 824 1
251 104 1
251 132 1
251 153 1
251 177 1
251 277 1
252 232 1
252 312 1
252 580 1
252 693 1
257 155 1
258 84 1
258 146 1
258 299 1
258 748 1
259 256 1
261 152 1
265 616 1
267 145 1
267 166 1
267 179 1
269 172 1
269 369 1
270 236 1
270 266 1
270 384 1
270 627 1
274 65 1
274 112 1
274 117 1
274 118 1
274 145 1
274 193 1
274 210 1
274 231 1
274 255 1
274 283 1
274 395 1
274 497 1
274 799 1
279 11 1
282 26 1
282 115 1
282 116 1
282 136 1
282 155 1
282 182 1
282 197 1
282 240 1
282 285 1
282 287 1
282 310 1
282 345 1
282 382 1
282 577 1
292 33 1
292 70 1
292 83 1
292 200 1
292 314 1
292 379 1
298 2 1
298 19 1
298 118 1
298 197 1
298 201 1
299 574 1
304 38 1
304 56 1
304 162 1
304 335 1
304 682 1
315 273 1
324 1 1
324 14 1
324 46 1
324 62 1
324 68 1
324 78 1
324 100 1
324 165 1
324 196 1
324 217 1
324 218 1
324 360 1
324 365 1
324 366 1
324 394 1
324 419 1
324 429 1
325 86 1
330 320 1
331 51 1
331 73 1
331 131 1
337 57 1
337 141 1
337 178 1
339 23 1
339 42 1
339 49 1
339 64 1
339 99 1
339 169 1
339 289 1
339 381 1
339 414 1
339 422 1
339 546 1
339 613 1
342 87 1
342 443 1
344 50 1
344 58 1
344 146 1
344 151 1
344 171 1
344 173 1
344 177 1
344 179 1
344 180 1
344 241 1
344 263 1
344 267 1
344 277 1
344 278 1
344 291 1
344 307 1
344 314 1
344 316 1
344 327 1
344 368 1
344 390 1
344 411 1
344 489 1
344 650 1
344 669 1
345 16 1
345 35 1
345 48 1
345 57 1
345 72 1
345 136 1
345 234 1
345 240 1
345 290 1
345 309 1
346 12 1
346 121 1
346 184 1
346 199 1
346 260 1
346 285 1
346 287 1
346 308 1
346 326 1
346 560 1
346 652 1
346 767 1
346 831 1
349 345 1
358 22 1
358 276 1
359 7 1
359 86 1
359 142 1
359 255 1
359 295 1
359 305 1
359 781 1
362 328 1
369 244 1
370 268 1
376 174 1
376 392 1
378 611 1
380 146 1
380 182 1
380 225 1
380 291 1
380 368 1
385 1 1
385 76 1
385 174 1
385 245 1
385 280 1
385 288 1
385 355 1
385 357 1
389 60 1
391 105 1
401 22 1
401 491 1
405 353 1
408 155 1
408 202 1
413 21 1
413 24 1
413 25 1
413 29 1
413 37 1
413 56 1
413 67 1
413 81 1
413 85 1
413 87 1
413 89 1
413 103 1
413 126 1
413 140 1
413 150 1
413 172 1
413 195 1
413 237 1
413 262 1
413 290 1
413 338 1
413 354 1
413 369 1
413 377 1
413 630 1
413 760 1
413 782 1
415 273 1
417 144 1
418 267 1
418 287 1
418 422 1
420 727 1
