4 153 1
6 122 1
6 263 1
6 321 1
9 767 1
15 414 1
18 574 1
20 10 1
20 89 1
20 102 1
20 187 1
20 267 1
24 21 1
24 22 1
24 58 1
24 85 1
24 105 1
24 133 1
24 182 1
24 197 1
24 247 1
24 290 1
24 308 1
24 309 1
24 323 1
24 327 1
24 345 1
24 348 1
24 351 1
24 369 1
24 375 1
24 411 1
30 60 1
30 218 1
30 230 1
30 255 1
30 272 1
30 351 1
30 357 1
40 118 1
43 142 1
43 409 1
46 176 1
46 497 1
49 56 1
49 91 1
53 273 1
53 824 1
55 37 1
56 116 1
56 117 1
59 39 1
59 381 1
64 45 1
64 194 1
64 205 1
64 244 1
64 248 1
64 299 1
64 329 1
64 560 1
64 566 1
64 690 1
66 1 1
66 3 1
66 7 1
66 11 1
66 13 1
66 14 1
66 17 1
66 21 1
66 23 1
66 24 1
66 25 1
66 31 1
66 56 1
66 61 1
66 67 1
66 68 1
66 85 1
66 92 1
66 96 1
66 121 1
66 127 1
66 136 1
66 137 1
66 139 1
66 144 1
66 147 1
66 149 1
66 153 1
66 162 1
66 165 1
66 166 1
66 172 1
66 174 1
66 176 1
66 179 1
66 184 1
66 202 1
66 203 1
66 216 1
66 224 1
66 236 1
66 237 1
66 238 1
66 241 1
66 242 1
66 256 1
66 264 1
66 266 1
66 267 1
66 273 1
66 281 1
66 285 1
66 290 1
66 294 1
66 338 1
66 345 1
66 351 1
66 356 1
66 365 1
66 366 1
66 368 1
66 369 1
66 372 1
66 381 1
66 388 1
66 390 1
66 394 1
66 395 1
66 398 1
66 421 1
66 443 1
66 792 1
66 831 1
68 238 1
68 650 1
69 103 1
69 583 1
74 71 1
74 363 1
77 5 1
77 54 1
77 183 1
77 419 1
77 615 1
77 652 1
82 44 1
82 132 1
82 134 1
82 144 1
82 217 1
82 294 1
82 785 1
88 240 1
88 271 1
88 306 1
90 47 1
90 197 1
94 189 1
94 200 1
97 245 1
109 402 1
111 384 1
111 423 1
113 722 1
114 50 1
114 146 1
114 318 1
114 362 1
119 209 1
119 210 1
119 290 1
119 300 1
119 489 1
123 62 1
123 249 1
127 236 1
127 350 1
127 369 1
136 73 1
136 149 1
136 264 1
136 271 1
136 290 1
136 382 1
136 803 1
137 1 1
137 5 1
137 7 1
137 56 1
137 144 1
137 145 1
137 193 1
137 216 1
137 225 1
137 294 1
137 319 1
137 365 1
137 368 1
143 49 1
143 56 1
143 76 1
143 84 1
143 86 1
143 98 1
143 137 1
143 141 1
143 155 1
143 191 1
143 196 1
143 232 1
143 239 1
143 277 1
143 283 1
143 291 1
143 303 1
143 361 1
143 367 1
143 392 1
143 500 1
143 669 1
143 782 1
148 16 1
148 165 1
148 221 1
148 272 1
148 283 1
148 334 1
148 386 1
151 60 1
151 537 1
154 1 1
154 38 1
154 130 1
154 185 1
154 201 1
154 352 1
154 357 1
154 406 1
154 423 1
154 645 1
156 390 1
156 620 1
157 85 1
157 87 1
158 422 1
160 141 1
160 727 1
161 268 1
164 416 1
169 5 1
169 289 1
169 305 1
175 18 1
175 106 1
175 532 1
175 577 1
181 42 1
181 129 1
181 407 1
188 136 1
188 153 1
190 8 1
190 115 1
190 129 1
190 135 1
190 155 1
190 170 1
190 171 1
190 180 1
190 186 1
190 197 1
190 254 1
190 310 1
190 320 1
190 335 1
190 341 1
190 345 1
190 355 1
190 412 1
190 487 1
190 580 1
190 675 1
190 754 1
192 231 1
193 52 1
193 57 1
193 72 1
193 167 1
193 202 1
193 234 1
193 491 1
193 760 1
197 252 1
198 373 1
203 517 1
203 799 1
204 144 1
207 118 1
207 168 1
213 357 1
215 223 1
219 288 1
222 16 1
222 128 1
222 169 1
222 200 1
222 206 1
222 285 1
222 302 1
222 312 1
222 364 1
222 379 1
222 387 1
222 781 1
227 19 1
227 29 1
227 32 1
227 36 1
227 70 1
227 86 1
227 96 1
227 117 1
227 120 1
227 124 1
227 173 1
227 180 1
227 314 1
227 336 1
227 611 1
229 26 1
229 92 1
229 400 1
233 172 1
233 287 1
237 13 1
237 172 1
237 233 1
237 240 1
237 338 1
241 23 1
241 33 1
241 99 1
241 159 1
241 317 1
241 382 1
246 150 1
246 301 1
251 86 1
251 121 1
251 278 1
251 422 1
251 836 1
252 27 1
252 46 1
252 243 1
252 318 1
257 65 1
258 18 1
258 57 1
258 291 1
258 393 1
259 13 1
261 211 1
265 277 1
267 7 1
267 145 1
267 410 1
269 37 1
269 748 1
270 67 1
270 80 1
270 345 1
270 357 1
274 104 1
274 108 1
274 123 1
274 151 1
274 155 1
274 169 1
274 179 1
274 235 1
274 276 1
274 277 1
274 291 1
274 316 1
274 374 1
279 369 1
282 17 1
282 22 1
282 63 1
282 93 1
282 196 1
282 214 1
282 246 1
282 270 1
282 280 1
282 333 1
282 340 1
282 359 1
282 404 1
282 472 1
292 19 1
292 87 1
292 107 1
292 110 1
292 353 1
292 403 1
298 83 1
298 165 1
298 253 1
298 349 1
298 383 1
299 325 1
304 75 1
304 146 1
304 275 1
304 377 1
304 396 1
315 142 1
324 48 1
324 64 1
324 101 1
324 103 1
324 132 1
324 140 1
324 177 1
324 200 1
324 212 1
324 232 1
324 287 1
324 293 1
324 312 1
324 360 1
324 382 1
324 416 1
324 630 1
325 95 1
330 5 1
331 20 1
331 397 1
331 453 1
337 125 1
337 392 1
337 674 1
339 12 1
339 118 1
339 126 1
339 154 1
339 182 1
339 220 1
339 312 1
339 326 1
339 355 1
339 357 1
339 721 1
339 808 1
342 234 1
342 693 1
344 7 1
344 41 1
344 58 1
344 73 1
344 76 1
344 92 1
344 150 1
344 152 1
344 153 1
344 162 1
344 171 1
344 174 1
344 178 1
344 228 1
344 250 1
344 255 1
344 285 1
344 311 1
344 313 1
344 336 1
344 354 1
344 369 1
344 616 1
344 664 1
344 682 1
345 86 1
345 135 1
345 136 1
345 226 1
345 245 1
345 247 1
345 351 1
345 371 1
345 423 1
345 592 1
346 14 1
346 78 1
346 79 1
346 89 1
346 100 1
346 173 1
346 260 1
346 266 1
346 286 1
346 296 1
346 328 1
346 375 1
346 546 1
349 162 1
358 144 1
358 332 1
359 35 1
359 199 1
359 278 1
359 297 1
359 314 1
359 318 1
359 627 1
362 146 1
369 308 1
370 57 1
376 2 1
376 688 1
378 280 1
380 131 1
380 273 1
380 285 1
380 287 1
380 399 1
385 1 1
385 51 1
385 120 1
385 162 1
385 307 1
385 429 1
385 747 1
385 765 1
389 177 1
391 322 1
401 157 1
401 613 1
405 406 1
408 163 1
408 262 1
413 28 1
413 34 1
413 85 1
413 87 1
413 95 1
413 112 1
413 140 1
413 157 1
413 171 1
413 172 1
413 208 1
413 237 1
413 240 1
413 272 1
413 278 1
413 284 1
413 290 1
413 291 1
413 292 1
413 295 1
413 343 1
413 347 1
413 357 1
413 388 1
413 401 1
413 466 1
413 656 1
415 314 1
417 81 1
418 138 1
418 195 1
418 210 1
420 202 1
