4 379 1
6 100 1
6 194 1
6 212 1
9 176 1
15 146 1
18 574 1
20 81 1
20 86 1
20 139 1
20 273 1
20 620 1
24 1 1
24 3 1
24 5 1
24 10 1
24 56 1
24 79 1
24 200 1
24 210 1
24 225 1
24 232 1
24 240 1
24 256 1
24 277 1
24 308 1
24 359 1
24 365 1
24 372 1
24 374 1
24 382 1
24 491 1
30 92 1
30 144 1
30 165 1
30 189 1
30 283 1
30 688 1
30 836 1
40 144 1
43 150 1
43 155 1
46 7 1
46 577 1
49 363 1
49 664 1
53 121 1
53 338 1
55 76 1
56 182 1
56 611 1
59 122 1
59 144 1
64 26 1
64 46 1
64 67 1
64 95 1
64 99 1
64 116 1
64 172 1
64 249 1
64 264 1
64 357 1
66 5 1
66 21 1
66 23 1
66 24 1
66 29 1
66 36 1
66 56 1
66 67 1
66 73 1
66 85 1
66 89 1
66 96 1
66 107 1
66 117 1
66 120 1
66 123 1
66 126 1
66 127 1
66 137 1
66 145 1
66 146 1
66 153 1
66 157 1
66 165 1
66 170 1
66 171 1
66 182 1
66 187 1
66 211 1
66 231 1
66 232 1
66 237 1
66 241 1
66 245 1
66 246 1
66 247 1
66 252 1
66 262 1
66 267 1
66 270 1
66 277 1
66 280 1
66 283 1
66 285 1
66 287 1
66 293 1
66 294 1
66 308 1
66 312 1
66 313 1
66 320 1
66 329 1
66 335 1
66 341 1
66 343 1
66 345 1
66 350 1
66 351 1
66 352 1
66 355 1
66 357 1
66 381 1
66 404 1
66 412 1
66 421 1
66 423 1
66 592 1
66 615 1
66 627 1
66 669 1
66 675 1
66 690 1
66 747 1
68 14 1
68 57 1
69 102 1
69 318 1
74 167 1
74 356 1
77 34 1
77 101 1
77 121 1
77 248 1
77 338 1
77 453 1
82 16 1
82 87 1
82 144 1
82 197 1
82 255 1
82 348 1
82 497 1
88 38 1
88 301 1
88 318 1
90 57 1
90 68 1
94 71 1
94 824 1
97 407 1
109 202 1
111 135 1
111 414 1
113 172 1
114 92 1
114 162 1
114 255 1
114 351 1
119 37 1
119 151 1
119 234 1
119 240 1
119 247 1
123 234 1
123 353 1
127 98 1
127 223 1
127 368 1
136 118 1
136 129 1
136 154 1
136 174 1
136 179 1
136 314 1
136 381 1
137 2 1
137 27 1
137 73 1
137 89 1
137 106 1
137 177 1
137 243 1
137 287 1
137 294 1
137 322 1
137 410 1
137 423 1
137 580 1
143 18 1
143 85 1
143 108 1
143 118 1
143 129 1
143 136 1
143 150 1
143 153 1
143 159 1
143 162 1
143 169 1
143 205 1
143 209 1
143 237 1
143 285 1
143 290 1
143 314 1
143 382 1
143 386 1
143 390 1
143 392 1
143 416 1
143 760 1
148 21 1
148 39 1
148 62 1
148 134 1
148 157 1
148 300 1
148 310 1
151 13 1
151 645 1
154 19 1
154 22 1
154 162 1
154 174 1
154 180 1
154 199 1
154 228 1
154 299 1
154 314 1
154 360 1
156 394 1
156 419 1
157 60 1
157 145 1
158 312 1
160 272 1
160 656 1
161 176 1
164 169 1
169 85 1
169 392 1
169 650 1
175 186 1
175 240 1
175 278 1
175 291 1
181 120 1
181 128 1
181 328 1
188 295 1
188 321 1
190 64 1
190 86 1
190 87 1
190 95 1
190 118 1
190 141 1
190 172 1
190 206 1
190 250 1
190 264 1
190 266 1
190 334 1
190 345 1
190 351 1
190 357 1
190 369 1
190 383 1
190 384 1
190 397 1
190 400 1
190 406 1
190 682 1
192 7 1
193 28 1
193 48 1
193 87 1
193 142 1
193 271 1
193 369 1
193 388 1
193 792 1
197 239 1
198 41 1
203 138 1
203 230 1
204 285 1
207 80 1
207 214 1
213 147 1
215 56 1
219 166 1
222 22 1
222 52 1
222 140 1
222 200 1
222 244 1
222 267 1
222 281 1
222 289 1
222 290 1
222 323 1
222 366 1
222 373 1
227 13 1
227 25 1
227 58 1
227 103 1
227 104 1
227 131 1
227 155 1
227 196 1
227 201 1
227 238 1
227 357 1
227 371 1
227 630 1
227 722 1
227 727 1
229 37 1
229 272 1
229 297 1
233 33 1
233 369 1
237 14 1
237 153 1
237 217 1
237 266 1
237 401 1
241 58 1
241 146 1
241 245 1
241 290 1
241 302 1
241 351 1
246 197 1
246 340 1
251 1 1
251 168 1
251 273 1
251 347 1
251 375 1
252 19 1
252 216 1
252 326 1
252 472 1
257 537 1
258 5 1
258 83 1
258 117 1
258 305 1
259 361 1
261 364 1
265 137 1
267 5 1
267 178 1
267 286 1
269 8 1
269 799 1
270 130 1
270 280 1
270 377 1
270 423 1
274 1 1
274 60 1
274 153 1
274 171 1
274 242 1
274 307 1
274 327 1
274 332 1
274 487 1
274 674 1
274 693 1
274 803 1
274 808 1
279 316 1
282 35 1
282 45 1
282 85 1
282 86 1
282 177 1
282 202 1
282 236 1
282 273 1
282 294 1
282 306 1
282 333 1
282 382 1
282 396 1
282 767 1
292 1 1
292 197 1
292 224 1
292 303 1
292 390 1
292 560 1
298 75 1
298 92 1
298 173 1
298 278 1
298 409 1
299 399 1
304 112 1
304 200 1
304 271 1
304 375 1
304 517 1
315 210 1
324 17 1
324 20 1
324 70 1
324 110 1
324 152 1
324 208 1
324 226 1
324 275 1
324 277 1
324 292 1
324 312 1
324 317 1
324 395 1
324 403 1
324 422 1
324 566 1
324 785 1
325 369 1
330 144 1
331 50 1
331 105 1
331 831 1
337 288 1
337 349 1
337 754 1
339 7 1
339 16 1
339 125 1
339 162 1
339 173 1
339 220 1
339 284 1
339 291 1
339 309 1
339 362 1
339 443 1
339 765 1
342 54 1
342 290 1
344 12 1
344 13 1
344 23 1
344 65 1
344 93 1
344 132 1
344 135 1
344 149 1
344 171 1
344 180 1
344 183 1
344 193 1
344 221 1
344 236 1
344 287 1
344 290 1
344 319 1
344 345 1
344 369 1
344 388 1
344 402 1
344 411 1
344 546 1
344 652 1
344 748 1
345 96 1
345 141 1
345 163 1
345 191 1
345 254 1
345 285 1
345 291 1
345 336 1
345 357 1
345 613 1
346 17 1
346 32 1
346 51 1
346 78 1
346 115 1
346 136 1
346 179 1
346 291 1
346 311 1
346 345 1
346 367 1
346 532 1
346 781 1
349 336 1
358 142 1
358 278 1
359 72 1
359 140 1
359 268 1
359 325 1
359 398 1
359 406 1
359 782 1
362 355 1
369 149 1
370 133 1
376 172 1
376 422 1
378 368 1
380 49 1
380 184 1
380 195 1
380 235 1
380 721 1
385 7 1
385 103 1
385 124 1
385 132 1
385 203 1
385 260 1
385 393 1
385 466 1
389 42 1
391 357 1
401 429 1
401 500 1
405 57 1
408 56 1
408 354 1
413 11 1
413 18 1
413 44 1
413 47 1
413 61 1
413 84 1
413 86 1
413 91 1
413 136 1
413 155 1
413 165 1
413 196 1
413 202 1
413 216 1
413 218 1
413 238 1
413 253 1
413 263 1
413 272 1
413 276 1
413 296 1
413 365 1
413 387 1
413 416 1
413 489 1
413 583 1
413 616 1
415 185 1
417 318 1
418 31 1
418 76 1
418 233 1
420 63 1
