4 297 1
6 182 1
6 278 1
6 407 1
9 17 1
15 106 1
18 135 1
20 155 1
20 168 1
20 170 1
20 217 1
20 338 1
24 71 1
24 73 1
24 78 1
24 89 1
24 95 1
24 125 1
24 165 1
24 171 1
24 196 1
24 205 1
24 216 1
24 247 1
24 284 1
24 288 1
24 290 1
24 303 1
24 310 1
24 368 1
24 487 1
24 767 1
30 146 1
30 149 1
30 194 1
30 201 1
30 323 1
30 403 1
30 674 1
40 96 1
43 85 1
43 218 1
46 189 1
46 419 1
49 230 1
49 236 1
53 150 1
53 285 1
55 278 1
56 103 1
56 134 1
59 7 1
59 16 1
64 27 1
64 122 1
64 172 1
64 197 1
64 209 1
64 291 1
64 345 1
64 357 1
64 369 1
64 382 1
66 1 1
66 5 1
66 18 1
66 19 1
66 22 1
66 23 1
66 32 1
66 38 1
66 56 1
66 57 1
66 58 1
66 60 1
66 61 1
66 67 1
66 86 1
66 102 1
66 103 1
66 121 1
66 126 1
66 129 1
66 136 1
66 137 1
66 141 1
66 142 1
66 144 1
66 145 1
66 146 1
66 162 1
66 169 1
66 176 1
66 177 1
66 186 1
66 193 1
66 197 1
66 200 1
66 202 1
66 210 1
66 211 1
66 232 1
66 237 1
66 240 1
66 244 1
66 246 1
66 252 1
66 267 1
66 272 1
66 273 1
66 281 1
66 299 1
66 314 1
66 318 1
66 327 1
66 345 1
66 348 1
66 356 1
66 357 1
66 369 1
66 375 1
66 382 1
66 388 1
66 390 1
66 392 1
66 394 1
66 401 1
66 402 1
66 422 1
66 453 1
66 532 1
66 583 1
66 616 1
66 630 1
66 747 1
66 799 1
68 92 1
68 116 1
69 312 1
69 620 1
74 169 1
74 174 1
77 25 1
77 85 1
77 118 1
77 185 1
77 270 1
77 491 1
82 13 1
82 107 1
82 132 1
82 191 1
82 349 1
82 374 1
82 381 1
88 12 1
88 287 1
88 332 1
90 329 1
90 650 1
94 7 1
94 118 1
97 613 1
109 263 1
111 155 1
111 242 1
113 255 1
114 17 1
114 21 1
114 166 1
114 291 1
119 187 1
119 311 1
119 395 1
119 537 1
119 792 1
123 147 1
123 214 1
127 81 1
127 200 1
127 237 1
136 14 1
136 56 1
136 133 1
136 167 1
136 262 1
136 367 1
136 381 1
137 57 1
137 67 1
137 130 1
137 144 1
137 149 1
137 157 1
137 162 1
137 220 1
137 240 1
137 273 1
137 276 1
137 277 1
137 296 1
143 7 1
143 42 1
143 96 1
143 99 1
143 137 1
143 153 1
143 162 1
143 231 1
143 234 1
143 243 1
143 255 1
143 277 1
143 312 1
143 314 1
143 341 1
143 345 1
143 357 1
143 397 1
143 399 1
143 404 1
143 406 1
143 409 1
143 824 1
148 14 1
148 132 1
148 233 1
148 285 1
148 287 1
148 306 1
148 369 1
151 171 1
151 325 1
154 36 1
154 62 1
154 104 1
154 117 1
154 172 1
154 183 1
154 238 1
154 256 1
154 280 1
154 309 1
156 295 1
156 472 1
157 21 1
157 177 1
158 347 1
160 13 1
160 748 1
161 141 1
164 39 1
169 86 1
169 129 1
169 267 1
175 163 1
175 173 1
175 406 1
175 489 1
181 351 1
181 355 1
181 754 1
188 266 1
188 546 1
190 44 1
190 60 1
190 89 1
190 98 1
190 100 1
190 140 1
190 146 1
190 165 1
190 228 1
190 250 1
190 253 1
190 254 1
190 278 1
190 285 1
190 294 1
190 319 1
190 354 1
190 373 1
190 393 1
190 422 1
190 466 1
190 831 1
192 365 1
193 1 1
193 144 1
193 176 1
193 202 1
193 289 1
193 312 1
193 369 1
193 497 1
197 350 1
198 361 1
203 110 1
203 182 1
204 443 1
207 85 1
207 153 1
213 29 1
215 273 1
219 120 1
222 1 1
222 136 1
222 151 1
222 196 1
222 239 1
222 266 1
222 328 1
222 333 1
222 364 1
222 410 1
222 416 1
222 669 1
227 2 1
227 10 1
227 24 1
227 70 1
227 73 1
227 83 1
227 127 1
227 144 1
227 264 1
227 334 1
227 371 1
227 386 1
227 390 1
227 423 1
227 566 1
229 87 1
229 272 1
229 357 1
233 56 1
233 664 1
237 86 1
237 136 1
237 313 1
237 318 1
237 382 1
241 5 1
241 8 1
241 165 1
241 179 1
241 627 1
241 690 1
246 16 1
246 318 1
251 18 1
251 260 1
251 290 1
251 321 1
251 326 1
252 22 1
252 75 1
252 135 1
252 142 1
257 517 1
258 20 1
258 92 1
258 101 1
258 226 1
259 308 1
261 379 1
265 611 1
267 159 1
267 375 1
267 429 1
269 138 1
269 336 1
270 118 1
270 290 1
270 351 1
270 387 1
274 34 1
274 63 1
274 221 1
274 264 1
274 275 1
274 285 1
274 290 1
274 305 1
274 351 1
274 360 1
274 727 1
274 760 1
274 785 1
279 317 1
282 46 1
282 68 1
282 140 1
282 154 1
282 157 1
282 162 1
282 240 1
282 277 1
282 283 1
282 308 1
282 359 1
282 377 1
282 384 1
282 803 1
292 7 1
292 11 1
292 37 1
292 131 1
292 178 1
292 294 1
298 216 1
298 245 1
298 291 1
298 301 1
298 355 1
299 200 1
304 19 1
304 112 1
304 172 1
304 223 1
304 592 1
315 76 1
324 50 1
324 86 1
324 115 1
324 124 1
324 144 1
324 234 1
324 290 1
324 291 1
324 293 1
324 357 1
324 392 1
324 423 1
324 645 1
324 652 1
324 675 1
324 782 1
324 836 1
325 808 1
330 294 1
331 23 1
331 58 1
331 87 1
337 26 1
337 139 1
337 248 1
339 5 1
339 47 1
339 56 1
339 128 1
339 145 1
339 241 1
339 283 1
339 316 1
339 320 1
339 353 1
339 721 1
339 722 1
342 108 1
342 152 1
344 13 1
344 35 1
344 41 1
344 64 1
344 91 1
344 95 1
344 117 1
344 121 1
344 153 1
344 179 1
344 202 1
344 212 1
344 235 1
344 245 1
344 268 1
344 271 1
344 287 1
344 300 1
344 314 1
344 322 1
344 338 1
344 363 1
344 369 1
344 560 1
344 615 1
345 57 1
345 153 1
345 197 1
345 210 1
345 225 1
345 335 1
345 336 1
345 357 1
345 574 1
345 577 1
346 1 1
346 5 1
346 45 1
346 52 1
346 171 1
346 174 1
346 307 1
346 345 1
346 368 1
346 396 1
346 400 1
346 411 1
346 781 1
349 351 1
358 85 1
358 280 1
359 31 1
359 48 1
359 65 1
359 123 1
359 155 1
359 172 1
359 232 1
362 180 1
369 272 1
370 120 1
376 414 1
376 421 1
378 49 1
380 37 1
380 72 1
380 238 1
380 292 1
380 302 1
385 28 1
385 87 1
385 184 1
385 195 1
385 206 1
385 236 1
385 388 1
385 423 1
389 383 1
391 656 1
401 366 1
401 398 1
405 340 1
408 3 1
408 224 1
413 54 1
413 76 1
413 79 1
413 84 1
413 92 1
413 93 1
413 105 1
413 150 1
413 180 1
413 203 1
413 208 1
413 247 1
413 271 1
413 286 1
413 343 1
413 352 1
413 362 1
413 365 1
413 372 1
413 412 1
413 416 1
413 500 1
413 580 1
413 682 1
413 688 1
413 693 1
413 765 1
415 173 1
417 33 1
418 51 1
418 199 1
418 249 1
420 80 1
