4 300 1
6 46 1
6 139 1
6 396 1
9 170 1
15 351 1
18 613 1
20 13 1
20 85 1
20 101 1
20 394 1
20 765 1
24 8 1
24 27 1
24 65 1
24 107 1
24 118 1
24 167 1
24 171 1
24 173 1
24 255 1
24 277 1
24 285 1
24 310 1
24 313 1
24 328 1
24 338 1
24 369 1
24 387 1
24 414 1
24 721 1
24 748 1
30 145 1
30 333 1
30 356 1
30 360 1
30 369 1
30 383 1
30 792 1
40 421 1
43 130 1
43 291 1
46 162 1
46 285 1
49 177 1
49 369 1
53 240 1
53 487 1
55 48 1
56 86 1
56 280 1
59 169 1
59 422 1
64 14 1
64 33 1
64 37 1
64 87 1
64 100 1
64 186 1
64 273 1
64 290 1
64 294 1
64 767 1
66 10 1
66 13 1
66 16 1
66 19 1
66 20 1
66 21 1
66 31 1
66 38 1
66 42 1
66 58 1
66 60 1
66 68 1
66 72 1
66 85 1
66 106 1
66 117 1
66 122 1
66 128 1
66 129 1
66 132 1
66 135 1
66 144 1
66 153 1
66 163 1
66 182 1
66 200 1
66 210 1
66 216 1
66 221 1
66 232 1
66 234 1
66 236 1
66 237 1
66 241 1
66 250 1
66 264 1
66 267 1
66 270 1
66 273 1
66 278 1
66 283 1
66 285 1
66 295 1
66 303 1
66 306 1
66 308 1
66 319 1
66 345 1
66 351 1
66 353 1
66 355 1
66 357 1
66 361 1
66 365 1
66 382 1
66 384 1
66 390 1
66 392 1
66 399 1
66 406 1
66 466 1
66 472 1
66 537 1
66 566 1
66 620 1
66 650 1
66 652 1
66 674 1
66 682 1
66 688 1
66 722 1
66 747 1
66 785 1
68 117 1
68 182 1
69 41 1
69 147 1
74 247 1
74 327 1
77 203 1
77 224 1
77 231 1
77 249 1
77 255 1
77 423 1
82 57 1
82 86 1
82 168 1
82 318 1
82 366 1
82 412 1
82 491 1
88 13 1
88 118 1
88 411 1
90 121 1
90 197 1
94 329 1
94 381 1
97 104 1
109 314 1
111 62 1
111 112 1
113 242 1
114 166 1
114 320 1
114 357 1
114 382 1
119 93 1
119 202 1
119 218 1
119 271 1
119 299 1
123 73 1
123 416 1
127 142 1
127 318 1
127 410 1
136 73 1
136 95 1
136 146 1
136 174 1
136 187 1
136 197 1
136 256 1
137 1 1
137 150 1
137 174 1
137 193 1
137 199 1
137 200 1
137 209 1
137 245 1
137 284 1
137 287 1
137 291 1
137 311 1
137 345 1
143 2 1
143 71 1
143 81 1
143 89 1
143 96 1
143 103 1
143 120 1
143 131 1
143 140 1
143 144 1
143 146 1
143 194 1
143 196 1
143 245 1
143 263 1
143 275 1
143 277 1
143 317 1
143 345 1
143 348 1
143 369 1
143 379 1
143 422 1
148 22 1
148 92 1
148 244 1
148 248 1
148 266 1
148 301 1
148 489 1
151 177 1
151 395 1
154 5 1
154 47 1
154 56 1
154 85 1
154 86 1
154 171 1
154 176 1
154 206 1
154 262 1
154 429 1
156 5 1
156 202 1
157 165 1
157 272 1
158 283 1
160 226 1
160 364 1
161 116 1
164 225 1
169 17 1
169 235 1
169 803 1
175 236 1
175 253 1
175 381 1
175 443 1
181 162 1
181 240 1
181 285 1
188 172 1
188 237 1
190 1 1
190 18 1
190 22 1
190 23 1
190 44 1
190 64 1
190 87 1
190 149 1
190 159 1
190 172 1
190 191 1
190 223 1
190 238 1
190 281 1
190 290 1
190 354 1
190 375 1
190 407 1
190 616 1
190 627 1
190 693 1
190 754 1
192 400 1
193 23 1
193 35 1
193 121 1
193 287 1
193 343 1
193 357 1
193 402 1
193 580 1
197 18 1
198 108 1
203 291 1
203 357 1
204 291 1
207 136 1
207 183 1
213 172 1
215 336 1
219 267 1
222 25 1
222 57 1
222 125 1
222 205 1
222 230 1
222 325 1
222 336 1
222 367 1
222 371 1
222 560 1
222 656 1
222 664 1
227 19 1
227 56 1
227 84 1
227 85 1
227 91 1
227 105 1
227 154 1
227 171 1
227 184 1
227 200 1
227 202 1
227 268 1
227 308 1
227 409 1
227 727 1
229 273 1
229 374 1
229 611 1
233 264 1
233 286 1
237 70 1
237 132 1
237 135 1
237 351 1
237 406 1
241 129 1
241 152 1
241 234 1
241 322 1
241 382 1
241 392 1
246 51 1
246 165 1
251 17 1
251 149 1
251 151 1
251 307 1
251 372 1
252 3 1
252 96 1
252 296 1
252 297 1
257 63 1
258 102 1
258 144 1
258 316 1
258 334 1
259 386 1
261 124 1
265 232 1
267 5 1
267 58 1
267 103 1
269 11 1
269 326 1
270 16 1
270 60 1
270 210 1
270 357 1
274 7 1
274 32 1
274 56 1
274 86 1
274 153 1
274 155 1
274 173 1
274 185 1
274 211 1
274 280 1
274 302 1
274 357 1
274 592 1
279 403 1
282 39 1
282 169 1
282 277 1
282 321 1
282 349 1
282 350 1
282 351 1
282 363 1
282 390 1
282 532 1
282 615 1
282 645 1
282 760 1
282 782 1
292 7 1
292 115 1
292 144 1
292 155 1
292 179 1
292 272 1
298 14 1
298 57 1
298 138 1
298 247 1
298 278 1
299 197 1
304 133 1
304 140 1
304 150 1
304 153 1
304 196 1
315 314 1
324 1 1
324 67 1
324 87 1
324 92 1
324 95 1
324 126 1
324 127 1
324 136 1
324 137 1
324 217 1
324 240 1
324 271 1
324 276 1
324 288 1
324 318 1
324 347 1
324 355 1
325 76 1
330 368 1
331 220 1
331 340 1
331 675 1
337 388 1
337 419 1
337 831 1
339 7 1
339 12 1
339 34 1
339 118 1
339 123 1
339 137 1
339 208 1
339 233 1
339 345 1
339 388 1
339 416 1
339 546 1
342 292 1
342 312 1
344 78 1
344 79 1
344 80 1
344 83 1
344 162 1
344 179 1
344 180 1
344 201 1
344 214 1
344 238 1
344 239 1
344 266 1
344 287 1
344 289 1
344 294 1
344 305 1
344 314 1
344 362 1
344 375 1
344 397 1
344 401 1
344 423 1
344 453 1
344 517 1
344 808 1
345 1 1
345 37 1
345 45 1
345 76 1
345 178 1
345 216 1
345 278 1
345 335 1
345 369 1
345 500 1
346 21 1
346 29 1
346 136 1
346 142 1
346 157 1
346 180 1
346 189 1
346 252 1
346 272 1
346 293 1
346 332 1
346 377 1
346 577 1
349 669 1
358 28 1
358 195 1
359 67 1
359 134 1
359 141 1
359 212 1
359 290 1
359 312 1
359 824 1
362 144 1
369 110 1
370 228 1
376 145 1
376 583 1
378 56 1
380 7 1
380 98 1
380 260 1
380 312 1
380 630 1
385 36 1
385 141 1
385 290 1
385 352 1
385 359 1
385 393 1
385 398 1
385 497 1
389 50 1
391 574 1
401 162 1
401 423 1
405 338 1
408 120 1
408 290 1
413 5 1
413 24 1
413 26 1
413 49 1
413 52 1
413 54 1
413 61 1
413 75 1
413 92 1
413 146 1
413 155 1
413 157 1
413 165 1
413 172 1
413 243 1
413 246 1
413 254 1
413 294 1
413 309 1
413 323 1
413 341 1
413 365 1
413 368 1
413 373 1
413 404 1
413 690 1
413 799 1
415 781 1
417 89 1
418 99 1
418 153 1
418 836 1
420 176 1
