4 363 1
6 86 1
6 186 1
6 314 1
9 305 1
15 116 1
18 336 1
20 57 1
20 95 1
20 153 1
20 155 1
20 286 1
24 19 1
24 20 1
24 63 1
24 89 1
24 92 1
24 135 1
24 179 1
24 182 1
24 184 1
24 217 1
24 278 1
24 297 1
24 307 1
24 314 1
24 343 1
24 350 1
24 383 1
24 489 1
24 630 1
24 760 1
30 12 1
30 37 1
30 196 1
30 210 1
30 234 1
30 272 1
30 334 1
40 223 1
43 126 1
43 248 1
46 197 1
46 611 1
49 58 1
49 149 1
53 277 1
53 414 1
55 314 1
56 68 1
56 118 1
59 56 1
59 355 1
64 48 1
64 147 1
64 149 1
64 328 1
64 366 1
64 381 1
64 688 1
64 693 1
64 781 1
64 824 1
66 1 1
66 5 1
66 7 1
66 14 1
66 17 1
66 18 1
66 21 1
66 22 1
66 23 1
66 34 1
66 36 1
66 51 1
66 56 1
66 57 1
66 72 1
66 75 1
66 85 1
66 87 1
66 95 1
66 96 1
66 99 1
66 103 1
66 112 1
66 118 1
66 121 1
66 127 1
66 129 1
66 134 1
66 136 1
66 137 1
66 140 1
66 141 1
66 144 1
66 151 1
66 153 1
66 162 1
66 177 1
66 182 1
66 193 1
66 197 1
66 205 1
66 208 1
66 230 1
66 236 1
66 246 1
66 253 1
66 267 1
66 270 1
66 278 1
66 285 1
66 290 1
66 312 1
66 319 1
66 336 1
66 345 1
66 351 1
66 354 1
66 356 1
66 357 1
66 364 1
66 387 1
66 388 1
66 397 1
66 399 1
66 423 1
66 466 1
66 574 1
66 613 1
66 616 1
66 620 1
66 650 1
66 674 1
66 690 1
68 260 1
68 287 1
69 303 1
69 377 1
74 101 1
74 299 1
77 7 1
77 11 1
77 357 1
77 537 1
77 583 1
77 836 1
82 23 1
82 86 1
82 136 1
82 140 1
82 154 1
82 369 1
82 767 1
88 242 1
88 245 1
88 669 1
90 24 1
90 338 1
94 195 1
94 291 1
97 347 1
109 244 1
111 231 1
111 301 1
113 155 1
114 157 1
114 200 1
114 382 1
114 423 1
119 221 1
119 272 1
119 283 1
119 333 1
119 560 1
123 194 1
123 381 1
127 5 1
127 189 1
127 295 1
136 17 1
136 103 1
136 141 1
136 290 1
136 312 1
136 351 1
136 357 1
137 5 1
137 13 1
137 22 1
137 61 1
137 85 1
137 87 1
137 96 1
137 172 1
137 178 1
137 313 1
137 373 1
137 406 1
137 748 1
143 50 1
143 60 1
143 80 1
143 105 1
143 144 1
143 159 1
143 165 1
143 169 1
143 179 1
143 196 1
143 249 1
143 256 1
143 262 1
143 287 1
143 309 1
143 318 1
143 338 1
143 361 1
143 368 1
143 372 1
143 390 1
143 532 1
143 675 1
148 85 1
148 93 1
148 120 1
148 176 1
148 241 1
148 280 1
148 341 1
151 38 1
151 808 1
154 19 1
154 42 1
154 86 1
154 131 1
154 145 1
154 167 1
154 173 1
154 237 1
154 300 1
154 335 1
156 123 1
156 318 1
157 3 1
157 382 1
158 577 1
160 73 1
160 291 1
161 235 1
164 168 1
169 67 1
169 144 1
169 368 1
175 162 1
175 173 1
175 180 1
175 211 1
181 146 1
181 288 1
181 416 1
188 92 1
188 100 1
190 60 1
190 76 1
190 110 1
190 136 1
190 138 1
190 144 1
190 172 1
190 232 1
190 240 1
190 247 1
190 267 1
190 275 1
190 290 1
190 340 1
190 369 1
190 386 1
190 396 1
190 546 1
190 566 1
190 645 1
190 727 1
190 803 1
192 722 1
193 32 1
193 155 1
193 177 1
193 278 1
193 291 1
193 316 1
193 400 1
193 411 1
197 357 1
198 407 1
203 7 1
203 382 1
204 85 1
207 255 1
207 365 1
213 357 1
215 404 1
219 238 1
222 54 1
222 98 1
222 117 1
222 133 1
222 135 1
222 210 1
222 308 1
222 357 1
222 369 1
222 500 1
222 627 1
222 782 1
227 37 1
227 44 1
227 71 1
227 76 1
227 84 1
227 144 1
227 171 1
227 176 1
227 191 1
227 277 1
227 283 1
227 289 1
227 375 1
227 402 1
227 664 1
229 52 1
229 287 1
229 580 1
233 266 1
233 271 1
237 7 1
237 226 1
237 254 1
237 263 1
237 296 1
241 45 1
241 57 1
241 92 1
241 120 1
241 355 1
241 792 1
246 1 1
246 273 1
251 128 1
251 145 1
251 268 1
251 362 1
251 375 1
252 31 1
252 125 1
252 218 1
252 422 1
257 294 1
258 157 1
258 201 1
258 351 1
258 517 1
259 163 1
261 799 1
265 237 1
267 166 1
267 240 1
267 351 1
269 165 1
269 327 1
270 162 1
270 236 1
270 318 1
270 497 1
274 13 1
274 26 1
274 83 1
274 132 1
274 146 1
274 170 1
274 224 1
274 266 1
274 291 1
274 308 1
274 360 1
274 398 1
274 422 1
279 353 1
282 1 1
282 21 1
282 35 1
282 46 1
282 115 1
282 122 1
282 216 1
282 233 1
282 238 1
282 243 1
282 245 1
282 276 1
282 290 1
282 831 1
292 39 1
292 56 1
292 199 1
292 264 1
292 285 1
292 369 1
298 67 1
298 169 1
298 379 1
298 423 1
298 785 1
299 47 1
304 18 1
304 41 1
304 232 1
304 320 1
304 682 1
315 374 1
324 64 1
324 130 1
324 162 1
324 165 1
324 185 1
324 206 1
324 239 1
324 247 1
324 285 1
324 306 1
324 321 1
324 326 1
324 349 1
324 393 1
324 394 1
324 472 1
324 487 1
325 16 1
330 33 1
331 62 1
331 183 1
331 615 1
337 152 1
337 212 1
337 323 1
339 29 1
339 65 1
339 117 1
339 153 1
339 171 1
339 187 1
339 294 1
339 345 1
339 388 1
339 401 1
339 412 1
339 419 1
342 142 1
342 384 1
344 10 1
344 16 1
344 49 1
344 91 1
344 102 1
344 107 1
344 142 1
344 197 1
344 203 1
344 216 1
344 240 1
344 250 1
344 252 1
344 271 1
344 277 1
344 280 1
344 281 1
344 284 1
344 322 1
344 352 1
344 365 1
344 367 1
344 395 1
344 409 1
344 754 1
345 14 1
345 79 1
345 104 1
345 153 1
345 228 1
345 311 1
345 325 1
345 329 1
345 592 1
345 721 1
346 70 1
346 180 1
346 200 1
346 264 1
346 272 1
346 290 1
346 302 1
346 310 1
346 392 1
346 403 1
346 410 1
346 416 1
346 652 1
349 1 1
358 118 1
358 171 1
359 8 1
359 106 1
359 174 1
359 202 1
359 225 1
359 234 1
359 443 1
362 139 1
369 747 1
370 765 1
376 25 1
376 78 1
378 345 1
380 132 1
380 146 1
380 294 1
380 332 1
380 453 1
385 56 1
385 172 1
385 200 1
385 220 1
385 292 1
385 293 1
385 390 1
385 421 1
389 73 1
391 150 1
401 58 1
401 345 1
405 150 1
408 124 1
408 273 1
413 5 1
413 13 1
413 27 1
413 28 1
413 81 1
413 86 1
413 87 1
413 89 1
413 108 1
413 121 1
413 137 1
413 172 1
413 174 1
413 202 1
413 209 1
413 214 1
413 255 1
413 312 1
413 317 1
413 348 1
413 359 1
413 369 1
413 392 1
413 406 1
413 429 1
413 491 1
413 656 1
415 285 1
417 371 1
418 2 1
418 129 1
418 202 1
420 273 1
