4 318 1
6 72 1
6 220 1
6 399 1
9 613 1
15 146 1
18 278 1
20 87 1
20 153 1
20 277 1
20 367 1
20 443 1
24 73 1
24 76 1
24 86 1
24 87 1
24 135 1
24 136 1
24 147 1
24 151 1
24 165 1
24 171 1
24 240 1
24 267 1
24 283 1
24 290 1
24 296 1
24 345 1
24 355 1
24 369 1
24 374 1
24 532 1
30 41 1
30 68 1
30 81 1
30 288 1
30 299 1
30 351 1
30 395 1
40 351 1
43 18 1
43 56 1
46 294 1
46 300 1
49 86 1
49 237 1
53 36 1
53 197 1
55 281 1
56 153 1
56 760 1
59 49 1
59 58 1
64 87 1
64 124 1
64 149 1
64 163 1
64 221 1
64 278 1
64 286 1
64 312 1
64 334 1
64 747 1
66 7 1
66 11 1
66 18 1
66 21 1
66 24 1
66 35 1
66 37 1
66 44 1
66 57 1
66 76 1
66 85 1
66 89 1
66 95 1
66 98 1
66 108 1
66 121 1
66 129 1
66 134 1
66 135 1
66 136 1
66 137 1
66 140 1
66 165 1
66 166 1
66 172 1
66 174 1
66 176 1
66 182 1
66 183 1
66 193 1
66 202 1
66 224 1
66 225 1
66 238 1
66 239 1
66 241 1
66 247 1
66 252 1
66 264 1
66 266 1
66 271 1
66 272 1
66 283 1
66 287 1
66 290 1
66 301 1
66 302 1
66 303 1
66 308 1
66 309 1
66 317 1
66 319 1
66 320 1
66 322 1
66 336 1
66 345 1
66 357 1
66 363 1
66 365 1
66 369 1
66 371 1
66 386 1
66 409 1
66 472 1
66 517 1
66 546 1
66 560 1
66 577 1
66 645 1
66 664 1
66 693 1
66 765 1
66 824 1
68 26 1
68 92 1
69 96 1
69 375 1
74 168 1
74 394 1
77 78 1
77 105 1
77 212 1
77 246 1
77 351 1
77 421 1
82 34 1
82 144 1
82 145 1
82 162 1
82 197 1
82 280 1
82 290 1
88 271 1
88 364 1
88 466 1
90 254 1
90 314 1
94 169 1
94 199 1
97 375 1
109 64 1
111 10 1
111 414 1
113 348 1
114 132 1
114 361 1
114 412 1
114 537 1
119 138 1
119 162 1
119 343 1
119 382 1
119 616 1
123 305 1
123 803 1
127 130 1
127 325 1
127 580 1
136 7 1
136 177 1
136 182 1
136 287 1
136 294 1
136 345 1
136 392 1
137 1 1
137 7 1
137 117 1
137 133 1
137 136 1
137 154 1
137 176 1
137 191 1
137 200 1
137 357 1
137 369 1
137 392 1
137 799 1
143 5 1
143 17 1
143 31 1
143 32 1
143 52 1
143 131 1
143 159 1
143 179 1
143 180 1
143 186 1
143 200 1
143 237 1
143 255 1
143 285 1
143 323 1
143 327 1
143 359 1
143 416 1
143 422 1
143 429 1
143 682 1
143 721 1
143 748 1
148 17 1
148 22 1
148 103 1
148 149 1
148 162 1
148 290 1
148 497 1
151 144 1
151 240 1
154 14 1
154 45 1
154 173 1
154 318 1
154 357 1
154 369 1
154 373 1
154 381 1
154 388 1
154 669 1
156 19 1
156 62 1
157 234 1
157 356 1
158 205 1
160 27 1
160 125 1
161 422 1
164 13 1
169 209 1
169 291 1
169 406 1
175 194 1
175 208 1
175 357 1
175 592 1
181 48 1
181 101 1
181 196 1
188 347 1
188 423 1
190 1 1
190 8 1
190 16 1
190 57 1
190 63 1
190 79 1
190 86 1
190 116 1
190 171 1
190 203 1
190 223 1
190 236 1
190 249 1
190 256 1
190 263 1
190 267 1
190 278 1
190 284 1
190 407 1
190 453 1
190 574 1
190 727 1
192 489 1
193 51 1
193 61 1
193 67 1
193 123 1
193 152 1
193 328 1
193 340 1
193 345 1
197 312 1
198 233 1
203 57 1
203 144 1
204 60 1
207 280 1
207 310 1
213 247 1
215 118 1
219 86 1
222 1 1
222 23 1
222 42 1
222 103 1
222 128 1
222 141 1
222 167 1
222 196 1
222 201 1
222 248 1
222 314 1
222 674 1
227 5 1
227 16 1
227 23 1
227 46 1
227 75 1
227 112 1
227 118 1
227 144 1
227 165 1
227 180 1
227 214 1
227 242 1
227 382 1
227 423 1
227 487 1
229 29 1
229 120 1
229 245 1
233 7 1
233 353 1
237 92 1
237 107 1
237 174 1
237 179 1
237 360 1
241 89 1
241 184 1
241 335 1
241 365 1
241 397 1
241 675 1
246 56 1
246 127 1
251 73 1
251 92 1
251 117 1
251 206 1
251 275 1
252 56 1
252 118 1
252 202 1
252 352 1
257 404 1
258 2 1
258 146 1
258 272 1
258 390 1
259 177 1
261 266 1
265 172 1
267 234 1
267 312 1
267 416 1
269 96 1
269 336 1
270 47 1
270 155 1
270 627 1
270 754 1
274 60 1
274 121 1
274 150 1
274 157 1
274 162 1
274 171 1
274 232 1
274 238 1
274 272 1
274 383 1
274 615 1
274 652 1
274 792 1
279 316 1
282 5 1
282 28 1
282 80 1
282 99 1
282 142 1
282 144 1
282 189 1
282 210 1
282 276 1
282 338 1
282 362 1
282 377 1
282 401 1
282 781 1
292 178 1
292 217 1
292 366 1
292 410 1
292 500 1
292 650 1
298 84 1
298 185 1
298 195 1
298 349 1
298 491 1
299 382 1
304 93 1
304 95 1
304 139 1
304 243 1
304 396 1
315 115 1
324 20 1
324 56 1
324 85 1
324 140 1
324 146 1
324 150 1
324 153 1
324 170 1
324 235 1
324 236 1
324 240 1
324 273 1
324 277 1
324 285 1
324 332 1
324 381 1
324 722 1
325 71 1
330 232 1
331 129 1
331 289 1
331 292 1
337 200 1
337 231 1
337 326 1
339 54 1
339 100 1
339 145 1
339 169 1
339 211 1
339 244 1
339 291 1
339 307 1
339 314 1
339 406 1
339 419 1
339 566 1
342 58 1
342 172 1
344 1 1
344 5 1
344 13 1
344 37 1
344 83 1
344 106 1
344 137 1
344 228 1
344 260 1
344 262 1
344 273 1
344 313 1
344 329 1
344 350 1
344 354 1
344 355 1
344 357 1
344 372 1
344 384 1
344 387 1
344 403 1
344 583 1
344 688 1
344 690 1
344 767 1
345 67 1
345 85 1
345 197 1
345 255 1
345 285 1
345 293 1
345 294 1
345 308 1
345 341 1
345 831 1
346 3 1
346 12 1
346 104 1
346 122 1
346 126 1
346 141 1
346 155 1
346 187 1
346 210 1
346 311 1
346 357 1
346 379 1
346 402 1
349 250 1
358 226 1
358 369 1
359 33 1
359 216 1
359 285 1
359 291 1
359 321 1
359 393 1
359 836 1
362 38 1
369 656 1
370 785 1
376 13 1
376 25 1
378 142 1
380 22 1
380 70 1
380 157 1
380 230 1
380 273 1
385 21 1
385 216 1
385 218 1
385 253 1
385 277 1
385 318 1
385 351 1
385 411 1
389 368 1
391 611 1
401 338 1
401 368 1
405 120 1
408 270 1
408 398 1
413 19 1
413 39 1
413 50 1
413 85 1
413 91 1
413 102 1
413 110 1
413 132 1
413 153 1
413 155 1
413 172 1
413 173 1
413 245 1
413 268 1
413 290 1
413 291 1
413 295 1
413 306 1
413 333 1
413 388 1
413 390 1
413 400 1
413 423 1
413 620 1
413 630 1
413 782 1
413 808 1
415 14 1
417 297 1
418 65 1
418 202 1
418 287 1
420 264 1
