4 153 1
6 3 1
6 266 1
6 388 1
9 79 1
15 110 1
18 182 1
20 102 1
20 174 1
20 277 1
20 365 1
20 401 1
24 13 1
24 50 1
24 67 1
24 85 1
24 124 1
24 146 1
24 162 1
24 168 1
24 174 1
24 267 1
24 296 1
24 314 1
24 351 1
24 357 1
24 381 1
24 390 1
24 421 1
24 650 1
24 664 1
24 799 1
30 1 1
30 37 1
30 145 1
30 173 1
30 225 1
30 341 1
30 374 1
40 574 1
43 58 1
43 368 1
46 120 1
46 283 1
49 112 1
49 202 1
53 145 1
53 406 1
55 372 1
56 336 1
56 353 1
59 5 1
59 276 1
64 37 1
64 57 1
64 118 1
64 177 1
64 277 1
64 291 1
64 317 1
64 322 1
64 350 1
64 532 1
66 5 1
66 7 1
66 10 1
66 19 1
66 23 1
66 28 1
66 29 1
66 34 1
66 45 1
66 46 1
66 57 1
66 58 1
66 60 1
66 63 1
66 71 1
66 95 1
66 123 1
66 127 1
66 132 1
66 134 1
66 135 1
66 136 1
66 137 1
66 142 1
66 144 1
66 147 1
66 149 1
66 155 1
66 165 1
66 172 1
66 205 1
66 211 1
66 212 1
66 214 1
66 216 1
66 220 1
66 232 1
66 235 1
66 237 1
66 238 1
66 240 1
66 242 1
66 243 1
66 244 1
66 255 1
66 260 1
66 262 1
66 264 1
66 273 1
66 275 1
66 283 1
66 289 1
66 290 1
66 292 1
66 301 1
66 312 1
66 327 1
66 336 1
66 349 1
66 351 1
66 359 1
66 368 1
66 371 1
66 375 1
66 383 1
66 390 1
66 392 1
66 394 1
66 404 1
66 412 1
66 416 1
66 627 1
66 824 1
68 93 1
68 162 1
69 51 1
69 153 1
74 118 1
74 249 1
77 173 1
77 203 1
77 297 1
77 345 1
77 355 1
77 443 1
82 70 1
82 98 1
82 151 1
82 171 1
82 287 1
82 656 1
82 782 1
88 22 1
88 135 1
88 247 1
90 155 1
90 247 1
94 294 1
94 409 1
97 386 1
109 241 1
111 95 1
111 321 1
113 369 1
114 22 1
114 64 1
114 340 1
114 414 1
119 202 1
119 299 1
119 305 1
119 343 1
119 382 1
123 232 1
123 364 1
127 117 1
127 216 1
127 273 1
136 7 1
136 31 1
136 78 1
136 238 1
136 290 1
136 423 1
136 721 1
137 16 1
137 49 1
137 52 1
137 60 1
137 132 1
137 144 1
137 172 1
137 226 1
137 245 1
137 264 1
137 319 1
137 320 1
137 419 1
143 26 1
143 27 1
143 36 1
143 76 1
143 91 1
143 133 1
143 136 1
143 141 1
143 150 1
143 165 1
143 179 1
143 231 1
143 267 1
143 268 1
143 286 1
143 291 1
143 312 1
143 325 1
143 351 1
143 392 1
143 674 1
143 722 1
143 747 1
148 89 1
148 103 1
148 140 1
148 230 1
148 406 1
148 422 1
148 497 1
151 171 1
151 373 1
154 19 1
154 32 1
154 122 1
154 186 1
154 199 1
154 221 1
154 285 1
154 294 1
154 302 1
154 384 1
156 56 1
156 398 1
157 176 1
157 285 1
158 185 1
160 177 1
160 335 1
161 240 1
164 310 1
169 12 1
169 263 1
169 489 1
175 1 1
175 140 1
175 153 1
175 193 1
181 338 1
181 382 1
181 396 1
188 118 1
188 280 1
190 13 1
190 17 1
190 24 1
190 56 1
190 85 1
190 89 1
190 104 1
190 107 1
190 121 1
190 152 1
190 159 1
190 196 1
190 272 1
190 314 1
190 345 1
190 357 1
190 369 1
190 381 1
190 388 1
190 592 1
190 765 1
190 792 1
192 313 1
193 18 1
193 56 1
193 84 1
193 131 1
193 139 1
193 182 1
193 287 1
193 326 1
197 154 1
198 169 1
203 61 1
203 369 1
204 197 1
207 39 1
207 239 1
213 395 1
215 318 1
219 293 1
222 21 1
222 87 1
222 108 1
222 179 1
222 189 1
222 240 1
222 277 1
222 284 1
222 369 1
222 583 1
222 652 1
222 748 1
227 18 1
227 47 1
227 76 1
227 103 1
227 180 1
227 195 1
227 202 1
227 311 1
227 379 1
227 403 1
227 453 1
227 491 1
227 577 1
227 727 1
227 808 1
229 228 1
229 236 1
229 517 1
233 162 1
233 165 1
237 80 1
237 92 1
237 105 1
237 183 1
237 255 1
241 163 1
241 210 1
241 402 1
241 546 1
241 560 1
241 760 1
246 288 1
246 400 1
251 141 1
251 184 1
251 611 1
251 613 1
251 831 1
252 5 1
252 86 1
252 208 1
252 345 1
257 196 1
258 41 1
258 81 1
258 580 1
258 669 1
259 500 1
261 616 1
265 278 1
267 126 1
267 150 1
267 351 1
269 316 1
269 366 1
270 137 1
270 144 1
270 172 1
270 234 1
274 33 1
274 42 1
274 72 1
274 121 1
274 142 1
274 153 1
274 157 1
274 167 1
274 178 1
274 272 1
274 290 1
274 361 1
274 410 1
279 68 1
282 23 1
282 75 1
282 100 1
282 194 1
282 245 1
282 273 1
282 294 1
282 328 1
282 334 1
282 354 1
282 423 1
282 466 1
282 566 1
282 754 1
292 1 1
292 7 1
292 101 1
292 116 1
292 357 1
292 781 1
298 16 1
298 86 1
298 200 1
298 210 1
298 690 1
299 92 1
304 67 1
304 85 1
304 280 1
304 348 1
304 363 1
315 620 1
324 20 1
324 62 1
324 136 1
324 138 1
324 149 1
324 157 1
324 172 1
324 191 1
324 237 1
324 254 1
324 285 1
324 290 1
324 306 1
324 318 1
324 352 1
324 377 1
324 472 1
325 246 1
330 323 1
331 146 1
331 197 1
331 645 1
337 200 1
337 256 1
337 836 1
339 11 1
339 14 1
339 65 1
339 73 1
339 120 1
339 250 1
339 312 1
339 338 1
339 347 1
339 407 1
339 411 1
339 630 1
342 44 1
342 85 1
344 2 1
344 35 1
344 96 1
344 146 1
344 171 1
344 197 1
344 224 1
344 234 1
344 253 1
344 270 1
344 272 1
344 291 1
344 295 1
344 300 1
344 314 1
344 318 1
344 345 1
344 356 1
344 357 1
344 360 1
344 367 1
344 382 1
344 393 1
344 688 1
344 803 1
345 17 1
345 117 1
345 206 1
345 209 1
345 223 1
345 291 1
345 355 1
345 357 1
345 375 1
345 416 1
346 14 1
346 54 1
346 87 1
346 96 1
346 99 1
346 115 1
346 144 1
346 218 1
346 285 1
346 287 1
346 308 1
346 429 1
346 785 1
349 7 1
358 332 1
358 487 1
359 21 1
359 73 1
359 155 1
359 308 1
359 399 1
359 422 1
359 537 1
362 129 1
369 56 1
370 236 1
376 397 1
376 693 1
378 307 1
380 86 1
380 248 1
380 278 1
380 281 1
380 357 1
385 1 1
385 87 1
385 166 1
385 201 1
385 217 1
385 271 1
385 333 1
385 387 1
389 128 1
391 13 1
401 144 1
401 365 1
405 25 1
408 48 1
408 278 1
413 5 1
413 38 1
413 57 1
413 83 1
413 86 1
413 92 1
413 106 1
413 125 1
413 129 1
413 162 1
413 169 1
413 176 1
413 180 1
413 187 1
413 233 1
413 252 1
413 266 1
413 290 1
413 303 1
413 329 1
413 362 1
413 369 1
413 423 1
413 615 1
413 675 1
413 682 1
413 767 1
415 8 1
417 130 1
418 170 1
418 271 1
418 309 1
420 200 1
