4 25 1
6 118 1
6 197 1
6 335 1
9 146 1
15 230 1
18 357 1
20 5 1
20 26 1
20 138 1
20 273 1
20 792 1
24 45 1
24 67 1
24 87 1
24 89 1
24 100 1
24 108 1
24 116 1
24 157 1
24 255 1
24 272 1
24 287 1
24 308 1
24 333 1
24 357 1
24 371 1
24 399 1
24 487 1
24 489 1
24 675 1
24 782 1
30 80 1
30 86 1
30 147 1
30 272 1
30 379 1
30 393 1
30 419 1
40 620 1
43 297 1
43 754 1
46 39 1
46 312 1
49 85 1
49 384 1
53 10 1
53 314 1
55 7 1
56 294 1
56 388 1
59 163 1
59 197 1
64 17 1
64 22 1
64 23 1
64 57 1
64 123 1
64 205 1
64 295 1
64 336 1
64 357 1
64 383 1
66 1 1
66 11 1
66 18 1
66 34 1
66 37 1
66 41 1
66 46 1
66 49 1
66 56 1
66 58 1
66 60 1
66 63 1
66 76 1
66 85 1
66 102 1
66 103 1
66 120 1
66 121 1
66 131 1
66 132 1
66 135 1
66 137 1
66 144 1
66 153 1
66 155 1
66 165 1
66 169 1
66 171 1
66 172 1
66 174 1
66 176 1
66 200 1
66 201 1
66 224 1
66 236 1
66 237 1
66 241 1
66 243 1
66 245 1
66 252 1
66 253 1
66 260 1
66 262 1
66 267 1
66 270 1
66 278 1
66 287 1
66 290 1
66 291 1
66 299 1
66 302 1
66 312 1
66 317 1
66 329 1
66 345 1
66 349 1
66 359 1
66 365 1
66 367 1
66 375 1
66 377 1
66 388 1
66 390 1
66 406 1
66 411 1
66 421 1
66 423 1
66 583 1
66 627 1
66 656 1
66 727 1
66 765 1
66 803 1
68 218 1
68 291 1
69 307 1
69 690 1
74 290 1
74 310 1
77 22 1
77 217 1
77 352 1
77 395 1
77 400 1
77 630 1
82 226 1
82 248 1
82 249 1
82 301 1
82 303 1
82 332 1
82 546 1
88 168 1
88 283 1
88 294 1
90 144 1
90 357 1
94 185 1
94 616 1
97 107 1
109 351 1
111 44 1
111 209 1
113 361 1
114 32 1
114 99 1
114 240 1
114 372 1
119 38 1
119 115 1
119 153 1
119 272 1
119 312 1
123 57 1
123 577 1
127 35 1
127 244 1
127 336 1
136 180 1
136 276 1
136 356 1
136 369 1
136 387 1
136 615 1
136 664 1
137 23 1
137 28 1
137 64 1
137 83 1
137 103 1
137 120 1
137 144 1
137 146 1
137 162 1
137 182 1
137 369 1
137 375 1
137 532 1
143 1 1
143 7 1
143 17 1
143 31 1
143 98 1
143 105 1
143 125 1
143 187 1
143 212 1
143 233 1
143 246 1
143 268 1
143 278 1
143 283 1
143 300 1
143 309 1
143 314 1
143 347 1
143 364 1
143 366 1
143 409 1
143 592 1
143 799 1
148 145 1
148 146 1
148 256 1
148 271 1
148 277 1
148 407 1
148 645 1
151 117 1
151 362 1
154 85 1
154 96 1
154 140 1
154 170 1
154 202 1
154 239 1
154 273 1
154 321 1
154 517 1
154 721 1
156 453 1
156 613 1
157 89 1
157 216 1
158 271 1
160 50 1
160 140 1
161 51 1
164 747 1
169 61 1
169 110 1
169 429 1
175 14 1
175 266 1
175 360 1
175 401 1
181 171 1
181 293 1
181 326 1
188 225 1
188 242 1
190 56 1
190 68 1
190 92 1
190 118 1
190 128 1
190 129 1
190 149 1
190 162 1
190 180 1
190 202 1
190 221 1
190 294 1
190 319 1
190 353 1
190 355 1
190 365 1
190 392 1
190 416 1
190 422 1
190 466 1
190 674 1
190 831 1
192 237 1
193 91 1
193 166 1
193 189 1
193 328 1
193 382 1
193 566 1
193 688 1
193 693 1
197 13 1
198 286 1
203 65 1
203 290 1
204 206 1
207 316 1
207 351 1
213 247 1
215 183 1
219 48 1
222 52 1
222 54 1
222 75 1
222 130 1
222 133 1
222 167 1
222 210 1
222 273 1
222 338 1
222 351 1
222 374 1
222 412 1
227 7 1
227 21 1
227 42 1
227 60 1
227 81 1
227 142 1
227 196 1
227 200 1
227 202 1
227 214 1
227 311 1
227 341 1
227 351 1
227 500 1
227 669 1
229 19 1
229 186 1
229 390 1
233 21 1
233 149 1
237 76 1
237 135 1
237 264 1
237 423 1
237 682 1
241 1 1
241 85 1
241 139 1
241 153 1
241 172 1
241 320 1
246 112 1
246 285 1
251 7 1
251 173 1
251 247 1
251 289 1
251 767 1
252 56 1
252 159 1
252 236 1
252 350 1
257 179 1
258 96 1
258 220 1
258 381 1
258 491 1
259 345 1
261 157 1
265 141 1
267 240 1
267 357 1
267 423 1
269 443 1
269 574 1
270 3 1
270 16 1
270 153 1
270 278 1
274 2 1
274 141 1
274 152 1
274 172 1
274 176 1
274 191 1
274 235 1
274 245 1
274 285 1
274 327 1
274 334 1
274 382 1
274 497 1
279 416 1
282 12 1
282 36 1
282 127 1
282 136 1
282 162 1
282 171 1
282 196 1
282 208 1
282 238 1
282 255 1
282 338 1
282 369 1
282 382 1
282 472 1
292 70 1
292 78 1
292 117 1
292 396 1
292 652 1
292 760 1
298 57 1
298 126 1
298 129 1
298 240 1
298 386 1
299 267 1
304 121 1
304 151 1
304 193 1
304 288 1
304 348 1
315 73 1
324 13 1
324 27 1
324 33 1
324 92 1
324 136 1
324 145 1
324 165 1
324 179 1
324 194 1
324 195 1
324 238 1
324 275 1
324 277 1
324 285 1
324 322 1
324 345 1
324 369 1
325 86 1
330 199 1
331 150 1
331 154 1
331 368 1
337 150 1
337 173 1
337 290 1
339 24 1
339 86 1
339 87 1
339 92 1
339 95 1
339 132 1
339 142 1
339 178 1
339 223 1
339 308 1
339 340 1
339 357 1
342 87 1
342 200 1
344 5 1
344 20 1
344 47 1
344 62 1
344 67 1
344 84 1
344 137 1
344 162 1
344 177 1
344 182 1
344 184 1
344 203 1
344 234 1
344 280 1
344 290 1
344 296 1
344 306 1
344 314 1
344 318 1
344 343 1
344 363 1
344 369 1
344 406 1
344 785 1
344 808 1
345 8 1
345 37 1
345 155 1
345 165 1
345 234 1
345 264 1
345 313 1
345 394 1
345 560 1
345 611 1
346 79 1
346 136 1
346 174 1
346 197 1
346 228 1
346 281 1
346 354 1
346 355 1
346 373 1
346 381 1
346 403 1
346 537 1
346 824 1
349 291 1
358 106 1
358 410 1
359 5 1
359 58 1
359 73 1
359 172 1
359 277 1
359 323 1
359 650 1
362 18 1
369 397 1
370 93 1
376 101 1
376 414 1
378 232 1
380 95 1
380 287 1
380 318 1
380 345 1
380 748 1
385 13 1
385 14 1
385 19 1
385 29 1
385 118 1
385 122 1
385 250 1
385 422 1
389 210 1
391 177 1
401 280 1
401 392 1
405 368 1
408 16 1
408 232 1
413 1 1
413 5 1
413 56 1
413 72 1
413 86 1
413 104 1
413 124 1
413 134 1
413 144 1
413 155 1
413 169 1
413 211 1
413 216 1
413 284 1
413 285 1
413 291 1
413 292 1
413 305 1
413 318 1
413 325 1
413 398 1
413 402 1
413 404 1
413 580 1
413 722 1
413 781 1
413 836 1
415 263 1
417 254 1
418 71 1
418 144 1
418 231 1
420 266 1
