4 134 1
6 169 1
6 253 1
6 255 1
9 336 1
15 403 1
18 140 1
20 1 1
20 56 1
20 137 1
20 390 1
20 613 1
24 14 1
24 27 1
24 42 1
24 46 1
24 85 1
24 86 1
24 132 1
24 150 1
24 242 1
24 245 1
24 281 1
24 291 1
24 296 1
24 314 1
24 338 1
24 364 1
24 375 1
24 382 1
24 577 1
24 674 1
30 57 1
30 200 1
30 278 1
30 341 1
30 396 1
30 404 1
30 423 1
40 201 1
43 185 1
43 291 1
46 73 1
46 291 1
49 85 1
49 306 1
53 102 1
53 260 1
55 236 1
56 238 1
56 290 1
59 132 1
59 682 1
64 7 1
64 28 1
64 37 1
64 92 1
64 120 1
64 197 1
64 225 1
64 290 1
64 328 1
64 407 1
66 5 1
66 8 1
66 17 1
66 22 1
66 24 1
66 26 1
66 47 1
66 49 1
66 57 1
66 73 1
66 80 1
66 85 1
66 86 1
66 89 1
66 96 1
66 100 1
66 104 1
66 105 1
66 110 1
66 112 1
66 133 1
66 136 1
66 144 1
66 149 1
66 163 1
66 165 1
66 169 1
66 171 1
66 172 1
66 177 1
66 178 1
66 182 1
66 184 1
66 210 1
66 211 1
66 216 1
66 235 1
66 239 1
66 241 1
66 245 1
66 247 1
66 278 1
66 280 1
66 283 1
66 285 1
66 287 1
66 293 1
66 307 1
66 310 1
66 312 1
66 336 1
66 345 1
66 348 1
66 352 1
66 357 1
66 369 1
66 375 1
66 383 1
66 384 1
66 388 1
66 398 1
66 399 1
66 410 1
66 414 1
66 421 1
66 422 1
66 574 1
66 630 1
66 650 1
66 669 1
66 690 1
66 721 1
66 799 1
68 81 1
68 317 1
69 18 1
69 371 1
74 117 1
74 291 1
77 56 1
77 238 1
77 443 1
77 592 1
77 615 1
77 785 1
82 11 1
82 62 1
82 63 1
82 103 1
82 176 1
82 203 1
82 232 1
88 16 1
88 118 1
88 262 1
90 10 1
90 206 1
94 23 1
94 765 1
97 139 1
109 108 1
111 67 1
111 71 1
113 217 1
114 76 1
114 142 1
114 423 1
114 727 1
119 1 1
119 246 1
119 266 1
119 329 1
119 340 1
123 98 1
123 200 1
127 273 1
127 363 1
127 491 1
136 85 1
136 118 1
136 165 1
136 182 1
136 237 1
136 357 1
136 466 1
137 1 1
137 86 1
137 153 1
137 171 1
137 202 1
137 228 1
137 271 1
137 272 1
137 285 1
137 390 1
137 406 1
137 500 1
137 537 1
143 5 1
143 7 1
143 54 1
143 64 1
143 89 1
143 92 1
143 173 1
143 197 1
143 205 1
143 209 1
143 234 1
143 267 1
143 290 1
143 311 1
143 325 1
143 350 1
143 381 1
143 429 1
143 497 1
143 616 1
143 652 1
143 803 1
143 831 1
148 287 1
148 303 1
148 365 1
148 373 1
148 382 1
148 688 1
148 722 1
151 162 1
151 312 1
154 41 1
154 101 1
154 121 1
154 162 1
154 194 1
154 292 1
154 345 1
154 369 1
154 422 1
154 782 1
156 280 1
156 332 1
157 123 1
157 151 1
158 343 1
160 231 1
160 760 1
161 37 1
164 126 1
169 127 1
169 369 1
169 372 1
175 277 1
175 313 1
175 351 1
175 374 1
181 21 1
181 137 1
181 560 1
188 146 1
188 377 1
190 1 1
190 5 1
190 20 1
190 21 1
190 22 1
190 56 1
190 106 1
190 128 1
190 176 1
190 180 1
190 186 1
190 196 1
190 288 1
190 309 1
190 312 1
190 318 1
190 333 1
190 349 1
190 360 1
190 365 1
190 400 1
190 472 1
192 334 1
193 141 1
193 191 1
193 216 1
193 254 1
193 345 1
193 357 1
193 392 1
193 824 1
197 172 1
198 583 1
203 232 1
203 314 1
204 278 1
207 174 1
207 199 1
213 351 1
215 208 1
219 23 1
222 13 1
222 75 1
222 118 1
222 136 1
222 152 1
222 153 1
222 168 1
222 237 1
222 250 1
222 272 1
222 285 1
222 327 1
227 18 1
227 56 1
227 58 1
227 83 1
227 99 1
227 107 1
227 129 1
227 155 1
227 159 1
227 302 1
227 345 1
227 367 1
227 489 1
227 620 1
227 693 1
229 48 1
229 271 1
229 283 1
233 116 1
233 402 1
237 13 1
237 39 1
237 145 1
237 153 1
237 419 1
241 84 1
241 86 1
241 96 1
241 210 1
241 387 1
241 792 1
246 287 1
246 290 1
251 121 1
251 138 1
251 153 1
251 202 1
251 532 1
252 60 1
252 87 1
252 386 1
252 394 1
257 275 1
258 252 1
258 335 1
258 357 1
258 754 1
259 144 1
261 294 1
265 290 1
267 173 1
267 308 1
267 381 1
269 131 1
269 144 1
270 13 1
270 29 1
270 218 1
270 308 1
274 3 1
274 36 1
274 79 1
274 115 1
274 157 1
274 189 1
274 273 1
274 299 1
274 301 1
274 318 1
274 401 1
274 580 1
274 656 1
279 397 1
282 7 1
282 33 1
282 61 1
282 150 1
282 171 1
282 172 1
282 233 1
282 266 1
282 316 1
282 318 1
282 368 1
282 412 1
282 517 1
282 767 1
292 16 1
292 35 1
292 76 1
292 162 1
292 264 1
292 369 1
298 144 1
298 220 1
298 240 1
298 263 1
298 326 1
299 31 1
304 7 1
304 146 1
304 193 1
304 323 1
304 392 1
315 166 1
324 25 1
324 45 1
324 67 1
324 95 1
324 103 1
324 167 1
324 174 1
324 200 1
324 214 1
324 276 1
324 289 1
324 305 1
324 319 1
324 338 1
324 351 1
324 362 1
324 382 1
325 92 1
330 122 1
331 157 1
331 170 1
331 277 1
337 351 1
337 611 1
337 627 1
339 136 1
339 144 1
339 154 1
339 177 1
339 195 1
339 226 1
339 240 1
339 294 1
339 357 1
339 359 1
339 416 1
339 747 1
342 117 1
342 354 1
344 2 1
344 34 1
344 38 1
344 44 1
344 93 1
344 120 1
344 124 1
344 142 1
344 155 1
344 179 1
344 183 1
344 212 1
344 234 1
344 244 1
344 247 1
344 249 1
344 270 1
344 285 1
344 300 1
344 314 1
344 347 1
344 357 1
344 664 1
344 781 1
344 836 1
345 50 1
345 72 1
345 141 1
345 155 1
345 179 1
345 197 1
345 272 1
345 297 1
345 322 1
345 369 1
346 5 1
346 19 1
346 32 1
346 78 1
346 130 1
346 135 1
346 140 1
346 162 1
346 180 1
346 224 1
346 284 1
346 366 1
346 566 1
349 65 1
358 240 1
358 645 1
359 12 1
359 135 1
359 255 1
359 294 1
359 379 1
359 416 1
359 675 1
362 223 1
369 17 1
370 453 1
376 221 1
376 808 1
378 286 1
380 91 1
380 95 1
380 172 1
380 388 1
380 409 1
385 129 1
385 149 1
385 236 1
385 355 1
385 361 1
385 406 1
385 423 1
385 546 1
389 147 1
391 248 1
401 51 1
401 295 1
405 277 1
408 68 1
408 165 1
413 19 1
413 52 1
413 57 1
413 58 1
413 60 1
413 70 1
413 87 1
413 125 1
413 145 1
413 146 1
413 187 1
413 196 1
413 202 1
413 230 1
413 243 1
413 256 1
413 267 1
413 268 1
413 273 1
413 320 1
413 321 1
413 355 1
413 356 1
413 368 1
413 393 1
413 395 1
413 748 1
415 264 1
417 353 1
418 14 1
418 87 1
418 487 1
420 411 1
