4 398 1
6 234 1
6 369 1
6 419 1
9 134 1
15 62 1
18 93 1
20 96 1
20 159 1
20 249 1
20 264 1
20 272 1
24 56 1
24 87 1
24 92 1
24 118 1
24 132 1
24 133 1
24 155 1
24 162 1
24 178 1
24 202 1
24 206 1
24 262 1
24 272 1
24 285 1
24 336 1
24 351 1
24 369 1
24 397 1
24 537 1
24 580 1
30 80 1
30 99 1
30 149 1
30 162 1
30 224 1
30 240 1
30 782 1
40 308 1
43 31 1
43 60 1
46 18 1
46 83 1
49 294 1
49 627 1
53 17 1
53 690 1
55 84 1
56 155 1
56 290 1
59 151 1
59 235 1
64 13 1
64 65 1
64 118 1
64 135 1
64 144 1
64 285 1
64 314 1
64 345 1
64 359 1
64 517 1
66 7 1
66 24 1
66 44 1
66 45 1
66 56 1
66 58 1
66 85 1
66 89 1
66 92 1
66 95 1
66 104 1
66 120 1
66 122 1
66 124 1
66 129 1
66 136 1
66 137 1
66 144 1
66 145 1
66 150 1
66 153 1
66 154 1
66 162 1
66 163 1
66 167 1
66 172 1
66 173 1
66 176 1
66 180 1
66 186 1
66 196 1
66 203 1
66 210 1
66 217 1
66 228 1
66 238 1
66 241 1
66 247 1
66 272 1
66 273 1
66 277 1
66 281 1
66 285 1
66 290 1
66 294 1
66 295 1
66 338 1
66 341 1
66 343 1
66 345 1
66 357 1
66 365 1
66 368 1
66 375 1
66 379 1
66 381 1
66 382 1
66 388 1
66 392 1
66 396 1
66 416 1
66 497 1
66 546 1
66 574 1
66 613 1
66 616 1
66 675 1
66 721 1
66 760 1
66 785 1
66 803 1
66 808 1
66 836 1
68 423 1
68 799 1
69 171 1
69 560 1
74 267 1
74 277 1
77 5 1
77 37 1
77 56 1
77 131 1
77 246 1
77 381 1
82 103 1
82 152 1
82 226 1
82 296 1
82 374 1
82 390 1
82 693 1
88 202 1
88 214 1
88 748 1
90 289 1
90 334 1
94 13 1
94 127 1
97 327 1
109 170 1
111 168 1
111 245 1
113 255 1
114 209 1
114 264 1
114 364 1
114 656 1
119 11 1
119 141 1
119 273 1
119 355 1
119 765 1
123 138 1
123 620 1
127 87 1
127 239 1
127 792 1
136 16 1
136 17 1
136 85 1
136 130 1
136 357 1
136 382 1
136 650 1
137 7 1
137 42 1
137 48 1
137 60 1
137 150 1
137 171 1
137 172 1
137 216 1
137 248 1
137 291 1
137 301 1
137 357 1
137 392 1
143 5 1
143 7 1
143 57 1
143 86 1
143 110 1
143 129 1
143 139 1
143 141 1
143 157 1
143 165 1
143 176 1
143 202 1
143 232 1
143 270 1
143 278 1
143 287 1
143 290 1
143 299 1
143 311 1
143 345 1
143 387 1
143 406 1
143 652 1
148 123 1
148 146 1
148 149 1
148 200 1
148 316 1
148 369 1
148 767 1
151 132 1
151 353 1
154 38 1
154 58 1
154 70 1
154 95 1
154 118 1
154 166 1
154 172 1
154 173 1
154 305 1
154 682 1
156 21 1
156 102 1
157 1 1
157 283 1
158 321 1
160 221 1
160 394 1
161 410 1
164 416 1
169 142 1
169 263 1
169 314 1
175 147 1
175 205 1
175 287 1
175 308 1
181 273 1
181 351 1
181 824 1
188 73 1
188 328 1
190 23 1
190 35 1
190 50 1
190 52 1
190 85 1
190 103 1
190 174 1
190 191 1
190 225 1
190 243 1
190 247 1
190 255 1
190 271 1
190 276 1
190 290 1
190 302 1
190 347 1
190 349 1
190 350 1
190 489 1
190 754 1
190 831 1
192 386 1
193 57 1
193 92 1
193 185 1
193 195 1
193 212 1
193 293 1
193 318 1
193 395 1
197 371 1
198 266 1
203 120 1
203 369 1
204 414 1
207 13 1
207 280 1
213 242 1
215 443 1
219 157 1
222 23 1
222 63 1
222 68 1
222 89 1
222 171 1
222 197 1
222 253 1
222 290 1
222 294 1
222 332 1
222 366 1
222 403 1
227 96 1
227 108 1
227 144 1
227 165 1
227 182 1
227 183 1
227 197 1
227 252 1
227 260 1
227 312 1
227 313 1
227 329 1
227 429 1
227 491 1
227 674 1
229 16 1
229 210 1
229 254 1
233 179 1
233 184 1
237 199 1
237 287 1
237 312 1
237 323 1
237 577 1
241 153 1
241 201 1
241 237 1
241 245 1
241 335 1
241 351 1
246 354 1
246 747 1
251 76 1
251 197 1
251 360 1
251 383 1
251 532 1
252 10 1
252 22 1
252 26 1
252 56 1
257 208 1
258 5 1
258 145 1
258 357 1
258 422 1
259 146 1
261 356 1
265 105 1
267 140 1
267 177 1
267 322 1
269 73 1
269 86 1
270 25 1
270 86 1
270 234 1
270 309 1
274 2 1
274 7 1
274 36 1
274 79 1
274 81 1
274 142 1
274 169 1
274 200 1
274 232 1
274 368 1
274 411 1
274 466 1
274 630 1
279 340 1
282 12 1
282 20 1
282 33 1
282 41 1
282 54 1
282 76 1
282 98 1
282 177 1
282 180 1
282 278 1
282 300 1
282 348 1
282 367 1
282 388 1
292 1 1
292 71 1
292 153 1
292 373 1
292 409 1
292 722 1
298 18 1
298 22 1
298 112 1
298 275 1
298 336 1
299 128 1
304 39 1
304 310 1
304 361 1
304 372 1
304 404 1
315 218 1
324 14 1
324 27 1
324 46 1
324 49 1
324 67 1
324 75 1
324 106 1
324 169 1
324 216 1
324 250 1
324 286 1
324 303 1
324 318 1
324 399 1
324 423 1
324 583 1
324 611 1
325 61 1
330 283 1
331 187 1
331 320 1
331 664 1
337 140 1
337 318 1
337 365 1
339 1 1
339 47 1
339 57 1
339 86 1
339 240 1
339 267 1
339 277 1
339 297 1
339 306 1
339 338 1
339 369 1
339 421 1
342 121 1
342 406 1
344 1 1
344 19 1
344 21 1
344 28 1
344 34 1
344 37 1
344 78 1
344 85 1
344 101 1
344 107 1
344 117 1
344 126 1
344 136 1
344 174 1
344 193 1
344 238 1
344 271 1
344 291 1
344 292 1
344 345 1
344 355 1
344 357 1
344 362 1
344 401 1
344 592 1
345 136 1
345 146 1
345 153 1
345 182 1
345 196 1
345 256 1
345 278 1
345 285 1
345 357 1
345 384 1
346 3 1
346 14 1
346 91 1
346 121 1
346 172 1
346 236 1
346 268 1
346 284 1
346 326 1
346 422 1
346 453 1
346 645 1
346 727 1
349 317 1
358 144 1
358 333 1
359 135 1
359 230 1
359 325 1
359 382 1
359 412 1
359 472 1
359 669 1
362 125 1
369 244 1
370 615 1
376 19 1
376 312 1
378 390 1
380 194 1
380 352 1
380 400 1
380 487 1
380 688 1
385 137 1
385 200 1
385 291 1
385 307 1
385 319 1
385 363 1
385 423 1
385 500 1
389 236 1
391 407 1
401 165 1
401 291 1
405 781 1
408 67 1
408 402 1
413 5 1
413 29 1
413 51 1
413 64 1
413 72 1
413 87 1
413 100 1
413 115 1
413 117 1
413 144 1
413 155 1
413 162 1
413 179 1
413 211 1
413 220 1
413 223 1
413 231 1
413 233 1
413 240 1
413 266 1
413 280 1
413 288 1
413 314 1
413 351 1
413 375 1
413 377 1
413 393 1
415 237 1
417 8 1
418 32 1
418 189 1
418 566 1
420 116 1
