4 174 1
6 284 1
6 290 1
6 375 1
9 537 1
15 112 1
18 323 1
20 200 1
20 353 1
20 368 1
20 369 1
20 383 1
24 1 1
24 3 1
24 52 1
24 85 1
24 95 1
24 116 1
24 123 1
24 141 1
24 142 1
24 145 1
24 174 1
24 197 1
24 225 1
24 231 1
24 245 1
24 273 1
24 290 1
24 318 1
24 321 1
24 345 1
30 37 1
30 137 1
30 270 1
30 275 1
30 423 1
30 453 1
30 500 1
40 767 1
43 248 1
43 367 1
46 102 1
46 656 1
49 165 1
49 349 1
53 244 1
53 272 1
55 133 1
56 290 1
56 351 1
59 13 1
59 409 1
64 57 1
64 62 1
64 91 1
64 144 1
64 226 1
64 333 1
64 355 1
64 363 1
64 366 1
64 693 1
66 2 1
66 5 1
66 16 1
66 17 1
66 18 1
66 20 1
66 22 1
66 24 1
66 32 1
66 36 1
66 42 1
66 56 1
66 63 1
66 67 1
66 71 1
66 73 1
66 78 1
66 85 1
66 100 1
66 106 1
66 120 1
66 129 1
66 136 1
66 138 1
66 144 1
66 145 1
66 150 1
66 151 1
66 157 1
66 162 1
66 176 1
66 194 1
66 197 1
66 200 1
66 202 1
66 210 1
66 216 1
66 232 1
66 233 1
66 237 1
66 238 1
66 249 1
66 252 1
66 260 1
66 280 1
66 281 1
66 285 1
66 290 1
66 300 1
66 309 1
66 314 1
66 318 1
66 319 1
66 345 1
66 351 1
66 357 1
66 359 1
66 362 1
66 365 1
66 368 1
66 369 1
66 373 1
66 379 1
66 382 1
66 392 1
66 404 1
66 577 1
66 583 1
66 611 1
66 675 1
66 760 1
66 782 1
66 836 1
68 87 1
68 313 1
69 197 1
69 325 1
74 135 1
74 147 1
77 37 1
77 139 1
77 217 1
77 218 1
77 273 1
77 356 1
82 144 1
82 154 1
82 165 1
82 343 1
82 364 1
82 372 1
82 416 1
88 7 1
88 92 1
88 241 1
90 110 1
90 294 1
94 177 1
94 390 1
97 87 1
109 211 1
111 350 1
111 382 1
113 201 1
114 67 1
114 118 1
114 335 1
114 781 1
119 27 1
119 47 1
119 101 1
119 357 1
119 652 1
123 278 1
123 395 1
127 61 1
127 311 1
127 382 1
136 120 1
136 122 1
136 146 1
136 155 1
136 276 1
136 285 1
136 357 1
137 1 1
137 60 1
137 153 1
137 220 1
137 287 1
137 288 1
137 291 1
137 369 1
137 406 1
137 414 1
137 421 1
137 489 1
137 727 1
143 21 1
143 46 1
143 92 1
143 95 1
143 132 1
143 140 1
143 155 1
143 163 1
143 169 1
143 180 1
143 182 1
143 184 1
143 199 1
143 267 1
143 277 1
143 278 1
143 283 1
143 310 1
143 361 1
143 369 1
143 384 1
143 407 1
143 613 1
148 19 1
148 108 1
148 173 1
148 183 1
148 203 1
148 338 1
148 401 1
151 22 1
151 72 1
154 39 1
154 44 1
154 136 1
154 137 1
154 146 1
154 240 1
154 294 1
154 327 1
154 466 1
154 630 1
156 247 1
156 264 1
157 208 1
157 351 1
158 159 1
160 75 1
160 167 1
161 487 1
164 28 1
169 98 1
169 283 1
169 566 1
175 172 1
175 237 1
175 271 1
175 360 1
181 294 1
181 400 1
181 722 1
188 89 1
188 172 1
190 65 1
190 73 1
190 85 1
190 107 1
190 125 1
190 136 1
190 177 1
190 210 1
190 240 1
190 242 1
190 245 1
190 263 1
190 272 1
190 292 1
190 299 1
190 357 1
190 388 1
190 402 1
190 580 1
190 615 1
190 747 1
190 803 1
192 387 1
193 14 1
193 51 1
193 64 1
193 236 1
193 305 1
193 306 1
193 374 1
193 674 1
197 142 1
198 246 1
203 13 1
203 403 1
204 146 1
207 205 1
207 347 1
213 422 1
215 92 1
219 76 1
222 13 1
222 14 1
222 56 1
222 141 1
222 153 1
222 193 1
222 236 1
222 297 1
222 345 1
222 390 1
222 620 1
222 682 1
227 23 1
227 81 1
227 83 1
227 124 1
227 131 1
227 153 1
227 166 1
227 216 1
227 266 1
227 271 1
227 280 1
227 312 1
227 318 1
227 365 1
227 397 1
229 10 1
229 393 1
229 491 1
233 129 1
233 172 1
237 5 1
237 31 1
237 162 1
237 172 1
237 396 1
241 5 1
241 7 1
241 23 1
241 25 1
241 345 1
241 381 1
246 8 1
246 168 1
251 18 1
251 89 1
251 103 1
251 135 1
251 308 1
252 16 1
252 185 1
252 287 1
252 290 1
257 196 1
258 128 1
258 243 1
258 386 1
258 688 1
259 307 1
261 41 1
265 26 1
267 234 1
267 285 1
267 616 1
269 398 1
269 419 1
270 84 1
270 332 1
270 357 1
270 375 1
274 85 1
274 86 1
274 105 1
274 157 1
274 171 1
274 179 1
274 209 1
274 223 1
274 247 1
274 272 1
274 273 1
274 351 1
274 831 1
279 17 1
282 1 1
282 7 1
282 56 1
282 57 1
282 70 1
282 86 1
282 152 1
282 196 1
282 221 1
282 301 1
282 308 1
282 348 1
282 381 1
282 824 1
292 38 1
292 262 1
292 336 1
292 341 1
292 411 1
292 517 1
298 79 1
298 169 1
298 214 1
298 354 1
298 423 1
299 54 1
304 130 1
304 187 1
304 202 1
304 224 1
304 293 1
315 1 1
324 50 1
324 86 1
324 87 1
324 93 1
324 155 1
324 162 1
324 176 1
324 186 1
324 286 1
324 287 1
324 329 1
324 352 1
324 443 1
324 664 1
324 669 1
324 748 1
324 808 1
325 206 1
330 68 1
331 34 1
331 170 1
331 240 1
337 153 1
337 180 1
337 266 1
339 58 1
339 126 1
339 134 1
339 264 1
339 289 1
339 326 1
339 338 1
339 388 1
339 399 1
339 423 1
339 472 1
339 785 1
342 58 1
342 320 1
344 48 1
344 57 1
344 76 1
344 86 1
344 96 1
344 104 1
344 149 1
344 162 1
344 171 1
344 182 1
344 189 1
344 255 1
344 267 1
344 277 1
344 278 1
344 285 1
344 291 1
344 296 1
344 316 1
344 336 1
344 410 1
344 416 1
344 497 1
344 592 1
344 754 1
345 7 1
345 12 1
345 56 1
345 144 1
345 150 1
345 303 1
345 314 1
345 317 1
345 574 1
345 645 1
346 11 1
346 35 1
346 80 1
346 117 1
346 118 1
346 132 1
346 178 1
346 232 1
346 253 1
346 268 1
346 277 1
346 291 1
346 392 1
349 165 1
358 312 1
358 799 1
359 19 1
359 115 1
359 200 1
359 238 1
359 255 1
359 357 1
359 371 1
362 765 1
369 202 1
370 254 1
376 121 1
376 212 1
378 235 1
380 195 1
380 256 1
380 302 1
380 377 1
380 627 1
385 21 1
385 144 1
385 234 1
385 239 1
385 291 1
385 532 1
385 546 1
385 690 1
389 560 1
391 191 1
401 650 1
401 721 1
405 355 1
408 96 1
408 295 1
413 5 1
413 29 1
413 33 1
413 45 1
413 49 1
413 60 1
413 117 1
413 118 1
413 121 1
413 140 1
413 149 1
413 171 1
413 173 1
413 179 1
413 228 1
413 230 1
413 250 1
413 312 1
413 322 1
413 328 1
413 334 1
413 369 1
413 394 1
413 406 1
413 422 1
413 429 1
413 792 1
415 412 1
417 127 1
418 99 1
418 103 1
418 314 1
420 340 1
