4 145 1
6 57 1
6 165 1
6 170 1
9 318 1
15 365 1
18 301 1
20 56 1
20 85 1
20 117 1
20 360 1
20 402 1
24 5 1
24 16 1
24 46 1
24 47 1
24 80 1
24 85 1
24 95 1
24 98 1
24 136 1
24 172 1
24 173 1
24 185 1
24 203 1
24 205 1
24 245 1
24 349 1
24 351 1
24 382 1
24 388 1
24 722 1
30 172 1
30 197 1
30 281 1
30 295 1
30 296 1
30 369 1
30 412 1
40 89 1
43 63 1
43 489 1
46 136 1
46 255 1
49 335 1
49 422 1
53 48 1
53 333 1
55 93 1
56 290 1
56 411 1
59 176 1
59 355 1
64 35 1
64 56 1
64 60 1
64 134 1
64 150 1
64 165 1
64 180 1
64 202 1
64 270 1
64 302 1
66 5 1
66 10 1
66 13 1
66 14 1
66 16 1
66 20 1
66 22 1
66 23 1
66 24 1
66 33 1
66 52 1
66 60 1
66 79 1
66 86 1
66 87 1
66 103 1
66 112 1
66 116 1
66 117 1
66 121 1
66 128 1
66 129 1
66 133 1
66 136 1
66 139 1
66 144 1
66 149 1
66 152 1
66 162 1
66 163 1
66 165 1
66 166 1
66 167 1
66 179 1
66 186 1
66 187 1
66 193 1
66 195 1
66 196 1
66 200 1
66 209 1
66 220 1
66 226 1
66 232 1
66 238 1
66 241 1
66 245 1
66 250 1
66 278 1
66 283 1
66 287 1
66 290 1
66 318 1
66 322 1
66 345 1
66 357 1
66 359 1
66 364 1
66 368 1
66 369 1
66 375 1
66 387 1
66 388 1
66 393 1
66 399 1
66 409 1
66 566 1
66 580 1
66 650 1
66 690 1
66 747 1
66 765 1
66 785 1
68 153 1
68 760 1
69 76 1
69 290 1
74 147 1
74 382 1
77 72 1
77 105 1
77 126 1
77 206 1
77 406 1
77 674 1
82 1 1
82 54 1
82 247 1
82 255 1
82 280 1
82 289 1
82 803 1
88 50 1
88 177 1
88 278 1
90 217 1
90 357 1
94 67 1
94 76 1
97 365 1
109 325 1
111 155 1
111 244 1
113 336 1
114 92 1
114 271 1
114 291 1
114 423 1
119 225 1
119 235 1
119 290 1
119 306 1
119 727 1
123 381 1
123 836 1
127 39 1
127 309 1
127 472 1
136 22 1
136 87 1
136 173 1
136 234 1
136 357 1
136 368 1
136 487 1
137 7 1
137 25 1
137 71 1
137 125 1
137 199 1
137 236 1
137 249 1
137 277 1
137 285 1
137 366 1
137 392 1
137 664 1
137 808 1
143 7 1
143 26 1
143 58 1
143 73 1
143 84 1
143 120 1
143 137 1
143 153 1
143 169 1
143 189 1
143 214 1
143 234 1
143 236 1
143 242 1
143 277 1
143 288 1
143 312 1
143 323 1
143 351 1
143 353 1
143 355 1
143 383 1
143 517 1
148 11 1
148 51 1
148 67 1
148 155 1
148 272 1
148 340 1
148 799 1
151 144 1
151 577 1
154 3 1
154 70 1
154 144 1
154 239 1
154 246 1
154 253 1
154 297 1
154 308 1
154 416 1
154 491 1
156 369 1
156 560 1
157 146 1
157 371 1
158 168 1
160 42 1
160 369 1
161 278 1
164 224 1
169 291 1
169 314 1
169 403 1
175 85 1
175 230 1
175 237 1
175 275 1
181 171 1
181 390 1
181 669 1
188 81 1
188 121 1
190 1 1
190 12 1
190 96 1
190 169 1
190 172 1
190 174 1
190 182 1
190 197 1
190 254 1
190 264 1
190 291 1
190 314 1
190 318 1
190 343 1
190 345 1
190 373 1
190 379 1
190 381 1
190 407 1
190 443 1
190 675 1
190 688 1
192 211 1
193 144 1
193 151 1
193 228 1
193 264 1
193 268 1
193 307 1
193 367 1
193 792 1
197 18 1
198 102 1
203 95 1
203 351 1
204 200 1
207 616 1
207 767 1
213 132 1
215 354 1
219 56 1
222 5 1
222 7 1
222 17 1
222 34 1
222 142 1
222 162 1
222 171 1
222 299 1
222 338 1
222 363 1
222 375 1
222 398 1
227 1 1
227 86 1
227 127 1
227 137 1
227 138 1
227 172 1
227 240 1
227 271 1
227 272 1
227 285 1
227 293 1
227 341 1
227 345 1
227 466 1
227 824 1
229 45 1
229 103 1
229 233 1
233 287 1
233 537 1
237 13 1
237 85 1
237 108 1
237 183 1
237 362 1
241 13 1
241 124 1
241 237 1
241 423 1
241 656 1
241 754 1
246 194 1
246 377 1
251 184 1
251 294 1
251 313 1
251 329 1
251 395 1
252 27 1
252 57 1
252 272 1
252 546 1
257 372 1
258 131 1
258 266 1
258 327 1
258 401 1
259 49 1
261 210 1
265 7 1
267 146 1
267 216 1
267 336 1
269 155 1
269 159 1
270 56 1
270 197 1
270 326 1
270 831 1
274 5 1
274 37 1
274 83 1
274 86 1
274 91 1
274 171 1
274 212 1
274 232 1
274 303 1
274 332 1
274 350 1
274 414 1
274 611 1
279 141 1
282 61 1
282 62 1
282 65 1
282 78 1
282 135 1
282 144 1
282 146 1
282 154 1
282 157 1
282 210 1
282 267 1
282 276 1
282 308 1
282 357 1
292 38 1
292 140 1
292 223 1
292 294 1
292 305 1
292 400 1
298 314 1
298 334 1
298 390 1
298 613 1
298 615 1
299 419 1
304 177 1
304 180 1
304 221 1
304 263 1
304 290 1
315 410 1
324 8 1
324 21 1
324 64 1
324 73 1
324 92 1
324 118 1
324 120 1
324 130 1
324 202 1
324 243 1
324 256 1
324 283 1
324 310 1
324 352 1
324 386 1
324 574 1
324 721 1
325 583 1
330 92 1
331 14 1
331 240 1
331 693 1
337 28 1
337 592 1
337 782 1
339 2 1
339 29 1
339 44 1
339 58 1
339 178 1
339 262 1
339 311 1
339 316 1
339 319 1
339 392 1
339 422 1
339 627 1
342 19 1
342 32 1
344 1 1
344 19 1
344 21 1
344 41 1
344 86 1
344 106 1
344 142 1
344 162 1
344 179 1
344 191 1
344 218 1
344 238 1
344 273 1
344 277 1
344 286 1
344 328 1
344 347 1
344 348 1
344 356 1
344 361 1
344 382 1
344 397 1
344 406 1
344 421 1
344 630 1
345 115 1
345 153 1
345 182 1
345 200 1
345 231 1
345 273 1
345 285 1
345 312 1
345 416 1
345 652 1
346 68 1
346 104 1
346 107 1
346 122 1
346 132 1
346 149 1
346 153 1
346 248 1
346 260 1
346 266 1
346 357 1
346 497 1
346 620 1
349 196 1
358 96 1
358 123 1
359 129 1
359 135 1
359 162 1
359 208 1
359 280 1
359 320 1
359 357 1
362 57 1
369 118 1
370 150 1
376 141 1
376 532 1
378 100 1
380 101 1
380 284 1
380 285 1
380 345 1
380 374 1
385 140 1
385 292 1
385 384 1
385 394 1
385 423 1
385 500 1
385 645 1
385 748 1
389 37 1
391 317 1
401 157 1
401 294 1
405 18 1
408 287 1
408 781 1
413 23 1
413 31 1
413 36 1
413 75 1
413 87 1
413 89 1
413 118 1
413 145 1
413 176 1
413 201 1
413 202 1
413 216 1
413 240 1
413 252 1
413 267 1
413 273 1
413 291 1
413 300 1
413 312 1
413 321 1
413 351 1
413 369 1
413 396 1
413 404 1
413 429 1
413 453 1
413 682 1
415 110 1
417 338 1
418 99 1
418 174 1
418 247 1
420 17 1
