4 11 1
6 191 1
6 318 1
6 371 1
9 108 1
15 379 1
18 135 1
20 23 1
20 195 1
20 314 1
20 351 1
20 497 1
24 1 1
24 21 1
24 26 1
24 47 1
24 56 1
24 85 1
24 86 1
24 144 1
24 146 1
24 153 1
24 157 1
24 176 1
24 177 1
24 210 1
24 270 1
24 332 1
24 345 1
24 360 1
24 372 1
24 406 1
30 28 1
30 78 1
30 129 1
30 319 1
30 368 1
30 373 1
30 410 1
40 123 1
43 284 1
43 291 1
46 240 1
46 365 1
49 86 1
49 721 1
53 45 1
53 650 1
55 76 1
56 86 1
56 381 1
59 362 1
59 395 1
64 57 1
64 71 1
64 93 1
64 107 1
64 137 1
64 165 1
64 169 1
64 218 1
64 287 1
64 314 1
66 7 1
66 10 1
66 13 1
66 14 1
66 20 1
66 21 1
66 23 1
66 37 1
66 42 1
66 48 1
66 52 1
66 57 1
66 58 1
66 64 1
66 67 1
66 75 1
66 76 1
66 79 1
66 81 1
66 85 1
66 87 1
66 96 1
66 115 1
66 120 1
66 127 1
66 132 1
66 136 1
66 138 1
66 159 1
66 163 1
66 169 1
66 170 1
66 171 1
66 173 1
66 178 1
66 193 1
66 203 1
66 205 1
66 206 1
66 209 1
66 231 1
66 237 1
66 241 1
66 243 1
66 246 1
66 247 1
66 262 1
66 277 1
66 280 1
66 283 1
66 287 1
66 289 1
66 290 1
66 292 1
66 300 1
66 309 1
66 341 1
66 348 1
66 351 1
66 357 1
66 361 1
66 364 1
66 369 1
66 387 1
66 402 1
66 443 1
66 592 1
66 616 1
66 645 1
66 782 1
66 785 1
66 792 1
66 808 1
68 250 1
68 266 1
69 7 1
69 19 1
74 345 1
74 359 1
77 56 1
77 146 1
77 186 1
77 354 1
77 381 1
77 487 1
82 32 1
82 223 1
82 240 1
82 264 1
82 272 1
82 278 1
82 317 1
88 41 1
88 323 1
88 409 1
90 172 1
90 272 1
94 102 1
94 238 1
97 388 1
109 406 1
111 200 1
111 414 1
113 36 1
114 51 1
114 285 1
114 416 1
114 799 1
119 117 1
119 263 1
119 327 1
119 329 1
119 351 1
123 235 1
123 574 1
127 12 1
127 70 1
127 290 1
136 58 1
136 73 1
136 121 1
136 162 1
136 168 1
136 357 1
136 388 1
137 1 1
137 24 1
137 49 1
137 165 1
137 183 1
137 185 1
137 267 1
137 285 1
137 345 1
137 350 1
137 466 1
137 747 1
137 754 1
143 25 1
143 31 1
143 34 1
143 38 1
143 80 1
143 85 1
143 106 1
143 110 1
143 154 1
143 230 1
143 234 1
143 255 1
143 299 1
143 325 1
143 355 1
143 365 1
143 375 1
143 382 1
143 423 1
143 489 1
143 675 1
143 765 1
143 781 1
148 5 1
148 89 1
148 104 1
148 146 1
148 305 1
148 532 1
148 748 1
151 96 1
151 314 1
154 140 1
154 211 1
154 322 1
154 343 1
154 367 1
154 382 1
154 390 1
154 407 1
154 577 1
154 824 1
156 150 1
156 155 1
157 291 1
157 295 1
158 132 1
160 137 1
160 142 1
161 294 1
164 130 1
169 7 1
169 13 1
169 369 1
175 39 1
175 144 1
175 335 1
175 394 1
181 95 1
181 105 1
181 234 1
188 202 1
188 369 1
190 16 1
190 19 1
190 86 1
190 92 1
190 95 1
190 116 1
190 124 1
190 125 1
190 129 1
190 131 1
190 171 1
190 182 1
190 237 1
190 245 1
190 312 1
190 320 1
190 333 1
190 357 1
190 403 1
190 491 1
190 652 1
190 690 1
192 18 1
193 37 1
193 118 1
193 150 1
193 221 1
193 273 1
193 375 1
193 546 1
193 627 1
197 176 1
198 120 1
203 174 1
203 517 1
204 122 1
207 149 1
207 153 1
213 727 1
215 260 1
219 128 1
222 56 1
222 99 1
222 144 1
222 162 1
222 199 1
222 225 1
222 232 1
222 240 1
222 307 1
222 500 1
222 580 1
222 693 1
227 5 1
227 57 1
227 60 1
227 141 1
227 216 1
227 244 1
227 272 1
227 302 1
227 334 1
227 352 1
227 377 1
227 398 1
227 400 1
227 423 1
227 664 1
229 236 1
229 247 1
229 416 1
233 145 1
233 276 1
237 92 1
237 136 1
237 280 1
237 351 1
237 357 1
241 7 1
241 271 1
241 283 1
241 312 1
241 392 1
241 397 1
246 233 1
246 277 1
251 1 1
251 61 1
251 91 1
251 194 1
251 669 1
252 200 1
252 288 1
252 318 1
252 396 1
257 8 1
258 85 1
258 155 1
258 303 1
258 836 1
259 147 1
261 224 1
265 236 1
267 50 1
267 118 1
267 238 1
269 144 1
269 254 1
270 1 1
270 63 1
270 87 1
270 255 1
274 18 1
274 46 1
274 173 1
274 187 1
274 197 1
274 353 1
274 383 1
274 390 1
274 404 1
274 453 1
274 611 1
274 682 1
274 760 1
279 321 1
282 67 1
282 72 1
282 117 1
282 126 1
282 141 1
282 166 1
282 214 1
282 239 1
282 312 1
282 384 1
282 421 1
282 583 1
282 630 1
282 831 1
292 162 1
292 275 1
292 277 1
292 285 1
292 369 1
292 412 1
298 172 1
298 196 1
298 210 1
298 291 1
298 356 1
299 5 1
304 17 1
304 103 1
304 197 1
304 382 1
304 393 1
315 171 1
324 73 1
324 87 1
324 118 1
324 136 1
324 139 1
324 153 1
324 155 1
324 167 1
324 184 1
324 249 1
324 273 1
324 301 1
324 306 1
324 345 1
324 357 1
324 688 1
324 767 1
325 355 1
330 411 1
331 35 1
331 174 1
331 208 1
337 290 1
337 399 1
337 615 1
339 54 1
339 157 1
339 179 1
339 180 1
339 201 1
339 202 1
339 287 1
339 294 1
339 308 1
339 313 1
339 340 1
339 422 1
342 112 1
342 268 1
344 16 1
344 17 1
344 27 1
344 56 1
344 62 1
344 68 1
344 84 1
344 89 1
344 98 1
344 151 1
344 152 1
344 180 1
344 212 1
344 266 1
344 273 1
344 293 1
344 308 1
344 318 1
344 336 1
344 338 1
344 349 1
344 368 1
344 386 1
344 429 1
344 613 1
345 14 1
345 153 1
345 165 1
345 177 1
345 264 1
345 267 1
345 285 1
345 374 1
345 392 1
345 722 1
346 5 1
346 13 1
346 83 1
346 144 1
346 189 1
346 216 1
346 242 1
346 245 1
346 248 1
346 253 1
346 256 1
346 311 1
346 620 1
349 134 1
358 133 1
358 803 1
359 44 1
359 149 1
359 162 1
359 196 1
359 232 1
359 328 1
359 363 1
362 296 1
369 197 1
370 369 1
376 226 1
376 278 1
378 560 1
380 290 1
380 401 1
380 419 1
380 472 1
380 566 1
385 22 1
385 217 1
385 228 1
385 290 1
385 291 1
385 326 1
385 422 1
385 656 1
389 3 1
391 674 1
401 281 1
401 423 1
405 220 1
408 33 1
408 172 1
413 2 1
413 22 1
413 65 1
413 92 1
413 101 1
413 103 1
413 121 1
413 140 1
413 145 1
413 179 1
413 182 1
413 200 1
413 202 1
413 252 1
413 271 1
413 278 1
413 286 1
413 294 1
413 297 1
413 310 1
413 316 1
413 336 1
413 338 1
413 347 1
413 357 1
413 366 1
413 537 1
415 100 1
417 172 1
418 29 1
418 60 1
418 142 1
420 135 1
