4 300 1
6 155 1
6 369 1
6 799 1
9 124 1
15 22 1
18 293 1
20 92 1
20 165 1
20 355 1
20 357 1
20 645 1
24 1 1
24 32 1
24 67 1
24 117 1
24 120 1
24 133 1
24 194 1
24 197 1
24 202 1
24 232 1
24 250 1
24 280 1
24 291 1
24 305 1
24 312 1
24 566 1
24 613 1
24 688 1
24 693 1
24 836 1
30 10 1
30 73 1
30 80 1
30 272 1
30 290 1
30 294 1
30 371 1
40 62 1
43 141 1
43 236 1
46 286 1
46 369 1
49 7 1
49 224 1
53 1 1
53 785 1
55 152 1
56 17 1
56 246 1
59 8 1
59 273 1
64 5 1
64 16 1
64 29 1
64 37 1
64 171 1
64 172 1
64 290 1
64 368 1
64 411 1
64 722 1
66 7 1
66 16 1
66 35 1
66 39 1
66 41 1
66 49 1
66 56 1
66 58 1
66 61 1
66 64 1
66 72 1
66 76 1
66 78 1
66 85 1
66 86 1
66 87 1
66 89 1
66 91 1
66 95 1
66 105 1
66 121 1
66 127 1
66 136 1
66 140 1
66 142 1
66 144 1
66 154 1
66 159 1
66 162 1
66 165 1
66 171 1
66 172 1
66 174 1
66 182 1
66 200 1
66 203 1
66 205 1
66 209 1
66 230 1
66 237 1
66 244 1
66 247 1
66 254 1
66 267 1
66 270 1
66 271 1
66 272 1
66 278 1
66 285 1
66 290 1
66 294 1
66 308 1
66 310 1
66 322 1
66 345 1
66 351 1
66 355 1
66 361 1
66 369 1
66 375 1
66 388 1
66 390 1
66 397 1
66 401 1
66 414 1
66 416 1
66 422 1
66 423 1
66 497 1
66 650 1
66 652 1
66 656 1
66 727 1
68 149 1
68 364 1
69 108 1
69 327 1
74 288 1
74 362 1
77 162 1
77 172 1
77 212 1
77 231 1
77 675 1
77 682 1
82 100 1
82 248 1
82 262 1
82 314 1
82 354 1
82 560 1
82 831 1
88 221 1
88 381 1
88 421 1
90 13 1
90 382 1
94 196 1
94 422 1
97 214 1
109 157 1
111 103 1
111 311 1
113 386 1
114 11 1
114 309 1
114 323 1
114 664 1
119 42 1
119 179 1
119 218 1
119 232 1
119 721 1
123 291 1
123 365 1
127 44 1
127 211 1
127 353 1
136 56 1
136 86 1
136 166 1
136 242 1
136 287 1
136 312 1
136 466 1
137 17 1
137 92 1
137 145 1
137 151 1
137 167 1
137 180 1
137 193 1
137 240 1
137 280 1
137 301 1
137 314 1
137 318 1
137 412 1
143 95 1
143 112 1
143 132 1
143 139 1
143 155 1
143 179 1
143 186 1
143 199 1
143 234 1
143 247 1
143 256 1
143 263 1
143 264 1
143 266 1
143 284 1
143 290 1
143 291 1
143 297 1
143 306 1
143 407 1
143 487 1
143 669 1
143 690 1
148 38 1
148 52 1
148 65 1
148 93 1
148 135 1
148 226 1
148 403 1
151 285 1
151 400 1
154 26 1
154 135 1
154 142 1
154 162 1
154 210 1
154 285 1
154 345 1
154 373 1
154 406 1
154 782 1
156 170 1
156 366 1
157 357 1
157 760 1
158 277 1
160 60 1
160 767 1
161 283 1
164 316 1
169 34 1
169 56 1
169 236 1
175 99 1
175 273 1
175 313 1
175 332 1
181 245 1
181 336 1
181 583 1
188 318 1
188 345 1
190 1 1
190 21 1
190 27 1
190 67 1
190 81 1
190 86 1
190 96 1
190 144 1
190 150 1
190 153 1
190 174 1
190 197 1
190 240 1
190 241 1
190 351 1
190 357 1
190 395 1
190 406 1
190 423 1
190 537 1
190 748 1
190 808 1
192 57 1
193 103 1
193 146 1
193 201 1
193 338 1
193 368 1
193 398 1
193 443 1
193 754 1
197 357 1
198 363 1
203 121 1
203 299 1
204 144 1
207 177 1
207 216 1
213 390 1
215 340 1
219 189 1
222 57 1
222 102 1
222 118 1
222 131 1
222 136 1
222 169 1
222 171 1
222 245 1
222 266 1
222 387 1
222 392 1
222 546 1
227 31 1
227 60 1
227 73 1
227 83 1
227 129 1
227 132 1
227 163 1
227 183 1
227 187 1
227 296 1
227 375 1
227 410 1
227 423 1
227 500 1
227 747 1
229 267 1
229 350 1
229 517 1
233 144 1
233 172 1
237 22 1
237 140 1
237 162 1
237 200 1
237 383 1
241 1 1
241 21 1
241 128 1
241 150 1
241 272 1
241 429 1
246 307 1
246 377 1
251 50 1
251 136 1
251 177 1
251 287 1
251 402 1
252 87 1
252 89 1
252 319 1
252 803 1
257 146 1
258 123 1
258 125 1
258 129 1
258 235 1
259 153 1
261 225 1
265 303 1
267 76 1
267 116 1
267 216 1
269 185 1
269 283 1
270 86 1
270 182 1
270 278 1
270 359 1
274 7 1
274 18 1
274 24 1
274 92 1
274 104 1
274 137 1
274 141 1
274 196 1
274 271 1
274 291 1
274 335 1
274 381 1
274 620 1
279 277 1
282 145 1
282 233 1
282 234 1
282 252 1
282 253 1
282 268 1
282 294 1
282 321 1
282 338 1
282 348 1
282 369 1
282 393 1
282 396 1
282 577 1
292 19 1
292 75 1
292 176 1
292 273 1
292 356 1
292 615 1
298 13 1
298 149 1
298 255 1
298 275 1
298 781 1
299 765 1
304 56 1
304 169 1
304 308 1
304 367 1
304 630 1
315 138 1
324 18 1
324 23 1
324 33 1
324 85 1
324 118 1
324 173 1
324 202 1
324 206 1
324 289 1
324 317 1
324 341 1
324 347 1
324 382 1
324 453 1
324 532 1
324 592 1
324 674 1
325 122 1
330 357 1
331 63 1
331 68 1
331 281 1
337 28 1
337 84 1
337 394 1
339 3 1
339 5 1
339 25 1
339 51 1
339 110 1
339 126 1
339 178 1
339 326 1
339 343 1
339 360 1
339 491 1
339 792 1
342 173 1
342 409 1
344 14 1
344 19 1
344 36 1
344 37 1
344 46 1
344 134 1
344 144 1
344 153 1
344 176 1
344 197 1
344 200 1
344 208 1
344 210 1
344 237 1
344 240 1
344 292 1
344 295 1
344 333 1
344 357 1
344 369 1
344 382 1
344 388 1
344 392 1
344 574 1
344 580 1
345 7 1
345 58 1
345 85 1
345 117 1
345 195 1
345 285 1
345 374 1
345 416 1
345 472 1
345 627 1
346 20 1
346 48 1
346 71 1
346 165 1
346 191 1
346 220 1
346 228 1
346 277 1
346 312 1
346 318 1
346 334 1
346 336 1
346 379 1
349 101 1
358 54 1
358 328 1
359 5 1
359 85 1
359 98 1
359 184 1
359 238 1
359 239 1
359 302 1
362 106 1
369 14 1
370 79 1
376 345 1
376 384 1
378 223 1
380 217 1
380 260 1
380 287 1
380 329 1
380 372 1
385 12 1
385 47 1
385 115 1
385 147 1
385 202 1
385 320 1
385 351 1
385 824 1
389 325 1
391 146 1
401 120 1
401 611 1
405 130 1
408 96 1
408 489 1
413 2 1
413 5 1
413 13 1
413 45 1
413 57 1
413 70 1
413 87 1
413 107 1
413 118 1
413 137 1
413 153 1
413 155 1
413 157 1
413 168 1
413 180 1
413 249 1
413 255 1
413 264 1
413 276 1
413 278 1
413 290 1
413 314 1
413 349 1
413 352 1
413 399 1
413 404 1
413 616 1
415 23 1
417 365 1
418 238 1
418 351 1
418 419 1
420 243 1
