4 220 1
6 5 1
6 172 1
6 386 1
9 263 1
15 423 1
18 234 1
20 38 1
20 108 1
20 163 1
20 297 1
20 357 1
24 5 1
24 13 1
24 33 1
24 51 1
24 56 1
24 57 1
24 85 1
24 144 1
24 150 1
24 172 1
24 196 1
24 242 1
24 245 1
24 278 1
24 290 1
24 293 1
24 334 1
24 345 1
24 369 1
24 390 1
30 16 1
30 22 1
30 63 1
30 200 1
30 351 1
30 375 1
30 580 1
40 201 1
43 76 1
43 368 1
46 174 1
46 401 1
49 85 1
49 197 1
53 357 1
53 366 1
55 824 1
56 165 1
56 443 1
59 86 1
59 379 1
64 37 1
64 134 1
64 139 1
64 155 1
64 182 1
64 189 1
64 240 1
64 355 1
64 369 1
64 421 1
66 1 1
66 5 1
66 12 1
66 13 1
66 18 1
66 20 1
66 24 1
66 35 1
66 42 1
66 56 1
66 58 1
66 61 1
66 64 1
66 68 1
66 85 1
66 89 1
66 95 1
66 103 1
66 105 1
66 112 1
66 126 1
66 144 1
66 145 1
66 150 1
66 151 1
66 153 1
66 157 1
66 171 1
66 176 1
66 183 1
66 194 1
66 196 1
66 199 1
66 210 1
66 223 1
66 232 1
66 236 1
66 237 1
66 238 1
66 240 1
66 245 1
66 255 1
66 260 1
66 266 1
66 267 1
66 271 1
66 285 1
66 287 1
66 290 1
66 302 1
66 308 1
66 318 1
66 319 1
66 328 1
66 335 1
66 345 1
66 347 1
66 349 1
66 357 1
66 368 1
66 369 1
66 374 1
66 396 1
66 422 1
66 423 1
66 429 1
66 500 1
66 577 1
66 592 1
66 722 1
66 781 1
66 792 1
66 808 1
68 205 1
68 321 1
69 491 1
69 613 1
74 17 1
74 230 1
77 57 1
77 81 1
77 92 1
77 202 1
77 303 1
77 372 1
82 14 1
82 49 1
82 144 1
82 153 1
82 154 1
82 237 1
82 348 1
88 187 1
88 357 1
88 574 1
90 104 1
90 409 1
94 173 1
94 325 1
97 146 1
109 170 1
111 106 1
111 392 1
113 275 1
114 124 1
114 140 1
114 367 1
114 537 1
119 122 1
119 171 1
119 197 1
119 284 1
119 341 1
123 19 1
123 288 1
127 3 1
127 146 1
127 782 1
136 1 1
136 186 1
136 281 1
136 395 1
136 400 1
136 497 1
136 727 1
137 100 1
137 165 1
137 224 1
137 232 1
137 253 1
137 283 1
137 285 1
137 314 1
137 340 1
137 411 1
137 560 1
137 627 1
137 831 1
143 11 1
143 25 1
143 31 1
143 56 1
143 57 1
143 86 1
143 141 1
143 155 1
143 165 1
143 197 1
143 216 1
143 217 1
143 234 1
143 241 1
143 272 1
143 278 1
143 280 1
143 287 1
143 289 1
143 355 1
143 407 1
143 532 1
143 674 1
148 52 1
148 87 1
148 98 1
148 102 1
148 202 1
148 273 1
148 566 1
151 153 1
151 318 1
154 14 1
154 101 1
154 162 1
154 166 1
154 173 1
154 211 1
154 264 1
154 270 1
154 271 1
154 351 1
156 48 1
156 314 1
157 93 1
157 291 1
158 155 1
160 83 1
160 162 1
161 121 1
164 149 1
169 357 1
169 748 1
169 754 1
175 132 1
175 145 1
175 147 1
175 203 1
181 85 1
181 250 1
181 381 1
188 91 1
188 690 1
190 1 1
190 29 1
190 50 1
190 60 1
190 62 1
190 67 1
190 73 1
190 87 1
190 107 1
190 116 1
190 127 1
190 136 1
190 171 1
190 277 1
190 365 1
190 369 1
190 373 1
190 489 1
190 645 1
190 675 1
190 682 1
190 721 1
192 693 1
193 118 1
193 136 1
193 162 1
193 174 1
193 277 1
193 312 1
193 338 1
193 406 1
197 128 1
198 41 1
203 221 1
203 664 1
204 310 1
207 142 1
207 403 1
213 406 1
215 72 1
219 404 1
222 23 1
222 133 1
222 146 1
222 178 1
222 216 1
222 256 1
222 266 1
222 277 1
222 283 1
222 292 1
222 354 1
222 472 1
227 21 1
227 32 1
227 86 1
227 138 1
227 193 1
227 209 1
227 212 1
227 233 1
227 254 1
227 272 1
227 312 1
227 383 1
227 392 1
227 399 1
227 747 1
229 149 1
229 162 1
229 184 1
233 142 1
233 228 1
237 36 1
237 58 1
237 99 1
237 307 1
237 309 1
241 26 1
241 78 1
241 185 1
241 272 1
241 278 1
241 280 1
246 312 1
246 350 1
251 7 1
251 18 1
251 202 1
251 351 1
251 353 1
252 115 1
252 129 1
252 167 1
252 388 1
257 79 1
258 214 1
258 244 1
258 247 1
258 363 1
259 117 1
261 8 1
265 264 1
267 103 1
267 336 1
267 652 1
269 39 1
269 231 1
270 23 1
270 45 1
270 317 1
270 760 1
274 10 1
274 70 1
274 96 1
274 110 1
274 144 1
274 152 1
274 172 1
274 177 1
274 323 1
274 345 1
274 377 1
274 517 1
274 650 1
279 22 1
282 7 1
282 73 1
282 92 1
282 182 1
282 191 1
282 240 1
282 273 1
282 333 1
282 351 1
282 362 1
282 583 1
282 620 1
282 630 1
282 785 1
292 130 1
292 140 1
292 300 1
292 364 1
292 387 1
292 616 1
298 16 1
298 247 1
298 290 1
298 345 1
298 397 1
299 153 1
304 1 1
304 135 1
304 294 1
304 375 1
304 381 1
315 382 1
324 2 1
324 34 1
324 37 1
324 71 1
324 168 1
324 200 1
324 206 1
324 210 1
324 291 1
324 311 1
324 329 1
324 338 1
324 361 1
324 369 1
324 390 1
324 412 1
324 688 1
325 301 1
330 96 1
331 67 1
331 287 1
331 313 1
337 44 1
337 60 1
337 416 1
339 47 1
339 75 1
339 80 1
339 120 1
339 136 1
339 262 1
339 326 1
339 352 1
339 360 1
339 384 1
339 402 1
339 416 1
342 76 1
342 767 1
344 7 1
344 13 1
344 19 1
344 54 1
344 56 1
344 118 1
344 121 1
344 123 1
344 159 1
344 169 1
344 177 1
344 179 1
344 195 1
344 218 1
344 225 1
344 267 1
344 286 1
344 296 1
344 305 1
344 320 1
344 359 1
344 365 1
344 422 1
344 611 1
344 799 1
345 95 1
345 144 1
345 172 1
345 180 1
345 238 1
345 290 1
345 336 1
345 388 1
345 423 1
345 836 1
346 17 1
346 21 1
346 180 1
346 236 1
346 239 1
346 249 1
346 276 1
346 285 1
346 332 1
346 356 1
346 394 1
346 419 1
346 487 1
349 65 1
358 382 1
358 546 1
359 7 1
359 120 1
359 135 1
359 137 1
359 169 1
359 316 1
359 453 1
362 410 1
369 308 1
370 255 1
376 92 1
376 299 1
378 28 1
380 179 1
380 243 1
380 291 1
380 327 1
380 414 1
385 176 1
385 248 1
385 268 1
385 285 1
385 294 1
385 306 1
385 398 1
385 466 1
389 290 1
391 294 1
401 137 1
401 371 1
405 208 1
408 314 1
408 343 1
413 27 1
413 84 1
413 86 1
413 87 1
413 117 1
413 125 1
413 129 1
413 131 1
413 132 1
413 141 1
413 157 1
413 200 1
413 226 1
413 235 1
413 246 1
413 252 1
413 273 1
413 291 1
413 295 1
413 318 1
413 322 1
413 357 1
413 382 1
413 656 1
413 669 1
413 765 1
413 803 1
415 5 1
417 46 1
418 89 1
418 118 1
418 393 1
420 615 1
