4 406 1
6 65 1
6 73 1
6 129 1
9 173 1
15 169 1
18 1 1
20 17 1
20 140 1
20 351 1
20 357 1
20 497 1
24 7 1
24 49 1
24 57 1
24 73 1
24 87 1
24 103 1
24 120 1
24 136 1
24 138 1
24 174 1
24 210 1
24 246 1
24 252 1
24 268 1
24 271 1
24 312 1
24 314 1
24 323 1
24 373 1
24 406 1
30 2 1
30 11 1
30 13 1
30 141 1
30 221 1
30 312 1
30 799 1
40 341 1
43 104 1
43 368 1
46 287 1
46 318 1
49 99 1
49 136 1
53 137 1
53 289 1
55 70 1
56 232 1
56 301 1
59 532 1
59 650 1
64 48 1
64 136 1
64 153 1
64 266 1
64 283 1
64 290 1
64 308 1
64 345 1
64 375 1
64 767 1
66 5 1
66 13 1
66 16 1
66 18 1
66 20 1
66 29 1
66 44 1
66 56 1
66 64 1
66 68 1
66 78 1
66 84 1
66 85 1
66 87 1
66 92 1
66 107 1
66 123 1
66 125 1
66 128 1
66 130 1
66 144 1
66 153 1
66 157 1
66 170 1
66 172 1
66 193 1
66 200 1
66 201 1
66 202 1
66 203 1
66 208 1
66 210 1
66 218 1
66 232 1
66 233 1
66 234 1
66 235 1
66 236 1
66 240 1
66 243 1
66 244 1
66 247 1
66 248 1
66 250 1
66 253 1
66 260 1
66 263 1
66 264 1
66 273 1
66 278 1
66 280 1
66 285 1
66 287 1
66 290 1
66 291 1
66 295 1
66 310 1
66 321 1
66 325 1
66 334 1
66 338 1
66 349 1
66 351 1
66 357 1
66 361 1
66 363 1
66 374 1
66 383 1
66 394 1
66 423 1
66 466 1
66 627 1
66 727 1
68 56 1
68 620 1
69 212 1
69 421 1
74 101 1
74 141 1
77 25 1
77 194 1
77 245 1
77 276 1
77 293 1
77 350 1
82 31 1
82 35 1
82 86 1
82 140 1
82 179 1
82 206 1
82 317 1
88 155 1
88 255 1
88 291 1
90 401 1
90 747 1
94 353 1
94 392 1
97 372 1
109 177 1
111 17 1
111 336 1
113 75 1
114 180 1
114 189 1
114 270 1
114 365 1
119 51 1
119 93 1
119 171 1
119 200 1
119 419 1
123 10 1
123 682 1
127 135 1
127 382 1
127 566 1
136 149 1
136 217 1
136 226 1
136 228 1
136 266 1
136 314 1
136 357 1
137 7 1
137 24 1
137 32 1
137 36 1
137 58 1
137 103 1
137 166 1
137 254 1
137 290 1
137 312 1
137 348 1
137 369 1
137 748 1
143 62 1
143 86 1
143 117 1
143 118 1
143 142 1
143 150 1
143 195 1
143 234 1
143 236 1
143 262 1
143 327 1
143 335 1
143 340 1
143 356 1
143 364 1
143 379 1
143 390 1
143 393 1
143 395 1
143 400 1
143 414 1
143 645 1
143 652 1
148 5 1
148 177 1
148 273 1
148 314 1
148 574 1
148 577 1
148 690 1
151 185 1
151 403 1
154 95 1
154 174 1
154 199 1
154 216 1
154 281 1
154 294 1
154 300 1
154 410 1
154 487 1
154 669 1
156 238 1
156 423 1
157 273 1
157 287 1
158 26 1
160 290 1
160 345 1
161 230 1
164 79 1
169 306 1
169 491 1
169 803 1
175 132 1
175 355 1
175 443 1
175 792 1
181 760 1
181 782 1
181 836 1
188 291 1
188 302 1
190 13 1
190 34 1
190 50 1
190 54 1
190 71 1
190 85 1
190 102 1
190 122 1
190 179 1
190 205 1
190 224 1
190 231 1
190 275 1
190 285 1
190 309 1
190 392 1
190 412 1
190 453 1
190 500 1
190 611 1
190 675 1
190 785 1
192 365 1
193 57 1
193 87 1
193 92 1
193 144 1
193 202 1
193 272 1
193 329 1
193 422 1
197 1 1
198 16 1
203 286 1
203 338 1
204 357 1
207 240 1
207 357 1
213 247 1
215 57 1
219 92 1
222 22 1
222 112 1
222 171 1
222 271 1
222 305 1
222 307 1
222 360 1
222 368 1
222 371 1
222 537 1
222 580 1
222 664 1
227 19 1
227 81 1
227 98 1
227 110 1
227 124 1
227 129 1
227 149 1
227 225 1
227 249 1
227 264 1
227 316 1
227 320 1
227 386 1
227 407 1
227 416 1
229 63 1
229 126 1
229 157 1
233 245 1
233 357 1
237 96 1
237 169 1
237 280 1
237 288 1
237 722 1
241 14 1
241 23 1
241 186 1
241 196 1
241 343 1
241 688 1
246 131 1
246 151 1
251 86 1
251 116 1
251 242 1
251 277 1
251 388 1
252 67 1
252 178 1
252 180 1
252 278 1
257 96 1
258 23 1
258 159 1
258 173 1
258 808 1
259 351 1
261 100 1
265 220 1
267 52 1
267 121 1
267 294 1
269 85 1
269 240 1
270 37 1
270 76 1
270 162 1
270 313 1
274 8 1
274 33 1
274 117 1
274 134 1
274 145 1
274 146 1
274 165 1
274 237 1
274 272 1
274 345 1
274 354 1
274 369 1
274 416 1
279 377 1
282 1 1
282 46 1
282 56 1
282 72 1
282 76 1
282 139 1
282 197 1
282 318 1
282 328 1
282 332 1
282 333 1
282 347 1
282 366 1
282 616 1
292 47 1
292 155 1
292 237 1
292 272 1
292 336 1
292 397 1
298 165 1
298 285 1
298 352 1
298 765 1
298 824 1
299 162 1
304 132 1
304 187 1
304 311 1
304 367 1
304 656 1
315 209 1
324 12 1
324 22 1
324 61 1
324 89 1
324 91 1
324 108 1
324 127 1
324 184 1
324 196 1
324 214 1
324 241 1
324 284 1
324 285 1
324 326 1
324 382 1
324 404 1
324 423 1
325 144 1
330 176 1
331 223 1
331 256 1
331 517 1
337 58 1
337 396 1
337 402 1
339 89 1
339 144 1
339 153 1
339 168 1
339 216 1
339 297 1
339 362 1
339 398 1
339 409 1
339 422 1
339 721 1
339 754 1
342 7 1
342 382 1
344 3 1
344 27 1
344 28 1
344 115 1
344 118 1
344 144 1
344 172 1
344 182 1
344 197 1
344 239 1
344 277 1
344 278 1
344 291 1
344 292 1
344 322 1
344 355 1
344 381 1
344 384 1
344 390 1
344 489 1
344 560 1
344 583 1
344 615 1
344 693 1
344 831 1
345 21 1
345 37 1
345 42 1
345 135 1
345 152 1
345 172 1
345 308 1
345 369 1
345 375 1
345 630 1
346 1 1
346 5 1
346 7 1
346 18 1
346 60 1
346 137 1
346 146 1
346 155 1
346 197 1
346 318 1
346 381 1
346 387 1
346 388 1
349 200 1
358 162 1
358 781 1
359 39 1
359 121 1
359 142 1
359 176 1
359 267 1
359 283 1
359 296 1
362 319 1
369 146 1
370 60 1
376 171 1
376 277 1
378 183 1
380 5 1
380 38 1
380 118 1
380 147 1
380 153 1
385 45 1
385 85 1
385 86 1
385 145 1
385 167 1
385 255 1
385 369 1
385 411 1
389 351 1
391 80 1
401 106 1
401 290 1
405 202 1
408 211 1
408 472 1
413 14 1
413 19 1
413 21 1
413 41 1
413 56 1
413 67 1
413 83 1
413 95 1
413 150 1
413 154 1
413 162 1
413 165 1
413 172 1
413 182 1
413 191 1
413 238 1
413 267 1
413 294 1
413 299 1
413 303 1
413 345 1
413 359 1
413 369 1
413 399 1
413 546 1
413 613 1
413 674 1
415 592 1
417 105 1
418 120 1
418 163 1
418 429 1
420 133 1
