4 620 1
6 136 1
6 375 1
6 392 1
9 592 1
15 416 1
18 151 1
20 184 1
20 206 1
20 271 1
20 301 1
20 491 1
24 5 1
24 23 1
24 29 1
24 48 1
24 91 1
24 107 1
24 116 1
24 129 1
24 132 1
24 149 1
24 162 1
24 186 1
24 200 1
24 234 1
24 241 1
24 273 1
24 285 1
24 290 1
24 291 1
24 366 1
30 67 1
30 92 1
30 118 1
30 157 1
30 323 1
30 357 1
30 360 1
40 319 1
43 373 1
43 382 1
46 200 1
46 245 1
49 240 1
49 410 1
53 162 1
53 351 1
55 355 1
56 96 1
56 197 1
59 22 1
59 348 1
64 47 1
64 135 1
64 210 1
64 267 1
64 297 1
64 306 1
64 368 1
64 379 1
64 497 1
64 616 1
66 5 1
66 7 1
66 8 1
66 17 1
66 21 1
66 24 1
66 35 1
66 50 1
66 56 1
66 57 1
66 58 1
66 64 1
66 67 1
66 68 1
66 86 1
66 93 1
66 96 1
66 129 1
66 134 1
66 135 1
66 136 1
66 137 1
66 139 1
66 162 1
66 163 1
66 169 1
66 171 1
66 172 1
66 173 1
66 185 1
66 195 1
66 200 1
66 234 1
66 239 1
66 244 1
66 246 1
66 250 1
66 266 1
66 267 1
66 280 1
66 281 1
66 285 1
66 290 1
66 291 1
66 292 1
66 303 1
66 310 1
66 312 1
66 333 1
66 335 1
66 345 1
66 347 1
66 349 1
66 351 1
66 353 1
66 357 1
66 361 1
66 365 1
66 368 1
66 369 1
66 397 1
66 399 1
66 402 1
66 412 1
66 422 1
66 423 1
66 472 1
66 500 1
66 577 1
66 627 1
66 765 1
66 782 1
66 824 1
68 65 1
68 172 1
69 44 1
69 423 1
74 217 1
74 352 1
77 56 1
77 73 1
77 197 1
77 240 1
77 262 1
77 280 1
82 80 1
82 136 1
82 245 1
82 264 1
82 300 1
82 345 1
82 372 1
88 16 1
88 255 1
88 384 1
90 45 1
90 390 1
94 230 1
94 369 1
97 421 1
109 83 1
111 79 1
111 194 1
113 236 1
114 146 1
114 242 1
114 343 1
114 414 1
119 22 1
119 159 1
119 177 1
119 199 1
119 236 1
123 51 1
123 799 1
127 12 1
127 187 1
127 327 1
136 85 1
136 171 1
136 173 1
136 293 1
136 357 1
136 365 1
136 392 1
137 18 1
137 25 1
137 58 1
137 76 1
137 86 1
137 118 1
137 144 1
137 193 1
137 277 1
137 313 1
137 326 1
137 682 1
137 836 1
143 11 1
143 16 1
143 28 1
143 39 1
143 103 1
143 147 1
143 153 1
143 168 1
143 178 1
143 232 1
143 264 1
143 332 1
143 340 1
143 341 1
143 356 1
143 362 1
143 369 1
143 381 1
143 387 1
143 393 1
143 664 1
143 748 1
143 754 1
148 7 1
148 49 1
148 110 1
148 115 1
148 273 1
148 291 1
148 803 1
151 37 1
151 224 1
154 41 1
154 46 1
154 56 1
154 60 1
154 61 1
154 223 1
154 271 1
154 390 1
154 669 1
154 721 1
156 102 1
156 722 1
157 177 1
157 357 1
158 180 1
160 104 1
160 155 1
161 237 1
164 377 1
169 7 1
169 290 1
169 560 1
175 191 1
175 209 1
175 243 1
175 674 1
181 182 1
181 317 1
181 336 1
188 42 1
188 95 1
190 1 1
190 3 1
190 86 1
190 105 1
190 126 1
190 146 1
190 153 1
190 165 1
190 205 1
190 210 1
190 232 1
190 260 1
190 294 1
190 296 1
190 308 1
190 309 1
190 314 1
190 316 1
190 363 1
190 401 1
190 429 1
190 645 1
192 133 1
193 10 1
193 75 1
193 108 1
193 165 1
193 355 1
193 367 1
193 382 1
193 781 1
197 38 1
198 180 1
203 95 1
203 566 1
204 142 1
207 285 1
207 369 1
213 375 1
215 290 1
219 196 1
222 99 1
222 150 1
222 226 1
222 228 1
222 238 1
222 266 1
222 272 1
222 278 1
222 286 1
222 314 1
222 354 1
222 364 1
227 72 1
227 128 1
227 149 1
227 155 1
227 169 1
227 203 1
227 263 1
227 299 1
227 318 1
227 351 1
227 359 1
227 374 1
227 404 1
227 453 1
227 630 1
229 85 1
229 255 1
229 382 1
233 33 1
233 308 1
237 92 1
237 172 1
237 182 1
237 216 1
237 443 1
241 5 1
241 31 1
241 70 1
241 130 1
241 132 1
241 162 1
246 289 1
246 357 1
251 87 1
251 112 1
251 272 1
251 345 1
251 831 1
252 21 1
252 125 1
252 144 1
252 336 1
257 13 1
258 73 1
258 146 1
258 189 1
258 383 1
259 419 1
261 14 1
265 400 1
267 86 1
267 145 1
267 174 1
269 196 1
269 760 1
270 137 1
270 140 1
270 144 1
270 238 1
274 7 1
274 37 1
274 92 1
274 140 1
274 256 1
274 275 1
274 278 1
274 386 1
274 422 1
274 532 1
274 675 1
274 688 1
274 747 1
279 574 1
282 20 1
282 26 1
282 54 1
282 98 1
282 122 1
282 141 1
282 197 1
282 231 1
282 237 1
282 290 1
282 345 1
282 395 1
282 466 1
282 650 1
292 17 1
292 36 1
292 106 1
292 121 1
292 369 1
292 808 1
298 2 1
298 19 1
298 27 1
298 216 1
298 276 1
299 165 1
304 153 1
304 179 1
304 283 1
304 307 1
304 792 1
315 767 1
324 1 1
324 5 1
324 32 1
324 57 1
324 71 1
324 89 1
324 101 1
324 141 1
324 166 1
324 240 1
324 287 1
324 305 1
324 322 1
324 350 1
324 546 1
324 611 1
324 727 1
325 409 1
330 283 1
331 142 1
331 371 1
331 693 1
337 78 1
337 157 1
337 396 1
339 1 1
339 18 1
339 23 1
339 52 1
339 89 1
339 202 1
339 225 1
339 249 1
339 277 1
339 287 1
339 318 1
339 487 1
342 76 1
342 121 1
344 13 1
344 85 1
344 117 1
344 120 1
344 123 1
344 138 1
344 144 1
344 153 1
344 176 1
344 202 1
344 233 1
344 252 1
344 272 1
344 278 1
344 284 1
344 285 1
344 294 1
344 311 1
344 321 1
344 338 1
344 388 1
344 403 1
344 407 1
344 423 1
344 690 1
345 57 1
345 60 1
345 84 1
345 87 1
345 124 1
345 154 1
345 312 1
345 351 1
345 381 1
345 517 1
346 81 1
346 100 1
346 118 1
346 171 1
346 176 1
346 211 1
346 212 1
346 214 1
346 248 1
346 268 1
346 338 1
346 394 1
346 656 1
349 357 1
358 85 1
358 320 1
359 56 1
359 152 1
359 155 1
359 295 1
359 398 1
359 583 1
359 785 1
362 208 1
369 406 1
370 34 1
376 314 1
376 411 1
378 201 1
380 170 1
380 221 1
380 247 1
380 615 1
380 652 1
385 19 1
385 62 1
385 144 1
385 270 1
385 291 1
385 416 1
385 489 1
385 580 1
389 183 1
391 145 1
401 1 1
401 218 1
405 150 1
408 167 1
408 312 1
413 13 1
413 63 1
413 87 1
413 103 1
413 117 1
413 120 1
413 127 1
413 131 1
413 172 1
413 174 1
413 179 1
413 202 1
413 235 1
413 247 1
413 253 1
413 254 1
413 273 1
413 277 1
413 287 1
413 294 1
413 302 1
413 318 1
413 325 1
413 329 1
413 334 1
413 388 1
413 406 1
415 288 1
417 328 1
418 14 1
418 537 1
418 613 1
420 220 1
