4 263 1
6 135 1
6 379 1
6 566 1
9 411 1
15 80 1
18 150 1
20 117 1
20 234 1
20 286 1
20 317 1
20 388 1
24 5 1
24 57 1
24 62 1
24 100 1
24 103 1
24 173 1
24 186 1
24 200 1
24 202 1
24 232 1
24 240 1
24 268 1
24 290 1
24 322 1
24 347 1
24 365 1
24 395 1
24 412 1
24 767 1
24 799 1
30 27 1
30 144 1
30 176 1
30 311 1
30 343 1
30 357 1
30 727 1
40 241 1
43 355 1
43 580 1
46 7 1
46 180 1
49 10 1
49 443 1
53 182 1
53 276 1
55 159 1
56 37 1
56 400 1
59 290 1
59 368 1
64 63 1
64 137 1
64 184 1
64 235 1
64 238 1
64 302 1
64 333 1
64 351 1
64 381 1
64 419 1
66 14 1
66 18 1
66 29 1
66 32 1
66 37 1
66 46 1
66 56 1
66 58 1
66 67 1
66 73 1
66 75 1
66 85 1
66 89 1
66 96 1
66 101 1
66 120 1
66 124 1
66 125 1
66 132 1
66 133 1
66 137 1
66 144 1
66 150 1
66 152 1
66 153 1
66 167 1
66 168 1
66 169 1
66 172 1
66 173 1
66 180 1
66 191 1
66 197 1
66 199 1
66 205 1
66 216 1
66 224 1
66 233 1
66 234 1
66 237 1
66 239 1
66 246 1
66 255 1
66 256 1
66 271 1
66 280 1
66 281 1
66 291 1
66 299 1
66 300 1
66 335 1
66 338 1
66 340 1
66 354 1
66 357 1
66 362 1
66 372 1
66 374 1
66 377 1
66 394 1
66 397 1
66 402 1
66 403 1
66 407 1
66 422 1
66 472 1
66 497 1
66 546 1
66 615 1
66 627 1
66 682 1
66 693 1
66 748 1
68 31 1
68 142 1
69 51 1
69 674 1
74 87 1
74 291 1
77 108 1
77 118 1
77 131 1
77 287 1
77 489 1
77 781 1
82 76 1
82 118 1
82 163 1
82 273 1
82 386 1
82 398 1
82 721 1
88 130 1
88 226 1
88 369 1
90 352 1
90 416 1
94 162 1
94 208 1
97 145 1
109 416 1
111 44 1
111 177 1
113 57 1
114 202 1
114 287 1
114 366 1
114 421 1
119 21 1
119 267 1
119 308 1
119 392 1
119 690 1
123 196 1
123 747 1
127 19 1
127 146 1
127 294 1
136 49 1
136 81 1
136 92 1
136 170 1
136 189 1
136 351 1
136 369 1
137 1 1
137 7 1
137 14 1
137 42 1
137 151 1
137 157 1
137 172 1
137 245 1
137 247 1
137 255 1
137 271 1
137 289 1
137 803 1
143 11 1
143 86 1
143 103 1
143 139 1
143 144 1
143 153 1
143 154 1
143 165 1
143 177 1
143 179 1
143 193 1
143 225 1
143 240 1
143 273 1
143 277 1
143 305 1
143 312 1
143 318 1
143 345 1
143 356 1
143 369 1
143 592 1
143 645 1
148 98 1
148 138 1
148 252 1
148 254 1
148 278 1
148 350 1
148 369 1
151 230 1
151 373 1
154 25 1
154 86 1
154 87 1
154 144 1
154 153 1
154 277 1
154 341 1
154 349 1
154 381 1
154 836 1
156 334 1
156 401 1
157 200 1
157 247 1
158 7 1
160 171 1
160 453 1
161 60 1
164 316 1
169 58 1
169 245 1
169 390 1
175 141 1
175 155 1
175 172 1
175 273 1
181 21 1
181 277 1
181 326 1
188 86 1
188 110 1
190 8 1
190 13 1
190 22 1
190 50 1
190 64 1
190 91 1
190 92 1
190 129 1
190 136 1
190 149 1
190 187 1
190 203 1
190 214 1
190 266 1
190 294 1
190 314 1
190 351 1
190 357 1
190 369 1
190 414 1
190 620 1
190 831 1
192 105 1
193 72 1
193 129 1
193 174 1
193 209 1
193 217 1
193 267 1
193 295 1
193 359 1
197 285 1
198 128 1
203 71 1
203 351 1
204 26 1
207 174 1
207 353 1
213 13 1
215 162 1
219 357 1
222 17 1
222 54 1
222 56 1
222 85 1
222 99 1
222 270 1
222 314 1
222 325 1
222 327 1
222 384 1
222 392 1
222 410 1
227 1 1
227 23 1
227 33 1
227 56 1
227 95 1
227 96 1
227 121 1
227 123 1
227 127 1
227 140 1
227 146 1
227 210 1
227 243 1
227 574 1
227 577 1
229 102 1
229 107 1
229 537 1
233 197 1
233 382 1
237 85 1
237 93 1
237 285 1
237 291 1
237 422 1
241 5 1
241 68 1
241 240 1
241 409 1
241 583 1
241 630 1
246 169 1
246 357 1
251 7 1
251 142 1
251 166 1
251 314 1
251 321 1
252 41 1
252 116 1
252 278 1
252 323 1
257 616 1
258 18 1
258 231 1
258 280 1
258 338 1
259 754 1
261 36 1
265 329 1
267 291 1
267 308 1
267 375 1
269 134 1
269 196 1
270 16 1
270 126 1
270 382 1
270 383 1
274 121 1
274 136 1
274 165 1
274 236 1
274 244 1
274 248 1
274 264 1
274 266 1
274 278 1
274 309 1
274 328 1
274 423 1
274 487 1
279 39 1
282 17 1
282 28 1
282 165 1
282 236 1
282 260 1
282 272 1
282 307 1
282 318 1
282 320 1
282 345 1
282 652 1
282 688 1
282 765 1
282 792 1
292 5 1
292 83 1
292 86 1
292 262 1
292 406 1
292 423 1
298 67 1
298 122 1
298 176 1
298 212 1
298 371 1
299 120 1
304 1 1
304 23 1
304 52 1
304 147 1
304 206 1
315 155 1
324 16 1
324 48 1
324 144 1
324 272 1
324 290 1
324 296 1
324 297 1
324 303 1
324 336 1
324 357 1
324 364 1
324 382 1
324 396 1
324 466 1
324 500 1
324 669 1
324 722 1
325 283 1
330 140 1
331 146 1
331 336 1
331 611 1
337 78 1
337 310 1
337 760 1
339 13 1
339 65 1
339 194 1
339 232 1
339 237 1
339 285 1
339 312 1
339 319 1
339 429 1
339 560 1
339 650 1
339 675 1
342 135 1
342 228 1
344 20 1
344 24 1
344 84 1
344 85 1
344 89 1
344 95 1
344 117 1
344 141 1
344 157 1
344 171 1
344 195 1
344 200 1
344 201 1
344 202 1
344 218 1
344 253 1
344 264 1
344 288 1
344 290 1
344 306 1
344 348 1
344 393 1
344 404 1
344 423 1
344 808 1
345 5 1
345 162 1
345 179 1
345 182 1
345 272 1
345 312 1
345 318 1
345 360 1
345 785 1
345 824 1
346 2 1
346 45 1
346 70 1
346 171 1
346 178 1
346 220 1
346 275 1
346 284 1
346 313 1
346 332 1
346 368 1
346 532 1
346 656 1
349 61 1
358 216 1
358 250 1
359 3 1
359 22 1
359 60 1
359 106 1
359 162 1
359 294 1
359 613 1
362 197 1
369 367 1
370 57 1
376 115 1
376 285 1
378 390 1
380 221 1
380 292 1
380 293 1
380 388 1
380 406 1
385 12 1
385 87 1
385 112 1
385 149 1
385 153 1
385 172 1
385 183 1
385 283 1
389 223 1
391 118 1
401 132 1
401 365 1
405 363 1
408 73 1
408 375 1
413 1 1
413 19 1
413 34 1
413 35 1
413 38 1
413 47 1
413 56 1
413 76 1
413 79 1
413 92 1
413 104 1
413 136 1
413 155 1
413 185 1
413 210 1
413 211 1
413 238 1
413 242 1
413 249 1
413 287 1
413 301 1
413 355 1
413 361 1
413 399 1
413 517 1
413 664 1
413 782 1
415 145 1
417 345 1
418 345 1
418 387 1
418 491 1
420 290 1
