4 748 1
6 73 1
6 243 1
6 338 1
9 139 1
15 238 1
18 7 1
20 272 1
20 273 1
20 287 1
20 318 1
20 652 1
24 17 1
24 18 1
24 26 1
24 67 1
24 86 1
24 89 1
24 99 1
24 146 1
24 162 1
24 191 1
24 202 1
24 221 1
24 266 1
24 271 1
24 294 1
24 350 1
24 411 1
24 412 1
24 419 1
24 422 1
30 63 1
30 170 1
30 205 1
30 351 1
30 409 1
30 416 1
30 580 1
40 16 1
43 206 1
43 250 1
46 197 1
46 290 1
49 121 1
49 336 1
53 171 1
53 202 1
55 1 1
56 232 1
56 267 1
59 690 1
59 831 1
64 172 1
64 210 1
64 253 1
64 268 1
64 290 1
64 300 1
64 310 1
64 361 1
64 381 1
64 566 1
66 5 1
66 13 1
66 20 1
66 33 1
66 36 1
66 46 1
66 56 1
66 57 1
66 60 1
66 70 1
66 78 1
66 81 1
66 84 1
66 87 1
66 91 1
66 92 1
66 103 1
66 112 1
66 115 1
66 117 1
66 130 1
66 135 1
66 136 1
66 137 1
66 140 1
66 144 1
66 153 1
66 169 1
66 171 1
66 177 1
66 197 1
66 200 1
66 201 1
66 210 1
66 211 1
66 224 1
66 237 1
66 241 1
66 247 1
66 255 1
66 260 1
66 264 1
66 267 1
66 273 1
66 285 1
66 290 1
66 299 1
66 306 1
66 308 1
66 311 1
66 318 1
66 328 1
66 336 1
66 345 1
66 349 1
66 357 1
66 359 1
66 363 1
66 369 1
66 373 1
66 382 1
66 392 1
66 396 1
66 423 1
66 487 1
66 546 1
66 630 1
66 650 1
66 754 1
66 782 1
66 799 1
66 808 1
66 824 1
68 280 1
68 592 1
69 401 1
69 645 1
74 2 1
74 781 1
77 92 1
77 141 1
77 240 1
77 365 1
77 577 1
77 722 1
82 133 1
82 154 1
82 196 1
82 278 1
82 285 1
82 287 1
82 340 1
88 19 1
88 120 1
88 167 1
90 152 1
90 393 1
94 235 1
94 302 1
97 8 1
109 321 1
111 117 1
111 351 1
113 76 1
114 72 1
114 283 1
114 394 1
114 453 1
119 163 1
119 280 1
119 383 1
119 404 1
119 615 1
123 86 1
123 126 1
127 11 1
127 174 1
127 277 1
136 7 1
136 155 1
136 171 1
136 231 1
136 320 1
136 466 1
136 491 1
137 54 1
137 73 1
137 93 1
137 176 1
137 200 1
137 208 1
137 355 1
137 357 1
137 372 1
137 410 1
137 583 1
137 721 1
137 760 1
143 1 1
143 7 1
143 34 1
143 38 1
143 39 1
143 68 1
143 102 1
143 136 1
143 144 1
143 155 1
143 172 1
143 173 1
143 212 1
143 216 1
143 263 1
143 264 1
143 270 1
143 285 1
143 287 1
143 290 1
143 351 1
143 352 1
143 355 1
148 14 1
148 62 1
148 228 1
148 236 1
148 338 1
148 345 1
148 388 1
151 162 1
151 239 1
154 37 1
154 49 1
154 96 1
154 196 1
154 278 1
154 294 1
154 322 1
154 384 1
154 416 1
154 674 1
156 142 1
156 387 1
157 242 1
157 664 1
158 1 1
160 313 1
160 767 1
161 5 1
164 292 1
169 56 1
169 247 1
169 316 1
175 151 1
175 218 1
175 245 1
175 284 1
181 128 1
181 179 1
181 334 1
188 95 1
188 174 1
190 32 1
190 41 1
190 45 1
190 80 1
190 85 1
190 110 1
190 124 1
190 131 1
190 150 1
190 182 1
190 195 1
190 202 1
190 220 1
190 278 1
190 289 1
190 307 1
190 347 1
190 365 1
190 382 1
190 395 1
190 620 1
190 656 1
192 3 1
193 146 1
193 162 1
193 248 1
193 314 1
193 323 1
193 335 1
193 362 1
193 497 1
197 5 1
198 402 1
203 345 1
203 406 1
204 108 1
207 159 1
207 178 1
213 377 1
215 317 1
219 390 1
222 22 1
222 60 1
222 92 1
222 122 1
222 149 1
222 168 1
222 293 1
222 326 1
222 371 1
222 381 1
222 406 1
222 423 1
227 37 1
227 52 1
227 101 1
227 104 1
227 132 1
227 157 1
227 199 1
227 246 1
227 266 1
227 288 1
227 295 1
227 332 1
227 368 1
227 423 1
227 675 1
229 360 1
229 422 1
229 489 1
233 31 1
233 85 1
237 169 1
237 244 1
237 256 1
237 329 1
237 537 1
241 48 1
241 57 1
241 129 1
241 153 1
241 357 1
241 369 1
246 132 1
246 421 1
251 144 1
251 296 1
251 303 1
251 627 1
251 765 1
252 173 1
252 232 1
252 388 1
252 747 1
257 107 1
258 22 1
258 223 1
258 262 1
258 366 1
259 275 1
261 96 1
265 390 1
267 155 1
267 254 1
267 290 1
269 145 1
269 517 1
270 47 1
270 144 1
270 364 1
270 616 1
274 13 1
274 56 1
274 58 1
274 87 1
274 95 1
274 150 1
274 180 1
274 230 1
274 273 1
274 301 1
274 375 1
274 688 1
274 693 1
279 276 1
282 10 1
282 16 1
282 19 1
282 23 1
282 106 1
282 138 1
282 142 1
282 194 1
282 209 1
282 245 1
282 283 1
282 386 1
282 398 1
282 472 1
292 23 1
292 75 1
292 129 1
292 312 1
292 343 1
292 727 1
298 35 1
298 64 1
298 172 1
298 240 1
298 294 1
299 392 1
304 103 1
304 183 1
304 368 1
304 379 1
304 429 1
315 225 1
324 27 1
324 85 1
324 137 1
324 145 1
324 165 1
324 166 1
324 189 1
324 216 1
324 252 1
324 291 1
324 314 1
324 318 1
324 319 1
324 357 1
324 403 1
324 443 1
324 532 1
325 165 1
330 85 1
331 1 1
331 407 1
331 836 1
337 58 1
337 116 1
337 286 1
339 29 1
339 87 1
339 105 1
339 121 1
339 127 1
339 136 1
339 141 1
339 153 1
339 197 1
339 217 1
339 277 1
339 560 1
342 7 1
342 291 1
344 28 1
344 51 1
344 76 1
344 83 1
344 146 1
344 149 1
344 162 1
344 165 1
344 180 1
344 186 1
344 193 1
344 203 1
344 234 1
344 249 1
344 285 1
344 305 1
344 314 1
344 341 1
344 345 1
344 351 1
344 353 1
344 369 1
344 414 1
344 792 1
344 803 1
345 5 1
345 17 1
345 24 1
345 44 1
345 135 1
345 177 1
345 200 1
345 240 1
345 397 1
345 613 1
346 18 1
346 21 1
346 79 1
346 86 1
346 100 1
346 179 1
346 226 1
346 238 1
346 309 1
346 327 1
346 357 1
346 399 1
346 500 1
349 56 1
358 185 1
358 356 1
359 42 1
359 118 1
359 234 1
359 237 1
359 308 1
359 333 1
359 682 1
362 172 1
369 57 1
370 176 1
376 13 1
376 382 1
378 120 1
380 50 1
380 118 1
380 297 1
380 325 1
380 354 1
385 67 1
385 98 1
385 182 1
385 214 1
385 233 1
385 272 1
385 291 1
385 369 1
389 312 1
391 61 1
401 125 1
401 187 1
405 271 1
408 71 1
408 140 1
413 12 1
413 21 1
413 25 1
413 65 1
413 86 1
413 89 1
413 123 1
413 134 1
413 147 1
413 153 1
413 157 1
413 236 1
413 255 1
413 272 1
413 277 1
413 281 1
413 291 1
413 357 1
413 367 1
413 369 1
413 374 1
413 375 1
413 400 1
413 574 1
413 611 1
413 669 1
413 785 1
415 144 1
417 184 1
418 14 1
418 118 1
418 348 1
420 312 1
