4 8 1
6 140 1
6 537 1
6 592 1
9 332 1
15 392 1
18 172 1
20 10 1
20 47 1
20 184 1
20 343 1
20 398 1
24 23 1
24 37 1
24 57 1
24 70 1
24 71 1
24 86 1
24 87 1
24 115 1
24 150 1
24 176 1
24 208 1
24 264 1
24 285 1
24 291 1
24 300 1
24 351 1
24 422 1
24 580 1
24 688 1
24 760 1
30 139 1
30 141 1
30 328 1
30 336 1
30 365 1
30 406 1
30 491 1
40 95 1
43 51 1
43 409 1
46 166 1
46 280 1
49 50 1
49 650 1
53 37 1
53 245 1
55 291 1
56 5 1
56 162 1
59 75 1
59 785 1
64 56 1
64 131 1
64 199 1
64 233 1
64 245 1
64 272 1
64 336 1
64 365 1
64 630 1
64 675 1
66 1 1
66 2 1
66 13 1
66 19 1
66 27 1
66 44 1
66 49 1
66 58 1
66 73 1
66 76 1
66 78 1
66 79 1
66 92 1
66 95 1
66 105 1
66 110 1
66 120 1
66 126 1
66 128 1
66 142 1
66 144 1
66 162 1
66 169 1
66 171 1
66 178 1
66 180 1
66 182 1
66 189 1
66 193 1
66 197 1
66 205 1
66 216 1
66 221 1
66 230 1
66 231 1
66 234 1
66 241 1
66 244 1
66 254 1
66 264 1
66 267 1
66 271 1
66 273 1
66 277 1
66 285 1
66 292 1
66 295 1
66 296 1
66 302 1
66 303 1
66 314 1
66 322 1
66 357 1
66 359 1
66 368 1
66 369 1
66 375 1
66 381 1
66 382 1
66 392 1
66 393 1
66 403 1
66 404 1
66 414 1
66 416 1
66 421 1
66 422 1
66 423 1
66 487 1
66 560 1
66 611 1
66 627 1
66 722 1
68 21 1
68 56 1
69 228 1
69 836 1
74 134 1
74 410 1
77 7 1
77 38 1
77 57 1
77 58 1
77 155 1
77 203 1
82 117 1
82 335 1
82 369 1
82 384 1
82 412 1
82 453 1
82 652 1
88 106 1
88 165 1
88 329 1
90 118 1
90 340 1
94 353 1
94 767 1
97 347 1
109 132 1
111 39 1
111 177 1
113 247 1
114 191 1
114 255 1
114 364 1
114 375 1
119 83 1
119 223 1
119 291 1
119 402 1
119 466 1
123 87 1
123 352 1
127 25 1
127 135 1
127 146 1
136 54 1
136 92 1
136 96 1
136 107 1
136 153 1
136 423 1
136 656 1
137 28 1
137 62 1
137 92 1
137 125 1
137 136 1
137 140 1
137 145 1
137 266 1
137 373 1
137 390 1
137 407 1
137 416 1
137 792 1
143 56 1
143 57 1
143 64 1
143 65 1
143 86 1
143 98 1
143 127 1
143 135 1
143 137 1
143 162 1
143 200 1
143 253 1
143 266 1
143 270 1
143 272 1
143 310 1
143 313 1
143 345 1
143 372 1
143 377 1
143 394 1
143 664 1
143 748 1
148 34 1
148 136 1
148 176 1
148 179 1
148 212 1
148 268 1
148 472 1
151 305 1
151 320 1
154 13 1
154 144 1
154 172 1
154 196 1
154 197 1
154 202 1
154 249 1
154 288 1
154 309 1
154 357 1
156 186 1
156 345 1
157 312 1
157 350 1
158 236 1
160 308 1
160 333 1
161 397 1
164 122 1
169 12 1
169 144 1
169 369 1
175 91 1
175 201 1
175 374 1
175 645 1
181 33 1
181 348 1
181 546 1
188 60 1
188 165 1
190 5 1
190 48 1
190 99 1
190 102 1
190 103 1
190 124 1
190 129 1
190 144 1
190 187 1
190 202 1
190 234 1
190 237 1
190 252 1
190 273 1
190 278 1
190 287 1
190 312 1
190 318 1
190 357 1
190 362 1
190 388 1
190 443 1
192 411 1
193 19 1
193 63 1
193 151 1
193 162 1
193 243 1
193 285 1
193 367 1
193 381 1
197 76 1
198 26 1
203 142 1
203 721 1
204 566 1
207 153 1
207 799 1
213 46 1
215 682 1
219 299 1
222 5 1
222 85 1
222 172 1
222 173 1
222 196 1
222 210 1
222 301 1
222 308 1
222 355 1
222 382 1
222 583 1
222 615 1
227 1 1
227 11 1
227 17 1
227 20 1
227 23 1
227 24 1
227 41 1
227 52 1
227 60 1
227 137 1
227 242 1
227 285 1
227 290 1
227 334 1
227 351 1
229 174 1
229 218 1
229 225 1
233 1 1
233 357 1
237 103 1
237 209 1
237 278 1
237 287 1
237 312 1
241 1 1
241 271 1
241 273 1
241 284 1
241 291 1
241 390 1
246 217 1
246 294 1
251 118 1
251 316 1
251 345 1
251 406 1
251 803 1
252 45 1
252 167 1
252 325 1
252 357 1
257 355 1
258 118 1
258 123 1
258 419 1
258 808 1
259 765 1
261 18 1
265 276 1
267 130 1
267 149 1
267 290 1
269 287 1
269 363 1
270 101 1
270 239 1
270 272 1
270 317 1
274 16 1
274 29 1
274 72 1
274 89 1
274 116 1
274 129 1
274 194 1
274 197 1
274 224 1
274 236 1
274 277 1
274 297 1
274 489 1
279 831 1
282 5 1
282 86 1
282 108 1
282 157 1
282 159 1
282 165 1
282 177 1
282 240 1
282 248 1
282 281 1
282 311 1
282 366 1
282 517 1
282 754 1
292 144 1
292 214 1
292 263 1
292 361 1
292 368 1
292 423 1
298 7 1
298 16 1
298 195 1
298 232 1
298 256 1
299 238 1
304 22 1
304 202 1
304 206 1
304 278 1
304 283 1
315 323 1
324 7 1
324 13 1
324 14 1
324 17 1
324 67 1
324 146 1
324 147 1
324 170 1
324 237 1
324 240 1
324 250 1
324 290 1
324 351 1
324 399 1
324 429 1
324 574 1
324 690 1
325 747 1
330 180 1
331 183 1
331 383 1
331 396 1
337 87 1
337 146 1
337 338 1
339 14 1
339 85 1
339 121 1
339 171 1
339 246 1
339 280 1
339 294 1
339 318 1
339 319 1
339 369 1
339 401 1
339 781 1
342 21 1
342 68 1
344 67 1
344 85 1
344 89 1
344 93 1
344 117 1
344 149 1
344 154 1
344 163 1
344 185 1
344 200 1
344 211 1
344 260 1
344 267 1
344 277 1
344 289 1
344 290 1
344 307 1
344 321 1
344 326 1
344 356 1
344 388 1
344 395 1
344 500 1
344 669 1
344 727 1
345 100 1
345 138 1
345 152 1
345 200 1
345 238 1
345 240 1
345 247 1
345 357 1
345 532 1
345 620 1
346 32 1
346 36 1
346 120 1
346 155 1
346 168 1
346 173 1
346 306 1
346 314 1
346 338 1
346 341 1
346 613 1
346 674 1
346 824 1
349 351 1
358 141 1
358 354 1
359 35 1
359 73 1
359 150 1
359 182 1
359 262 1
359 314 1
359 577 1
362 7 1
369 121 1
370 782 1
376 235 1
376 349 1
378 345 1
380 133 1
380 157 1
380 275 1
380 294 1
380 327 1
385 80 1
385 81 1
385 86 1
385 104 1
385 210 1
385 286 1
385 290 1
385 379 1
389 179 1
391 153 1
401 318 1
401 369 1
405 226 1
408 255 1
408 400 1
413 18 1
413 22 1
413 42 1
413 56 1
413 84 1
413 85 1
413 96 1
413 112 1
413 132 1
413 136 1
413 145 1
413 153 1
413 155 1
413 169 1
413 171 1
413 172 1
413 174 1
413 216 1
413 220 1
413 232 1
413 293 1
413 360 1
413 371 1
413 382 1
413 386 1
413 387 1
413 497 1
415 693 1
417 3 1
418 31 1
418 61 1
418 283 1
420 616 1
