4 172 1
6 366 1
6 402 1
6 792 1
9 98 1
15 281 1
18 292 1
20 169 1
20 201 1
20 232 1
20 285 1
20 365 1
24 5 1
24 37 1
24 136 1
24 155 1
24 168 1
24 191 1
24 196 1
24 197 1
24 221 1
24 228 1
24 250 1
24 294 1
24 303 1
24 329 1
24 333 1
24 345 1
24 359 1
24 406 1
24 443 1
24 487 1
30 23 1
30 42 1
30 52 1
30 142 1
30 155 1
30 184 1
30 615 1
40 11 1
43 287 1
43 362 1
46 27 1
46 532 1
49 102 1
49 411 1
53 172 1
53 409 1
55 128 1
56 58 1
56 144 1
59 92 1
59 390 1
64 13 1
64 118 1
64 135 1
64 163 1
64 235 1
64 238 1
64 325 1
64 345 1
64 611 1
64 693 1
66 1 1
66 7 1
66 8 1
66 12 1
66 13 1
66 14 1
66 20 1
66 22 1
66 34 1
66 37 1
66 56 1
66 58 1
66 68 1
66 78 1
66 84 1
66 85 1
66 87 1
66 95 1
66 99 1
66 101 1
66 117 1
66 126 1
66 127 1
66 136 1
66 137 1
66 144 1
66 146 1
66 154 1
66 162 1
66 169 1
66 172 1
66 179 1
66 193 1
66 194 1
66 200 1
66 202 1
66 203 1
66 205 1
66 206 1
66 210 1
66 224 1
66 232 1
66 236 1
66 244 1
66 246 1
66 255 1
66 267 1
66 277 1
66 280 1
66 284 1
66 285 1
66 289 1
66 294 1
66 295 1
66 297 1
66 316 1
66 318 1
66 320 1
66 335 1
66 338 1
66 345 1
66 365 1
66 368 1
66 369 1
66 381 1
66 396 1
66 406 1
66 419 1
66 674 1
66 682 1
66 721 1
66 754 1
66 808 1
68 49 1
68 627 1
69 120 1
69 352 1
74 197 1
74 592 1
77 147 1
77 238 1
77 321 1
77 379 1
77 421 1
77 500 1
82 31 1
82 50 1
82 153 1
82 243 1
82 266 1
82 354 1
82 546 1
88 182 1
88 310 1
88 831 1
90 71 1
90 799 1
94 202 1
94 308 1
97 275 1
109 398 1
111 2 1
111 91 1
113 3 1
114 35 1
114 100 1
114 140 1
114 167 1
119 107 1
119 171 1
119 239 1
119 277 1
119 314 1
123 290 1
123 382 1
127 13 1
127 260 1
127 497 1
136 23 1
136 73 1
136 165 1
136 237 1
136 247 1
136 369 1
136 399 1
137 7 1
137 22 1
137 153 1
137 174 1
137 179 1
137 285 1
137 286 1
137 290 1
137 338 1
137 347 1
137 357 1
137 369 1
137 387 1
143 21 1
143 32 1
143 56 1
143 70 1
143 85 1
143 151 1
143 178 1
143 195 1
143 234 1
143 236 1
143 249 1
143 273 1
143 283 1
143 299 1
143 328 1
143 341 1
143 351 1
143 363 1
143 400 1
143 630 1
143 652 1
143 675 1
143 760 1
148 162 1
148 263 1
148 264 1
148 271 1
148 306 1
148 404 1
148 423 1
151 85 1
151 209 1
154 1 1
154 16 1
154 18 1
154 56 1
154 200 1
154 202 1
154 280 1
154 323 1
154 355 1
154 394 1
156 132 1
156 150 1
157 86 1
157 291 1
158 10 1
160 86 1
160 453 1
161 577 1
164 317 1
169 89 1
169 313 1
169 343 1
175 129 1
175 255 1
175 273 1
175 349 1
181 173 1
181 182 1
181 401 1
188 139 1
188 210 1
190 26 1
190 89 1
190 103 1
190 118 1
190 132 1
190 134 1
190 145 1
190 180 1
190 262 1
190 302 1
190 307 1
190 322 1
190 340 1
190 361 1
190 368 1
190 373 1
190 383 1
190 384 1
190 397 1
190 650 1
190 656 1
190 836 1
192 245 1
193 63 1
193 103 1
193 117 1
193 200 1
193 267 1
193 309 1
193 369 1
193 414 1
197 170 1
198 7 1
203 120 1
203 144 1
204 65 1
207 270 1
207 423 1
213 33 1
215 319 1
219 85 1
222 5 1
222 16 1
222 144 1
222 149 1
222 159 1
222 208 1
222 293 1
222 357 1
222 375 1
222 392 1
222 566 1
222 803 1
227 14 1
227 54 1
227 64 1
227 75 1
227 86 1
227 92 1
227 123 1
227 135 1
227 145 1
227 240 1
227 290 1
227 294 1
227 311 1
227 374 1
227 382 1
229 300 1
229 613 1
229 688 1
233 141 1
233 422 1
237 73 1
237 141 1
237 214 1
237 233 1
237 429 1
241 19 1
241 67 1
241 177 1
241 253 1
241 357 1
241 390 1
246 283 1
246 348 1
251 44 1
251 45 1
251 153 1
251 162 1
251 403 1
252 39 1
252 72 1
252 271 1
252 353 1
257 29 1
258 96 1
258 131 1
258 350 1
258 748 1
259 177 1
261 226 1
265 1 1
267 220 1
267 364 1
267 574 1
269 17 1
269 92 1
270 149 1
270 211 1
270 225 1
270 388 1
274 46 1
274 57 1
274 81 1
274 140 1
274 223 1
274 245 1
274 290 1
274 296 1
274 327 1
274 412 1
274 472 1
274 489 1
274 620 1
279 173 1
282 5 1
282 24 1
282 36 1
282 60 1
282 121 1
282 176 1
282 199 1
282 212 1
282 217 1
282 242 1
282 273 1
282 326 1
282 355 1
282 491 1
292 51 1
292 80 1
292 237 1
292 375 1
292 393 1
292 727 1
298 96 1
298 152 1
298 196 1
298 197 1
298 248 1
299 105 1
304 18 1
304 276 1
304 301 1
304 382 1
304 781 1
315 785 1
324 5 1
324 41 1
324 47 1
324 56 1
324 115 1
324 137 1
324 166 1
324 171 1
324 174 1
324 218 1
324 230 1
324 240 1
324 252 1
324 305 1
324 357 1
324 616 1
324 669 1
325 19 1
330 278 1
331 25 1
331 367 1
331 381 1
337 125 1
337 133 1
337 416 1
339 38 1
339 104 1
339 122 1
339 157 1
339 180 1
339 183 1
339 185 1
339 272 1
339 278 1
339 336 1
339 407 1
339 664 1
342 231 1
342 308 1
344 17 1
344 61 1
344 67 1
344 136 1
344 142 1
344 144 1
344 157 1
344 162 1
344 165 1
344 171 1
344 186 1
344 266 1
344 278 1
344 291 1
344 314 1
344 318 1
344 345 1
344 351 1
344 360 1
344 369 1
344 410 1
344 422 1
344 560 1
344 722 1
344 767 1
345 60 1
345 86 1
345 95 1
345 112 1
345 146 1
345 287 1
345 318 1
345 351 1
345 517 1
345 580 1
346 1 1
346 7 1
346 118 1
346 153 1
346 176 1
346 216 1
346 240 1
346 272 1
346 287 1
346 357 1
346 377 1
346 392 1
346 765 1
349 124 1
358 782 1
358 824 1
359 93 1
359 108 1
359 110 1
359 155 1
359 334 1
359 357 1
359 583 1
362 268 1
369 216 1
370 312 1
376 247 1
376 388 1
378 290 1
380 62 1
380 76 1
380 130 1
380 146 1
380 256 1
385 28 1
385 48 1
385 87 1
385 129 1
385 285 1
385 332 1
385 466 1
385 690 1
389 312 1
391 312 1
401 172 1
401 254 1
405 645 1
408 57 1
408 386 1
413 21 1
413 57 1
413 79 1
413 83 1
413 87 1
413 106 1
413 116 1
413 138 1
413 150 1
413 187 1
413 189 1
413 234 1
413 264 1
413 272 1
413 277 1
413 288 1
413 291 1
413 314 1
413 336 1
413 351 1
413 356 1
413 371 1
413 372 1
413 395 1
413 416 1
413 423 1
413 747 1
415 291 1
417 76 1
418 121 1
418 165 1
418 537 1
420 241 1
