4 144 1
6 38 1
6 392 1
6 669 1
9 179 1
15 537 1
18 365 1
20 1 1
20 56 1
20 73 1
20 85 1
20 291 1
24 1 1
24 83 1
24 87 1
24 129 1
24 136 1
24 146 1
24 149 1
24 150 1
24 151 1
24 172 1
24 180 1
24 191 1
24 200 1
24 284 1
24 285 1
24 366 1
24 367 1
24 390 1
24 412 1
24 423 1
30 147 1
30 212 1
30 278 1
30 327 1
30 384 1
30 423 1
30 747 1
40 163 1
43 47 1
43 266 1
46 334 1
46 693 1
49 388 1
49 620 1
53 60 1
53 247 1
55 177 1
56 52 1
56 278 1
59 355 1
59 650 1
64 1 1
64 133 1
64 183 1
64 245 1
64 316 1
64 318 1
64 397 1
64 398 1
64 406 1
64 615 1
66 1 1
66 5 1
66 7 1
66 13 1
66 14 1
66 16 1
66 18 1
66 21 1
66 24 1
66 26 1
66 35 1
66 36 1
66 44 1
66 49 1
66 70 1
66 76 1
66 86 1
66 87 1
66 98 1
66 107 1
66 117 1
66 118 1
66 136 1
66 137 1
66 141 1
66 149 1
66 153 1
66 168 1
66 169 1
66 172 1
66 173 1
66 174 1
66 177 1
66 180 1
66 200 1
66 202 1
66 210 1
66 233 1
66 236 1
66 237 1
66 238 1
66 240 1
66 252 1
66 263 1
66 264 1
66 267 1
66 272 1
66 277 1
66 280 1
66 285 1
66 286 1
66 290 1
66 291 1
66 292 1
66 296 1
66 297 1
66 305 1
66 312 1
66 314 1
66 345 1
66 347 1
66 353 1
66 357 1
66 365 1
66 371 1
66 377 1
66 379 1
66 387 1
66 388 1
66 409 1
66 491 1
66 532 1
66 675 1
68 95 1
68 419 1
69 92 1
69 306 1
74 42 1
74 321 1
77 136 1
77 140 1
77 162 1
77 201 1
77 336 1
77 748 1
82 61 1
82 211 1
82 228 1
82 242 1
82 266 1
82 273 1
82 278 1
88 27 1
88 232 1
88 489 1
90 89 1
90 351 1
94 271 1
94 362 1
97 369 1
109 294 1
111 91 1
111 824 1
113 99 1
114 135 1
114 159 1
114 216 1
114 308 1
119 195 1
119 216 1
119 307 1
119 335 1
119 359 1
123 125 1
123 240 1
127 79 1
127 92 1
127 165 1
136 58 1
136 152 1
136 172 1
136 186 1
136 202 1
136 281 1
136 300 1
137 5 1
137 23 1
137 25 1
137 56 1
137 89 1
137 312 1
137 325 1
137 336 1
137 357 1
137 364 1
137 383 1
137 414 1
137 836 1
143 7 1
143 71 1
143 84 1
143 86 1
143 165 1
143 174 1
143 179 1
143 197 1
143 223 1
143 256 1
143 268 1
143 294 1
143 310 1
143 333 1
143 357 1
143 363 1
143 382 1
143 401 1
143 410 1
143 422 1
143 487 1
143 630 1
143 785 1
148 41 1
148 48 1
148 96 1
148 165 1
148 341 1
148 373 1
148 374 1
151 271 1
151 283 1
154 2 1
154 56 1
154 57 1
154 87 1
154 120 1
154 144 1
154 255 1
154 345 1
154 381 1
154 546 1
156 196 1
156 312 1
157 50 1
157 108 1
158 122 1
160 390 1
160 682 1
161 580 1
164 135 1
169 18 1
169 155 1
169 294 1
175 39 1
175 153 1
175 226 1
175 472 1
181 37 1
181 80 1
181 85 1
188 8 1
188 276 1
190 22 1
190 45 1
190 57 1
190 85 1
190 96 1
190 118 1
190 124 1
190 139 1
190 145 1
190 197 1
190 241 1
190 245 1
190 291 1
190 311 1
190 318 1
190 345 1
190 360 1
190 368 1
190 375 1
190 396 1
190 652 1
190 688 1
192 309 1
193 11 1
193 131 1
193 162 1
193 239 1
193 287 1
193 293 1
193 592 1
193 760 1
197 146 1
198 37 1
203 234 1
203 422 1
204 162 1
207 75 1
207 329 1
213 690 1
215 254 1
219 323 1
222 29 1
222 68 1
222 157 1
222 169 1
222 184 1
222 231 1
222 237 1
222 361 1
222 381 1
222 399 1
222 416 1
222 611 1
227 54 1
227 60 1
227 106 1
227 112 1
227 127 1
227 140 1
227 162 1
227 166 1
227 205 1
227 218 1
227 236 1
227 270 1
227 272 1
227 287 1
227 722 1
229 295 1
229 393 1
229 404 1
233 285 1
233 517 1
237 123 1
237 157 1
237 194 1
237 423 1
237 765 1
241 57 1
241 78 1
241 203 1
241 249 1
241 375 1
241 566 1
246 290 1
246 400 1
251 17 1
251 67 1
251 153 1
251 318 1
251 354 1
252 5 1
252 14 1
252 264 1
252 664 1
257 319 1
258 7 1
258 128 1
258 178 1
258 767 1
259 115 1
261 674 1
265 145 1
267 5 1
267 141 1
267 290 1
269 560 1
269 616 1
270 101 1
270 176 1
270 369 1
270 808 1
274 64 1
274 73 1
274 86 1
274 146 1
274 170 1
274 197 1
274 200 1
274 225 1
274 246 1
274 272 1
274 285 1
274 351 1
274 782 1
279 171 1
282 31 1
282 34 1
282 63 1
282 105 1
282 121 1
282 144 1
282 221 1
282 244 1
282 277 1
282 283 1
282 302 1
282 326 1
282 369 1
282 421 1
292 85 1
292 185 1
292 208 1
292 290 1
292 291 1
292 351 1
298 238 1
298 253 1
298 338 1
298 350 1
298 402 1
299 13 1
304 58 1
304 62 1
304 132 1
304 142 1
304 369 1
315 357 1
324 12 1
324 182 1
324 199 1
324 209 1
324 234 1
324 275 1
324 288 1
324 320 1
324 348 1
324 356 1
324 382 1
324 386 1
324 392 1
324 411 1
324 466 1
324 792 1
324 803 1
325 214 1
330 232 1
331 16 1
331 182 1
331 583 1
337 33 1
337 142 1
337 250 1
339 3 1
339 10 1
339 23 1
339 92 1
339 103 1
339 132 1
339 137 1
339 138 1
339 443 1
339 656 1
339 727 1
339 799 1
342 267 1
342 352 1
344 13 1
344 17 1
344 65 1
344 86 1
344 103 1
344 144 1
344 150 1
344 155 1
344 172 1
344 176 1
344 193 1
344 243 1
344 287 1
344 289 1
344 299 1
344 308 1
344 314 1
344 345 1
344 357 1
344 382 1
344 394 1
344 403 1
344 429 1
344 500 1
344 613 1
345 22 1
345 56 1
345 129 1
345 155 1
345 167 1
345 235 1
345 277 1
345 322 1
345 357 1
345 574 1
346 20 1
346 67 1
346 72 1
346 81 1
346 102 1
346 121 1
346 171 1
346 230 1
346 248 1
346 273 1
346 290 1
346 328 1
346 406 1
349 497 1
358 627 1
358 721 1
359 110 1
359 187 1
359 206 1
359 247 1
359 340 1
359 351 1
359 754 1
362 368 1
369 144 1
370 577 1
376 19 1
376 32 1
378 332 1
380 76 1
380 153 1
380 202 1
380 303 1
380 831 1
385 100 1
385 118 1
385 210 1
385 217 1
385 224 1
385 240 1
385 313 1
385 369 1
389 220 1
391 28 1
401 173 1
401 349 1
405 301 1
408 95 1
408 343 1
413 7 1
413 19 1
413 21 1
413 46 1
413 51 1
413 104 1
413 116 1
413 117 1
413 120 1
413 126 1
413 130 1
413 134 1
413 154 1
413 189 1
413 196 1
413 255 1
413 273 1
413 280 1
413 314 1
413 317 1
413 338 1
413 355 1
413 372 1
413 395 1
413 407 1
413 453 1
413 645 1
415 781 1
417 262 1
418 171 1
418 260 1
418 416 1
420 93 1
