4 409 1
6 221 1
6 238 1
6 421 1
9 31 1
15 351 1
18 177 1
20 84 1
20 157 1
20 232 1
20 241 1
20 365 1
24 1 1
24 23 1
24 49 1
24 104 1
24 120 1
24 125 1
24 138 1
24 139 1
24 153 1
24 193 1
24 195 1
24 200 1
24 234 1
24 272 1
24 277 1
24 335 1
24 345 1
24 348 1
24 366 1
24 656 1
30 309 1
30 314 1
30 379 1
30 387 1
30 453 1
30 620 1
30 824 1
40 356 1
43 105 1
43 443 1
46 277 1
46 373 1
49 18 1
49 22 1
53 176 1
53 290 1
55 28 1
56 144 1
56 357 1
59 58 1
59 86 1
64 1 1
64 56 1
64 135 1
64 149 1
64 169 1
64 174 1
64 197 1
64 226 1
64 228 1
64 291 1
66 1 1
66 7 1
66 12 1
66 18 1
66 19 1
66 25 1
66 35 1
66 42 1
66 48 1
66 50 1
66 56 1
66 64 1
66 71 1
66 72 1
66 80 1
66 89 1
66 92 1
66 96 1
66 117 1
66 123 1
66 124 1
66 131 1
66 133 1
66 136 1
66 144 1
66 145 1
66 146 1
66 149 1
66 151 1
66 154 1
66 155 1
66 157 1
66 162 1
66 172 1
66 183 1
66 184 1
66 189 1
66 197 1
66 202 1
66 216 1
66 225 1
66 232 1
66 235 1
66 236 1
66 238 1
66 245 1
66 253 1
66 267 1
66 272 1
66 276 1
66 283 1
66 287 1
66 291 1
66 292 1
66 294 1
66 296 1
66 308 1
66 318 1
66 323 1
66 345 1
66 357 1
66 369 1
66 375 1
66 398 1
66 401 1
66 416 1
66 419 1
66 423 1
66 577 1
66 664 1
66 669 1
66 782 1
66 799 1
68 129 1
68 390 1
69 46 1
69 185 1
74 163 1
74 283 1
77 85 1
77 178 1
77 223 1
77 230 1
77 392 1
77 399 1
82 36 1
82 73 1
82 87 1
82 103 1
82 150 1
82 243 1
82 325 1
88 5 1
88 107 1
88 372 1
90 137 1
90 180 1
94 206 1
94 406 1
97 92 1
109 132 1
111 73 1
111 285 1
113 747 1
114 86 1
114 248 1
114 271 1
114 326 1
119 20 1
119 98 1
119 118 1
119 220 1
119 497 1
123 144 1
123 345 1
127 110 1
127 305 1
127 355 1
136 92 1
136 144 1
136 162 1
136 216 1
136 287 1
136 291 1
136 347 1
137 56 1
137 57 1
137 116 1
137 153 1
137 167 1
137 196 1
137 217 1
137 236 1
137 237 1
137 302 1
137 422 1
137 688 1
137 754 1
143 16 1
143 21 1
143 29 1
143 79 1
143 85 1
143 142 1
143 165 1
143 168 1
143 201 1
143 208 1
143 211 1
143 240 1
143 290 1
143 310 1
143 313 1
143 314 1
143 316 1
143 368 1
143 410 1
143 422 1
143 546 1
143 574 1
143 831 1
148 17 1
148 47 1
148 118 1
148 173 1
148 317 1
148 354 1
148 360 1
151 308 1
151 351 1
154 45 1
154 106 1
154 117 1
154 146 1
154 150 1
154 155 1
154 218 1
154 357 1
154 416 1
154 645 1
156 60 1
156 176 1
157 288 1
157 361 1
158 33 1
160 303 1
160 690 1
161 650 1
164 144 1
169 57 1
169 278 1
169 338 1
175 87 1
175 95 1
175 112 1
175 278 1
181 234 1
181 290 1
181 532 1
188 93 1
188 199 1
190 5 1
190 32 1
190 39 1
190 87 1
190 100 1
190 121 1
190 129 1
190 137 1
190 170 1
190 173 1
190 194 1
190 285 1
190 332 1
190 382 1
190 384 1
190 466 1
190 537 1
190 613 1
190 630 1
190 693 1
190 781 1
190 808 1
192 247 1
193 62 1
193 85 1
193 171 1
193 179 1
193 272 1
193 338 1
193 487 1
193 491 1
197 674 1
198 78 1
203 322 1
203 393 1
204 196 1
207 102 1
207 383 1
213 583 1
215 275 1
219 260 1
222 2 1
222 13 1
222 17 1
222 57 1
222 75 1
222 126 1
222 263 1
222 343 1
222 406 1
222 611 1
222 616 1
222 803 1
227 37 1
227 68 1
227 91 1
227 99 1
227 147 1
227 152 1
227 162 1
227 182 1
227 202 1
227 210 1
227 333 1
227 390 1
227 423 1
227 627 1
227 765 1
229 14 1
229 118 1
229 132 1
233 76 1
233 336 1
237 52 1
237 153 1
237 252 1
237 266 1
237 273 1
241 182 1
241 280 1
241 312 1
241 357 1
241 359 1
241 472 1
246 297 1
246 369 1
251 7 1
251 76 1
251 127 1
251 256 1
251 403 1
252 103 1
252 153 1
252 169 1
252 177 1
257 374 1
258 13 1
258 130 1
258 155 1
258 312 1
259 86 1
261 334 1
265 5 1
267 172 1
267 318 1
267 400 1
269 351 1
269 592 1
270 187 1
270 246 1
270 273 1
270 329 1
274 7 1
274 70 1
274 202 1
274 237 1
274 250 1
274 254 1
274 273 1
274 277 1
274 285 1
274 345 1
274 365 1
274 429 1
274 566 1
279 517 1
282 11 1
282 172 1
282 186 1
282 284 1
282 286 1
282 289 1
282 299 1
282 301 1
282 351 1
282 369 1
282 381 1
282 404 1
282 500 1
282 760 1
292 14 1
292 24 1
292 136 1
292 240 1
292 287 1
292 355 1
298 328 1
298 368 1
298 382 1
298 388 1
298 414 1
299 172 1
304 41 1
304 247 1
304 294 1
304 375 1
304 748 1
315 34 1
324 1 1
324 22 1
324 26 1
324 27 1
324 44 1
324 83 1
324 191 1
324 205 1
324 214 1
324 262 1
324 266 1
324 318 1
324 352 1
324 386 1
324 489 1
324 615 1
324 785 1
325 350 1
330 278 1
331 319 1
331 362 1
331 388 1
337 180 1
337 281 1
337 369 1
339 16 1
339 122 1
339 141 1
339 145 1
339 249 1
339 264 1
339 367 1
339 392 1
339 402 1
339 682 1
339 721 1
339 722 1
342 166 1
342 293 1
344 5 1
344 37 1
344 51 1
344 61 1
344 65 1
344 67 1
344 128 1
344 136 1
344 162 1
344 179 1
344 200 1
344 224 1
344 242 1
344 300 1
344 306 1
344 311 1
344 314 1
344 321 1
344 327 1
344 341 1
344 363 1
344 382 1
344 407 1
344 411 1
344 652 1
345 7 1
345 21 1
345 23 1
345 63 1
345 120 1
345 140 1
345 200 1
345 267 1
345 294 1
345 395 1
346 10 1
346 60 1
346 67 1
346 85 1
346 135 1
346 140 1
346 142 1
346 212 1
346 295 1
346 307 1
346 353 1
346 357 1
346 423 1
349 108 1
358 231 1
358 675 1
359 56 1
359 101 1
359 244 1
359 245 1
359 320 1
359 349 1
359 727 1
362 271 1
369 171 1
370 836 1
376 174 1
376 270 1
378 3 1
380 13 1
380 233 1
380 255 1
380 394 1
380 580 1
385 146 1
385 159 1
385 165 1
385 239 1
385 290 1
385 291 1
385 364 1
385 381 1
389 89 1
391 336 1
401 86 1
401 96 1
405 357 1
408 54 1
408 290 1
413 38 1
413 58 1
413 81 1
413 95 1
413 115 1
413 121 1
413 134 1
413 141 1
413 165 1
413 171 1
413 203 1
413 210 1
413 240 1
413 255 1
413 264 1
413 268 1
413 285 1
413 312 1
413 369 1
413 371 1
413 377 1
413 396 1
413 397 1
413 412 1
413 560 1
413 767 1
413 792 1
415 19 1
417 280 1
418 8 1
418 209 1
418 340 1
420 197 1
