4 722 1
6 196 1
6 210 1
6 767 1
9 153 1
15 264 1
18 56 1
20 242 1
20 263 1
20 364 1
20 616 1
20 748 1
24 2 1
24 16 1
24 28 1
24 62 1
24 71 1
24 76 1
24 144 1
24 206 1
24 250 1
24 254 1
24 255 1
24 266 1
24 314 1
24 335 1
24 357 1
24 362 1
24 390 1
24 411 1
24 537 1
24 592 1
30 19 1
30 23 1
30 280 1
30 365 1
30 369 1
30 443 1
30 652 1
40 382 1
43 318 1
43 349 1
46 278 1
46 357 1
49 308 1
49 497 1
53 146 1
53 332 1
55 186 1
56 149 1
56 325 1
59 87 1
59 162 1
64 10 1
64 25 1
64 133 1
64 162 1
64 278 1
64 338 1
64 353 1
64 368 1
64 402 1
64 489 1
66 1 1
66 13 1
66 16 1
66 24 1
66 27 1
66 33 1
66 39 1
66 41 1
66 46 1
66 57 1
66 64 1
66 67 1
66 68 1
66 75 1
66 81 1
66 83 1
66 85 1
66 89 1
66 92 1
66 98 1
66 102 1
66 106 1
66 110 1
66 117 1
66 120 1
66 136 1
66 137 1
66 141 1
66 142 1
66 144 1
66 146 1
66 155 1
66 165 1
66 171 1
66 176 1
66 177 1
66 178 1
66 182 1
66 193 1
66 197 1
66 199 1
66 200 1
66 202 1
66 214 1
66 221 1
66 239 1
66 240 1
66 247 1
66 255 1
66 267 1
66 281 1
66 285 1
66 290 1
66 291 1
66 294 1
66 303 1
66 334 1
66 338 1
66 345 1
66 350 1
66 356 1
66 357 1
66 361 1
66 369 1
66 371 1
66 382 1
66 390 1
66 392 1
66 398 1
66 487 1
66 615 1
66 650 1
66 675 1
68 345 1
68 382 1
69 31 1
69 285 1
74 179 1
74 218 1
77 1 1
77 52 1
77 309 1
77 320 1
77 366 1
77 500 1
82 58 1
82 137 1
82 140 1
82 173 1
82 220 1
82 306 1
82 319 1
88 128 1
88 166 1
88 429 1
90 383 1
90 824 1
94 167 1
94 302 1
97 781 1
109 387 1
111 18 1
111 831 1
113 86 1
114 118 1
114 200 1
114 232 1
114 627 1
119 103 1
119 121 1
119 195 1
119 277 1
119 546 1
123 144 1
123 397 1
127 247 1
127 285 1
127 532 1
136 7 1
136 95 1
136 197 1
136 272 1
136 400 1
136 491 1
136 664 1
137 13 1
137 76 1
137 92 1
137 138 1
137 141 1
137 144 1
137 153 1
137 163 1
137 276 1
137 278 1
137 280 1
137 294 1
137 345 1
143 5 1
143 7 1
143 38 1
143 80 1
143 112 1
143 116 1
143 118 1
143 135 1
143 168 1
143 183 1
143 203 1
143 212 1
143 223 1
143 246 1
143 277 1
143 300 1
143 317 1
143 328 1
143 354 1
143 355 1
143 407 1
143 577 1
143 630 1
148 21 1
148 125 1
148 132 1
148 165 1
148 224 1
148 236 1
148 375 1
151 171 1
151 238 1
154 3 1
154 73 1
154 96 1
154 101 1
154 201 1
154 283 1
154 314 1
154 326 1
154 352 1
154 421 1
156 11 1
156 121 1
157 45 1
157 416 1
158 359 1
160 44 1
160 422 1
161 399 1
164 318 1
169 202 1
169 271 1
169 782 1
175 14 1
175 47 1
175 233 1
175 574 1
181 56 1
181 108 1
181 583 1
188 56 1
188 86 1
190 1 1
190 8 1
190 20 1
190 35 1
190 61 1
190 105 1
190 107 1
190 115 1
190 142 1
190 146 1
190 157 1
190 231 1
190 236 1
190 240 1
190 273 1
190 290 1
190 348 1
190 372 1
190 403 1
190 416 1
190 423 1
190 727 1
192 292 1
193 13 1
193 129 1
193 165 1
193 180 1
193 301 1
193 310 1
193 367 1
193 388 1
197 155 1
198 682 1
203 155 1
203 266 1
204 129 1
207 245 1
207 336 1
213 103 1
215 89 1
219 200 1
222 42 1
222 91 1
222 120 1
222 131 1
222 134 1
222 153 1
222 196 1
222 228 1
222 284 1
222 329 1
222 357 1
222 412 1
227 19 1
227 57 1
227 60 1
227 79 1
227 117 1
227 172 1
227 185 1
227 230 1
227 241 1
227 256 1
227 357 1
227 369 1
227 395 1
227 690 1
227 747 1
229 67 1
229 290 1
229 406 1
233 22 1
233 243 1
237 54 1
237 249 1
237 283 1
237 381 1
237 693 1
241 51 1
241 57 1
241 86 1
241 172 1
241 273 1
241 287 1
246 145 1
246 307 1
251 100 1
251 260 1
251 336 1
251 377 1
251 394 1
252 237 1
252 286 1
252 291 1
252 375 1
257 423 1
258 5 1
258 273 1
258 340 1
258 765 1
259 311 1
261 321 1
265 262 1
267 202 1
267 373 1
267 580 1
269 150 1
269 422 1
270 1 1
270 93 1
270 104 1
270 357 1
274 32 1
274 63 1
274 123 1
274 144 1
274 162 1
274 170 1
274 172 1
274 174 1
274 179 1
274 351 1
274 360 1
274 388 1
274 620 1
279 472 1
282 29 1
282 60 1
282 78 1
282 85 1
282 122 1
282 145 1
282 177 1
282 205 1
282 312 1
282 369 1
282 404 1
282 414 1
282 566 1
282 803 1
292 174 1
292 216 1
292 318 1
292 374 1
292 410 1
292 466 1
298 18 1
298 140 1
298 157 1
298 248 1
298 275 1
299 327 1
304 87 1
304 99 1
304 312 1
304 368 1
304 381 1
315 322 1
324 5 1
324 7 1
324 73 1
324 118 1
324 124 1
324 136 1
324 151 1
324 171 1
324 234 1
324 237 1
324 238 1
324 245 1
324 272 1
324 305 1
324 313 1
324 386 1
324 808 1
325 291 1
330 139 1
331 21 1
331 127 1
331 287 1
337 34 1
337 288 1
337 341 1
339 49 1
339 86 1
339 96 1
339 172 1
339 208 1
339 234 1
339 268 1
339 323 1
339 333 1
339 347 1
339 560 1
339 674 1
342 65 1
342 721 1
344 12 1
344 23 1
344 37 1
344 152 1
344 154 1
344 180 1
344 182 1
344 187 1
344 194 1
344 209 1
344 210 1
344 216 1
344 217 1
344 225 1
344 232 1
344 264 1
344 267 1
344 285 1
344 290 1
344 296 1
344 355 1
344 419 1
344 760 1
344 785 1
344 792 1
345 92 1
345 135 1
345 136 1
345 147 1
345 153 1
345 159 1
345 176 1
345 235 1
345 272 1
345 290 1
346 7 1
346 70 1
346 84 1
346 85 1
346 150 1
346 169 1
346 252 1
346 289 1
346 291 1
346 316 1
346 369 1
346 396 1
346 409 1
349 345 1
358 162 1
358 294 1
359 14 1
359 50 1
359 72 1
359 244 1
359 277 1
359 393 1
359 799 1
362 314 1
369 85 1
370 37 1
376 58 1
376 240 1
378 293 1
380 351 1
380 379 1
380 401 1
380 656 1
380 836 1
385 132 1
385 189 1
385 197 1
385 295 1
385 312 1
385 363 1
385 453 1
385 613 1
389 271 1
391 226 1
401 351 1
401 645 1
405 17 1
408 26 1
408 95 1
413 5 1
413 17 1
413 48 1
413 56 1
413 87 1
413 126 1
413 130 1
413 149 1
413 169 1
413 173 1
413 184 1
413 191 1
413 211 1
413 253 1
413 270 1
413 297 1
413 299 1
413 308 1
413 351 1
413 365 1
413 384 1
413 392 1
413 406 1
413 517 1
413 669 1
413 688 1
413 754 1
415 36 1
417 423 1
418 22 1
418 287 1
418 343 1
420 611 1
