4 170 1
6 42 1
6 397 1
6 566 1
9 120 1
15 351 1
18 489 1
20 135 1
20 179 1
20 289 1
20 297 1
20 392 1
24 38 1
24 48 1
24 124 1
24 153 1
24 174 1
24 218 1
24 231 1
24 237 1
24 240 1
24 272 1
24 291 1
24 303 1
24 306 1
24 310 1
24 318 1
24 359 1
24 361 1
24 381 1
24 592 1
24 690 1
30 26 1
30 33 1
30 76 1
30 171 1
30 196 1
30 419 1
30 727 1
40 202 1
43 22 1
43 199 1
46 369 1
46 803 1
49 104 1
49 155 1
53 8 1
53 808 1
55 416 1
56 206 1
56 210 1
59 5 1
59 248 1
64 3 1
64 61 1
64 189 1
64 200 1
64 266 1
64 275 1
64 278 1
64 280 1
64 294 1
64 318 1
66 1 1
66 13 1
66 17 1
66 28 1
66 29 1
66 32 1
66 34 1
66 36 1
66 47 1
66 56 1
66 57 1
66 58 1
66 62 1
66 68 1
66 87 1
66 95 1
66 96 1
66 100 1
66 102 1
66 117 1
66 118 1
66 129 1
66 132 1
66 137 1
66 139 1
66 140 1
66 144 1
66 146 1
66 150 1
66 153 1
66 166 1
66 167 1
66 171 1
66 173 1
66 174 1
66 176 1
66 184 1
66 210 1
66 226 1
66 236 1
66 237 1
66 239 1
66 249 1
66 252 1
66 267 1
66 270 1
66 271 1
66 272 1
66 273 1
66 283 1
66 287 1
66 290 1
66 292 1
66 295 1
66 334 1
66 335 1
66 336 1
66 338 1
66 350 1
66 353 1
66 356 1
66 357 1
66 369 1
66 383 1
66 423 1
66 429 1
66 497 1
66 583 1
66 652 1
66 675 1
66 722 1
66 760 1
66 799 1
68 153 1
68 245 1
69 169 1
69 537 1
74 129 1
74 308 1
77 191 1
77 195 1
77 228 1
77 236 1
77 280 1
77 333 1
82 7 1
82 14 1
82 67 1
82 131 1
82 172 1
82 345 1
82 472 1
88 50 1
88 238 1
88 301 1
90 12 1
90 25 1
94 406 1
94 546 1
97 287 1
109 45 1
111 246 1
111 277 1
113 312 1
114 187 1
114 278 1
114 352 1
114 781 1
119 144 1
119 157 1
119 233 1
119 325 1
119 357 1
123 145 1
123 232 1
127 202 1
127 209 1
127 264 1
136 7 1
136 79 1
136 86 1
136 105 1
136 177 1
136 355 1
136 616 1
137 1 1
137 14 1
137 39 1
137 87 1
137 103 1
137 152 1
137 172 1
137 255 1
137 285 1
137 363 1
137 367 1
137 388 1
137 721 1
143 18 1
143 51 1
143 76 1
143 78 1
143 96 1
143 125 1
143 155 1
143 247 1
143 253 1
143 263 1
143 276 1
143 309 1
143 318 1
143 323 1
143 348 1
143 371 1
143 384 1
143 387 1
143 404 1
143 407 1
143 422 1
143 532 1
143 831 1
148 19 1
148 41 1
148 85 1
148 241 1
148 307 1
148 343 1
148 574 1
151 37 1
151 291 1
154 1 1
154 23 1
154 27 1
154 151 1
154 247 1
154 273 1
154 284 1
154 347 1
154 368 1
154 792 1
156 80 1
156 406 1
157 136 1
157 294 1
158 163 1
160 205 1
160 216 1
161 379 1
164 162 1
169 92 1
169 142 1
169 278 1
175 58 1
175 314 1
175 669 1
175 765 1
181 35 1
181 122 1
181 664 1
188 147 1
188 754 1
190 11 1
190 16 1
190 19 1
190 37 1
190 49 1
190 71 1
190 89 1
190 130 1
190 146 1
190 155 1
190 201 1
190 203 1
190 235 1
190 281 1
190 285 1
190 311 1
190 401 1
190 560 1
190 620 1
190 645 1
190 747 1
190 824 1
192 400 1
193 89 1
193 127 1
193 232 1
193 244 1
193 291 1
193 355 1
193 382 1
193 390 1
197 52 1
198 169 1
203 302 1
203 421 1
204 149 1
207 182 1
207 674 1
213 374 1
215 85 1
219 414 1
222 1 1
222 60 1
222 92 1
222 117 1
222 154 1
222 221 1
222 264 1
222 293 1
222 300 1
222 351 1
222 517 1
222 580 1
227 65 1
227 67 1
227 70 1
227 83 1
227 134 1
227 142 1
227 150 1
227 185 1
227 238 1
227 291 1
227 296 1
227 349 1
227 386 1
227 399 1
227 491 1
229 326 1
229 329 1
229 394 1
233 91 1
233 144 1
237 17 1
237 57 1
237 140 1
237 146 1
237 153 1
241 10 1
241 178 1
241 208 1
241 272 1
241 336 1
241 369 1
246 21 1
246 402 1
251 72 1
251 126 1
251 186 1
251 273 1
251 288 1
252 173 1
252 216 1
252 369 1
252 411 1
257 312 1
258 101 1
258 165 1
258 290 1
258 345 1
259 5 1
261 16 1
265 381 1
267 144 1
267 165 1
267 290 1
269 234 1
269 314 1
270 13 1
270 56 1
270 138 1
270 354 1
274 2 1
274 23 1
274 85 1
274 92 1
274 180 1
274 234 1
274 283 1
274 286 1
274 290 1
274 313 1
274 345 1
274 351 1
274 453 1
279 682 1
282 5 1
282 64 1
282 81 1
282 87 1
282 106 1
282 110 1
282 133 1
282 200 1
282 266 1
282 268 1
282 351 1
282 357 1
282 650 1
282 693 1
292 5 1
292 196 1
292 271 1
292 338 1
292 357 1
292 403 1
298 56 1
298 159 1
298 171 1
298 224 1
298 225 1
299 287 1
304 24 1
304 107 1
304 197 1
304 377 1
304 782 1
315 360 1
324 108 1
324 112 1
324 128 1
324 145 1
324 193 1
324 212 1
324 223 1
324 240 1
324 245 1
324 277 1
324 299 1
324 316 1
324 327 1
324 332 1
324 366 1
324 375 1
324 409 1
325 320 1
330 123 1
331 182 1
331 382 1
331 785 1
337 54 1
337 364 1
337 365 1
339 63 1
339 115 1
339 176 1
339 200 1
339 240 1
339 254 1
339 305 1
339 308 1
339 312 1
339 328 1
339 416 1
339 767 1
342 57 1
342 162 1
344 7 1
344 31 1
344 44 1
344 60 1
344 73 1
344 86 1
344 103 1
344 136 1
344 149 1
344 157 1
344 168 1
344 177 1
344 260 1
344 285 1
344 294 1
344 317 1
344 345 1
344 368 1
344 375 1
344 388 1
344 410 1
344 466 1
344 500 1
344 615 1
344 656 1
345 7 1
345 73 1
345 85 1
345 132 1
345 165 1
345 180 1
345 214 1
345 250 1
345 285 1
345 748 1
346 56 1
346 75 1
346 86 1
346 98 1
346 118 1
346 179 1
346 197 1
346 277 1
346 362 1
346 382 1
346 390 1
346 392 1
346 688 1
349 220 1
358 357 1
358 373 1
359 22 1
359 136 1
359 267 1
359 314 1
359 341 1
359 443 1
359 577 1
362 86 1
369 95 1
370 211 1
376 162 1
376 321 1
378 627 1
380 46 1
380 99 1
380 202 1
380 319 1
380 369 1
385 84 1
385 116 1
385 120 1
385 412 1
385 422 1
385 423 1
385 613 1
385 630 1
389 423 1
391 230 1
401 172 1
401 262 1
405 93 1
408 141 1
408 340 1
413 13 1
413 18 1
413 20 1
413 21 1
413 118 1
413 121 1
413 135 1
413 137 1
413 141 1
413 144 1
413 162 1
413 172 1
413 183 1
413 194 1
413 217 1
413 242 1
413 243 1
413 255 1
413 365 1
413 372 1
413 393 1
413 395 1
413 396 1
413 398 1
413 487 1
413 611 1
413 836 1
415 197 1
417 256 1
418 290 1
418 322 1
418 357 1
420 121 1
