4 57 1
6 83 1
6 186 1
6 270 1
9 264 1
15 145 1
18 191 1
20 54 1
20 197 1
20 211 1
20 275 1
20 290 1
24 12 1
24 41 1
24 118 1
24 122 1
24 144 1
24 150 1
24 171 1
24 172 1
24 182 1
24 241 1
24 249 1
24 283 1
24 305 1
24 351 1
24 353 1
24 386 1
24 399 1
24 422 1
24 491 1
24 682 1
30 1 1
30 21 1
30 89 1
30 268 1
30 280 1
30 285 1
30 407 1
40 487 1
43 176 1
43 223 1
46 196 1
46 287 1
49 60 1
49 253 1
53 133 1
53 416 1
55 781 1
56 72 1
56 690 1
59 319 1
59 365 1
64 85 1
64 165 1
64 184 1
64 243 1
64 267 1
64 294 1
64 310 1
64 318 1
64 328 1
64 345 1
66 19 1
66 24 1
66 29 1
66 34 1
66 46 1
66 47 1
66 48 1
66 73 1
66 76 1
66 86 1
66 89 1
66 101 1
66 106 1
66 118 1
66 127 1
66 136 1
66 140 1
66 142 1
66 144 1
66 145 1
66 146 1
66 150 1
66 154 1
66 162 1
66 165 1
66 172 1
66 193 1
66 196 1
66 202 1
66 210 1
66 234 1
66 238 1
66 242 1
66 245 1
66 247 1
66 255 1
66 256 1
66 267 1
66 272 1
66 273 1
66 277 1
66 283 1
66 287 1
66 291 1
66 292 1
66 293 1
66 297 1
66 299 1
66 307 1
66 312 1
66 314 1
66 318 1
66 345 1
66 347 1
66 348 1
66 351 1
66 357 1
66 359 1
66 362 1
66 363 1
66 365 1
66 372 1
66 377 1
66 383 1
66 387 1
66 396 1
66 398 1
66 403 1
66 453 1
66 566 1
66 748 1
66 765 1
66 792 1
68 121 1
68 271 1
69 107 1
69 355 1
74 28 1
74 312 1
77 95 1
77 162 1
77 202 1
77 262 1
77 273 1
77 374 1
82 42 1
82 87 1
82 129 1
82 177 1
82 240 1
82 278 1
82 675 1
88 23 1
88 110 1
88 263 1
90 285 1
90 357 1
94 71 1
94 135 1
97 36 1
109 171 1
111 10 1
111 574 1
113 382 1
114 1 1
114 152 1
114 197 1
114 615 1
119 200 1
119 266 1
119 296 1
119 369 1
119 375 1
123 139 1
123 232 1
127 159 1
127 272 1
127 277 1
136 58 1
136 146 1
136 149 1
136 284 1
136 332 1
136 351 1
136 354 1
137 18 1
137 56 1
137 57 1
137 102 1
137 118 1
137 236 1
137 246 1
137 302 1
137 369 1
137 382 1
137 674 1
137 760 1
137 803 1
143 5 1
143 20 1
143 64 1
143 75 1
143 85 1
143 92 1
143 93 1
143 147 1
143 197 1
143 237 1
143 239 1
143 240 1
143 247 1
143 280 1
143 290 1
143 314 1
143 381 1
143 388 1
143 421 1
143 423 1
143 489 1
143 721 1
143 824 1
148 63 1
148 220 1
148 248 1
148 254 1
148 277 1
148 321 1
148 410 1
151 50 1
151 105 1
154 5 1
154 120 1
154 121 1
154 123 1
154 142 1
154 144 1
154 210 1
154 287 1
154 290 1
154 392 1
156 168 1
156 390 1
157 67 1
157 334 1
158 56 1
160 136 1
160 767 1
161 132 1
164 165 1
169 14 1
169 157 1
169 580 1
175 51 1
175 178 1
175 214 1
175 285 1
181 217 1
181 392 1
181 395 1
188 87 1
188 650 1
190 1 1
190 13 1
190 52 1
190 87 1
190 96 1
190 103 1
190 137 1
190 171 1
190 185 1
190 236 1
190 250 1
190 266 1
190 289 1
190 301 1
190 326 1
190 352 1
190 369 1
190 388 1
190 402 1
190 537 1
190 727 1
190 831 1
192 225 1
193 44 1
193 202 1
193 281 1
193 340 1
193 345 1
193 369 1
193 611 1
193 627 1
197 76 1
198 189 1
203 92 1
203 163 1
204 35 1
207 125 1
207 688 1
213 645 1
215 131 1
219 361 1
222 56 1
222 81 1
222 86 1
222 169 1
222 216 1
222 306 1
222 357 1
222 360 1
222 371 1
222 384 1
222 404 1
222 808 1
227 22 1
227 56 1
227 57 1
227 96 1
227 115 1
227 120 1
227 155 1
227 170 1
227 232 1
227 288 1
227 290 1
227 295 1
227 356 1
227 406 1
227 630 1
229 162 1
229 166 1
229 206 1
233 5 1
233 176 1
237 45 1
237 290 1
237 309 1
237 350 1
237 517 1
241 294 1
241 335 1
241 409 1
241 422 1
241 577 1
241 613 1
246 205 1
246 423 1
251 226 1
251 394 1
251 620 1
251 652 1
251 669 1
252 16 1
252 86 1
252 155 1
252 172 1
257 323 1
258 255 1
258 311 1
258 338 1
258 373 1
259 218 1
261 60 1
265 583 1
267 7 1
267 80 1
267 560 1
269 22 1
269 129 1
270 2 1
270 153 1
270 336 1
270 747 1
274 13 1
274 39 1
274 73 1
274 79 1
274 151 1
274 153 1
274 221 1
274 235 1
274 291 1
274 294 1
274 303 1
274 308 1
274 592 1
279 17 1
282 5 1
282 27 1
282 68 1
282 85 1
282 100 1
282 108 1
282 112 1
282 128 1
282 167 1
282 233 1
282 271 1
282 285 1
282 308 1
282 785 1
292 37 1
292 92 1
292 98 1
292 314 1
292 325 1
292 366 1
298 25 1
298 104 1
298 157 1
298 169 1
298 382 1
299 231 1
304 19 1
304 38 1
304 144 1
304 203 1
304 393 1
315 532 1
324 11 1
324 23 1
324 116 1
324 126 1
324 136 1
324 173 1
324 174 1
324 179 1
324 183 1
324 208 1
324 212 1
324 333 1
324 351 1
324 357 1
324 416 1
324 423 1
324 443 1
325 1 1
330 244 1
331 65 1
331 187 1
331 264 1
337 8 1
337 99 1
337 201 1
339 7 1
339 31 1
339 78 1
339 117 1
339 173 1
339 312 1
339 317 1
339 369 1
339 400 1
339 406 1
339 472 1
339 799 1
342 70 1
342 91 1
344 17 1
344 18 1
344 21 1
344 26 1
344 67 1
344 85 1
344 117 1
344 137 1
344 138 1
344 140 1
344 141 1
344 153 1
344 180 1
344 182 1
344 240 1
344 273 1
344 278 1
344 291 1
344 345 1
344 357 1
344 368 1
344 375 1
344 414 1
344 616 1
344 722 1
345 33 1
345 132 1
345 141 1
345 195 1
345 278 1
345 291 1
345 320 1
345 329 1
345 357 1
345 497 1
346 16 1
346 32 1
346 95 1
346 130 1
346 174 1
346 200 1
346 313 1
346 338 1
346 343 1
346 368 1
346 401 1
346 656 1
346 693 1
349 200 1
358 245 1
358 327 1
359 172 1
359 234 1
359 252 1
359 272 1
359 318 1
359 754 1
359 782 1
362 84 1
369 146 1
370 260 1
376 14 1
376 546 1
378 216 1
380 7 1
380 155 1
380 179 1
380 316 1
380 412 1
385 37 1
385 135 1
385 194 1
385 228 1
385 230 1
385 355 1
385 381 1
385 397 1
389 276 1
391 341 1
401 13 1
401 322 1
405 286 1
408 238 1
408 466 1
413 49 1
413 58 1
413 61 1
413 62 1
413 86 1
413 124 1
413 134 1
413 144 1
413 149 1
413 177 1
413 180 1
413 199 1
413 209 1
413 224 1
413 300 1
413 336 1
413 349 1
413 364 1
413 367 1
413 379 1
413 390 1
413 411 1
413 419 1
413 429 1
413 500 1
413 664 1
413 836 1
415 153 1
417 237 1
418 7 1
418 103 1
418 162 1
420 3 1
