4 12 1
6 39 1
6 186 1
6 278 1
9 24 1
15 273 1
18 416 1
20 172 1
20 386 1
20 387 1
20 404 1
20 630 1
24 13 1
24 17 1
24 45 1
24 46 1
24 99 1
24 128 1
24 132 1
24 137 1
24 154 1
24 178 1
24 205 1
24 237 1
24 245 1
24 314 1
24 369 1
24 373 1
24 394 1
24 497 1
24 675 1
24 781 1
30 26 1
30 71 1
30 117 1
30 139 1
30 174 1
30 301 1
30 355 1
40 299 1
43 237 1
43 246 1
46 11 1
46 422 1
49 1 1
49 357 1
53 153 1
53 390 1
55 620 1
56 95 1
56 268 1
59 147 1
59 240 1
64 16 1
64 54 1
64 56 1
64 103 1
64 110 1
64 162 1
64 172 1
64 225 1
64 255 1
64 354 1
66 1 1
66 5 1
66 18 1
66 19 1
66 21 1
66 22 1
66 28 1
66 41 1
66 52 1
66 56 1
66 57 1
66 64 1
66 67 1
66 73 1
66 80 1
66 85 1
66 86 1
66 93 1
66 101 1
66 103 1
66 120 1
66 131 1
66 136 1
66 142 1
66 144 1
66 146 1
66 149 1
66 150 1
66 151 1
66 157 1
66 159 1
66 162 1
66 165 1
66 171 1
66 173 1
66 193 1
66 195 1
66 197 1
66 202 1
66 206 1
66 230 1
66 255 1
66 264 1
66 267 1
66 271 1
66 273 1
66 281 1
66 285 1
66 287 1
66 289 1
66 290 1
66 291 1
66 302 1
66 306 1
66 309 1
66 341 1
66 345 1
66 351 1
66 352 1
66 355 1
66 357 1
66 369 1
66 381 1
66 390 1
66 392 1
66 395 1
66 397 1
66 400 1
66 411 1
66 487 1
66 491 1
66 580 1
66 799 1
68 303 1
68 748 1
69 70 1
69 176 1
74 5 1
74 338 1
77 67 1
77 133 1
77 232 1
77 277 1
77 347 1
77 760 1
82 2 1
82 129 1
82 136 1
82 182 1
82 214 1
82 253 1
82 423 1
88 140 1
88 286 1
88 356 1
90 38 1
90 235 1
94 135 1
94 247 1
97 693 1
109 63 1
111 85 1
111 334 1
113 200 1
114 81 1
114 283 1
114 285 1
114 328 1
119 21 1
119 121 1
119 184 1
119 371 1
119 412 1
123 285 1
123 350 1
127 130 1
127 262 1
127 574 1
136 120 1
136 144 1
136 150 1
136 153 1
136 277 1
136 285 1
136 423 1
137 5 1
137 76 1
137 105 1
137 179 1
137 210 1
137 216 1
137 307 1
137 314 1
137 351 1
137 367 1
137 423 1
137 532 1
137 615 1
143 3 1
143 5 1
143 7 1
143 42 1
143 49 1
143 72 1
143 104 1
143 137 1
143 179 1
143 200 1
143 210 1
143 226 1
143 231 1
143 278 1
143 296 1
143 314 1
143 318 1
143 320 1
143 333 1
143 336 1
143 393 1
143 688 1
143 824 1
148 233 1
148 238 1
148 287 1
148 326 1
148 348 1
148 374 1
148 383 1
151 291 1
151 377 1
154 18 1
154 68 1
154 116 1
154 117 1
154 132 1
154 155 1
154 240 1
154 242 1
154 340 1
154 388 1
156 267 1
156 351 1
157 290 1
157 308 1
158 466 1
160 124 1
160 375 1
161 216 1
164 335 1
169 65 1
169 223 1
169 375 1
175 14 1
175 31 1
175 56 1
175 220 1
181 266 1
181 276 1
181 566 1
188 87 1
188 177 1
190 17 1
190 25 1
190 58 1
190 87 1
190 127 1
190 155 1
190 157 1
190 187 1
190 201 1
190 254 1
190 256 1
190 290 1
190 292 1
190 316 1
190 343 1
190 353 1
190 363 1
190 369 1
190 406 1
190 414 1
190 627 1
190 765 1
192 364 1
193 22 1
193 57 1
193 86 1
193 162 1
193 165 1
193 202 1
193 273 1
193 392 1
197 85 1
198 421 1
203 167 1
203 232 1
204 118 1
207 294 1
207 592 1
213 144 1
215 664 1
219 613 1
222 1 1
222 10 1
222 36 1
222 118 1
222 165 1
222 170 1
222 238 1
222 263 1
222 327 1
222 396 1
222 399 1
222 517 1
227 48 1
227 58 1
227 60 1
227 125 1
227 126 1
227 168 1
227 203 1
227 245 1
227 271 1
227 317 1
227 361 1
227 368 1
227 402 1
227 674 1
227 721 1
229 92 1
229 183 1
229 294 1
233 91 1
233 313 1
237 169 1
237 264 1
237 351 1
237 616 1
237 669 1
241 163 1
241 180 1
241 196 1
241 284 1
241 308 1
241 429 1
246 134 1
246 275 1
251 23 1
251 35 1
251 240 1
251 803 1
251 808 1
252 7 1
252 199 1
252 357 1
252 577 1
257 129 1
258 200 1
258 234 1
258 332 1
258 785 1
259 338 1
261 767 1
265 645 1
267 146 1
267 197 1
267 329 1
269 62 1
269 312 1
270 57 1
270 86 1
270 345 1
270 357 1
274 7 1
274 23 1
274 51 1
274 78 1
274 102 1
274 106 1
274 189 1
274 217 1
274 272 1
274 277 1
274 280 1
274 443 1
274 656 1
279 398 1
282 7 1
282 34 1
282 86 1
282 89 1
282 236 1
282 241 1
282 250 1
282 252 1
282 270 1
282 357 1
282 369 1
282 372 1
282 382 1
282 727 1
292 37 1
292 85 1
292 98 1
292 152 1
292 453 1
292 611 1
298 121 1
298 140 1
298 224 1
298 305 1
298 419 1
299 228 1
304 92 1
304 108 1
304 247 1
304 291 1
304 294 1
315 288 1
324 13 1
324 27 1
324 83 1
324 95 1
324 112 1
324 144 1
324 155 1
324 176 1
324 177 1
324 248 1
324 345 1
324 382 1
324 409 1
324 472 1
324 500 1
324 537 1
324 792 1
325 290 1
330 280 1
331 87 1
331 221 1
331 831 1
337 100 1
337 107 1
337 172 1
339 50 1
339 61 1
339 76 1
339 92 1
339 162 1
339 171 1
339 180 1
339 349 1
339 357 1
339 407 1
339 652 1
339 722 1
342 272 1
342 836 1
344 19 1
344 29 1
344 32 1
344 44 1
344 89 1
344 115 1
344 149 1
344 153 1
344 174 1
344 191 1
344 196 1
344 209 1
344 211 1
344 249 1
344 293 1
344 297 1
344 362 1
344 365 1
344 366 1
344 379 1
344 381 1
344 416 1
344 583 1
344 747 1
344 782 1
345 13 1
345 33 1
345 79 1
345 84 1
345 212 1
345 218 1
345 272 1
345 287 1
345 406 1
345 690 1
346 16 1
346 56 1
346 73 1
346 96 1
346 122 1
346 145 1
346 171 1
346 173 1
346 291 1
346 322 1
346 401 1
346 489 1
346 682 1
349 403 1
358 96 1
358 169 1
359 185 1
359 208 1
359 312 1
359 318 1
359 321 1
359 336 1
359 388 1
362 365 1
369 236 1
370 14 1
376 135 1
376 166 1
378 243 1
380 142 1
380 182 1
380 311 1
380 345 1
380 560 1
385 20 1
385 60 1
385 194 1
385 197 1
385 360 1
385 410 1
385 422 1
385 754 1
389 146 1
391 260 1
401 145 1
401 295 1
405 202 1
408 47 1
408 368 1
413 8 1
413 37 1
413 75 1
413 118 1
413 136 1
413 138 1
413 141 1
413 144 1
413 172 1
413 239 1
413 244 1
413 266 1
413 278 1
413 283 1
413 290 1
413 300 1
413 310 1
413 312 1
413 318 1
413 319 1
413 323 1
413 325 1
413 359 1
413 369 1
413 382 1
413 384 1
413 546 1
415 234 1
417 123 1
418 1 1
418 141 1
418 650 1
420 153 1
