4 96 1
6 45 1
6 238 1
6 373 1
9 165 1
15 220 1
18 83 1
20 157 1
20 165 1
20 218 1
20 357 1
20 398 1
24 7 1
24 10 1
24 23 1
24 39 1
24 48 1
24 56 1
24 76 1
24 86 1
24 136 1
24 146 1
24 155 1
24 174 1
24 248 1
24 262 1
24 278 1
24 285 1
24 338 1
24 347 1
24 356 1
24 656 1
30 85 1
30 91 1
30 196 1
30 277 1
30 320 1
30 366 1
30 406 1
40 236 1
43 172 1
43 377 1
46 17 1
46 56 1
49 169 1
49 240 1
53 3 1
53 272 1
55 682 1
56 141 1
56 407 1
59 95 1
59 179 1
64 142 1
64 144 1
64 149 1
64 153 1
64 162 1
64 280 1
64 290 1
64 310 1
64 369 1
64 577 1
66 2 1
66 5 1
66 52 1
66 63 1
66 64 1
66 71 1
66 72 1
66 78 1
66 80 1
66 86 1
66 87 1
66 92 1
66 101 1
66 108 1
66 122 1
66 124 1
66 131 1
66 142 1
66 144 1
66 149 1
66 151 1
66 153 1
66 162 1
66 169 1
66 170 1
66 173 1
66 179 1
66 180 1
66 184 1
66 201 1
66 202 1
66 209 1
66 212 1
66 226 1
66 230 1
66 233 1
66 255 1
66 256 1
66 260 1
66 263 1
66 264 1
66 267 1
66 280 1
66 283 1
66 284 1
66 287 1
66 290 1
66 291 1
66 294 1
66 307 1
66 308 1
66 319 1
66 333 1
66 335 1
66 345 1
66 349 1
66 353 1
66 357 1
66 360 1
66 363 1
66 367 1
66 368 1
66 369 1
66 381 1
66 388 1
66 397 1
66 403 1
66 416 1
66 500 1
66 616 1
66 765 1
66 782 1
66 792 1
68 16 1
68 147 1
69 369 1
69 664 1
74 132 1
74 162 1
77 172 1
77 176 1
77 300 1
77 354 1
77 375 1
77 803 1
82 79 1
82 96 1
82 146 1
82 197 1
82 620 1
82 674 1
82 727 1
88 103 1
88 240 1
88 291 1
90 277 1
90 311 1
94 236 1
94 365 1
97 239 1
109 157 1
111 244 1
111 291 1
113 294 1
114 117 1
114 253 1
114 652 1
114 693 1
119 266 1
119 379 1
119 384 1
119 423 1
119 615 1
123 318 1
123 422 1
127 21 1
127 299 1
127 824 1
136 19 1
136 144 1
136 194 1
136 249 1
136 272 1
136 387 1
136 392 1
137 37 1
137 75 1
137 180 1
137 189 1
137 197 1
137 351 1
137 361 1
137 364 1
137 409 1
137 421 1
137 443 1
137 613 1
137 748 1
143 14 1
143 28 1
143 44 1
143 67 1
143 68 1
143 81 1
143 140 1
143 159 1
143 162 1
143 166 1
143 167 1
143 176 1
143 211 1
143 217 1
143 221 1
143 234 1
143 271 1
143 317 1
143 392 1
143 394 1
143 517 1
143 781 1
143 799 1
148 135 1
148 138 1
148 155 1
148 206 1
148 312 1
148 314 1
148 760 1
151 27 1
151 255 1
154 35 1
154 36 1
154 76 1
154 112 1
154 115 1
154 120 1
154 126 1
154 270 1
154 675 1
154 831 1
156 306 1
156 487 1
157 153 1
157 232 1
158 466 1
160 238 1
160 273 1
161 285 1
164 235 1
169 87 1
169 291 1
169 355 1
175 140 1
175 388 1
175 690 1
175 808 1
181 135 1
181 178 1
181 245 1
188 7 1
188 210 1
190 18 1
190 26 1
190 144 1
190 197 1
190 200 1
190 247 1
190 267 1
190 278 1
190 289 1
190 292 1
190 313 1
190 316 1
190 329 1
190 340 1
190 345 1
190 369 1
190 401 1
190 453 1
190 489 1
190 574 1
190 580 1
190 669 1
192 240 1
193 13 1
193 22 1
193 214 1
193 225 1
193 232 1
193 288 1
193 302 1
193 328 1
197 98 1
198 271 1
203 243 1
203 419 1
204 412 1
207 8 1
207 645 1
213 611 1
215 323 1
219 132 1
222 22 1
222 29 1
222 106 1
222 171 1
222 172 1
222 174 1
222 193 1
222 275 1
222 341 1
222 372 1
222 410 1
222 592 1
227 1 1
227 73 1
227 92 1
227 121 1
227 129 1
227 199 1
227 234 1
227 242 1
227 250 1
227 276 1
227 309 1
227 350 1
227 357 1
227 371 1
227 630 1
229 118 1
229 127 1
229 191 1
233 273 1
233 416 1
237 1 1
237 137 1
237 277 1
237 351 1
237 374 1
241 57 1
241 171 1
241 187 1
241 195 1
241 237 1
241 532 1
246 303 1
246 308 1
251 130 1
251 173 1
251 182 1
251 246 1
251 254 1
252 345 1
252 357 1
252 390 1
252 627 1
257 12 1
258 67 1
258 146 1
258 223 1
258 296 1
259 327 1
261 355 1
265 423 1
267 283 1
267 290 1
267 322 1
269 62 1
269 312 1
270 56 1
270 368 1
270 411 1
270 767 1
274 19 1
274 25 1
274 37 1
274 61 1
274 85 1
274 118 1
274 237 1
274 336 1
274 351 1
274 382 1
274 383 1
274 688 1
274 754 1
279 84 1
282 5 1
282 33 1
282 42 1
282 51 1
282 93 1
282 117 1
282 120 1
282 125 1
282 133 1
282 312 1
282 332 1
282 343 1
282 369 1
282 402 1
292 60 1
292 103 1
292 110 1
292 121 1
292 154 1
292 334 1
298 11 1
298 47 1
298 105 1
298 268 1
298 472 1
299 150 1
304 86 1
304 203 1
304 266 1
304 286 1
304 294 1
315 21 1
324 20 1
324 41 1
324 58 1
324 104 1
324 165 1
324 177 1
324 183 1
324 210 1
324 224 1
324 264 1
324 281 1
324 297 1
324 357 1
324 386 1
324 393 1
324 414 1
324 423 1
325 200 1
330 46 1
331 293 1
331 326 1
331 546 1
337 100 1
337 145 1
337 325 1
339 17 1
339 70 1
339 85 1
339 134 1
339 150 1
339 205 1
339 285 1
339 301 1
339 399 1
339 406 1
339 491 1
339 566 1
342 252 1
342 336 1
344 7 1
344 32 1
344 34 1
344 50 1
344 54 1
344 57 1
344 102 1
344 123 1
344 129 1
344 136 1
344 177 1
344 202 1
344 216 1
344 231 1
344 241 1
344 318 1
344 345 1
344 352 1
344 357 1
344 390 1
344 422 1
344 429 1
344 560 1
344 721 1
344 747 1
345 18 1
345 57 1
345 144 1
345 171 1
345 196 1
345 202 1
345 208 1
345 216 1
345 365 1
345 497 1
346 38 1
346 49 1
346 58 1
346 65 1
346 87 1
346 95 1
346 182 1
346 185 1
346 287 1
346 314 1
346 404 1
346 583 1
346 650 1
349 152 1
358 128 1
358 318 1
359 1 1
359 13 1
359 31 1
359 141 1
359 153 1
359 287 1
359 314 1
362 145 1
369 5 1
370 5 1
376 375 1
376 382 1
378 163 1
380 136 1
380 245 1
380 272 1
380 290 1
380 348 1
385 89 1
385 99 1
385 107 1
385 168 1
385 228 1
385 381 1
385 395 1
385 537 1
389 200 1
391 722 1
401 56 1
401 396 1
405 172 1
408 73 1
408 118 1
413 1 1
413 7 1
413 13 1
413 14 1
413 16 1
413 23 1
413 24 1
413 60 1
413 86 1
413 89 1
413 116 1
413 137 1
413 139 1
413 155 1
413 186 1
413 247 1
413 278 1
413 285 1
413 295 1
413 305 1
413 321 1
413 338 1
413 351 1
413 359 1
413 362 1
413 382 1
413 400 1
415 290 1
417 273 1
418 85 1
418 92 1
418 785 1
420 836 1
