4 92 1
6 107 1
6 377 1
6 765 1
9 35 1
15 197 1
18 675 1
20 54 1
20 118 1
20 228 1
20 357 1
20 374 1
24 7 1
24 8 1
24 118 1
24 124 1
24 155 1
24 174 1
24 223 1
24 234 1
24 236 1
24 287 1
24 294 1
24 305 1
24 308 1
24 312 1
24 318 1
24 334 1
24 367 1
24 388 1
24 416 1
24 721 1
30 5 1
30 72 1
30 93 1
30 136 1
30 285 1
30 421 1
30 487 1
40 268 1
43 293 1
43 645 1
46 42 1
46 294 1
49 1 1
49 271 1
53 117 1
53 262 1
55 208 1
56 137 1
56 264 1
59 127 1
59 142 1
64 60 1
64 71 1
64 76 1
64 149 1
64 162 1
64 171 1
64 291 1
64 309 1
64 382 1
64 652 1
66 1 1
66 7 1
66 12 1
66 13 1
66 18 1
66 24 1
66 34 1
66 37 1
66 46 1
66 56 1
66 58 1
66 80 1
66 86 1
66 96 1
66 106 1
66 120 1
66 129 1
66 136 1
66 137 1
66 144 1
66 154 1
66 165 1
66 172 1
66 174 1
66 182 1
66 197 1
66 200 1
66 202 1
66 231 1
66 232 1
66 233 1
66 234 1
66 241 1
66 243 1
66 248 1
66 273 1
66 278 1
66 283 1
66 287 1
66 303 1
66 308 1
66 314 1
66 317 1
66 318 1
66 319 1
66 320 1
66 323 1
66 325 1
66 338 1
66 345 1
66 351 1
66 357 1
66 362 1
66 375 1
66 387 1
66 388 1
66 390 1
66 406 1
66 419 1
66 423 1
66 466 1
66 537 1
66 592 1
66 615 1
66 616 1
66 664 1
66 722 1
66 727 1
66 747 1
66 782 1
66 792 1
66 808 1
66 831 1
68 99 1
68 141 1
69 95 1
69 799 1
74 277 1
74 836 1
77 37 1
77 73 1
77 189 1
77 290 1
77 326 1
77 357 1
82 19 1
82 26 1
82 146 1
82 155 1
82 196 1
82 225 1
82 335 1
88 87 1
88 132 1
88 237 1
90 226 1
90 253 1
94 157 1
94 212 1
97 151 1
109 21 1
111 115 1
111 352 1
113 86 1
114 92 1
114 272 1
114 336 1
114 560 1
119 85 1
119 121 1
119 255 1
119 284 1
119 690 1
123 56 1
123 178 1
127 100 1
127 142 1
127 294 1
136 14 1
136 166 1
136 172 1
136 273 1
136 375 1
136 400 1
136 406 1
137 13 1
137 67 1
137 83 1
137 84 1
137 165 1
137 237 1
137 280 1
137 356 1
137 357 1
137 359 1
137 422 1
137 423 1
137 785 1
143 5 1
143 16 1
143 17 1
143 25 1
143 57 1
143 73 1
143 92 1
143 123 1
143 153 1
143 157 1
143 195 1
143 245 1
143 255 1
143 270 1
143 285 1
143 296 1
143 318 1
143 332 1
143 341 1
143 409 1
143 682 1
143 754 1
143 803 1
148 78 1
148 87 1
148 247 1
148 278 1
148 316 1
148 345 1
148 824 1
151 546 1
151 580 1
154 18 1
154 87 1
154 146 1
154 150 1
154 173 1
154 276 1
154 297 1
154 299 1
154 351 1
154 577 1
156 79 1
156 85 1
157 5 1
157 50 1
158 288 1
160 14 1
160 254 1
161 277 1
164 250 1
169 263 1
169 266 1
169 404 1
175 155 1
175 246 1
175 267 1
175 364 1
181 102 1
181 382 1
181 620 1
188 281 1
188 366 1
190 32 1
190 36 1
190 57 1
190 76 1
190 86 1
190 96 1
190 126 1
190 163 1
190 169 1
190 172 1
190 173 1
190 186 1
190 220 1
190 252 1
190 266 1
190 267 1
190 310 1
190 365 1
190 381 1
190 383 1
190 410 1
190 414 1
192 191 1
193 11 1
193 23 1
193 39 1
193 89 1
193 144 1
193 162 1
193 236 1
193 349 1
197 412 1
198 280 1
203 10 1
203 345 1
204 292 1
207 145 1
207 379 1
213 16 1
215 170 1
219 196 1
222 3 1
222 140 1
222 153 1
222 194 1
222 217 1
222 224 1
222 272 1
222 290 1
222 338 1
222 361 1
222 423 1
222 443 1
227 33 1
227 38 1
227 85 1
227 95 1
227 136 1
227 144 1
227 214 1
227 221 1
227 273 1
227 290 1
227 291 1
227 373 1
227 422 1
227 429 1
227 472 1
229 41 1
229 285 1
229 312 1
233 314 1
233 674 1
237 67 1
237 132 1
237 179 1
237 403 1
237 566 1
241 7 1
241 28 1
241 176 1
241 185 1
241 200 1
241 688 1
246 22 1
246 86 1
251 45 1
251 139 1
251 272 1
251 300 1
251 351 1
252 2 1
252 125 1
252 211 1
252 336 1
257 29 1
258 177 1
258 210 1
258 343 1
258 517 1
259 238 1
261 313 1
265 656 1
267 51 1
267 184 1
267 239 1
269 179 1
269 187 1
270 61 1
270 153 1
270 172 1
270 396 1
274 63 1
274 140 1
274 176 1
274 180 1
274 197 1
274 277 1
274 290 1
274 311 1
274 314 1
274 390 1
274 395 1
274 401 1
274 491 1
279 368 1
282 108 1
282 133 1
282 199 1
282 203 1
282 230 1
282 283 1
282 285 1
282 291 1
282 345 1
282 353 1
282 369 1
282 393 1
282 574 1
282 767 1
292 31 1
292 110 1
292 117 1
292 122 1
292 242 1
292 357 1
298 5 1
298 369 1
298 583 1
298 693 1
298 760 1
299 70 1
304 56 1
304 103 1
304 165 1
304 169 1
304 386 1
315 105 1
324 7 1
324 58 1
324 68 1
324 101 1
324 150 1
324 205 1
324 245 1
324 256 1
324 321 1
324 328 1
324 340 1
324 368 1
324 371 1
324 398 1
324 453 1
324 497 1
324 611 1
325 103 1
330 369 1
331 135 1
331 180 1
331 240 1
337 27 1
337 301 1
337 327 1
339 52 1
339 135 1
339 167 1
339 201 1
339 240 1
339 247 1
339 278 1
339 307 1
339 369 1
339 394 1
339 402 1
339 650 1
342 85 1
342 286 1
344 20 1
344 23 1
344 47 1
344 57 1
344 118 1
344 144 1
344 146 1
344 159 1
344 162 1
344 177 1
344 183 1
344 193 1
344 206 1
344 216 1
344 235 1
344 306 1
344 322 1
344 333 1
344 350 1
344 365 1
344 416 1
344 489 1
344 627 1
344 669 1
344 781 1
345 19 1
345 22 1
345 98 1
345 130 1
345 144 1
345 275 1
345 312 1
345 348 1
345 355 1
345 399 1
346 17 1
346 48 1
346 56 1
346 60 1
346 64 1
346 134 1
346 138 1
346 147 1
346 149 1
346 202 1
346 291 1
346 347 1
346 382 1
349 141 1
358 168 1
358 171 1
359 13 1
359 65 1
359 75 1
359 91 1
359 145 1
359 200 1
359 384 1
362 182 1
369 264 1
370 1 1
376 129 1
376 360 1
378 209 1
380 81 1
380 120 1
380 232 1
380 369 1
380 500 1
385 1 1
385 49 1
385 240 1
385 260 1
385 271 1
385 372 1
385 407 1
385 630 1
389 290 1
391 62 1
401 354 1
401 355 1
405 89 1
408 329 1
408 392 1
413 21 1
413 44 1
413 104 1
413 112 1
413 116 1
413 128 1
413 152 1
413 153 1
413 162 1
413 171 1
413 202 1
413 210 1
413 216 1
413 238 1
413 244 1
413 249 1
413 287 1
413 289 1
413 295 1
413 302 1
413 351 1
413 363 1
413 381 1
413 392 1
413 397 1
413 411 1
413 748 1
415 357 1
417 218 1
418 121 1
418 131 1
418 613 1
420 532 1
