4 150 1
6 135 1
6 221 1
6 290 1
9 500 1
15 351 1
18 202 1
20 3 1
20 5 1
20 140 1
20 162 1
20 286 1
24 38 1
24 45 1
24 81 1
24 92 1
24 103 1
24 169 1
24 226 1
24 232 1
24 242 1
24 278 1
24 312 1
24 345 1
24 357 1
24 374 1
24 381 1
24 410 1
24 422 1
24 560 1
24 727 1
24 792 1
30 7 1
30 118 1
30 149 1
30 208 1
30 354 1
30 580 1
30 747 1
40 57 1
43 12 1
43 151 1
46 189 1
46 294 1
49 84 1
49 566 1
53 54 1
53 238 1
55 150 1
56 166 1
56 406 1
59 266 1
59 329 1
64 57 1
64 86 1
64 191 1
64 307 1
64 350 1
64 357 1
64 369 1
64 406 1
64 429 1
64 487 1
66 5 1
66 7 1
66 11 1
66 14 1
66 18 1
66 23 1
66 25 1
66 37 1
66 44 1
66 56 1
66 71 1
66 76 1
66 80 1
66 86 1
66 87 1
66 89 1
66 96 1
66 99 1
66 110 1
66 122 1
66 124 1
66 127 1
66 136 1
66 137 1
66 144 1
66 149 1
66 159 1
66 165 1
66 177 1
66 180 1
66 193 1
66 202 1
66 203 1
66 209 1
66 224 1
66 231 1
66 234 1
66 237 1
66 240 1
66 244 1
66 247 1
66 262 1
66 268 1
66 270 1
66 272 1
66 277 1
66 281 1
66 283 1
66 285 1
66 296 1
66 299 1
66 301 1
66 309 1
66 312 1
66 313 1
66 314 1
66 318 1
66 326 1
66 327 1
66 338 1
66 345 1
66 351 1
66 359 1
66 372 1
66 373 1
66 382 1
66 387 1
66 423 1
66 472 1
66 489 1
66 767 1
66 799 1
66 831 1
68 78 1
68 294 1
69 249 1
69 364 1
74 142 1
74 253 1
77 22 1
77 237 1
77 352 1
77 361 1
77 396 1
77 803 1
82 67 1
82 199 1
82 260 1
82 272 1
82 292 1
82 357 1
82 421 1
88 41 1
88 146 1
88 234 1
90 26 1
90 688 1
94 112 1
94 172 1
97 256 1
109 206 1
111 241 1
111 273 1
113 377 1
114 152 1
114 186 1
114 289 1
114 386 1
119 31 1
119 335 1
119 355 1
119 360 1
119 422 1
123 132 1
123 341 1
127 87 1
127 115 1
127 136 1
136 13 1
136 87 1
136 107 1
136 172 1
136 183 1
136 238 1
136 285 1
137 23 1
137 35 1
137 56 1
137 60 1
137 174 1
137 196 1
137 233 1
137 272 1
137 277 1
137 314 1
137 320 1
137 397 1
137 423 1
143 1 1
143 48 1
143 49 1
143 52 1
143 58 1
143 73 1
143 118 1
143 132 1
143 165 1
143 179 1
143 197 1
143 200 1
143 225 1
143 246 1
143 267 1
143 302 1
143 318 1
143 328 1
143 363 1
143 365 1
143 382 1
143 400 1
143 690 1
148 133 1
148 223 1
148 267 1
148 308 1
148 336 1
148 368 1
148 721 1
151 212 1
151 294 1
154 46 1
154 51 1
154 56 1
154 145 1
154 153 1
154 255 1
154 273 1
154 297 1
154 316 1
154 369 1
156 338 1
156 355 1
157 93 1
157 371 1
158 19 1
160 136 1
160 375 1
161 627 1
164 357 1
169 144 1
169 173 1
169 278 1
175 57 1
175 121 1
175 162 1
175 693 1
181 36 1
181 263 1
181 546 1
188 70 1
188 357 1
190 8 1
190 47 1
190 79 1
190 85 1
190 101 1
190 128 1
190 129 1
190 131 1
190 138 1
190 141 1
190 157 1
190 200 1
190 205 1
190 240 1
190 284 1
190 290 1
190 306 1
190 349 1
190 393 1
190 398 1
190 404 1
190 650 1
192 675 1
193 16 1
193 58 1
193 210 1
193 283 1
193 343 1
193 369 1
193 416 1
193 781 1
197 216 1
198 197 1
203 194 1
203 384 1
204 317 1
207 104 1
207 319 1
213 310 1
215 308 1
219 32 1
222 18 1
222 39 1
222 56 1
222 72 1
222 153 1
222 154 1
222 202 1
222 367 1
222 369 1
222 382 1
222 403 1
222 577 1
227 24 1
227 61 1
227 92 1
227 134 1
227 165 1
227 211 1
227 264 1
227 278 1
227 280 1
227 345 1
227 381 1
227 399 1
227 409 1
227 412 1
227 532 1
229 65 1
229 275 1
229 401 1
233 83 1
233 123 1
237 5 1
237 75 1
237 129 1
237 178 1
237 305 1
241 17 1
241 157 1
241 179 1
241 228 1
241 266 1
241 592 1
246 125 1
246 300 1
251 34 1
251 172 1
251 187 1
251 247 1
251 395 1
252 1 1
252 19 1
252 197 1
252 291 1
257 322 1
258 13 1
258 17 1
258 348 1
258 574 1
259 645 1
261 218 1
265 172 1
267 130 1
267 214 1
267 368 1
269 144 1
269 293 1
270 89 1
270 95 1
270 98 1
270 162 1
274 106 1
274 121 1
274 180 1
274 201 1
274 216 1
274 232 1
274 271 1
274 287 1
274 295 1
274 336 1
274 613 1
274 620 1
274 656 1
279 351 1
282 1 1
282 7 1
282 27 1
282 120 1
282 182 1
282 255 1
282 290 1
282 291 1
282 325 1
282 345 1
282 347 1
282 375 1
282 390 1
282 402 1
292 86 1
292 285 1
292 321 1
292 357 1
292 388 1
292 669 1
298 13 1
298 29 1
298 276 1
298 318 1
298 392 1
299 7 1
304 63 1
304 271 1
304 414 1
304 616 1
304 652 1
315 21 1
324 14 1
324 50 1
324 85 1
324 102 1
324 126 1
324 147 1
324 153 1
324 155 1
324 171 1
324 240 1
324 252 1
324 287 1
324 288 1
324 333 1
324 334 1
324 353 1
324 785 1
325 682 1
330 748 1
331 21 1
331 184 1
331 390 1
337 22 1
337 67 1
337 144 1
339 62 1
339 116 1
339 120 1
339 210 1
339 217 1
339 236 1
339 303 1
339 383 1
339 407 1
339 630 1
339 664 1
339 824 1
342 264 1
342 273 1
344 5 1
344 10 1
344 20 1
344 60 1
344 85 1
344 86 1
344 91 1
344 105 1
344 117 1
344 144 1
344 162 1
344 163 1
344 169 1
344 171 1
344 176 1
344 177 1
344 195 1
344 239 1
344 243 1
344 254 1
344 388 1
344 411 1
344 517 1
344 615 1
344 754 1
345 2 1
345 28 1
345 37 1
345 141 1
345 182 1
345 291 1
345 312 1
345 314 1
345 416 1
345 537 1
346 64 1
346 73 1
346 100 1
346 139 1
346 171 1
346 196 1
346 245 1
346 285 1
346 369 1
346 394 1
346 765 1
346 782 1
346 808 1
349 290 1
358 155 1
358 722 1
359 118 1
359 142 1
359 146 1
359 230 1
359 245 1
359 351 1
359 362 1
362 168 1
369 16 1
370 311 1
376 140 1
376 365 1
378 103 1
380 96 1
380 117 1
380 153 1
380 379 1
380 760 1
385 1 1
385 42 1
385 92 1
385 170 1
385 176 1
385 280 1
385 340 1
385 491 1
389 611 1
391 323 1
401 423 1
401 674 1
405 85 1
408 392 1
408 443 1
413 33 1
413 68 1
413 76 1
413 95 1
413 135 1
413 137 1
413 145 1
413 146 1
413 167 1
413 174 1
413 185 1
413 200 1
413 220 1
413 235 1
413 236 1
413 250 1
413 277 1
413 287 1
413 290 1
413 291 1
413 332 1
413 356 1
413 366 1
413 419 1
413 453 1
413 466 1
413 836 1
415 583 1
417 497 1
418 108 1
418 155 1
418 173 1
420 248 1
