2 12 1
2 16 1
2 22 1
2 26 1
2 28 1
2 37 1
2 42 1
2 47 1
2 58 1
2 68 1
2 71 1
2 89 1
2 92 1
2 104 1
2 123 1
2 124 1
2 125 1
2 152 1
2 197 1
2 207 1
2 226 1
2 227 1
2 240 1
2 271 1
2 302 1
2 348 1
2 435 1
2 443 1
2 474 1
2 514 1
2 522 1
2 624 1
2 1052 1
2 1166 1
2 1172 1
2 1339 1
2 1341 1
2 1345 1
2 1376 1
2 1554 1
2 1592 1
2 1659 1
2 2096 1
2 2517 1
2 3552 1
2 4402 1
6 2 1
6 15 1
6 16 1
6 18 1
6 22 1
6 28 1
6 34 1
6 37 1
6 41 1
6 42 1
6 45 1
6 46 1
6 47 1
6 60 1
6 68 1
6 69 1
6 71 1
6 91 1
6 92 1
6 115 1
6 120 1
6 125 1
6 126 1
6 136 1
6 147 1
6 186 1
6 196 1
6 231 1
6 236 1
6 240 1
6 280 1
6 286 1
6 290 1
6 294 1
6 299 1
6 312 1
6 322 1
6 358 1
6 371 1
6 435 1
6 438 1
6 474 1
6 489 1
6 522 1
6 529 1
6 803 1
6 838 1
6 844 1
6 932 1
6 1063 1
6 1120 1
6 1167 1
6 1172 1
6 1188 1
6 1314 1
6 1339 1
6 1354 1
6 1559 1
6 1561 1
6 1720 1
6 1879 1
6 1955 1
6 2554 1
6 2763 1
6 3552 1
6 3691 1
6 4094 1
6 4269 1
6 6376 1
6 6598 1
6 7340 1
8 6 1
8 15 1
8 26 1
8 30 1
8 37 1
8 45 1
8 58 1
8 89 1
8 120 1
8 123 1
8 125 1
8 147 1
8 315 1
8 369 1
8 456 1
8 478 1
8 515 1
8 838 1
8 903 1
8 1561 1
8 2197 1
8 6381 1
9 2 1
9 6 1
9 15 1
9 26 1
9 37 1
9 45 1
9 89 1
9 115 1
9 120 1
9 190 1
9 207 1
9 290 1
9 474 1
9 489 1
9 508 1
9 526 1
9 1078 1
9 1376 1
9 1889 1
12 2 1
12 6 1
12 8 1
12 9 1
12 15 1
12 19 1
12 26 1
12 34 1
12 37 1
12 41 1
12 45 1
12 46 1
12 89 1
12 104 1
12 123 1
12 124 1
12 236 1
12 245 1
12 280 1
12 290 1
12 299 1
12 312 1
12 342 1
12 348 1
12 358 1
12 443 1
12 456 1
12 478 1
12 530 1
12 548 1
12 561 1
12 633 1
12 704 1
12 844 1
12 881 1
12 1078 1
12 1182 1
12 1192 1
12 1326 1
12 1339 1
12 1554 1
12 1659 1
12 1955 1
12 2462 1
12 2966 1
12 5024 1
12 5518 1
15 2 1
15 6 1
15 8 1
15 9 1
15 18 1
15 19 1
15 26 1
15 28 1
15 30 1
15 37 1
15 45 1
15 46 1
15 60 1
15 68 1
15 69 1
15 94 1
15 104 1
15 111 1
15 123 1
15 124 1
15 190 1
15 197 1
15 207 1
15 236 1
15 271 1
15 280 1
15 286 1
15 312 1
15 315 1
15 320 1
15 337 1
15 358 1
15 371 1
15 434 1
15 435 1
15 456 1
15 508 1
15 529 1
15 582 1
15 624 1
15 704 1
15 735 1
15 803 1
15 854 1
15 892 1
15 903 1
15 922 1
15 979 1
15 1052 1
15 1085 1
15 1167 1
15 1172 1
15 1295 1
15 1339 1
15 1376 1
15 1554 1
15 1659 1
15 1889 1
15 2197 1
15 2405 1
15 2462 1
15 2517 1
15 2609 1
15 2674 1
15 3552 1
15 5024 1
15 5227 1
15 5406 1
15 6226 1
16 8 1
16 9 1
16 12 1
16 18 1
16 19 1
16 24 1
16 25 1
16 26 1
16 30 1
16 33 1
16 34 1
16 37 1
16 41 1
16 42 1
16 46 1
16 47 1
16 60 1
16 68 1
16 69 1
16 71 1
16 72 1
16 89 1
16 92 1
16 94 1
16 111 1
16 120 1
16 123 1
16 124 1
16 125 1
16 126 1
16 133 1
16 147 1
16 152 1
16 186 1
16 191 1
16 196 1
16 197 1
16 212 1
16 226 1
16 227 1
16 241 1
16 245 1
16 258 1
16 271 1
16 286 1
16 290 1
16 294 1
16 299 1
16 307 1
16 312 1
16 315 1
16 320 1
16 337 1
16 342 1
16 358 1
16 371 1
16 434 1
16 456 1
16 489 1
16 506 1
16 526 1
16 529 1
16 530 1
16 532 1
16 533 1
16 540 1
16 548 1
16 561 1
16 612 1
16 631 1
16 633 1
16 653 1
16 695 1
16 704 1
16 733 1
16 735 1
16 803 1
16 844 1
16 854 1
16 903 1
16 908 1
16 932 1
16 942 1
16 1052 1
16 1078 1
16 1089 1
16 1131 1
16 1172 1
16 1182 1
16 1192 1
16 1228 1
16 1285 1
16 1289 1
16 1293 1
16 1314 1
16 1326 1
16 1339 1
16 1354 1
16 1469 1
16 1617 1
16 1659 1
16 1676 1
16 1720 1
16 1793 1
16 1889 1
16 1955 1
16 2096 1
16 2299 1
16 2343 1
16 2462 1
16 2467 1
16 2517 1
16 2554 1
16 2738 1
16 2763 1
16 3166 1
16 3480 1
16 3731 1
16 3857 1
16 3950 1
16 4402 1
16 4818 1
16 4827 1
16 4843 1
16 4868 1
16 5024 1
16 5039 1
16 5280 1
16 5406 1
16 5518 1
16 5750 1
16 5921 1
16 6376 1
16 6660 1
16 6673 1
16 6703 1
16 7143 1
16 7419 1
16 7683 1
18 2 1
18 6 1
18 9 1
18 15 1
18 19 1
18 22 1
18 25 1
18 26 1
18 28 1
18 30 1
18 34 1
18 37 1
18 42 1
18 46 1
18 58 1
18 68 1
18 69 1
18 71 1
18 72 1
18 74 1
18 92 1
18 104 1
18 111 1
18 115 1
18 120 1
18 124 1
18 125 1
18 126 1
18 139 1
18 147 1
18 152 1
18 212 1
18 236 1
18 245 1
18 257 1
18 258 1
18 286 1
18 294 1
18 299 1
18 302 1
18 307 1
18 312 1
18 315 1
18 320 1
18 333 1
18 348 1
18 358 1
18 361 1
18 371 1
18 434 1
18 438 1
18 443 1
18 456 1
18 474 1
18 478 1
18 506 1
18 508 1
18 515 1
18 526 1
18 530 1
18 561 1
18 623 1
18 624 1
18 653 1
18 725 1
18 765 1
18 801 1
18 838 1
18 844 1
18 886 1
18 888 1
18 903 1
18 908 1
18 922 1
18 1052 1
18 1063 1
18 1078 1
18 1085 1
18 1120 1
18 1172 1
18 1285 1
18 1289 1
18 1293 1
18 1295 1
18 1314 1
18 1326 1
18 1341 1
18 1345 1
18 1355 1
18 1376 1
18 1554 1
18 1738 1
18 1889 1
18 2048 1
18 2141 1
18 2299 1
18 2303 1
18 2405 1
18 2517 1
18 2653 1
18 2674 1
18 2682 1
18 2738 1
18 3108 1
18 3166 1
18 3261 1
18 3607 1
18 3829 1
18 3963 1
18 4094 1
18 4102 1
18 4146 1
18 4437 1
18 5518 1
18 7143 1
18 7419 1
19 22 1
19 26 1
19 45 1
19 115 1
19 119 1
19 508 1
22 2 1
22 8 1
22 12 1
22 15 1
22 16 1
22 18 1
22 25 1
22 26 1
22 30 1
22 34 1
22 37 1
22 43 1
22 45 1
22 46 1
22 47 1
22 68 1
22 69 1
22 74 1
22 89 1
22 104 1
22 111 1
22 115 1
22 119 1
22 123 1
22 124 1
22 125 1
22 147 1
22 152 1
22 186 1
22 190 1
22 191 1
22 196 1
22 197 1
22 207 1
22 226 1
22 227 1
22 236 1
22 240 1
22 245 1
22 257 1
22 258 1
22 280 1
22 290 1
22 294 1
22 299 1
22 307 1
22 312 1
22 315 1
22 320 1
22 322 1
22 337 1
22 340 1
22 348 1
22 358 1
22 361 1
22 371 1
22 398 1
22 434 1
22 438 1
22 456 1
22 474 1
22 506 1
22 508 1
22 514 1
22 522 1
22 526 1
22 530 1
22 532 1
22 533 1
22 548 1
22 561 1
22 582 1
22 624 1
22 631 1
22 633 1
22 653 1
22 714 1
22 725 1
22 733 1
22 735 1
22 765 1
22 801 1
22 803 1
22 838 1
22 844 1
22 879 1
22 881 1
22 886 1
22 888 1
22 903 1
22 932 1
22 942 1
22 979 1
22 1052 1
22 1063 1
22 1078 1
22 1085 1
22 1089 1
22 1120 1
22 1131 1
22 1167 1
22 1182 1
22 1188 1
22 1192 1
22 1289 1
22 1293 1
22 1326 1
22 1336 1
22 1339 1
22 1341 1
22 1345 1
22 1354 1
22 1355 1
22 1510 1
22 1554 1
22 1561 1
22 1592 1
22 1603 1
22 1617 1
22 1659 1
22 1793 1
22 1816 1
22 1879 1
22 1889 1
22 1955 1
22 2096 1
22 2182 1
22 2299 1
22 2554 1
22 2592 1
22 2609 1
22 2612 1
22 2738 1
22 2763 1
22 3166 1
22 3301 1
22 3481 1
22 3552 1
22 3606 1
22 3750 1
22 3878 1
22 3963 1
22 4065 1
22 4102 1
22 4435 1
22 4644 1
22 4714 1
22 4843 1
22 5039 1
22 5280 1
22 5406 1
22 5938 1
22 5987 1
22 6226 1
22 7452 1
24 12 1
24 68 1
24 89 1
24 197 1
24 290 1
24 340 1
24 371 1
24 735 1
25 18 1
25 26 1
25 34 1
25 37 1
25 58 1
25 68 1
25 72 1
25 89 1
25 94 1
25 115 1
25 258 1
25 299 1
25 302 1
25 438 1
25 530 1
25 803 1
25 2096 1
25 2405 1
26 6 1
26 8 1
26 12 1
26 19 1
26 24 1
26 25 1
26 28 1
26 37 1
26 41 1
26 42 1
26 45 1
26 58 1
26 60 1
26 68 1
26 71 1
26 89 1
26 92 1
26 104 1
26 115 1
26 123 1
26 125 1
26 147 1
26 186 1
26 197 1
26 207 1
26 236 1
26 245 1
26 257 1
26 280 1
26 299 1
26 302 1
26 312 1
26 315 1
26 320 1
26 358 1
26 371 1
26 438 1
26 456 1
26 474 1
26 478 1
26 489 1
26 508 1
26 526 1
26 529 1
26 532 1
26 533 1
26 561 1
26 612 1
26 623 1
26 624 1
26 765 1
26 854 1
26 922 1
26 979 1
26 1052 1
26 1063 1
26 1131 1
26 1167 1
26 1172 1
26 1192 1
26 1285 1
26 1289 1
26 1295 1
26 1341 1
26 1376 1
26 1986 1
26 2096 1
26 2303 1
26 2405 1
26 2517 1
26 2573 1
26 3301 1
26 3596 1
26 3607 1
26 4175 1
26 4330 1
26 4402 1
26 4714 1
26 5750 1
26 5921 1
26 6673 1
28 2 1
28 6 1
28 8 1
28 9 1
28 12 1
28 15 1
28 16 1
28 18 1
28 22 1
28 26 1
28 30 1
28 33 1
28 34 1
28 37 1
28 41 1
28 42 1
28 43 1
28 46 1
28 47 1
28 71 1
28 89 1
28 92 1
28 94 1
28 104 1
28 115 1
28 120 1
28 124 1
28 126 1
28 136 1
28 147 1
28 152 1
28 190 1
28 197 1
28 207 1
28 226 1
28 227 1
28 231 1
28 240 1
28 245 1
28 257 1
28 271 1
28 286 1
28 290 1
28 312 1
28 322 1
28 358 1
28 438 1
28 443 1
28 478 1
28 489 1
28 494 1
28 508 1
28 522 1
28 526 1
28 529 1
28 548 1
28 561 1
28 612 1
28 624 1
28 653 1
28 685 1
28 725 1
28 733 1
28 844 1
28 854 1
28 886 1
28 908 1
28 1078 1
28 1172 1
28 1192 1
28 1276 1
28 1355 1
28 2462 1
28 2467 1
28 2966 1
28 3166 1
28 3261 1
28 3750 1
28 4820 1
28 4843 1
28 5227 1
28 6263 1
28 6376 1
30 2 1
30 6 1
30 9 1
30 12 1
30 16 1
30 22 1
30 34 1
30 45 1
30 58 1
30 68 1
30 69 1
30 72 1
30 89 1
30 111 1
30 120 1
30 124 1
30 125 1
30 147 1
30 190 1
30 207 1
30 231 1
30 280 1
30 312 1
30 315 1
30 489 1
30 506 1
30 515 1
30 530 1
30 540 1
30 561 1
30 612 1
30 624 1
30 631 1
30 695 1
30 838 1
30 854 1
30 903 1
30 922 1
30 1131 1
30 1192 1
30 1289 1
30 1293 1
30 1336 1
30 1345 1
30 1376 1
30 1510 1
30 2462 1
30 2467 1
30 2517 1
30 3607 1
30 4714 1
33 456 1
33 548 1
34 2 1
34 15 1
34 26 1
34 30 1
34 42 1
34 45 1
34 47 1
34 58 1
34 68 1
34 71 1
34 72 1
34 89 1
34 115 1
34 120 1
34 125 1
34 126 1
34 139 1
34 147 1
34 152 1
34 257 1
34 286 1
34 299 1
34 312 1
34 371 1
34 443 1
34 489 1
34 508 1
34 526 1
34 624 1
34 803 1
34 879 1
34 908 1
34 932 1
34 1052 1
34 1085 1
34 1131 1
34 1167 1
34 1182 1
34 1738 1
34 2048 1
34 3750 1
34 4102 1
34 7294 1
37 6 1
37 8 1
37 9 1
37 12 1
37 15 1
37 16 1
37 18 1
37 22 1
37 25 1
37 26 1
37 28 1
37 30 1
37 34 1
37 41 1
37 42 1
37 45 1
37 68 1
37 69 1
37 89 1
37 94 1
37 104 1
37 111 1
37 115 1
37 120 1
37 123 1
37 240 1
37 258 1
37 271 1
37 280 1
37 290 1
37 302 1
37 312 1
37 340 1
37 358 1
37 456 1
37 561 1
37 624 1
37 725 1
37 844 1
37 932 1
37 1167 1
37 1289 1
37 1339 1
37 1355 1
37 1554 1
37 2308 1
37 2738 1
37 4102 1
37 6152 1
41 6 1
41 15 1
41 16 1
41 18 1
41 22 1
41 26 1
41 28 1
41 34 1
41 37 1
41 45 1
41 47 1
41 72 1
41 104 1
41 115 1
41 120 1
41 186 1
41 231 1
41 236 1
41 290 1
41 299 1
41 302 1
41 340 1
41 438 1
41 515 1
41 529 1
41 854 1
41 1089 1
41 1131 1
41 1376 1
41 1659 1
41 5406 1
42 12 1
42 15 1
42 18 1
42 22 1
42 45 1
42 68 1
42 69 1
42 89 1
42 111 1
42 152 1
42 196 1
42 236 1
42 280 1
42 312 1
42 340 1
42 443 1
42 704 1
42 932 1
42 1131 1
42 1166 1
42 1167 1
42 1172 1
42 1889 1
42 2405 1
42 3301 1
42 4330 1
43 2 1
43 6 1
43 15 1
43 16 1
43 18 1
43 26 1
43 28 1
43 30 1
43 42 1
43 45 1
43 69 1
43 123 1
43 125 1
43 196 1
43 231 1
43 240 1
43 257 1
43 258 1
43 322 1
43 337 1
43 340 1
43 443 1
43 474 1
43 624 1
43 908 1
43 1120 1
43 1131 1
43 1172 1
43 1889 1
43 2462 1
43 2517 1
43 3552 1
43 3731 1
45 2 1
45 16 1
45 18 1
45 19 1
45 22 1
45 28 1
45 34 1
45 37 1
45 41 1
45 42 1
45 46 1
45 60 1
45 68 1
45 71 1
45 89 1
45 94 1
45 120 1
45 123 1
45 125 1
45 152 1
45 197 1
45 207 1
45 212 1
45 231 1
45 236 1
45 240 1
45 257 1
45 290 1
45 312 1
45 315 1
45 333 1
45 337 1
45 340 1
45 434 1
45 438 1
45 443 1
45 456 1
45 478 1
45 494 1
45 526 1
45 529 1
45 704 1
45 735 1
45 803 1
45 838 1
45 903 1
45 1052 1
45 1063 1
45 1078 1
45 1188 1
45 1276 1
45 1339 1
45 1341 1
45 1376 1
45 1879 1
45 2197 1
45 2343 1
45 3750 1
45 4146 1
45 4330 1
45 4843 1
46 2 1
46 6 1
46 15 1
46 16 1
46 18 1
46 26 1
46 37 1
46 42 1
46 43 1
46 72 1
46 83 1
46 89 1
46 94 1
46 104 1
46 115 1
46 119 1
46 147 1
46 190 1
46 197 1
46 227 1
46 231 1
46 236 1
46 245 1
46 257 1
46 294 1
46 340 1
46 438 1
46 443 1
46 474 1
46 494 1
46 508 1
46 514 1
46 526 1
46 530 1
46 735 1
46 844 1
46 1289 1
46 1339 1
46 1341 1
46 1554 1
46 1659 1
46 2308 1
46 2763 1
47 15 1
47 19 1
47 94 1
47 120 1
47 271 1
47 474 1
47 526 1
47 844 1
47 879 1
47 1063 1
47 1172 1
47 2738 1
47 2866 1
58 6 1
58 8 1
58 12 1
58 15 1
58 19 1
58 22 1
58 26 1
58 34 1
58 37 1
58 43 1
58 46 1
58 69 1
58 71 1
58 72 1
58 74 1
58 89 1
58 94 1
58 120 1
58 123 1
58 124 1
58 125 1
58 152 1
58 236 1
58 257 1
58 286 1
58 290 1
58 299 1
58 307 1
58 322 1
58 333 1
58 342 1
58 358 1
58 371 1
58 398 1
58 438 1
58 443 1
58 456 1
58 474 1
58 489 1
58 526 1
58 623 1
58 695 1
58 733 1
58 735 1
58 801 1
58 844 1
58 854 1
58 932 1
58 1078 1
58 1172 1
58 1182 1
58 1289 1
58 1345 1
58 2303 1
58 2609 1
58 3750 1
58 4065 1
60 6 1
60 22 1
60 28 1
60 37 1
60 71 1
60 111 1
60 123 1
60 125 1
60 147 1
60 530 1
60 844 1
60 854 1
60 908 1
68 2 1
68 8 1
68 9 1
68 15 1
68 18 1
68 26 1
68 34 1
68 37 1
68 41 1
68 43 1
68 45 1
68 47 1
68 72 1
68 89 1
68 91 1
68 94 1
68 104 1
68 115 1
68 120 1
68 125 1
68 126 1
68 147 1
68 207 1
68 245 1
68 257 1
68 286 1
68 294 1
68 299 1
68 302 1
68 307 1
68 333 1
68 337 1
68 340 1
68 358 1
68 369 1
68 371 1
68 438 1
68 456 1
68 474 1
68 561 1
68 624 1
68 685 1
68 704 1
68 714 1
68 735 1
68 801 1
68 1052 1
68 1063 1
68 1089 1
68 1131 1
68 1192 1
68 1276 1
68 1289 1
68 1691 1
68 2405 1
68 2490 1
68 2554 1
68 3166 1
68 3750 1
68 3815 1
68 3857 1
68 4714 1
68 5533 1
68 5866 1
68 5976 1
68 6673 1
69 18 1
69 41 1
69 45 1
69 71 1
69 92 1
69 474 1
69 624 1
69 733 1
69 932 1
69 952 1
69 1339 1
69 2517 1
71 2 1
71 12 1
71 15 1
71 18 1
71 22 1
71 26 1
71 30 1
71 37 1
71 41 1
71 42 1
71 45 1
71 46 1
71 72 1
71 74 1
71 89 1
71 94 1
71 104 1
71 111 1
71 115 1
71 120 1
71 136 1
71 190 1
71 197 1
71 231 1
71 240 1
71 257 1
71 271 1
71 286 1
71 294 1
71 302 1
71 322 1
71 348 1
71 435 1
71 478 1
71 508 1
71 548 1
71 582 1
71 624 1
71 653 1
71 733 1
71 735 1
71 765 1
71 903 1
71 942 1
71 1131 1
71 1172 1
71 1289 1
71 1295 1
71 1339 1
71 1355 1
71 1398 1
71 1559 1
71 2299 1
71 2517 1
71 2653 1
71 3691 1
71 5921 1
72 9 1
72 15 1
72 18 1
72 26 1
72 41 1
72 42 1
72 45 1
72 47 1
72 68 1
72 92 1
72 115 1
72 120 1
72 147 1
72 271 1
72 290 1
72 340 1
72 474 1
72 515 1
72 561 1
72 844 1
72 879 1
72 1052 1
72 1131 1
72 1166 1
72 1561 1
72 2308 1
72 4714 1
74 15 1
74 16 1
74 43 1
74 68 1
74 89 1
74 111 1
74 456 1
74 979 1
83 16 1
83 18 1
83 22 1
83 26 1
83 30 1
83 68 1
83 89 1
83 104 1
83 111 1
83 123 1
83 197 1
83 207 1
83 231 1
83 333 1
83 474 1
83 844 1
83 1131 1
83 6703 1
89 15 1
89 16 1
89 18 1
89 22 1
89 26 1
89 33 1
89 37 1
89 41 1
89 43 1
89 94 1
89 104 1
89 111 1
89 115 1
89 123 1
89 136 1
89 191 1
89 227 1
89 240 1
89 257 1
89 280 1
89 290 1
89 299 1
89 358 1
89 371 1
89 438 1
89 456 1
89 474 1
89 506 1
89 514 1
89 522 1
89 529 1
89 530 1
89 718 1
89 725 1
89 844 1
89 892 1
89 1078 1
89 1167 1
89 1172 1
89 1182 1
89 1188 1
89 1276 1
89 1295 1
89 1326 1
89 1341 1
89 1398 1
89 1592 1
89 2197 1
89 2566 1
89 2597 1
89 2738 1
89 2966 1
89 3691 1
89 3750 1
89 3815 1
89 3857 1
89 4065 1
89 4269 1
89 4549 1
89 4820 1
89 5533 1
91 18 1
91 22 1
91 26 1
91 115 1
92 2 1
92 18 1
92 22 1
92 26 1
92 28 1
92 34 1
92 37 1
92 94 1
92 111 1
92 115 1
92 120 1
92 124 1
92 125 1
92 197 1
92 245 1
92 280 1
92 299 1
92 312 1
92 474 1
92 529 1
92 1376 1
92 2299 1
92 2609 1
92 7419 1
94 2 1
94 6 1
94 9 1
94 12 1
94 15 1
94 18 1
94 22 1
94 24 1
94 26 1
94 28 1
94 30 1
94 37 1
94 42 1
94 45 1
94 46 1
94 58 1
94 71 1
94 111 1
94 115 1
94 120 1
94 124 1
94 126 1
94 197 1
94 227 1
94 280 1
94 290 1
94 294 1
94 315 1
94 320 1
94 333 1
94 337 1
94 358 1
94 371 1
94 438 1
94 474 1
94 489 1
94 506 1
94 515 1
94 526 1
94 844 1
94 1030 1
94 1293 1
94 1339 1
94 1554 1
94 1659 1
94 2554 1
94 2866 1
94 5406 1
99 12 1
99 15 1
99 16 1
99 18 1
99 22 1
99 25 1
99 26 1
99 34 1
99 45 1
99 69 1
99 72 1
99 115 1
99 120 1
99 136 1
99 280 1
99 286 1
99 322 1
99 456 1
99 474 1
99 532 1
99 725 1
99 892 1
99 932 1
99 1172 1
99 1354 1
99 1816 1
99 2303 1
99 2462 1
104 2 1
104 6 1
104 12 1
104 15 1
104 16 1
104 22 1
104 28 1
104 34 1
104 37 1
104 41 1
104 42 1
104 46 1
104 72 1
104 74 1
104 94 1
104 115 1
104 123 1
104 124 1
104 125 1
104 147 1
104 186 1
104 207 1
104 212 1
104 227 1
104 245 1
104 257 1
104 294 1
104 302 1
104 312 1
104 322 1
104 333 1
104 340 1
104 358 1
104 371 1
104 443 1
104 494 1
104 695 1
104 733 1
104 735 1
104 801 1
104 881 1
104 888 1
104 932 1
104 1052 1
104 1131 1
104 1289 1
104 1376 1
104 2197 1
104 2674 1
104 4330 1
104 4435 1
104 5750 1
111 6 1
111 8 1
111 12 1
111 15 1
111 16 1
111 22 1
111 25 1
111 26 1
111 37 1
111 45 1
111 60 1
111 68 1
111 69 1
111 71 1
111 72 1
111 89 1
111 92 1
111 94 1
111 104 1
111 115 1
111 123 1
111 125 1
111 136 1
111 147 1
111 212 1
111 236 1
111 257 1
111 286 1
111 294 1
111 312 1
111 315 1
111 342 1
111 348 1
111 438 1
111 474 1
111 515 1
111 530 1
111 532 1
111 533 1
111 735 1
111 844 1
111 932 1
111 1063 1
111 1172 1
111 1339 1
111 1592 1
111 2299 1
111 2467 1
111 3952 1
115 2 1
115 6 1
115 8 1
115 12 1
115 15 1
115 28 1
115 42 1
115 45 1
115 46 1
115 71 1
115 74 1
115 111 1
115 125 1
115 190 1
115 212 1
115 231 1
115 294 1
115 299 1
115 312 1
115 340 1
115 369 1
115 371 1
115 434 1
115 508 1
115 514 1
115 526 1
115 529 1
115 624 1
115 735 1
115 844 1
115 879 1
115 908 1
115 932 1
115 1052 1
115 1063 1
115 1078 1
115 1089 1
115 1120 1
115 1131 1
115 1376 1
115 1554 1
115 1592 1
115 1647 1
115 1676 1
115 1793 1
115 1879 1
115 1889 1
115 2467 1
115 3552 1
115 3691 1
115 3731 1
115 4330 1
115 7017 1
119 2 1
119 6 1
119 8 1
119 12 1
119 15 1
119 16 1
119 18 1
119 22 1
119 26 1
119 30 1
119 42 1
119 45 1
119 46 1
119 47 1
119 58 1
119 68 1
119 71 1
119 89 1
119 94 1
119 99 1
119 104 1
119 115 1
119 123 1
119 125 1
119 136 1
119 139 1
119 190 1
119 197 1
119 207 1
119 240 1
119 258 1
119 271 1
119 286 1
119 294 1
119 333 1
119 340 1
119 443 1
119 474 1
119 494 1
119 532 1
119 623 1
119 653 1
119 888 1
119 903 1
119 908 1
119 1063 1
119 1089 1
119 1120 1
119 1131 1
119 1326 1
119 1339 1
119 1345 1
119 1376 1
119 1659 1
119 2517 1
119 2573 1
119 2966 1
119 3375 1
119 3691 1
119 3815 1
119 4146 1
120 2 1
120 15 1
120 16 1
120 18 1
120 19 1
120 22 1
120 26 1
120 28 1
120 111 1
120 115 1
120 125 1
120 152 1
120 190 1
120 197 1
120 227 1
120 236 1
120 286 1
120 294 1
120 312 1
120 315 1
120 358 1
120 443 1
120 456 1
120 474 1
120 506 1
120 508 1
120 514 1
120 529 1
120 530 1
120 903 1
120 1131 1
120 1376 1
120 1617 1
120 1659 1
120 2308 1
120 5921 1
123 2 1
123 6 1
123 8 1
123 9 1
123 12 1
123 18 1
123 22 1
123 25 1
123 26 1
123 28 1
123 30 1
123 34 1
123 37 1
123 42 1
123 46 1
123 60 1
123 68 1
123 69 1
123 71 1
123 72 1
123 89 1
123 94 1
123 104 1
123 111 1
123 115 1
123 119 1
123 120 1
123 124 1
123 125 1
123 126 1
123 136 1
123 212 1
123 231 1
123 236 1
123 245 1
123 280 1
123 286 1
123 290 1
123 294 1
123 299 1
123 302 1
123 315 1
123 340 1
123 371 1
123 456 1
123 474 1
123 489 1
123 515 1
123 522 1
123 526 1
123 530 1
123 624 1
123 653 1
123 733 1
123 765 1
123 801 1
123 854 1
123 903 1
123 932 1
123 1052 1
123 1089 1
123 1120 1
123 1182 1
123 1188 1
123 1289 1
123 1293 1
123 1341 1
123 1659 1
123 1720 1
123 1879 1
123 1955 1
123 2299 1
123 2303 1
123 2308 1
123 2405 1
123 2467 1
123 2738 1
123 3552 1
123 3691 1
123 5457 1
123 5533 1
124 15 1
124 22 1
124 26 1
124 68 1
124 69 1
124 72 1
124 89 1
124 111 1
124 115 1
124 125 1
124 197 1
124 286 1
124 290 1
124 299 1
124 312 1
124 340 1
124 358 1
124 456 1
124 530 1
124 561 1
124 4146 1
125 12 1
125 15 1
125 18 1
125 22 1
125 26 1
125 28 1
125 34 1
125 37 1
125 41 1
125 46 1
125 47 1
125 69 1
125 71 1
125 72 1
125 89 1
125 94 1
125 115 1
125 123 1
125 126 1
125 136 1
125 197 1
125 207 1
125 245 1
125 302 1
125 320 1
125 369 1
125 371 1
125 489 1
125 530 1
125 624 1
125 1276 1
125 2048 1
125 2554 1
125 3877 1
125 5406 1
125 5449 1
126 2 1
126 12 1
126 15 1
126 26 1
126 37 1
126 120 1
126 123 1
126 125 1
126 236 1
126 286 1
126 348 1
126 526 1
133 30 1
133 152 1
136 6 1
136 8 1
136 15 1
136 16 1
136 18 1
136 22 1
136 28 1
136 37 1
136 68 1
136 104 1
136 115 1
136 125 1
136 147 1
136 280 1
136 302 1
136 340 1
136 371 1
136 506 1
136 530 1
136 1052 1
136 1341 1
136 2308 1
136 3691 1
136 5007 1
139 15 1
139 16 1
139 22 1
139 25 1
139 26 1
139 28 1
139 45 1
139 46 1
139 58 1
139 71 1
139 91 1
139 258 1
139 653 1
139 2303 1
139 3552 1
147 12 1
147 15 1
147 26 1
147 30 1
147 58 1
147 71 1
147 104 1
147 231 1
147 844 1
152 6 1
152 12 1
152 18 1
152 26 1
152 46 1
152 68 1
152 69 1
152 71 1
152 190 1
152 271 1
152 438 1
152 456 1
152 1510 1
186 2 1
186 9 1
186 15 1
186 18 1
186 30 1
186 89 1
186 561 1
186 932 1
186 1339 1
190 2 1
190 6 1
190 12 1
190 15 1
190 16 1
190 18 1
190 26 1
190 37 1
190 94 1
190 104 1
190 111 1
190 115 1
190 120 1
190 152 1
190 257 1
190 258 1
190 312 1
190 340 1
190 348 1
190 529 1
190 530 1
190 735 1
190 854 1
190 1172 1
190 1314 1
190 1341 1
190 1659 1
190 3552 1
190 4827 1
191 15 1
191 99 1
191 2308 1
191 3952 1
196 22 1
196 290 1
197 12 1
197 37 1
197 41 1
197 42 1
197 123 1
197 207 1
197 312 1
197 333 1
197 561 1
197 838 1
197 942 1
197 1052 1
197 1339 1
197 2554 1
207 6 1
207 15 1
207 18 1
207 22 1
207 26 1
207 89 1
207 136 1
207 212 1
207 231 1
207 257 1
207 286 1
207 294 1
207 312 1
207 474 1
207 624 1
207 1063 1
207 1510 1
207 1889 1
207 2866 1
207 3375 1
212 6 1
212 15 1
212 16 1
212 18 1
212 22 1
212 26 1
212 28 1
212 41 1
212 45 1
212 58 1
212 72 1
212 74 1
212 136 1
212 147 1
212 197 1
212 280 1
212 474 1
212 526 1
212 530 1
212 685 1
212 735 1
212 1120 1
212 1289 1
212 2140 1
212 3261 1
212 3750 1
226 15 1
226 294 1
226 561 1
227 15 1
227 16 1
227 68 1
227 612 1
227 2554 1
227 3552 1
231 2 1
231 15 1
231 16 1
231 22 1
231 26 1
231 28 1
231 41 1
231 68 1
231 89 1
231 94 1
231 120 1
231 123 1
231 147 1
231 186 1
231 190 1
231 257 1
231 271 1
231 294 1
231 312 1
231 489 1
231 526 1
231 529 1
231 879 1
231 1085 1
231 2203 1
236 6 1
236 8 1
236 12 1
236 15 1
236 16 1
236 18 1
236 26 1
236 28 1
236 41 1
236 42 1
236 45 1
236 46 1
236 68 1
236 72 1
236 89 1
236 136 1
236 207 1
236 294 1
236 302 1
236 312 1
236 340 1
236 443 1
236 474 1
236 733 1
236 801 1
236 881 1
236 932 1
236 1052 1
236 1120 1
236 3375 1
236 3877 1
240 8 1
240 15 1
240 16 1
240 89 1
240 147 1
240 932 1
240 1063 1
241 22 1
245 2 1
245 6 1
245 15 1
245 16 1
245 22 1
245 34 1
245 41 1
245 89 1
245 94 1
245 104 1
245 119 1
245 120 1
245 123 1
245 236 1
245 257 1
245 294 1
245 337 1
245 474 1
245 561 1
245 765 1
245 1089 1
245 1131 1
245 1172 1
245 1816 1
245 2517 1
245 4176 1
245 4714 1
257 2 1
257 6 1
257 15 1
257 16 1
257 18 1
257 22 1
257 28 1
257 37 1
257 46 1
257 47 1
257 58 1
257 69 1
257 71 1
257 92 1
257 94 1
257 115 1
257 119 1
257 120 1
257 136 1
257 190 1
257 236 1
257 280 1
257 290 1
257 294 1
257 299 1
257 369 1
257 434 1
257 474 1
257 514 1
257 522 1
257 633 1
257 932 1
257 942 1
257 1089 1
257 1314 1
257 1376 1
257 1720 1
257 2197 1
257 2303 1
257 2554 1
257 2612 1
257 2674 1
257 3163 1
257 4714 1
258 2 1
258 15 1
258 18 1
258 26 1
258 45 1
258 47 1
258 68 1
258 92 1
258 104 1
258 125 1
258 147 1
258 299 1
258 337 1
258 526 1
271 22 1
271 34 1
271 89 1
271 125 1
271 197 1
271 320 1
271 653 1
271 1172 1
271 1314 1
271 1469 1
271 4714 1
280 46 1
280 58 1
280 624 1
280 932 1
286 2 1
286 12 1
286 16 1
286 22 1
286 26 1
286 45 1
286 46 1
286 69 1
286 74 1
286 89 1
286 94 1
286 104 1
286 111 1
286 115 1
286 125 1
286 147 1
286 231 1
286 257 1
286 258 1
286 299 1
286 348 1
286 358 1
286 369 1
286 371 1
286 474 1
286 489 1
286 508 1
286 529 1
286 532 1
286 533 1
286 561 1
286 803 1
286 888 1
286 1052 1
286 1063 1
286 1089 1
286 1120 1
286 1182 1
286 1355 1
286 1659 1
286 2096 1
286 2299 1
286 3108 1
286 3261 1
286 4714 1
286 5406 1
290 2 1
290 6 1
290 8 1
290 12 1
290 15 1
290 18 1
290 25 1
290 28 1
290 43 1
290 46 1
290 47 1
290 58 1
290 68 1
290 69 1
290 71 1
290 89 1
290 115 1
290 123 1
290 125 1
290 152 1
290 190 1
290 191 1
290 245 1
290 271 1
290 294 1
290 312 1
290 340 1
290 371 1
290 443 1
290 530 1
290 548 1
290 725 1
290 932 1
290 1063 1
290 1276 1
290 1355 1
290 2048 1
290 2467 1
294 2 1
294 6 1
294 8 1
294 9 1
294 15 1
294 18 1
294 26 1
294 28 1
294 30 1
294 42 1
294 46 1
294 89 1
294 123 1
294 286 1
294 333 1
294 340 1
294 358 1
294 371 1
294 881 1
294 932 1
294 1052 1
294 1063 1
294 1166 1
294 1167 1
294 1659 1
294 3552 1
294 3963 1
294 5406 1
299 6 1
299 12 1
299 18 1
299 22 1
299 26 1
299 45 1
299 58 1
299 71 1
299 111 1
299 119 1
299 123 1
299 136 1
299 147 1
299 186 1
299 258 1
299 271 1
299 315 1
299 371 1
299 443 1
299 474 1
299 514 1
299 624 1
299 803 1
299 879 1
299 1172 1
299 2182 1
299 4643 1
299 4714 1
299 4868 1
302 12 1
302 15 1
302 16 1
302 22 1
302 24 1
302 26 1
302 28 1
302 37 1
302 42 1
302 45 1
302 47 1
302 58 1
302 69 1
302 74 1
302 104 1
302 125 1
302 136 1
302 190 1
302 231 1
302 257 1
302 290 1
302 312 1
302 435 1
302 438 1
302 526 1
302 653 1
302 1285 1
302 1376 1
302 1398 1
302 2554 1
302 3750 1
302 3815 1
302 4402 1
307 2 1
307 34 1
307 37 1
307 41 1
307 42 1
307 71 1
307 89 1
307 123 1
307 125 1
307 152 1
307 190 1
307 197 1
307 207 1
307 286 1
307 315 1
307 348 1
307 474 1
307 506 1
307 561 1
307 714 1
307 1172 1
307 1295 1
307 1554 1
307 7452 1
312 6 1
312 15 1
312 26 1
312 28 1
312 42 1
312 43 1
312 45 1
312 92 1
312 115 1
312 123 1
312 212 1
312 231 1
312 271 1
312 290 1
312 348 1
312 474 1
312 526 1
312 532 1
312 548 1
312 561 1
312 733 1
312 932 1
312 1085 1
312 1131 1
312 1172 1
312 1188 1
312 1289 1
312 1295 1
312 1339 1
312 1355 1
315 15 1
315 18 1
315 22 1
315 26 1
315 28 1
315 42 1
315 94 1
315 115 1
315 123 1
315 190 1
315 197 1
315 207 1
315 212 1
315 231 1
315 257 1
315 271 1
315 286 1
315 299 1
315 342 1
315 443 1
315 624 1
315 854 1
315 881 1
315 2203 1
315 5938 1
315 6362 1
320 15 1
320 22 1
320 26 1
320 71 1
320 231 1
322 18 1
322 22 1
322 42 1
322 68 1
322 257 1
322 1131 1
333 2 1
333 15 1
333 16 1
333 22 1
333 26 1
333 28 1
333 71 1
333 94 1
333 104 1
333 111 1
333 120 1
333 125 1
333 136 1
333 280 1
333 286 1
333 312 1
333 348 1
333 633 1
333 803 1
333 1089 1
333 1172 1
333 1289 1
333 2405 1
333 2674 1
337 18 1
337 26 1
337 37 1
337 71 1
337 286 1
340 2 1
340 6 1
340 15 1
340 16 1
340 19 1
340 30 1
340 89 1
340 94 1
340 227 1
340 358 1
340 474 1
340 489 1
340 561 1
340 624 1
340 695 1
340 725 1
340 844 1
340 942 1
340 1339 1
340 1561 1
340 1659 1
340 2467 1
340 7154 1
342 15 1
342 18 1
342 22 1
342 26 1
342 111 1
342 257 1
342 290 1
348 2 1
348 6 1
348 15 1
348 16 1
348 18 1
348 22 1
348 45 1
348 94 1
348 111 1
348 115 1
348 136 1
348 197 1
348 474 1
348 725 1
348 879 1
348 1063 1
358 6 1
358 15 1
358 16 1
358 18 1
358 22 1
358 26 1
358 42 1
358 45 1
358 46 1
358 68 1
358 89 1
358 94 1
358 190 1
358 197 1
358 299 1
358 474 1
358 522 1
358 733 1
358 1131 1
358 1326 1
361 2 1
361 46 1
361 71 1
361 340 1
361 2040 1
369 15 1
369 22 1
369 104 1
369 312 1
369 1326 1
371 2 1
371 6 1
371 15 1
371 16 1
371 22 1
371 26 1
371 42 1
371 72 1
371 111 1
371 120 1
371 271 1
371 280 1
371 290 1
371 294 1
371 506 1
371 526 1
371 540 1
371 718 1
371 903 1
371 1659 1
371 2462 1
371 3952 1
398 8 1
398 9 1
398 18 1
398 26 1
398 28 1
398 45 1
398 89 1
398 104 1
398 257 1
398 307 1
398 340 1
398 438 1
398 844 1
398 1052 1
434 15 1
434 26 1
434 37 1
434 45 1
434 46 1
434 207 1
435 2 1
435 8 1
435 15 1
435 18 1
435 22 1
435 104 1
435 280 1
435 286 1
435 474 1
438 2 1
438 15 1
438 16 1
438 18 1
438 19 1
438 26 1
438 41 1
438 42 1
438 45 1
438 46 1
438 71 1
438 72 1
438 89 1
438 94 1
438 104 1
438 111 1
438 120 1
438 125 1
438 191 1
438 245 1
438 286 1
438 290 1
438 307 1
438 371 1
438 443 1
438 685 1
438 801 1
438 1052 1
438 1182 1
438 1345 1
438 2305 1
443 6 1
443 16 1
443 18 1
443 22 1
443 26 1
443 28 1
443 34 1
443 43 1
443 45 1
443 46 1
443 68 1
443 71 1
443 72 1
443 125 1
443 290 1
443 294 1
443 322 1
443 530 1
443 561 1
443 1063 1
443 1293 1
443 3607 1
456 15 1
456 22 1
456 26 1
456 30 1
456 41 1
456 104 1
456 115 1
456 123 1
456 340 1
456 844 1
456 932 1
474 6 1
474 12 1
474 16 1
474 24 1
474 28 1
474 37 1
474 41 1
474 42 1
474 58 1
474 68 1
474 71 1
474 89 1
474 115 1
474 120 1
474 125 1
474 126 1
474 139 1
474 147 1
474 190 1
474 197 1
474 236 1
474 240 1
474 245 1
474 271 1
474 280 1
474 294 1
474 299 1
474 315 1
474 320 1
474 333 1
474 358 1
474 371 1
474 435 1
474 443 1
474 456 1
474 540 1
474 704 1
474 735 1
474 765 1
474 801 1
474 844 1
474 1063 1
474 1078 1
474 1120 1
474 1131 1
474 1289 1
474 1339 1
474 1345 1
474 1398 1
474 1659 1
474 1889 1
474 2674 1
478 15 1
478 18 1
478 22 1
478 28 1
478 120 1
478 123 1
478 718 1
478 3552 1
489 6 1
489 12 1
489 16 1
489 18 1
489 22 1
489 45 1
489 72 1
489 89 1
489 120 1
489 147 1
489 438 1
494 6 1
494 15 1
494 16 1
494 69 1
494 3481 1
506 2 1
506 18 1
506 25 1
506 26 1
506 30 1
506 42 1
506 45 1
506 89 1
506 94 1
506 115 1
506 125 1
506 139 1
506 257 1
506 312 1
506 526 1
506 803 1
506 1131 1
506 1376 1
506 1592 1
506 4714 1
506 4818 1
508 2 1
508 15 1
508 18 1
508 22 1
508 34 1
508 37 1
508 94 1
508 299 1
508 514 1
508 908 1
508 1285 1
514 12 1
514 15 1
514 18 1
514 26 1
514 37 1
514 42 1
514 72 1
514 89 1
514 94 1
514 245 1
514 340 1
514 506 1
514 508 1
514 854 1
514 879 1
514 1089 1
514 1192 1
514 1341 1
515 18 1
515 71 1
515 733 1
522 6 1
522 15 1
522 16 1
522 18 1
522 26 1
522 34 1
522 68 1
522 71 1
522 123 1
522 312 1
526 6 1
526 8 1
526 16 1
526 18 1
526 26 1
526 28 1
526 30 1
526 41 1
526 58 1
526 68 1
526 69 1
526 71 1
526 74 1
526 94 1
526 104 1
526 125 1
526 126 1
526 136 1
526 190 1
526 231 1
526 438 1
526 514 1
526 582 1
526 695 1
526 735 1
526 908 1
526 1089 1
526 1167 1
526 1293 1
526 1339 1
526 4714 1
529 2 1
529 8 1
529 12 1
529 15 1
529 18 1
529 22 1
529 34 1
529 41 1
529 197 1
529 227 1
529 348 1
529 526 1
529 4714 1
530 6 1
530 16 1
530 18 1
530 22 1
530 37 1
530 45 1
530 46 1
530 125 1
530 290 1
530 631 1
530 803 1
530 1889 1
530 3952 1
530 7469 1
532 18 1
532 45 1
532 123 1
532 245 1
532 257 1
532 735 1
532 1720 1
533 26 1
533 37 1
533 207 1
540 15 1
540 22 1
540 45 1
540 83 1
540 89 1
540 190 1
540 245 1
540 633 1
548 18 1
548 37 1
548 41 1
548 371 1
548 474 1
548 2299 1
561 2 1
561 9 1
561 15 1
561 19 1
561 22 1
561 28 1
561 37 1
561 47 1
561 69 1
561 71 1
561 72 1
561 92 1
561 94 1
561 104 1
561 115 1
561 120 1
561 207 1
561 258 1
561 271 1
561 280 1
561 290 1
561 299 1
561 302 1
561 333 1
561 434 1
561 474 1
561 506 1
561 623 1
561 844 1
561 1063 1
561 1167 1
561 6263 1
582 6 1
582 8 1
582 12 1
582 15 1
582 16 1
582 18 1
582 22 1
582 26 1
582 34 1
582 37 1
582 45 1
582 71 1
582 72 1
582 89 1
582 94 1
582 104 1
582 111 1
582 115 1
582 147 1
582 152 1
582 212 1
582 271 1
582 280 1
582 286 1
582 290 1
582 294 1
582 299 1
582 322 1
582 333 1
582 369 1
582 494 1
582 515 1
582 530 1
582 548 1
582 561 1
582 695 1
582 886 1
582 1131 1
582 1554 1
582 2308 1
582 2609 1
582 2738 1
582 6068 1
612 2 1
612 18 1
612 94 1
612 125 1
612 474 1
612 838 1
623 22 1
623 299 1
623 844 1
624 15 1
624 16 1
624 22 1
624 26 1
624 28 1
624 68 1
624 72 1
624 120 1
624 123 1
624 125 1
624 136 1
624 147 1
624 186 1
624 290 1
624 315 1
624 443 1
624 1052 1
624 1131 1
624 1167 1
624 1376 1
624 7017 1
631 15 1
631 45 1
633 8 1
633 15 1
633 16 1
633 26 1
633 34 1
633 94 1
653 2 1
653 6 1
653 8 1
653 15 1
653 26 1
653 28 1
653 94 1
653 111 1
653 120 1
653 207 1
653 286 1
653 290 1
653 358 1
653 1063 1
653 4094 1
685 6 1
685 16 1
685 22 1
685 25 1
685 41 1
685 42 1
685 68 1
685 89 1
685 94 1
685 125 1
685 258 1
685 315 1
685 342 1
685 489 1
685 735 1
685 3552 1
685 4146 1
695 12 1
695 15 1
695 22 1
695 37 1
695 844 1
704 12 1
704 22 1
704 1172 1
714 26 1
714 34 1
718 72 1
725 12 1
725 15 1
725 16 1
725 18 1
725 22 1
725 45 1
725 58 1
725 71 1
725 92 1
725 104 1
725 115 1
725 120 1
725 197 1
725 207 1
725 280 1
725 286 1
725 443 1
725 903 1
725 1285 1
725 1326 1
725 1816 1
725 2305 1
725 4515 1
733 15 1
733 18 1
733 22 1
733 26 1
733 240 1
733 340 1
733 533 1
735 12 1
735 15 1
735 18 1
735 22 1
735 28 1
735 94 1
735 111 1
735 147 1
735 286 1
735 307 1
735 320 1
735 438 1
735 474 1
765 2 1
765 15 1
765 26 1
765 41 1
765 72 1
765 123 1
765 190 1
765 888 1
801 2 1
801 6 1
801 15 1
801 16 1
801 26 1
801 45 1
801 68 1
801 72 1
801 89 1
801 111 1
801 125 1
801 258 1
801 456 1
801 1955 1
803 2 1
803 6 1
803 26 1
803 41 1
803 125 1
803 286 1
803 299 1
803 631 1
803 2299 1
838 6 1
838 16 1
838 22 1
838 26 1
838 28 1
838 45 1
838 58 1
838 104 1
838 115 1
838 136 1
838 236 1
838 438 1
838 1289 1
838 4644 1
838 6376 1
844 6 1
844 18 1
844 26 1
844 28 1
844 34 1
844 41 1
844 43 1
844 46 1
844 58 1
844 68 1
844 71 1
844 94 1
844 111 1
844 136 1
844 190 1
844 257 1
844 280 1
844 286 1
844 438 1
844 515 1
844 704 1
844 1355 1
844 3261 1
844 3552 1
844 3691 1
844 4102 1
844 4437 1
854 12 1
854 26 1
854 37 1
854 45 1
854 89 1
854 104 1
854 115 1
854 231 1
879 2 1
879 12 1
879 15 1
879 18 1
879 26 1
879 41 1
879 46 1
879 68 1
879 94 1
879 111 1
879 136 1
879 212 1
879 506 1
879 932 1
879 1172 1
879 1647 1
879 4094 1
879 4714 1
881 16 1
881 22 1
881 28 1
881 125 1
881 522 1
886 15 1
886 18 1
888 2 1
888 6 1
888 15 1
888 16 1
888 18 1
888 115 1
888 125 1
888 474 1
892 15 1
892 46 1
892 240 1
892 2674 1
903 12 1
903 15 1
903 26 1
903 41 1
903 68 1
903 123 1
903 136 1
903 530 1
908 6 1
908 18 1
908 22 1
908 26 1
908 34 1
908 45 1
908 89 1
908 190 1
908 844 1
908 1063 1
908 1293 1
922 15 1
932 2 1
932 8 1
932 15 1
932 37 1
932 68 1
932 71 1
932 104 1
932 236 1
932 685 1
932 854 1
932 4644 1
932 5921 1
942 15 1
942 22 1
942 41 1
942 72 1
952 26 1
979 16 1
979 69 1
979 190 1
1030 22 1
1030 294 1
1052 15 1
1052 18 1
1052 22 1
1052 28 1
1052 45 1
1052 71 1
1052 89 1
1052 94 1
1052 126 1
1052 212 1
1052 245 1
1052 371 1
1052 434 1
1052 526 1
1052 695 1
1052 765 1
1052 1063 1
1052 1172 1
1063 6 1
1063 15 1
1063 16 1
1063 18 1
1063 22 1
1063 26 1
1063 41 1
1063 42 1
1063 45 1
1063 68 1
1063 71 1
1063 72 1
1063 89 1
1063 104 1
1063 111 1
1063 190 1
1063 207 1
1063 245 1
1063 506 1
1063 1052 1
1078 104 1
1078 119 1
1085 16 1
1085 30 1
1085 111 1
1085 115 1
1085 227 1
1085 532 1
1089 16 1
1089 22 1
1089 45 1
1089 136 1
1089 312 1
1089 348 1
1089 371 1
1089 474 1
1089 508 1
1089 526 1
1089 725 1
1089 733 1
1120 6 1
1120 15 1
1120 37 1
1120 58 1
1120 60 1
1120 69 1
1120 72 1
1120 89 1
1131 6 1
1131 12 1
1131 15 1
1131 18 1
1131 25 1
1131 26 1
1131 34 1
1131 68 1
1131 69 1
1131 71 1
1131 89 1
1131 92 1
1131 104 1
1131 236 1
1131 257 1
1131 280 1
1131 290 1
1131 312 1
1131 478 1
1131 489 1
1131 561 1
1131 838 1
1131 1052 1
1131 1172 1
1131 1276 1
1131 4065 1
1166 15 1
1166 18 1
1166 68 1
1167 22 1
1167 71 1
1167 474 1
1167 540 1
1167 4094 1
1167 5280 1
1172 12 1
1172 16 1
1172 22 1
1172 26 1
1172 28 1
1172 45 1
1172 46 1
1172 299 1
1172 474 1
1172 704 1
1172 844 1
1182 15 1
1182 26 1
1182 104 1
1182 123 1
1182 4549 1
1188 15 1
1188 16 1
1188 46 1
1188 120 1
1188 942 1
1192 6 1
1192 18 1
1192 26 1
1192 111 1
1192 286 1
1192 932 1
1192 1052 1
1192 1659 1
1192 2554 1
1192 4435 1
1192 5101 1
1228 15 1
1228 120 1
1270 443 1
1276 16 1
1276 26 1
1276 28 1
1276 45 1
1276 71 1
1276 286 1
1276 348 1
1276 438 1
1276 514 1
1276 881 1
1276 1293 1
1285 111 1
1285 186 1
1285 257 1
1285 735 1
1289 22 1
1289 37 1
1289 71 1
1289 123 1
1289 124 1
1289 286 1
1289 312 1
1289 443 1
1289 474 1
1289 624 1
1293 18 1
1293 139 1
1293 474 1
1293 514 1
1293 540 1
1295 15 1
1295 16 1
1295 26 1
1314 18 1
1314 26 1
1314 89 1
1326 2 1
1326 22 1
1326 26 1
1326 41 1
1326 68 1
1326 71 1
1326 123 1
1326 290 1
1339 6 1
1339 8 1
1339 12 1
1339 18 1
1339 22 1
1339 69 1
1339 89 1
1339 111 1
1339 333 1
1339 438 1
1339 474 1
1339 735 1
1339 881 1
1341 6 1
1341 15 1
1341 37 1
1341 58 1
1341 111 1
1341 115 1
1341 120 1
1341 197 1
1341 340 1
1341 1592 1
1345 15 1
1345 41 1
1345 212 1
1345 582 1
1354 299 1
1355 15 1
1355 68 1
1355 115 1
1355 307 1
1355 337 1
1355 765 1
1355 903 1
1355 908 1
1355 1063 1
1355 1089 1
1355 1339 1
1376 2 1
1376 15 1
1376 16 1
1376 18 1
1376 22 1
1376 26 1
1376 41 1
1376 46 1
1376 68 1
1376 89 1
1376 124 1
1376 340 1
1376 438 1
1376 1052 1
1398 72 1
1469 58 1
1510 18 1
1510 22 1
1510 28 1
1510 34 1
1510 68 1
1510 72 1
1510 104 1
1510 115 1
1510 1131 1
1554 15 1
1554 26 1
1554 30 1
1554 34 1
1554 45 1
1554 71 1
1554 236 1
1554 257 1
1554 280 1
1554 2490 1
1559 22 1
1559 26 1
1559 111 1
1559 474 1
1561 6 1
1561 26 1
1561 42 1
1561 245 1
1561 489 1
1561 561 1
1592 16 1
1592 22 1
1592 533 1
1603 18 1
1603 2612 1
1617 15 1
1617 22 1
1617 89 1
1617 147 1
1617 854 1
1617 3166 1
1647 22 1
1647 7141 1
1659 15 1
1659 22 1
1659 28 1
1659 37 1
1659 41 1
1659 46 1
1659 71 1
1676 2 1
1720 15 1
1720 22 1
1738 16 1
1793 15 1
1793 18 1
1793 508 1
1793 1052 1
1793 6381 1
1816 15 1
1816 16 1
1816 26 1
1879 15 1
1879 16 1
1879 71 1
1879 299 1
1889 2 1
1889 6 1
1889 15 1
1889 18 1
1889 22 1
1889 45 1
1889 58 1
1889 71 1
1889 286 1
1889 879 1
1955 37 1
1955 844 1
1986 6 1
2040 37 1
2048 15 1
2048 18 1
2048 26 1
2048 125 1
2048 529 1
2048 1554 1
2096 15 1
2096 45 1
2096 125 1
2096 299 1
2140 16 1
2140 18 1
2140 1172 1
2140 1554 1
2140 6376 1
2141 299 1
2182 18 1
2182 190 1
2197 2 1
2197 6 1
2197 18 1
2299 15 1
2299 18 1
2299 26 1
2299 68 1
2299 115 1
2299 125 1
2299 348 1
2299 881 1
2299 1078 1
2303 2 1
2303 12 1
2303 22 1
2303 71 1
2303 72 1
2303 89 1
2305 26 1
2308 12 1
2308 15 1
2308 22 1
2308 26 1
2308 89 1
2308 104 1
2308 231 1
2308 340 1
2308 474 1
2308 2303 1
2308 5039 1
2343 15 1
2405 18 1
2405 19 1
2405 68 1
2405 71 1
2405 123 1
2405 443 1
2462 15 1
2467 22 1
2467 34 1
2467 294 1
2467 508 1
2467 3552 1
2490 15 1
2490 42 1
2490 624 1
2490 1172 1
2490 1339 1
2517 18 1
2554 12 1
2554 22 1
2554 42 1
2554 312 1
2554 685 1
2554 765 1
2554 2674 1
2566 280 1
2573 18 1
2573 22 1
2573 735 1
2592 15 1
2592 26 1
2592 45 1
2592 58 1
2592 197 1
2597 514 1
2609 26 1
2609 43 1
2609 438 1
2609 854 1
2609 6263 1
2612 257 1
2612 735 1
2653 16 1
2674 15 1
2674 16 1
2674 18 1
2674 22 1
2674 120 1
2674 1276 1
2682 22 1
2682 41 1
2682 68 1
2738 9 1
2738 111 1
2738 294 1
2738 844 1
2763 2 1
2763 294 1
2763 315 1
2866 22 1
2866 115 1
2866 125 1
2966 299 1
2966 435 1
3108 15 1
3108 120 1
3163 22 1
3163 89 1
3163 1120 1
3166 12 1
3166 18 1
3166 22 1
3261 18 1
3261 22 1
3261 58 1
3301 16 1
3480 6 1
3552 6 1
3552 15 1
3552 18 1
3552 58 1
3552 115 1
3596 15 1
3596 18 1
3596 22 1
3596 41 1
3596 299 1
3606 123 1
3606 474 1
3607 15 1
3607 22 1
3691 18 1
3691 111 1
3691 190 1
3731 12 1
3731 26 1
3731 120 1
3731 725 1
3750 12 1
3750 18 1
3750 22 1
3750 43 1
3750 125 1
3750 522 1
3750 735 1
3750 1172 1
3815 125 1
3815 561 1
3829 16 1
3857 22 1
3857 37 1
3857 72 1
3857 1078 1
3877 16 1
3878 18 1
3878 299 1
3952 22 1
3963 18 1
3963 34 1
3963 94 1
3963 119 1
4065 34 1
4065 533 1
4094 6 1
4102 26 1
4102 45 1
4102 286 1
4102 474 1
4146 41 1
4146 94 1
4146 231 1
4146 474 1
4146 1355 1
4166 15 1
4175 18 1
4176 115 1
4330 15 1
4402 16 1
4435 119 1
4437 58 1
4437 443 1
4549 22 1
4549 123 1
4549 1063 1
4644 18 1
4644 434 1
4714 15 1
4714 16 1
4714 18 1
4714 45 1
4714 123 1
4714 307 1
4818 18 1
4818 123 1
4820 68 1
4820 115 1
4827 18 1
4843 15 1
4843 474 1
4868 69 1
4868 358 1
4868 1293 1
4877 197 1
5007 125 1
5039 1341 1
5101 94 1
5280 18 1
5280 231 1
5340 22 1
5406 15 1
5406 16 1
5406 94 1
5406 186 1
5406 231 1
5406 245 1
5406 257 1
5406 358 1
5406 1276 1
5406 2197 1
5409 474 1
5449 26 1
5457 8 1
5480 474 1
5518 15 1
5518 41 1
5533 12 1
5533 104 1
5750 22 1
5921 2 1
5921 18 1
5921 26 1
5921 123 1
5921 257 1
5921 474 1
5921 489 1
5921 932 1
5938 6 1
5938 16 1
5976 89 1
5987 26 1
6019 16 1
6068 34 1
6152 16 1
6152 22 1
6152 286 1
6226 26 1
6263 12 1
6263 16 1
6263 22 1
6263 37 1
6263 89 1
6362 22 1
6362 25 1
6376 26 1
6376 111 1
6381 18 1
6598 695 1
6660 6 1
6673 22 1
6673 41 1
6673 280 1
6703 45 1
7143 15 1
7143 26 1
7154 22 1
7294 111 1
7340 16 1
7419 320 1
7452 16 1
7469 18 1
7683 294 1
