2 6 1
2 9 1
2 12 1
2 15 1
2 22 1
2 26 1
2 28 1
2 33 1
2 41 1
2 45 1
2 46 1
2 68 1
2 71 1
2 94 1
2 104 1
2 111 1
2 115 1
2 120 1
2 123 1
2 124 1
2 147 1
2 207 1
2 307 1
2 340 1
2 369 1
2 435 1
2 443 1
2 508 1
2 515 1
2 526 1
2 733 1
2 803 1
2 1078 1
2 1120 1
2 1131 1
2 1172 1
2 1192 1
2 1293 1
2 1659 1
2 1816 1
2 2096 1
2 2141 1
2 2609 1
2 3607 1
2 3750 1
2 5280 1
6 2 1
6 15 1
6 16 1
6 18 1
6 22 1
6 26 1
6 28 1
6 30 1
6 33 1
6 37 1
6 41 1
6 42 1
6 45 1
6 46 1
6 71 1
6 72 1
6 74 1
6 94 1
6 104 1
6 111 1
6 115 1
6 120 1
6 125 1
6 126 1
6 147 1
6 186 1
6 190 1
6 207 1
6 212 1
6 231 1
6 280 1
6 286 1
6 294 1
6 299 1
6 312 1
6 320 1
6 322 1
6 348 1
6 358 1
6 371 1
6 456 1
6 474 1
6 508 1
6 514 1
6 515 1
6 530 1
6 582 1
6 633 1
6 725 1
6 735 1
6 765 1
6 801 1
6 803 1
6 838 1
6 854 1
6 892 1
6 932 1
6 1131 1
6 1182 1
6 1188 1
6 1276 1
6 1510 1
6 2462 1
6 3261 1
6 3552 1
6 3691 1
6 4094 1
6 4146 1
6 4714 1
6 5750 1
6 6376 1
8 2 1
8 15 1
8 16 1
8 18 1
8 26 1
8 37 1
8 45 1
8 104 1
8 111 1
8 123 1
8 190 1
8 231 1
8 240 1
8 280 1
8 307 1
8 358 1
8 443 1
8 854 1
8 881 1
8 903 1
8 1188 1
8 5533 1
9 6 1
9 15 1
9 18 1
9 26 1
9 41 1
9 42 1
9 58 1
9 71 1
9 111 1
9 115 1
9 227 1
9 307 1
9 337 1
9 685 1
9 803 1
9 881 1
9 1078 1
9 1889 1
9 1955 1
12 2 1
12 6 1
12 18 1
12 22 1
12 24 1
12 25 1
12 26 1
12 28 1
12 34 1
12 45 1
12 46 1
12 68 1
12 72 1
12 104 1
12 120 1
12 125 1
12 147 1
12 152 1
12 197 1
12 299 1
12 302 1
12 315 1
12 333 1
12 361 1
12 369 1
12 438 1
12 456 1
12 474 1
12 561 1
12 704 1
12 1063 1
12 1089 1
12 1172 1
12 1182 1
12 1289 1
12 1293 1
12 1295 1
12 1376 1
12 1398 1
12 1955 1
12 2048 1
12 2554 1
12 2674 1
12 3552 1
12 4102 1
12 5518 1
12 6703 1
15 6 1
15 8 1
15 12 1
15 16 1
15 19 1
15 28 1
15 37 1
15 46 1
15 68 1
15 69 1
15 92 1
15 94 1
15 104 1
15 125 1
15 152 1
15 190 1
15 197 1
15 212 1
15 245 1
15 258 1
15 294 1
15 299 1
15 312 1
15 315 1
15 320 1
15 342 1
15 348 1
15 358 1
15 435 1
15 438 1
15 443 1
15 456 1
15 506 1
15 515 1
15 526 1
15 530 1
15 561 1
15 624 1
15 735 1
15 803 1
15 838 1
15 854 1
15 886 1
15 903 1
15 1052 1
15 1120 1
15 1182 1
15 1276 1
15 1289 1
15 1326 1
15 1339 1
15 1376 1
15 1592 1
15 1659 1
15 1889 1
15 2048 1
15 2197 1
15 2462 1
15 2467 1
15 2517 1
15 2612 1
15 2653 1
15 3552 1
15 3963 1
15 4094 1
15 4714 1
15 6263 1
15 6673 1
15 7469 1
16 2 1
16 8 1
16 9 1
16 12 1
16 18 1
16 19 1
16 24 1
16 26 1
16 30 1
16 33 1
16 34 1
16 37 1
16 41 1
16 46 1
16 47 1
16 58 1
16 69 1
16 71 1
16 72 1
16 74 1
16 89 1
16 91 1
16 94 1
16 104 1
16 111 1
16 115 1
16 120 1
16 124 1
16 136 1
16 147 1
16 152 1
16 186 1
16 196 1
16 197 1
16 207 1
16 212 1
16 226 1
16 236 1
16 245 1
16 257 1
16 258 1
16 280 1
16 286 1
16 290 1
16 294 1
16 299 1
16 312 1
16 315 1
16 320 1
16 322 1
16 333 1
16 340 1
16 358 1
16 369 1
16 371 1
16 434 1
16 438 1
16 443 1
16 474 1
16 506 1
16 508 1
16 526 1
16 530 1
16 624 1
16 653 1
16 685 1
16 695 1
16 704 1
16 718 1
16 733 1
16 735 1
16 801 1
16 803 1
16 838 1
16 844 1
16 881 1
16 886 1
16 888 1
16 892 1
16 932 1
16 942 1
16 1052 1
16 1078 1
16 1120 1
16 1131 1
16 1172 1
16 1182 1
16 1276 1
16 1285 1
16 1289 1
16 1314 1
16 1336 1
16 1339 1
16 1345 1
16 1354 1
16 1355 1
16 1554 1
16 1561 1
16 1603 1
16 1647 1
16 1676 1
16 1738 1
16 1879 1
16 1955 1
16 2040 1
16 2182 1
16 2197 1
16 2305 1
16 2343 1
16 2462 1
16 2467 1
16 2517 1
16 2609 1
16 2674 1
16 2738 1
16 2763 1
16 2866 1
16 2966 1
16 3166 1
16 3261 1
16 3552 1
16 3691 1
16 3877 1
16 3963 1
16 4065 1
16 4102 1
16 4146 1
16 4330 1
16 4402 1
16 4549 1
16 4820 1
16 5280 1
16 5406 1
16 5457 1
16 5533 1
16 6263 1
16 6376 1
16 6673 1
16 7294 1
18 2 1
18 6 1
18 12 1
18 15 1
18 22 1
18 24 1
18 25 1
18 26 1
18 28 1
18 30 1
18 37 1
18 41 1
18 42 1
18 45 1
18 46 1
18 58 1
18 60 1
18 68 1
18 69 1
18 71 1
18 72 1
18 74 1
18 89 1
18 92 1
18 104 1
18 111 1
18 115 1
18 120 1
18 123 1
18 124 1
18 125 1
18 126 1
18 136 1
18 147 1
18 152 1
18 186 1
18 190 1
18 191 1
18 207 1
18 226 1
18 236 1
18 240 1
18 245 1
18 258 1
18 271 1
18 280 1
18 294 1
18 299 1
18 312 1
18 320 1
18 322 1
18 333 1
18 337 1
18 348 1
18 358 1
18 371 1
18 435 1
18 438 1
18 443 1
18 456 1
18 478 1
18 489 1
18 494 1
18 508 1
18 514 1
18 526 1
18 529 1
18 530 1
18 540 1
18 561 1
18 623 1
18 624 1
18 631 1
18 704 1
18 735 1
18 765 1
18 801 1
18 803 1
18 844 1
18 879 1
18 886 1
18 908 1
18 932 1
18 1052 1
18 1063 1
18 1120 1
18 1131 1
18 1167 1
18 1192 1
18 1276 1
18 1289 1
18 1295 1
18 1314 1
18 1336 1
18 1339 1
18 1341 1
18 1355 1
18 1376 1
18 1554 1
18 1561 1
18 1592 1
18 1647 1
18 1793 1
18 1889 1
18 2592 1
18 2763 1
18 3166 1
18 3375 1
18 4146 1
18 4402 1
18 4820 1
18 5449 1
18 5750 1
18 5921 1
18 5987 1
18 7017 1
19 15 1
19 22 1
19 26 1
19 46 1
19 125 1
19 474 1
22 2 1
22 8 1
22 9 1
22 15 1
22 16 1
22 18 1
22 24 1
22 26 1
22 30 1
22 34 1
22 37 1
22 41 1
22 43 1
22 45 1
22 47 1
22 58 1
22 60 1
22 69 1
22 71 1
22 89 1
22 91 1
22 94 1
22 104 1
22 111 1
22 115 1
22 119 1
22 120 1
22 123 1
22 124 1
22 125 1
22 126 1
22 136 1
22 147 1
22 152 1
22 190 1
22 191 1
22 196 1
22 197 1
22 207 1
22 226 1
22 227 1
22 231 1
22 245 1
22 257 1
22 258 1
22 271 1
22 280 1
22 290 1
22 299 1
22 312 1
22 315 1
22 320 1
22 322 1
22 337 1
22 340 1
22 348 1
22 358 1
22 371 1
22 434 1
22 456 1
22 474 1
22 489 1
22 494 1
22 508 1
22 514 1
22 515 1
22 522 1
22 526 1
22 529 1
22 530 1
22 532 1
22 561 1
22 612 1
22 624 1
22 631 1
22 704 1
22 718 1
22 733 1
22 735 1
22 765 1
22 801 1
22 803 1
22 881 1
22 888 1
22 892 1
22 903 1
22 908 1
22 932 1
22 942 1
22 979 1
22 1052 1
22 1063 1
22 1078 1
22 1089 1
22 1120 1
22 1131 1
22 1166 1
22 1167 1
22 1172 1
22 1182 1
22 1192 1
22 1276 1
22 1289 1
22 1293 1
22 1326 1
22 1339 1
22 1354 1
22 1398 1
22 1510 1
22 1559 1
22 1561 1
22 1617 1
22 1659 1
22 1720 1
22 1816 1
22 1879 1
22 1889 1
22 2197 1
22 2299 1
22 2308 1
22 2343 1
22 2405 1
22 2517 1
22 2554 1
22 2674 1
22 2738 1
22 2966 1
22 3166 1
22 3261 1
22 3481 1
22 3552 1
22 3596 1
22 3607 1
22 3691 1
22 3731 1
22 3829 1
22 3878 1
22 3950 1
22 4094 1
22 4102 1
22 4435 1
22 4437 1
22 4515 1
22 4643 1
22 4714 1
22 4818 1
22 4843 1
22 5024 1
22 5406 1
22 5518 1
22 5976 1
22 6362 1
22 6703 1
22 7419 1
22 7452 1
24 2 1
24 26 1
24 42 1
24 104 1
24 111 1
24 123 1
24 844 1
24 1816 1
25 2 1
25 16 1
25 18 1
25 22 1
25 28 1
25 34 1
25 37 1
25 41 1
25 42 1
25 68 1
25 71 1
25 120 1
25 290 1
25 333 1
25 340 1
25 443 1
25 474 1
25 624 1
26 9 1
26 12 1
26 15 1
26 25 1
26 28 1
26 34 1
26 37 1
26 42 1
26 46 1
26 47 1
26 58 1
26 60 1
26 68 1
26 71 1
26 72 1
26 74 1
26 89 1
26 94 1
26 111 1
26 123 1
26 124 1
26 126 1
26 147 1
26 207 1
26 212 1
26 231 1
26 236 1
26 257 1
26 280 1
26 290 1
26 294 1
26 299 1
26 302 1
26 312 1
26 315 1
26 348 1
26 369 1
26 371 1
26 434 1
26 443 1
26 489 1
26 506 1
26 508 1
26 515 1
26 526 1
26 533 1
26 612 1
26 624 1
26 631 1
26 653 1
26 725 1
26 801 1
26 844 1
26 854 1
26 932 1
26 952 1
26 1030 1
26 1052 1
26 1063 1
26 1078 1
26 1089 1
26 1289 1
26 1295 1
26 1339 1
26 1376 1
26 1659 1
26 1889 1
26 2299 1
26 2308 1
26 2405 1
26 2467 1
26 2517 1
26 2554 1
26 2612 1
26 4176 1
26 5007 1
26 5227 1
26 5406 1
26 5921 1
26 6376 1
26 7452 1
28 6 1
28 12 1
28 15 1
28 16 1
28 18 1
28 22 1
28 25 1
28 26 1
28 37 1
28 41 1
28 42 1
28 43 1
28 45 1
28 46 1
28 58 1
28 60 1
28 68 1
28 89 1
28 92 1
28 94 1
28 104 1
28 111 1
28 115 1
28 119 1
28 120 1
28 147 1
28 190 1
28 197 1
28 212 1
28 231 1
28 240 1
28 245 1
28 257 1
28 271 1
28 280 1
28 286 1
28 290 1
28 294 1
28 299 1
28 312 1
28 333 1
28 340 1
28 435 1
28 443 1
28 478 1
28 506 1
28 515 1
28 522 1
28 532 1
28 540 1
28 548 1
28 624 1
28 653 1
28 695 1
28 704 1
28 725 1
28 735 1
28 803 1
28 844 1
28 908 1
28 922 1
28 932 1
28 1052 1
28 1089 1
28 1120 1
28 1131 1
28 1172 1
28 1276 1
28 1285 1
28 1326 1
28 1592 1
28 1659 1
28 2096 1
28 2517 1
28 2554 1
28 3108 1
28 3166 1
28 3552 1
28 3857 1
28 4437 1
28 5406 1
28 5518 1
28 7143 1
30 2 1
30 8 1
30 12 1
30 15 1
30 16 1
30 22 1
30 26 1
30 37 1
30 41 1
30 42 1
30 46 1
30 72 1
30 94 1
30 104 1
30 111 1
30 120 1
30 125 1
30 136 1
30 207 1
30 227 1
30 231 1
30 236 1
30 280 1
30 312 1
30 337 1
30 371 1
30 522 1
30 529 1
30 532 1
30 561 1
30 582 1
30 624 1
30 631 1
30 735 1
30 765 1
30 844 1
30 854 1
30 932 1
30 1289 1
30 1293 1
30 1341 1
30 1376 1
30 1398 1
30 1554 1
30 1592 1
30 1659 1
30 3952 1
30 4330 1
30 4549 1
30 4827 1
30 7017 1
33 231 1
33 280 1
34 6 1
34 8 1
34 15 1
34 26 1
34 28 1
34 30 1
34 37 1
34 42 1
34 43 1
34 45 1
34 47 1
34 60 1
34 68 1
34 71 1
34 91 1
34 94 1
34 115 1
34 123 1
34 136 1
34 227 1
34 231 1
34 236 1
34 240 1
34 257 1
34 258 1
34 286 1
34 294 1
34 312 1
34 322 1
34 340 1
34 358 1
34 443 1
34 514 1
34 1182 1
34 1285 1
34 1289 1
34 1341 1
34 1345 1
34 1720 1
34 2467 1
34 3750 1
34 4435 1
34 4714 1
37 6 1
37 12 1
37 15 1
37 16 1
37 18 1
37 22 1
37 25 1
37 26 1
37 28 1
37 41 1
37 45 1
37 46 1
37 68 1
37 69 1
37 89 1
37 94 1
37 104 1
37 111 1
37 120 1
37 123 1
37 125 1
37 147 1
37 152 1
37 197 1
37 227 1
37 236 1
37 258 1
37 271 1
37 294 1
37 302 1
37 348 1
37 358 1
37 371 1
37 443 1
37 456 1
37 474 1
37 489 1
37 506 1
37 526 1
37 735 1
37 903 1
37 932 1
37 1052 1
37 1131 1
37 1345 1
37 1376 1
37 2197 1
37 2517 1
37 2609 1
41 6 1
41 9 1
41 12 1
41 15 1
41 16 1
41 26 1
41 28 1
41 34 1
41 37 1
41 111 1
41 115 1
41 125 1
41 152 1
41 207 1
41 236 1
41 438 1
41 494 1
41 506 1
41 508 1
41 522 1
41 612 1
41 653 1
41 695 1
41 942 1
41 1089 1
41 1172 1
41 1289 1
41 1293 1
41 1889 1
41 2303 1
41 2405 1
42 2 1
42 15 1
42 16 1
42 18 1
42 22 1
42 71 1
42 111 1
42 115 1
42 119 1
42 207 1
42 299 1
42 312 1
42 514 1
42 532 1
42 624 1
42 908 1
42 1063 1
42 1085 1
42 1131 1
42 1172 1
42 1659 1
42 2048 1
42 3166 1
42 3552 1
42 3691 1
42 4102 1
43 2 1
43 12 1
43 15 1
43 16 1
43 18 1
43 19 1
43 22 1
43 25 1
43 26 1
43 37 1
43 41 1
43 45 1
43 46 1
43 58 1
43 74 1
43 94 1
43 186 1
43 212 1
43 227 1
43 231 1
43 257 1
43 286 1
43 290 1
43 294 1
43 348 1
43 903 1
43 942 1
43 1063 1
43 1120 1
43 1355 1
43 1879 1
43 2612 1
43 4146 1
45 6 1
45 15 1
45 22 1
45 25 1
45 26 1
45 28 1
45 34 1
45 37 1
45 42 1
45 68 1
45 72 1
45 92 1
45 111 1
45 115 1
45 120 1
45 147 1
45 152 1
45 197 1
45 212 1
45 227 1
45 240 1
45 245 1
45 290 1
45 294 1
45 299 1
45 312 1
45 315 1
45 340 1
45 342 1
45 358 1
45 371 1
45 456 1
45 474 1
45 478 1
45 489 1
45 508 1
45 522 1
45 526 1
45 530 1
45 624 1
45 695 1
45 725 1
45 733 1
45 735 1
45 838 1
45 844 1
45 922 1
45 1052 1
45 1188 1
45 1276 1
45 1289 1
45 1326 1
45 1339 1
45 1341 1
45 1469 1
45 1592 1
45 1659 1
45 2303 1
45 2490 1
45 2738 1
45 3607 1
46 2 1
46 6 1
46 8 1
46 12 1
46 15 1
46 18 1
46 22 1
46 26 1
46 37 1
46 42 1
46 43 1
46 60 1
46 68 1
46 69 1
46 89 1
46 104 1
46 123 1
46 125 1
46 126 1
46 136 1
46 197 1
46 231 1
46 236 1
46 257 1
46 280 1
46 320 1
46 340 1
46 371 1
46 443 1
46 526 1
46 548 1
46 725 1
46 903 1
46 1078 1
46 1131 1
46 1188 1
46 1295 1
46 1659 1
46 1720 1
46 2462 1
46 2554 1
46 3301 1
46 3750 1
47 8 1
47 45 1
47 89 1
47 123 1
47 257 1
47 320 1
47 371 1
47 489 1
47 529 1
47 533 1
47 838 1
47 854 1
47 3691 1
58 2 1
58 6 1
58 8 1
58 15 1
58 26 1
58 30 1
58 41 1
58 42 1
58 45 1
58 68 1
58 69 1
58 72 1
58 74 1
58 89 1
58 92 1
58 104 1
58 115 1
58 119 1
58 120 1
58 136 1
58 196 1
58 197 1
58 212 1
58 231 1
58 245 1
58 271 1
58 299 1
58 307 1
58 312 1
58 315 1
58 320 1
58 333 1
58 340 1
58 371 1
58 456 1
58 514 1
58 515 1
58 526 1
58 530 1
58 532 1
58 540 1
58 653 1
58 735 1
58 844 1
58 879 1
58 908 1
58 932 1
58 1554 1
58 2096 1
58 2182 1
58 2405 1
58 2467 1
58 2966 1
58 3552 1
58 4330 1
58 4435 1
58 6226 1
60 15 1
60 16 1
60 22 1
60 26 1
60 28 1
60 43 1
60 68 1
60 124 1
60 257 1
60 294 1
60 299 1
60 1089 1
60 1339 1
68 6 1
68 9 1
68 15 1
68 16 1
68 18 1
68 22 1
68 26 1
68 30 1
68 41 1
68 43 1
68 47 1
68 58 1
68 71 1
68 72 1
68 92 1
68 94 1
68 104 1
68 115 1
68 120 1
68 124 1
68 126 1
68 136 1
68 147 1
68 152 1
68 190 1
68 197 1
68 207 1
68 231 1
68 240 1
68 241 1
68 271 1
68 280 1
68 290 1
68 299 1
68 312 1
68 315 1
68 320 1
68 340 1
68 358 1
68 361 1
68 456 1
68 474 1
68 478 1
68 489 1
68 508 1
68 529 1
68 530 1
68 533 1
68 685 1
68 695 1
68 714 1
68 854 1
68 879 1
68 1052 1
68 1063 1
68 1089 1
68 1131 1
68 1172 1
68 1182 1
68 1293 1
68 1376 1
68 2517 1
68 2566 1
68 3691 1
68 3750 1
68 5024 1
69 6 1
69 18 1
69 26 1
69 92 1
69 104 1
69 125 1
69 333 1
69 434 1
69 735 1
69 881 1
69 2866 1
69 3750 1
71 6 1
71 12 1
71 15 1
71 18 1
71 26 1
71 28 1
71 41 1
71 42 1
71 45 1
71 47 1
71 58 1
71 89 1
71 92 1
71 94 1
71 115 1
71 119 1
71 120 1
71 125 1
71 136 1
71 147 1
71 186 1
71 240 1
71 271 1
71 286 1
71 299 1
71 312 1
71 315 1
71 337 1
71 340 1
71 348 1
71 474 1
71 506 1
71 514 1
71 526 1
71 529 1
71 533 1
71 548 1
71 561 1
71 725 1
71 733 1
71 765 1
71 844 1
71 888 1
71 932 1
71 1063 1
71 1172 1
71 1182 1
71 1192 1
71 1554 1
71 1617 1
71 2299 1
71 2303 1
71 2405 1
71 2609 1
71 3606 1
71 5039 1
71 5921 1
72 2 1
72 18 1
72 22 1
72 34 1
72 69 1
72 111 1
72 115 1
72 123 1
72 125 1
72 186 1
72 190 1
72 207 1
72 271 1
72 286 1
72 340 1
72 371 1
72 443 1
72 522 1
72 623 1
72 854 1
72 979 1
72 1172 1
72 1345 1
72 2299 1
72 2462 1
72 3163 1
72 5938 1
74 2 1
74 15 1
74 22 1
74 45 1
74 111 1
74 474 1
74 526 1
74 1295 1
83 18 1
83 22 1
83 28 1
83 41 1
83 46 1
83 68 1
83 69 1
83 89 1
83 115 1
83 125 1
83 257 1
83 299 1
83 456 1
83 653 1
83 1339 1
83 1398 1
83 1691 1
83 2763 1
89 2 1
89 6 1
89 12 1
89 15 1
89 16 1
89 22 1
89 25 1
89 26 1
89 34 1
89 41 1
89 43 1
89 46 1
89 69 1
89 72 1
89 92 1
89 104 1
89 111 1
89 115 1
89 123 1
89 136 1
89 139 1
89 147 1
89 190 1
89 207 1
89 231 1
89 240 1
89 258 1
89 280 1
89 286 1
89 290 1
89 299 1
89 312 1
89 337 1
89 435 1
89 438 1
89 474 1
89 514 1
89 529 1
89 530 1
89 548 1
89 561 1
89 612 1
89 844 1
89 932 1
89 942 1
89 1052 1
89 1063 1
89 1182 1
89 1339 1
89 1341 1
89 1469 1
89 2140 1
89 2203 1
89 2308 1
89 2490 1
89 2573 1
89 3375 1
89 3552 1
89 4330 1
89 5101 1
89 6068 1
91 18 1
91 30 1
91 42 1
91 89 1
92 2 1
92 6 1
92 15 1
92 16 1
92 19 1
92 22 1
92 42 1
92 58 1
92 89 1
92 94 1
92 104 1
92 115 1
92 125 1
92 147 1
92 245 1
92 342 1
92 371 1
92 438 1
92 443 1
92 526 1
92 561 1
92 725 1
92 1341 1
92 3552 1
94 2 1
94 12 1
94 15 1
94 18 1
94 30 1
94 34 1
94 37 1
94 45 1
94 58 1
94 68 1
94 72 1
94 89 1
94 92 1
94 104 1
94 115 1
94 120 1
94 136 1
94 147 1
94 152 1
94 207 1
94 231 1
94 294 1
94 358 1
94 371 1
94 438 1
94 456 1
94 474 1
94 478 1
94 494 1
94 506 1
94 526 1
94 530 1
94 624 1
94 735 1
94 879 1
94 1063 1
94 1166 1
94 1172 1
94 1276 1
94 1341 1
94 1592 1
94 2048 1
94 2299 1
94 2305 1
94 2609 1
94 2653 1
94 2738 1
94 4714 1
99 2 1
99 6 1
99 9 1
99 12 1
99 15 1
99 16 1
99 18 1
99 25 1
99 68 1
99 69 1
99 72 1
99 89 1
99 111 1
99 125 1
99 197 1
99 340 1
99 443 1
99 489 1
99 844 1
99 854 1
99 903 1
99 908 1
99 942 1
99 1078 1
99 1131 1
99 1341 1
99 1355 1
99 2197 1
104 2 1
104 8 1
104 12 1
104 15 1
104 18 1
104 19 1
104 22 1
104 26 1
104 28 1
104 34 1
104 37 1
104 43 1
104 45 1
104 46 1
104 58 1
104 69 1
104 71 1
104 83 1
104 92 1
104 94 1
104 111 1
104 125 1
104 152 1
104 227 1
104 236 1
104 245 1
104 257 1
104 258 1
104 271 1
104 290 1
104 307 1
104 322 1
104 340 1
104 348 1
104 358 1
104 435 1
104 438 1
104 514 1
104 526 1
104 530 1
104 633 1
104 733 1
104 735 1
104 844 1
104 1355 1
104 1561 1
104 2738 1
104 3166 1
104 3552 1
104 3731 1
104 4644 1
104 4714 1
111 2 1
111 6 1
111 12 1
111 15 1
111 16 1
111 18 1
111 22 1
111 34 1
111 37 1
111 41 1
111 42 1
111 45 1
111 68 1
111 72 1
111 89 1
111 92 1
111 120 1
111 190 1
111 196 1
111 236 1
111 280 1
111 286 1
111 290 1
111 294 1
111 358 1
111 434 1
111 438 1
111 474 1
111 494 1
111 508 1
111 515 1
111 533 1
111 561 1
111 624 1
111 735 1
111 844 1
111 903 1
111 932 1
111 1052 1
111 1063 1
111 1131 1
111 1167 1
111 1285 1
111 1289 1
111 1354 1
111 1554 1
111 2597 1
111 3301 1
111 6660 1
115 12 1
115 15 1
115 26 1
115 30 1
115 41 1
115 45 1
115 58 1
115 124 1
115 125 1
115 139 1
115 147 1
115 197 1
115 236 1
115 245 1
115 257 1
115 271 1
115 280 1
115 286 1
115 302 1
115 337 1
115 342 1
115 348 1
115 369 1
115 371 1
115 434 1
115 438 1
115 474 1
115 529 1
115 530 1
115 582 1
115 733 1
115 854 1
115 879 1
115 903 1
115 908 1
115 922 1
115 932 1
115 1052 1
115 1063 1
115 1078 1
115 1089 1
115 1131 1
115 1167 1
115 1172 1
115 1276 1
115 1289 1
115 1293 1
115 1561 1
115 2517 1
115 2738 1
115 3261 1
115 3815 1
115 5039 1
119 2 1
119 6 1
119 9 1
119 12 1
119 15 1
119 18 1
119 22 1
119 26 1
119 30 1
119 34 1
119 46 1
119 72 1
119 111 1
119 120 1
119 123 1
119 124 1
119 125 1
119 126 1
119 147 1
119 191 1
119 197 1
119 212 1
119 236 1
119 240 1
119 257 1
119 258 1
119 271 1
119 280 1
119 286 1
119 290 1
119 299 1
119 312 1
119 320 1
119 322 1
119 342 1
119 435 1
119 474 1
119 508 1
119 530 1
119 548 1
119 624 1
119 685 1
119 725 1
119 765 1
119 838 1
119 844 1
119 879 1
119 903 1
119 1120 1
119 1172 1
119 1314 1
119 1326 1
119 1355 1
119 1659 1
119 2303 1
119 2308 1
119 3552 1
119 4102 1
119 4644 1
119 5750 1
119 6226 1
120 15 1
120 16 1
120 18 1
120 26 1
120 41 1
120 42 1
120 43 1
120 69 1
120 94 1
120 104 1
120 115 1
120 125 1
120 197 1
120 245 1
120 290 1
120 299 1
120 312 1
120 315 1
120 322 1
120 438 1
120 456 1
120 530 1
120 561 1
120 735 1
120 932 1
120 1078 1
120 1131 1
120 1166 1
120 1285 1
120 1345 1
120 1554 1
120 1879 1
120 2096 1
120 2467 1
120 3375 1
120 4269 1
123 6 1
123 8 1
123 9 1
123 12 1
123 16 1
123 18 1
123 22 1
123 28 1
123 42 1
123 45 1
123 46 1
123 58 1
123 60 1
123 68 1
123 71 1
123 89 1
123 111 1
123 115 1
123 119 1
123 120 1
123 124 1
123 125 1
123 136 1
123 186 1
123 190 1
123 197 1
123 207 1
123 212 1
123 227 1
123 231 1
123 236 1
123 245 1
123 257 1
123 258 1
123 280 1
123 286 1
123 290 1
123 294 1
123 299 1
123 307 1
123 312 1
123 315 1
123 340 1
123 348 1
123 358 1
123 371 1
123 438 1
123 443 1
123 456 1
123 474 1
123 489 1
123 506 1
123 508 1
123 515 1
123 526 1
123 533 1
123 582 1
123 704 1
123 725 1
123 735 1
123 879 1
123 888 1
123 1052 1
123 1063 1
123 1085 1
123 1131 1
123 1172 1
123 1192 1
123 1293 1
123 1339 1
123 1592 1
123 1955 1
123 2462 1
123 2554 1
123 4402 1
123 5227 1
123 5280 1
123 5406 1
123 5866 1
123 6376 1
123 7683 1
124 2 1
124 15 1
124 22 1
124 45 1
124 46 1
124 69 1
124 71 1
124 89 1
124 92 1
124 139 1
124 147 1
124 231 1
124 299 1
124 307 1
124 514 1
124 803 1
124 881 1
124 1376 1
124 1793 1
124 2197 1
124 3750 1
125 2 1
125 15 1
125 16 1
125 18 1
125 19 1
125 22 1
125 25 1
125 26 1
125 30 1
125 41 1
125 45 1
125 46 1
125 47 1
125 68 1
125 92 1
125 94 1
125 111 1
125 190 1
125 197 1
125 257 1
125 299 1
125 315 1
125 434 1
125 456 1
125 474 1
125 526 1
125 529 1
125 532 1
125 718 1
125 932 1
125 1089 1
125 1120 1
125 1554 1
125 2517 1
125 3952 1
125 4330 1
126 2 1
126 6 1
126 15 1
126 16 1
126 34 1
126 68 1
126 71 1
126 474 1
126 489 1
126 695 1
126 714 1
126 1172 1
133 115 1
133 286 1
136 8 1
136 15 1
136 26 1
136 34 1
136 42 1
136 47 1
136 58 1
136 60 1
136 72 1
136 104 1
136 115 1
136 120 1
136 123 1
136 133 1
136 271 1
136 294 1
136 371 1
136 438 1
136 540 1
136 624 1
136 733 1
136 1063 1
136 1289 1
136 3552 1
139 2 1
139 6 1
139 8 1
139 12 1
139 15 1
139 18 1
139 22 1
139 26 1
139 45 1
139 46 1
139 197 1
139 733 1
139 801 1
139 1052 1
139 1354 1
147 15 1
147 26 1
147 30 1
147 37 1
147 45 1
147 236 1
147 514 1
147 1376 1
147 2573 1
152 15 1
152 26 1
152 37 1
152 89 1
152 125 1
152 286 1
152 290 1
152 299 1
152 340 1
152 438 1
152 474 1
152 1052 1
152 1659 1
186 19 1
186 22 1
186 30 1
186 37 1
186 46 1
186 197 1
186 231 1
186 312 1
186 633 1
190 12 1
190 15 1
190 16 1
190 18 1
190 26 1
190 34 1
190 37 1
190 41 1
190 43 1
190 45 1
190 46 1
190 69 1
190 104 1
190 115 1
190 280 1
190 299 1
190 312 1
190 315 1
190 358 1
190 369 1
190 438 1
190 443 1
190 474 1
190 725 1
190 735 1
190 844 1
190 854 1
190 886 1
190 908 1
191 2 1
191 15 1
191 115 1
191 123 1
196 6 1
196 111 1
197 2 1
197 8 1
197 18 1
197 26 1
197 43 1
197 71 1
197 89 1
197 104 1
197 294 1
197 312 1
197 358 1
197 685 1
197 765 1
197 1355 1
207 6 1
207 12 1
207 15 1
207 18 1
207 22 1
207 28 1
207 37 1
207 46 1
207 58 1
207 94 1
207 190 1
207 227 1
207 271 1
207 286 1
207 290 1
207 438 1
207 548 1
207 1355 1
207 2674 1
207 3750 1
212 8 1
212 15 1
212 18 1
212 22 1
212 26 1
212 45 1
212 69 1
212 89 1
212 125 1
212 236 1
212 257 1
212 271 1
212 286 1
212 434 1
212 438 1
212 456 1
212 474 1
212 489 1
212 685 1
212 844 1
212 854 1
212 903 1
212 1089 1
212 1131 1
212 1376 1
212 1720 1
226 37 1
226 71 1
226 104 1
227 15 1
227 18 1
227 26 1
227 46 1
227 123 1
227 240 1
231 2 1
231 9 1
231 12 1
231 16 1
231 18 1
231 22 1
231 28 1
231 45 1
231 71 1
231 94 1
231 104 1
231 123 1
231 207 1
231 236 1
231 286 1
231 290 1
231 294 1
231 312 1
231 340 1
231 438 1
231 474 1
231 624 1
231 888 1
231 1172 1
231 2299 1
236 6 1
236 12 1
236 15 1
236 16 1
236 18 1
236 22 1
236 25 1
236 26 1
236 30 1
236 34 1
236 37 1
236 68 1
236 71 1
236 72 1
236 89 1
236 104 1
236 115 1
236 123 1
236 125 1
236 147 1
236 190 1
236 286 1
236 290 1
236 294 1
236 315 1
236 333 1
236 474 1
236 561 1
236 801 1
236 1879 1
236 1889 1
240 15 1
240 22 1
240 71 1
240 72 1
240 123 1
240 631 1
240 704 1
241 1131 1
245 6 1
245 8 1
245 12 1
245 16 1
245 18 1
245 22 1
245 68 1
245 72 1
245 89 1
245 115 1
245 123 1
245 139 1
245 231 1
245 257 1
245 271 1
245 340 1
245 371 1
245 526 1
245 633 1
245 881 1
245 903 1
245 1052 1
245 1376 1
245 1659 1
245 2674 1
245 4843 1
245 6376 1
257 2 1
257 15 1
257 22 1
257 30 1
257 34 1
257 37 1
257 45 1
257 46 1
257 58 1
257 69 1
257 71 1
257 72 1
257 94 1
257 111 1
257 115 1
257 123 1
257 125 1
257 139 1
257 197 1
257 286 1
257 299 1
257 315 1
257 340 1
257 348 1
257 489 1
257 506 1
257 514 1
257 526 1
257 533 1
257 548 1
257 623 1
257 653 1
257 942 1
257 1166 1
257 1167 1
257 1172 1
257 1314 1
257 1339 1
257 2303 1
257 2763 1
257 2866 1
257 4714 1
257 6381 1
257 7419 1
258 15 1
258 18 1
258 42 1
258 47 1
258 69 1
258 71 1
258 72 1
258 115 1
258 207 1
258 280 1
258 714 1
258 1172 1
258 1659 1
258 2674 1
271 2 1
271 30 1
271 147 1
271 258 1
271 280 1
271 540 1
271 844 1
271 1052 1
271 1295 1
271 1554 1
271 1889 1
280 15 1
280 45 1
280 624 1
280 922 1
286 2 1
286 9 1
286 12 1
286 15 1
286 16 1
286 18 1
286 22 1
286 26 1
286 34 1
286 42 1
286 45 1
286 46 1
286 72 1
286 83 1
286 94 1
286 120 1
286 186 1
286 190 1
286 280 1
286 290 1
286 299 1
286 312 1
286 340 1
286 371 1
286 443 1
286 508 1
286 695 1
286 733 1
286 908 1
286 1052 1
286 1063 1
286 1078 1
286 1085 1
286 1089 1
286 1131 1
286 1167 1
286 1172 1
286 1289 1
286 1293 1
286 1676 1
286 2096 1
286 2299 1
286 2966 1
286 3261 1
286 4065 1
286 4714 1
290 2 1
290 8 1
290 12 1
290 15 1
290 18 1
290 19 1
290 22 1
290 34 1
290 37 1
290 46 1
290 68 1
290 71 1
290 72 1
290 89 1
290 94 1
290 111 1
290 115 1
290 120 1
290 123 1
290 190 1
290 231 1
290 257 1
290 294 1
290 337 1
290 358 1
290 443 1
290 489 1
290 526 1
290 529 1
290 908 1
290 1131 1
290 1167 1
290 1172 1
290 1341 1
290 1659 1
290 1720 1
290 2517 1
290 3607 1
294 8 1
294 18 1
294 22 1
294 26 1
294 41 1
294 45 1
294 115 1
294 123 1
294 124 1
294 125 1
294 139 1
294 271 1
294 286 1
294 302 1
294 340 1
294 489 1
294 508 1
294 561 1
294 582 1
294 624 1
294 844 1
294 908 1
294 1063 1
294 1172 1
294 1326 1
294 1889 1
294 3480 1
294 4714 1
299 6 1
299 8 1
299 12 1
299 15 1
299 18 1
299 34 1
299 37 1
299 58 1
299 71 1
299 89 1
299 99 1
299 115 1
299 125 1
299 197 1
299 231 1
299 245 1
299 290 1
299 294 1
299 333 1
299 348 1
299 443 1
299 489 1
299 526 1
299 561 1
299 624 1
299 838 1
299 1052 1
299 1355 1
299 1816 1
302 2 1
302 8 1
302 12 1
302 15 1
302 18 1
302 22 1
302 26 1
302 34 1
302 42 1
302 47 1
302 58 1
302 71 1
302 72 1
302 104 1
302 115 1
302 120 1
302 123 1
302 136 1
302 152 1
302 240 1
302 245 1
302 280 1
302 340 1
302 358 1
302 474 1
302 522 1
302 735 1
302 1052 1
302 1289 1
302 1345 1
302 1376 1
302 3815 1
302 4065 1
307 15 1
307 18 1
307 22 1
307 26 1
307 34 1
307 47 1
307 71 1
307 89 1
307 94 1
307 115 1
307 125 1
307 136 1
307 186 1
307 197 1
307 286 1
307 438 1
307 932 1
307 1052 1
307 1120 1
307 1188 1
307 1228 1
307 1314 1
307 1554 1
307 7419 1
312 2 1
312 6 1
312 15 1
312 16 1
312 26 1
312 37 1
312 45 1
312 68 1
312 71 1
312 89 1
312 94 1
312 120 1
312 123 1
312 231 1
312 294 1
312 398 1
312 438 1
312 478 1
312 530 1
312 561 1
312 844 1
312 879 1
312 979 1
312 1063 1
312 1172 1
312 1192 1
312 1326 1
312 1738 1
312 2554 1
312 5921 1
315 8 1
315 15 1
315 18 1
315 22 1
315 26 1
315 28 1
315 37 1
315 41 1
315 42 1
315 45 1
315 89 1
315 94 1
315 123 1
315 125 1
315 190 1
315 191 1
315 197 1
315 257 1
315 299 1
315 307 1
315 340 1
315 474 1
315 2308 1
315 2517 1
315 4868 1
315 5938 1
320 15 1
320 16 1
320 22 1
320 508 1
320 530 1
322 15 1
322 22 1
322 26 1
322 71 1
322 197 1
322 932 1
333 6 1
333 18 1
333 22 1
333 34 1
333 41 1
333 42 1
333 68 1
333 72 1
333 74 1
333 115 1
333 136 1
333 190 1
333 245 1
333 257 1
333 280 1
333 294 1
333 299 1
333 315 1
333 474 1
333 1063 1
333 2308 1
333 3857 1
333 4644 1
333 7143 1
337 16 1
337 58 1
337 125 1
337 212 1
337 1326 1
340 12 1
340 24 1
340 26 1
340 41 1
340 42 1
340 69 1
340 89 1
340 111 1
340 120 1
340 125 1
340 147 1
340 227 1
340 240 1
340 348 1
340 358 1
340 398 1
340 522 1
340 1052 1
340 2096 1
340 2303 1
340 2308 1
340 4094 1
340 4146 1
342 2 1
342 16 1
342 18 1
342 45 1
342 71 1
342 94 1
342 561 1
348 16 1
348 18 1
348 22 1
348 26 1
348 41 1
348 42 1
348 45 1
348 69 1
348 294 1
348 299 1
348 434 1
348 522 1
348 530 1
348 1131 1
348 3815 1
348 5406 1
358 8 1
358 15 1
358 16 1
358 22 1
358 26 1
358 28 1
358 34 1
358 37 1
358 68 1
358 71 1
358 89 1
358 92 1
358 111 1
358 115 1
358 123 1
358 207 1
358 290 1
358 474 1
358 765 1
358 1295 1
361 16 1
361 22 1
361 26 1
361 123 1
361 2467 1
369 15 1
369 18 1
369 68 1
369 342 1
369 1659 1
371 6 1
371 12 1
371 15 1
371 16 1
371 18 1
371 22 1
371 26 1
371 28 1
371 34 1
371 46 1
371 89 1
371 104 1
371 125 1
371 190 1
371 257 1
371 258 1
371 456 1
371 506 1
371 561 1
371 1063 1
371 1326 1
371 6152 1
398 2 1
398 8 1
398 9 1
398 16 1
398 18 1
398 42 1
398 46 1
398 71 1
398 120 1
398 196 1
398 302 1
398 529 1
398 561 1
398 903 1
434 26 1
434 68 1
434 89 1
434 115 1
434 358 1
434 529 1
435 2 1
435 15 1
435 18 1
435 22 1
435 111 1
435 120 1
435 245 1
435 474 1
435 932 1
438 6 1
438 8 1
438 12 1
438 15 1
438 16 1
438 18 1
438 22 1
438 25 1
438 28 1
438 34 1
438 41 1
438 42 1
438 46 1
438 123 1
438 147 1
438 197 1
438 294 1
438 312 1
438 315 1
438 333 1
438 474 1
438 612 1
438 801 1
438 1052 1
438 1167 1
438 2554 1
438 2674 1
438 3691 1
438 4269 1
438 4868 1
438 5406 1
443 6 1
443 12 1
443 15 1
443 18 1
443 28 1
443 37 1
443 41 1
443 45 1
443 47 1
443 71 1
443 72 1
443 89 1
443 111 1
443 123 1
443 258 1
443 474 1
443 526 1
443 854 1
443 1063 1
443 1285 1
443 1554 1
443 6598 1
456 12 1
456 16 1
456 22 1
456 26 1
456 46 1
456 68 1
456 71 1
456 123 1
456 136 1
456 312 1
456 438 1
474 2 1
474 6 1
474 18 1
474 26 1
474 34 1
474 37 1
474 41 1
474 42 1
474 69 1
474 94 1
474 104 1
474 111 1
474 120 1
474 126 1
474 136 1
474 186 1
474 190 1
474 236 1
474 245 1
474 257 1
474 271 1
474 290 1
474 294 1
474 302 1
474 307 1
474 312 1
474 369 1
474 371 1
474 530 1
474 548 1
474 561 1
474 623 1
474 653 1
474 704 1
474 725 1
474 735 1
474 844 1
474 932 1
474 1131 1
474 1172 1
474 1188 1
474 1192 1
474 1339 1
474 1345 1
474 1793 1
474 1889 1
474 2303 1
474 2405 1
474 2674 1
474 3857 1
474 3877 1
474 4714 1
478 15 1
478 18 1
478 22 1
478 26 1
478 28 1
478 120 1
478 529 1
478 2405 1
489 15 1
489 45 1
489 69 1
489 71 1
489 111 1
489 123 1
489 271 1
489 340 1
489 624 1
489 3731 1
489 3952 1
494 16 1
494 26 1
494 37 1
494 104 1
494 530 1
506 15 1
506 22 1
506 26 1
506 41 1
506 45 1
506 58 1
506 68 1
506 72 1
506 89 1
506 115 1
506 123 1
506 152 1
506 190 1
506 286 1
506 337 1
506 443 1
506 530 1
506 532 1
506 1120 1
506 1376 1
506 2303 1
508 2 1
508 6 1
508 15 1
508 22 1
508 28 1
508 45 1
508 68 1
508 125 1
508 881 1
508 1172 1
508 3552 1
514 8 1
514 12 1
514 15 1
514 16 1
514 26 1
514 37 1
514 42 1
514 71 1
514 72 1
514 115 1
514 125 1
514 280 1
514 286 1
514 371 1
514 474 1
514 506 1
514 979 1
514 1078 1
515 15 1
515 68 1
515 136 1
522 15 1
522 16 1
522 22 1
522 41 1
522 89 1
522 104 1
522 474 1
522 478 1
522 1089 1
522 1339 1
526 6 1
526 16 1
526 18 1
526 26 1
526 46 1
526 58 1
526 68 1
526 89 1
526 94 1
526 115 1
526 123 1
526 125 1
526 136 1
526 190 1
526 231 1
526 299 1
526 302 1
526 312 1
526 333 1
526 358 1
526 494 1
526 561 1
526 932 1
526 1339 1
526 1510 1
526 1554 1
526 2197 1
526 2554 1
526 4065 1
526 4818 1
526 4843 1
529 12 1
529 15 1
529 16 1
529 18 1
529 58 1
529 68 1
529 104 1
529 294 1
529 302 1
529 474 1
529 1339 1
529 1554 1
529 1559 1
530 15 1
530 16 1
530 18 1
530 22 1
530 26 1
530 41 1
530 47 1
530 89 1
530 94 1
530 125 1
530 443 1
530 735 1
530 1063 1
530 3952 1
532 16 1
532 18 1
532 26 1
532 286 1
532 312 1
532 695 1
532 1376 1
533 18 1
533 26 1
533 45 1
540 15 1
540 16 1
540 22 1
540 45 1
540 71 1
540 506 1
540 1376 1
540 2462 1
548 15 1
548 18 1
548 22 1
548 26 1
548 94 1
548 844 1
561 2 1
561 6 1
561 18 1
561 22 1
561 26 1
561 37 1
561 42 1
561 45 1
561 58 1
561 72 1
561 94 1
561 104 1
561 115 1
561 123 1
561 124 1
561 125 1
561 126 1
561 147 1
561 207 1
561 280 1
561 290 1
561 322 1
561 340 1
561 434 1
561 533 1
561 844 1
561 1339 1
561 1341 1
561 1355 1
561 1659 1
561 4714 1
561 4827 1
582 6 1
582 9 1
582 15 1
582 16 1
582 18 1
582 22 1
582 26 1
582 34 1
582 37 1
582 43 1
582 45 1
582 46 1
582 47 1
582 68 1
582 89 1
582 99 1
582 119 1
582 123 1
582 147 1
582 191 1
582 212 1
582 290 1
582 294 1
582 302 1
582 312 1
582 340 1
582 474 1
582 489 1
582 508 1
582 561 1
582 733 1
582 838 1
582 844 1
582 1063 1
582 1293 1
582 1376 1
582 1955 1
582 2299 1
582 3552 1
582 3963 1
582 4094 1
582 5039 1
582 7141 1
612 12 1
612 16 1
612 37 1
612 474 1
612 733 1
612 1339 1
623 2 1
623 6 1
623 125 1
624 2 1
624 6 1
624 15 1
624 16 1
624 18 1
624 22 1
624 26 1
624 28 1
624 68 1
624 71 1
624 89 1
624 94 1
624 115 1
624 119 1
624 120 1
624 152 1
624 212 1
624 371 1
624 844 1
624 1339 1
624 1341 1
631 94 1
631 212 1
633 15 1
633 26 1
633 104 1
633 197 1
633 207 1
633 474 1
653 2 1
653 12 1
653 19 1
653 28 1
653 37 1
653 68 1
653 104 1
653 115 1
653 125 1
653 207 1
653 286 1
653 290 1
653 561 1
653 2738 1
653 6673 1
685 15 1
685 18 1
685 22 1
685 30 1
685 37 1
685 68 1
685 89 1
685 94 1
685 115 1
685 124 1
685 125 1
685 474 1
685 489 1
685 735 1
685 2203 1
685 3815 1
685 4714 1
695 6 1
695 22 1
695 89 1
695 125 1
695 844 1
704 18 1
704 22 1
704 41 1
714 22 1
714 125 1
718 286 1
725 8 1
725 12 1
725 16 1
725 26 1
725 34 1
725 37 1
725 41 1
725 43 1
725 58 1
725 68 1
725 71 1
725 89 1
725 94 1
725 104 1
725 115 1
725 126 1
725 186 1
725 280 1
725 532 1
725 1085 1
725 1986 1
725 2554 1
725 2738 1
733 6 1
733 22 1
733 89 1
733 197 1
733 271 1
733 299 1
733 624 1
735 9 1
735 19 1
735 22 1
735 28 1
735 58 1
735 68 1
735 74 1
735 302 1
735 340 1
735 456 1
735 624 1
735 653 1
735 1120 1
765 6 1
765 8 1
765 15 1
765 16 1
765 18 1
765 26 1
765 45 1
765 294 1
801 2 1
801 6 1
801 12 1
801 37 1
801 42 1
801 68 1
801 257 1
801 340 1
801 508 1
801 526 1
801 903 1
801 1078 1
801 1085 1
801 1089 1
803 15 1
803 18 1
803 28 1
803 190 1
803 286 1
803 456 1
803 474 1
803 704 1
803 1659 1
838 6 1
838 12 1
838 15 1
838 16 1
838 25 1
838 26 1
838 37 1
838 69 1
838 126 1
838 152 1
838 231 1
838 236 1
838 348 1
838 526 1
838 735 1
844 2 1
844 12 1
844 15 1
844 18 1
844 19 1
844 22 1
844 26 1
844 34 1
844 45 1
844 47 1
844 69 1
844 71 1
844 74 1
844 94 1
844 111 1
844 120 1
844 124 1
844 125 1
844 190 1
844 245 1
844 478 1
844 530 1
844 561 1
844 932 1
844 1063 1
844 1131 1
844 1659 1
854 6 1
854 22 1
854 28 1
854 45 1
854 111 1
854 226 1
854 438 1
854 4175 1
879 2 1
879 6 1
879 15 1
879 16 1
879 26 1
879 30 1
879 42 1
879 72 1
879 120 1
879 257 1
879 280 1
879 299 1
879 337 1
879 474 1
879 653 1
879 1341 1
879 5921 1
879 6381 1
881 22 1
881 26 1
881 45 1
881 765 1
881 3301 1
886 16 1
886 22 1
888 6 1
888 15 1
888 18 1
888 22 1
888 26 1
888 28 1
888 111 1
888 299 1
892 6 1
892 474 1
892 695 1
892 6263 1
903 12 1
903 15 1
903 22 1
903 26 1
903 71 1
903 94 1
903 190 1
903 735 1
908 2 1
908 15 1
908 18 1
908 26 1
908 28 1
908 207 1
908 257 1
908 844 1
908 1131 1
908 1172 1
908 2308 1
922 28 1
932 6 1
932 15 1
932 18 1
932 37 1
932 69 1
932 104 1
932 123 1
932 286 1
932 302 1
932 371 1
932 443 1
932 474 1
942 2 1
942 26 1
942 41 1
942 190 1
952 68 1
979 15 1
979 18 1
979 111 1
1030 22 1
1030 120 1
1052 6 1
1052 12 1
1052 22 1
1052 26 1
1052 28 1
1052 37 1
1052 41 1
1052 42 1
1052 46 1
1052 94 1
1052 125 1
1052 231 1
1052 299 1
1052 532 1
1052 540 1
1052 1289 1
1052 2299 1
1052 4843 1
1063 2 1
1063 6 1
1063 9 1
1063 15 1
1063 16 1
1063 22 1
1063 26 1
1063 68 1
1063 71 1
1063 89 1
1063 111 1
1063 136 1
1063 197 1
1063 290 1
1063 371 1
1063 443 1
1063 474 1
1063 1085 1
1063 1167 1
1063 1376 1
1078 89 1
1078 522 1
1085 8 1
1085 15 1
1085 16 1
1085 71 1
1085 120 1
1085 633 1
1089 2 1
1089 16 1
1089 22 1
1089 26 1
1089 41 1
1089 42 1
1089 72 1
1089 111 1
1089 126 1
1089 190 1
1089 358 1
1089 474 1
1120 15 1
1120 47 1
1120 71 1
1120 120 1
1120 197 1
1120 207 1
1120 280 1
1120 844 1
1131 2 1
1131 6 1
1131 12 1
1131 15 1
1131 25 1
1131 26 1
1131 28 1
1131 46 1
1131 58 1
1131 69 1
1131 72 1
1131 89 1
1131 94 1
1131 125 1
1131 136 1
1131 227 1
1131 290 1
1131 302 1
1131 307 1
1131 474 1
1131 506 1
1131 838 1
1131 1192 1
1131 1339 1
1131 2467 1
1131 5406 1
1166 2 1
1166 18 1
1166 286 1
1167 15 1
1167 16 1
1167 68 1
1167 104 1
1167 111 1
1167 624 1
1172 9 1
1172 16 1
1172 18 1
1172 28 1
1172 45 1
1172 68 1
1172 123 1
1172 125 1
1172 240 1
1172 290 1
1172 333 1
1182 18 1
1182 19 1
1182 22 1
1182 438 1
1182 474 1
1188 16 1
1188 18 1
1188 28 1
1188 257 1
1188 5024 1
1192 16 1
1192 45 1
1192 89 1
1192 115 1
1192 236 1
1192 245 1
1192 474 1
1192 515 1
1192 529 1
1192 3750 1
1192 4402 1
1228 72 1
1228 89 1
1270 2299 1
1276 22 1
1276 26 1
1276 28 1
1276 30 1
1276 37 1
1276 89 1
1276 120 1
1276 474 1
1276 623 1
1276 1955 1
1276 3481 1
1285 26 1
1285 41 1
1285 89 1
1285 456 1
1289 15 1
1289 22 1
1289 26 1
1289 37 1
1289 45 1
1289 89 1
1289 111 1
1289 115 1
1289 120 1
1289 3108 1
1293 16 1
1293 18 1
1293 22 1
1293 1172 1
1293 4714 1
1295 18 1
1295 22 1
1295 26 1
1314 18 1
1314 41 1
1314 124 1
1326 15 1
1326 16 1
1326 18 1
1326 26 1
1326 41 1
1326 71 1
1326 245 1
1326 358 1
1339 6 1
1339 15 1
1339 18 1
1339 22 1
1339 26 1
1339 28 1
1339 69 1
1339 115 1
1339 257 1
1339 294 1
1339 312 1
1339 443 1
1339 474 1
1341 6 1
1341 15 1
1341 22 1
1341 69 1
1341 136 1
1341 147 1
1341 801 1
1341 854 1
1341 1345 1
1341 5533 1
1345 6 1
1345 15 1
1345 22 1
1345 94 1
1354 104 1
1355 6 1
1355 22 1
1355 34 1
1355 46 1
1355 68 1
1355 115 1
1355 245 1
1355 257 1
1355 294 1
1355 443 1
1355 844 1
1376 6 1
1376 15 1
1376 18 1
1376 22 1
1376 26 1
1376 37 1
1376 68 1
1376 89 1
1376 286 1
1376 526 1
1376 803 1
1376 844 1
1376 881 1
1376 1314 1
1398 18 1
1469 18 1
1510 6 1
1510 15 1
1510 30 1
1510 42 1
1510 71 1
1510 94 1
1510 312 1
1510 348 1
1510 1289 1
1554 12 1
1554 18 1
1554 22 1
1554 72 1
1554 257 1
1554 474 1
1554 932 1
1554 2462 1
1554 2682 1
1554 4714 1
1559 2 1
1559 16 1
1559 123 1
1559 548 1
1561 18 1
1561 42 1
1561 45 1
1561 89 1
1561 286 1
1561 474 1
1592 22 1
1592 45 1
1592 115 1
1603 18 1
1603 26 1
1617 12 1
1617 15 1
1617 18 1
1617 22 1
1617 45 1
1617 1172 1
1647 1052 1
1647 3750 1
1659 16 1
1659 26 1
1659 28 1
1659 45 1
1659 299 1
1659 320 1
1659 561 1
1676 18 1
1720 41 1
1720 125 1
1738 1510 1
1793 15 1
1793 22 1
1793 26 1
1793 30 1
1793 68 1
1816 71 1
1816 147 1
1816 257 1
1879 6 1
1879 15 1
1879 89 1
1879 104 1
1889 8 1
1889 12 1
1889 16 1
1889 18 1
1889 22 1
1889 58 1
1889 125 1
1889 474 1
1889 733 1
1889 888 1
1955 2 1
1955 22 1
1986 34 1
2040 18 1
2048 15 1
2048 16 1
2048 89 1
2048 94 1
2048 123 1
2048 245 1
2096 16 1
2096 45 1
2096 71 1
2096 147 1
2140 18 1
2140 22 1
2140 45 1
2140 68 1
2140 286 1
2141 18 1
2182 68 1
2182 1167 1
2197 18 1
2197 58 1
2197 68 1
2299 15 1
2299 16 1
2299 26 1
2299 28 1
2299 68 1
2299 119 1
2299 120 1
2299 290 1
2299 1617 1
2303 15 1
2303 22 1
2303 26 1
2303 94 1
2303 1078 1
2303 1293 1
2305 30 1
2308 2 1
2308 12 1
2308 15 1
2308 34 1
2308 71 1
2308 72 1
2308 104 1
2308 115 1
2308 197 1
2308 854 1
2308 1089 1
2343 120 1
2405 18 1
2405 22 1
2405 28 1
2405 41 1
2405 58 1
2405 136 1
2462 6 1
2467 22 1
2467 46 1
2467 71 1
2467 94 1
2467 236 1
2490 26 1
2490 34 1
2490 37 1
2490 190 1
2490 489 1
2517 15 1
2554 16 1
2554 37 1
2554 94 1
2554 123 1
2554 136 1
2554 803 1
2554 2405 1
2566 16 1
2573 16 1
2573 26 1
2573 125 1
2592 2 1
2592 22 1
2592 89 1
2592 104 1
2592 765 1
2597 22 1
2609 15 1
2609 120 1
2609 322 1
2609 438 1
2609 1339 1
2612 15 1
2612 333 1
2653 16 1
2674 18 1
2674 22 1
2674 37 1
2674 45 1
2674 72 1
2674 438 1
2682 22 1
2682 236 1
2682 456 1
2738 6 1
2738 18 1
2738 37 1
2738 456 1
2763 6 1
2763 22 1
2763 3691 1
2866 26 1
2866 120 1
2866 1052 1
2966 18 1
2966 125 1
3108 22 1
3108 286 1
3163 15 1
3163 18 1
3163 104 1
3166 15 1
3166 18 1
3166 28 1
3261 22 1
3261 74 1
3261 1339 1
3301 71 1
3480 371 1
3552 6 1
3552 15 1
3552 45 1
3552 89 1
3552 474 1
3596 6 1
3596 26 1
3596 72 1
3596 561 1
3596 1131 1
3606 37 1
3606 1172 1
3607 15 1
3607 879 1
3691 257 1
3691 299 1
3691 1167 1
3731 12 1
3731 16 1
3731 45 1
3731 123 1
3750 15 1
3750 16 1
3750 22 1
3750 26 1
3750 30 1
3750 34 1
3750 89 1
3750 147 1
3815 15 1
3815 89 1
3829 16 1
3857 15 1
3857 16 1
3857 18 1
3857 207 1
3877 15 1
3878 104 1
3878 633 1
3952 26 1
3963 15 1
3963 26 1
3963 236 1
3963 2554 1
4065 12 1
4065 15 1
4094 15 1
4102 45 1
4102 290 1
4102 312 1
4102 879 1
4146 22 1
4146 111 1
4146 120 1
4146 1131 1
4146 7340 1
4166 7154 1
4175 22 1
4176 474 1
4330 41 1
4402 18 1
4435 19 1
4437 16 1
4437 45 1
4549 26 1
4549 71 1
4549 1889 1
4644 22 1
4644 89 1
4714 26 1
4714 89 1
4714 111 1
4714 302 1
4714 932 1
4714 1052 1
4818 257 1
4818 1172 1
4820 15 1
4820 932 1
4827 26 1
4843 26 1
4843 115 1
4868 15 1
4868 71 1
4868 286 1
4877 624 1
5007 257 1
5039 529 1
5101 18 1
5280 125 1
5280 932 1
5340 371 1
5406 15 1
5406 18 1
5406 26 1
5406 28 1
5406 119 1
5406 123 1
5406 286 1
5406 312 1
5406 514 1
5406 1339 1
5409 22 1
5449 22 1
5457 15 1
5480 22 1
5518 89 1
5518 474 1
5533 15 1
5533 18 1
5750 37 1
5921 6 1
5921 15 1
5921 16 1
5921 18 1
5921 22 1
5921 26 1
5921 45 1
5921 94 1
5938 111 1
5938 258 1
5976 1167 1
5987 26 1
6019 1063 1
6068 18 1
6152 6 1
6152 15 1
6152 26 1
6226 28 1
6263 18 1
6263 22 1
6263 28 1
6263 290 1
6263 803 1
6362 34 1
6362 123 1
6376 15 1
6376 18 1
6381 15 1
6598 115 1
6660 16 1
6673 2 1
6673 89 1
6673 280 1
6703 286 1
7143 15 1
7143 312 1
7154 26 1
7294 94 1
7340 16 1
7419 333 1
7452 2 1
7469 315 1
7683 89 1
