2 6 1
2 12 1
2 18 1
2 22 1
2 26 1
2 28 1
2 41 1
2 68 1
2 94 1
2 111 1
2 186 1
2 190 1
2 231 1
2 236 1
2 257 1
2 280 1
2 286 1
2 290 1
2 299 1
2 312 1
2 315 1
2 322 1
2 340 1
2 443 1
2 508 1
2 532 1
2 548 1
2 561 1
2 633 1
2 803 1
2 1063 1
2 1085 1
2 1089 1
2 1167 1
2 1172 1
2 1289 1
2 1326 1
2 1354 1
2 1592 1
2 2299 1
2 2462 1
2 2467 1
2 3606 1
2 4515 1
2 5406 1
2 5533 1
6 2 1
6 16 1
6 18 1
6 28 1
6 33 1
6 41 1
6 45 1
6 46 1
6 47 1
6 68 1
6 69 1
6 104 1
6 111 1
6 115 1
6 120 1
6 124 1
6 125 1
6 136 1
6 139 1
6 186 1
6 190 1
6 197 1
6 207 1
6 212 1
6 245 1
6 257 1
6 258 1
6 271 1
6 290 1
6 294 1
6 299 1
6 302 1
6 312 1
6 348 1
6 358 1
6 371 1
6 443 1
6 474 1
6 489 1
6 506 1
6 514 1
6 515 1
6 533 1
6 540 1
6 561 1
6 624 1
6 695 1
6 725 1
6 735 1
6 838 1
6 844 1
6 881 1
6 932 1
6 1063 1
6 1089 1
6 1131 1
6 1166 1
6 1172 1
6 1192 1
6 1289 1
6 1326 1
6 1339 1
6 1341 1
6 1647 1
6 1889 1
6 2462 1
6 2566 1
6 2966 1
6 3552 1
6 4094 1
6 5533 1
8 6 1
8 15 1
8 16 1
8 18 1
8 37 1
8 46 1
8 92 1
8 115 1
8 123 1
8 125 1
8 136 1
8 257 1
8 286 1
8 892 1
8 942 1
8 1052 1
8 1293 1
8 1339 1
8 1561 1
8 2763 1
8 4437 1
8 5024 1
9 2 1
9 15 1
9 28 1
9 30 1
9 46 1
9 69 1
9 74 1
9 89 1
9 94 1
9 104 1
9 111 1
9 257 1
9 294 1
9 474 1
9 526 1
9 561 1
9 1339 1
9 1659 1
9 6263 1
12 2 1
12 6 1
12 8 1
12 15 1
12 18 1
12 22 1
12 26 1
12 28 1
12 30 1
12 41 1
12 45 1
12 69 1
12 72 1
12 139 1
12 147 1
12 236 1
12 257 1
12 299 1
12 315 1
12 371 1
12 434 1
12 456 1
12 489 1
12 532 1
12 623 1
12 704 1
12 725 1
12 735 1
12 803 1
12 854 1
12 881 1
12 886 1
12 932 1
12 1052 1
12 1063 1
12 1131 1
12 1172 1
12 1276 1
12 1341 1
12 1355 1
12 1554 1
12 1676 1
12 2405 1
12 3552 1
12 4330 1
12 5750 1
12 7340 1
15 2 1
15 6 1
15 8 1
15 16 1
15 18 1
15 19 1
15 24 1
15 26 1
15 28 1
15 46 1
15 60 1
15 68 1
15 94 1
15 104 1
15 111 1
15 120 1
15 124 1
15 125 1
15 147 1
15 152 1
15 186 1
15 190 1
15 196 1
15 227 1
15 236 1
15 245 1
15 290 1
15 299 1
15 312 1
15 320 1
15 340 1
15 348 1
15 358 1
15 371 1
15 435 1
15 443 1
15 456 1
15 478 1
15 489 1
15 508 1
15 514 1
15 530 1
15 653 1
15 704 1
15 735 1
15 803 1
15 881 1
15 886 1
15 908 1
15 932 1
15 1052 1
15 1063 1
15 1120 1
15 1172 1
15 1276 1
15 1289 1
15 1314 1
15 1339 1
15 1554 1
15 1955 1
15 2048 1
15 2467 1
15 2517 1
15 3166 1
15 3552 1
15 3691 1
15 3750 1
15 5280 1
15 7419 1
16 2 1
16 6 1
16 8 1
16 9 1
16 12 1
16 24 1
16 25 1
16 26 1
16 30 1
16 33 1
16 34 1
16 37 1
16 41 1
16 42 1
16 45 1
16 46 1
16 71 1
16 74 1
16 83 1
16 89 1
16 91 1
16 92 1
16 94 1
16 104 1
16 111 1
16 115 1
16 120 1
16 125 1
16 190 1
16 191 1
16 196 1
16 197 1
16 207 1
16 212 1
16 226 1
16 227 1
16 231 1
16 236 1
16 240 1
16 258 1
16 271 1
16 280 1
16 286 1
16 294 1
16 299 1
16 302 1
16 307 1
16 315 1
16 320 1
16 333 1
16 337 1
16 348 1
16 358 1
16 369 1
16 371 1
16 434 1
16 435 1
16 438 1
16 456 1
16 478 1
16 508 1
16 514 1
16 522 1
16 526 1
16 529 1
16 530 1
16 532 1
16 533 1
16 561 1
16 623 1
16 624 1
16 685 1
16 695 1
16 704 1
16 725 1
16 733 1
16 735 1
16 803 1
16 854 1
16 879 1
16 888 1
16 892 1
16 903 1
16 908 1
16 922 1
16 932 1
16 1078 1
16 1085 1
16 1089 1
16 1120 1
16 1167 1
16 1182 1
16 1188 1
16 1285 1
16 1289 1
16 1293 1
16 1314 1
16 1326 1
16 1339 1
16 1345 1
16 1554 1
16 1559 1
16 1592 1
16 1617 1
16 1659 1
16 1676 1
16 1720 1
16 1793 1
16 1879 1
16 1955 1
16 2048 1
16 2096 1
16 2141 1
16 2182 1
16 2299 1
16 2303 1
16 2305 1
16 2343 1
16 2405 1
16 2517 1
16 2573 1
16 2609 1
16 2653 1
16 2738 1
16 3166 1
16 3261 1
16 3963 1
16 4102 1
16 4176 1
16 4269 1
16 4644 1
16 5007 1
16 5024 1
16 5101 1
16 5921 1
16 5987 1
16 6703 1
16 7419 1
16 7452 1
18 6 1
18 9 1
18 12 1
18 15 1
18 16 1
18 22 1
18 25 1
18 26 1
18 28 1
18 34 1
18 37 1
18 41 1
18 42 1
18 45 1
18 46 1
18 47 1
18 58 1
18 60 1
18 68 1
18 71 1
18 72 1
18 74 1
18 111 1
18 120 1
18 124 1
18 125 1
18 126 1
18 136 1
18 139 1
18 147 1
18 186 1
18 190 1
18 197 1
18 207 1
18 212 1
18 227 1
18 236 1
18 245 1
18 257 1
18 280 1
18 286 1
18 294 1
18 299 1
18 312 1
18 315 1
18 322 1
18 333 1
18 340 1
18 342 1
18 348 1
18 358 1
18 434 1
18 443 1
18 474 1
18 489 1
18 494 1
18 506 1
18 508 1
18 514 1
18 515 1
18 522 1
18 526 1
18 529 1
18 561 1
18 624 1
18 653 1
18 704 1
18 714 1
18 725 1
18 765 1
18 844 1
18 854 1
18 879 1
18 908 1
18 932 1
18 942 1
18 952 1
18 1030 1
18 1052 1
18 1063 1
18 1078 1
18 1089 1
18 1172 1
18 1293 1
18 1339 1
18 1354 1
18 1376 1
18 1398 1
18 1469 1
18 1510 1
18 1554 1
18 1561 1
18 1592 1
18 1603 1
18 1659 1
18 1816 1
18 1879 1
18 1889 1
18 2096 1
18 2299 1
18 2462 1
18 2554 1
18 2592 1
18 2609 1
18 2612 1
18 2674 1
18 2763 1
18 2866 1
18 3166 1
18 3261 1
18 3750 1
18 4094 1
18 4818 1
18 5406 1
18 6226 1
18 7683 1
19 16 1
19 22 1
19 37 1
19 42 1
19 89 1
19 526 1
22 2 1
22 6 1
22 8 1
22 9 1
22 15 1
22 16 1
22 18 1
22 19 1
22 25 1
22 30 1
22 37 1
22 41 1
22 42 1
22 43 1
22 45 1
22 46 1
22 58 1
22 60 1
22 69 1
22 71 1
22 72 1
22 89 1
22 94 1
22 104 1
22 111 1
22 115 1
22 119 1
22 120 1
22 123 1
22 124 1
22 125 1
22 152 1
22 190 1
22 191 1
22 197 1
22 207 1
22 231 1
22 240 1
22 241 1
22 245 1
22 257 1
22 258 1
22 271 1
22 280 1
22 286 1
22 290 1
22 294 1
22 299 1
22 307 1
22 312 1
22 320 1
22 322 1
22 337 1
22 348 1
22 358 1
22 371 1
22 434 1
22 435 1
22 438 1
22 456 1
22 474 1
22 478 1
22 489 1
22 506 1
22 508 1
22 515 1
22 522 1
22 529 1
22 530 1
22 533 1
22 540 1
22 561 1
22 623 1
22 624 1
22 685 1
22 714 1
22 733 1
22 735 1
22 765 1
22 801 1
22 803 1
22 838 1
22 844 1
22 881 1
22 892 1
22 903 1
22 908 1
22 922 1
22 942 1
22 1052 1
22 1063 1
22 1089 1
22 1120 1
22 1131 1
22 1182 1
22 1188 1
22 1192 1
22 1276 1
22 1285 1
22 1289 1
22 1293 1
22 1295 1
22 1336 1
22 1339 1
22 1341 1
22 1354 1
22 1376 1
22 1469 1
22 1510 1
22 1559 1
22 1592 1
22 1617 1
22 1720 1
22 1738 1
22 1816 1
22 1889 1
22 2040 1
22 2197 1
22 2303 1
22 2308 1
22 2343 1
22 2405 1
22 2462 1
22 2517 1
22 2554 1
22 2738 1
22 2763 1
22 3166 1
22 3261 1
22 3301 1
22 3552 1
22 3596 1
22 3691 1
22 3750 1
22 3877 1
22 3952 1
22 4065 1
22 4102 1
22 4330 1
22 4402 1
22 4644 1
22 4820 1
22 4827 1
22 4868 1
22 5039 1
22 5406 1
22 5449 1
22 5750 1
22 5921 1
22 6068 1
22 6152 1
22 6376 1
22 6381 1
22 6673 1
22 6703 1
24 2 1
24 18 1
24 94 1
24 104 1
24 312 1
24 735 1
24 1078 1
24 3963 1
25 15 1
25 16 1
25 18 1
25 26 1
25 34 1
25 41 1
25 94 1
25 111 1
25 115 1
25 125 1
25 333 1
25 561 1
25 624 1
25 838 1
25 932 1
25 1052 1
25 1355 1
25 3552 1
26 6 1
26 8 1
26 22 1
26 28 1
26 30 1
26 34 1
26 37 1
26 41 1
26 46 1
26 58 1
26 60 1
26 68 1
26 69 1
26 71 1
26 89 1
26 92 1
26 123 1
26 124 1
26 126 1
26 147 1
26 152 1
26 190 1
26 197 1
26 207 1
26 227 1
26 236 1
26 245 1
26 280 1
26 286 1
26 299 1
26 302 1
26 312 1
26 315 1
26 320 1
26 337 1
26 348 1
26 358 1
26 369 1
26 371 1
26 435 1
26 438 1
26 456 1
26 489 1
26 522 1
26 582 1
26 623 1
26 624 1
26 633 1
26 704 1
26 733 1
26 803 1
26 908 1
26 932 1
26 942 1
26 1052 1
26 1120 1
26 1172 1
26 1182 1
26 1192 1
26 1289 1
26 1293 1
26 1326 1
26 1339 1
26 1376 1
26 1659 1
26 1738 1
26 1889 1
26 1955 1
26 2048 1
26 2203 1
26 2299 1
26 2305 1
26 2517 1
26 2609 1
26 3552 1
26 3731 1
26 3750 1
26 3952 1
26 4330 1
26 5406 1
26 6598 1
28 2 1
28 6 1
28 8 1
28 12 1
28 15 1
28 16 1
28 18 1
28 22 1
28 25 1
28 26 1
28 34 1
28 37 1
28 41 1
28 43 1
28 45 1
28 47 1
28 58 1
28 71 1
28 89 1
28 94 1
28 104 1
28 115 1
28 120 1
28 123 1
28 125 1
28 136 1
28 147 1
28 152 1
28 190 1
28 231 1
28 236 1
28 240 1
28 280 1
28 286 1
28 290 1
28 294 1
28 299 1
28 302 1
28 312 1
28 315 1
28 348 1
28 358 1
28 371 1
28 435 1
28 443 1
28 456 1
28 474 1
28 489 1
28 506 1
28 522 1
28 526 1
28 529 1
28 532 1
28 561 1
28 582 1
28 612 1
28 733 1
28 803 1
28 844 1
28 854 1
28 879 1
28 932 1
28 1052 1
28 1078 1
28 1188 1
28 1192 1
28 1289 1
28 1295 1
28 1314 1
28 1341 1
28 1376 1
28 1592 1
28 1889 1
28 2096 1
28 2299 1
28 2303 1
28 2467 1
28 2674 1
28 3552 1
28 3691 1
28 3750 1
28 4102 1
28 4146 1
30 15 1
30 16 1
30 18 1
30 22 1
30 25 1
30 26 1
30 28 1
30 41 1
30 45 1
30 46 1
30 69 1
30 71 1
30 89 1
30 94 1
30 123 1
30 125 1
30 186 1
30 197 1
30 207 1
30 231 1
30 257 1
30 280 1
30 286 1
30 294 1
30 315 1
30 322 1
30 337 1
30 340 1
30 342 1
30 456 1
30 494 1
30 506 1
30 514 1
30 529 1
30 532 1
30 624 1
30 733 1
30 844 1
30 1131 1
30 1172 1
30 1276 1
30 1339 1
30 1345 1
30 1355 1
30 1659 1
30 1889 1
30 2405 1
30 2866 1
30 4330 1
30 6660 1
30 7154 1
33 15 1
33 18 1
34 6 1
34 8 1
34 15 1
34 18 1
34 22 1
34 26 1
34 28 1
34 45 1
34 72 1
34 83 1
34 89 1
34 111 1
34 115 1
34 119 1
34 123 1
34 136 1
34 190 1
34 197 1
34 212 1
34 231 1
34 302 1
34 307 1
34 322 1
34 340 1
34 438 1
34 474 1
34 478 1
34 529 1
34 548 1
34 733 1
34 735 1
34 903 1
34 932 1
34 1052 1
34 1167 1
34 1339 1
34 1341 1
34 1355 1
34 1659 1
34 4146 1
34 4714 1
34 5533 1
34 6673 1
37 2 1
37 6 1
37 8 1
37 16 1
37 18 1
37 22 1
37 26 1
37 28 1
37 41 1
37 46 1
37 47 1
37 68 1
37 92 1
37 94 1
37 111 1
37 147 1
37 231 1
37 236 1
37 257 1
37 294 1
37 299 1
37 348 1
37 369 1
37 474 1
37 489 1
37 494 1
37 508 1
37 515 1
37 526 1
37 530 1
37 548 1
37 653 1
37 725 1
37 735 1
37 765 1
37 844 1
37 1089 1
37 1167 1
37 1182 1
37 1276 1
37 1289 1
37 1314 1
37 1339 1
37 1341 1
37 2490 1
37 3552 1
37 3963 1
37 4330 1
37 5921 1
41 6 1
41 8 1
41 9 1
41 25 1
41 26 1
41 28 1
41 45 1
41 72 1
41 94 1
41 123 1
41 152 1
41 207 1
41 236 1
41 245 1
41 286 1
41 294 1
41 299 1
41 312 1
41 438 1
41 443 1
41 474 1
41 506 1
41 530 1
41 582 1
41 624 1
41 735 1
41 1131 1
41 1172 1
41 1554 1
41 3552 1
41 5921 1
42 2 1
42 8 1
42 26 1
42 28 1
42 34 1
42 43 1
42 45 1
42 60 1
42 68 1
42 69 1
42 71 1
42 72 1
42 111 1
42 115 1
42 125 1
42 231 1
42 312 1
42 340 1
42 369 1
42 540 1
42 653 1
42 735 1
42 1089 1
42 1172 1
42 2467 1
42 2738 1
43 8 1
43 15 1
43 18 1
43 22 1
43 26 1
43 41 1
43 45 1
43 68 1
43 71 1
43 89 1
43 123 1
43 125 1
43 126 1
43 136 1
43 147 1
43 190 1
43 236 1
43 286 1
43 294 1
43 299 1
43 312 1
43 474 1
43 582 1
43 854 1
43 1172 1
43 1182 1
43 1295 1
43 2612 1
43 3607 1
43 4094 1
43 4435 1
43 4714 1
43 6376 1
45 2 1
45 6 1
45 8 1
45 15 1
45 22 1
45 28 1
45 34 1
45 37 1
45 41 1
45 46 1
45 69 1
45 72 1
45 92 1
45 94 1
45 120 1
45 125 1
45 136 1
45 147 1
45 186 1
45 207 1
45 227 1
45 236 1
45 240 1
45 257 1
45 271 1
45 286 1
45 299 1
45 312 1
45 320 1
45 337 1
45 340 1
45 438 1
45 474 1
45 478 1
45 508 1
45 526 1
45 624 1
45 631 1
45 718 1
45 725 1
45 765 1
45 801 1
45 803 1
45 838 1
45 844 1
45 879 1
45 903 1
45 1052 1
45 1172 1
45 1182 1
45 1192 1
45 1355 1
45 1554 1
45 1561 1
45 1793 1
45 1889 1
45 2405 1
45 3691 1
45 4714 1
45 4827 1
45 6263 1
46 2 1
46 6 1
46 8 1
46 9 1
46 15 1
46 18 1
46 26 1
46 28 1
46 34 1
46 37 1
46 42 1
46 58 1
46 69 1
46 72 1
46 89 1
46 94 1
46 104 1
46 120 1
46 123 1
46 125 1
46 126 1
46 147 1
46 258 1
46 271 1
46 290 1
46 294 1
46 320 1
46 371 1
46 443 1
46 508 1
46 526 1
46 530 1
46 765 1
46 801 1
46 844 1
46 879 1
46 1131 1
46 1289 1
46 1341 1
46 1376 1
46 1510 1
46 2096 1
46 3552 1
47 15 1
47 16 1
47 22 1
47 26 1
47 30 1
47 43 1
47 94 1
47 111 1
47 124 1
47 125 1
47 231 1
47 361 1
47 932 1
58 2 1
58 6 1
58 9 1
58 16 1
58 26 1
58 30 1
58 34 1
58 42 1
58 43 1
58 45 1
58 68 1
58 69 1
58 72 1
58 74 1
58 104 1
58 115 1
58 124 1
58 125 1
58 136 1
58 190 1
58 227 1
58 236 1
58 245 1
58 271 1
58 286 1
58 290 1
58 299 1
58 302 1
58 307 1
58 340 1
58 348 1
58 358 1
58 371 1
58 443 1
58 456 1
58 478 1
58 508 1
58 526 1
58 530 1
58 561 1
58 612 1
58 624 1
58 733 1
58 735 1
58 838 1
58 908 1
58 932 1
58 1131 1
58 1188 1
58 1659 1
58 2517 1
58 2554 1
58 2763 1
58 3829 1
58 4065 1
58 5024 1
58 7143 1
60 6 1
60 15 1
60 18 1
60 22 1
60 28 1
60 37 1
60 45 1
60 68 1
60 72 1
60 120 1
60 257 1
60 286 1
60 1720 1
68 8 1
68 12 1
68 15 1
68 18 1
68 19 1
68 22 1
68 25 1
68 26 1
68 30 1
68 34 1
68 37 1
68 41 1
68 45 1
68 46 1
68 58 1
68 74 1
68 89 1
68 94 1
68 104 1
68 115 1
68 120 1
68 125 1
68 126 1
68 136 1
68 147 1
68 152 1
68 190 1
68 207 1
68 212 1
68 227 1
68 245 1
68 258 1
68 271 1
68 280 1
68 299 1
68 307 1
68 340 1
68 358 1
68 434 1
68 438 1
68 443 1
68 474 1
68 489 1
68 508 1
68 526 1
68 530 1
68 624 1
68 903 1
68 908 1
68 932 1
68 1063 1
68 1131 1
68 1172 1
68 1276 1
68 1295 1
68 1326 1
68 1341 1
68 1376 1
68 1510 1
68 1592 1
68 1879 1
68 3108 1
68 3301 1
68 3375 1
68 4643 1
68 6381 1
69 12 1
69 15 1
69 26 1
69 41 1
69 68 1
69 348 1
69 624 1
69 725 1
69 844 1
69 932 1
69 1131 1
69 1285 1
71 2 1
71 6 1
71 8 1
71 12 1
71 15 1
71 18 1
71 26 1
71 33 1
71 34 1
71 37 1
71 45 1
71 47 1
71 58 1
71 60 1
71 68 1
71 89 1
71 92 1
71 104 1
71 111 1
71 115 1
71 120 1
71 136 1
71 197 1
71 227 1
71 231 1
71 236 1
71 258 1
71 271 1
71 286 1
71 290 1
71 312 1
71 333 1
71 342 1
71 348 1
71 443 1
71 474 1
71 514 1
71 526 1
71 529 1
71 533 1
71 548 1
71 624 1
71 735 1
71 765 1
71 932 1
71 1063 1
71 1172 1
71 1295 1
71 1339 1
71 1376 1
71 1554 1
71 1889 1
71 2612 1
71 2738 1
71 3163 1
71 3952 1
71 7452 1
72 15 1
72 16 1
72 18 1
72 26 1
72 30 1
72 37 1
72 46 1
72 68 1
72 71 1
72 89 1
72 115 1
72 147 1
72 197 1
72 245 1
72 271 1
72 358 1
72 371 1
72 489 1
72 653 1
72 685 1
72 735 1
72 844 1
72 1131 1
72 1167 1
72 1345 1
72 1720 1
72 2966 1
74 22 1
74 71 1
74 139 1
74 147 1
74 197 1
74 854 1
74 1131 1
74 1354 1
83 6 1
83 12 1
83 15 1
83 18 1
83 30 1
83 42 1
83 45 1
83 71 1
83 89 1
83 115 1
83 139 1
83 212 1
83 290 1
83 299 1
83 302 1
83 312 1
83 530 1
83 1659 1
89 6 1
89 8 1
89 12 1
89 15 1
89 16 1
89 18 1
89 22 1
89 26 1
89 37 1
89 41 1
89 45 1
89 69 1
89 72 1
89 94 1
89 99 1
89 104 1
89 111 1
89 125 1
89 186 1
89 257 1
89 271 1
89 286 1
89 312 1
89 333 1
89 337 1
89 340 1
89 348 1
89 371 1
89 443 1
89 494 1
89 506 1
89 514 1
89 530 1
89 561 1
89 685 1
89 695 1
89 733 1
89 879 1
89 888 1
89 1078 1
89 1131 1
89 1167 1
89 1172 1
89 1188 1
89 1192 1
89 1293 1
89 1326 1
89 1554 1
89 1659 1
89 1691 1
89 1955 1
89 2405 1
89 2554 1
89 2966 1
89 3108 1
89 3166 1
89 3691 1
89 3815 1
89 3877 1
89 4402 1
89 5227 1
91 18 1
91 26 1
91 844 1
91 4102 1
92 12 1
92 18 1
92 22 1
92 26 1
92 42 1
92 45 1
92 69 1
92 71 1
92 89 1
92 111 1
92 115 1
92 120 1
92 136 1
92 207 1
92 226 1
92 236 1
92 257 1
92 286 1
92 443 1
92 489 1
92 526 1
92 854 1
92 3301 1
92 5518 1
94 2 1
94 6 1
94 12 1
94 15 1
94 18 1
94 26 1
94 28 1
94 37 1
94 41 1
94 42 1
94 45 1
94 46 1
94 68 1
94 89 1
94 92 1
94 104 1
94 115 1
94 125 1
94 207 1
94 245 1
94 286 1
94 294 1
94 315 1
94 322 1
94 333 1
94 340 1
94 358 1
94 438 1
94 456 1
94 474 1
94 515 1
94 526 1
94 530 1
94 540 1
94 653 1
94 838 1
94 888 1
94 1172 1
94 1561 1
94 1659 1
94 1793 1
94 2308 1
94 3750 1
94 3815 1
94 3857 1
94 4146 1
94 4549 1
94 4714 1
99 6 1
99 15 1
99 16 1
99 22 1
99 26 1
99 42 1
99 45 1
99 46 1
99 47 1
99 58 1
99 68 1
99 111 1
99 115 1
99 136 1
99 212 1
99 226 1
99 227 1
99 257 1
99 290 1
99 489 1
99 514 1
99 765 1
99 1052 1
99 1078 1
99 1889 1
99 3731 1
99 4714 1
99 5406 1
104 6 1
104 8 1
104 9 1
104 12 1
104 15 1
104 18 1
104 22 1
104 26 1
104 28 1
104 41 1
104 42 1
104 46 1
104 47 1
104 71 1
104 72 1
104 94 1
104 125 1
104 126 1
104 227 1
104 231 1
104 236 1
104 240 1
104 271 1
104 290 1
104 312 1
104 315 1
104 333 1
104 340 1
104 438 1
104 474 1
104 508 1
104 526 1
104 714 1
104 735 1
104 765 1
104 801 1
104 844 1
104 881 1
104 932 1
104 1063 1
104 1131 1
104 1172 1
104 1289 1
104 1659 1
104 2197 1
104 2299 1
104 2467 1
104 3375 1
104 4402 1
104 6263 1
104 6362 1
104 6376 1
111 6 1
111 12 1
111 15 1
111 16 1
111 18 1
111 22 1
111 24 1
111 26 1
111 28 1
111 30 1
111 37 1
111 42 1
111 89 1
111 92 1
111 104 1
111 115 1
111 123 1
111 125 1
111 126 1
111 136 1
111 231 1
111 240 1
111 257 1
111 286 1
111 294 1
111 299 1
111 333 1
111 340 1
111 358 1
111 371 1
111 438 1
111 443 1
111 474 1
111 489 1
111 508 1
111 530 1
111 633 1
111 733 1
111 844 1
111 879 1
111 942 1
111 1085 1
111 1659 1
111 1986 1
111 2182 1
111 2308 1
111 2554 1
111 3731 1
111 4843 1
115 2 1
115 6 1
115 15 1
115 16 1
115 18 1
115 37 1
115 41 1
115 43 1
115 69 1
115 71 1
115 74 1
115 91 1
115 94 1
115 104 1
115 120 1
115 136 1
115 152 1
115 190 1
115 197 1
115 257 1
115 271 1
115 280 1
115 290 1
115 294 1
115 299 1
115 312 1
115 315 1
115 322 1
115 340 1
115 342 1
115 371 1
115 474 1
115 478 1
115 529 1
115 532 1
115 533 1
115 540 1
115 733 1
115 803 1
115 854 1
115 881 1
115 888 1
115 979 1
115 1120 1
115 1172 1
115 1293 1
115 1376 1
115 1889 1
115 2303 1
115 2467 1
115 2738 1
115 2866 1
115 5976 1
119 12 1
119 15 1
119 22 1
119 25 1
119 30 1
119 34 1
119 37 1
119 42 1
119 45 1
119 46 1
119 58 1
119 68 1
119 71 1
119 72 1
119 74 1
119 89 1
119 104 1
119 111 1
119 120 1
119 124 1
119 139 1
119 197 1
119 236 1
119 240 1
119 245 1
119 258 1
119 271 1
119 280 1
119 286 1
119 299 1
119 302 1
119 312 1
119 337 1
119 434 1
119 438 1
119 522 1
119 561 1
119 612 1
119 624 1
119 765 1
119 801 1
119 844 1
119 879 1
119 908 1
119 922 1
119 932 1
119 1063 1
119 1078 1
119 1089 1
119 1167 1
119 1172 1
119 1285 1
119 1341 1
119 1376 1
119 1398 1
119 2490 1
119 3607 1
119 4644 1
119 4714 1
119 6376 1
119 7294 1
120 8 1
120 12 1
120 16 1
120 18 1
120 19 1
120 26 1
120 37 1
120 41 1
120 42 1
120 43 1
120 69 1
120 89 1
120 92 1
120 94 1
120 104 1
120 124 1
120 125 1
120 186 1
120 197 1
120 294 1
120 312 1
120 398 1
120 718 1
120 735 1
120 803 1
120 854 1
120 903 1
120 932 1
120 1052 1
120 1131 1
120 1285 1
120 1339 1
120 2308 1
120 4714 1
120 5406 1
120 6673 1
123 2 1
123 6 1
123 8 1
123 12 1
123 15 1
123 16 1
123 18 1
123 25 1
123 26 1
123 37 1
123 41 1
123 42 1
123 45 1
123 46 1
123 58 1
123 69 1
123 72 1
123 89 1
123 92 1
123 94 1
123 99 1
123 111 1
123 115 1
123 119 1
123 120 1
123 125 1
123 126 1
123 136 1
123 152 1
123 186 1
123 190 1
123 197 1
123 207 1
123 226 1
123 227 1
123 240 1
123 245 1
123 257 1
123 286 1
123 290 1
123 294 1
123 299 1
123 307 1
123 312 1
123 320 1
123 333 1
123 340 1
123 358 1
123 435 1
123 438 1
123 443 1
123 474 1
123 514 1
123 526 1
123 561 1
123 582 1
123 653 1
123 725 1
123 765 1
123 932 1
123 979 1
123 1052 1
123 1063 1
123 1078 1
123 1085 1
123 1167 1
123 1172 1
123 1182 1
123 1192 1
123 1293 1
123 1339 1
123 1659 1
123 2299 1
123 2517 1
123 2674 1
123 3166 1
123 3750 1
123 4714 1
123 4843 1
123 5518 1
123 7017 1
124 16 1
124 18 1
124 19 1
124 22 1
124 25 1
124 45 1
124 46 1
124 68 1
124 71 1
124 111 1
124 115 1
124 125 1
124 152 1
124 207 1
124 320 1
124 371 1
124 456 1
124 530 1
124 844 1
124 1172 1
124 1289 1
125 2 1
125 15 1
125 18 1
125 22 1
125 26 1
125 34 1
125 37 1
125 41 1
125 89 1
125 92 1
125 123 1
125 147 1
125 196 1
125 231 1
125 236 1
125 240 1
125 257 1
125 290 1
125 358 1
125 438 1
125 443 1
125 489 1
125 506 1
125 522 1
125 526 1
125 548 1
125 631 1
125 854 1
125 1063 1
125 1089 1
125 1228 1
125 2462 1
125 2554 1
125 2674 1
125 4102 1
125 5406 1
126 2 1
126 16 1
126 18 1
126 37 1
126 68 1
126 69 1
126 115 1
126 147 1
126 358 1
126 561 1
126 1295 1
126 3552 1
133 123 1
133 152 1
136 2 1
136 12 1
136 15 1
136 22 1
136 26 1
136 37 1
136 47 1
136 68 1
136 71 1
136 89 1
136 94 1
136 111 1
136 120 1
136 123 1
136 207 1
136 315 1
136 320 1
136 371 1
136 438 1
136 474 1
136 530 1
136 725 1
136 932 1
136 1131 1
139 15 1
139 16 1
139 22 1
139 28 1
139 42 1
139 47 1
139 197 1
139 257 1
139 258 1
139 286 1
139 358 1
139 506 1
139 735 1
139 1345 1
139 2462 1
147 6 1
147 15 1
147 16 1
147 18 1
147 22 1
147 28 1
147 120 1
147 126 1
147 197 1
152 2 1
152 12 1
152 16 1
152 26 1
152 28 1
152 30 1
152 43 1
152 125 1
152 236 1
152 315 1
152 1063 1
152 1131 1
152 2517 1
186 16 1
186 22 1
186 26 1
186 28 1
186 340 1
186 371 1
186 438 1
186 1166 1
186 1314 1
190 9 1
190 12 1
190 18 1
190 19 1
190 41 1
190 47 1
190 60 1
190 68 1
190 72 1
190 94 1
190 119 1
190 123 1
190 125 1
190 152 1
190 231 1
190 240 1
190 257 1
190 312 1
190 443 1
190 474 1
190 522 1
190 532 1
190 548 1
190 561 1
190 844 1
190 1131 1
190 1172 1
190 2517 1
190 6226 1
191 26 1
191 45 1
191 120 1
191 280 1
196 15 1
196 71 1
197 2 1
197 12 1
197 15 1
197 19 1
197 42 1
197 94 1
197 125 1
197 136 1
197 302 1
197 340 1
197 438 1
197 633 1
197 653 1
197 2303 1
207 2 1
207 9 1
207 15 1
207 18 1
207 22 1
207 26 1
207 46 1
207 58 1
207 69 1
207 89 1
207 94 1
207 125 1
207 197 1
207 312 1
207 474 1
207 844 1
207 932 1
207 1052 1
207 2197 1
207 7017 1
212 2 1
212 6 1
212 12 1
212 15 1
212 18 1
212 22 1
212 26 1
212 34 1
212 42 1
212 45 1
212 58 1
212 115 1
212 119 1
212 125 1
212 190 1
212 191 1
212 231 1
212 315 1
212 348 1
212 474 1
212 489 1
212 704 1
212 1172 1
212 1339 1
212 1376 1
212 2674 1
226 15 1
226 71 1
226 94 1
227 12 1
227 15 1
227 120 1
227 207 1
227 286 1
227 3691 1
231 18 1
231 22 1
231 28 1
231 37 1
231 68 1
231 69 1
231 104 1
231 111 1
231 115 1
231 207 1
231 280 1
231 286 1
231 299 1
231 315 1
231 333 1
231 514 1
231 530 1
231 1052 1
231 1078 1
231 1131 1
231 1276 1
231 1339 1
231 2467 1
231 4714 1
231 7141 1
236 12 1
236 15 1
236 16 1
236 18 1
236 22 1
236 26 1
236 28 1
236 37 1
236 41 1
236 45 1
236 58 1
236 69 1
236 94 1
236 104 1
236 147 1
236 302 1
236 307 1
236 340 1
236 438 1
236 474 1
236 522 1
236 844 1
236 888 1
236 908 1
236 1063 1
236 1188 1
236 1293 1
236 2048 1
236 2203 1
236 2609 1
236 3750 1
240 2 1
240 12 1
240 15 1
240 22 1
240 26 1
240 120 1
240 257 1
241 16 1
245 15 1
245 16 1
245 18 1
245 22 1
245 26 1
245 30 1
245 34 1
245 42 1
245 45 1
245 69 1
245 71 1
245 104 1
245 136 1
245 197 1
245 257 1
245 312 1
245 337 1
245 438 1
245 474 1
245 529 1
245 561 1
245 624 1
245 631 1
245 932 1
245 1131 1
245 1376 1
245 4714 1
257 2 1
257 6 1
257 15 1
257 16 1
257 18 1
257 22 1
257 26 1
257 34 1
257 42 1
257 46 1
257 58 1
257 68 1
257 71 1
257 72 1
257 92 1
257 104 1
257 115 1
257 120 1
257 124 1
257 125 1
257 147 1
257 152 1
257 197 1
257 280 1
257 299 1
257 333 1
257 369 1
257 438 1
257 494 1
257 514 1
257 515 1
257 526 1
257 529 1
257 532 1
257 561 1
257 801 1
257 803 1
257 844 1
257 903 1
257 932 1
257 1355 1
257 2308 1
257 2738 1
257 4843 1
258 2 1
258 9 1
258 15 1
258 16 1
258 18 1
258 22 1
258 26 1
258 58 1
258 111 1
258 197 1
258 294 1
258 474 1
258 526 1
258 4868 1
271 18 1
271 25 1
271 26 1
271 28 1
271 312 1
271 358 1
271 514 1
271 903 1
271 1089 1
271 1345 1
271 2738 1
280 37 1
280 41 1
280 186 1
280 4146 1
286 6 1
286 12 1
286 15 1
286 16 1
286 19 1
286 28 1
286 34 1
286 41 1
286 46 1
286 68 1
286 91 1
286 115 1
286 197 1
286 212 1
286 257 1
286 258 1
286 271 1
286 294 1
286 315 1
286 340 1
286 342 1
286 369 1
286 371 1
286 443 1
286 530 1
286 561 1
286 633 1
286 653 1
286 718 1
286 801 1
286 903 1
286 908 1
286 1052 1
286 1063 1
286 1166 1
286 1172 1
286 1192 1
286 1339 1
286 1617 1
286 1816 1
286 2140 1
286 2682 1
286 3481 1
286 3950 1
286 4175 1
286 4818 1
290 2 1
290 6 1
290 15 1
290 16 1
290 18 1
290 22 1
290 26 1
290 34 1
290 41 1
290 42 1
290 45 1
290 46 1
290 47 1
290 58 1
290 68 1
290 71 1
290 72 1
290 94 1
290 104 1
290 120 1
290 123 1
290 125 1
290 147 1
290 196 1
290 212 1
290 245 1
290 257 1
290 358 1
290 438 1
290 474 1
290 515 1
290 695 1
290 704 1
290 854 1
290 1089 1
290 1172 1
290 1376 1
290 2299 1
294 2 1
294 12 1
294 15 1
294 18 1
294 26 1
294 34 1
294 37 1
294 45 1
294 68 1
294 71 1
294 72 1
294 104 1
294 111 1
294 123 1
294 136 1
294 227 1
294 245 1
294 280 1
294 290 1
294 371 1
294 735 1
294 838 1
294 1089 1
294 1172 1
294 3261 1
294 3480 1
294 4269 1
294 4549 1
299 6 1
299 8 1
299 18 1
299 37 1
299 41 1
299 45 1
299 47 1
299 58 1
299 68 1
299 71 1
299 74 1
299 89 1
299 111 1
299 120 1
299 123 1
299 125 1
299 147 1
299 190 1
299 236 1
299 257 1
299 294 1
299 456 1
299 695 1
299 844 1
299 879 1
299 1052 1
299 1131 1
299 2653 1
299 3750 1
302 2 1
302 6 1
302 8 1
302 9 1
302 12 1
302 15 1
302 16 1
302 18 1
302 22 1
302 26 1
302 28 1
302 37 1
302 68 1
302 89 1
302 115 1
302 120 1
302 123 1
302 125 1
302 136 1
302 245 1
302 258 1
302 271 1
302 294 1
302 299 1
302 371 1
302 435 1
302 922 1
302 979 1
302 1720 1
302 2674 1
302 3552 1
302 3857 1
302 4435 1
307 2 1
307 15 1
307 18 1
307 28 1
307 43 1
307 45 1
307 69 1
307 71 1
307 89 1
307 94 1
307 286 1
307 290 1
307 299 1
307 438 1
307 443 1
307 508 1
307 526 1
307 533 1
307 735 1
307 801 1
307 881 1
307 1341 1
307 1345 1
307 3815 1
312 2 1
312 6 1
312 12 1
312 15 1
312 16 1
312 26 1
312 28 1
312 34 1
312 42 1
312 47 1
312 68 1
312 89 1
312 111 1
312 115 1
312 190 1
312 231 1
312 322 1
312 371 1
312 438 1
312 474 1
312 489 1
312 548 1
312 561 1
312 695 1
312 803 1
312 844 1
312 1659 1
312 2674 1
312 3607 1
312 4146 1
315 2 1
315 6 1
315 15 1
315 16 1
315 18 1
315 19 1
315 22 1
315 26 1
315 34 1
315 37 1
315 45 1
315 69 1
315 71 1
315 74 1
315 94 1
315 104 1
315 115 1
315 120 1
315 125 1
315 231 1
315 236 1
315 371 1
315 685 1
315 854 1
315 1131 1
315 1355 1
320 22 1
320 26 1
320 71 1
320 111 1
320 123 1
322 15 1
322 22 1
322 42 1
322 71 1
322 89 1
322 3607 1
333 9 1
333 12 1
333 15 1
333 18 1
333 26 1
333 37 1
333 41 1
333 68 1
333 115 1
333 119 1
333 123 1
333 147 1
333 348 1
333 371 1
333 506 1
333 533 1
333 561 1
333 1172 1
333 1659 1
333 2096 1
333 2554 1
333 3691 1
333 4435 1
333 4437 1
337 37 1
337 71 1
337 111 1
337 286 1
337 1289 1
340 6 1
340 8 1
340 12 1
340 16 1
340 22 1
340 25 1
340 26 1
340 41 1
340 72 1
340 125 1
340 126 1
340 207 1
340 280 1
340 474 1
340 561 1
340 844 1
340 932 1
340 1052 1
340 1167 1
340 1285 1
340 1554 1
340 4843 1
340 7469 1
342 12 1
342 15 1
342 16 1
342 18 1
342 22 1
342 89 1
342 838 1
348 15 1
348 22 1
348 26 1
348 43 1
348 45 1
348 46 1
348 89 1
348 104 1
348 125 1
348 133 1
348 290 1
348 358 1
348 631 1
348 1289 1
348 1376 1
348 2966 1
358 6 1
358 15 1
358 16 1
358 18 1
358 22 1
358 26 1
358 42 1
358 45 1
358 71 1
358 89 1
358 111 1
358 120 1
358 123 1
358 125 1
358 197 1
358 245 1
358 474 1
358 854 1
358 881 1
358 903 1
361 22 1
361 26 1
361 28 1
361 46 1
361 1659 1
369 6 1
369 15 1
369 18 1
369 72 1
369 89 1
371 2 1
371 8 1
371 12 1
371 15 1
371 18 1
371 22 1
371 26 1
371 28 1
371 42 1
371 43 1
371 58 1
371 68 1
371 71 1
371 120 1
371 257 1
371 312 1
371 474 1
371 526 1
371 932 1
371 1120 1
371 1889 1
371 5457 1
398 15 1
398 16 1
398 18 1
398 22 1
398 26 1
398 34 1
398 111 1
398 197 1
398 280 1
398 294 1
398 312 1
398 478 1
398 1052 1
398 1063 1
434 18 1
434 37 1
434 115 1
434 190 1
434 474 1
434 612 1
435 2 1
435 6 1
435 15 1
435 26 1
435 45 1
435 302 1
435 526 1
435 561 1
435 725 1
438 2 1
438 6 1
438 15 1
438 16 1
438 18 1
438 26 1
438 37 1
438 41 1
438 45 1
438 46 1
438 68 1
438 71 1
438 72 1
438 74 1
438 104 1
438 115 1
438 120 1
438 123 1
438 190 1
438 280 1
438 294 1
438 312 1
438 333 1
438 474 1
438 515 1
438 725 1
438 733 1
438 881 1
438 1052 1
438 2197 1
438 2303 1
443 6 1
443 16 1
443 18 1
443 22 1
443 26 1
443 45 1
443 46 1
443 69 1
443 72 1
443 89 1
443 123 1
443 147 1
443 152 1
443 190 1
443 245 1
443 299 1
443 312 1
443 398 1
443 474 1
443 624 1
443 932 1
443 1376 1
456 2 1
456 12 1
456 15 1
456 18 1
456 22 1
456 45 1
456 89 1
456 123 1
456 280 1
456 474 1
456 1120 1
474 6 1
474 8 1
474 12 1
474 15 1
474 16 1
474 19 1
474 24 1
474 26 1
474 37 1
474 42 1
474 45 1
474 58 1
474 68 1
474 71 1
474 72 1
474 89 1
474 94 1
474 115 1
474 120 1
474 125 1
474 147 1
474 152 1
474 271 1
474 280 1
474 299 1
474 307 1
474 320 1
474 358 1
474 434 1
474 456 1
474 506 1
474 526 1
474 623 1
474 624 1
474 685 1
474 695 1
474 735 1
474 908 1
474 1078 1
474 1120 1
474 1172 1
474 1289 1
474 1326 1
474 1341 1
474 1345 1
474 1647 1
474 2573 1
474 2597 1
474 3952 1
474 5921 1
474 6376 1
474 7143 1
478 18 1
478 45 1
478 46 1
478 58 1
478 68 1
478 94 1
478 280 1
478 1063 1
489 18 1
489 37 1
489 89 1
489 94 1
489 115 1
489 333 1
489 624 1
489 735 1
489 1166 1
489 1355 1
489 1398 1
494 22 1
494 68 1
494 115 1
494 147 1
494 2554 1
506 9 1
506 15 1
506 18 1
506 28 1
506 45 1
506 68 1
506 69 1
506 115 1
506 271 1
506 286 1
506 299 1
506 371 1
506 438 1
506 474 1
506 530 1
506 561 1
506 653 1
506 854 1
506 1336 1
506 1659 1
506 5039 1
508 6 1
508 12 1
508 15 1
508 16 1
508 22 1
508 47 1
508 58 1
508 68 1
508 337 1
508 695 1
508 2517 1
514 2 1
514 15 1
514 22 1
514 28 1
514 30 1
514 37 1
514 42 1
514 72 1
514 115 1
514 125 1
514 207 1
514 212 1
514 290 1
514 340 1
514 438 1
514 515 1
514 548 1
514 1063 1
515 18 1
515 68 1
515 2462 1
522 6 1
522 15 1
522 22 1
522 28 1
522 34 1
522 58 1
522 89 1
522 438 1
522 1554 1
522 4065 1
526 2 1
526 6 1
526 12 1
526 15 1
526 16 1
526 19 1
526 22 1
526 26 1
526 28 1
526 37 1
526 45 1
526 46 1
526 47 1
526 71 1
526 115 1
526 120 1
526 125 1
526 271 1
526 280 1
526 286 1
526 312 1
526 340 1
526 443 1
526 530 1
526 733 1
526 942 1
526 1052 1
526 1063 1
526 1131 1
526 1376 1
526 1816 1
529 18 1
529 42 1
529 46 1
529 58 1
529 89 1
529 104 1
529 120 1
529 245 1
529 844 1
529 1052 1
529 1063 1
529 1879 1
529 3552 1
530 15 1
530 18 1
530 22 1
530 26 1
530 46 1
530 68 1
530 111 1
530 125 1
530 190 1
530 290 1
530 322 1
530 506 1
530 515 1
530 1172 1
532 6 1
532 104 1
532 231 1
532 315 1
532 456 1
532 1376 1
532 3878 1
533 6 1
533 34 1
533 2197 1
540 15 1
540 16 1
540 18 1
540 119 1
540 124 1
540 147 1
540 271 1
540 529 1
548 12 1
548 15 1
548 16 1
548 18 1
548 41 1
548 438 1
561 2 1
561 12 1
561 15 1
561 18 1
561 22 1
561 26 1
561 41 1
561 42 1
561 45 1
561 68 1
561 111 1
561 120 1
561 125 1
561 136 1
561 207 1
561 212 1
561 290 1
561 294 1
561 443 1
561 456 1
561 474 1
561 529 1
561 548 1
561 735 1
561 903 1
561 1120 1
561 1276 1
561 1314 1
561 1339 1
561 1345 1
561 1554 1
561 2405 1
582 2 1
582 6 1
582 12 1
582 16 1
582 22 1
582 25 1
582 28 1
582 30 1
582 34 1
582 41 1
582 42 1
582 58 1
582 68 1
582 71 1
582 89 1
582 94 1
582 120 1
582 123 1
582 212 1
582 245 1
582 257 1
582 294 1
582 302 1
582 307 1
582 312 1
582 322 1
582 340 1
582 434 1
582 474 1
582 508 1
582 526 1
582 529 1
582 801 1
582 886 1
582 1052 1
582 1078 1
582 1085 1
582 1326 1
582 1879 1
582 2308 1
582 2405 1
582 2738 1
582 4714 1
612 2 1
612 9 1
612 15 1
612 16 1
612 104 1
612 290 1
623 9 1
623 231 1
623 1167 1
624 12 1
624 15 1
624 16 1
624 18 1
624 22 1
624 26 1
624 41 1
624 45 1
624 58 1
624 111 1
624 115 1
624 123 1
624 212 1
624 286 1
624 294 1
624 315 1
624 443 1
624 529 1
624 1089 1
624 1167 1
624 2462 1
631 26 1
631 104 1
633 12 1
633 15 1
633 16 1
633 18 1
633 111 1
633 735 1
653 2 1
653 16 1
653 22 1
653 45 1
653 46 1
653 72 1
653 89 1
653 104 1
653 111 1
653 280 1
653 290 1
653 474 1
653 624 1
653 2299 1
653 4402 1
685 2 1
685 6 1
685 15 1
685 26 1
685 37 1
685 45 1
685 71 1
685 104 1
685 119 1
685 125 1
685 147 1
685 371 1
685 456 1
685 474 1
685 879 1
685 1052 1
685 1120 1
695 28 1
695 30 1
695 72 1
695 197 1
695 340 1
704 15 1
704 26 1
704 46 1
714 15 1
714 115 1
718 26 1
725 2 1
725 8 1
725 15 1
725 18 1
725 22 1
725 26 1
725 28 1
725 30 1
725 42 1
725 89 1
725 94 1
725 120 1
725 123 1
725 126 1
725 147 1
725 196 1
725 280 1
725 443 1
725 474 1
725 1167 1
725 1289 1
725 1339 1
725 1554 1
733 15 1
733 111 1
733 124 1
733 299 1
733 624 1
733 2303 1
733 5938 1
735 15 1
735 22 1
735 42 1
735 45 1
735 69 1
735 89 1
735 115 1
735 197 1
735 258 1
735 299 1
735 474 1
735 526 1
735 1089 1
765 16 1
765 18 1
765 22 1
765 89 1
765 115 1
765 474 1
765 508 1
765 844 1
801 6 1
801 15 1
801 26 1
801 34 1
801 45 1
801 69 1
801 71 1
801 72 1
801 115 1
801 123 1
801 124 1
801 245 1
801 1063 1
801 1339 1
803 6 1
803 15 1
803 26 1
803 89 1
803 120 1
803 290 1
803 489 1
803 1554 1
803 3552 1
838 22 1
838 26 1
838 45 1
838 68 1
838 94 1
838 115 1
838 123 1
838 190 1
838 231 1
838 257 1
838 307 1
838 358 1
838 434 1
838 3261 1
838 5750 1
844 2 1
844 12 1
844 16 1
844 18 1
844 26 1
844 37 1
844 42 1
844 45 1
844 71 1
844 94 1
844 111 1
844 119 1
844 152 1
844 286 1
844 299 1
844 315 1
844 514 1
844 540 1
844 624 1
844 888 1
844 1052 1
844 1063 1
844 1120 1
844 1561 1
844 2467 1
844 2517 1
844 2554 1
854 2 1
854 15 1
854 22 1
854 28 1
854 34 1
854 71 1
854 104 1
854 1295 1
879 2 1
879 6 1
879 12 1
879 15 1
879 22 1
879 26 1
879 136 1
879 290 1
879 312 1
879 456 1
879 474 1
879 494 1
879 633 1
879 838 1
879 854 1
879 1131 1
879 4094 1
879 5227 1
881 18 1
881 22 1
881 26 1
881 94 1
881 704 1
886 15 1
886 286 1
888 9 1
888 16 1
888 18 1
888 22 1
888 26 1
888 45 1
888 120 1
888 123 1
892 18 1
892 22 1
892 89 1
892 474 1
903 15 1
903 26 1
903 34 1
903 45 1
903 979 1
903 2197 1
903 3481 1
903 4065 1
908 18 1
908 22 1
908 30 1
908 34 1
908 41 1
908 45 1
908 92 1
908 191 1
908 529 1
908 2308 1
908 2609 1
922 22 1
932 8 1
932 15 1
932 18 1
932 22 1
932 34 1
932 71 1
932 89 1
932 197 1
932 231 1
932 474 1
932 2299 1
932 4820 1
942 16 1
942 26 1
942 474 1
942 844 1
952 1339 1
979 15 1
979 16 1
979 22 1
1030 71 1
1030 290 1
1052 15 1
1052 16 1
1052 18 1
1052 19 1
1052 22 1
1052 34 1
1052 71 1
1052 72 1
1052 94 1
1052 123 1
1052 443 1
1052 695 1
1052 1341 1
1052 1376 1
1052 1659 1
1052 3375 1
1052 3857 1
1052 7419 1
1063 12 1
1063 15 1
1063 18 1
1063 22 1
1063 28 1
1063 34 1
1063 71 1
1063 72 1
1063 89 1
1063 94 1
1063 104 1
1063 123 1
1063 125 1
1063 190 1
1063 257 1
1063 342 1
1063 533 1
1063 735 1
1063 844 1
1063 1172 1
1078 15 1
1078 312 1
1085 18 1
1085 22 1
1085 286 1
1085 320 1
1085 456 1
1085 1398 1
1089 6 1
1089 12 1
1089 15 1
1089 25 1
1089 26 1
1089 37 1
1089 46 1
1089 47 1
1089 58 1
1089 294 1
1089 299 1
1089 530 1
1120 6 1
1120 15 1
1120 45 1
1120 72 1
1120 89 1
1120 119 1
1120 258 1
1120 3552 1
1131 6 1
1131 8 1
1131 12 1
1131 15 1
1131 24 1
1131 26 1
1131 30 1
1131 46 1
1131 68 1
1131 71 1
1131 147 1
1131 207 1
1131 240 1
1131 258 1
1131 280 1
1131 290 1
1131 294 1
1131 299 1
1131 456 1
1131 474 1
1131 506 1
1131 733 1
1131 903 1
1131 1293 1
1131 2554 1
1131 5866 1
1166 22 1
1166 30 1
1166 37 1
1167 16 1
1167 22 1
1167 28 1
1167 68 1
1167 207 1
1167 704 1
1172 6 1
1172 12 1
1172 15 1
1172 16 1
1172 28 1
1172 42 1
1172 92 1
1172 123 1
1172 125 1
1172 147 1
1172 1078 1
1182 2 1
1182 18 1
1182 26 1
1182 30 1
1182 89 1
1188 6 1
1188 15 1
1188 280 1
1188 456 1
1188 561 1
1192 2 1
1192 15 1
1192 16 1
1192 37 1
1192 46 1
1192 60 1
1192 72 1
1192 123 1
1192 358 1
1192 361 1
1192 5039 1
1228 16 1
1228 26 1
1270 45 1
1276 15 1
1276 18 1
1276 26 1
1276 46 1
1276 294 1
1276 340 1
1276 532 1
1276 561 1
1276 1592 1
1276 1955 1
1276 4714 1
1285 26 1
1285 474 1
1285 1326 1
1285 5406 1
1289 6 1
1289 15 1
1289 18 1
1289 22 1
1289 26 1
1289 37 1
1289 104 1
1289 443 1
1289 1085 1
1289 3815 1
1293 68 1
1293 69 1
1293 123 1
1293 207 1
1293 489 1
1295 18 1
1295 43 1
1295 68 1
1314 15 1
1314 26 1
1314 125 1
1326 6 1
1326 15 1
1326 18 1
1326 94 1
1326 104 1
1326 286 1
1326 886 1
1326 1078 1
1339 2 1
1339 6 1
1339 15 1
1339 18 1
1339 22 1
1339 37 1
1339 104 1
1339 123 1
1339 125 1
1339 240 1
1339 333 1
1339 474 1
1339 2674 1
1341 15 1
1341 16 1
1341 18 1
1341 26 1
1341 71 1
1341 104 1
1341 115 1
1341 120 1
1341 212 1
1341 371 1
1345 15 1
1345 22 1
1345 89 1
1345 115 1
1354 15 1
1355 6 1
1355 15 1
1355 22 1
1355 26 1
1355 71 1
1355 72 1
1355 94 1
1355 186 1
1355 190 1
1355 197 1
1355 1063 1
1376 2 1
1376 15 1
1376 18 1
1376 26 1
1376 28 1
1376 34 1
1376 41 1
1376 115 1
1376 120 1
1376 231 1
1376 526 1
1376 844 1
1376 1131 1
1376 5280 1
1398 16 1
1469 89 1
1510 2 1
1510 18 1
1510 71 1
1510 89 1
1510 231 1
1510 257 1
1510 302 1
1510 443 1
1510 2554 1
1554 15 1
1554 22 1
1554 26 1
1554 94 1
1554 115 1
1554 190 1
1554 191 1
1554 197 1
1554 456 1
1554 2096 1
1559 18 1
1559 41 1
1559 71 1
1559 123 1
1561 2 1
1561 12 1
1561 15 1
1561 16 1
1561 22 1
1561 94 1
1592 12 1
1592 15 1
1592 22 1
1603 22 1
1603 294 1
1617 18 1
1617 22 1
1617 111 1
1617 302 1
1617 337 1
1617 1063 1
1647 22 1
1647 3691 1
1659 22 1
1659 26 1
1659 58 1
1659 68 1
1659 123 1
1659 286 1
1659 312 1
1676 18 1
1720 26 1
1720 104 1
1738 37 1
1793 6 1
1793 15 1
1793 22 1
1793 34 1
1793 903 1
1816 26 1
1816 240 1
1816 530 1
1879 89 1
1879 115 1
1879 190 1
1879 348 1
1889 6 1
1889 15 1
1889 22 1
1889 28 1
1889 94 1
1889 104 1
1889 124 1
1889 286 1
1889 290 1
1889 4094 1
1955 22 1
1955 115 1
1986 290 1
2040 903 1
2048 2 1
2048 15 1
2048 26 1
2048 89 1
2048 231 1
2048 286 1
2096 26 1
2096 89 1
2096 111 1
2096 522 1
2140 15 1
2140 18 1
2140 22 1
2140 104 1
2140 434 1
2141 257 1
2182 280 1
2182 1355 1
2197 30 1
2197 631 1
2197 942 1
2299 22 1
2299 26 1
2299 69 1
2299 89 1
2299 286 1
2299 474 1
2299 508 1
2299 1955 1
2299 5518 1
2303 15 1
2303 18 1
2303 26 1
2303 34 1
2303 71 1
2303 2308 1
2305 844 1
2308 2 1
2308 15 1
2308 16 1
2308 18 1
2308 71 1
2308 72 1
2308 115 1
2308 136 1
2308 207 1
2308 474 1
2308 5938 1
2343 26 1
2405 2 1
2405 22 1
2405 37 1
2405 45 1
2405 89 1
2405 245 1
2462 125 1
2467 18 1
2467 26 1
2467 94 1
2467 340 1
2467 4714 1
2490 18 1
2490 22 1
2490 72 1
2490 115 1
2490 5280 1
2517 22 1
2554 2 1
2554 26 1
2554 30 1
2554 89 1
2554 94 1
2554 280 1
2554 371 1
2566 16 1
2573 22 1
2573 26 1
2573 68 1
2592 6 1
2592 12 1
2592 22 1
2592 37 1
2592 123 1
2597 6 1
2609 22 1
2609 45 1
2609 147 1
2609 290 1
2609 474 1
2612 18 1
2612 280 1
2653 1052 1
2674 15 1
2674 18 1
2674 22 1
2674 123 1
2674 236 1
2674 294 1
2682 18 1
2682 22 1
2682 257 1
2738 15 1
2738 45 1
2738 111 1
2738 123 1
2763 15 1
2763 41 1
2763 42 1
2866 15 1
2866 120 1
2866 258 1
2966 16 1
2966 257 1
3108 94 1
3108 299 1
3163 26 1
3163 474 1
3163 506 1
3166 18 1
3166 123 1
3166 1120 1
3261 22 1
3261 111 1
3261 4714 1
3301 26 1
3480 16 1
3552 15 1
3552 22 1
3552 26 1
3552 58 1
3552 68 1
3596 16 1
3596 19 1
3596 124 1
3596 125 1
3596 136 1
3606 16 1
3606 37 1
3607 16 1
3607 190 1
3691 6 1
3691 12 1
3691 126 1
3731 16 1
3731 28 1
3731 104 1
3731 508 1
3750 16 1
3750 26 1
3750 37 1
3750 41 1
3750 42 1
3750 89 1
3750 104 1
3750 358 1
3815 68 1
3815 624 1
3829 299 1
3857 18 1
3857 26 1
3857 58 1
3857 340 1
3877 1182 1
3878 15 1
3878 1276 1
3952 115 1
3963 18 1
3963 37 1
3963 125 1
3963 340 1
4065 15 1
4065 18 1
4094 6 1
4102 34 1
4102 612 1
4102 624 1
4102 1182 1
4146 15 1
4146 22 1
4146 26 1
4146 45 1
4146 1339 1
4166 16 1
4175 68 1
4176 2197 1
4330 68 1
4402 89 1
4435 474 1
4437 41 1
4437 290 1
4549 22 1
4549 89 1
4549 2303 1
4644 120 1
4644 190 1
4714 16 1
4714 18 1
4714 41 1
4714 58 1
4714 111 1
4714 348 1
4818 15 1
4818 22 1
4820 68 1
4820 2517 1
4827 1355 1
4843 22 1
4843 89 1
4868 15 1
4868 45 1
4868 530 1
4877 22 1
5007 474 1
5039 12 1
5101 22 1
5280 34 1
5280 245 1
5340 236 1
5406 2 1
5406 6 1
5406 15 1
5406 16 1
5406 71 1
5406 104 1
5406 120 1
5406 125 1
5406 312 1
5406 1293 1
5409 299 1
5449 42 1
5457 369 1
5480 15 1
5518 8 1
5518 125 1
5533 45 1
5533 115 1
5750 1289 1
5921 18 1
5921 37 1
5921 41 1
5921 89 1
5921 123 1
5921 136 1
5921 340 1
5921 456 1
5938 22 1
5938 26 1
5976 22 1
5987 123 1
6019 197 1
6068 72 1
6152 16 1
6152 111 1
6152 1289 1
6226 71 1
6263 18 1
6263 22 1
6263 26 1
6263 72 1
6263 474 1
6362 18 1
6362 37 1
6376 37 1
6376 844 1
6381 15 1
6598 16 1
6660 16 1
6673 15 1
6673 92 1
6673 115 1
6703 18 1
7143 15 1
7143 43 1
7154 28 1
7294 290 1
7340 22 1
7419 89 1
7452 111 1
7469 16 1
7683 1131 1
