2 6 1
2 8 1
2 15 1
2 16 1
2 22 1
2 25 1
2 26 1
2 30 1
2 34 1
2 41 1
2 68 1
2 71 1
2 94 1
2 99 1
2 104 1
2 147 1
2 191 1
2 197 1
2 207 1
2 231 1
2 236 1
2 258 1
2 299 1
2 315 1
2 456 1
2 474 1
2 489 1
2 514 1
2 529 1
2 631 1
2 685 1
2 695 1
2 704 1
2 844 1
2 879 1
2 886 1
2 932 1
2 1030 1
2 1078 1
2 1131 1
2 1659 1
2 1879 1
2 2467 1
2 3552 1
2 5406 1
2 6376 1
6 2 1
6 8 1
6 15 1
6 18 1
6 26 1
6 28 1
6 30 1
6 37 1
6 41 1
6 42 1
6 43 1
6 46 1
6 47 1
6 60 1
6 69 1
6 71 1
6 89 1
6 104 1
6 111 1
6 115 1
6 119 1
6 120 1
6 125 1
6 147 1
6 197 1
6 212 1
6 231 1
6 245 1
6 257 1
6 258 1
6 290 1
6 294 1
6 299 1
6 302 1
6 312 1
6 342 1
6 348 1
6 358 1
6 443 1
6 508 1
6 526 1
6 530 1
6 561 1
6 633 1
6 653 1
6 725 1
6 733 1
6 735 1
6 881 1
6 908 1
6 942 1
6 1063 1
6 1089 1
6 1131 1
6 1172 1
6 1182 1
6 1295 1
6 1314 1
6 1326 1
6 1339 1
6 1355 1
6 1592 1
6 1879 1
6 1889 1
6 2182 1
6 2197 1
6 2462 1
6 3301 1
6 3750 1
6 4435 1
6 6673 1
8 18 1
8 22 1
8 28 1
8 42 1
8 71 1
8 115 1
8 123 1
8 197 1
8 257 1
8 258 1
8 302 1
8 312 1
8 320 1
8 474 1
8 478 1
8 514 1
8 530 1
8 879 1
8 1078 1
8 1289 1
8 2467 1
8 4714 1
9 12 1
9 15 1
9 18 1
9 26 1
9 58 1
9 60 1
9 68 1
9 94 1
9 111 1
9 123 1
9 124 1
9 147 1
9 286 1
9 337 1
9 371 1
9 474 1
9 854 1
9 1720 1
9 2653 1
12 2 1
12 6 1
12 15 1
12 16 1
12 18 1
12 26 1
12 28 1
12 30 1
12 37 1
12 41 1
12 45 1
12 68 1
12 69 1
12 71 1
12 94 1
12 104 1
12 115 1
12 120 1
12 147 1
12 197 1
12 227 1
12 231 1
12 236 1
12 280 1
12 294 1
12 299 1
12 315 1
12 361 1
12 438 1
12 474 1
12 532 1
12 548 1
12 561 1
12 735 1
12 844 1
12 881 1
12 932 1
12 942 1
12 1167 1
12 1172 1
12 1561 1
12 2303 1
12 2343 1
12 2467 1
12 2573 1
12 3607 1
12 5280 1
15 6 1
15 16 1
15 18 1
15 19 1
15 28 1
15 34 1
15 37 1
15 42 1
15 45 1
15 46 1
15 68 1
15 69 1
15 94 1
15 111 1
15 124 1
15 125 1
15 136 1
15 147 1
15 212 1
15 236 1
15 245 1
15 271 1
15 280 1
15 290 1
15 312 1
15 320 1
15 322 1
15 333 1
15 337 1
15 358 1
15 371 1
15 438 1
15 489 1
15 508 1
15 514 1
15 530 1
15 532 1
15 624 1
15 685 1
15 725 1
15 733 1
15 735 1
15 765 1
15 844 1
15 888 1
15 903 1
15 932 1
15 1052 1
15 1120 1
15 1182 1
15 1276 1
15 1289 1
15 1293 1
15 1326 1
15 1339 1
15 1376 1
15 1592 1
15 1603 1
15 1659 1
15 2462 1
15 2467 1
15 2609 1
15 2612 1
15 2763 1
15 3261 1
15 3552 1
15 3750 1
15 3963 1
15 7452 1
16 6 1
16 8 1
16 9 1
16 18 1
16 22 1
16 25 1
16 26 1
16 28 1
16 30 1
16 34 1
16 41 1
16 47 1
16 60 1
16 69 1
16 72 1
16 74 1
16 89 1
16 91 1
16 111 1
16 120 1
16 126 1
16 136 1
16 139 1
16 186 1
16 190 1
16 197 1
16 207 1
16 231 1
16 236 1
16 258 1
16 271 1
16 280 1
16 286 1
16 290 1
16 294 1
16 299 1
16 307 1
16 315 1
16 320 1
16 322 1
16 340 1
16 358 1
16 369 1
16 371 1
16 434 1
16 438 1
16 456 1
16 474 1
16 478 1
16 489 1
16 506 1
16 515 1
16 526 1
16 529 1
16 532 1
16 533 1
16 548 1
16 623 1
16 624 1
16 631 1
16 685 1
16 695 1
16 704 1
16 718 1
16 725 1
16 733 1
16 735 1
16 765 1
16 803 1
16 838 1
16 844 1
16 854 1
16 888 1
16 892 1
16 922 1
16 932 1
16 942 1
16 1063 1
16 1078 1
16 1089 1
16 1120 1
16 1131 1
16 1166 1
16 1167 1
16 1172 1
16 1285 1
16 1289 1
16 1295 1
16 1326 1
16 1336 1
16 1339 1
16 1341 1
16 1354 1
16 1355 1
16 1376 1
16 1469 1
16 1554 1
16 1592 1
16 1617 1
16 1659 1
16 1676 1
16 1720 1
16 1889 1
16 1955 1
16 2048 1
16 2140 1
16 2182 1
16 2299 1
16 2305 1
16 2308 1
16 2405 1
16 2490 1
16 2517 1
16 2554 1
16 2566 1
16 2573 1
16 2597 1
16 2612 1
16 2682 1
16 2738 1
16 3108 1
16 3261 1
16 3301 1
16 3481 1
16 3596 1
16 3607 1
16 3731 1
16 3963 1
16 4330 1
16 4402 1
16 4437 1
16 4714 1
16 4868 1
16 5024 1
16 5039 1
16 5518 1
16 5750 1
16 6376 1
16 7419 1
18 2 1
18 6 1
18 12 1
18 15 1
18 19 1
18 22 1
18 24 1
18 28 1
18 34 1
18 37 1
18 41 1
18 42 1
18 43 1
18 45 1
18 46 1
18 68 1
18 69 1
18 71 1
18 72 1
18 74 1
18 89 1
18 91 1
18 104 1
18 111 1
18 115 1
18 119 1
18 120 1
18 123 1
18 124 1
18 125 1
18 126 1
18 136 1
18 147 1
18 152 1
18 186 1
18 190 1
18 207 1
18 212 1
18 226 1
18 227 1
18 236 1
18 245 1
18 257 1
18 290 1
18 294 1
18 299 1
18 315 1
18 322 1
18 333 1
18 340 1
18 371 1
18 398 1
18 435 1
18 456 1
18 489 1
18 508 1
18 526 1
18 529 1
18 530 1
18 540 1
18 623 1
18 624 1
18 633 1
18 685 1
18 704 1
18 803 1
18 838 1
18 844 1
18 854 1
18 881 1
18 886 1
18 922 1
18 932 1
18 942 1
18 1052 1
18 1063 1
18 1089 1
18 1131 1
18 1167 1
18 1172 1
18 1182 1
18 1192 1
18 1289 1
18 1293 1
18 1295 1
18 1314 1
18 1326 1
18 1336 1
18 1341 1
18 1345 1
18 1355 1
18 1376 1
18 1510 1
18 1554 1
18 1561 1
18 1647 1
18 1738 1
18 1889 1
18 2096 1
18 2197 1
18 2299 1
18 2405 1
18 2462 1
18 2554 1
18 2674 1
18 3691 1
18 4102 1
18 4402 1
18 4437 1
18 4714 1
18 4827 1
18 4843 1
18 5101 1
18 5227 1
18 5457 1
18 5921 1
19 16 1
19 18 1
19 30 1
19 104 1
19 257 1
19 529 1
22 2 1
22 6 1
22 9 1
22 12 1
22 15 1
22 18 1
22 19 1
22 25 1
22 26 1
22 30 1
22 34 1
22 37 1
22 41 1
22 42 1
22 43 1
22 45 1
22 47 1
22 68 1
22 71 1
22 72 1
22 89 1
22 91 1
22 92 1
22 104 1
22 111 1
22 115 1
22 119 1
22 120 1
22 123 1
22 124 1
22 125 1
22 126 1
22 136 1
22 147 1
22 186 1
22 190 1
22 197 1
22 207 1
22 227 1
22 231 1
22 236 1
22 240 1
22 245 1
22 257 1
22 271 1
22 286 1
22 290 1
22 299 1
22 307 1
22 312 1
22 315 1
22 320 1
22 322 1
22 333 1
22 340 1
22 348 1
22 358 1
22 369 1
22 371 1
22 434 1
22 435 1
22 438 1
22 443 1
22 456 1
22 478 1
22 489 1
22 506 1
22 508 1
22 515 1
22 522 1
22 526 1
22 532 1
22 533 1
22 561 1
22 612 1
22 624 1
22 631 1
22 633 1
22 653 1
22 704 1
22 714 1
22 718 1
22 725 1
22 735 1
22 765 1
22 803 1
22 854 1
22 879 1
22 881 1
22 886 1
22 903 1
22 908 1
22 932 1
22 1052 1
22 1063 1
22 1085 1
22 1089 1
22 1120 1
22 1167 1
22 1172 1
22 1182 1
22 1289 1
22 1295 1
22 1326 1
22 1339 1
22 1345 1
22 1376 1
22 1469 1
22 1510 1
22 1554 1
22 1592 1
22 1647 1
22 1659 1
22 1691 1
22 1720 1
22 1889 1
22 2048 1
22 2197 1
22 2299 1
22 2405 1
22 2462 1
22 2490 1
22 2517 1
22 2554 1
22 2612 1
22 2674 1
22 2738 1
22 2966 1
22 3163 1
22 3166 1
22 3261 1
22 3375 1
22 3552 1
22 3607 1
22 3731 1
22 3750 1
22 3857 1
22 3950 1
22 3963 1
22 4094 1
22 4102 1
22 4146 1
22 4176 1
22 4330 1
22 4644 1
22 4714 1
22 5280 1
22 5533 1
22 5921 1
22 5976 1
22 6263 1
22 6376 1
22 6381 1
22 7419 1
22 7683 1
24 12 1
24 26 1
24 45 1
24 46 1
24 89 1
24 104 1
24 286 1
24 489 1
25 8 1
25 12 1
25 15 1
25 37 1
25 47 1
25 71 1
25 94 1
25 115 1
25 120 1
25 125 1
25 197 1
25 290 1
25 358 1
25 371 1
25 561 1
25 932 1
25 1052 1
25 1592 1
26 8 1
26 9 1
26 12 1
26 15 1
26 18 1
26 25 1
26 28 1
26 34 1
26 37 1
26 41 1
26 46 1
26 47 1
26 58 1
26 68 1
26 71 1
26 72 1
26 89 1
26 92 1
26 104 1
26 119 1
26 123 1
26 125 1
26 147 1
26 197 1
26 212 1
26 236 1
26 240 1
26 299 1
26 302 1
26 312 1
26 320 1
26 333 1
26 348 1
26 358 1
26 369 1
26 371 1
26 438 1
26 456 1
26 474 1
26 478 1
26 508 1
26 522 1
26 529 1
26 530 1
26 532 1
26 561 1
26 623 1
26 624 1
26 695 1
26 733 1
26 765 1
26 801 1
26 803 1
26 854 1
26 1052 1
26 1063 1
26 1085 1
26 1089 1
26 1182 1
26 1285 1
26 1289 1
26 1354 1
26 1355 1
26 1376 1
26 1659 1
26 1676 1
26 1889 1
26 2048 1
26 2609 1
26 2653 1
26 2738 1
26 3166 1
26 3552 1
26 3691 1
26 3750 1
26 5280 1
26 5750 1
26 6376 1
26 6598 1
26 7017 1
26 7143 1
28 2 1
28 6 1
28 8 1
28 12 1
28 15 1
28 18 1
28 22 1
28 25 1
28 26 1
28 30 1
28 34 1
28 37 1
28 41 1
28 42 1
28 45 1
28 58 1
28 68 1
28 71 1
28 72 1
28 89 1
28 94 1
28 99 1
28 104 1
28 111 1
28 115 1
28 120 1
28 123 1
28 126 1
28 147 1
28 152 1
28 227 1
28 231 1
28 245 1
28 258 1
28 280 1
28 286 1
28 290 1
28 294 1
28 302 1
28 312 1
28 322 1
28 340 1
28 342 1
28 348 1
28 358 1
28 369 1
28 371 1
28 435 1
28 438 1
28 443 1
28 456 1
28 489 1
28 506 1
28 508 1
28 526 1
28 529 1
28 530 1
28 532 1
28 582 1
28 653 1
28 733 1
28 1052 1
28 1063 1
28 1131 1
28 1192 1
28 1293 1
28 1339 1
28 1376 1
28 1554 1
28 1816 1
28 1879 1
28 1955 1
28 2303 1
28 2308 1
28 2554 1
28 2866 1
28 3731 1
28 3815 1
28 4818 1
28 5449 1
28 5533 1
28 6226 1
28 6362 1
30 8 1
30 9 1
30 15 1
30 16 1
30 18 1
30 22 1
30 25 1
30 34 1
30 37 1
30 42 1
30 45 1
30 46 1
30 47 1
30 58 1
30 68 1
30 89 1
30 104 1
30 115 1
30 123 1
30 125 1
30 190 1
30 207 1
30 212 1
30 240 1
30 245 1
30 257 1
30 258 1
30 286 1
30 290 1
30 294 1
30 312 1
30 438 1
30 494 1
30 526 1
30 529 1
30 561 1
30 653 1
30 725 1
30 765 1
30 1052 1
30 1078 1
30 1089 1
30 1131 1
30 1167 1
30 1561 1
30 2299 1
30 2738 1
30 4102 1
30 4330 1
30 4515 1
30 4820 1
33 15 1
33 22 1
34 2 1
34 18 1
34 26 1
34 43 1
34 46 1
34 68 1
34 72 1
34 111 1
34 125 1
34 126 1
34 147 1
34 152 1
34 191 1
34 257 1
34 271 1
34 294 1
34 299 1
34 312 1
34 358 1
34 434 1
34 443 1
34 478 1
34 489 1
34 508 1
34 526 1
34 582 1
34 624 1
34 725 1
34 844 1
34 1063 1
34 1167 1
34 1188 1
34 1289 1
34 1659 1
34 1816 1
34 1889 1
34 2197 1
34 2305 1
34 2308 1
34 2517 1
34 2554 1
34 3375 1
34 3750 1
37 6 1
37 12 1
37 15 1
37 16 1
37 18 1
37 22 1
37 24 1
37 25 1
37 26 1
37 28 1
37 42 1
37 45 1
37 46 1
37 47 1
37 58 1
37 68 1
37 72 1
37 89 1
37 92 1
37 94 1
37 104 1
37 123 1
37 125 1
37 196 1
37 197 1
37 226 1
37 231 1
37 236 1
37 294 1
37 315 1
37 438 1
37 443 1
37 508 1
37 529 1
37 540 1
37 561 1
37 624 1
37 653 1
37 735 1
37 801 1
37 932 1
37 1052 1
37 1063 1
37 1120 1
37 1172 1
37 1289 1
37 1339 1
37 2517 1
37 5406 1
41 2 1
41 15 1
41 16 1
41 26 1
41 28 1
41 30 1
41 42 1
41 45 1
41 46 1
41 69 1
41 72 1
41 89 1
41 92 1
41 94 1
41 104 1
41 111 1
41 115 1
41 197 1
41 257 1
41 286 1
41 299 1
41 508 1
41 561 1
41 612 1
41 735 1
41 844 1
41 1089 1
41 1398 1
41 1561 1
41 4714 1
41 5406 1
42 8 1
42 16 1
42 26 1
42 28 1
42 46 1
42 68 1
42 69 1
42 92 1
42 136 1
42 152 1
42 257 1
42 280 1
42 294 1
42 358 1
42 474 1
42 561 1
42 854 1
42 881 1
42 1326 1
42 1341 1
42 1355 1
42 1376 1
42 2763 1
42 3691 1
42 4065 1
42 5533 1
43 2 1
43 6 1
43 8 1
43 12 1
43 15 1
43 16 1
43 22 1
43 25 1
43 26 1
43 37 1
43 41 1
43 42 1
43 45 1
43 46 1
43 58 1
43 72 1
43 111 1
43 115 1
43 190 1
43 257 1
43 312 1
43 456 1
43 522 1
43 695 1
43 1063 1
43 1131 1
43 1345 1
43 1376 1
43 1986 1
43 3952 1
43 4146 1
43 4549 1
43 4714 1
45 2 1
45 6 1
45 8 1
45 16 1
45 19 1
45 22 1
45 28 1
45 34 1
45 37 1
45 46 1
45 58 1
45 68 1
45 72 1
45 89 1
45 94 1
45 111 1
45 115 1
45 119 1
45 120 1
45 124 1
45 125 1
45 136 1
45 147 1
45 152 1
45 196 1
45 197 1
45 280 1
45 286 1
45 290 1
45 294 1
45 299 1
45 312 1
45 333 1
45 358 1
45 435 1
45 443 1
45 456 1
45 474 1
45 489 1
45 514 1
45 530 1
45 548 1
45 718 1
45 725 1
45 735 1
45 888 1
45 903 1
45 908 1
45 1052 1
45 1085 1
45 1172 1
45 1276 1
45 1293 1
45 1314 1
45 1355 1
45 1554 1
45 2096 1
45 2467 1
45 2609 1
45 3815 1
45 4094 1
46 2 1
46 6 1
46 9 1
46 12 1
46 15 1
46 16 1
46 18 1
46 22 1
46 26 1
46 30 1
46 34 1
46 37 1
46 41 1
46 45 1
46 69 1
46 71 1
46 72 1
46 94 1
46 104 1
46 125 1
46 207 1
46 231 1
46 236 1
46 257 1
46 258 1
46 286 1
46 307 1
46 337 1
46 340 1
46 435 1
46 456 1
46 474 1
46 526 1
46 725 1
46 844 1
46 854 1
46 932 1
46 1172 1
46 1376 1
46 2554 1
46 2674 1
46 3750 1
46 4094 1
47 2 1
47 8 1
47 12 1
47 15 1
47 18 1
47 45 1
47 89 1
47 125 1
47 231 1
47 290 1
47 299 1
47 474 1
47 735 1
58 2 1
58 6 1
58 8 1
58 12 1
58 15 1
58 16 1
58 19 1
58 22 1
58 28 1
58 33 1
58 34 1
58 37 1
58 41 1
58 60 1
58 68 1
58 71 1
58 89 1
58 94 1
58 104 1
58 115 1
58 125 1
58 126 1
58 147 1
58 186 1
58 197 1
58 245 1
58 257 1
58 280 1
58 286 1
58 312 1
58 342 1
58 358 1
58 369 1
58 371 1
58 443 1
58 522 1
58 529 1
58 561 1
58 582 1
58 704 1
58 714 1
58 733 1
58 879 1
58 932 1
58 1052 1
58 1078 1
58 1120 1
58 1131 1
58 1289 1
58 1889 1
58 1955 1
58 2517 1
58 2554 1
58 3691 1
58 4843 1
58 4868 1
58 5406 1
60 6 1
60 18 1
60 26 1
60 42 1
60 45 1
60 71 1
60 72 1
60 104 1
60 111 1
60 125 1
60 286 1
60 315 1
60 6703 1
68 2 1
68 8 1
68 15 1
68 16 1
68 18 1
68 26 1
68 34 1
68 37 1
68 41 1
68 45 1
68 47 1
68 58 1
68 72 1
68 74 1
68 104 1
68 111 1
68 115 1
68 120 1
68 126 1
68 136 1
68 147 1
68 190 1
68 207 1
68 231 1
68 240 1
68 280 1
68 286 1
68 294 1
68 302 1
68 312 1
68 333 1
68 340 1
68 435 1
68 438 1
68 443 1
68 474 1
68 489 1
68 514 1
68 515 1
68 526 1
68 533 1
68 548 1
68 561 1
68 624 1
68 854 1
68 879 1
68 888 1
68 922 1
68 979 1
68 1052 1
68 1131 1
68 1172 1
68 1276 1
68 1314 1
68 1341 1
68 1354 1
68 1355 1
68 1376 1
68 1561 1
68 1659 1
68 2299 1
68 3480 1
68 3877 1
68 4827 1
68 5938 1
68 7452 1
69 15 1
69 22 1
69 34 1
69 58 1
69 89 1
69 94 1
69 307 1
69 434 1
69 474 1
69 1052 1
69 1659 1
69 5921 1
71 6 1
71 8 1
71 15 1
71 18 1
71 19 1
71 26 1
71 30 1
71 37 1
71 41 1
71 42 1
71 43 1
71 45 1
71 46 1
71 68 1
71 89 1
71 92 1
71 94 1
71 111 1
71 120 1
71 125 1
71 136 1
71 147 1
71 152 1
71 196 1
71 245 1
71 258 1
71 280 1
71 290 1
71 294 1
71 299 1
71 312 1
71 358 1
71 371 1
71 443 1
71 456 1
71 489 1
71 508 1
71 624 1
71 685 1
71 725 1
71 733 1
71 735 1
71 903 1
71 932 1
71 1063 1
71 1167 1
71 1289 1
71 1293 1
71 1341 1
71 2308 1
71 2674 1
71 3750 1
71 3952 1
71 4146 1
71 4714 1
71 6376 1
71 7294 1
72 2 1
72 6 1
72 15 1
72 16 1
72 18 1
72 26 1
72 47 1
72 68 1
72 71 1
72 120 1
72 191 1
72 240 1
72 245 1
72 257 1
72 271 1
72 315 1
72 725 1
72 932 1
72 1063 1
72 1078 1
72 1172 1
72 1289 1
72 1554 1
72 1559 1
72 1793 1
72 2197 1
72 4269 1
74 9 1
74 12 1
74 22 1
74 34 1
74 37 1
74 71 1
74 348 1
74 1659 1
83 2 1
83 12 1
83 15 1
83 18 1
83 22 1
83 26 1
83 69 1
83 71 1
83 120 1
83 227 1
83 474 1
83 526 1
83 532 1
83 879 1
83 942 1
83 1166 1
83 4094 1
83 4435 1
89 2 1
89 8 1
89 12 1
89 15 1
89 16 1
89 22 1
89 37 1
89 46 1
89 58 1
89 68 1
89 72 1
89 74 1
89 111 1
89 119 1
89 123 1
89 186 1
89 207 1
89 226 1
89 257 1
89 258 1
89 290 1
89 299 1
89 302 1
89 312 1
89 315 1
89 348 1
89 358 1
89 371 1
89 438 1
89 443 1
89 456 1
89 474 1
89 489 1
89 508 1
89 515 1
89 530 1
89 533 1
89 540 1
89 631 1
89 733 1
89 735 1
89 881 1
89 903 1
89 908 1
89 932 1
89 1052 1
89 1131 1
89 1167 1
89 1192 1
89 1276 1
89 1293 1
89 1339 1
89 1341 1
89 1398 1
89 2299 1
89 2674 1
89 2763 1
89 3481 1
89 3691 1
89 3750 1
89 5987 1
91 15 1
91 111 1
91 474 1
91 704 1
92 6 1
92 12 1
92 15 1
92 16 1
92 18 1
92 26 1
92 41 1
92 58 1
92 69 1
92 72 1
92 89 1
92 94 1
92 123 1
92 125 1
92 236 1
92 299 1
92 302 1
92 340 1
92 371 1
92 624 1
92 844 1
92 854 1
92 932 1
92 1293 1
94 2 1
94 6 1
94 8 1
94 16 1
94 18 1
94 22 1
94 25 1
94 26 1
94 28 1
94 41 1
94 45 1
94 89 1
94 115 1
94 123 1
94 125 1
94 136 1
94 190 1
94 231 1
94 240 1
94 257 1
94 280 1
94 299 1
94 333 1
94 340 1
94 342 1
94 358 1
94 438 1
94 456 1
94 474 1
94 508 1
94 561 1
94 704 1
94 803 1
94 838 1
94 854 1
94 1052 1
94 1063 1
94 1078 1
94 1131 1
94 1172 1
94 1188 1
94 1276 1
94 1289 1
94 1339 1
94 2303 1
94 3301 1
94 3691 1
94 4094 1
99 6 1
99 12 1
99 15 1
99 16 1
99 18 1
99 22 1
99 26 1
99 34 1
99 43 1
99 45 1
99 47 1
99 72 1
99 152 1
99 231 1
99 258 1
99 271 1
99 322 1
99 340 1
99 358 1
99 371 1
99 438 1
99 474 1
99 735 1
99 942 1
99 1289 1
99 1793 1
99 2299 1
99 2303 1
104 15 1
104 16 1
104 18 1
104 19 1
104 22 1
104 25 1
104 28 1
104 34 1
104 37 1
104 41 1
104 43 1
104 71 1
104 72 1
104 94 1
104 115 1
104 120 1
104 124 1
104 125 1
104 126 1
104 152 1
104 231 1
104 236 1
104 280 1
104 290 1
104 294 1
104 312 1
104 320 1
104 337 1
104 340 1
104 358 1
104 474 1
104 506 1
104 526 1
104 533 1
104 582 1
104 765 1
104 844 1
104 888 1
104 908 1
104 979 1
104 1131 1
104 1172 1
104 1326 1
104 1339 1
104 1341 1
104 1354 1
104 1617 1
104 1816 1
104 1955 1
104 2299 1
104 2517 1
104 3552 1
111 2 1
111 6 1
111 15 1
111 16 1
111 18 1
111 22 1
111 26 1
111 30 1
111 37 1
111 41 1
111 45 1
111 60 1
111 69 1
111 72 1
111 89 1
111 104 1
111 115 1
111 123 1
111 136 1
111 190 1
111 207 1
111 231 1
111 286 1
111 290 1
111 315 1
111 322 1
111 443 1
111 489 1
111 494 1
111 506 1
111 522 1
111 526 1
111 529 1
111 530 1
111 624 1
111 695 1
111 888 1
111 903 1
111 908 1
111 952 1
111 1085 1
111 1089 1
111 1172 1
111 2040 1
111 2517 1
111 2738 1
111 4714 1
111 5039 1
111 5518 1
115 2 1
115 6 1
115 9 1
115 15 1
115 26 1
115 28 1
115 34 1
115 37 1
115 42 1
115 47 1
115 58 1
115 69 1
115 71 1
115 72 1
115 92 1
115 94 1
115 120 1
115 190 1
115 197 1
115 207 1
115 226 1
115 280 1
115 312 1
115 443 1
115 474 1
115 515 1
115 526 1
115 695 1
115 765 1
115 801 1
115 838 1
115 844 1
115 903 1
115 932 1
115 1052 1
115 1063 1
115 1078 1
115 1089 1
115 1120 1
115 1131 1
115 1166 1
115 1172 1
115 1510 1
115 1559 1
115 1659 1
115 2096 1
115 2405 1
115 2554 1
115 3552 1
115 4065 1
115 4175 1
115 4644 1
115 6673 1
119 2 1
119 9 1
119 12 1
119 15 1
119 16 1
119 22 1
119 28 1
119 33 1
119 37 1
119 41 1
119 42 1
119 58 1
119 68 1
119 69 1
119 71 1
119 72 1
119 111 1
119 115 1
119 123 1
119 124 1
119 125 1
119 136 1
119 147 1
119 152 1
119 190 1
119 191 1
119 207 1
119 212 1
119 240 1
119 245 1
119 271 1
119 290 1
119 294 1
119 299 1
119 315 1
119 333 1
119 340 1
119 348 1
119 358 1
119 369 1
119 474 1
119 494 1
119 530 1
119 735 1
119 803 1
119 844 1
119 932 1
119 1063 1
119 1078 1
119 1339 1
119 1592 1
119 1659 1
119 1720 1
119 2299 1
119 2303 1
119 3166 1
119 3552 1
119 4714 1
119 5039 1
119 6263 1
119 7141 1
120 2 1
120 9 1
120 15 1
120 18 1
120 26 1
120 28 1
120 37 1
120 68 1
120 89 1
120 111 1
120 115 1
120 124 1
120 197 1
120 231 1
120 236 1
120 245 1
120 258 1
120 456 1
120 514 1
120 515 1
120 522 1
120 530 1
120 624 1
120 653 1
120 765 1
120 844 1
120 932 1
120 1063 1
120 1078 1
120 1289 1
120 1293 1
120 1339 1
120 1341 1
120 1355 1
120 2966 1
120 5024 1
123 2 1
123 6 1
123 8 1
123 9 1
123 12 1
123 15 1
123 16 1
123 22 1
123 26 1
123 37 1
123 41 1
123 42 1
123 43 1
123 45 1
123 46 1
123 47 1
123 58 1
123 71 1
123 89 1
123 92 1
123 104 1
123 111 1
123 115 1
123 119 1
123 120 1
123 125 1
123 139 1
123 147 1
123 152 1
123 190 1
123 236 1
123 240 1
123 271 1
123 286 1
123 294 1
123 299 1
123 302 1
123 307 1
123 312 1
123 320 1
123 358 1
123 371 1
123 438 1
123 443 1
123 489 1
123 506 1
123 514 1
123 522 1
123 526 1
123 532 1
123 548 1
123 561 1
123 623 1
123 624 1
123 735 1
123 801 1
123 803 1
123 838 1
123 844 1
123 932 1
123 1052 1
123 1063 1
123 1120 1
123 1131 1
123 1192 1
123 1228 1
123 1345 1
123 1592 1
123 1617 1
123 2048 1
123 2405 1
123 2517 1
123 2674 1
123 2738 1
123 3552 1
123 4820 1
123 5007 1
123 5406 1
123 5866 1
123 6068 1
123 6381 1
124 16 1
124 22 1
124 26 1
124 28 1
124 34 1
124 41 1
124 42 1
124 45 1
124 68 1
124 69 1
124 212 1
124 245 1
124 302 1
124 358 1
124 443 1
124 474 1
124 612 1
124 624 1
124 2467 1
124 2674 1
124 2738 1
125 2 1
125 15 1
125 18 1
125 19 1
125 22 1
125 26 1
125 46 1
125 60 1
125 69 1
125 89 1
125 92 1
125 115 1
125 123 1
125 124 1
125 126 1
125 139 1
125 147 1
125 197 1
125 257 1
125 286 1
125 294 1
125 371 1
125 506 1
125 530 1
125 561 1
125 733 1
125 803 1
125 879 1
125 932 1
125 1131 1
125 1182 1
125 1339 1
125 1889 1
125 3857 1
125 4435 1
125 5406 1
126 6 1
126 16 1
126 18 1
126 26 1
126 45 1
126 104 1
126 236 1
126 312 1
126 438 1
126 443 1
126 735 1
126 4102 1
133 22 1
133 4843 1
136 2 1
136 6 1
136 15 1
136 26 1
136 30 1
136 46 1
136 58 1
136 71 1
136 89 1
136 94 1
136 111 1
136 123 1
136 125 1
136 299 1
136 302 1
136 320 1
136 337 1
136 358 1
136 474 1
136 548 1
136 1188 1
136 1339 1
136 3552 1
136 4644 1
139 15 1
139 18 1
139 22 1
139 47 1
139 58 1
139 68 1
139 89 1
139 94 1
139 111 1
139 115 1
139 456 1
139 514 1
139 1554 1
139 2096 1
139 2554 1
147 15 1
147 16 1
147 37 1
147 46 1
147 58 1
147 286 1
147 290 1
147 735 1
147 1085 1
152 6 1
152 16 1
152 18 1
152 26 1
152 34 1
152 290 1
152 294 1
152 333 1
152 348 1
152 526 1
152 561 1
152 1188 1
152 1326 1
186 37 1
186 43 1
186 45 1
186 71 1
186 104 1
186 190 1
186 257 1
186 290 1
186 299 1
190 6 1
190 9 1
190 12 1
190 15 1
190 18 1
190 26 1
190 28 1
190 45 1
190 68 1
190 71 1
190 72 1
190 89 1
190 92 1
190 111 1
190 120 1
190 125 1
190 197 1
190 290 1
190 294 1
190 337 1
190 438 1
190 506 1
190 514 1
190 624 1
190 1052 1
190 1131 1
190 1293 1
190 1314 1
190 3552 1
191 8 1
191 22 1
191 271 1
191 515 1
196 37 1
196 2554 1
197 15 1
197 18 1
197 34 1
197 68 1
197 71 1
197 124 1
197 294 1
197 302 1
197 340 1
197 478 1
197 561 1
197 844 1
197 908 1
197 3552 1
207 15 1
207 18 1
207 22 1
207 37 1
207 68 1
207 104 1
207 111 1
207 120 1
207 125 1
207 290 1
207 474 1
207 522 1
207 526 1
207 1131 1
207 1172 1
207 1339 1
207 1554 1
207 2405 1
207 2609 1
207 3261 1
212 9 1
212 15 1
212 16 1
212 22 1
212 26 1
212 34 1
212 37 1
212 68 1
212 71 1
212 92 1
212 94 1
212 125 1
212 136 1
212 207 1
212 231 1
212 257 1
212 271 1
212 286 1
212 315 1
212 456 1
212 526 1
212 540 1
212 932 1
212 1052 1
212 3815 1
212 4714 1
226 16 1
226 22 1
226 190 1
227 15 1
227 22 1
227 115 1
227 695 1
227 1172 1
227 3952 1
231 8 1
231 15 1
231 18 1
231 22 1
231 26 1
231 45 1
231 46 1
231 89 1
231 94 1
231 111 1
231 115 1
231 124 1
231 207 1
231 271 1
231 299 1
231 312 1
231 348 1
231 371 1
231 438 1
231 624 1
231 1172 1
231 1289 1
231 1376 1
231 2966 1
231 6703 1
236 2 1
236 15 1
236 16 1
236 18 1
236 22 1
236 24 1
236 26 1
236 42 1
236 46 1
236 72 1
236 89 1
236 92 1
236 104 1
236 115 1
236 123 1
236 147 1
236 197 1
236 257 1
236 271 1
236 299 1
236 322 1
236 371 1
236 526 1
236 529 1
236 624 1
236 881 1
236 1659 1
236 2303 1
236 2554 1
236 5227 1
236 6152 1
240 15 1
240 16 1
240 89 1
240 123 1
240 207 1
240 1182 1
240 1341 1
241 15 1
245 12 1
245 15 1
245 16 1
245 18 1
245 22 1
245 28 1
245 37 1
245 69 1
245 74 1
245 89 1
245 94 1
245 104 1
245 115 1
245 240 1
245 290 1
245 340 1
245 369 1
245 474 1
245 633 1
245 704 1
245 735 1
245 1172 1
245 1326 1
245 1345 1
245 2592 1
245 3108 1
245 3952 1
257 2 1
257 6 1
257 12 1
257 15 1
257 18 1
257 22 1
257 26 1
257 42 1
257 45 1
257 58 1
257 68 1
257 71 1
257 94 1
257 104 1
257 119 1
257 136 1
257 139 1
257 190 1
257 197 1
257 227 1
257 231 1
257 240 1
257 245 1
257 280 1
257 302 1
257 307 1
257 315 1
257 340 1
257 371 1
257 474 1
257 515 1
257 653 1
257 801 1
257 803 1
257 838 1
257 879 1
257 932 1
257 1052 1
257 1295 1
257 1659 1
257 3166 1
257 3607 1
257 4269 1
257 7340 1
258 15 1
258 22 1
258 26 1
258 69 1
258 71 1
258 83 1
258 89 1
258 94 1
258 115 1
258 133 1
258 152 1
258 197 1
258 299 1
258 1554 1
271 30 1
271 68 1
271 71 1
271 94 1
271 207 1
271 257 1
271 434 1
271 443 1
271 1089 1
271 1120 1
271 1879 1
280 2 1
280 18 1
280 22 1
280 1554 1
286 2 1
286 6 1
286 12 1
286 15 1
286 18 1
286 19 1
286 26 1
286 69 1
286 71 1
286 89 1
286 94 1
286 104 1
286 111 1
286 115 1
286 120 1
286 125 1
286 147 1
286 227 1
286 236 1
286 245 1
286 280 1
286 290 1
286 337 1
286 342 1
286 474 1
286 548 1
286 695 1
286 735 1
286 801 1
286 881 1
286 886 1
286 908 1
286 1052 1
286 1089 1
286 1120 1
286 1131 1
286 1192 1
286 1554 1
286 1659 1
286 2308 1
286 2517 1
286 2738 1
286 2763 1
286 3552 1
286 4102 1
286 6673 1
290 2 1
290 6 1
290 12 1
290 15 1
290 18 1
290 22 1
290 30 1
290 34 1
290 37 1
290 41 1
290 58 1
290 68 1
290 71 1
290 72 1
290 94 1
290 104 1
290 115 1
290 120 1
290 125 1
290 136 1
290 147 1
290 197 1
290 241 1
290 280 1
290 294 1
290 312 1
290 333 1
290 438 1
290 489 1
290 561 1
290 612 1
290 624 1
290 685 1
290 733 1
290 803 1
290 892 1
290 1339 1
290 3815 1
294 2 1
294 12 1
294 18 1
294 22 1
294 26 1
294 37 1
294 45 1
294 46 1
294 69 1
294 83 1
294 89 1
294 111 1
294 115 1
294 227 1
294 231 1
294 245 1
294 257 1
294 280 1
294 286 1
294 312 1
294 438 1
294 529 1
294 1167 1
294 1339 1
294 1355 1
294 1376 1
294 2517 1
294 3552 1
299 6 1
299 8 1
299 12 1
299 15 1
299 18 1
299 22 1
299 26 1
299 28 1
299 34 1
299 37 1
299 45 1
299 89 1
299 104 1
299 119 1
299 123 1
299 125 1
299 126 1
299 227 1
299 271 1
299 290 1
299 307 1
299 312 1
299 474 1
299 526 1
299 530 1
299 801 1
299 922 1
299 1063 1
299 1167 1
302 2 1
302 8 1
302 12 1
302 16 1
302 18 1
302 22 1
302 26 1
302 28 1
302 34 1
302 37 1
302 42 1
302 45 1
302 69 1
302 71 1
302 89 1
302 104 1
302 111 1
302 115 1
302 212 1
302 245 1
302 271 1
302 280 1
302 286 1
302 312 1
302 438 1
302 526 1
302 1063 1
302 1131 1
302 1192 1
302 1285 1
302 1345 1
302 1355 1
302 3691 1
307 15 1
307 18 1
307 26 1
307 34 1
307 37 1
307 42 1
307 60 1
307 89 1
307 115 1
307 186 1
307 286 1
307 290 1
307 478 1
307 530 1
307 735 1
307 803 1
307 1172 1
307 1276 1
307 1293 1
307 1339 1
307 2303 1
307 2467 1
307 3878 1
307 4330 1
312 6 1
312 15 1
312 18 1
312 26 1
312 30 1
312 41 1
312 42 1
312 45 1
312 71 1
312 74 1
312 89 1
312 120 1
312 123 1
312 125 1
312 136 1
312 147 1
312 190 1
312 231 1
312 245 1
312 271 1
312 340 1
312 371 1
312 443 1
312 529 1
312 530 1
312 1166 1
312 1188 1
312 1339 1
312 1879 1
312 2609 1
315 2 1
315 12 1
315 15 1
315 16 1
315 18 1
315 22 1
315 37 1
315 45 1
315 46 1
315 115 1
315 190 1
315 197 1
315 207 1
315 245 1
315 280 1
315 286 1
315 290 1
315 435 1
315 438 1
315 474 1
315 530 1
315 561 1
315 735 1
315 1376 1
315 1398 1
315 4146 1
320 15 1
320 16 1
320 18 1
320 26 1
320 94 1
322 15 1
322 41 1
322 115 1
322 434 1
322 1398 1
322 5750 1
333 2 1
333 6 1
333 15 1
333 16 1
333 19 1
333 28 1
333 30 1
333 37 1
333 41 1
333 45 1
333 115 1
333 120 1
333 125 1
333 147 1
333 197 1
333 236 1
333 286 1
333 312 1
333 315 1
333 561 1
333 844 1
333 1063 1
333 1376 1
333 1816 1
337 6 1
337 22 1
337 28 1
337 94 1
337 125 1
340 2 1
340 6 1
340 15 1
340 30 1
340 45 1
340 72 1
340 89 1
340 120 1
340 123 1
340 299 1
340 315 1
340 342 1
340 506 1
340 526 1
340 612 1
340 623 1
340 735 1
340 903 1
340 1167 1
340 1172 1
340 1376 1
340 3750 1
340 4402 1
342 2 1
342 6 1
342 12 1
342 16 1
342 22 1
342 68 1
342 879 1
348 6 1
348 12 1
348 15 1
348 16 1
348 22 1
348 26 1
348 28 1
348 45 1
348 94 1
348 120 1
348 286 1
348 290 1
348 299 1
348 302 1
348 548 1
348 2096 1
358 6 1
358 15 1
358 16 1
358 18 1
358 25 1
358 26 1
358 45 1
358 47 1
358 72 1
358 89 1
358 94 1
358 104 1
358 123 1
358 125 1
358 286 1
358 307 1
358 340 1
358 474 1
358 1341 1
358 3691 1
361 16 1
361 26 1
361 120 1
361 125 1
361 4843 1
369 2 1
369 18 1
369 45 1
369 340 1
369 561 1
371 16 1
371 19 1
371 22 1
371 26 1
371 28 1
371 37 1
371 68 1
371 94 1
371 115 1
371 123 1
371 136 1
371 186 1
371 207 1
371 227 1
371 280 1
371 312 1
371 315 1
371 508 1
371 529 1
371 903 1
371 1089 1
371 1955 1
398 2 1
398 22 1
398 26 1
398 45 1
398 58 1
398 104 1
398 207 1
398 294 1
398 340 1
398 474 1
398 508 1
398 844 1
398 1889 1
398 4714 1
434 6 1
434 12 1
434 16 1
434 69 1
434 89 1
434 474 1
435 15 1
435 16 1
435 18 1
435 28 1
435 68 1
435 125 1
435 286 1
435 294 1
435 653 1
438 9 1
438 12 1
438 15 1
438 16 1
438 18 1
438 26 1
438 28 1
438 41 1
438 45 1
438 46 1
438 47 1
438 58 1
438 111 1
438 125 1
438 186 1
438 207 1
438 227 1
438 231 1
438 236 1
438 257 1
438 258 1
438 315 1
438 340 1
438 443 1
438 624 1
438 1172 1
438 1295 1
438 1345 1
438 2308 1
438 2343 1
438 3166 1
443 2 1
443 6 1
443 15 1
443 16 1
443 18 1
443 19 1
443 26 1
443 34 1
443 37 1
443 42 1
443 45 1
443 46 1
443 120 1
443 236 1
443 280 1
443 312 1
443 340 1
443 438 1
443 456 1
443 474 1
443 765 1
443 7017 1
456 8 1
456 12 1
456 15 1
456 22 1
456 26 1
456 28 1
456 94 1
456 111 1
456 207 1
456 540 1
456 5406 1
474 12 1
474 15 1
474 22 1
474 25 1
474 28 1
474 34 1
474 42 1
474 45 1
474 46 1
474 60 1
474 68 1
474 71 1
474 72 1
474 89 1
474 94 1
474 111 1
474 115 1
474 120 1
474 125 1
474 152 1
474 227 1
474 236 1
474 257 1
474 258 1
474 294 1
474 315 1
474 320 1
474 333 1
474 337 1
474 340 1
474 371 1
474 443 1
474 561 1
474 624 1
474 653 1
474 704 1
474 803 1
474 844 1
474 1063 1
474 1182 1
474 1889 1
474 2203 1
474 2299 1
474 2308 1
474 2866 1
474 3166 1
474 4065 1
474 4714 1
474 4818 1
474 5518 1
474 5921 1
474 6263 1
478 2 1
478 15 1
478 18 1
478 22 1
478 26 1
478 72 1
478 474 1
478 844 1
489 6 1
489 15 1
489 18 1
489 26 1
489 115 1
489 126 1
489 280 1
489 286 1
489 333 1
489 1172 1
489 3552 1
494 6 1
494 9 1
494 15 1
494 68 1
494 120 1
506 2 1
506 42 1
506 71 1
506 72 1
506 89 1
506 104 1
506 111 1
506 120 1
506 126 1
506 136 1
506 190 1
506 197 1
506 312 1
506 320 1
506 474 1
506 478 1
506 903 1
506 1052 1
506 1120 1
506 1172 1
506 1339 1
508 2 1
508 6 1
508 15 1
508 41 1
508 42 1
508 46 1
508 71 1
508 115 1
508 361 1
508 371 1
508 4330 1
514 15 1
514 16 1
514 18 1
514 22 1
514 26 1
514 46 1
514 71 1
514 115 1
514 280 1
514 286 1
514 294 1
514 348 1
514 443 1
514 474 1
514 526 1
514 844 1
514 1339 1
514 4402 1
515 16 1
515 111 1
515 438 1
522 15 1
522 18 1
522 22 1
522 26 1
522 37 1
522 94 1
522 136 1
522 190 1
522 257 1
522 474 1
526 9 1
526 16 1
526 18 1
526 26 1
526 28 1
526 37 1
526 45 1
526 46 1
526 58 1
526 68 1
526 89 1
526 94 1
526 123 1
526 190 1
526 197 1
526 212 1
526 245 1
526 271 1
526 286 1
526 299 1
526 337 1
526 456 1
526 474 1
526 514 1
526 653 1
526 838 1
526 854 1
526 1063 1
526 1131 1
526 1293 1
526 1554 1
529 12 1
529 15 1
529 18 1
529 22 1
529 26 1
529 45 1
529 46 1
529 120 1
529 123 1
529 190 1
529 245 1
529 1339 1
529 2966 1
530 12 1
530 15 1
530 16 1
530 18 1
530 22 1
530 26 1
530 42 1
530 68 1
530 125 1
530 299 1
530 312 1
530 340 1
530 474 1
530 4065 1
532 18 1
532 42 1
532 89 1
532 231 1
532 530 1
532 631 1
532 4643 1
533 18 1
533 22 1
533 1659 1
540 2 1
540 6 1
540 16 1
540 22 1
540 26 1
540 104 1
540 190 1
540 337 1
548 6 1
548 18 1
548 22 1
548 26 1
548 104 1
548 120 1
561 8 1
561 15 1
561 16 1
561 22 1
561 26 1
561 37 1
561 46 1
561 58 1
561 69 1
561 71 1
561 72 1
561 89 1
561 111 1
561 115 1
561 120 1
561 136 1
561 147 1
561 186 1
561 191 1
561 240 1
561 280 1
561 358 1
561 438 1
561 443 1
561 508 1
561 530 1
561 908 1
561 1276 1
561 1720 1
561 2405 1
561 3261 1
561 7154 1
582 2 1
582 6 1
582 8 1
582 15 1
582 16 1
582 26 1
582 37 1
582 41 1
582 45 1
582 58 1
582 68 1
582 71 1
582 89 1
582 94 1
582 104 1
582 120 1
582 125 1
582 136 1
582 190 1
582 196 1
582 212 1
582 236 1
582 257 1
582 294 1
582 307 1
582 371 1
582 434 1
582 456 1
582 474 1
582 522 1
582 533 1
582 714 1
582 733 1
582 735 1
582 844 1
582 881 1
582 892 1
582 903 1
582 1131 1
582 1289 1
582 1341 1
582 2462 1
582 2866 1
612 18 1
612 26 1
612 42 1
612 111 1
612 123 1
612 624 1
623 28 1
623 34 1
623 474 1
624 2 1
624 8 1
624 16 1
624 22 1
624 25 1
624 26 1
624 28 1
624 34 1
624 89 1
624 111 1
624 123 1
624 236 1
624 286 1
624 290 1
624 371 1
624 434 1
624 506 1
624 514 1
624 903 1
624 942 1
624 1172 1
631 26 1
631 72 1
633 18 1
633 68 1
633 115 1
633 186 1
633 932 1
633 1089 1
653 12 1
653 18 1
653 22 1
653 68 1
653 71 1
653 89 1
653 94 1
653 123 1
653 139 1
653 147 1
653 286 1
653 530 1
653 532 1
653 1376 1
653 2141 1
685 18 1
685 22 1
685 26 1
685 89 1
685 92 1
685 147 1
685 286 1
685 294 1
685 340 1
685 371 1
685 443 1
685 801 1
685 1078 1
685 1089 1
685 3375 1
685 3857 1
685 3877 1
695 15 1
695 22 1
695 42 1
695 71 1
695 89 1
704 18 1
704 58 1
704 1052 1
714 89 1
714 854 1
718 147 1
725 2 1
725 6 1
725 12 1
725 15 1
725 19 1
725 25 1
725 26 1
725 33 1
725 41 1
725 68 1
725 89 1
725 104 1
725 123 1
725 280 1
725 286 1
725 340 1
725 438 1
725 530 1
725 533 1
725 561 1
725 1063 1
725 1339 1
725 5406 1
733 22 1
733 28 1
733 30 1
733 37 1
733 46 1
733 299 1
733 312 1
735 6 1
735 18 1
735 22 1
735 28 1
735 41 1
735 115 1
735 123 1
735 190 1
735 633 1
735 932 1
735 1182 1
735 1192 1
735 4549 1
765 6 1
765 15 1
765 18 1
765 26 1
765 37 1
765 111 1
765 456 1
765 838 1
801 12 1
801 22 1
801 45 1
801 89 1
801 123 1
801 125 1
801 136 1
801 190 1
801 231 1
801 322 1
801 624 1
801 979 1
801 1188 1
801 5921 1
803 6 1
803 26 1
803 28 1
803 45 1
803 71 1
803 94 1
803 123 1
803 207 1
803 695 1
838 6 1
838 15 1
838 16 1
838 18 1
838 26 1
838 41 1
838 45 1
838 71 1
838 94 1
838 104 1
838 111 1
838 152 1
838 280 1
838 286 1
838 438 1
844 6 1
844 12 1
844 18 1
844 22 1
844 26 1
844 41 1
844 45 1
844 46 1
844 72 1
844 74 1
844 92 1
844 104 1
844 123 1
844 190 1
844 240 1
844 456 1
844 506 1
844 526 1
844 725 1
844 733 1
844 1131 1
844 1167 1
844 1172 1
844 1276 1
844 1314 1
844 1955 1
844 3606 1
854 15 1
854 22 1
854 124 1
854 125 1
854 245 1
854 474 1
854 844 1
854 1510 1
879 6 1
879 12 1
879 15 1
879 16 1
879 30 1
879 42 1
879 46 1
879 71 1
879 94 1
879 104 1
879 123 1
879 139 1
879 147 1
879 212 1
879 540 1
879 801 1
879 1085 1
879 5024 1
881 2 1
881 16 1
881 22 1
881 34 1
881 348 1
886 18 1
886 71 1
888 12 1
888 15 1
888 24 1
888 37 1
888 197 1
888 299 1
888 438 1
888 533 1
892 26 1
892 320 1
892 474 1
892 582 1
903 2 1
903 15 1
903 22 1
903 30 1
903 42 1
903 212 1
903 474 1
903 2462 1
908 15 1
908 16 1
908 18 1
908 22 1
908 26 1
908 34 1
908 45 1
908 190 1
908 474 1
908 522 1
908 2517 1
922 18 1
932 2 1
932 15 1
932 18 1
932 30 1
932 41 1
932 125 1
932 294 1
932 333 1
932 443 1
932 474 1
932 854 1
932 7419 1
942 6 1
942 22 1
942 514 1
942 1793 1
952 22 1
979 15 1
979 18 1
979 348 1
1030 74 1
1030 494 1
1052 6 1
1052 15 1
1052 18 1
1052 37 1
1052 41 1
1052 42 1
1052 43 1
1052 45 1
1052 124 1
1052 271 1
1052 299 1
1052 434 1
1052 443 1
1052 514 1
1052 561 1
1052 1172 1
1052 1295 1
1052 6226 1
1063 2 1
1063 6 1
1063 12 1
1063 18 1
1063 22 1
1063 26 1
1063 94 1
1063 104 1
1063 111 1
1063 115 1
1063 120 1
1063 123 1
1063 136 1
1063 196 1
1063 302 1
1063 371 1
1063 903 1
1063 932 1
1063 979 1
1063 2197 1
1078 15 1
1078 26 1
1085 15 1
1085 16 1
1085 125 1
1085 207 1
1085 312 1
1085 1052 1
1089 15 1
1089 18 1
1089 22 1
1089 26 1
1089 68 1
1089 120 1
1089 125 1
1089 290 1
1089 844 1
1089 1052 1
1089 1120 1
1089 4714 1
1120 18 1
1120 22 1
1120 111 1
1120 125 1
1120 358 1
1120 474 1
1120 508 1
1120 2462 1
1131 2 1
1131 6 1
1131 12 1
1131 15 1
1131 22 1
1131 26 1
1131 28 1
1131 34 1
1131 42 1
1131 69 1
1131 71 1
1131 89 1
1131 111 1
1131 120 1
1131 125 1
1131 190 1
1131 257 1
1131 271 1
1131 294 1
1131 474 1
1131 548 1
1131 765 1
1131 1285 1
1131 2405 1
1131 2467 1
1131 6660 1
1166 26 1
1166 89 1
1166 94 1
1167 6 1
1167 22 1
1167 26 1
1167 136 1
1167 735 1
1167 1289 1
1172 6 1
1172 15 1
1172 34 1
1172 41 1
1172 45 1
1172 111 1
1172 119 1
1172 245 1
1172 299 1
1172 312 1
1172 1052 1
1182 15 1
1182 68 1
1182 89 1
1182 340 1
1182 838 1
1188 2 1
1188 16 1
1188 28 1
1188 68 1
1188 89 1
1192 8 1
1192 15 1
1192 18 1
1192 45 1
1192 68 1
1192 358 1
1192 526 1
1192 624 1
1192 844 1
1192 1052 1
1192 1131 1
1228 72 1
1228 1659 1
1270 22 1
1276 15 1
1276 18 1
1276 45 1
1276 72 1
1276 115 1
1276 125 1
1276 257 1
1276 340 1
1276 348 1
1276 506 1
1276 879 1
1285 22 1
1285 299 1
1285 312 1
1285 844 1
1289 15 1
1289 16 1
1289 22 1
1289 26 1
1289 37 1
1289 46 1
1289 68 1
1289 71 1
1289 123 1
1289 1889 1
1293 2 1
1293 15 1
1293 26 1
1293 322 1
1293 1276 1
1295 16 1
1295 22 1
1295 1341 1
1314 6 1
1314 22 1
1314 186 1
1326 2 1
1326 12 1
1326 89 1
1326 104 1
1326 123 1
1326 231 1
1326 1078 1
1326 1554 1
1339 8 1
1339 16 1
1339 22 1
1339 28 1
1339 34 1
1339 68 1
1339 94 1
1339 212 1
1339 290 1
1339 506 1
1339 508 1
1339 854 1
1339 932 1
1341 8 1
1341 9 1
1341 12 1
1341 22 1
1341 37 1
1341 46 1
1341 69 1
1341 231 1
1341 280 1
1341 844 1
1345 6 1
1345 41 1
1345 257 1
1345 489 1
1354 45 1
1355 12 1
1355 15 1
1355 22 1
1355 28 1
1355 34 1
1355 71 1
1355 286 1
1355 443 1
1355 474 1
1355 530 1
1355 2308 1
1376 6 1
1376 15 1
1376 18 1
1376 26 1
1376 41 1
1376 58 1
1376 68 1
1376 72 1
1376 89 1
1376 294 1
1376 348 1
1376 398 1
1376 474 1
1376 5938 1
1398 42 1
1469 15 1
1510 15 1
1510 16 1
1510 22 1
1510 26 1
1510 28 1
1510 104 1
1510 152 1
1510 1192 1
1510 1285 1
1554 6 1
1554 15 1
1554 24 1
1554 28 1
1554 30 1
1554 37 1
1554 42 1
1554 94 1
1554 515 1
1554 3829 1
1559 16 1
1559 18 1
1559 26 1
1559 94 1
1561 26 1
1561 41 1
1561 45 1
1561 58 1
1561 72 1
1561 125 1
1592 15 1
1592 18 1
1592 348 1
1603 69 1
1603 299 1
1617 22 1
1617 30 1
1617 74 1
1617 115 1
1617 123 1
1617 1172 1
1647 15 1
1647 45 1
1659 2 1
1659 15 1
1659 22 1
1659 43 1
1659 71 1
1659 92 1
1659 115 1
1676 286 1
1720 26 1
1720 94 1
1738 123 1
1793 18 1
1793 22 1
1793 123 1
1793 212 1
1793 1172 1
1816 16 1
1816 22 1
1816 41 1
1879 18 1
1879 22 1
1879 115 1
1879 120 1
1889 6 1
1889 15 1
1889 16 1
1889 18 1
1889 37 1
1889 41 1
1889 46 1
1889 89 1
1889 844 1
1889 1172 1
1955 18 1
1955 26 1
1986 89 1
2040 22 1
2048 15 1
2048 18 1
2048 26 1
2048 68 1
2048 123 1
2048 299 1
2096 26 1
2096 89 1
2096 1063 1
2096 1131 1
2140 22 1
2140 26 1
2140 94 1
2140 207 1
2140 2303 1
2141 26 1
2182 15 1
2182 22 1
2197 15 1
2197 26 1
2197 45 1
2299 15 1
2299 18 1
2299 26 1
2299 37 1
2299 41 1
2299 69 1
2299 72 1
2299 526 1
2299 2203 1
2303 15 1
2303 16 1
2303 26 1
2303 104 1
2303 123 1
2303 7469 1
2305 58 1
2308 2 1
2308 22 1
2308 42 1
2308 58 1
2308 115 1
2308 333 1
2308 371 1
2308 489 1
2308 506 1
2308 733 1
2308 1659 1
2343 22 1
2405 12 1
2405 18 1
2405 22 1
2405 115 1
2405 120 1
2405 2674 1
2462 22 1
2467 18 1
2467 26 1
2467 271 1
2467 312 1
2467 2462 1
2490 26 1
2490 28 1
2490 68 1
2490 120 1
2490 258 1
2517 111 1
2554 15 1
2554 18 1
2554 71 1
2554 120 1
2554 152 1
2554 197 1
2554 290 1
2566 22 1
2573 15 1
2573 68 1
2573 257 1
2592 2 1
2592 16 1
2592 71 1
2592 115 1
2592 1063 1
2597 197 1
2609 37 1
2609 89 1
2609 111 1
2609 115 1
2609 299 1
2612 15 1
2612 633 1
2653 18 1
2674 2 1
2674 16 1
2674 18 1
2674 26 1
2674 37 1
2674 123 1
2682 15 1
2682 236 1
2682 7143 1
2738 43 1
2738 257 1
2738 290 1
2738 903 1
2763 16 1
2763 22 1
2763 147 1
2866 16 1
2866 45 1
2866 71 1
2966 18 1
2966 1345 1
3108 22 1
3108 120 1
3163 15 1
3163 16 1
3163 123 1
3166 125 1
3166 257 1
3166 474 1
3261 15 1
3261 124 1
3261 197 1
3301 22 1
3480 26 1
3552 22 1
3552 26 1
3552 104 1
3552 124 1
3552 348 1
3596 26 1
3596 28 1
3596 89 1
3596 257 1
3596 4714 1
3606 46 1
3606 197 1
3607 18 1
3607 26 1
3691 22 1
3691 45 1
3691 4146 1
3731 120 1
3731 125 1
3731 340 1
3731 2096 1
3750 15 1
3750 18 1
3750 47 1
3750 69 1
3750 136 1
3750 434 1
3750 515 1
3750 1738 1
3815 15 1
3815 908 1
3829 280 1
3857 12 1
3857 16 1
3857 18 1
3857 474 1
3877 12 1
3878 89 1
3878 474 1
3952 22 1
3963 22 1
3963 26 1
3963 115 1
3963 494 1
4065 16 1
4065 286 1
4094 22 1
4102 28 1
4102 125 1
4102 299 1
4102 854 1
4146 6 1
4146 34 1
4146 45 1
4146 529 1
4146 561 1
4166 41 1
4175 15 1
4176 1376 1
4330 68 1
4402 18 1
4435 1659 1
4437 26 1
4437 115 1
4549 15 1
4549 18 1
4549 494 1
4644 16 1
4644 71 1
4714 12 1
4714 26 1
4714 34 1
4714 307 1
4714 489 1
4714 844 1
4818 12 1
4818 190 1
4820 15 1
4820 1285 1
4827 22 1
4843 15 1
4843 456 1
4868 6 1
4868 15 1
4868 125 1
4877 43 1
5007 22 1
5039 26 1
5101 22 1
5280 15 1
5280 45 1
5340 240 1
5406 6 1
5406 15 1
5406 22 1
5406 37 1
5406 41 1
5406 68 1
5406 104 1
5406 123 1
5406 312 1
5406 340 1
5409 22 1
5449 18 1
5457 474 1
5480 6 1
5518 15 1
5518 28 1
5533 18 1
5533 844 1
5750 280 1
5921 2 1
5921 16 1
5921 18 1
5921 41 1
5921 45 1
5921 74 1
5921 474 1
5921 1120 1
5938 45 1
5938 58 1
5976 16 1
5987 15 1
6019 257 1
6068 125 1
6152 2 1
6152 1131 1
6152 3552 1
6226 16 1
6263 15 1
6263 16 1
6263 18 1
6263 42 1
6263 1078 1
6362 18 1
6362 22 1
6376 6 1
6376 474 1
6381 69 1
6598 15 1
6660 18 1
6673 15 1
6673 68 1
6673 908 1
6703 30 1
7143 71 1
7143 2197 1
7154 16 1
7294 16 1
7340 26 1
7419 26 1
7452 294 1
7469 18 1
7683 89 1
