2 6 1
2 12 1
2 15 1
2 16 1
2 18 1
2 22 1
2 26 1
2 28 1
2 34 1
2 41 1
2 45 1
2 69 1
2 72 1
2 74 1
2 111 1
2 115 1
2 124 1
2 136 1
2 207 1
2 245 1
2 257 1
2 280 1
2 299 1
2 315 1
2 342 1
2 456 1
2 506 1
2 530 1
2 624 1
2 653 1
2 733 1
2 838 1
2 854 1
2 922 1
2 932 1
2 1120 1
2 1339 1
2 1341 1
2 1720 1
2 2405 1
2 2462 1
2 2517 1
2 3375 1
2 3857 1
2 4820 1
2 6660 1
6 2 1
6 9 1
6 12 1
6 15 1
6 16 1
6 18 1
6 24 1
6 25 1
6 28 1
6 37 1
6 41 1
6 42 1
6 45 1
6 46 1
6 58 1
6 71 1
6 72 1
6 74 1
6 89 1
6 94 1
6 111 1
6 115 1
6 136 1
6 139 1
6 186 1
6 190 1
6 207 1
6 227 1
6 236 1
6 241 1
6 245 1
6 257 1
6 258 1
6 280 1
6 286 1
6 290 1
6 294 1
6 299 1
6 358 1
6 443 1
6 474 1
6 508 1
6 515 1
6 522 1
6 526 1
6 529 1
6 582 1
6 704 1
6 725 1
6 803 1
6 844 1
6 879 1
6 888 1
6 1052 1
6 1085 1
6 1167 1
6 1172 1
6 1276 1
6 1289 1
6 1339 1
6 1659 1
6 2303 1
6 2405 1
6 2554 1
6 2674 1
6 2738 1
6 3552 1
6 3750 1
6 4843 1
6 5533 1
6 5938 1
8 6 1
8 15 1
8 26 1
8 37 1
8 45 1
8 58 1
8 68 1
8 91 1
8 123 1
8 231 1
8 294 1
8 299 1
8 348 1
8 371 1
8 474 1
8 685 1
8 844 1
8 932 1
8 1131 1
8 1192 1
8 1561 1
8 1659 1
9 2 1
9 6 1
9 15 1
9 18 1
9 22 1
9 26 1
9 34 1
9 42 1
9 68 1
9 69 1
9 136 1
9 515 1
9 1339 1
9 1879 1
9 1889 1
9 2303 1
9 2308 1
9 4714 1
9 6376 1
12 6 1
12 8 1
12 15 1
12 16 1
12 25 1
12 26 1
12 37 1
12 41 1
12 45 1
12 46 1
12 47 1
12 58 1
12 68 1
12 111 1
12 120 1
12 125 1
12 126 1
12 191 1
12 212 1
12 240 1
12 257 1
12 280 1
12 290 1
12 294 1
12 320 1
12 333 1
12 342 1
12 438 1
12 506 1
12 530 1
12 612 1
12 704 1
12 854 1
12 908 1
12 1131 1
12 1172 1
12 1285 1
12 1326 1
12 1376 1
12 1647 1
12 1659 1
12 2308 1
12 2763 1
12 3552 1
12 3750 1
12 3952 1
12 6381 1
15 6 1
15 8 1
15 18 1
15 25 1
15 28 1
15 30 1
15 37 1
15 46 1
15 60 1
15 68 1
15 69 1
15 94 1
15 104 1
15 111 1
15 115 1
15 120 1
15 124 1
15 126 1
15 152 1
15 186 1
15 190 1
15 191 1
15 257 1
15 290 1
15 294 1
15 299 1
15 312 1
15 315 1
15 320 1
15 333 1
15 340 1
15 358 1
15 371 1
15 434 1
15 438 1
15 443 1
15 478 1
15 508 1
15 530 1
15 624 1
15 695 1
15 704 1
15 735 1
15 801 1
15 879 1
15 903 1
15 932 1
15 979 1
15 1052 1
15 1063 1
15 1293 1
15 1295 1
15 1339 1
15 1659 1
15 1889 1
15 2048 1
15 2197 1
15 2308 1
15 2738 1
15 2966 1
15 3163 1
15 3552 1
15 3731 1
15 3963 1
15 4102 1
15 5039 1
15 5406 1
15 7141 1
15 7143 1
16 8 1
16 9 1
16 15 1
16 18 1
16 19 1
16 28 1
16 30 1
16 33 1
16 34 1
16 37 1
16 41 1
16 42 1
16 43 1
16 45 1
16 46 1
16 47 1
16 60 1
16 69 1
16 72 1
16 74 1
16 89 1
16 91 1
16 99 1
16 104 1
16 111 1
16 120 1
16 123 1
16 124 1
16 125 1
16 126 1
16 136 1
16 139 1
16 147 1
16 186 1
16 197 1
16 212 1
16 226 1
16 227 1
16 236 1
16 240 1
16 245 1
16 258 1
16 280 1
16 302 1
16 312 1
16 315 1
16 320 1
16 322 1
16 337 1
16 340 1
16 358 1
16 361 1
16 371 1
16 398 1
16 435 1
16 438 1
16 443 1
16 456 1
16 506 1
16 508 1
16 515 1
16 522 1
16 526 1
16 530 1
16 532 1
16 533 1
16 548 1
16 561 1
16 624 1
16 633 1
16 718 1
16 725 1
16 765 1
16 844 1
16 854 1
16 881 1
16 888 1
16 892 1
16 903 1
16 932 1
16 942 1
16 1052 1
16 1063 1
16 1078 1
16 1089 1
16 1120 1
16 1131 1
16 1167 1
16 1172 1
16 1182 1
16 1192 1
16 1228 1
16 1289 1
16 1293 1
16 1314 1
16 1339 1
16 1341 1
16 1345 1
16 1376 1
16 1554 1
16 1561 1
16 1592 1
16 1617 1
16 1659 1
16 1738 1
16 1889 1
16 2040 1
16 2048 1
16 2182 1
16 2197 1
16 2299 1
16 2467 1
16 2517 1
16 2573 1
16 2612 1
16 2653 1
16 2763 1
16 2866 1
16 2966 1
16 3166 1
16 3301 1
16 3375 1
16 3481 1
16 3552 1
16 3691 1
16 3815 1
16 3963 1
16 4094 1
16 4102 1
16 4437 1
16 4714 1
16 4820 1
16 5518 1
16 5866 1
16 6068 1
16 6226 1
16 6381 1
16 6598 1
16 6673 1
18 6 1
18 12 1
18 15 1
18 19 1
18 22 1
18 28 1
18 30 1
18 33 1
18 34 1
18 37 1
18 41 1
18 42 1
18 43 1
18 45 1
18 46 1
18 47 1
18 58 1
18 68 1
18 69 1
18 71 1
18 72 1
18 74 1
18 89 1
18 104 1
18 111 1
18 119 1
18 120 1
18 126 1
18 136 1
18 147 1
18 152 1
18 190 1
18 196 1
18 207 1
18 212 1
18 227 1
18 236 1
18 240 1
18 245 1
18 257 1
18 258 1
18 280 1
18 286 1
18 294 1
18 299 1
18 302 1
18 312 1
18 315 1
18 320 1
18 358 1
18 371 1
18 398 1
18 438 1
18 443 1
18 456 1
18 474 1
18 478 1
18 514 1
18 522 1
18 529 1
18 530 1
18 533 1
18 540 1
18 561 1
18 582 1
18 624 1
18 653 1
18 735 1
18 765 1
18 803 1
18 844 1
18 854 1
18 892 1
18 903 1
18 908 1
18 932 1
18 942 1
18 979 1
18 1052 1
18 1063 1
18 1078 1
18 1085 1
18 1131 1
18 1166 1
18 1192 1
18 1276 1
18 1295 1
18 1326 1
18 1345 1
18 1354 1
18 1469 1
18 1559 1
18 1617 1
18 1720 1
18 2203 1
18 2308 1
18 2405 1
18 2462 1
18 2517 1
18 2554 1
18 2612 1
18 2674 1
18 3261 1
18 3750 1
18 3952 1
18 4094 1
18 4402 1
18 4435 1
18 4549 1
18 5007 1
18 5280 1
18 5406 1
18 5533 1
18 5750 1
18 5921 1
18 7419 1
19 16 1
19 18 1
19 22 1
19 46 1
19 58 1
19 72 1
22 2 1
22 6 1
22 8 1
22 12 1
22 15 1
22 16 1
22 18 1
22 26 1
22 34 1
22 37 1
22 41 1
22 42 1
22 43 1
22 45 1
22 47 1
22 69 1
22 72 1
22 74 1
22 83 1
22 89 1
22 92 1
22 94 1
22 104 1
22 111 1
22 119 1
22 120 1
22 123 1
22 124 1
22 125 1
22 126 1
22 152 1
22 190 1
22 196 1
22 197 1
22 207 1
22 212 1
22 227 1
22 231 1
22 240 1
22 245 1
22 257 1
22 271 1
22 286 1
22 290 1
22 294 1
22 299 1
22 307 1
22 315 1
22 320 1
22 322 1
22 337 1
22 342 1
22 348 1
22 358 1
22 369 1
22 371 1
22 435 1
22 438 1
22 443 1
22 456 1
22 474 1
22 506 1
22 508 1
22 522 1
22 530 1
22 532 1
22 533 1
22 561 1
22 623 1
22 624 1
22 631 1
22 633 1
22 685 1
22 695 1
22 704 1
22 714 1
22 718 1
22 725 1
22 733 1
22 735 1
22 765 1
22 801 1
22 838 1
22 844 1
22 854 1
22 879 1
22 881 1
22 886 1
22 903 1
22 908 1
22 922 1
22 1052 1
22 1063 1
22 1078 1
22 1085 1
22 1089 1
22 1131 1
22 1167 1
22 1172 1
22 1182 1
22 1276 1
22 1285 1
22 1289 1
22 1293 1
22 1326 1
22 1336 1
22 1339 1
22 1341 1
22 1345 1
22 1469 1
22 1510 1
22 1554 1
22 1561 1
22 1592 1
22 1647 1
22 1659 1
22 1691 1
22 1720 1
22 1738 1
22 1889 1
22 1955 1
22 1986 1
22 2048 1
22 2096 1
22 2197 1
22 2303 1
22 2305 1
22 2405 1
22 2462 1
22 2467 1
22 2554 1
22 2738 1
22 3166 1
22 3552 1
22 3607 1
22 3691 1
22 3815 1
22 3857 1
22 3877 1
22 3950 1
22 4102 1
22 4176 1
22 4402 1
22 4435 1
22 4643 1
22 4714 1
22 4843 1
22 5024 1
22 5406 1
22 5518 1
22 5750 1
22 6703 1
22 7340 1
22 7419 1
22 7452 1
24 16 1
24 22 1
24 34 1
24 120 1
24 126 1
24 245 1
24 474 1
24 561 1
25 2 1
25 12 1
25 15 1
25 16 1
25 22 1
25 41 1
25 45 1
25 46 1
25 71 1
25 72 1
25 120 1
25 125 1
25 197 1
25 456 1
25 489 1
25 526 1
25 2140 1
25 2405 1
26 8 1
26 9 1
26 12 1
26 15 1
26 16 1
26 25 1
26 28 1
26 30 1
26 34 1
26 37 1
26 41 1
26 45 1
26 46 1
26 58 1
26 68 1
26 69 1
26 89 1
26 111 1
26 119 1
26 125 1
26 136 1
26 147 1
26 152 1
26 186 1
26 236 1
26 245 1
26 258 1
26 290 1
26 299 1
26 302 1
26 312 1
26 315 1
26 340 1
26 348 1
26 358 1
26 361 1
26 369 1
26 438 1
26 443 1
26 456 1
26 478 1
26 508 1
26 515 1
26 526 1
26 548 1
26 561 1
26 631 1
26 653 1
26 695 1
26 725 1
26 735 1
26 765 1
26 803 1
26 886 1
26 903 1
26 932 1
26 1052 1
26 1078 1
26 1131 1
26 1172 1
26 1192 1
26 1285 1
26 1289 1
26 1339 1
26 1345 1
26 1561 1
26 1955 1
26 2197 1
26 2308 1
26 2462 1
26 2573 1
26 2674 1
26 2738 1
26 3552 1
26 3750 1
26 4094 1
26 4402 1
26 4843 1
26 5457 1
26 5921 1
26 7683 1
28 2 1
28 6 1
28 8 1
28 12 1
28 15 1
28 18 1
28 19 1
28 22 1
28 26 1
28 30 1
28 37 1
28 41 1
28 43 1
28 45 1
28 69 1
28 71 1
28 72 1
28 89 1
28 92 1
28 94 1
28 104 1
28 111 1
28 115 1
28 120 1
28 123 1
28 124 1
28 125 1
28 136 1
28 152 1
28 190 1
28 212 1
28 227 1
28 231 1
28 236 1
28 240 1
28 245 1
28 257 1
28 271 1
28 280 1
28 286 1
28 294 1
28 299 1
28 307 1
28 312 1
28 315 1
28 348 1
28 358 1
28 371 1
28 434 1
28 435 1
28 438 1
28 474 1
28 489 1
28 506 1
28 508 1
28 526 1
28 532 1
28 533 1
28 561 1
28 733 1
28 765 1
28 838 1
28 854 1
28 881 1
28 1052 1
28 1172 1
28 1314 1
28 1326 1
28 1339 1
28 1355 1
28 1376 1
28 1398 1
28 1659 1
28 2197 1
28 2554 1
28 2609 1
28 3166 1
28 3552 1
28 4146 1
28 5039 1
28 5280 1
28 6673 1
28 6703 1
30 2 1
30 12 1
30 15 1
30 16 1
30 19 1
30 26 1
30 42 1
30 47 1
30 68 1
30 69 1
30 72 1
30 89 1
30 94 1
30 111 1
30 115 1
30 119 1
30 120 1
30 123 1
30 125 1
30 136 1
30 147 1
30 186 1
30 190 1
30 197 1
30 207 1
30 257 1
30 280 1
30 286 1
30 315 1
30 322 1
30 340 1
30 456 1
30 474 1
30 515 1
30 530 1
30 725 1
30 765 1
30 801 1
30 932 1
30 1131 1
30 1172 1
30 1276 1
30 1293 1
30 1376 1
30 1398 1
30 1554 1
30 2405 1
30 2467 1
30 2517 1
30 2738 1
30 6263 1
33 257 1
33 290 1
34 6 1
34 8 1
34 15 1
34 16 1
34 18 1
34 26 1
34 28 1
34 30 1
34 37 1
34 47 1
34 58 1
34 68 1
34 89 1
34 92 1
34 94 1
34 104 1
34 123 1
34 136 1
34 231 1
34 271 1
34 280 1
34 438 1
34 489 1
34 508 1
34 735 1
34 801 1
34 903 1
34 942 1
34 1052 1
34 1120 1
34 1172 1
34 1276 1
34 1345 1
34 1355 1
34 1554 1
34 1592 1
34 2308 1
34 2517 1
34 2609 1
34 3261 1
34 5938 1
34 7294 1
34 7452 1
37 2 1
37 16 1
37 18 1
37 19 1
37 22 1
37 26 1
37 28 1
37 34 1
37 41 1
37 43 1
37 45 1
37 46 1
37 58 1
37 68 1
37 71 1
37 72 1
37 89 1
37 92 1
37 104 1
37 120 1
37 123 1
37 136 1
37 231 1
37 271 1
37 299 1
37 302 1
37 371 1
37 434 1
37 443 1
37 456 1
37 474 1
37 478 1
37 526 1
37 561 1
37 624 1
37 725 1
37 803 1
37 844 1
37 881 1
37 1052 1
37 1131 1
37 1182 1
37 1339 1
37 1592 1
37 1889 1
37 2299 1
37 3750 1
37 4644 1
37 4868 1
41 2 1
41 6 1
41 16 1
41 26 1
41 28 1
41 34 1
41 42 1
41 45 1
41 68 1
41 72 1
41 89 1
41 111 1
41 120 1
41 123 1
41 136 1
41 290 1
41 299 1
41 337 1
41 371 1
41 474 1
41 489 1
41 529 1
41 561 1
41 612 1
41 695 1
41 733 1
41 932 1
41 1172 1
41 1376 1
41 1554 1
41 1720 1
42 18 1
42 26 1
42 45 1
42 46 1
42 47 1
42 71 1
42 94 1
42 104 1
42 120 1
42 124 1
42 147 1
42 191 1
42 231 1
42 280 1
42 312 1
42 526 1
42 844 1
42 1131 1
42 1339 1
42 1355 1
42 1592 1
42 2592 1
42 2738 1
42 3691 1
42 4435 1
42 5750 1
43 9 1
43 15 1
43 18 1
43 22 1
43 25 1
43 30 1
43 41 1
43 42 1
43 68 1
43 69 1
43 72 1
43 89 1
43 124 1
43 125 1
43 147 1
43 212 1
43 226 1
43 257 1
43 286 1
43 315 1
43 348 1
43 371 1
43 443 1
43 474 1
43 540 1
43 561 1
43 733 1
43 838 1
43 881 1
43 2197 1
43 2299 1
43 2763 1
43 4818 1
45 2 1
45 12 1
45 15 1
45 22 1
45 25 1
45 28 1
45 30 1
45 33 1
45 34 1
45 37 1
45 41 1
45 43 1
45 68 1
45 69 1
45 89 1
45 94 1
45 111 1
45 115 1
45 119 1
45 120 1
45 125 1
45 126 1
45 136 1
45 196 1
45 197 1
45 258 1
45 280 1
45 299 1
45 307 1
45 312 1
45 315 1
45 320 1
45 340 1
45 358 1
45 369 1
45 371 1
45 434 1
45 438 1
45 443 1
45 514 1
45 529 1
45 530 1
45 624 1
45 735 1
45 765 1
45 844 1
45 1078 1
45 1167 1
45 1182 1
45 1285 1
45 1341 1
45 1510 1
45 1592 1
45 2299 1
45 2517 1
45 2554 1
45 2597 1
45 3166 1
45 4330 1
45 4714 1
45 5976 1
46 2 1
46 12 1
46 15 1
46 18 1
46 22 1
46 26 1
46 28 1
46 30 1
46 34 1
46 37 1
46 42 1
46 45 1
46 68 1
46 69 1
46 72 1
46 89 1
46 92 1
46 123 1
46 190 1
46 257 1
46 271 1
46 280 1
46 286 1
46 307 1
46 333 1
46 348 1
46 358 1
46 474 1
46 506 1
46 514 1
46 526 1
46 530 1
46 624 1
46 714 1
46 765 1
46 886 1
46 1063 1
46 1172 1
46 1188 1
46 1510 1
46 2048 1
46 2203 1
46 3952 1
47 15 1
47 26 1
47 28 1
47 45 1
47 71 1
47 89 1
47 125 1
47 212 1
47 226 1
47 294 1
47 340 1
47 1398 1
47 2303 1
58 2 1
58 6 1
58 16 1
58 22 1
58 26 1
58 41 1
58 68 1
58 69 1
58 71 1
58 72 1
58 89 1
58 104 1
58 111 1
58 120 1
58 123 1
58 125 1
58 147 1
58 190 1
58 197 1
58 207 1
58 227 1
58 240 1
58 245 1
58 258 1
58 290 1
58 294 1
58 299 1
58 307 1
58 333 1
58 340 1
58 369 1
58 371 1
58 438 1
58 443 1
58 474 1
58 633 1
58 803 1
58 844 1
58 932 1
58 1052 1
58 1063 1
58 1289 1
58 1326 1
58 1355 1
58 1376 1
58 1554 1
58 1793 1
58 1816 1
58 1879 1
58 1889 1
58 2141 1
58 3108 1
58 3301 1
58 3731 1
58 4843 1
58 5280 1
58 5406 1
60 2 1
60 15 1
60 26 1
60 34 1
60 42 1
60 123 1
60 186 1
60 280 1
60 474 1
60 548 1
60 879 1
60 1052 1
60 1120 1
68 2 1
68 6 1
68 8 1
68 15 1
68 16 1
68 18 1
68 19 1
68 22 1
68 25 1
68 26 1
68 28 1
68 37 1
68 45 1
68 58 1
68 69 1
68 71 1
68 104 1
68 115 1
68 119 1
68 120 1
68 125 1
68 133 1
68 139 1
68 147 1
68 152 1
68 190 1
68 196 1
68 207 1
68 227 1
68 258 1
68 286 1
68 294 1
68 307 1
68 322 1
68 333 1
68 337 1
68 371 1
68 438 1
68 456 1
68 474 1
68 494 1
68 508 1
68 515 1
68 526 1
68 529 1
68 540 1
68 548 1
68 561 1
68 733 1
68 735 1
68 844 1
68 979 1
68 1052 1
68 1089 1
68 1120 1
68 1131 1
68 1172 1
68 1293 1
68 1295 1
68 1341 1
68 1376 1
68 1659 1
68 2305 1
68 3815 1
68 4146 1
68 4714 1
69 26 1
69 34 1
69 37 1
69 89 1
69 111 1
69 123 1
69 197 1
69 358 1
69 443 1
69 1120 1
69 1188 1
69 1659 1
71 2 1
71 6 1
71 15 1
71 16 1
71 18 1
71 19 1
71 22 1
71 26 1
71 30 1
71 34 1
71 37 1
71 41 1
71 45 1
71 58 1
71 72 1
71 94 1
71 115 1
71 125 1
71 147 1
71 190 1
71 197 1
71 231 1
71 299 1
71 312 1
71 340 1
71 371 1
71 456 1
71 474 1
71 489 1
71 506 1
71 526 1
71 540 1
71 561 1
71 633 1
71 735 1
71 765 1
71 801 1
71 888 1
71 908 1
71 932 1
71 1052 1
71 1063 1
71 1078 1
71 1336 1
71 1339 1
71 1341 1
71 1345 1
71 1354 1
71 2299 1
71 2462 1
71 2467 1
71 2554 1
71 3606 1
71 4330 1
71 4714 1
71 5921 1
71 7419 1
72 12 1
72 15 1
72 16 1
72 18 1
72 28 1
72 42 1
72 45 1
72 68 1
72 111 1
72 120 1
72 123 1
72 207 1
72 280 1
72 286 1
72 290 1
72 358 1
72 474 1
72 494 1
72 526 1
72 685 1
72 725 1
72 733 1
72 908 1
72 942 1
72 1063 1
72 1166 1
72 1554 1
74 15 1
74 26 1
74 30 1
74 45 1
74 71 1
74 207 1
74 474 1
74 695 1
83 2 1
83 8 1
83 15 1
83 37 1
83 42 1
83 68 1
83 104 1
83 115 1
83 125 1
83 245 1
83 294 1
83 456 1
83 474 1
83 529 1
83 561 1
83 1188 1
83 2303 1
83 5406 1
89 2 1
89 8 1
89 9 1
89 15 1
89 16 1
89 22 1
89 26 1
89 41 1
89 42 1
89 46 1
89 72 1
89 94 1
89 104 1
89 111 1
89 115 1
89 120 1
89 123 1
89 125 1
89 147 1
89 191 1
89 197 1
89 231 1
89 271 1
89 280 1
89 286 1
89 290 1
89 302 1
89 312 1
89 443 1
89 474 1
89 478 1
89 494 1
89 508 1
89 514 1
89 515 1
89 529 1
89 530 1
89 624 1
89 631 1
89 765 1
89 801 1
89 838 1
89 903 1
89 932 1
89 942 1
89 1131 1
89 1166 1
89 1167 1
89 1182 1
89 1659 1
89 1955 1
89 2096 1
89 2405 1
89 3552 1
89 4094 1
89 4146 1
89 4269 1
89 4644 1
89 4714 1
89 5101 1
89 6263 1
91 15 1
91 236 1
91 438 1
91 1131 1
92 2 1
92 12 1
92 15 1
92 16 1
92 28 1
92 34 1
92 37 1
92 46 1
92 83 1
92 115 1
92 125 1
92 190 1
92 236 1
92 290 1
92 315 1
92 348 1
92 435 1
92 474 1
92 530 1
92 540 1
92 1131 1
92 1172 1
92 1559 1
92 1659 1
94 12 1
94 15 1
94 16 1
94 18 1
94 25 1
94 28 1
94 30 1
94 34 1
94 37 1
94 45 1
94 46 1
94 60 1
94 68 1
94 74 1
94 104 1
94 111 1
94 115 1
94 120 1
94 123 1
94 197 1
94 236 1
94 245 1
94 257 1
94 286 1
94 307 1
94 340 1
94 348 1
94 438 1
94 443 1
94 474 1
94 494 1
94 695 1
94 733 1
94 854 1
94 908 1
94 1089 1
94 1182 1
94 1276 1
94 1339 1
94 1345 1
94 1376 1
94 1659 1
94 2566 1
94 2674 1
94 3108 1
94 4330 1
94 5406 1
94 7017 1
99 2 1
99 8 1
99 15 1
99 18 1
99 22 1
99 26 1
99 41 1
99 72 1
99 89 1
99 111 1
99 125 1
99 136 1
99 190 1
99 212 1
99 231 1
99 257 1
99 271 1
99 286 1
99 358 1
99 456 1
99 474 1
99 478 1
99 735 1
99 801 1
99 854 1
99 932 1
99 1339 1
99 4146 1
104 2 1
104 15 1
104 18 1
104 22 1
104 26 1
104 28 1
104 37 1
104 41 1
104 42 1
104 71 1
104 94 1
104 111 1
104 125 1
104 126 1
104 152 1
104 190 1
104 197 1
104 245 1
104 271 1
104 280 1
104 290 1
104 302 1
104 307 1
104 312 1
104 333 1
104 348 1
104 371 1
104 474 1
104 489 1
104 526 1
104 561 1
104 624 1
104 633 1
104 685 1
104 733 1
104 844 1
104 854 1
104 903 1
104 1052 1
104 1089 1
104 1131 1
104 1167 1
104 1188 1
104 1289 1
104 1326 1
104 1554 1
104 1561 1
104 1793 1
104 1879 1
104 2467 1
104 3691 1
104 7154 1
111 6 1
111 15 1
111 16 1
111 18 1
111 22 1
111 28 1
111 41 1
111 45 1
111 47 1
111 68 1
111 71 1
111 89 1
111 123 1
111 125 1
111 136 1
111 152 1
111 190 1
111 197 1
111 207 1
111 236 1
111 245 1
111 257 1
111 290 1
111 294 1
111 299 1
111 302 1
111 315 1
111 322 1
111 337 1
111 438 1
111 443 1
111 526 1
111 529 1
111 532 1
111 624 1
111 704 1
111 725 1
111 735 1
111 888 1
111 1120 1
111 1131 1
111 1295 1
111 1554 1
111 1889 1
111 3691 1
111 4437 1
111 4644 1
111 5406 1
111 5518 1
115 12 1
115 16 1
115 18 1
115 19 1
115 22 1
115 25 1
115 26 1
115 28 1
115 37 1
115 41 1
115 42 1
115 46 1
115 47 1
115 58 1
115 68 1
115 69 1
115 94 1
115 104 1
115 111 1
115 120 1
115 147 1
115 236 1
115 257 1
115 258 1
115 280 1
115 294 1
115 320 1
115 333 1
115 342 1
115 348 1
115 371 1
115 438 1
115 443 1
115 533 1
115 735 1
115 803 1
115 844 1
115 903 1
115 908 1
115 1063 1
115 1131 1
115 1289 1
115 1293 1
115 1314 1
115 1326 1
115 1376 1
115 1889 1
115 2299 1
115 2554 1
115 2674 1
115 3375 1
115 3607 1
115 6673 1
119 6 1
119 9 1
119 12 1
119 15 1
119 16 1
119 22 1
119 34 1
119 41 1
119 46 1
119 58 1
119 68 1
119 69 1
119 71 1
119 72 1
119 94 1
119 104 1
119 115 1
119 120 1
119 124 1
119 125 1
119 136 1
119 139 1
119 147 1
119 207 1
119 236 1
119 257 1
119 271 1
119 302 1
119 340 1
119 348 1
119 435 1
119 474 1
119 489 1
119 508 1
119 514 1
119 561 1
119 624 1
119 653 1
119 725 1
119 735 1
119 801 1
119 844 1
119 879 1
119 903 1
119 908 1
119 1052 1
119 1120 1
119 1293 1
119 1398 1
119 1510 1
119 1676 1
119 1793 1
119 2096 1
119 2462 1
119 2490 1
119 2517 1
119 2554 1
119 3552 1
119 4714 1
119 5227 1
119 6376 1
120 2 1
120 6 1
120 8 1
120 16 1
120 18 1
120 19 1
120 45 1
120 71 1
120 104 1
120 111 1
120 125 1
120 126 1
120 231 1
120 257 1
120 290 1
120 294 1
120 307 1
120 312 1
120 358 1
120 434 1
120 474 1
120 522 1
120 624 1
120 631 1
120 844 1
120 1063 1
120 1089 1
120 1166 1
120 1289 1
120 1293 1
120 1376 1
120 2490 1
120 3596 1
120 5227 1
120 5987 1
120 6226 1
123 2 1
123 6 1
123 9 1
123 12 1
123 15 1
123 18 1
123 19 1
123 22 1
123 25 1
123 26 1
123 34 1
123 37 1
123 41 1
123 43 1
123 45 1
123 46 1
123 60 1
123 68 1
123 69 1
123 71 1
123 89 1
123 94 1
123 104 1
123 111 1
123 115 1
123 119 1
123 125 1
123 147 1
123 190 1
123 197 1
123 231 1
123 240 1
123 271 1
123 286 1
123 290 1
123 294 1
123 299 1
123 312 1
123 315 1
123 322 1
123 340 1
123 342 1
123 348 1
123 435 1
123 443 1
123 456 1
123 474 1
123 489 1
123 494 1
123 508 1
123 514 1
123 526 1
123 529 1
123 530 1
123 533 1
123 612 1
123 653 1
123 704 1
123 714 1
123 879 1
123 881 1
123 908 1
123 932 1
123 1063 1
123 1078 1
123 1085 1
123 1089 1
123 1131 1
123 1289 1
123 1376 1
123 1554 1
123 1889 1
123 2303 1
123 2467 1
123 2517 1
123 2554 1
123 2609 1
123 3750 1
123 4065 1
123 5406 1
123 7143 1
124 18 1
124 22 1
124 30 1
124 45 1
124 71 1
124 89 1
124 94 1
124 111 1
124 190 1
124 258 1
124 294 1
124 333 1
124 530 1
124 548 1
124 633 1
124 801 1
124 932 1
124 1182 1
124 1339 1
124 1354 1
124 1355 1
125 6 1
125 15 1
125 18 1
125 22 1
125 26 1
125 37 1
125 41 1
125 46 1
125 60 1
125 89 1
125 94 1
125 120 1
125 191 1
125 231 1
125 302 1
125 333 1
125 438 1
125 508 1
125 624 1
125 733 1
125 735 1
125 844 1
125 854 1
125 903 1
125 1052 1
125 1063 1
125 1089 1
125 1131 1
125 1339 1
125 1376 1
125 2096 1
125 2405 1
125 2554 1
125 2674 1
125 4065 1
125 6152 1
126 15 1
126 16 1
126 22 1
126 26 1
126 34 1
126 94 1
126 257 1
126 312 1
126 333 1
126 582 1
126 1131 1
126 4827 1
133 16 1
133 478 1
136 6 1
136 15 1
136 22 1
136 42 1
136 60 1
136 68 1
136 69 1
136 72 1
136 111 1
136 115 1
136 147 1
136 152 1
136 245 1
136 299 1
136 320 1
136 348 1
136 371 1
136 474 1
136 532 1
136 922 1
136 1289 1
136 1376 1
136 1955 1
136 2299 1
139 15 1
139 22 1
139 26 1
139 28 1
139 42 1
139 69 1
139 72 1
139 125 1
139 286 1
139 294 1
139 299 1
139 474 1
139 1603 1
139 2612 1
139 3878 1
147 15 1
147 22 1
147 26 1
147 71 1
147 111 1
147 123 1
147 280 1
147 624 1
147 1052 1
152 6 1
152 15 1
152 37 1
152 41 1
152 46 1
152 71 1
152 115 1
152 190 1
152 236 1
152 312 1
152 443 1
152 526 1
152 1285 1
186 12 1
186 18 1
186 22 1
186 89 1
186 104 1
186 312 1
186 1063 1
186 1659 1
186 3750 1
190 2 1
190 15 1
190 16 1
190 24 1
190 26 1
190 43 1
190 45 1
190 46 1
190 58 1
190 94 1
190 111 1
190 115 1
190 120 1
190 125 1
190 147 1
190 245 1
190 257 1
190 271 1
190 299 1
190 315 1
190 456 1
190 489 1
190 735 1
190 879 1
190 1089 1
190 1172 1
190 2343 1
190 4102 1
190 4827 1
191 6 1
191 22 1
191 258 1
191 290 1
196 16 1
196 18 1
197 15 1
197 26 1
197 72 1
197 115 1
197 125 1
197 207 1
197 290 1
197 337 1
197 443 1
197 474 1
197 522 1
197 624 1
197 932 1
197 942 1
207 2 1
207 16 1
207 22 1
207 24 1
207 25 1
207 26 1
207 45 1
207 46 1
207 68 1
207 69 1
207 71 1
207 89 1
207 125 1
207 312 1
207 434 1
207 474 1
207 903 1
207 1289 1
207 1354 1
207 1592 1
212 2 1
212 8 1
212 15 1
212 16 1
212 18 1
212 22 1
212 26 1
212 68 1
212 94 1
212 111 1
212 115 1
212 190 1
212 197 1
212 231 1
212 257 1
212 280 1
212 294 1
212 320 1
212 340 1
212 474 1
212 1052 1
212 1078 1
212 1167 1
212 3731 1
212 4714 1
212 7017 1
226 15 1
226 45 1
226 89 1
227 6 1
227 8 1
227 41 1
227 45 1
227 94 1
227 190 1
231 2 1
231 6 1
231 15 1
231 18 1
231 22 1
231 26 1
231 34 1
231 37 1
231 72 1
231 104 1
231 123 1
231 125 1
231 136 1
231 147 1
231 197 1
231 207 1
231 294 1
231 526 1
231 561 1
231 932 1
231 1030 1
231 1052 1
231 1172 1
231 1289 1
231 2308 1
236 6 1
236 12 1
236 15 1
236 16 1
236 18 1
236 22 1
236 26 1
236 28 1
236 34 1
236 37 1
236 47 1
236 89 1
236 115 1
236 125 1
236 152 1
236 212 1
236 257 1
236 286 1
236 340 1
236 508 1
236 522 1
236 526 1
236 838 1
236 844 1
236 1063 1
236 1167 1
236 1172 1
236 1816 1
236 2299 1
236 3691 1
236 3877 1
240 15 1
240 18 1
240 37 1
240 42 1
240 104 1
240 358 1
240 532 1
241 18 1
245 8 1
245 12 1
245 15 1
245 16 1
245 18 1
245 22 1
245 30 1
245 41 1
245 45 1
245 58 1
245 72 1
245 89 1
245 94 1
245 115 1
245 125 1
245 147 1
245 315 1
245 443 1
245 474 1
245 582 1
245 838 1
245 1052 1
245 1816 1
245 1955 1
245 2609 1
245 4094 1
245 4175 1
257 2 1
257 6 1
257 9 1
257 12 1
257 18 1
257 22 1
257 26 1
257 34 1
257 41 1
257 42 1
257 46 1
257 68 1
257 69 1
257 71 1
257 89 1
257 92 1
257 94 1
257 104 1
257 115 1
257 123 1
257 136 1
257 207 1
257 227 1
257 245 1
257 299 1
257 358 1
257 371 1
257 438 1
257 474 1
257 526 1
257 532 1
257 612 1
257 623 1
257 922 1
257 932 1
257 1078 1
257 1172 1
257 1314 1
257 1879 1
257 2467 1
257 2609 1
257 3480 1
257 3607 1
257 5039 1
258 2 1
258 9 1
258 18 1
258 26 1
258 42 1
258 89 1
258 94 1
258 120 1
258 125 1
258 147 1
258 190 1
258 371 1
258 529 1
258 3829 1
271 6 1
271 15 1
271 16 1
271 18 1
271 26 1
271 94 1
271 115 1
271 126 1
271 136 1
271 340 1
271 514 1
280 22 1
280 26 1
280 299 1
280 1172 1
286 2 1
286 9 1
286 12 1
286 15 1
286 16 1
286 26 1
286 42 1
286 45 1
286 46 1
286 58 1
286 60 1
286 71 1
286 92 1
286 94 1
286 111 1
286 115 1
286 120 1
286 136 1
286 147 1
286 190 1
286 207 1
286 245 1
286 271 1
286 312 1
286 340 1
286 434 1
286 438 1
286 456 1
286 474 1
286 489 1
286 530 1
286 631 1
286 844 1
286 854 1
286 979 1
286 1052 1
286 1063 1
286 1289 1
286 1341 1
286 1355 1
286 1376 1
286 1720 1
286 2462 1
286 3552 1
286 3952 1
286 7469 1
290 2 1
290 6 1
290 8 1
290 9 1
290 12 1
290 15 1
290 16 1
290 18 1
290 22 1
290 26 1
290 34 1
290 37 1
290 41 1
290 43 1
290 45 1
290 58 1
290 71 1
290 104 1
290 123 1
290 124 1
290 125 1
290 257 1
290 286 1
290 302 1
290 312 1
290 342 1
290 474 1
290 506 1
290 844 1
290 1131 1
290 1182 1
290 1276 1
290 1341 1
290 1554 1
290 1955 1
290 2554 1
290 3261 1
290 6263 1
294 6 1
294 12 1
294 15 1
294 16 1
294 18 1
294 26 1
294 30 1
294 42 1
294 45 1
294 89 1
294 104 1
294 123 1
294 125 1
294 136 1
294 207 1
294 245 1
294 257 1
294 286 1
294 290 1
294 340 1
294 530 1
294 704 1
294 881 1
294 1085 1
294 1355 1
294 2763 1
294 4102 1
294 4714 1
299 9 1
299 12 1
299 15 1
299 16 1
299 18 1
299 22 1
299 26 1
299 28 1
299 34 1
299 37 1
299 41 1
299 45 1
299 72 1
299 74 1
299 89 1
299 104 1
299 115 1
299 124 1
299 212 1
299 231 1
299 294 1
299 340 1
299 474 1
299 844 1
299 881 1
299 892 1
299 1052 1
299 1295 1
299 1676 1
302 6 1
302 15 1
302 22 1
302 26 1
302 28 1
302 34 1
302 37 1
302 41 1
302 45 1
302 46 1
302 111 1
302 123 1
302 125 1
302 240 1
302 257 1
302 258 1
302 286 1
302 307 1
302 312 1
302 474 1
302 526 1
302 530 1
302 532 1
302 561 1
302 735 1
302 1063 1
302 1192 1
302 1295 1
302 1355 1
302 1376 1
302 2462 1
302 4868 1
302 5449 1
307 8 1
307 12 1
307 16 1
307 18 1
307 26 1
307 37 1
307 43 1
307 71 1
307 123 1
307 186 1
307 197 1
307 212 1
307 226 1
307 280 1
307 294 1
307 315 1
307 337 1
307 340 1
307 434 1
307 526 1
307 561 1
307 695 1
307 844 1
307 4330 1
312 2 1
312 8 1
312 12 1
312 15 1
312 19 1
312 22 1
312 26 1
312 28 1
312 41 1
312 42 1
312 45 1
312 58 1
312 89 1
312 104 1
312 115 1
312 119 1
312 123 1
312 257 1
312 286 1
312 315 1
312 358 1
312 735 1
312 854 1
312 879 1
312 1063 1
312 1078 1
312 1131 1
312 1276 1
312 1339 1
312 1889 1
315 2 1
315 8 1
315 12 1
315 15 1
315 16 1
315 18 1
315 22 1
315 26 1
315 41 1
315 42 1
315 71 1
315 89 1
315 115 1
315 123 1
315 124 1
315 190 1
315 197 1
315 236 1
315 286 1
315 299 1
315 333 1
315 530 1
315 623 1
315 1285 1
315 1659 1
315 3166 1
320 12 1
320 15 1
320 22 1
320 26 1
320 71 1
322 37 1
322 89 1
322 299 1
322 302 1
322 695 1
322 932 1
333 15 1
333 18 1
333 22 1
333 24 1
333 26 1
333 28 1
333 34 1
333 37 1
333 47 1
333 68 1
333 89 1
333 120 1
333 123 1
333 147 1
333 227 1
333 257 1
333 299 1
333 312 1
333 340 1
333 443 1
333 530 1
333 1131 1
333 1167 1
333 1276 1
337 37 1
337 72 1
337 89 1
337 290 1
337 1339 1
340 6 1
340 12 1
340 22 1
340 34 1
340 37 1
340 68 1
340 69 1
340 89 1
340 104 1
340 147 1
340 186 1
340 207 1
340 438 1
340 515 1
340 733 1
340 879 1
340 932 1
340 1078 1
340 1172 1
340 1314 1
340 1339 1
340 1816 1
340 2517 1
342 18 1
342 22 1
342 26 1
342 94 1
342 111 1
342 147 1
342 1172 1
348 15 1
348 16 1
348 18 1
348 19 1
348 26 1
348 45 1
348 58 1
348 94 1
348 104 1
348 115 1
348 120 1
348 271 1
348 299 1
348 474 1
348 506 1
348 515 1
358 15 1
358 16 1
358 18 1
358 22 1
358 26 1
358 41 1
358 45 1
358 46 1
358 71 1
358 94 1
358 123 1
358 152 1
358 286 1
358 312 1
358 315 1
358 489 1
358 932 1
358 1172 1
358 3552 1
358 4065 1
361 6 1
361 15 1
361 18 1
361 22 1
361 844 1
369 2 1
369 6 1
369 68 1
369 123 1
369 529 1
371 2 1
371 6 1
371 9 1
371 12 1
371 15 1
371 16 1
371 22 1
371 30 1
371 45 1
371 46 1
371 47 1
371 68 1
371 72 1
371 89 1
371 104 1
371 125 1
371 136 1
371 139 1
371 438 1
371 532 1
371 1172 1
371 2674 1
398 2 1
398 6 1
398 15 1
398 68 1
398 94 1
398 115 1
398 123 1
398 197 1
398 257 1
398 286 1
398 474 1
398 733 1
398 1192 1
398 6376 1
434 15 1
434 22 1
434 26 1
434 92 1
434 207 1
434 299 1
435 2 1
435 6 1
435 15 1
435 34 1
435 42 1
435 92 1
435 123 1
435 371 1
435 624 1
438 6 1
438 15 1
438 16 1
438 18 1
438 26 1
438 37 1
438 43 1
438 45 1
438 72 1
438 89 1
438 115 1
438 120 1
438 126 1
438 186 1
438 197 1
438 207 1
438 240 1
438 369 1
438 474 1
438 478 1
438 506 1
438 514 1
438 561 1
438 582 1
438 695 1
438 844 1
438 1167 1
438 1172 1
438 2299 1
438 2517 1
438 3750 1
443 6 1
443 12 1
443 15 1
443 18 1
443 34 1
443 58 1
443 92 1
443 94 1
443 104 1
443 111 1
443 123 1
443 227 1
443 286 1
443 340 1
443 358 1
443 474 1
443 623 1
443 735 1
443 838 1
443 881 1
443 2096 1
443 4714 1
456 2 1
456 8 1
456 15 1
456 22 1
456 37 1
456 115 1
456 123 1
456 290 1
456 529 1
456 1172 1
456 1659 1
474 6 1
474 15 1
474 16 1
474 26 1
474 37 1
474 41 1
474 42 1
474 45 1
474 46 1
474 60 1
474 71 1
474 89 1
474 119 1
474 120 1
474 124 1
474 125 1
474 136 1
474 186 1
474 190 1
474 196 1
474 231 1
474 294 1
474 299 1
474 302 1
474 312 1
474 340 1
474 358 1
474 369 1
474 438 1
474 456 1
474 489 1
474 508 1
474 514 1
474 530 1
474 548 1
474 725 1
474 932 1
474 952 1
474 1078 1
474 1089 1
474 1167 1
474 1289 1
474 1341 1
474 2653 1
474 3481 1
474 3552 1
474 3691 1
474 4269 1
474 4549 1
474 5024 1
474 5533 1
474 6376 1
478 15 1
478 18 1
478 30 1
478 41 1
478 125 1
478 236 1
478 271 1
478 474 1
489 6 1
489 15 1
489 16 1
489 18 1
489 22 1
489 28 1
489 37 1
489 290 1
489 358 1
489 514 1
489 3691 1
494 8 1
494 18 1
494 45 1
494 612 1
494 854 1
506 6 1
506 12 1
506 15 1
506 18 1
506 28 1
506 30 1
506 37 1
506 42 1
506 45 1
506 46 1
506 58 1
506 89 1
506 115 1
506 147 1
506 231 1
506 514 1
506 526 1
506 533 1
506 624 1
506 844 1
506 908 1
508 2 1
508 15 1
508 22 1
508 26 1
508 34 1
508 71 1
508 123 1
508 139 1
508 257 1
508 299 1
508 4714 1
514 2 1
514 16 1
514 18 1
514 22 1
514 26 1
514 58 1
514 69 1
514 123 1
514 125 1
514 197 1
514 258 1
514 369 1
514 548 1
514 624 1
514 932 1
514 1052 1
514 1172 1
514 2182 1
515 6 1
515 22 1
515 123 1
522 15 1
522 18 1
522 22 1
522 41 1
522 68 1
522 72 1
522 111 1
522 280 1
522 286 1
522 3261 1
526 2 1
526 12 1
526 15 1
526 16 1
526 18 1
526 22 1
526 26 1
526 28 1
526 37 1
526 68 1
526 89 1
526 94 1
526 111 1
526 123 1
526 197 1
526 236 1
526 258 1
526 280 1
526 286 1
526 322 1
526 340 1
526 474 1
526 506 1
526 508 1
526 653 1
526 725 1
526 854 1
526 1339 1
526 1554 1
526 2738 1
526 4146 1
529 15 1
529 18 1
529 22 1
529 26 1
529 71 1
529 104 1
529 115 1
529 123 1
529 312 1
529 443 1
529 530 1
529 844 1
529 1326 1
530 15 1
530 16 1
530 18 1
530 22 1
530 26 1
530 30 1
530 47 1
530 71 1
530 124 1
530 212 1
530 236 1
530 257 1
530 340 1
530 1172 1
532 18 1
532 26 1
532 30 1
532 45 1
532 104 1
532 286 1
532 340 1
533 22 1
533 294 1
533 312 1
540 15 1
540 16 1
540 22 1
540 45 1
540 89 1
540 125 1
540 240 1
540 299 1
548 15 1
548 22 1
548 258 1
548 312 1
548 838 1
548 1355 1
561 2 1
561 8 1
561 15 1
561 26 1
561 34 1
561 37 1
561 41 1
561 42 1
561 45 1
561 58 1
561 89 1
561 92 1
561 115 1
561 126 1
561 136 1
561 152 1
561 236 1
561 286 1
561 294 1
561 312 1
561 337 1
561 371 1
561 624 1
561 735 1
561 854 1
561 932 1
561 1063 1
561 1120 1
561 1182 1
561 1659 1
561 2966 1
561 4515 1
582 6 1
582 12 1
582 15 1
582 16 1
582 18 1
582 22 1
582 26 1
582 28 1
582 30 1
582 34 1
582 37 1
582 42 1
582 69 1
582 71 1
582 89 1
582 115 1
582 119 1
582 120 1
582 123 1
582 152 1
582 271 1
582 280 1
582 299 1
582 371 1
582 438 1
582 456 1
582 474 1
582 489 1
582 506 1
582 533 1
582 685 1
582 718 1
582 735 1
582 803 1
582 844 1
582 942 1
582 1085 1
582 1131 1
582 1289 1
582 1617 1
582 2299 1
582 2966 1
582 3552 1
612 15 1
612 16 1
612 22 1
612 190 1
612 474 1
612 529 1
623 16 1
623 26 1
623 28 1
624 6 1
624 9 1
624 15 1
624 16 1
624 18 1
624 22 1
624 26 1
624 37 1
624 45 1
624 72 1
624 115 1
624 147 1
624 207 1
624 245 1
624 280 1
624 290 1
624 322 1
624 435 1
624 803 1
624 2308 1
624 2467 1
631 18 1
631 548 1
633 6 1
633 12 1
633 18 1
633 71 1
633 89 1
633 290 1
653 2 1
653 9 1
653 15 1
653 16 1
653 22 1
653 25 1
653 45 1
653 71 1
653 99 1
653 104 1
653 124 1
653 125 1
653 1063 1
653 1326 1
653 1341 1
685 6 1
685 12 1
685 15 1
685 16 1
685 18 1
685 26 1
685 37 1
685 41 1
685 72 1
685 91 1
685 147 1
685 337 1
685 348 1
685 434 1
685 704 1
685 2866 1
685 6376 1
695 30 1
695 89 1
695 227 1
695 236 1
695 733 1
704 15 1
704 22 1
704 212 1
714 15 1
714 3552 1
718 337 1
725 2 1
725 15 1
725 26 1
725 37 1
725 41 1
725 68 1
725 69 1
725 89 1
725 124 1
725 190 1
725 280 1
725 286 1
725 348 1
725 653 1
725 735 1
725 803 1
725 903 1
725 1089 1
725 1192 1
725 2303 1
725 3607 1
725 3857 1
725 4818 1
733 6 1
733 12 1
733 16 1
733 22 1
733 115 1
733 120 1
733 624 1
735 15 1
735 16 1
735 45 1
735 120 1
735 286 1
735 340 1
735 489 1
735 529 1
735 561 1
735 844 1
735 1289 1
735 1355 1
735 4065 1
765 2 1
765 18 1
765 25 1
765 26 1
765 231 1
765 294 1
765 932 1
765 4714 1
801 6 1
801 16 1
801 43 1
801 45 1
801 46 1
801 58 1
801 71 1
801 104 1
801 115 1
801 120 1
801 280 1
801 438 1
801 1089 1
801 1376 1
803 6 1
803 15 1
803 18 1
803 26 1
803 45 1
803 68 1
803 69 1
803 89 1
803 231 1
838 16 1
838 24 1
838 26 1
838 28 1
838 34 1
838 41 1
838 46 1
838 68 1
838 71 1
838 89 1
838 115 1
838 231 1
838 236 1
838 271 1
838 474 1
844 2 1
844 6 1
844 18 1
844 26 1
844 28 1
844 68 1
844 71 1
844 72 1
844 89 1
844 104 1
844 207 1
844 236 1
844 240 1
844 257 1
844 290 1
844 294 1
844 312 1
844 333 1
844 358 1
844 443 1
844 526 1
844 540 1
844 653 1
844 735 1
844 1063 1
844 1131 1
844 2866 1
854 6 1
854 15 1
854 26 1
854 46 1
854 47 1
854 92 1
854 231 1
854 312 1
879 2 1
879 12 1
879 16 1
879 18 1
879 26 1
879 58 1
879 71 1
879 89 1
879 120 1
879 236 1
879 348 1
879 443 1
879 561 1
879 653 1
879 1120 1
879 1131 1
879 1172 1
879 2682 1
881 2 1
881 71 1
881 231 1
881 280 1
881 299 1
886 18 1
886 26 1
888 12 1
888 15 1
888 18 1
888 22 1
888 34 1
888 104 1
888 111 1
888 1341 1
892 22 1
892 30 1
892 299 1
892 844 1
903 2 1
903 6 1
903 68 1
903 72 1
903 104 1
903 120 1
903 125 1
903 190 1
908 15 1
908 26 1
908 42 1
908 89 1
908 94 1
908 111 1
908 115 1
908 271 1
908 294 1
908 438 1
908 530 1
922 22 1
932 2 1
932 6 1
932 18 1
932 22 1
932 46 1
932 89 1
932 322 1
932 456 1
932 508 1
932 1345 1
932 4714 1
932 5921 1
942 15 1
942 18 1
942 58 1
942 506 1
952 1289 1
979 26 1
979 28 1
979 1052 1
1030 18 1
1030 26 1
1052 2 1
1052 6 1
1052 8 1
1052 12 1
1052 16 1
1052 18 1
1052 26 1
1052 46 1
1052 120 1
1052 271 1
1052 299 1
1052 443 1
1052 735 1
1052 803 1
1052 888 1
1052 1120 1
1052 1167 1
1052 1188 1
1063 2 1
1063 6 1
1063 15 1
1063 18 1
1063 22 1
1063 30 1
1063 37 1
1063 58 1
1063 68 1
1063 71 1
1063 94 1
1063 104 1
1063 111 1
1063 123 1
1063 125 1
1063 236 1
1063 312 1
1063 340 1
1063 358 1
1063 624 1
1078 15 1
1078 115 1
1085 12 1
1085 16 1
1085 125 1
1085 320 1
1085 526 1
1085 2517 1
1089 2 1
1089 6 1
1089 18 1
1089 22 1
1089 26 1
1089 45 1
1089 68 1
1089 89 1
1089 94 1
1089 286 1
1089 1295 1
1089 3166 1
1120 18 1
1120 26 1
1120 58 1
1120 111 1
1120 197 1
1120 294 1
1120 371 1
1120 474 1
1131 6 1
1131 8 1
1131 9 1
1131 15 1
1131 25 1
1131 37 1
1131 41 1
1131 71 1
1131 89 1
1131 92 1
1131 94 1
1131 104 1
1131 111 1
1131 120 1
1131 257 1
1131 286 1
1131 294 1
1131 299 1
1131 302 1
1131 340 1
1131 438 1
1131 489 1
1131 623 1
1131 803 1
1131 1339 1
1131 3963 1
1166 37 1
1166 115 1
1166 125 1
1167 12 1
1167 15 1
1167 22 1
1167 37 1
1167 69 1
1167 115 1
1172 2 1
1172 18 1
1172 28 1
1172 46 1
1172 71 1
1172 104 1
1172 115 1
1172 231 1
1172 358 1
1172 489 1
1172 1339 1
1182 15 1
1182 22 1
1182 286 1
1182 514 1
1182 2738 1
1188 16 1
1188 18 1
1188 26 1
1188 68 1
1188 1339 1
1192 8 1
1192 12 1
1192 15 1
1192 28 1
1192 43 1
1192 68 1
1192 74 1
1192 522 1
1192 526 1
1192 653 1
1192 1659 1
1228 15 1
1228 68 1
1270 22 1
1276 15 1
1276 16 1
1276 18 1
1276 22 1
1276 42 1
1276 120 1
1276 190 1
1276 197 1
1276 294 1
1276 624 1
1276 844 1
1285 2 1
1285 18 1
1285 704 1
1285 1063 1
1289 6 1
1289 22 1
1289 26 1
1289 45 1
1289 58 1
1289 104 1
1289 123 1
1289 548 1
1289 1063 1
1289 1172 1
1293 18 1
1293 26 1
1293 290 1
1293 1376 1
1293 3552 1
1295 15 1
1295 16 1
1295 18 1
1314 22 1
1314 28 1
1314 58 1
1326 2 1
1326 16 1
1326 28 1
1326 37 1
1326 125 1
1326 197 1
1326 312 1
1326 561 1
1339 6 1
1339 15 1
1339 22 1
1339 34 1
1339 45 1
1339 71 1
1339 120 1
1339 123 1
1339 125 1
1339 299 1
1339 371 1
1339 1172 1
1339 4402 1
1341 12 1
1341 15 1
1341 28 1
1341 89 1
1341 207 1
1341 245 1
1341 312 1
1341 506 1
1341 1554 1
1341 3301 1
1345 42 1
1345 508 1
1345 561 1
1345 1192 1
1354 22 1
1355 15 1
1355 22 1
1355 26 1
1355 74 1
1355 94 1
1355 115 1
1355 227 1
1355 280 1
1355 290 1
1355 803 1
1355 886 1
1376 2 1
1376 15 1
1376 22 1
1376 26 1
1376 28 1
1376 45 1
1376 72 1
1376 94 1
1376 123 1
1376 125 1
1376 290 1
1376 438 1
1376 514 1
1376 1293 1
1398 115 1
1469 94 1
1510 6 1
1510 15 1
1510 22 1
1510 26 1
1510 197 1
1510 257 1
1510 474 1
1510 1889 1
1510 2096 1
1554 26 1
1554 41 1
1554 45 1
1554 68 1
1554 71 1
1554 74 1
1554 147 1
1554 333 1
1554 529 1
1554 1052 1
1559 6 1
1559 8 1
1559 22 1
1559 28 1
1561 15 1
1561 18 1
1561 22 1
1561 147 1
1561 152 1
1561 685 1
1592 22 1
1592 26 1
1592 240 1
1603 15 1
1603 16 1
1617 18 1
1617 22 1
1617 26 1
1617 28 1
1617 526 1
1617 1188 1
1647 68 1
1647 94 1
1659 2 1
1659 6 1
1659 15 1
1659 22 1
1659 68 1
1659 489 1
1659 6362 1
1676 72 1
1720 94 1
1720 302 1
1738 18 1
1793 26 1
1793 152 1
1793 371 1
1793 2343 1
1793 3815 1
1816 45 1
1816 71 1
1816 371 1
1879 15 1
1879 22 1
1879 26 1
1879 1063 1
1889 2 1
1889 15 1
1889 18 1
1889 22 1
1889 26 1
1889 41 1
1889 115 1
1889 844 1
1889 1089 1
1889 2303 1
1955 18 1
1955 71 1
1986 474 1
2040 34 1
2048 15 1
2048 18 1
2048 22 1
2048 26 1
2048 68 1
2048 231 1
2096 15 1
2096 115 1
2096 312 1
2096 2197 1
2140 15 1
2140 34 1
2140 286 1
2140 371 1
2140 1293 1
2141 561 1
2182 18 1
2182 197 1
2197 6 1
2197 42 1
2197 5024 1
2299 12 1
2299 15 1
2299 22 1
2299 26 1
2299 71 1
2299 125 1
2299 280 1
2299 1172 1
2299 1341 1
2303 8 1
2303 18 1
2303 26 1
2303 115 1
2303 190 1
2303 1078 1
2305 42 1
2308 6 1
2308 42 1
2308 46 1
2308 68 1
2308 94 1
2308 120 1
2308 197 1
2308 212 1
2308 879 1
2308 908 1
2308 4330 1
2343 1314 1
2405 6 1
2405 18 1
2405 94 1
2405 125 1
2405 245 1
2405 561 1
2462 18 1
2467 12 1
2467 15 1
2467 42 1
2467 474 1
2467 3750 1
2490 15 1
2490 26 1
2490 37 1
2490 89 1
2490 358 1
2517 45 1
2554 15 1
2554 94 1
2554 123 1
2554 257 1
2554 456 1
2554 474 1
2554 494 1
2566 111 1
2573 12 1
2573 456 1
2573 474 1
2592 15 1
2592 22 1
2592 104 1
2592 111 1
2592 125 1
2597 22 1
2609 15 1
2609 16 1
2609 22 1
2609 94 1
2609 231 1
2612 2 1
2612 18 1
2653 46 1
2674 26 1
2674 58 1
2674 125 1
2674 147 1
2674 240 1
2674 290 1
2682 28 1
2682 290 1
2682 1052 1
2738 37 1
2738 47 1
2738 290 1
2738 903 1
2763 15 1
2763 22 1
2763 340 1
2866 22 1
2866 271 1
2866 333 1
2966 19 1
2966 115 1
3108 18 1
3108 120 1
3163 22 1
3163 28 1
3163 3261 1
3166 18 1
3166 22 1
3166 28 1
3261 16 1
3261 18 1
3261 22 1
3301 22 1
3480 245 1
3552 22 1
3552 26 1
3552 28 1
3552 45 1
3552 5921 1
3596 8 1
3596 12 1
3596 16 1
3596 18 1
3596 45 1
3606 46 1
3606 72 1
3607 26 1
3607 28 1
3691 15 1
3691 18 1
3691 522 1
3731 16 1
3731 26 1
3731 456 1
3731 474 1
3750 6 1
3750 15 1
3750 68 1
3750 71 1
3750 92 1
3750 115 1
3750 120 1
3750 515 1
3815 26 1
3815 125 1
3829 888 1
3857 15 1
3857 68 1
3857 69 1
3857 89 1
3877 16 1
3878 47 1
3878 68 1
3952 312 1
3963 15 1
3963 18 1
3963 89 1
3963 932 1
4065 22 1
4065 94 1
4094 26 1
4102 68 1
4102 94 1
4102 322 1
4102 522 1
4146 15 1
4146 16 1
4146 22 1
4146 26 1
4146 2674 1
4166 15 1
4175 186 1
4176 16 1
4330 22 1
4402 18 1
4435 16 1
4437 41 1
4437 71 1
4549 22 1
4549 92 1
4549 1063 1
4644 45 1
4644 94 1
4714 18 1
4714 197 1
4714 286 1
4714 290 1
4714 320 1
4714 735 1
4818 71 1
4818 89 1
4820 18 1
4820 37 1
4827 12 1
4843 16 1
4843 104 1
4868 18 1
4868 22 1
4868 299 1
4877 71 1
5007 89 1
5039 18 1
5101 16 1
5280 22 1
5280 72 1
5340 18 1
5406 15 1
5406 22 1
5406 26 1
5406 45 1
5406 111 1
5406 115 1
5406 136 1
5406 286 1
5406 474 1
5406 1659 1
5409 1879 1
5449 16 1
5457 16 1
5480 18 1
5518 89 1
5518 1089 1
5533 26 1
5533 115 1
5750 12 1
5921 15 1
5921 16 1
5921 18 1
5921 26 1
5921 42 1
5921 434 1
5921 489 1
5921 1293 1
5938 18 1
5938 104 1
5976 2 1
5987 15 1
6019 71 1
6068 1120 1
6152 68 1
6152 89 1
6152 104 1
6226 12 1
6263 18 1
6263 26 1
6263 123 1
6263 286 1
6263 312 1
6362 71 1
6362 89 1
6376 12 1
6376 46 1
6381 22 1
6598 111 1
6660 15 1
6673 22 1
6673 26 1
6673 443 1
6703 16 1
7143 6 1
7143 37 1
7154 26 1
7294 474 1
7340 207 1
7419 6 1
7452 111 1
7469 22 1
7683 197 1
