2 6 1
2 8 1
2 9 1
2 12 1
2 15 1
2 18 1
2 22 1
2 28 1
2 42 1
2 68 1
2 94 1
2 115 1
2 123 1
2 126 1
2 136 1
2 147 1
2 197 1
2 212 1
2 257 1
2 290 1
2 315 1
2 320 1
2 348 1
2 369 1
2 435 1
2 438 1
2 526 1
2 653 1
2 725 1
2 801 1
2 844 1
2 854 1
2 908 1
2 1172 1
2 1192 1
2 1293 1
2 1339 1
2 1341 1
2 1355 1
2 1554 1
2 2554 1
2 3261 1
2 3963 1
2 4094 1
2 5406 1
2 7017 1
6 2 1
6 9 1
6 12 1
6 15 1
6 18 1
6 25 1
6 26 1
6 28 1
6 30 1
6 33 1
6 34 1
6 37 1
6 41 1
6 42 1
6 45 1
6 47 1
6 69 1
6 71 1
6 72 1
6 89 1
6 92 1
6 104 1
6 111 1
6 115 1
6 120 1
6 125 1
6 136 1
6 152 1
6 190 1
6 207 1
6 236 1
6 257 1
6 258 1
6 286 1
6 290 1
6 299 1
6 312 1
6 320 1
6 340 1
6 342 1
6 348 1
6 371 1
6 438 1
6 443 1
6 474 1
6 494 1
6 508 1
6 529 1
6 540 1
6 561 1
6 582 1
6 623 1
6 838 1
6 844 1
6 854 1
6 922 1
6 932 1
6 1078 1
6 1089 1
6 1131 1
6 1172 1
6 1289 1
6 1341 1
6 1376 1
6 1793 1
6 2303 1
6 2462 1
6 3166 1
6 3261 1
6 3691 1
6 3750 1
8 2 1
8 15 1
8 18 1
8 25 1
8 28 1
8 30 1
8 33 1
8 34 1
8 37 1
8 58 1
8 89 1
8 92 1
8 104 1
8 136 1
8 271 1
8 286 1
8 361 1
8 474 1
8 561 1
8 1355 1
8 3815 1
8 5406 1
9 8 1
9 16 1
9 22 1
9 26 1
9 34 1
9 41 1
9 45 1
9 94 1
9 186 1
9 212 1
9 340 1
9 474 1
9 529 1
9 801 1
9 908 1
9 1120 1
9 1355 1
9 1554 1
9 3691 1
12 9 1
12 15 1
12 18 1
12 19 1
12 26 1
12 28 1
12 30 1
12 41 1
12 42 1
12 45 1
12 46 1
12 47 1
12 71 1
12 72 1
12 94 1
12 115 1
12 125 1
12 147 1
12 152 1
12 197 1
12 257 1
12 271 1
12 280 1
12 312 1
12 333 1
12 371 1
12 582 1
12 624 1
12 631 1
12 653 1
12 725 1
12 801 1
12 932 1
12 979 1
12 1030 1
12 1063 1
12 1120 1
12 1131 1
12 1188 1
12 1554 1
12 1659 1
12 2096 1
12 2467 1
12 3552 1
12 3857 1
12 3963 1
12 4146 1
15 6 1
15 8 1
15 9 1
15 18 1
15 22 1
15 37 1
15 41 1
15 42 1
15 45 1
15 46 1
15 68 1
15 69 1
15 72 1
15 94 1
15 104 1
15 111 1
15 115 1
15 124 1
15 139 1
15 147 1
15 152 1
15 207 1
15 212 1
15 226 1
15 236 1
15 240 1
15 257 1
15 290 1
15 302 1
15 312 1
15 320 1
15 358 1
15 435 1
15 438 1
15 443 1
15 456 1
15 478 1
15 514 1
15 526 1
15 624 1
15 685 1
15 735 1
15 765 1
15 801 1
15 803 1
15 908 1
15 932 1
15 1052 1
15 1063 1
15 1131 1
15 1289 1
15 1295 1
15 1326 1
15 1339 1
15 1376 1
15 1561 1
15 1592 1
15 2048 1
15 2096 1
15 2141 1
15 2303 1
15 2612 1
15 2866 1
15 3261 1
15 3607 1
15 4094 1
15 4146 1
15 4714 1
15 5406 1
16 2 1
16 6 1
16 12 1
16 15 1
16 18 1
16 19 1
16 22 1
16 24 1
16 26 1
16 30 1
16 33 1
16 34 1
16 37 1
16 41 1
16 42 1
16 46 1
16 47 1
16 68 1
16 71 1
16 72 1
16 74 1
16 83 1
16 89 1
16 111 1
16 115 1
16 120 1
16 125 1
16 126 1
16 136 1
16 139 1
16 147 1
16 152 1
16 186 1
16 190 1
16 191 1
16 197 1
16 207 1
16 212 1
16 231 1
16 241 1
16 245 1
16 257 1
16 271 1
16 280 1
16 286 1
16 294 1
16 299 1
16 302 1
16 307 1
16 312 1
16 315 1
16 348 1
16 361 1
16 369 1
16 371 1
16 438 1
16 443 1
16 474 1
16 478 1
16 506 1
16 508 1
16 514 1
16 515 1
16 526 1
16 529 1
16 530 1
16 532 1
16 540 1
16 561 1
16 633 1
16 695 1
16 704 1
16 725 1
16 733 1
16 735 1
16 844 1
16 881 1
16 886 1
16 892 1
16 908 1
16 922 1
16 942 1
16 1052 1
16 1063 1
16 1085 1
16 1089 1
16 1131 1
16 1172 1
16 1182 1
16 1276 1
16 1285 1
16 1314 1
16 1326 1
16 1336 1
16 1341 1
16 1354 1
16 1376 1
16 1398 1
16 1554 1
16 1559 1
16 1659 1
16 1676 1
16 1691 1
16 1738 1
16 1816 1
16 1879 1
16 2197 1
16 2305 1
16 2462 1
16 2467 1
16 2517 1
16 2554 1
16 2597 1
16 2609 1
16 2966 1
16 3108 1
16 3166 1
16 3375 1
16 3552 1
16 3731 1
16 3750 1
16 3815 1
16 4102 1
16 4269 1
16 4402 1
16 4435 1
16 4644 1
16 4827 1
16 4868 1
16 5039 1
16 5227 1
16 5280 1
16 5518 1
16 5938 1
16 5976 1
16 6152 1
16 6660 1
16 7452 1
16 7683 1
18 6 1
18 9 1
18 12 1
18 15 1
18 19 1
18 22 1
18 25 1
18 26 1
18 28 1
18 34 1
18 37 1
18 42 1
18 43 1
18 45 1
18 46 1
18 68 1
18 71 1
18 72 1
18 91 1
18 92 1
18 94 1
18 104 1
18 111 1
18 115 1
18 120 1
18 124 1
18 125 1
18 147 1
18 152 1
18 190 1
18 207 1
18 212 1
18 231 1
18 236 1
18 245 1
18 257 1
18 286 1
18 294 1
18 299 1
18 302 1
18 320 1
18 340 1
18 342 1
18 348 1
18 358 1
18 369 1
18 371 1
18 434 1
18 435 1
18 438 1
18 443 1
18 474 1
18 478 1
18 489 1
18 494 1
18 508 1
18 515 1
18 522 1
18 526 1
18 530 1
18 561 1
18 624 1
18 653 1
18 695 1
18 704 1
18 733 1
18 735 1
18 844 1
18 854 1
18 881 1
18 888 1
18 892 1
18 908 1
18 922 1
18 932 1
18 942 1
18 1052 1
18 1063 1
18 1078 1
18 1131 1
18 1167 1
18 1172 1
18 1276 1
18 1293 1
18 1295 1
18 1354 1
18 1376 1
18 1398 1
18 1561 1
18 1879 1
18 1889 1
18 2140 1
18 2197 1
18 2299 1
18 2405 1
18 2467 1
18 2490 1
18 2517 1
18 2554 1
18 2738 1
18 2763 1
18 2966 1
18 3261 1
18 3552 1
18 3963 1
18 4146 1
18 4176 1
18 4269 1
18 4330 1
18 4714 1
18 4827 1
18 4843 1
18 5406 1
18 5750 1
18 5921 1
18 6376 1
19 15 1
19 18 1
19 26 1
19 37 1
19 45 1
19 526 1
22 2 1
22 6 1
22 8 1
22 12 1
22 18 1
22 19 1
22 26 1
22 28 1
22 30 1
22 37 1
22 42 1
22 43 1
22 45 1
22 46 1
22 47 1
22 60 1
22 68 1
22 69 1
22 71 1
22 72 1
22 83 1
22 89 1
22 94 1
22 104 1
22 111 1
22 115 1
22 119 1
22 120 1
22 123 1
22 125 1
22 126 1
22 139 1
22 147 1
22 152 1
22 186 1
22 190 1
22 196 1
22 207 1
22 212 1
22 231 1
22 236 1
22 240 1
22 245 1
22 257 1
22 280 1
22 290 1
22 299 1
22 312 1
22 315 1
22 320 1
22 322 1
22 333 1
22 340 1
22 342 1
22 358 1
22 369 1
22 435 1
22 438 1
22 443 1
22 456 1
22 474 1
22 478 1
22 489 1
22 506 1
22 508 1
22 515 1
22 522 1
22 529 1
22 530 1
22 532 1
22 533 1
22 548 1
22 561 1
22 612 1
22 623 1
22 624 1
22 631 1
22 633 1
22 695 1
22 704 1
22 733 1
22 735 1
22 765 1
22 801 1
22 838 1
22 854 1
22 879 1
22 881 1
22 922 1
22 979 1
22 1052 1
22 1063 1
22 1078 1
22 1085 1
22 1089 1
22 1120 1
22 1131 1
22 1167 1
22 1172 1
22 1182 1
22 1276 1
22 1285 1
22 1289 1
22 1293 1
22 1295 1
22 1314 1
22 1339 1
22 1341 1
22 1355 1
22 1376 1
22 1469 1
22 1510 1
22 1554 1
22 1559 1
22 1561 1
22 1592 1
22 1659 1
22 1720 1
22 1816 1
22 1955 1
22 2096 1
22 2197 1
22 2343 1
22 2405 1
22 2517 1
22 2554 1
22 2573 1
22 2763 1
22 2866 1
22 3166 1
22 3552 1
22 3691 1
22 3731 1
22 3952 1
22 4094 1
22 4102 1
22 4146 1
22 4330 1
22 4402 1
22 4515 1
22 4643 1
22 5227 1
22 5280 1
22 5406 1
22 5518 1
22 6068 1
22 6226 1
22 6376 1
22 6598 1
22 6703 1
22 7017 1
22 7154 1
22 7419 1
22 7452 1
22 7469 1
24 12 1
24 22 1
24 47 1
24 111 1
24 147 1
24 474 1
24 1676 1
24 2308 1
25 2 1
25 8 1
25 15 1
25 18 1
25 22 1
25 34 1
25 46 1
25 71 1
25 123 1
25 320 1
25 337 1
25 803 1
25 844 1
25 1089 1
25 1172 1
25 1314 1
25 1354 1
25 2462 1
26 2 1
26 8 1
26 9 1
26 12 1
26 15 1
26 28 1
26 30 1
26 34 1
26 37 1
26 41 1
26 46 1
26 58 1
26 60 1
26 68 1
26 69 1
26 71 1
26 89 1
26 92 1
26 123 1
26 125 1
26 126 1
26 136 1
26 147 1
26 190 1
26 197 1
26 212 1
26 236 1
26 245 1
26 271 1
26 280 1
26 299 1
26 302 1
26 312 1
26 315 1
26 358 1
26 438 1
26 443 1
26 489 1
26 508 1
26 515 1
26 522 1
26 526 1
26 529 1
26 530 1
26 548 1
26 561 1
26 623 1
26 624 1
26 714 1
26 725 1
26 803 1
26 844 1
26 879 1
26 881 1
26 888 1
26 903 1
26 1052 1
26 1078 1
26 1131 1
26 1167 1
26 1172 1
26 1182 1
26 1188 1
26 1192 1
26 1289 1
26 1339 1
26 1341 1
26 1376 1
26 1647 1
26 2299 1
26 2405 1
26 2467 1
26 2517 1
26 2674 1
26 3108 1
26 3166 1
26 3552 1
26 3750 1
26 4330 1
26 4818 1
26 6226 1
28 2 1
28 6 1
28 9 1
28 12 1
28 15 1
28 16 1
28 18 1
28 24 1
28 26 1
28 37 1
28 41 1
28 43 1
28 45 1
28 58 1
28 60 1
28 68 1
28 69 1
28 71 1
28 72 1
28 91 1
28 115 1
28 119 1
28 125 1
28 126 1
28 136 1
28 139 1
28 147 1
28 152 1
28 190 1
28 227 1
28 231 1
28 236 1
28 258 1
28 271 1
28 286 1
28 290 1
28 307 1
28 322 1
28 337 1
28 340 1
28 348 1
28 371 1
28 438 1
28 443 1
28 478 1
28 506 1
28 508 1
28 515 1
28 522 1
28 529 1
28 530 1
28 532 1
28 561 1
28 735 1
28 881 1
28 903 1
28 1052 1
28 1063 1
28 1089 1
28 1120 1
28 1131 1
28 1167 1
28 1172 1
28 1289 1
28 1376 1
28 1617 1
28 1659 1
28 1889 1
28 2517 1
28 3607 1
28 4065 1
28 4102 1
28 4435 1
28 4549 1
28 4714 1
28 5039 1
28 5457 1
28 5518 1
28 5533 1
28 5866 1
28 5921 1
28 5987 1
28 7419 1
30 2 1
30 15 1
30 16 1
30 18 1
30 22 1
30 26 1
30 43 1
30 45 1
30 46 1
30 58 1
30 68 1
30 69 1
30 72 1
30 89 1
30 92 1
30 104 1
30 111 1
30 115 1
30 120 1
30 125 1
30 147 1
30 186 1
30 190 1
30 191 1
30 197 1
30 227 1
30 240 1
30 299 1
30 312 1
30 340 1
30 342 1
30 369 1
30 434 1
30 456 1
30 530 1
30 533 1
30 624 1
30 685 1
30 735 1
30 838 1
30 903 1
30 1063 1
30 1085 1
30 1089 1
30 1131 1
30 1276 1
30 1469 1
30 2096 1
30 2517 1
30 3691 1
30 6263 1
33 18 1
33 58 1
34 12 1
34 16 1
34 18 1
34 22 1
34 26 1
34 30 1
34 37 1
34 41 1
34 42 1
34 58 1
34 68 1
34 69 1
34 89 1
34 94 1
34 104 1
34 115 1
34 124 1
34 126 1
34 152 1
34 190 1
34 191 1
34 231 1
34 245 1
34 299 1
34 322 1
34 340 1
34 358 1
34 474 1
34 514 1
34 532 1
34 561 1
34 844 1
34 854 1
34 903 1
34 908 1
34 932 1
34 1131 1
34 1339 1
34 2303 1
34 2866 1
34 3480 1
34 3750 1
34 4644 1
37 6 1
37 8 1
37 12 1
37 15 1
37 16 1
37 18 1
37 19 1
37 22 1
37 26 1
37 28 1
37 41 1
37 42 1
37 45 1
37 46 1
37 68 1
37 71 1
37 89 1
37 92 1
37 104 1
37 111 1
37 115 1
37 123 1
37 124 1
37 125 1
37 136 1
37 147 1
37 207 1
37 271 1
37 280 1
37 290 1
37 294 1
37 299 1
37 302 1
37 371 1
37 456 1
37 474 1
37 489 1
37 514 1
37 526 1
37 532 1
37 932 1
37 1188 1
37 1192 1
37 1341 1
37 1376 1
37 1793 1
37 2467 1
37 2682 1
37 4820 1
41 8 1
41 16 1
41 18 1
41 22 1
41 26 1
41 28 1
41 30 1
41 34 1
41 45 1
41 71 1
41 104 1
41 120 1
41 231 1
41 257 1
41 280 1
41 290 1
41 294 1
41 299 1
41 348 1
41 371 1
41 435 1
41 612 1
41 801 1
41 844 1
41 854 1
41 888 1
41 932 1
41 1052 1
41 1293 1
41 2554 1
41 3481 1
42 18 1
42 26 1
42 28 1
42 30 1
42 47 1
42 68 1
42 72 1
42 89 1
42 94 1
42 104 1
42 111 1
42 115 1
42 207 1
42 280 1
42 286 1
42 312 1
42 322 1
42 337 1
42 340 1
42 358 1
42 456 1
42 474 1
42 529 1
42 733 1
42 932 1
42 2517 1
43 15 1
43 16 1
43 19 1
43 22 1
43 26 1
43 28 1
43 37 1
43 68 1
43 71 1
43 89 1
43 94 1
43 111 1
43 120 1
43 197 1
43 207 1
43 231 1
43 299 1
43 312 1
43 337 1
43 348 1
43 358 1
43 474 1
43 532 1
43 561 1
43 718 1
43 735 1
43 765 1
43 838 1
43 854 1
43 879 1
43 888 1
43 1192 1
43 4818 1
45 2 1
45 6 1
45 12 1
45 16 1
45 22 1
45 25 1
45 26 1
45 28 1
45 37 1
45 41 1
45 42 1
45 43 1
45 46 1
45 68 1
45 94 1
45 111 1
45 125 1
45 136 1
45 147 1
45 197 1
45 231 1
45 236 1
45 280 1
45 286 1
45 290 1
45 299 1
45 312 1
45 333 1
45 435 1
45 438 1
45 443 1
45 456 1
45 474 1
45 478 1
45 508 1
45 530 1
45 548 1
45 582 1
45 624 1
45 653 1
45 704 1
45 735 1
45 838 1
45 854 1
45 879 1
45 932 1
45 1063 1
45 1089 1
45 1172 1
45 1295 1
45 1326 1
45 1345 1
45 1376 1
45 1889 1
45 2554 1
45 2566 1
45 2612 1
45 3166 1
45 3878 1
45 6263 1
45 6673 1
46 2 1
46 8 1
46 15 1
46 18 1
46 25 1
46 26 1
46 34 1
46 37 1
46 45 1
46 58 1
46 89 1
46 94 1
46 104 1
46 111 1
46 119 1
46 123 1
46 124 1
46 190 1
46 197 1
46 231 1
46 236 1
46 245 1
46 286 1
46 312 1
46 315 1
46 348 1
46 474 1
46 526 1
46 530 1
46 561 1
46 695 1
46 714 1
46 735 1
46 854 1
46 1052 1
46 1078 1
46 1166 1
46 1341 1
46 1659 1
46 2490 1
46 3552 1
46 4714 1
46 5024 1
47 2 1
47 15 1
47 26 1
47 68 1
47 94 1
47 125 1
47 227 1
47 236 1
47 280 1
47 312 1
47 879 1
47 881 1
47 1120 1
58 2 1
58 6 1
58 8 1
58 12 1
58 15 1
58 16 1
58 18 1
58 22 1
58 25 1
58 26 1
58 41 1
58 42 1
58 45 1
58 60 1
58 68 1
58 71 1
58 89 1
58 92 1
58 111 1
58 115 1
58 124 1
58 125 1
58 231 1
58 257 1
58 280 1
58 286 1
58 294 1
58 302 1
58 315 1
58 358 1
58 371 1
58 434 1
58 443 1
58 506 1
58 508 1
58 514 1
58 526 1
58 561 1
58 704 1
58 733 1
58 735 1
58 908 1
58 1052 1
58 1131 1
58 1172 1
58 1192 1
58 1285 1
58 1889 1
58 2040 1
58 2303 1
58 2462 1
58 2554 1
58 2763 1
58 3952 1
58 4330 1
58 4437 1
58 4843 1
60 15 1
60 16 1
60 22 1
60 89 1
60 111 1
60 123 1
60 125 1
60 231 1
60 245 1
60 286 1
60 526 1
60 838 1
60 1120 1
68 2 1
68 6 1
68 15 1
68 18 1
68 19 1
68 26 1
68 30 1
68 34 1
68 37 1
68 41 1
68 46 1
68 58 1
68 71 1
68 94 1
68 120 1
68 124 1
68 125 1
68 147 1
68 152 1
68 186 1
68 190 1
68 207 1
68 212 1
68 240 1
68 271 1
68 286 1
68 294 1
68 315 1
68 322 1
68 337 1
68 340 1
68 348 1
68 369 1
68 371 1
68 434 1
68 456 1
68 474 1
68 478 1
68 508 1
68 529 1
68 530 1
68 533 1
68 561 1
68 612 1
68 623 1
68 624 1
68 653 1
68 695 1
68 765 1
68 903 1
68 979 1
68 1131 1
68 1166 1
68 1172 1
68 1293 1
68 1314 1
68 1339 1
68 1554 1
68 1617 1
68 2308 1
68 2674 1
68 3552 1
68 3731 1
68 3950 1
68 5921 1
68 6376 1
69 12 1
69 16 1
69 18 1
69 26 1
69 42 1
69 46 1
69 104 1
69 136 1
69 299 1
69 333 1
69 533 1
69 1339 1
71 2 1
71 6 1
71 9 1
71 12 1
71 15 1
71 18 1
71 26 1
71 37 1
71 42 1
71 45 1
71 58 1
71 72 1
71 111 1
71 115 1
71 120 1
71 126 1
71 136 1
71 186 1
71 197 1
71 207 1
71 286 1
71 290 1
71 294 1
71 315 1
71 474 1
71 489 1
71 508 1
71 515 1
71 522 1
71 529 1
71 561 1
71 633 1
71 704 1
71 733 1
71 881 1
71 1052 1
71 1063 1
71 1078 1
71 1085 1
71 1120 1
71 1167 1
71 1355 1
71 1554 1
71 1592 1
71 1889 1
71 1955 1
71 2197 1
71 2308 1
71 2462 1
71 2573 1
71 2609 1
71 2674 1
71 3552 1
71 3607 1
71 3952 1
71 4402 1
71 5039 1
72 2 1
72 8 1
72 12 1
72 15 1
72 18 1
72 26 1
72 45 1
72 58 1
72 69 1
72 89 1
72 94 1
72 104 1
72 120 1
72 123 1
72 125 1
72 257 1
72 312 1
72 371 1
72 438 1
72 735 1
72 1172 1
72 1554 1
72 2299 1
72 2592 1
72 3750 1
72 4437 1
72 7419 1
74 12 1
74 15 1
74 22 1
74 26 1
74 43 1
74 68 1
74 120 1
74 123 1
83 2 1
83 12 1
83 18 1
83 26 1
83 45 1
83 46 1
83 68 1
83 69 1
83 71 1
83 89 1
83 104 1
83 147 1
83 207 1
83 240 1
83 245 1
83 337 1
83 529 1
83 1889 1
89 2 1
89 15 1
89 16 1
89 18 1
89 22 1
89 26 1
89 47 1
89 68 1
89 74 1
89 111 1
89 120 1
89 123 1
89 125 1
89 136 1
89 152 1
89 197 1
89 271 1
89 286 1
89 290 1
89 312 1
89 320 1
89 371 1
89 474 1
89 489 1
89 506 1
89 515 1
89 526 1
89 530 1
89 532 1
89 624 1
89 631 1
89 844 1
89 886 1
89 888 1
89 892 1
89 932 1
89 1052 1
89 1063 1
89 1078 1
89 1120 1
89 1167 1
89 1172 1
89 1285 1
89 1289 1
89 1345 1
89 1398 1
89 1561 1
89 1617 1
89 2048 1
89 2517 1
89 2554 1
89 3261 1
89 3481 1
89 3552 1
89 3596 1
89 3691 1
89 4065 1
89 4714 1
89 5533 1
89 6673 1
89 7340 1
91 2 1
91 6 1
91 16 1
91 22 1
92 6 1
92 12 1
92 15 1
92 22 1
92 26 1
92 28 1
92 34 1
92 37 1
92 42 1
92 58 1
92 72 1
92 89 1
92 111 1
92 123 1
92 152 1
92 190 1
92 456 1
92 489 1
92 561 1
92 725 1
92 733 1
92 1339 1
92 1355 1
92 4065 1
94 2 1
94 6 1
94 8 1
94 9 1
94 15 1
94 16 1
94 34 1
94 37 1
94 41 1
94 45 1
94 46 1
94 58 1
94 71 1
94 74 1
94 89 1
94 99 1
94 104 1
94 111 1
94 115 1
94 119 1
94 120 1
94 125 1
94 147 1
94 190 1
94 227 1
94 245 1
94 302 1
94 333 1
94 358 1
94 434 1
94 438 1
94 443 1
94 456 1
94 489 1
94 526 1
94 735 1
94 765 1
94 803 1
94 979 1
94 1052 1
94 1166 1
94 1295 1
94 1376 1
94 1720 1
94 2096 1
94 2197 1
94 2299 1
94 2405 1
99 15 1
99 18 1
99 22 1
99 26 1
99 45 1
99 89 1
99 104 1
99 115 1
99 123 1
99 147 1
99 197 1
99 271 1
99 280 1
99 286 1
99 294 1
99 340 1
99 474 1
99 735 1
99 932 1
99 942 1
99 1172 1
99 1339 1
99 1345 1
99 1554 1
99 1592 1
99 4435 1
99 4714 1
99 6673 1
104 9 1
104 12 1
104 15 1
104 16 1
104 18 1
104 19 1
104 22 1
104 26 1
104 37 1
104 41 1
104 45 1
104 68 1
104 69 1
104 89 1
104 94 1
104 115 1
104 120 1
104 124 1
104 136 1
104 231 1
104 236 1
104 245 1
104 257 1
104 294 1
104 299 1
104 307 1
104 312 1
104 320 1
104 358 1
104 371 1
104 506 1
104 514 1
104 526 1
104 718 1
104 733 1
104 735 1
104 803 1
104 881 1
104 1052 1
104 1063 1
104 1172 1
104 1314 1
104 1326 1
104 1339 1
104 1647 1
104 1720 1
104 2462 1
104 3301 1
104 3815 1
104 5449 1
104 5938 1
104 6703 1
111 2 1
111 6 1
111 12 1
111 15 1
111 16 1
111 18 1
111 22 1
111 26 1
111 28 1
111 34 1
111 37 1
111 45 1
111 46 1
111 60 1
111 68 1
111 69 1
111 71 1
111 72 1
111 94 1
111 125 1
111 136 1
111 152 1
111 197 1
111 207 1
111 240 1
111 258 1
111 286 1
111 290 1
111 294 1
111 333 1
111 371 1
111 398 1
111 474 1
111 522 1
111 529 1
111 532 1
111 624 1
111 653 1
111 803 1
111 844 1
111 879 1
111 886 1
111 1131 1
111 1276 1
111 1554 1
111 1561 1
111 1603 1
111 1659 1
111 4843 1
115 26 1
115 28 1
115 41 1
115 42 1
115 45 1
115 46 1
115 47 1
115 58 1
115 68 1
115 69 1
115 74 1
115 89 1
115 92 1
115 94 1
115 111 1
115 120 1
115 124 1
115 125 1
115 147 1
115 190 1
115 212 1
115 226 1
115 257 1
115 271 1
115 280 1
115 290 1
115 302 1
115 312 1
115 315 1
115 371 1
115 434 1
115 438 1
115 474 1
115 514 1
115 530 1
115 533 1
115 624 1
115 735 1
115 844 1
115 886 1
115 903 1
115 932 1
115 942 1
115 1063 1
115 1078 1
115 1166 1
115 1293 1
115 1554 1
115 1793 1
115 2299 1
115 2738 1
115 3375 1
115 4714 1
119 2 1
119 6 1
119 12 1
119 15 1
119 16 1
119 18 1
119 22 1
119 26 1
119 28 1
119 30 1
119 34 1
119 41 1
119 43 1
119 46 1
119 68 1
119 69 1
119 71 1
119 115 1
119 123 1
119 124 1
119 152 1
119 197 1
119 231 1
119 240 1
119 245 1
119 257 1
119 280 1
119 286 1
119 294 1
119 299 1
119 315 1
119 322 1
119 333 1
119 340 1
119 371 1
119 438 1
119 443 1
119 474 1
119 508 1
119 515 1
119 561 1
119 725 1
119 733 1
119 765 1
119 803 1
119 838 1
119 903 1
119 1052 1
119 1192 1
119 1339 1
119 1554 1
119 1592 1
119 1659 1
119 1738 1
119 1879 1
119 1955 1
119 2096 1
119 2554 1
119 2674 1
119 2738 1
119 4094 1
120 6 1
120 8 1
120 15 1
120 16 1
120 18 1
120 28 1
120 45 1
120 46 1
120 58 1
120 69 1
120 94 1
120 125 1
120 147 1
120 152 1
120 186 1
120 227 1
120 231 1
120 236 1
120 286 1
120 294 1
120 315 1
120 333 1
120 358 1
120 434 1
120 489 1
120 548 1
120 624 1
120 653 1
120 803 1
120 844 1
120 908 1
120 932 1
120 1052 1
120 1276 1
120 1659 1
120 2308 1
123 2 1
123 6 1
123 12 1
123 15 1
123 16 1
123 18 1
123 22 1
123 26 1
123 30 1
123 34 1
123 37 1
123 41 1
123 42 1
123 45 1
123 46 1
123 47 1
123 72 1
123 89 1
123 91 1
123 92 1
123 104 1
123 115 1
123 120 1
123 124 1
123 125 1
123 136 1
123 186 1
123 190 1
123 197 1
123 226 1
123 227 1
123 231 1
123 236 1
123 245 1
123 257 1
123 271 1
123 280 1
123 286 1
123 290 1
123 294 1
123 299 1
123 302 1
123 315 1
123 322 1
123 340 1
123 342 1
123 358 1
123 371 1
123 434 1
123 435 1
123 456 1
123 494 1
123 530 1
123 561 1
123 582 1
123 653 1
123 685 1
123 765 1
123 854 1
123 903 1
123 908 1
123 932 1
123 1052 1
123 1063 1
123 1089 1
123 1131 1
123 1167 1
123 1172 1
123 1326 1
123 1339 1
123 1376 1
123 1510 1
123 1955 1
123 2197 1
123 2308 1
123 2405 1
123 3952 1
123 4065 1
123 4714 1
123 5101 1
123 6376 1
124 8 1
124 16 1
124 18 1
124 22 1
124 26 1
124 28 1
124 45 1
124 47 1
124 89 1
124 94 1
124 104 1
124 302 1
124 371 1
124 540 1
124 1131 1
124 1188 1
124 1295 1
124 1659 1
124 2467 1
124 3750 1
124 3815 1
125 2 1
125 15 1
125 18 1
125 22 1
125 26 1
125 34 1
125 37 1
125 99 1
125 104 1
125 123 1
125 190 1
125 196 1
125 207 1
125 236 1
125 245 1
125 294 1
125 299 1
125 312 1
125 333 1
125 371 1
125 438 1
125 443 1
125 456 1
125 526 1
125 725 1
125 1052 1
125 1289 1
125 1293 1
125 1295 1
125 1355 1
125 1816 1
125 2303 1
125 2467 1
125 3829 1
125 4644 1
125 5406 1
126 12 1
126 15 1
126 16 1
126 18 1
126 22 1
126 26 1
126 45 1
126 68 1
126 104 1
126 474 1
126 533 1
126 1659 1
133 22 1
133 515 1
136 6 1
136 15 1
136 18 1
136 22 1
136 25 1
136 28 1
136 42 1
136 94 1
136 126 1
136 207 1
136 236 1
136 294 1
136 312 1
136 474 1
136 561 1
136 838 1
136 903 1
136 1172 1
136 1659 1
136 1986 1
136 2674 1
136 3750 1
136 4868 1
136 5533 1
139 6 1
139 8 1
139 12 1
139 19 1
139 41 1
139 46 1
139 115 1
139 147 1
139 286 1
139 443 1
139 508 1
139 633 1
139 765 1
139 1182 1
139 1289 1
147 6 1
147 15 1
147 18 1
147 26 1
147 28 1
147 46 1
147 125 1
147 312 1
147 844 1
152 18 1
152 28 1
152 30 1
152 37 1
152 41 1
152 43 1
152 123 1
152 245 1
152 257 1
152 299 1
152 315 1
152 844 1
152 1289 1
186 6 1
186 15 1
186 115 1
186 126 1
186 227 1
186 231 1
186 474 1
186 1089 1
186 2405 1
190 2 1
190 12 1
190 18 1
190 19 1
190 28 1
190 41 1
190 42 1
190 69 1
190 71 1
190 72 1
190 89 1
190 94 1
190 111 1
190 125 1
190 312 1
190 320 1
190 369 1
190 456 1
190 474 1
190 522 1
190 526 1
190 530 1
190 624 1
190 1063 1
190 1089 1
190 1339 1
190 2182 1
190 2303 1
190 4714 1
191 22 1
191 72 1
191 299 1
191 7143 1
196 22 1
196 68 1
197 18 1
197 22 1
197 25 1
197 28 1
197 37 1
197 41 1
197 69 1
197 115 1
197 236 1
197 245 1
197 312 1
197 529 1
197 854 1
197 932 1
207 6 1
207 22 1
207 25 1
207 26 1
207 34 1
207 45 1
207 58 1
207 68 1
207 72 1
207 94 1
207 104 1
207 111 1
207 115 1
207 126 1
207 197 1
207 212 1
207 371 1
207 526 1
207 1131 1
207 4094 1
212 6 1
212 12 1
212 15 1
212 18 1
212 19 1
212 26 1
212 37 1
212 41 1
212 43 1
212 45 1
212 69 1
212 89 1
212 94 1
212 119 1
212 124 1
212 125 1
212 197 1
212 240 1
212 348 1
212 438 1
212 443 1
212 489 1
212 803 1
212 1182 1
212 2203 1
212 5406 1
226 69 1
226 89 1
226 111 1
227 15 1
227 16 1
227 18 1
227 22 1
227 104 1
227 803 1
231 2 1
231 6 1
231 22 1
231 37 1
231 41 1
231 46 1
231 68 1
231 71 1
231 111 1
231 115 1
231 123 1
231 125 1
231 190 1
231 302 1
231 340 1
231 342 1
231 438 1
231 443 1
231 474 1
231 530 1
231 718 1
231 1131 1
231 2517 1
231 4714 1
231 5750 1
236 2 1
236 15 1
236 16 1
236 18 1
236 26 1
236 28 1
236 34 1
236 45 1
236 71 1
236 72 1
236 94 1
236 104 1
236 123 1
236 125 1
236 191 1
236 245 1
236 258 1
236 271 1
236 286 1
236 290 1
236 299 1
236 312 1
236 434 1
236 438 1
236 474 1
236 489 1
236 506 1
236 1078 1
236 2299 1
236 2738 1
236 5024 1
240 6 1
240 15 1
240 58 1
240 94 1
240 120 1
240 123 1
240 197 1
241 474 1
245 8 1
245 9 1
245 12 1
245 16 1
245 22 1
245 47 1
245 89 1
245 92 1
245 115 1
245 120 1
245 123 1
245 302 1
245 307 1
245 312 1
245 371 1
245 489 1
245 529 1
245 624 1
245 735 1
245 1078 1
245 1131 1
245 1339 1
245 1345 1
245 1376 1
245 1955 1
245 2738 1
245 3857 1
257 2 1
257 6 1
257 18 1
257 22 1
257 25 1
257 30 1
257 37 1
257 41 1
257 42 1
257 47 1
257 68 1
257 71 1
257 74 1
257 89 1
257 104 1
257 120 1
257 125 1
257 147 1
257 197 1
257 212 1
257 227 1
257 231 1
257 258 1
257 271 1
257 280 1
257 286 1
257 290 1
257 312 1
257 474 1
257 489 1
257 653 1
257 735 1
257 854 1
257 879 1
257 932 1
257 1063 1
257 1293 1
257 1341 1
257 1354 1
257 1510 1
257 2303 1
257 3301 1
257 3607 1
257 6381 1
258 6 1
258 12 1
258 15 1
258 16 1
258 18 1
258 68 1
258 89 1
258 119 1
258 124 1
258 236 1
258 333 1
258 1326 1
258 2612 1
258 6381 1
271 15 1
271 18 1
271 22 1
271 43 1
271 94 1
271 125 1
271 280 1
271 333 1
271 526 1
271 952 1
271 1659 1
280 18 1
280 46 1
280 68 1
280 71 1
286 12 1
286 15 1
286 16 1
286 25 1
286 26 1
286 34 1
286 41 1
286 69 1
286 71 1
286 72 1
286 104 1
286 115 1
286 124 1
286 125 1
286 126 1
286 207 1
286 212 1
286 227 1
286 280 1
286 294 1
286 299 1
286 348 1
286 358 1
286 456 1
286 489 1
286 506 1
286 508 1
286 514 1
286 561 1
286 735 1
286 801 1
286 803 1
286 844 1
286 942 1
286 1120 1
286 1182 1
286 1192 1
286 1276 1
286 1339 1
286 1341 1
286 1345 1
286 1510 1
286 1592 1
286 2308 1
286 3552 1
286 4714 1
290 6 1
290 15 1
290 16 1
290 22 1
290 26 1
290 28 1
290 30 1
290 34 1
290 37 1
290 41 1
290 43 1
290 58 1
290 69 1
290 72 1
290 89 1
290 123 1
290 124 1
290 197 1
290 226 1
290 240 1
290 280 1
290 286 1
290 312 1
290 474 1
290 540 1
290 561 1
290 633 1
290 1063 1
290 1345 1
290 1398 1
290 1816 1
290 1889 1
290 2462 1
290 2517 1
290 3301 1
290 3552 1
290 3877 1
290 6263 1
294 6 1
294 15 1
294 18 1
294 22 1
294 26 1
294 30 1
294 42 1
294 45 1
294 58 1
294 92 1
294 94 1
294 111 1
294 115 1
294 123 1
294 136 1
294 190 1
294 207 1
294 240 1
294 290 1
294 315 1
294 340 1
294 456 1
294 506 1
294 533 1
294 733 1
294 844 1
294 942 1
294 2609 1
299 2 1
299 6 1
299 15 1
299 18 1
299 22 1
299 26 1
299 34 1
299 41 1
299 42 1
299 60 1
299 71 1
299 125 1
299 186 1
299 231 1
299 271 1
299 290 1
299 294 1
299 340 1
299 474 1
299 506 1
299 561 1
299 624 1
299 844 1
299 1063 1
299 1172 1
299 1289 1
299 1659 1
299 7141 1
299 7143 1
302 6 1
302 8 1
302 15 1
302 22 1
302 26 1
302 30 1
302 37 1
302 47 1
302 58 1
302 71 1
302 89 1
302 104 1
302 120 1
302 190 1
302 231 1
302 236 1
302 280 1
302 286 1
302 333 1
302 340 1
302 474 1
302 522 1
302 530 1
302 533 1
302 561 1
302 612 1
302 624 1
302 725 1
302 1167 1
302 1172 1
302 1182 1
302 1285 1
302 1341 1
307 6 1
307 15 1
307 18 1
307 22 1
307 26 1
307 43 1
307 45 1
307 46 1
307 58 1
307 89 1
307 115 1
307 120 1
307 123 1
307 196 1
307 257 1
307 258 1
307 294 1
307 456 1
307 1078 1
307 1376 1
307 2299 1
307 2462 1
307 3166 1
307 4102 1
312 6 1
312 12 1
312 15 1
312 26 1
312 28 1
312 30 1
312 37 1
312 41 1
312 45 1
312 89 1
312 115 1
312 120 1
312 231 1
312 286 1
312 290 1
312 299 1
312 333 1
312 337 1
312 348 1
312 358 1
312 456 1
312 474 1
312 515 1
312 623 1
312 844 1
312 881 1
312 908 1
312 942 1
312 1172 1
312 1592 1
315 9 1
315 15 1
315 16 1
315 18 1
315 22 1
315 24 1
315 26 1
315 30 1
315 37 1
315 41 1
315 46 1
315 68 1
315 69 1
315 71 1
315 72 1
315 115 1
315 123 1
315 190 1
315 631 1
315 704 1
315 854 1
315 903 1
315 1167 1
315 1889 1
315 2305 1
315 2609 1
320 6 1
320 22 1
320 58 1
320 68 1
320 104 1
322 12 1
322 15 1
322 18 1
322 22 1
322 25 1
322 125 1
333 6 1
333 8 1
333 15 1
333 18 1
333 26 1
333 41 1
333 42 1
333 45 1
333 68 1
333 71 1
333 89 1
333 120 1
333 123 1
333 190 1
333 257 1
333 307 1
333 340 1
333 358 1
333 478 1
333 631 1
333 725 1
333 1172 1
333 1341 1
333 2738 1
337 26 1
337 71 1
337 125 1
337 765 1
337 1063 1
340 2 1
340 12 1
340 16 1
340 37 1
340 71 1
340 74 1
340 89 1
340 125 1
340 207 1
340 257 1
340 508 1
340 530 1
340 685 1
340 695 1
340 844 1
340 1078 1
340 1089 1
340 1167 1
340 1355 1
340 1376 1
340 1659 1
340 4549 1
340 5024 1
342 18 1
342 28 1
342 45 1
342 68 1
342 120 1
342 286 1
342 903 1
348 2 1
348 18 1
348 22 1
348 25 1
348 26 1
348 41 1
348 46 1
348 71 1
348 72 1
348 115 1
348 190 1
348 299 1
348 340 1
348 685 1
348 735 1
348 2048 1
358 2 1
358 6 1
358 15 1
358 18 1
358 26 1
358 34 1
358 42 1
358 72 1
358 115 1
358 123 1
358 190 1
358 271 1
358 280 1
358 312 1
358 371 1
358 522 1
358 1167 1
358 1289 1
358 2299 1
358 2674 1
361 12 1
361 26 1
361 89 1
361 1052 1
361 5406 1
369 15 1
369 24 1
369 26 1
369 136 1
369 340 1
371 2 1
371 12 1
371 15 1
371 22 1
371 26 1
371 28 1
371 41 1
371 42 1
371 58 1
371 68 1
371 94 1
371 123 1
371 125 1
371 190 1
371 474 1
371 526 1
371 801 1
371 844 1
371 1063 1
371 1345 1
371 2738 1
371 4330 1
398 8 1
398 16 1
398 18 1
398 22 1
398 26 1
398 45 1
398 69 1
398 92 1
398 123 1
398 474 1
398 489 1
398 529 1
398 561 1
398 1172 1
434 12 1
434 15 1
434 18 1
434 22 1
434 94 1
434 474 1
435 16 1
435 18 1
435 41 1
435 45 1
435 94 1
435 307 1
435 358 1
435 624 1
435 3552 1
438 2 1
438 15 1
438 16 1
438 18 1
438 26 1
438 42 1
438 45 1
438 46 1
438 60 1
438 71 1
438 89 1
438 111 1
438 120 1
438 147 1
438 286 1
438 290 1
438 443 1
438 514 1
438 548 1
438 735 1
438 879 1
438 932 1
438 1131 1
438 1182 1
438 1339 1
438 1659 1
438 2048 1
438 2554 1
438 2609 1
438 3163 1
438 4402 1
443 12 1
443 15 1
443 37 1
443 41 1
443 58 1
443 68 1
443 89 1
443 94 1
443 111 1
443 115 1
443 123 1
443 125 1
443 186 1
443 207 1
443 257 1
443 280 1
443 340 1
443 438 1
443 474 1
443 506 1
443 530 1
443 1052 1
456 6 1
456 16 1
456 22 1
456 26 1
456 125 1
456 190 1
456 257 1
456 258 1
456 299 1
456 844 1
456 1720 1
474 2 1
474 6 1
474 12 1
474 15 1
474 30 1
474 37 1
474 41 1
474 42 1
474 45 1
474 68 1
474 69 1
474 72 1
474 94 1
474 111 1
474 115 1
474 120 1
474 123 1
474 125 1
474 133 1
474 231 1
474 236 1
474 245 1
474 257 1
474 271 1
474 280 1
474 286 1
474 294 1
474 307 1
474 312 1
474 340 1
474 358 1
474 443 1
474 508 1
474 526 1
474 714 1
474 932 1
474 1052 1
474 1063 1
474 1089 1
474 1172 1
474 1276 1
474 1293 1
474 1339 1
474 1355 1
474 1376 1
474 1659 1
474 3606 1
474 3877 1
474 5750 1
474 5921 1
474 6362 1
474 7294 1
478 15 1
478 22 1
478 71 1
478 125 1
478 299 1
478 337 1
478 438 1
478 1889 1
489 16 1
489 28 1
489 111 1
489 123 1
489 147 1
489 236 1
489 257 1
489 302 1
489 340 1
489 695 1
489 1289 1
494 16 1
494 22 1
494 26 1
494 111 1
494 2674 1
506 15 1
506 34 1
506 37 1
506 45 1
506 71 1
506 72 1
506 104 1
506 115 1
506 120 1
506 125 1
506 190 1
506 197 1
506 280 1
506 299 1
506 312 1
506 348 1
506 695 1
506 1052 1
506 1131 1
506 1172 1
506 4714 1
508 6 1
508 15 1
508 16 1
508 18 1
508 22 1
508 68 1
508 104 1
508 115 1
508 125 1
508 844 1
508 1879 1
514 6 1
514 8 1
514 15 1
514 18 1
514 22 1
514 26 1
514 45 1
514 68 1
514 71 1
514 115 1
514 125 1
514 147 1
514 257 1
514 290 1
514 371 1
514 474 1
514 530 1
514 2303 1
515 6 1
515 18 1
515 2197 1
522 2 1
522 15 1
522 16 1
522 42 1
522 89 1
522 111 1
522 120 1
522 139 1
522 358 1
522 456 1
526 6 1
526 12 1
526 16 1
526 18 1
526 22 1
526 26 1
526 37 1
526 46 1
526 60 1
526 68 1
526 69 1
526 71 1
526 72 1
526 94 1
526 104 1
526 111 1
526 119 1
526 197 1
526 231 1
526 257 1
526 258 1
526 280 1
526 290 1
526 307 1
526 340 1
526 438 1
526 443 1
526 489 1
526 879 1
526 1063 1
526 1172 1
529 15 1
529 16 1
529 24 1
529 28 1
529 34 1
529 37 1
529 45 1
529 72 1
529 89 1
529 290 1
529 312 1
529 434 1
529 1339 1
530 2 1
530 12 1
530 16 1
530 18 1
530 22 1
530 28 1
530 111 1
530 123 1
530 125 1
530 286 1
530 443 1
530 854 1
530 2308 1
530 2674 1
532 18 1
532 41 1
532 46 1
532 126 1
532 280 1
532 474 1
532 2343 1
533 26 1
533 68 1
533 190 1
540 2 1
540 8 1
540 15 1
540 26 1
540 125 1
540 207 1
540 506 1
540 526 1
548 6 1
548 12 1
548 16 1
548 18 1
548 37 1
548 333 1
561 12 1
561 15 1
561 18 1
561 28 1
561 37 1
561 42 1
561 45 1
561 89 1
561 92 1
561 104 1
561 115 1
561 123 1
561 125 1
561 212 1
561 231 1
561 258 1
561 271 1
561 280 1
561 294 1
561 348 1
561 474 1
561 582 1
561 765 1
561 844 1
561 932 1
561 1052 1
561 1285 1
561 1336 1
561 2182 1
561 2203 1
561 2308 1
561 4175 1
582 6 1
582 12 1
582 15 1
582 18 1
582 22 1
582 26 1
582 28 1
582 30 1
582 34 1
582 42 1
582 45 1
582 58 1
582 71 1
582 72 1
582 89 1
582 119 1
582 120 1
582 125 1
582 197 1
582 207 1
582 227 1
582 231 1
582 257 1
582 286 1
582 340 1
582 438 1
582 456 1
582 489 1
582 514 1
582 733 1
582 838 1
582 844 1
582 854 1
582 888 1
582 903 1
582 932 1
582 1172 1
582 1720 1
582 2405 1
582 3691 1
582 3857 1
582 4714 1
582 6376 1
612 37 1
612 47 1
612 290 1
612 315 1
612 340 1
612 1052 1
623 15 1
623 46 1
623 725 1
624 6 1
624 9 1
624 15 1
624 16 1
624 18 1
624 22 1
624 26 1
624 42 1
624 89 1
624 104 1
624 245 1
624 257 1
624 258 1
624 299 1
624 322 1
624 508 1
624 561 1
624 879 1
624 1326 1
624 3375 1
624 4102 1
631 18 1
631 474 1
633 16 1
633 26 1
633 34 1
633 152 1
633 844 1
633 4714 1
653 15 1
653 16 1
653 22 1
653 26 1
653 94 1
653 104 1
653 123 1
653 136 1
653 227 1
653 290 1
653 474 1
653 494 1
653 540 1
653 548 1
653 3552 1
685 6 1
685 15 1
685 16 1
685 22 1
685 71 1
685 72 1
685 89 1
685 104 1
685 115 1
685 119 1
685 136 1
685 190 1
685 240 1
685 245 1
685 290 1
685 371 1
685 1120 1
695 15 1
695 30 1
695 37 1
695 45 1
695 1131 1
704 22 1
704 71 1
704 1089 1
714 358 1
714 1889 1
718 22 1
725 2 1
725 18 1
725 22 1
725 26 1
725 37 1
725 41 1
725 46 1
725 47 1
725 58 1
725 71 1
725 111 1
725 120 1
725 245 1
725 337 1
725 474 1
725 522 1
725 530 1
725 561 1
725 733 1
725 801 1
725 932 1
725 1078 1
725 3552 1
733 2 1
733 12 1
733 15 1
733 22 1
733 115 1
733 398 1
733 1345 1
735 2 1
735 15 1
735 25 1
735 26 1
735 28 1
735 42 1
735 71 1
735 89 1
735 94 1
735 104 1
735 125 1
735 624 1
735 903 1
765 6 1
765 9 1
765 15 1
765 18 1
765 37 1
765 123 1
765 530 1
765 1289 1
801 6 1
801 22 1
801 26 1
801 34 1
801 58 1
801 68 1
801 72 1
801 94 1
801 136 1
801 258 1
801 438 1
801 526 1
801 1120 1
801 1355 1
803 12 1
803 15 1
803 16 1
803 18 1
803 22 1
803 45 1
803 58 1
803 94 1
803 227 1
838 6 1
838 15 1
838 16 1
838 18 1
838 22 1
838 26 1
838 28 1
838 45 1
838 68 1
838 89 1
838 197 1
838 257 1
838 443 1
838 548 1
838 1085 1
844 6 1
844 15 1
844 18 1
844 22 1
844 26 1
844 41 1
844 42 1
844 72 1
844 89 1
844 104 1
844 111 1
844 123 1
844 197 1
844 257 1
844 358 1
844 438 1
844 443 1
844 456 1
844 474 1
844 514 1
844 704 1
844 1052 1
844 1063 1
844 1293 1
844 2299 1
844 2966 1
844 4843 1
854 15 1
854 22 1
854 26 1
854 42 1
854 68 1
854 286 1
854 1131 1
854 2653 1
879 2 1
879 6 1
879 15 1
879 18 1
879 46 1
879 71 1
879 89 1
879 147 1
879 236 1
879 280 1
879 286 1
879 290 1
879 302 1
879 320 1
879 514 1
879 612 1
879 735 1
879 1192 1
881 22 1
881 115 1
881 240 1
881 299 1
881 1167 1
886 22 1
886 111 1
888 15 1
888 22 1
888 26 1
888 34 1
888 37 1
888 257 1
888 474 1
888 844 1
892 89 1
892 320 1
892 1228 1
892 3750 1
903 16 1
903 18 1
903 26 1
903 94 1
903 123 1
903 147 1
903 299 1
903 322 1
908 6 1
908 8 1
908 15 1
908 18 1
908 26 1
908 115 1
908 125 1
908 294 1
908 474 1
908 1188 1
908 1339 1
922 22 1
932 2 1
932 6 1
932 15 1
932 22 1
932 26 1
932 28 1
932 34 1
932 37 1
932 207 1
932 340 1
932 532 1
932 1172 1
942 18 1
942 22 1
942 207 1
942 844 1
952 15 1
979 15 1
979 45 1
979 191 1
1030 16 1
1030 120 1
1052 15 1
1052 18 1
1052 19 1
1052 22 1
1052 37 1
1052 46 1
1052 123 1
1052 147 1
1052 207 1
1052 240 1
1052 294 1
1052 315 1
1052 653 1
1052 803 1
1052 932 1
1052 1289 1
1052 1326 1
1052 2299 1
1063 8 1
1063 15 1
1063 16 1
1063 18 1
1063 22 1
1063 26 1
1063 94 1
1063 111 1
1063 115 1
1063 120 1
1063 123 1
1063 197 1
1063 299 1
1063 494 1
1063 526 1
1063 733 1
1063 932 1
1063 1131 1
1063 2738 1
1063 5921 1
1078 371 1
1078 474 1
1085 2 1
1085 8 1
1085 41 1
1085 68 1
1085 245 1
1085 312 1
1089 15 1
1089 16 1
1089 22 1
1089 26 1
1089 37 1
1089 45 1
1089 68 1
1089 92 1
1089 104 1
1089 294 1
1089 443 1
1089 2554 1
1120 2 1
1120 34 1
1120 37 1
1120 41 1
1120 89 1
1120 94 1
1120 526 1
1120 1063 1
1131 2 1
1131 12 1
1131 37 1
1131 46 1
1131 71 1
1131 72 1
1131 74 1
1131 89 1
1131 111 1
1131 136 1
1131 245 1
1131 290 1
1131 307 1
1131 322 1
1131 340 1
1131 348 1
1131 358 1
1131 438 1
1131 474 1
1131 506 1
1131 529 1
1131 1063 1
1131 1339 1
1131 1341 1
1131 1376 1
1131 3691 1
1166 2 1
1166 15 1
1166 26 1
1167 15 1
1167 26 1
1167 69 1
1167 337 1
1167 474 1
1167 624 1
1172 16 1
1172 28 1
1172 42 1
1172 111 1
1172 115 1
1172 123 1
1172 312 1
1172 506 1
1172 903 1
1172 1289 1
1172 4146 1
1182 2 1
1182 22 1
1182 37 1
1182 315 1
1182 1376 1
1188 16 1
1188 22 1
1188 94 1
1188 212 1
1188 312 1
1192 6 1
1192 16 1
1192 18 1
1192 22 1
1192 26 1
1192 45 1
1192 72 1
1192 115 1
1192 125 1
1192 735 1
1192 1172 1
1228 15 1
1228 290 1
1270 15 1
1276 15 1
1276 18 1
1276 22 1
1276 28 1
1276 41 1
1276 45 1
1276 294 1
1276 704 1
1276 1131 1
1276 1172 1
1276 1182 1
1285 8 1
1285 18 1
1285 74 1
1285 2517 1
1289 18 1
1289 22 1
1289 26 1
1289 28 1
1289 89 1
1289 115 1
1289 299 1
1289 358 1
1289 530 1
1289 2405 1
1293 9 1
1293 15 1
1293 16 1
1293 22 1
1293 71 1
1295 15 1
1295 18 1
1295 443 1
1314 58 1
1314 104 1
1314 115 1
1326 22 1
1326 28 1
1326 37 1
1326 71 1
1326 115 1
1326 371 1
1326 624 1
1326 1120 1
1339 15 1
1339 16 1
1339 18 1
1339 22 1
1339 26 1
1339 68 1
1339 71 1
1339 286 1
1339 290 1
1339 299 1
1339 474 1
1339 844 1
1339 1889 1
1341 18 1
1341 58 1
1341 89 1
1341 125 1
1341 299 1
1341 624 1
1341 1089 1
1341 1326 1
1341 1339 1
1341 1659 1
1345 12 1
1345 16 1
1345 18 1
1345 22 1
1354 15 1
1355 6 1
1355 16 1
1355 45 1
1355 115 1
1355 257 1
1355 443 1
1355 456 1
1355 908 1
1355 1293 1
1355 1879 1
1355 4820 1
1376 6 1
1376 12 1
1376 15 1
1376 18 1
1376 19 1
1376 22 1
1376 104 1
1376 120 1
1376 123 1
1376 312 1
1376 624 1
1376 1052 1
1376 1314 1
1376 1955 1
1398 6 1
1469 16 1
1510 15 1
1510 18 1
1510 22 1
1510 45 1
1510 89 1
1510 115 1
1510 294 1
1510 438 1
1510 1188 1
1554 6 1
1554 18 1
1554 26 1
1554 42 1
1554 45 1
1554 47 1
1554 111 1
1554 123 1
1554 494 1
1554 1659 1
1559 26 1
1559 72 1
1559 123 1
1559 3691 1
1561 15 1
1561 16 1
1561 94 1
1561 147 1
1561 290 1
1561 1052 1
1592 15 1
1592 18 1
1592 94 1
1603 15 1
1603 1131 1
1617 2 1
1617 16 1
1617 26 1
1617 28 1
1617 45 1
1617 294 1
1647 16 1
1647 3552 1
1659 8 1
1659 15 1
1659 28 1
1659 46 1
1659 136 1
1659 258 1
1659 299 1
1676 2 1
1720 115 1
1720 197 1
1738 22 1
1793 15 1
1793 22 1
1793 45 1
1793 68 1
1793 74 1
1816 299 1
1816 624 1
1816 685 1
1879 6 1
1879 22 1
1879 34 1
1879 120 1
1889 16 1
1889 26 1
1889 45 1
1889 71 1
1889 196 1
1889 258 1
1889 290 1
1889 294 1
1889 548 1
1889 1289 1
1955 16 1
1955 26 1
1986 92 1
2040 72 1
2048 15 1
2048 26 1
2048 37 1
2048 45 1
2048 89 1
2048 136 1
2096 16 1
2096 26 1
2096 125 1
2096 1554 1
2140 2 1
2140 8 1
2140 22 1
2140 26 1
2140 34 1
2141 26 1
2182 15 1
2182 286 1
2197 15 1
2197 41 1
2197 526 1
2299 12 1
2299 16 1
2299 18 1
2299 22 1
2299 45 1
2299 71 1
2299 74 1
2299 89 1
2299 294 1
2303 2 1
2303 26 1
2303 45 1
2303 89 1
2303 120 1
2303 197 1
2305 43 1
2308 15 1
2308 16 1
2308 18 1
2308 22 1
2308 26 1
2308 37 1
2308 89 1
2308 136 1
2308 186 1
2308 474 1
2308 2653 1
2343 280 1
2405 22 1
2405 26 1
2405 111 1
2405 123 1
2405 514 1
2405 695 1
2462 6 1
2467 6 1
2467 9 1
2467 22 1
2467 286 1
2467 456 1
2490 15 1
2490 111 1
2490 119 1
2490 474 1
2490 540 1
2517 16 1
2554 15 1
2554 26 1
2554 68 1
2554 89 1
2554 120 1
2554 196 1
2554 474 1
2566 2 1
2573 12 1
2573 69 1
2573 89 1
2592 15 1
2592 26 1
2592 30 1
2592 844 1
2592 2966 1
2597 18 1
2609 22 1
2609 26 1
2609 68 1
2609 271 1
2609 489 1
2612 15 1
2612 299 1
2653 22 1
2674 22 1
2674 68 1
2674 286 1
2674 312 1
2674 358 1
2674 438 1
2682 18 1
2682 26 1
2682 34 1
2738 16 1
2738 94 1
2738 104 1
2738 932 1
2763 16 1
2763 115 1
2763 271 1
2866 18 1
2866 474 1
2866 1339 1
2966 41 1
2966 58 1
3108 22 1
3108 725 1
3163 16 1
3163 18 1
3163 42 1
3166 6 1
3166 15 1
3166 22 1
3261 15 1
3261 307 1
3261 548 1
3301 120 1
3480 257 1
3552 15 1
3552 18 1
3552 22 1
3552 26 1
3552 340 1
3596 15 1
3596 22 1
3596 94 1
3596 236 1
3596 1085 1
3606 26 1
3606 735 1
3607 18 1
3607 30 1
3691 2 1
3691 18 1
3691 136 1
3731 6 1
3731 45 1
3731 71 1
3731 932 1
3750 6 1
3750 18 1
3750 46 1
3750 68 1
3750 71 1
3750 257 1
3750 371 1
3750 2763 1
3815 69 1
3815 123 1
3829 15 1
3857 15 1
3857 16 1
3857 45 1
3857 94 1
3877 16 1
3878 22 1
3878 69 1
3952 34 1
3963 15 1
3963 16 1
3963 18 1
3963 526 1
4065 22 1
4065 94 1
4094 15 1
4102 15 1
4102 37 1
4102 72 1
4102 190 1
4146 16 1
4146 26 1
4146 89 1
4146 104 1
4146 197 1
4166 18 1
4175 89 1
4176 443 1
4330 286 1
4402 22 1
4435 26 1
4437 2 1
4437 26 1
4549 15 1
4549 45 1
4549 71 1
4644 2 1
4644 15 1
4714 6 1
4714 16 1
4714 22 1
4714 34 1
4714 42 1
4714 104 1
4818 28 1
4818 197 1
4820 120 1
4820 1276 1
4827 28 1
4843 15 1
4843 22 1
4868 6 1
4868 257 1
4868 294 1
4877 71 1
5007 315 1
5039 1289 1
5101 111 1
5280 2 1
5280 89 1
5340 16 1
5406 12 1
5406 15 1
5406 18 1
5406 26 1
5406 68 1
5406 89 1
5406 120 1
5406 125 1
5406 474 1
5406 2467 1
5409 16 1
5449 508 1
5457 111 1
5480 18 1
5518 18 1
5518 104 1
5533 15 1
5533 16 1
5750 16 1
5921 8 1
5921 15 1
5921 18 1
5921 26 1
5921 28 1
5921 37 1
5921 120 1
5921 633 1
5938 22 1
5938 120 1
5976 147 1
5987 12 1
6019 15 1
6068 71 1
6152 2 1
6152 26 1
6152 89 1
6226 474 1
6263 22 1
6263 34 1
6263 46 1
6263 236 1
6263 294 1
6362 72 1
6362 5007 1
6376 15 1
6376 104 1
6381 18 1
6598 2 1
6660 12 1
6673 22 1
6673 115 1
6673 348 1
6703 139 1
7143 26 1
7143 28 1
7154 15 1
7294 2 1
7340 5280 1
7419 258 1
7452 34 1
7469 15 1
7683 3750 1
