2 8 1
2 12 1
2 15 1
2 22 1
2 30 1
2 41 1
2 42 1
2 58 1
2 72 1
2 89 1
2 92 1
2 94 1
2 115 1
2 123 1
2 147 1
2 207 1
2 227 1
2 236 1
2 286 1
2 299 1
2 312 1
2 315 1
2 337 1
2 342 1
2 369 1
2 434 1
2 443 1
2 456 1
2 478 1
2 508 1
2 526 1
2 633 1
2 725 1
2 803 1
2 844 1
2 879 1
2 881 1
2 1063 1
2 1089 1
2 1188 1
2 1276 1
2 1659 1
2 1816 1
2 2467 1
2 3815 1
2 5039 1
6 2 1
6 9 1
6 12 1
6 15 1
6 18 1
6 22 1
6 25 1
6 26 1
6 28 1
6 34 1
6 37 1
6 41 1
6 42 1
6 43 1
6 46 1
6 68 1
6 69 1
6 71 1
6 94 1
6 104 1
6 111 1
6 115 1
6 119 1
6 120 1
6 124 1
6 136 1
6 186 1
6 190 1
6 191 1
6 207 1
6 231 1
6 245 1
6 257 1
6 258 1
6 271 1
6 290 1
6 294 1
6 299 1
6 312 1
6 315 1
6 348 1
6 358 1
6 371 1
6 443 1
6 456 1
6 474 1
6 506 1
6 508 1
6 529 1
6 530 1
6 624 1
6 633 1
6 653 1
6 725 1
6 733 1
6 844 1
6 942 1
6 1078 1
6 1172 1
6 1289 1
6 1293 1
6 1355 1
6 1376 1
6 1398 1
6 1592 1
6 1889 1
6 2096 1
6 3481 1
6 3750 1
6 5406 1
6 5921 1
8 6 1
8 15 1
8 16 1
8 18 1
8 28 1
8 45 1
8 58 1
8 69 1
8 111 1
8 115 1
8 123 1
8 186 1
8 190 1
8 290 1
8 358 1
8 733 1
8 735 1
8 854 1
8 903 1
8 942 1
8 1172 1
8 1339 1
9 2 1
9 15 1
9 18 1
9 22 1
9 26 1
9 34 1
9 37 1
9 45 1
9 46 1
9 89 1
9 115 1
9 125 1
9 152 1
9 207 1
9 231 1
9 361 1
9 456 1
9 474 1
9 6263 1
12 2 1
12 8 1
12 16 1
12 18 1
12 26 1
12 28 1
12 37 1
12 43 1
12 45 1
12 68 1
12 71 1
12 104 1
12 120 1
12 125 1
12 197 1
12 231 1
12 236 1
12 258 1
12 271 1
12 286 1
12 302 1
12 337 1
12 358 1
12 371 1
12 443 1
12 506 1
12 515 1
12 526 1
12 582 1
12 653 1
12 765 1
12 892 1
12 903 1
12 932 1
12 1063 1
12 1078 1
12 1345 1
12 1659 1
12 2462 1
12 2467 1
12 2554 1
12 2763 1
12 3750 1
12 4515 1
12 4714 1
12 5938 1
12 7469 1
15 6 1
15 9 1
15 12 1
15 18 1
15 26 1
15 28 1
15 37 1
15 41 1
15 42 1
15 46 1
15 47 1
15 68 1
15 71 1
15 72 1
15 91 1
15 94 1
15 104 1
15 111 1
15 115 1
15 123 1
15 125 1
15 136 1
15 147 1
15 190 1
15 196 1
15 212 1
15 236 1
15 245 1
15 257 1
15 280 1
15 290 1
15 299 1
15 312 1
15 315 1
15 322 1
15 358 1
15 371 1
15 434 1
15 438 1
15 443 1
15 514 1
15 612 1
15 624 1
15 765 1
15 881 1
15 886 1
15 922 1
15 932 1
15 1063 1
15 1167 1
15 1192 1
15 1276 1
15 1289 1
15 1314 1
15 1339 1
15 1554 1
15 1592 1
15 1617 1
15 1659 1
15 2405 1
15 2462 1
15 3166 1
15 3301 1
15 3480 1
15 3552 1
15 3952 1
15 4402 1
15 4437 1
15 4644 1
16 2 1
16 6 1
16 9 1
16 15 1
16 19 1
16 22 1
16 26 1
16 30 1
16 34 1
16 41 1
16 42 1
16 43 1
16 47 1
16 58 1
16 60 1
16 68 1
16 69 1
16 71 1
16 72 1
16 74 1
16 89 1
16 94 1
16 111 1
16 115 1
16 119 1
16 120 1
16 123 1
16 125 1
16 126 1
16 147 1
16 152 1
16 191 1
16 197 1
16 226 1
16 227 1
16 236 1
16 258 1
16 271 1
16 280 1
16 286 1
16 312 1
16 315 1
16 322 1
16 333 1
16 337 1
16 340 1
16 358 1
16 369 1
16 371 1
16 434 1
16 438 1
16 443 1
16 456 1
16 489 1
16 506 1
16 514 1
16 515 1
16 522 1
16 529 1
16 530 1
16 532 1
16 533 1
16 623 1
16 624 1
16 685 1
16 695 1
16 718 1
16 725 1
16 733 1
16 735 1
16 765 1
16 838 1
16 844 1
16 888 1
16 903 1
16 908 1
16 932 1
16 952 1
16 979 1
16 1052 1
16 1063 1
16 1085 1
16 1089 1
16 1120 1
16 1166 1
16 1167 1
16 1172 1
16 1276 1
16 1289 1
16 1293 1
16 1314 1
16 1326 1
16 1339 1
16 1376 1
16 1469 1
16 1554 1
16 1559 1
16 1561 1
16 1592 1
16 1659 1
16 1676 1
16 1720 1
16 1816 1
16 1879 1
16 1955 1
16 2040 1
16 2096 1
16 2182 1
16 2197 1
16 2203 1
16 2303 1
16 2308 1
16 2462 1
16 2517 1
16 2573 1
16 2612 1
16 2738 1
16 2763 1
16 2866 1
16 3166 1
16 3261 1
16 3375 1
16 3731 1
16 3877 1
16 4065 1
16 4094 1
16 4146 1
16 4330 1
16 4435 1
16 4549 1
16 4714 1
16 5227 1
16 5406 1
16 5457 1
16 6226 1
16 6598 1
16 7017 1
16 7419 1
16 7683 1
18 2 1
18 6 1
18 12 1
18 15 1
18 16 1
18 19 1
18 22 1
18 24 1
18 25 1
18 28 1
18 30 1
18 34 1
18 37 1
18 42 1
18 45 1
18 46 1
18 60 1
18 68 1
18 69 1
18 71 1
18 72 1
18 74 1
18 89 1
18 92 1
18 104 1
18 111 1
18 115 1
18 124 1
18 125 1
18 133 1
18 190 1
18 191 1
18 196 1
18 197 1
18 207 1
18 212 1
18 236 1
18 240 1
18 245 1
18 257 1
18 280 1
18 299 1
18 315 1
18 320 1
18 322 1
18 333 1
18 340 1
18 358 1
18 369 1
18 435 1
18 438 1
18 443 1
18 456 1
18 474 1
18 489 1
18 494 1
18 508 1
18 522 1
18 526 1
18 529 1
18 530 1
18 532 1
18 540 1
18 548 1
18 695 1
18 704 1
18 735 1
18 801 1
18 803 1
18 844 1
18 881 1
18 888 1
18 903 1
18 908 1
18 979 1
18 1052 1
18 1063 1
18 1089 1
18 1120 1
18 1131 1
18 1166 1
18 1172 1
18 1182 1
18 1192 1
18 1285 1
18 1289 1
18 1293 1
18 1295 1
18 1314 1
18 1326 1
18 1341 1
18 1354 1
18 1554 1
18 1659 1
18 2048 1
18 2299 1
18 2303 1
18 2405 1
18 2462 1
18 2490 1
18 2554 1
18 2609 1
18 2674 1
18 3108 1
18 3166 1
18 3261 1
18 3552 1
18 3750 1
18 3857 1
18 3963 1
18 4102 1
18 4402 1
18 4714 1
18 4818 1
18 5533 1
18 5921 1
19 15 1
19 18 1
19 22 1
19 26 1
19 302 1
19 844 1
22 2 1
22 8 1
22 12 1
22 15 1
22 18 1
22 19 1
22 26 1
22 28 1
22 30 1
22 34 1
22 37 1
22 41 1
22 42 1
22 43 1
22 45 1
22 58 1
22 60 1
22 69 1
22 71 1
22 72 1
22 89 1
22 94 1
22 104 1
22 111 1
22 119 1
22 120 1
22 123 1
22 124 1
22 125 1
22 126 1
22 136 1
22 147 1
22 152 1
22 186 1
22 190 1
22 191 1
22 207 1
22 226 1
22 227 1
22 231 1
22 240 1
22 245 1
22 257 1
22 258 1
22 280 1
22 286 1
22 290 1
22 299 1
22 307 1
22 312 1
22 315 1
22 333 1
22 337 1
22 342 1
22 348 1
22 358 1
22 371 1
22 456 1
22 474 1
22 478 1
22 506 1
22 508 1
22 514 1
22 522 1
22 526 1
22 529 1
22 530 1
22 532 1
22 533 1
22 540 1
22 548 1
22 561 1
22 582 1
22 612 1
22 624 1
22 633 1
22 704 1
22 718 1
22 725 1
22 733 1
22 735 1
22 765 1
22 801 1
22 838 1
22 844 1
22 854 1
22 903 1
22 922 1
22 932 1
22 1052 1
22 1063 1
22 1085 1
22 1089 1
22 1120 1
22 1167 1
22 1172 1
22 1276 1
22 1285 1
22 1289 1
22 1293 1
22 1326 1
22 1339 1
22 1341 1
22 1376 1
22 1398 1
22 1592 1
22 1659 1
22 1720 1
22 1879 1
22 1889 1
22 1955 1
22 2048 1
22 2096 1
22 2197 1
22 2299 1
22 2305 1
22 2343 1
22 2405 1
22 2517 1
22 2554 1
22 2609 1
22 2612 1
22 2674 1
22 2738 1
22 2866 1
22 2966 1
22 3108 1
22 3163 1
22 3301 1
22 3375 1
22 3481 1
22 3552 1
22 3596 1
22 3691 1
22 3750 1
22 3815 1
22 3857 1
22 4102 1
22 4146 1
22 4269 1
22 4435 1
22 4820 1
22 4827 1
22 4843 1
22 4868 1
22 5024 1
22 5101 1
22 5406 1
22 5518 1
22 6226 1
22 6376 1
22 7141 1
22 7143 1
22 7419 1
22 7452 1
24 2 1
24 12 1
24 15 1
24 22 1
24 26 1
24 45 1
24 58 1
24 844 1
25 2 1
25 6 1
25 15 1
25 16 1
25 18 1
25 22 1
25 26 1
25 41 1
25 47 1
25 68 1
25 71 1
25 94 1
25 111 1
25 212 1
25 294 1
25 340 1
25 438 1
25 1131 1
26 2 1
26 8 1
26 12 1
26 18 1
26 28 1
26 30 1
26 37 1
26 46 1
26 58 1
26 60 1
26 68 1
26 71 1
26 89 1
26 92 1
26 94 1
26 104 1
26 111 1
26 123 1
26 124 1
26 125 1
26 126 1
26 147 1
26 190 1
26 236 1
26 245 1
26 280 1
26 286 1
26 290 1
26 299 1
26 302 1
26 312 1
26 320 1
26 337 1
26 340 1
26 348 1
26 371 1
26 435 1
26 438 1
26 443 1
26 478 1
26 514 1
26 515 1
26 529 1
26 530 1
26 532 1
26 533 1
26 624 1
26 633 1
26 695 1
26 801 1
26 803 1
26 888 1
26 892 1
26 932 1
26 942 1
26 1052 1
26 1063 1
26 1089 1
26 1131 1
26 1285 1
26 1289 1
26 1293 1
26 1295 1
26 1339 1
26 1376 1
26 1398 1
26 1554 1
26 1659 1
26 1738 1
26 1889 1
26 1955 1
26 2197 1
26 2299 1
26 2405 1
26 2517 1
26 2682 1
26 3552 1
26 3950 1
26 3952 1
26 4176 1
26 7143 1
28 2 1
28 6 1
28 8 1
28 9 1
28 12 1
28 15 1
28 16 1
28 18 1
28 19 1
28 26 1
28 37 1
28 42 1
28 43 1
28 45 1
28 46 1
28 58 1
28 69 1
28 72 1
28 89 1
28 92 1
28 94 1
28 104 1
28 111 1
28 115 1
28 119 1
28 120 1
28 152 1
28 191 1
28 197 1
28 207 1
28 226 1
28 231 1
28 240 1
28 241 1
28 245 1
28 280 1
28 290 1
28 294 1
28 302 1
28 312 1
28 315 1
28 333 1
28 337 1
28 340 1
28 342 1
28 348 1
28 358 1
28 371 1
28 435 1
28 438 1
28 443 1
28 456 1
28 474 1
28 478 1
28 489 1
28 508 1
28 522 1
28 526 1
28 530 1
28 532 1
28 548 1
28 612 1
28 624 1
28 685 1
28 704 1
28 725 1
28 735 1
28 803 1
28 844 1
28 854 1
28 903 1
28 922 1
28 932 1
28 1120 1
28 1172 1
28 1182 1
28 1293 1
28 1341 1
28 1376 1
28 1398 1
28 3691 1
28 3731 1
28 4146 1
30 6 1
30 8 1
30 12 1
30 15 1
30 16 1
30 22 1
30 26 1
30 46 1
30 58 1
30 68 1
30 72 1
30 94 1
30 115 1
30 124 1
30 125 1
30 126 1
30 147 1
30 196 1
30 207 1
30 227 1
30 294 1
30 299 1
30 315 1
30 320 1
30 322 1
30 340 1
30 358 1
30 438 1
30 443 1
30 456 1
30 474 1
30 526 1
30 529 1
30 838 1
30 903 1
30 932 1
30 1063 1
30 1078 1
30 1089 1
30 1172 1
30 1285 1
30 1289 1
30 1339 1
30 1345 1
30 1659 1
30 2303 1
30 3607 1
30 3750 1
30 4146 1
30 4269 1
30 4714 1
33 22 1
33 623 1
34 2 1
34 6 1
34 8 1
34 12 1
34 15 1
34 18 1
34 25 1
34 30 1
34 41 1
34 58 1
34 89 1
34 111 1
34 115 1
34 119 1
34 125 1
34 136 1
34 147 1
34 152 1
34 197 1
34 231 1
34 236 1
34 258 1
34 286 1
34 290 1
34 307 1
34 312 1
34 443 1
34 456 1
34 526 1
34 529 1
34 631 1
34 704 1
34 854 1
34 879 1
34 979 1
34 1052 1
34 1131 1
34 2866 1
34 3815 1
34 3878 1
34 4827 1
34 5024 1
34 5406 1
37 2 1
37 6 1
37 12 1
37 15 1
37 16 1
37 18 1
37 22 1
37 26 1
37 28 1
37 34 1
37 42 1
37 45 1
37 46 1
37 68 1
37 69 1
37 71 1
37 72 1
37 89 1
37 94 1
37 104 1
37 111 1
37 115 1
37 123 1
37 125 1
37 147 1
37 197 1
37 245 1
37 312 1
37 315 1
37 443 1
37 456 1
37 489 1
37 514 1
37 515 1
37 533 1
37 548 1
37 653 1
37 854 1
37 908 1
37 1063 1
37 1089 1
37 1131 1
37 1167 1
37 1172 1
37 1285 1
37 1326 1
37 1889 1
37 2738 1
37 3963 1
41 15 1
41 18 1
41 26 1
41 45 1
41 46 1
41 94 1
41 104 1
41 111 1
41 120 1
41 123 1
41 190 1
41 257 1
41 290 1
41 302 1
41 312 1
41 435 1
41 474 1
41 506 1
41 526 1
41 530 1
41 561 1
41 733 1
41 844 1
41 854 1
41 1063 1
41 1078 1
41 1336 1
41 1659 1
41 1955 1
41 2609 1
41 3552 1
42 6 1
42 8 1
42 16 1
42 18 1
42 26 1
42 41 1
42 45 1
42 69 1
42 94 1
42 120 1
42 124 1
42 207 1
42 286 1
42 294 1
42 340 1
42 489 1
42 494 1
42 508 1
42 1063 1
42 1131 1
42 1355 1
42 1592 1
42 2140 1
42 2197 1
42 4402 1
42 4714 1
43 8 1
43 15 1
43 18 1
43 22 1
43 26 1
43 30 1
43 34 1
43 45 1
43 71 1
43 94 1
43 111 1
43 115 1
43 126 1
43 139 1
43 186 1
43 227 1
43 245 1
43 286 1
43 290 1
43 302 1
43 348 1
43 456 1
43 506 1
43 903 1
43 1078 1
43 1659 1
43 2405 1
43 2674 1
43 3815 1
43 4820 1
43 5007 1
43 6263 1
43 6376 1
45 2 1
45 6 1
45 8 1
45 9 1
45 12 1
45 15 1
45 16 1
45 22 1
45 26 1
45 28 1
45 30 1
45 34 1
45 37 1
45 41 1
45 68 1
45 69 1
45 74 1
45 89 1
45 115 1
45 123 1
45 126 1
45 147 1
45 197 1
45 227 1
45 231 1
45 280 1
45 290 1
45 294 1
45 299 1
45 302 1
45 312 1
45 315 1
45 333 1
45 348 1
45 443 1
45 508 1
45 530 1
45 533 1
45 633 1
45 653 1
45 695 1
45 725 1
45 801 1
45 844 1
45 879 1
45 886 1
45 1089 1
45 1131 1
45 1172 1
45 1354 1
45 1879 1
45 1889 1
45 2048 1
45 2197 1
45 2517 1
45 3552 1
45 3829 1
45 3963 1
45 5866 1
45 5976 1
45 6703 1
46 6 1
46 15 1
46 16 1
46 18 1
46 22 1
46 26 1
46 28 1
46 37 1
46 41 1
46 42 1
46 47 1
46 58 1
46 68 1
46 74 1
46 94 1
46 123 1
46 125 1
46 126 1
46 190 1
46 236 1
46 240 1
46 257 1
46 271 1
46 280 1
46 290 1
46 294 1
46 299 1
46 312 1
46 358 1
46 474 1
46 489 1
46 508 1
46 561 1
46 704 1
46 725 1
46 735 1
46 881 1
46 1172 1
46 1182 1
46 1339 1
46 2141 1
46 5406 1
46 6152 1
47 18 1
47 22 1
47 26 1
47 45 1
47 69 1
47 71 1
47 72 1
47 227 1
47 271 1
47 508 1
47 1188 1
47 2308 1
47 2738 1
58 6 1
58 9 1
58 15 1
58 18 1
58 26 1
58 37 1
58 45 1
58 46 1
58 68 1
58 69 1
58 71 1
58 72 1
58 89 1
58 94 1
58 104 1
58 111 1
58 120 1
58 123 1
58 125 1
58 147 1
58 152 1
58 190 1
58 231 1
58 257 1
58 258 1
58 290 1
58 294 1
58 299 1
58 348 1
58 371 1
58 434 1
58 474 1
58 526 1
58 530 1
58 532 1
58 561 1
58 612 1
58 801 1
58 803 1
58 844 1
58 881 1
58 903 1
58 932 1
58 1089 1
58 1166 1
58 1289 1
58 1293 1
58 1341 1
58 1889 1
58 2308 1
58 2405 1
58 2467 1
58 2554 1
58 2674 1
58 4094 1
58 6381 1
58 6703 1
60 15 1
60 18 1
60 22 1
60 26 1
60 28 1
60 46 1
60 68 1
60 71 1
60 115 1
60 257 1
60 290 1
60 526 1
60 1376 1
68 8 1
68 15 1
68 18 1
68 22 1
68 26 1
68 28 1
68 37 1
68 42 1
68 69 1
68 89 1
68 94 1
68 104 1
68 115 1
68 123 1
68 125 1
68 126 1
68 136 1
68 186 1
68 190 1
68 197 1
68 207 1
68 240 1
68 245 1
68 271 1
68 290 1
68 312 1
68 443 1
68 456 1
68 474 1
68 506 1
68 508 1
68 514 1
68 526 1
68 623 1
68 624 1
68 685 1
68 704 1
68 718 1
68 735 1
68 838 1
68 881 1
68 903 1
68 1030 1
68 1052 1
68 1063 1
68 1120 1
68 1131 1
68 1172 1
68 1192 1
68 1276 1
68 1293 1
68 1339 1
68 1341 1
68 1376 1
68 1617 1
68 1720 1
68 2305 1
68 2462 1
68 2467 1
68 2517 1
68 3731 1
68 4437 1
68 4714 1
68 4818 1
68 5518 1
68 6362 1
69 12 1
69 15 1
69 18 1
69 34 1
69 89 1
69 115 1
69 120 1
69 299 1
69 371 1
69 438 1
69 838 1
69 1052 1
71 2 1
71 6 1
71 18 1
71 24 1
71 26 1
71 28 1
71 33 1
71 34 1
71 37 1
71 41 1
71 45 1
71 46 1
71 58 1
71 68 1
71 72 1
71 89 1
71 92 1
71 94 1
71 104 1
71 111 1
71 120 1
71 124 1
71 136 1
71 186 1
71 190 1
71 196 1
71 271 1
71 294 1
71 299 1
71 312 1
71 320 1
71 340 1
71 348 1
71 489 1
71 515 1
71 522 1
71 529 1
71 561 1
71 582 1
71 612 1
71 624 1
71 714 1
71 735 1
71 886 1
71 1052 1
71 1078 1
71 1120 1
71 1295 1
71 1339 1
71 1355 1
71 1376 1
71 1720 1
71 1793 1
71 1955 1
71 2467 1
71 3552 1
71 4643 1
72 6 1
72 9 1
72 12 1
72 16 1
72 18 1
72 19 1
72 25 1
72 26 1
72 41 1
72 45 1
72 46 1
72 89 1
72 104 1
72 111 1
72 125 1
72 271 1
72 290 1
72 443 1
72 540 1
72 561 1
72 733 1
72 1085 1
72 1293 1
72 1510 1
72 2299 1
72 2303 1
72 2490 1
74 15 1
74 22 1
74 26 1
74 34 1
74 42 1
74 89 1
74 371 1
74 474 1
83 6 1
83 12 1
83 15 1
83 16 1
83 18 1
83 26 1
83 37 1
83 45 1
83 47 1
83 94 1
83 104 1
83 197 1
83 240 1
83 299 1
83 561 1
83 765 1
83 1289 1
83 1339 1
89 6 1
89 8 1
89 12 1
89 15 1
89 16 1
89 22 1
89 26 1
89 30 1
89 37 1
89 46 1
89 104 1
89 111 1
89 136 1
89 147 1
89 190 1
89 240 1
89 258 1
89 294 1
89 299 1
89 312 1
89 315 1
89 320 1
89 322 1
89 358 1
89 369 1
89 371 1
89 434 1
89 456 1
89 474 1
89 506 1
89 515 1
89 522 1
89 540 1
89 548 1
89 561 1
89 653 1
89 735 1
89 844 1
89 888 1
89 908 1
89 932 1
89 1052 1
89 1063 1
89 1089 1
89 1166 1
89 1172 1
89 1182 1
89 1339 1
89 1345 1
89 1355 1
89 1376 1
89 1510 1
89 1554 1
89 1659 1
89 2096 1
89 2299 1
89 2303 1
89 2609 1
89 3261 1
89 5987 1
89 7017 1
91 16 1
91 22 1
91 299 1
91 631 1
92 2 1
92 6 1
92 15 1
92 16 1
92 26 1
92 28 1
92 37 1
92 71 1
92 83 1
92 89 1
92 115 1
92 123 1
92 125 1
92 257 1
92 258 1
92 474 1
92 489 1
92 530 1
92 561 1
92 624 1
92 838 1
92 844 1
92 854 1
92 4714 1
94 2 1
94 8 1
94 12 1
94 15 1
94 18 1
94 28 1
94 30 1
94 37 1
94 41 1
94 42 1
94 43 1
94 45 1
94 46 1
94 68 1
94 69 1
94 89 1
94 104 1
94 111 1
94 119 1
94 120 1
94 123 1
94 125 1
94 147 1
94 197 1
94 231 1
94 240 1
94 280 1
94 302 1
94 438 1
94 478 1
94 489 1
94 508 1
94 529 1
94 624 1
94 725 1
94 881 1
94 1052 1
94 1089 1
94 1120 1
94 1345 1
94 1376 1
94 1676 1
94 2299 1
94 2517 1
94 3552 1
94 4714 1
94 4843 1
94 5533 1
99 2 1
99 6 1
99 15 1
99 16 1
99 22 1
99 25 1
99 26 1
99 28 1
99 34 1
99 37 1
99 47 1
99 60 1
99 71 1
99 72 1
99 115 1
99 123 1
99 125 1
99 139 1
99 197 1
99 231 1
99 280 1
99 286 1
99 312 1
99 438 1
99 474 1
99 1052 1
99 1078 1
99 6376 1
104 9 1
104 12 1
104 15 1
104 18 1
104 22 1
104 25 1
104 28 1
104 34 1
104 46 1
104 47 1
104 58 1
104 91 1
104 92 1
104 94 1
104 115 1
104 120 1
104 125 1
104 136 1
104 197 1
104 207 1
104 236 1
104 245 1
104 271 1
104 302 1
104 307 1
104 312 1
104 320 1
104 322 1
104 348 1
104 371 1
104 456 1
104 474 1
104 506 1
104 508 1
104 522 1
104 526 1
104 548 1
104 561 1
104 704 1
104 1167 1
104 1172 1
104 1188 1
104 1289 1
104 1314 1
104 1339 1
104 1341 1
104 1889 1
104 2517 1
104 2738 1
104 3552 1
104 3606 1
104 4330 1
111 6 1
111 8 1
111 15 1
111 16 1
111 22 1
111 25 1
111 28 1
111 34 1
111 37 1
111 41 1
111 45 1
111 58 1
111 60 1
111 68 1
111 69 1
111 71 1
111 72 1
111 74 1
111 89 1
111 92 1
111 104 1
111 120 1
111 123 1
111 124 1
111 126 1
111 186 1
111 190 1
111 257 1
111 286 1
111 294 1
111 307 1
111 340 1
111 342 1
111 358 1
111 361 1
111 526 1
111 530 1
111 533 1
111 735 1
111 1063 1
111 1172 1
111 1339 1
111 1341 1
111 1889 1
111 2299 1
111 3691 1
111 4714 1
111 5280 1
111 5406 1
115 6 1
115 12 1
115 22 1
115 28 1
115 41 1
115 42 1
115 45 1
115 46 1
115 47 1
115 74 1
115 94 1
115 120 1
115 125 1
115 147 1
115 190 1
115 197 1
115 231 1
115 236 1
115 240 1
115 299 1
115 307 1
115 312 1
115 358 1
115 438 1
115 506 1
115 508 1
115 526 1
115 540 1
115 735 1
115 803 1
115 844 1
115 903 1
115 932 1
115 942 1
115 1063 1
115 1078 1
115 1089 1
115 1120 1
115 1131 1
115 1167 1
115 1172 1
115 1182 1
115 1295 1
115 1341 1
115 1659 1
115 1720 1
115 1889 1
115 1986 1
115 2517 1
115 2573 1
115 2738 1
115 4843 1
115 7340 1
119 2 1
119 9 1
119 15 1
119 18 1
119 19 1
119 22 1
119 26 1
119 28 1
119 30 1
119 33 1
119 34 1
119 37 1
119 42 1
119 45 1
119 47 1
119 58 1
119 69 1
119 72 1
119 89 1
119 92 1
119 99 1
119 104 1
119 115 1
119 120 1
119 152 1
119 227 1
119 312 1
119 320 1
119 333 1
119 340 1
119 371 1
119 438 1
119 456 1
119 474 1
119 515 1
119 526 1
119 561 1
119 623 1
119 725 1
119 765 1
119 801 1
119 844 1
119 881 1
119 942 1
119 1052 1
119 1078 1
119 1167 1
119 1172 1
119 1289 1
119 1326 1
119 1339 1
119 1345 1
119 1376 1
119 1879 1
119 2048 1
119 2096 1
119 2197 1
119 2612 1
119 5406 1
119 5921 1
119 6673 1
120 2 1
120 8 1
120 15 1
120 18 1
120 26 1
120 28 1
120 34 1
120 45 1
120 68 1
120 72 1
120 104 1
120 123 1
120 147 1
120 152 1
120 197 1
120 236 1
120 257 1
120 290 1
120 312 1
120 322 1
120 340 1
120 371 1
120 456 1
120 474 1
120 530 1
120 631 1
120 854 1
120 1052 1
120 1063 1
120 1131 1
120 1339 1
120 1554 1
120 1559 1
120 2653 1
120 3552 1
120 5750 1
123 2 1
123 6 1
123 8 1
123 9 1
123 12 1
123 18 1
123 19 1
123 22 1
123 26 1
123 28 1
123 30 1
123 34 1
123 37 1
123 42 1
123 43 1
123 45 1
123 46 1
123 47 1
123 69 1
123 71 1
123 83 1
123 89 1
123 104 1
123 111 1
123 115 1
123 124 1
123 147 1
123 190 1
123 231 1
123 245 1
123 257 1
123 258 1
123 286 1
123 290 1
123 299 1
123 315 1
123 333 1
123 340 1
123 358 1
123 371 1
123 434 1
123 443 1
123 456 1
123 474 1
123 489 1
123 506 1
123 508 1
123 526 1
123 540 1
123 624 1
123 765 1
123 844 1
123 854 1
123 879 1
123 908 1
123 932 1
123 1052 1
123 1063 1
123 1131 1
123 1276 1
123 1293 1
123 1339 1
123 1341 1
123 1354 1
123 1376 1
123 1510 1
123 1603 1
123 1793 1
123 1889 1
123 2182 1
123 2299 1
123 2674 1
123 3261 1
123 3375 1
123 3691 1
123 4094 1
123 4714 1
123 5280 1
123 5750 1
123 7294 1
123 7419 1
124 9 1
124 15 1
124 16 1
124 18 1
124 37 1
124 72 1
124 89 1
124 104 1
124 115 1
124 120 1
124 123 1
124 190 1
124 207 1
124 231 1
124 257 1
124 280 1
124 286 1
124 340 1
124 438 1
124 1554 1
124 2554 1
125 2 1
125 6 1
125 8 1
125 15 1
125 22 1
125 26 1
125 37 1
125 41 1
125 71 1
125 91 1
125 92 1
125 111 1
125 119 1
125 136 1
125 207 1
125 231 1
125 271 1
125 286 1
125 294 1
125 307 1
125 312 1
125 358 1
125 371 1
125 456 1
125 474 1
125 478 1
125 526 1
125 725 1
125 879 1
125 886 1
125 903 1
125 1120 1
125 1131 1
125 2303 1
125 3261 1
125 4065 1
126 2 1
126 6 1
126 12 1
126 16 1
126 26 1
126 45 1
126 71 1
126 123 1
126 312 1
126 371 1
126 1172 1
126 1889 1
133 16 1
133 22 1
136 2 1
136 16 1
136 18 1
136 26 1
136 37 1
136 42 1
136 43 1
136 71 1
136 72 1
136 89 1
136 94 1
136 104 1
136 190 1
136 231 1
136 258 1
136 299 1
136 307 1
136 320 1
136 358 1
136 514 1
136 530 1
136 624 1
136 1120 1
136 1554 1
139 2 1
139 12 1
139 15 1
139 16 1
139 26 1
139 34 1
139 42 1
139 72 1
139 197 1
139 290 1
139 337 1
139 494 1
139 624 1
139 1355 1
139 1659 1
147 12 1
147 15 1
147 37 1
147 42 1
147 58 1
147 71 1
147 123 1
147 294 1
147 735 1
152 2 1
152 8 1
152 16 1
152 18 1
152 26 1
152 28 1
152 42 1
152 45 1
152 89 1
152 125 1
152 474 1
152 932 1
152 1339 1
186 2 1
186 16 1
186 18 1
186 104 1
186 136 1
186 333 1
186 348 1
186 529 1
186 1131 1
190 2 1
190 9 1
190 15 1
190 18 1
190 41 1
190 45 1
190 72 1
190 94 1
190 104 1
190 120 1
190 125 1
190 147 1
190 197 1
190 227 1
190 258 1
190 290 1
190 302 1
190 312 1
190 371 1
190 506 1
190 561 1
190 765 1
190 1052 1
190 1738 1
190 2738 1
190 3552 1
190 3877 1
190 4146 1
190 4330 1
191 15 1
191 89 1
191 120 1
191 1341 1
196 15 1
196 68 1
197 2 1
197 15 1
197 22 1
197 26 1
197 42 1
197 89 1
197 125 1
197 271 1
197 280 1
197 530 1
197 532 1
197 1192 1
197 1691 1
197 5406 1
207 2 1
207 6 1
207 12 1
207 15 1
207 16 1
207 22 1
207 26 1
207 45 1
207 89 1
207 94 1
207 115 1
207 126 1
207 245 1
207 257 1
207 271 1
207 294 1
207 474 1
207 2467 1
207 2597 1
207 2653 1
212 6 1
212 15 1
212 16 1
212 22 1
212 26 1
212 37 1
212 42 1
212 45 1
212 46 1
212 68 1
212 71 1
212 72 1
212 94 1
212 111 1
212 125 1
212 207 1
212 240 1
212 286 1
212 299 1
212 312 1
212 624 1
212 1085 1
212 1289 1
212 1326 1
212 1592 1
212 2299 1
226 15 1
226 120 1
226 561 1
227 15 1
227 22 1
227 26 1
227 125 1
227 294 1
227 1052 1
231 2 1
231 15 1
231 16 1
231 22 1
231 26 1
231 28 1
231 58 1
231 89 1
231 120 1
231 123 1
231 125 1
231 190 1
231 257 1
231 294 1
231 312 1
231 320 1
231 474 1
231 801 1
231 1063 1
231 1085 1
231 1167 1
231 1188 1
231 2308 1
231 2763 1
231 2966 1
236 2 1
236 15 1
236 16 1
236 18 1
236 22 1
236 25 1
236 26 1
236 28 1
236 43 1
236 46 1
236 68 1
236 71 1
236 72 1
236 104 1
236 115 1
236 294 1
236 333 1
236 371 1
236 474 1
236 561 1
236 653 1
236 733 1
236 735 1
236 803 1
236 879 1
236 932 1
236 1295 1
236 1355 1
236 1659 1
236 4843 1
236 6381 1
240 18 1
240 26 1
240 41 1
240 286 1
240 312 1
240 653 1
240 801 1
241 348 1
245 2 1
245 15 1
245 16 1
245 22 1
245 26 1
245 28 1
245 34 1
245 37 1
245 42 1
245 47 1
245 71 1
245 72 1
245 89 1
245 124 1
245 147 1
245 190 1
245 286 1
245 312 1
245 333 1
245 434 1
245 435 1
245 438 1
245 474 1
245 561 1
245 1172 1
245 1326 1
245 1345 1
257 6 1
257 12 1
257 16 1
257 18 1
257 19 1
257 22 1
257 26 1
257 37 1
257 41 1
257 45 1
257 47 1
257 69 1
257 71 1
257 89 1
257 92 1
257 94 1
257 119 1
257 125 1
257 212 1
257 231 1
257 271 1
257 280 1
257 299 1
257 312 1
257 320 1
257 340 1
257 348 1
257 358 1
257 369 1
257 443 1
257 714 1
257 1052 1
257 1085 1
257 1172 1
257 1182 1
257 1326 1
257 1339 1
257 1345 1
257 1355 1
257 1554 1
257 2517 1
257 2609 1
257 4644 1
257 4714 1
258 16 1
258 22 1
258 25 1
258 26 1
258 30 1
258 42 1
258 71 1
258 94 1
258 111 1
258 147 1
258 315 1
258 1289 1
258 1659 1
258 2592 1
271 15 1
271 22 1
271 26 1
271 34 1
271 92 1
271 212 1
271 236 1
271 280 1
271 286 1
271 294 1
271 526 1
280 68 1
280 340 1
280 1167 1
280 2303 1
286 6 1
286 15 1
286 18 1
286 30 1
286 45 1
286 46 1
286 58 1
286 69 1
286 72 1
286 89 1
286 94 1
286 120 1
286 125 1
286 136 1
286 139 1
286 186 1
286 197 1
286 227 1
286 290 1
286 294 1
286 299 1
286 322 1
286 337 1
286 371 1
286 438 1
286 443 1
286 456 1
286 474 1
286 514 1
286 529 1
286 530 1
286 532 1
286 582 1
286 838 1
286 844 1
286 1063 1
286 1172 1
286 1192 1
286 1293 1
286 1354 1
286 1816 1
286 1879 1
286 2343 1
286 4714 1
286 4868 1
286 7452 1
290 2 1
290 6 1
290 15 1
290 16 1
290 18 1
290 22 1
290 24 1
290 25 1
290 37 1
290 41 1
290 46 1
290 58 1
290 71 1
290 94 1
290 104 1
290 115 1
290 123 1
290 124 1
290 125 1
290 152 1
290 207 1
290 212 1
290 302 1
290 315 1
290 438 1
290 474 1
290 515 1
290 530 1
290 624 1
290 803 1
290 903 1
290 932 1
290 942 1
290 979 1
290 1182 1
290 1339 1
290 1647 1
290 5280 1
294 8 1
294 12 1
294 15 1
294 16 1
294 22 1
294 26 1
294 37 1
294 41 1
294 45 1
294 115 1
294 120 1
294 125 1
294 152 1
294 207 1
294 240 1
294 290 1
294 438 1
294 456 1
294 474 1
294 506 1
294 514 1
294 522 1
294 735 1
294 1561 1
294 2308 1
294 2738 1
294 5750 1
294 6660 1
299 6 1
299 18 1
299 22 1
299 28 1
299 34 1
299 41 1
299 42 1
299 45 1
299 46 1
299 47 1
299 68 1
299 71 1
299 89 1
299 115 1
299 120 1
299 123 1
299 125 1
299 136 1
299 322 1
299 348 1
299 371 1
299 434 1
299 474 1
299 1131 1
299 1314 1
299 1561 1
299 3552 1
299 3607 1
299 4714 1
302 2 1
302 15 1
302 16 1
302 24 1
302 26 1
302 45 1
302 58 1
302 72 1
302 94 1
302 104 1
302 111 1
302 120 1
302 147 1
302 190 1
302 280 1
302 294 1
302 315 1
302 333 1
302 358 1
302 474 1
302 508 1
302 526 1
302 685 1
302 735 1
302 879 1
302 932 1
302 1182 1
302 1188 1
302 2554 1
302 2674 1
302 3750 1
302 4549 1
302 7154 1
307 2 1
307 6 1
307 15 1
307 18 1
307 26 1
307 41 1
307 71 1
307 120 1
307 186 1
307 245 1
307 271 1
307 280 1
307 294 1
307 337 1
307 340 1
307 398 1
307 438 1
307 474 1
307 530 1
307 844 1
307 879 1
307 1131 1
307 2966 1
307 4330 1
312 8 1
312 15 1
312 18 1
312 26 1
312 28 1
312 34 1
312 37 1
312 42 1
312 45 1
312 46 1
312 89 1
312 94 1
312 115 1
312 125 1
312 236 1
312 258 1
312 286 1
312 299 1
312 474 1
312 514 1
312 733 1
312 838 1
312 908 1
312 1131 1
312 1285 1
312 2462 1
312 2467 1
312 2966 1
312 5921 1
312 6673 1
315 2 1
315 15 1
315 16 1
315 18 1
315 22 1
315 34 1
315 41 1
315 45 1
315 68 1
315 69 1
315 115 1
315 123 1
315 125 1
315 190 1
315 290 1
315 369 1
315 438 1
315 474 1
315 561 1
315 803 1
315 854 1
315 1131 1
315 1167 1
315 1355 1
315 1617 1
315 2308 1
320 22 1
320 26 1
320 104 1
320 257 1
320 371 1
322 16 1
322 22 1
322 26 1
322 45 1
322 71 1
322 478 1
333 2 1
333 15 1
333 18 1
333 26 1
333 37 1
333 89 1
333 94 1
333 115 1
333 197 1
333 212 1
333 231 1
333 240 1
333 299 1
333 489 1
333 530 1
333 704 1
333 838 1
333 908 1
333 1052 1
333 1167 1
333 1172 1
333 1554 1
333 3857 1
333 6376 1
337 15 1
337 18 1
337 257 1
337 561 1
337 1172 1
340 6 1
340 15 1
340 19 1
340 22 1
340 34 1
340 37 1
340 45 1
340 72 1
340 89 1
340 104 1
340 139 1
340 147 1
340 245 1
340 286 1
340 315 1
340 371 1
340 515 1
340 624 1
340 653 1
340 1592 1
340 2299 1
340 3166 1
340 5938 1
342 15 1
342 16 1
342 18 1
342 45 1
342 111 1
342 844 1
342 1276 1
348 6 1
348 15 1
348 16 1
348 18 1
348 22 1
348 26 1
348 47 1
348 89 1
348 115 1
348 120 1
348 231 1
348 280 1
348 695 1
348 735 1
348 844 1
348 881 1
358 6 1
358 8 1
358 12 1
358 15 1
358 18 1
358 22 1
358 26 1
358 28 1
358 45 1
358 89 1
358 94 1
358 104 1
358 123 1
358 286 1
358 294 1
358 348 1
358 522 1
358 561 1
358 735 1
358 2674 1
361 18 1
361 22 1
361 71 1
361 89 1
361 147 1
369 12 1
369 71 1
369 236 1
369 299 1
369 561 1
371 2 1
371 8 1
371 15 1
371 16 1
371 22 1
371 26 1
371 28 1
371 46 1
371 72 1
371 104 1
371 120 1
371 207 1
371 212 1
371 245 1
371 257 1
371 280 1
371 294 1
371 322 1
371 478 1
371 3166 1
371 3607 1
371 4435 1
398 6 1
398 12 1
398 15 1
398 16 1
398 45 1
398 46 1
398 72 1
398 111 1
398 125 1
398 147 1
398 196 1
398 207 1
398 299 1
398 514 1
434 12 1
434 15 1
434 22 1
434 69 1
434 123 1
434 125 1
435 15 1
435 16 1
435 18 1
435 22 1
435 26 1
435 41 1
435 89 1
435 231 1
435 1376 1
438 2 1
438 12 1
438 15 1
438 16 1
438 26 1
438 41 1
438 43 1
438 45 1
438 69 1
438 94 1
438 104 1
438 111 1
438 115 1
438 190 1
438 197 1
438 227 1
438 257 1
438 280 1
438 294 1
438 489 1
438 494 1
438 526 1
438 532 1
438 533 1
438 624 1
438 695 1
438 1120 1
438 1376 1
438 1554 1
438 3607 1
438 4065 1
443 2 1
443 6 1
443 8 1
443 18 1
443 22 1
443 25 1
443 26 1
443 28 1
443 68 1
443 71 1
443 72 1
443 89 1
443 94 1
443 115 1
443 530 1
443 561 1
443 725 1
443 733 1
443 765 1
443 908 1
443 1172 1
443 2554 1
456 15 1
456 22 1
456 37 1
456 41 1
456 58 1
456 68 1
456 74 1
456 92 1
456 123 1
456 136 1
456 1192 1
474 2 1
474 6 1
474 8 1
474 15 1
474 16 1
474 26 1
474 34 1
474 41 1
474 42 1
474 68 1
474 71 1
474 72 1
474 111 1
474 115 1
474 120 1
474 136 1
474 147 1
474 190 1
474 197 1
474 236 1
474 240 1
474 257 1
474 290 1
474 294 1
474 299 1
474 320 1
474 333 1
474 340 1
474 358 1
474 443 1
474 514 1
474 515 1
474 526 1
474 582 1
474 624 1
474 633 1
474 685 1
474 733 1
474 735 1
474 803 1
474 844 1
474 908 1
474 1339 1
474 1376 1
474 1510 1
474 2197 1
474 2308 1
474 2462 1
474 3750 1
474 4065 1
474 4402 1
474 5921 1
478 22 1
478 30 1
478 46 1
478 92 1
478 94 1
478 104 1
478 111 1
478 733 1
489 15 1
489 16 1
489 19 1
489 26 1
489 41 1
489 89 1
489 125 1
489 294 1
489 1182 1
489 1659 1
489 3691 1
494 12 1
494 22 1
494 37 1
494 71 1
494 526 1
506 6 1
506 8 1
506 18 1
506 41 1
506 45 1
506 46 1
506 68 1
506 71 1
506 89 1
506 94 1
506 120 1
506 125 1
506 147 1
506 152 1
506 207 1
506 286 1
506 302 1
506 529 1
506 844 1
506 932 1
506 2517 1
508 6 1
508 15 1
508 22 1
508 41 1
508 46 1
508 68 1
508 120 1
508 123 1
508 245 1
508 280 1
508 438 1
514 12 1
514 15 1
514 18 1
514 19 1
514 45 1
514 71 1
514 89 1
514 111 1
514 115 1
514 120 1
514 124 1
514 245 1
514 312 1
514 333 1
514 340 1
514 548 1
514 1469 1
514 5227 1
515 15 1
515 37 1
515 302 1
522 15 1
522 22 1
522 28 1
522 37 1
522 41 1
522 58 1
522 280 1
522 903 1
522 1078 1
522 2763 1
526 2 1
526 6 1
526 15 1
526 16 1
526 18 1
526 26 1
526 28 1
526 34 1
526 41 1
526 45 1
526 46 1
526 58 1
526 68 1
526 69 1
526 71 1
526 72 1
526 89 1
526 120 1
526 123 1
526 136 1
526 280 1
526 340 1
526 369 1
526 438 1
526 561 1
526 844 1
526 888 1
526 922 1
526 1172 1
526 1345 1
526 2462 1
529 15 1
529 18 1
529 92 1
529 120 1
529 257 1
529 286 1
529 340 1
529 438 1
529 530 1
529 1131 1
529 1192 1
529 1228 1
529 1376 1
530 6 1
530 15 1
530 16 1
530 22 1
530 111 1
530 125 1
530 290 1
530 333 1
530 506 1
530 844 1
530 1289 1
530 1339 1
530 3691 1
530 4102 1
532 12 1
532 68 1
532 489 1
532 1063 1
532 1089 1
532 1188 1
532 5024 1
533 6 1
533 18 1
533 22 1
540 15 1
540 16 1
540 26 1
540 37 1
540 71 1
540 124 1
540 286 1
540 1052 1
548 6 1
548 15 1
548 46 1
548 111 1
548 286 1
548 299 1
561 8 1
561 15 1
561 16 1
561 18 1
561 22 1
561 28 1
561 30 1
561 34 1
561 45 1
561 47 1
561 68 1
561 69 1
561 71 1
561 94 1
561 111 1
561 125 1
561 136 1
561 190 1
561 197 1
561 231 1
561 271 1
561 286 1
561 290 1
561 358 1
561 371 1
561 438 1
561 474 1
561 704 1
561 879 1
561 932 1
561 1355 1
561 6263 1
582 2 1
582 9 1
582 12 1
582 15 1
582 16 1
582 19 1
582 25 1
582 26 1
582 28 1
582 34 1
582 43 1
582 45 1
582 58 1
582 68 1
582 71 1
582 72 1
582 92 1
582 104 1
582 111 1
582 115 1
582 119 1
582 120 1
582 124 1
582 136 1
582 147 1
582 197 1
582 245 1
582 280 1
582 299 1
582 315 1
582 340 1
582 438 1
582 474 1
582 548 1
582 631 1
582 685 1
582 801 1
582 1052 1
582 1131 1
582 2096 1
582 2554 1
582 5518 1
582 5533 1
612 6 1
612 16 1
612 26 1
612 115 1
612 286 1
612 434 1
623 22 1
623 26 1
623 271 1
624 6 1
624 15 1
624 16 1
624 18 1
624 22 1
624 26 1
624 34 1
624 58 1
624 89 1
624 115 1
624 123 1
624 197 1
624 212 1
624 245 1
624 257 1
624 286 1
624 474 1
624 695 1
624 735 1
624 1131 1
624 2674 1
631 15 1
631 136 1
633 6 1
633 16 1
633 18 1
633 340 1
633 1052 1
633 1295 1
653 15 1
653 16 1
653 22 1
653 26 1
653 41 1
653 68 1
653 104 1
653 207 1
653 236 1
653 548 1
653 765 1
653 854 1
653 888 1
653 1078 1
653 1131 1
685 6 1
685 15 1
685 22 1
685 68 1
685 69 1
685 89 1
685 104 1
685 197 1
685 207 1
685 257 1
685 340 1
685 434 1
685 733 1
685 844 1
685 908 1
685 1078 1
685 4175 1
695 15 1
695 22 1
695 34 1
695 294 1
695 1089 1
704 18 1
704 34 1
704 89 1
714 12 1
714 16 1
718 803 1
725 8 1
725 18 1
725 26 1
725 34 1
725 37 1
725 58 1
725 68 1
725 69 1
725 71 1
725 89 1
725 94 1
725 115 1
725 125 1
725 152 1
725 207 1
725 236 1
725 271 1
725 489 1
725 526 1
725 631 1
725 714 1
725 1172 1
725 2203 1
733 6 1
733 15 1
733 37 1
733 45 1
733 125 1
733 435 1
733 1276 1
735 15 1
735 18 1
735 28 1
735 125 1
735 197 1
735 236 1
735 280 1
735 312 1
735 474 1
735 526 1
735 561 1
735 2405 1
735 4644 1
765 2 1
765 15 1
765 26 1
765 104 1
765 123 1
765 147 1
765 226 1
765 695 1
801 15 1
801 16 1
801 18 1
801 28 1
801 74 1
801 123 1
801 125 1
801 136 1
801 299 1
801 340 1
801 529 1
801 1131 1
801 1289 1
801 2554 1
803 15 1
803 16 1
803 18 1
803 26 1
803 286 1
803 340 1
803 474 1
803 1561 1
803 2554 1
838 12 1
838 16 1
838 22 1
838 26 1
838 30 1
838 71 1
838 94 1
838 125 1
838 290 1
838 474 1
838 733 1
838 803 1
838 1131 1
838 1554 1
838 1659 1
844 2 1
844 8 1
844 12 1
844 18 1
844 41 1
844 42 1
844 47 1
844 58 1
844 94 1
844 99 1
844 120 1
844 123 1
844 257 1
844 280 1
844 348 1
844 358 1
844 443 1
844 456 1
844 494 1
844 508 1
844 854 1
844 1063 1
844 1172 1
844 1326 1
844 3750 1
844 4094 1
844 5039 1
854 18 1
854 22 1
854 68 1
854 69 1
854 72 1
854 115 1
854 257 1
854 371 1
879 9 1
879 18 1
879 22 1
879 26 1
879 33 1
879 68 1
879 111 1
879 190 1
879 197 1
879 286 1
879 474 1
879 494 1
879 653 1
879 932 1
879 1131 1
879 1192 1
879 2554 1
879 3552 1
881 15 1
881 22 1
881 43 1
881 197 1
881 1131 1
886 16 1
886 125 1
888 26 1
888 46 1
888 68 1
888 147 1
888 257 1
888 280 1
888 474 1
888 1295 1
892 18 1
892 19 1
892 26 1
892 42 1
903 6 1
903 12 1
903 15 1
903 22 1
903 45 1
903 60 1
903 123 1
903 1955 1
908 15 1
908 18 1
908 22 1
908 26 1
908 37 1
908 71 1
908 115 1
908 186 1
908 286 1
908 1172 1
908 4714 1
922 15 1
932 15 1
932 18 1
932 89 1
932 123 1
932 212 1
932 340 1
932 735 1
932 1172 1
932 1314 1
932 1376 1
932 2467 1
932 3691 1
942 12 1
942 16 1
942 26 1
942 37 1
952 12 1
979 2 1
979 22 1
979 94 1
1030 22 1
1030 3552 1
1052 2 1
1052 18 1
1052 22 1
1052 26 1
1052 34 1
1052 37 1
1052 72 1
1052 257 1
1052 290 1
1052 299 1
1052 340 1
1052 342 1
1052 358 1
1052 443 1
1052 508 1
1052 529 1
1052 624 1
1052 1355 1
1063 15 1
1063 16 1
1063 18 1
1063 22 1
1063 26 1
1063 41 1
1063 43 1
1063 58 1
1063 71 1
1063 74 1
1063 115 1
1063 123 1
1063 125 1
1063 286 1
1063 294 1
1063 299 1
1063 337 1
1063 735 1
1063 932 1
1063 2405 1
1078 22 1
1078 443 1
1085 15 1
1085 28 1
1085 271 1
1085 294 1
1085 474 1
1085 1554 1
1089 12 1
1089 16 1
1089 22 1
1089 25 1
1089 26 1
1089 120 1
1089 126 1
1089 139 1
1089 257 1
1089 844 1
1089 2308 1
1089 3166 1
1120 6 1
1120 45 1
1120 89 1
1120 94 1
1120 111 1
1120 120 1
1120 624 1
1120 2517 1
1131 6 1
1131 12 1
1131 15 1
1131 16 1
1131 28 1
1131 30 1
1131 34 1
1131 37 1
1131 45 1
1131 46 1
1131 58 1
1131 68 1
1131 74 1
1131 89 1
1131 125 1
1131 139 1
1131 190 1
1131 212 1
1131 236 1
1131 271 1
1131 290 1
1131 299 1
1131 371 1
1131 1052 1
1131 1647 1
1131 6068 1
1166 136 1
1166 152 1
1166 236 1
1167 2 1
1167 22 1
1167 286 1
1167 561 1
1167 908 1
1167 4094 1
1172 2 1
1172 16 1
1172 28 1
1172 41 1
1172 42 1
1172 71 1
1172 72 1
1172 89 1
1172 111 1
1172 561 1
1172 1289 1
1182 18 1
1182 22 1
1182 123 1
1182 258 1
1182 1052 1
1188 12 1
1188 16 1
1188 18 1
1188 474 1
1188 695 1
1192 6 1
1192 16 1
1192 18 1
1192 22 1
1192 94 1
1192 207 1
1192 212 1
1192 307 1
1192 435 1
1192 932 1
1192 1561 1
1228 26 1
1228 30 1
1270 18 1
1276 12 1
1276 15 1
1276 22 1
1276 26 1
1276 42 1
1276 111 1
1276 115 1
1276 207 1
1276 443 1
1276 844 1
1276 932 1
1285 6 1
1285 280 1
1285 299 1
1285 624 1
1289 6 1
1289 12 1
1289 15 1
1289 18 1
1289 69 1
1289 89 1
1289 104 1
1289 212 1
1289 1052 1
1289 1172 1
1293 22 1
1293 37 1
1293 71 1
1293 89 1
1293 115 1
1295 22 1
1295 26 1
1295 115 1
1314 15 1
1314 28 1
1314 474 1
1326 2 1
1326 15 1
1326 18 1
1326 26 1
1326 42 1
1326 302 1
1326 892 1
1326 1120 1
1339 15 1
1339 22 1
1339 26 1
1339 28 1
1339 42 1
1339 68 1
1339 94 1
1339 120 1
1339 123 1
1339 126 1
1339 136 1
1339 227 1
1339 489 1
1341 9 1
1341 12 1
1341 197 1
1341 257 1
1341 299 1
1341 312 1
1341 474 1
1341 2566 1
1341 4330 1
1341 5449 1
1345 6 1
1345 16 1
1345 26 1
1345 844 1
1354 104 1
1355 2 1
1355 15 1
1355 22 1
1355 26 1
1355 45 1
1355 104 1
1355 123 1
1355 342 1
1355 358 1
1355 942 1
1355 1289 1
1376 2 1
1376 6 1
1376 15 1
1376 26 1
1376 46 1
1376 68 1
1376 104 1
1376 123 1
1376 125 1
1376 190 1
1376 294 1
1376 879 1
1376 932 1
1376 1063 1
1398 299 1
1469 26 1
1510 6 1
1510 26 1
1510 41 1
1510 89 1
1510 245 1
1510 438 1
1510 443 1
1510 1816 1
1510 3952 1
1554 2 1
1554 6 1
1554 18 1
1554 22 1
1554 42 1
1554 307 1
1554 443 1
1554 1063 1
1554 1167 1
1554 3301 1
1559 18 1
1559 22 1
1559 68 1
1559 71 1
1561 16 1
1561 18 1
1561 26 1
1561 34 1
1561 115 1
1561 533 1
1592 22 1
1592 72 1
1592 1063 1
1603 932 1
1603 3750 1
1617 15 1
1617 37 1
1617 89 1
1617 212 1
1617 231 1
1617 280 1
1647 22 1
1647 489 1
1659 15 1
1659 22 1
1659 26 1
1659 68 1
1659 474 1
1659 489 1
1659 3691 1
1676 119 1
1720 12 1
1720 111 1
1738 22 1
1793 15 1
1793 16 1
1793 26 1
1793 72 1
1793 111 1
1816 6 1
1816 37 1
1816 89 1
1879 37 1
1879 71 1
1879 438 1
1879 735 1
1889 2 1
1889 12 1
1889 15 1
1889 18 1
1889 26 1
1889 42 1
1889 45 1
1889 104 1
1889 257 1
1889 514 1
1955 15 1
1955 286 1
1986 22 1
2040 68 1
2048 18 1
2048 22 1
2048 120 1
2048 123 1
2048 735 1
2048 1659 1
2096 12 1
2096 15 1
2096 236 1
2096 312 1
2140 18 1
2140 22 1
2140 41 1
2140 89 1
2140 398 1
2141 15 1
2182 15 1
2182 1276 1
2197 2 1
2197 28 1
2197 257 1
2299 6 1
2299 16 1
2299 18 1
2299 37 1
2299 45 1
2299 125 1
2299 443 1
2299 474 1
2299 5039 1
2303 22 1
2303 34 1
2303 45 1
2303 68 1
2303 474 1
2303 1336 1
2305 37 1
2308 6 1
2308 18 1
2308 30 1
2308 120 1
2308 136 1
2308 286 1
2308 348 1
2308 489 1
2308 653 1
2308 1339 1
2308 3952 1
2343 26 1
2405 15 1
2405 18 1
2405 22 1
2405 71 1
2405 474 1
2405 4102 1
2462 68 1
2467 15 1
2467 16 1
2467 26 1
2467 123 1
2467 474 1
2490 15 1
2490 16 1
2490 22 1
2490 26 1
2490 68 1
2517 45 1
2554 16 1
2554 18 1
2554 28 1
2554 45 1
2554 60 1
2554 136 1
2554 474 1
2566 315 1
2573 2 1
2573 18 1
2573 22 1
2592 18 1
2592 26 1
2592 46 1
2592 854 1
2592 2303 1
2597 68 1
2609 15 1
2609 16 1
2609 34 1
2609 104 1
2609 1341 1
2612 22 1
2612 307 1
2653 68 1
2674 2 1
2674 18 1
2674 26 1
2674 68 1
2674 89 1
2674 123 1
2682 18 1
2682 22 1
2682 231 1
2738 15 1
2738 45 1
2738 932 1
2738 1341 1
2763 6 1
2763 18 1
2763 22 1
2866 2 1
2866 89 1
2866 152 1
2966 6 1
2966 15 1
3108 26 1
3108 37 1
3163 30 1
3163 41 1
3163 123 1
3166 15 1
3166 18 1
3166 45 1
3261 18 1
3261 22 1
3261 3552 1
3301 16 1
3480 474 1
3552 15 1
3552 16 1
3552 22 1
3552 26 1
3552 530 1
3596 16 1
3596 30 1
3596 94 1
3596 111 1
3596 197 1
3606 15 1
3606 30 1
3607 22 1
3607 245 1
3691 26 1
3691 89 1
3691 190 1
3731 41 1
3731 71 1
3731 125 1
3731 854 1
3750 16 1
3750 18 1
3750 89 1
3750 115 1
3750 152 1
3750 186 1
3750 236 1
3750 624 1
3815 18 1
3815 290 1
3829 71 1
3857 12 1
3857 257 1
3857 258 1
3857 290 1
3877 340 1
3878 15 1
3878 22 1
3952 6 1
3963 15 1
3963 45 1
3963 111 1
3963 125 1
4065 18 1
4065 26 1
4094 844 1
4102 15 1
4102 24 1
4102 42 1
4102 125 1
4146 15 1
4146 18 1
4146 89 1
4146 286 1
4146 854 1
4166 15 1
4175 18 1
4176 12 1
4330 22 1
4402 474 1
4435 18 1
4437 111 1
4437 115 1
4549 18 1
4549 30 1
4549 1793 1
4644 120 1
4644 623 1
4714 9 1
4714 22 1
4714 26 1
4714 115 1
4714 474 1
4714 4102 1
4818 124 1
4818 1052 1
4820 15 1
4820 42 1
4827 18 1
4843 136 1
4843 312 1
4868 16 1
4868 474 1
4868 1078 1
4877 15 1
5007 22 1
5039 22 1
5101 1052 1
5280 18 1
5280 26 1
5340 6 1
5406 6 1
5406 18 1
5406 45 1
5406 46 1
5406 111 1
5406 115 1
5406 245 1
5406 522 1
5406 529 1
5406 624 1
5409 231 1
5449 37 1
5457 6 1
5480 16 1
5518 15 1
5518 6376 1
5533 16 1
5533 68 1
5750 58 1
5921 18 1
5921 22 1
5921 26 1
5921 28 1
5921 41 1
5921 45 1
5921 68 1
5921 312 1
5938 18 1
5938 94 1
5976 42 1
5987 2 1
6019 58 1
6068 89 1
6152 22 1
6152 69 1
6152 104 1
6226 231 1
6263 25 1
6263 37 1
6263 41 1
6263 115 1
6263 6673 1
6362 37 1
6362 45 1
6376 257 1
6376 932 1
6381 46 1
6598 115 1
6660 526 1
6673 15 1
6673 18 1
6673 22 1
6703 94 1
7143 115 1
7143 286 1
7154 22 1
7294 290 1
7340 28 1
7419 26 1
7452 147 1
7469 474 1
7683 18 1
