2 6 1
2 12 1
2 22 1
2 30 1
2 46 1
2 71 1
2 92 1
2 123 1
2 124 1
2 236 1
2 257 1
2 280 1
2 312 1
2 320 1
2 358 1
2 456 1
2 474 1
2 506 1
2 508 1
2 529 1
2 548 1
2 612 1
2 631 1
2 695 1
2 704 1
2 725 1
2 735 1
2 765 1
2 844 1
2 908 1
2 942 1
2 1063 1
2 1089 1
2 1131 1
2 1172 1
2 1376 1
2 1592 1
2 2096 1
2 2517 1
2 2763 1
2 3163 1
2 4094 1
2 4402 1
2 4435 1
2 5227 1
2 6263 1
6 2 1
6 15 1
6 16 1
6 18 1
6 26 1
6 28 1
6 34 1
6 37 1
6 41 1
6 45 1
6 46 1
6 47 1
6 68 1
6 69 1
6 71 1
6 72 1
6 89 1
6 92 1
6 94 1
6 111 1
6 115 1
6 125 1
6 136 1
6 147 1
6 186 1
6 190 1
6 197 1
6 212 1
6 240 1
6 257 1
6 258 1
6 294 1
6 299 1
6 302 1
6 312 1
6 322 1
6 337 1
6 358 1
6 361 1
6 371 1
6 398 1
6 434 1
6 443 1
6 456 1
6 474 1
6 515 1
6 522 1
6 530 1
6 582 1
6 624 1
6 653 1
6 733 1
6 844 1
6 854 1
6 879 1
6 888 1
6 932 1
6 1052 1
6 1063 1
6 1172 1
6 1192 1
6 1228 1
6 1376 1
6 1554 1
6 1561 1
6 2299 1
6 2305 1
6 2462 1
6 2674 1
6 3607 1
6 3691 1
8 12 1
8 15 1
8 16 1
8 22 1
8 26 1
8 28 1
8 30 1
8 41 1
8 42 1
8 45 1
8 94 1
8 115 1
8 120 1
8 245 1
8 294 1
8 371 1
8 474 1
8 514 1
8 530 1
8 854 1
8 1131 1
8 1659 1
9 2 1
9 15 1
9 16 1
9 18 1
9 26 1
9 28 1
9 58 1
9 71 1
9 111 1
9 119 1
9 139 1
9 197 1
9 312 1
9 530 1
9 1285 1
9 1345 1
9 2197 1
9 2674 1
9 5406 1
12 6 1
12 9 1
12 15 1
12 18 1
12 26 1
12 41 1
12 46 1
12 69 1
12 71 1
12 89 1
12 94 1
12 123 1
12 124 1
12 125 1
12 190 1
12 197 1
12 227 1
12 258 1
12 286 1
12 290 1
12 294 1
12 299 1
12 322 1
12 348 1
12 456 1
12 474 1
12 478 1
12 526 1
12 540 1
12 624 1
12 725 1
12 844 1
12 881 1
12 932 1
12 1120 1
12 1314 1
12 1592 1
12 1720 1
12 1879 1
12 3166 1
12 3301 1
12 3552 1
12 3750 1
12 4714 1
12 5280 1
12 5518 1
12 5750 1
15 2 1
15 6 1
15 18 1
15 25 1
15 28 1
15 34 1
15 37 1
15 41 1
15 42 1
15 46 1
15 68 1
15 89 1
15 92 1
15 94 1
15 111 1
15 115 1
15 125 1
15 126 1
15 139 1
15 147 1
15 152 1
15 190 1
15 212 1
15 240 1
15 245 1
15 257 1
15 271 1
15 280 1
15 290 1
15 312 1
15 320 1
15 340 1
15 371 1
15 434 1
15 435 1
15 443 1
15 456 1
15 514 1
15 526 1
15 529 1
15 530 1
15 624 1
15 704 1
15 801 1
15 886 1
15 942 1
15 979 1
15 1052 1
15 1078 1
15 1166 1
15 1167 1
15 1276 1
15 1314 1
15 1339 1
15 1376 1
15 1554 1
15 1561 1
15 1647 1
15 1659 1
15 1889 1
15 2197 1
15 2308 1
15 2738 1
15 3166 1
15 3552 1
15 3606 1
15 5406 1
15 5921 1
15 5938 1
16 2 1
16 8 1
16 12 1
16 15 1
16 18 1
16 19 1
16 24 1
16 26 1
16 30 1
16 37 1
16 41 1
16 42 1
16 45 1
16 47 1
16 69 1
16 71 1
16 89 1
16 104 1
16 111 1
16 115 1
16 119 1
16 120 1
16 125 1
16 126 1
16 139 1
16 147 1
16 152 1
16 186 1
16 191 1
16 207 1
16 226 1
16 236 1
16 240 1
16 241 1
16 258 1
16 271 1
16 280 1
16 286 1
16 290 1
16 294 1
16 299 1
16 302 1
16 315 1
16 320 1
16 322 1
16 337 1
16 348 1
16 358 1
16 369 1
16 371 1
16 434 1
16 438 1
16 443 1
16 456 1
16 474 1
16 478 1
16 489 1
16 494 1
16 508 1
16 514 1
16 515 1
16 522 1
16 526 1
16 530 1
16 532 1
16 533 1
16 548 1
16 561 1
16 612 1
16 624 1
16 653 1
16 695 1
16 718 1
16 725 1
16 735 1
16 765 1
16 803 1
16 844 1
16 879 1
16 881 1
16 892 1
16 932 1
16 979 1
16 1052 1
16 1085 1
16 1167 1
16 1172 1
16 1182 1
16 1192 1
16 1285 1
16 1289 1
16 1293 1
16 1295 1
16 1314 1
16 1326 1
16 1339 1
16 1345 1
16 1354 1
16 1398 1
16 1603 1
16 1659 1
16 1720 1
16 1738 1
16 1793 1
16 1816 1
16 2048 1
16 2096 1
16 2197 1
16 2203 1
16 2405 1
16 2554 1
16 2612 1
16 2674 1
16 2682 1
16 2763 1
16 2966 1
16 3166 1
16 3261 1
16 3552 1
16 3691 1
16 3731 1
16 3857 1
16 4065 1
16 4094 1
16 4102 1
16 4146 1
16 4175 1
16 4402 1
16 4549 1
16 4643 1
16 4714 1
16 4827 1
16 4843 1
16 5406 1
16 5457 1
16 6376 1
16 6673 1
16 7017 1
16 7419 1
18 2 1
18 6 1
18 8 1
18 12 1
18 15 1
18 19 1
18 22 1
18 25 1
18 26 1
18 30 1
18 34 1
18 37 1
18 42 1
18 43 1
18 45 1
18 46 1
18 58 1
18 68 1
18 69 1
18 71 1
18 72 1
18 89 1
18 94 1
18 104 1
18 111 1
18 115 1
18 120 1
18 125 1
18 126 1
18 136 1
18 147 1
18 152 1
18 190 1
18 196 1
18 197 1
18 207 1
18 212 1
18 227 1
18 231 1
18 240 1
18 245 1
18 257 1
18 258 1
18 286 1
18 290 1
18 294 1
18 299 1
18 312 1
18 315 1
18 342 1
18 358 1
18 369 1
18 371 1
18 435 1
18 438 1
18 443 1
18 489 1
18 494 1
18 506 1
18 522 1
18 526 1
18 530 1
18 532 1
18 548 1
18 624 1
18 695 1
18 704 1
18 803 1
18 838 1
18 844 1
18 854 1
18 879 1
18 903 1
18 908 1
18 922 1
18 932 1
18 1063 1
18 1078 1
18 1085 1
18 1089 1
18 1166 1
18 1167 1
18 1192 1
18 1276 1
18 1295 1
18 1326 1
18 1339 1
18 1341 1
18 1355 1
18 1376 1
18 1510 1
18 1720 1
18 1986 1
18 2048 1
18 2197 1
18 2303 1
18 2405 1
18 2467 1
18 2517 1
18 2554 1
18 2612 1
18 2738 1
18 2763 1
18 3166 1
18 3375 1
18 3480 1
18 3552 1
18 3731 1
18 4330 1
18 4818 1
18 5406 1
18 5533 1
18 5938 1
18 6703 1
18 7419 1
18 7469 1
19 15 1
19 22 1
19 37 1
19 104 1
19 136 1
19 4714 1
22 2 1
22 6 1
22 9 1
22 12 1
22 15 1
22 16 1
22 18 1
22 19 1
22 24 1
22 25 1
22 26 1
22 28 1
22 30 1
22 37 1
22 41 1
22 42 1
22 43 1
22 45 1
22 47 1
22 60 1
22 68 1
22 69 1
22 72 1
22 74 1
22 89 1
22 94 1
22 99 1
22 104 1
22 111 1
22 115 1
22 119 1
22 123 1
22 124 1
22 125 1
22 136 1
22 147 1
22 152 1
22 191 1
22 197 1
22 207 1
22 212 1
22 227 1
22 231 1
22 245 1
22 257 1
22 258 1
22 271 1
22 280 1
22 290 1
22 294 1
22 299 1
22 307 1
22 315 1
22 320 1
22 337 1
22 340 1
22 348 1
22 358 1
22 369 1
22 371 1
22 434 1
22 435 1
22 438 1
22 443 1
22 456 1
22 478 1
22 489 1
22 508 1
22 514 1
22 515 1
22 526 1
22 529 1
22 530 1
22 533 1
22 540 1
22 548 1
22 561 1
22 624 1
22 631 1
22 685 1
22 695 1
22 704 1
22 718 1
22 725 1
22 733 1
22 735 1
22 765 1
22 838 1
22 854 1
22 881 1
22 888 1
22 932 1
22 942 1
22 979 1
22 1052 1
22 1063 1
22 1089 1
22 1120 1
22 1192 1
22 1276 1
22 1285 1
22 1289 1
22 1295 1
22 1314 1
22 1339 1
22 1341 1
22 1345 1
22 1355 1
22 1398 1
22 1554 1
22 1561 1
22 1592 1
22 1659 1
22 1720 1
22 1738 1
22 1816 1
22 1889 1
22 1955 1
22 2048 1
22 2197 1
22 2203 1
22 2299 1
22 2305 1
22 2343 1
22 2405 1
22 2517 1
22 2554 1
22 2609 1
22 2612 1
22 2738 1
22 3166 1
22 3301 1
22 3481 1
22 3552 1
22 3750 1
22 3815 1
22 3878 1
22 4102 1
22 4146 1
22 4330 1
22 4402 1
22 4714 1
22 4820 1
22 4868 1
22 5007 1
22 5024 1
22 5449 1
22 5750 1
22 5866 1
22 6068 1
22 6376 1
22 6598 1
22 6673 1
22 7143 1
22 7452 1
24 15 1
24 18 1
24 45 1
24 111 1
24 120 1
24 515 1
24 561 1
24 2405 1
25 6 1
25 8 1
25 15 1
25 16 1
25 26 1
25 45 1
25 72 1
25 104 1
25 111 1
25 136 1
25 257 1
25 340 1
25 371 1
25 474 1
25 506 1
25 1167 1
25 1816 1
25 4065 1
26 2 1
26 9 1
26 12 1
26 15 1
26 19 1
26 25 1
26 28 1
26 30 1
26 34 1
26 37 1
26 42 1
26 46 1
26 47 1
26 58 1
26 68 1
26 72 1
26 89 1
26 115 1
26 123 1
26 124 1
26 125 1
26 147 1
26 207 1
26 226 1
26 231 1
26 236 1
26 271 1
26 280 1
26 294 1
26 299 1
26 312 1
26 333 1
26 340 1
26 348 1
26 358 1
26 371 1
26 435 1
26 438 1
26 443 1
26 456 1
26 474 1
26 489 1
26 506 1
26 526 1
26 529 1
26 532 1
26 561 1
26 633 1
26 695 1
26 725 1
26 803 1
26 838 1
26 844 1
26 908 1
26 932 1
26 942 1
26 1052 1
26 1063 1
26 1078 1
26 1120 1
26 1131 1
26 1172 1
26 1285 1
26 1289 1
26 1339 1
26 1355 1
26 1376 1
26 1592 1
26 1659 1
26 1816 1
26 1879 1
26 2462 1
26 2609 1
26 2674 1
26 3552 1
26 3815 1
26 3952 1
26 3963 1
26 4094 1
26 4146 1
26 5101 1
28 2 1
28 6 1
28 8 1
28 12 1
28 15 1
28 16 1
28 18 1
28 19 1
28 26 1
28 34 1
28 37 1
28 41 1
28 45 1
28 46 1
28 47 1
28 58 1
28 68 1
28 71 1
28 72 1
28 89 1
28 94 1
28 104 1
28 115 1
28 120 1
28 123 1
28 136 1
28 152 1
28 197 1
28 231 1
28 245 1
28 257 1
28 258 1
28 271 1
28 280 1
28 286 1
28 290 1
28 294 1
28 299 1
28 312 1
28 315 1
28 320 1
28 333 1
28 337 1
28 340 1
28 358 1
28 434 1
28 443 1
28 489 1
28 515 1
28 529 1
28 530 1
28 633 1
28 653 1
28 718 1
28 725 1
28 735 1
28 803 1
28 854 1
28 888 1
28 903 1
28 1063 1
28 1089 1
28 1182 1
28 1276 1
28 1295 1
28 1314 1
28 1326 1
28 1554 1
28 1676 1
28 1793 1
28 2141 1
28 2299 1
28 2405 1
28 2462 1
28 2517 1
28 2573 1
28 2597 1
28 3481 1
28 3691 1
28 3877 1
28 4644 1
28 4714 1
28 5987 1
30 6 1
30 8 1
30 9 1
30 12 1
30 15 1
30 22 1
30 26 1
30 37 1
30 41 1
30 42 1
30 45 1
30 46 1
30 58 1
30 89 1
30 94 1
30 115 1
30 123 1
30 124 1
30 125 1
30 147 1
30 197 1
30 207 1
30 227 1
30 290 1
30 294 1
30 315 1
30 333 1
30 337 1
30 340 1
30 438 1
30 522 1
30 653 1
30 725 1
30 765 1
30 886 1
30 892 1
30 908 1
30 1167 1
30 1172 1
30 1182 1
30 1192 1
30 1341 1
30 1561 1
30 1889 1
30 2096 1
30 2674 1
30 2966 1
30 3750 1
30 4435 1
30 4820 1
30 5518 1
33 18 1
33 71 1
34 6 1
34 8 1
34 9 1
34 12 1
34 18 1
34 19 1
34 22 1
34 41 1
34 46 1
34 68 1
34 71 1
34 89 1
34 104 1
34 120 1
34 123 1
34 136 1
34 147 1
34 197 1
34 280 1
34 286 1
34 294 1
34 348 1
34 435 1
34 438 1
34 474 1
34 514 1
34 529 1
34 561 1
34 624 1
34 725 1
34 1131 1
34 1376 1
34 1554 1
34 1659 1
34 1889 1
34 1955 1
34 2048 1
34 2462 1
34 2674 1
34 2966 1
34 3750 1
34 4714 1
34 7683 1
37 2 1
37 6 1
37 15 1
37 16 1
37 18 1
37 22 1
37 26 1
37 28 1
37 34 1
37 41 1
37 45 1
37 46 1
37 58 1
37 68 1
37 71 1
37 104 1
37 111 1
37 115 1
37 120 1
37 123 1
37 136 1
37 186 1
37 231 1
37 236 1
37 271 1
37 299 1
37 312 1
37 315 1
37 371 1
37 438 1
37 456 1
37 489 1
37 526 1
37 623 1
37 624 1
37 653 1
37 695 1
37 765 1
37 844 1
37 932 1
37 1089 1
37 1131 1
37 1295 1
37 1554 1
37 2405 1
37 3750 1
37 3963 1
37 4094 1
37 6376 1
41 2 1
41 6 1
41 12 1
41 15 1
41 16 1
41 28 1
41 45 1
41 58 1
41 68 1
41 72 1
41 89 1
41 104 1
41 111 1
41 120 1
41 236 1
41 257 1
41 271 1
41 286 1
41 290 1
41 299 1
41 371 1
41 438 1
41 456 1
41 474 1
41 533 1
41 942 1
41 1172 1
41 1293 1
41 1339 1
41 3261 1
41 3375 1
42 8 1
42 12 1
42 18 1
42 25 1
42 37 1
42 45 1
42 58 1
42 72 1
42 89 1
42 92 1
42 111 1
42 115 1
42 152 1
42 190 1
42 197 1
42 299 1
42 302 1
42 312 1
42 340 1
42 358 1
42 371 1
42 443 1
42 508 1
42 3108 1
42 3261 1
42 4435 1
43 12 1
43 15 1
43 16 1
43 22 1
43 26 1
43 42 1
43 45 1
43 68 1
43 69 1
43 104 1
43 115 1
43 120 1
43 123 1
43 190 1
43 207 1
43 236 1
43 286 1
43 320 1
43 322 1
43 435 1
43 474 1
43 526 1
43 530 1
43 540 1
43 765 1
43 1078 1
43 1131 1
43 1293 1
43 1659 1
43 2299 1
43 4437 1
43 4515 1
43 6362 1
45 2 1
45 6 1
45 9 1
45 12 1
45 22 1
45 25 1
45 26 1
45 37 1
45 47 1
45 60 1
45 68 1
45 72 1
45 89 1
45 104 1
45 120 1
45 125 1
45 126 1
45 136 1
45 147 1
45 186 1
45 226 1
45 257 1
45 258 1
45 290 1
45 294 1
45 302 1
45 312 1
45 315 1
45 320 1
45 337 1
45 340 1
45 371 1
45 438 1
45 443 1
45 474 1
45 489 1
45 506 1
45 514 1
45 529 1
45 532 1
45 561 1
45 714 1
45 735 1
45 838 1
45 879 1
45 903 1
45 1063 1
45 1131 1
45 1172 1
45 1192 1
45 1276 1
45 1289 1
45 1345 1
45 1879 1
45 1955 1
45 2299 1
45 2462 1
45 2517 1
45 3607 1
45 3815 1
45 6226 1
46 2 1
46 8 1
46 9 1
46 15 1
46 16 1
46 22 1
46 26 1
46 30 1
46 37 1
46 45 1
46 68 1
46 69 1
46 72 1
46 89 1
46 92 1
46 94 1
46 104 1
46 115 1
46 119 1
46 120 1
46 125 1
46 136 1
46 190 1
46 257 1
46 294 1
46 299 1
46 302 1
46 434 1
46 443 1
46 474 1
46 489 1
46 506 1
46 561 1
46 733 1
46 854 1
46 908 1
46 1063 1
46 1078 1
46 1085 1
46 1172 1
46 2554 1
46 3552 1
46 7141 1
47 30 1
47 34 1
47 72 1
47 94 1
47 111 1
47 125 1
47 147 1
47 197 1
47 312 1
47 474 1
47 932 1
47 1063 1
47 1188 1
58 6 1
58 8 1
58 12 1
58 15 1
58 22 1
58 26 1
58 33 1
58 34 1
58 41 1
58 45 1
58 46 1
58 71 1
58 104 1
58 115 1
58 120 1
58 125 1
58 126 1
58 197 1
58 207 1
58 212 1
58 245 1
58 257 1
58 280 1
58 290 1
58 294 1
58 299 1
58 315 1
58 371 1
58 438 1
58 456 1
58 474 1
58 478 1
58 508 1
58 529 1
58 548 1
58 695 1
58 725 1
58 735 1
58 844 1
58 879 1
58 922 1
58 932 1
58 1052 1
58 1172 1
58 1326 1
58 1339 1
58 1554 1
58 1793 1
58 2140 1
58 2467 1
58 2517 1
58 2738 1
58 3301 1
58 3857 1
58 3877 1
58 5039 1
58 6381 1
60 2 1
60 16 1
60 22 1
60 26 1
60 37 1
60 45 1
60 68 1
60 71 1
60 207 1
60 231 1
60 236 1
60 1554 1
60 2653 1
68 2 1
68 8 1
68 9 1
68 12 1
68 15 1
68 16 1
68 18 1
68 26 1
68 34 1
68 37 1
68 45 1
68 58 1
68 60 1
68 89 1
68 92 1
68 104 1
68 115 1
68 119 1
68 123 1
68 124 1
68 125 1
68 152 1
68 190 1
68 212 1
68 231 1
68 280 1
68 286 1
68 290 1
68 299 1
68 315 1
68 322 1
68 333 1
68 358 1
68 443 1
68 474 1
68 494 1
68 508 1
68 624 1
68 633 1
68 714 1
68 733 1
68 854 1
68 908 1
68 922 1
68 932 1
68 1052 1
68 1063 1
68 1120 1
68 1131 1
68 1167 1
68 1172 1
68 1295 1
68 1339 1
68 1354 1
68 1510 1
68 1592 1
68 1659 1
68 2299 1
68 2462 1
68 2467 1
68 2490 1
68 2966 1
68 3731 1
68 4330 1
68 4644 1
68 6673 1
69 2 1
69 6 1
69 9 1
69 18 1
69 26 1
69 104 1
69 207 1
69 290 1
69 474 1
69 888 1
69 1289 1
69 4714 1
71 6 1
71 8 1
71 15 1
71 18 1
71 22 1
71 30 1
71 37 1
71 41 1
71 42 1
71 46 1
71 58 1
71 68 1
71 69 1
71 72 1
71 92 1
71 104 1
71 111 1
71 115 1
71 120 1
71 190 1
71 197 1
71 207 1
71 212 1
71 257 1
71 271 1
71 286 1
71 290 1
71 299 1
71 312 1
71 342 1
71 348 1
71 369 1
71 456 1
71 474 1
71 478 1
71 508 1
71 526 1
71 530 1
71 532 1
71 623 1
71 653 1
71 803 1
71 844 1
71 888 1
71 932 1
71 1089 1
71 1131 1
71 1167 1
71 1172 1
71 1289 1
71 1293 1
71 1354 1
71 2517 1
71 2738 1
71 3552 1
71 3691 1
71 5921 1
72 12 1
72 15 1
72 30 1
72 46 1
72 115 1
72 125 1
72 147 1
72 197 1
72 231 1
72 236 1
72 240 1
72 258 1
72 340 1
72 358 1
72 371 1
72 443 1
72 489 1
72 514 1
72 526 1
72 685 1
72 854 1
72 903 1
72 932 1
72 1052 1
72 1889 1
72 3952 1
72 4102 1
74 9 1
74 16 1
74 41 1
74 68 1
74 443 1
74 561 1
74 735 1
74 844 1
83 12 1
83 18 1
83 22 1
83 26 1
83 41 1
83 43 1
83 74 1
83 94 1
83 136 1
83 258 1
83 286 1
83 312 1
83 333 1
83 438 1
83 456 1
83 888 1
83 1188 1
83 1293 1
89 2 1
89 8 1
89 12 1
89 16 1
89 19 1
89 22 1
89 25 1
89 26 1
89 37 1
89 46 1
89 69 1
89 72 1
89 74 1
89 92 1
89 99 1
89 104 1
89 111 1
89 123 1
89 125 1
89 126 1
89 139 1
89 152 1
89 190 1
89 207 1
89 227 1
89 280 1
89 286 1
89 290 1
89 299 1
89 312 1
89 506 1
89 526 1
89 529 1
89 530 1
89 533 1
89 548 1
89 623 1
89 735 1
89 903 1
89 932 1
89 1052 1
89 1063 1
89 1089 1
89 1120 1
89 1131 1
89 1167 1
89 1172 1
89 1182 1
89 1276 1
89 1285 1
89 1355 1
89 1592 1
89 2308 1
89 2609 1
89 3108 1
89 3691 1
89 3950 1
89 4714 1
89 5280 1
89 5406 1
89 6660 1
91 22 1
91 60 1
91 74 1
91 94 1
92 6 1
92 15 1
92 16 1
92 22 1
92 26 1
92 45 1
92 46 1
92 68 1
92 94 1
92 104 1
92 115 1
92 120 1
92 125 1
92 139 1
92 280 1
92 286 1
92 333 1
92 337 1
92 685 1
92 735 1
92 952 1
92 1063 1
92 1289 1
92 1314 1
94 2 1
94 15 1
94 16 1
94 26 1
94 28 1
94 34 1
94 37 1
94 42 1
94 43 1
94 45 1
94 58 1
94 68 1
94 69 1
94 89 1
94 92 1
94 104 1
94 111 1
94 115 1
94 123 1
94 147 1
94 207 1
94 236 1
94 271 1
94 280 1
94 286 1
94 290 1
94 299 1
94 307 1
94 322 1
94 333 1
94 340 1
94 342 1
94 371 1
94 398 1
94 438 1
94 474 1
94 508 1
94 530 1
94 704 1
94 844 1
94 1063 1
94 1089 1
94 1131 1
94 1182 1
94 1326 1
94 1659 1
94 2554 1
94 3552 1
99 8 1
99 12 1
99 15 1
99 16 1
99 18 1
99 26 1
99 34 1
99 41 1
99 58 1
99 69 1
99 72 1
99 91 1
99 136 1
99 212 1
99 231 1
99 240 1
99 257 1
99 294 1
99 299 1
99 312 1
99 522 1
99 631 1
99 735 1
99 932 1
99 1030 1
99 1659 1
99 1879 1
99 6703 1
104 2 1
104 6 1
104 8 1
104 12 1
104 15 1
104 18 1
104 19 1
104 22 1
104 24 1
104 26 1
104 28 1
104 34 1
104 37 1
104 41 1
104 42 1
104 46 1
104 72 1
104 92 1
104 94 1
104 115 1
104 120 1
104 123 1
104 124 1
104 125 1
104 207 1
104 245 1
104 286 1
104 302 1
104 307 1
104 312 1
104 333 1
104 358 1
104 361 1
104 371 1
104 474 1
104 514 1
104 532 1
104 624 1
104 631 1
104 733 1
104 1052 1
104 1089 1
104 1172 1
104 1188 1
104 1192 1
104 1289 1
104 1336 1
104 1617 1
104 2517 1
104 2609 1
104 3691 1
104 6263 1
111 2 1
111 6 1
111 9 1
111 12 1
111 15 1
111 16 1
111 18 1
111 22 1
111 26 1
111 34 1
111 37 1
111 41 1
111 45 1
111 68 1
111 69 1
111 72 1
111 89 1
111 94 1
111 120 1
111 123 1
111 124 1
111 125 1
111 231 1
111 236 1
111 257 1
111 271 1
111 290 1
111 299 1
111 312 1
111 348 1
111 358 1
111 369 1
111 561 1
111 801 1
111 844 1
111 879 1
111 908 1
111 1063 1
111 1120 1
111 1172 1
111 1289 1
111 1355 1
111 1376 1
111 1617 1
111 1889 1
111 2303 1
111 4102 1
111 4843 1
111 5533 1
115 6 1
115 12 1
115 25 1
115 28 1
115 41 1
115 45 1
115 58 1
115 69 1
115 89 1
115 91 1
115 104 1
115 125 1
115 126 1
115 147 1
115 190 1
115 207 1
115 227 1
115 231 1
115 245 1
115 340 1
115 348 1
115 358 1
115 371 1
115 456 1
115 474 1
115 478 1
115 522 1
115 532 1
115 533 1
115 540 1
115 582 1
115 624 1
115 685 1
115 704 1
115 803 1
115 854 1
115 892 1
115 942 1
115 1052 1
115 1063 1
115 1089 1
115 1172 1
115 1182 1
115 1188 1
115 1276 1
115 1339 1
115 1341 1
115 1510 1
115 1659 1
115 2197 1
115 2299 1
115 3552 1
115 3596 1
119 6 1
119 8 1
119 12 1
119 15 1
119 18 1
119 22 1
119 26 1
119 28 1
119 34 1
119 37 1
119 42 1
119 71 1
119 89 1
119 94 1
119 104 1
119 115 1
119 120 1
119 136 1
119 147 1
119 152 1
119 196 1
119 231 1
119 236 1
119 245 1
119 258 1
119 271 1
119 290 1
119 315 1
119 322 1
119 333 1
119 434 1
119 438 1
119 474 1
119 508 1
119 530 1
119 533 1
119 561 1
119 631 1
119 735 1
119 801 1
119 803 1
119 932 1
119 1052 1
119 1078 1
119 1120 1
119 1131 1
119 1172 1
119 1293 1
119 1326 1
119 1561 1
119 1617 1
119 1659 1
119 1889 1
119 2096 1
119 2299 1
119 2462 1
119 2467 1
119 2517 1
119 2866 1
119 4102 1
119 4146 1
120 9 1
120 12 1
120 15 1
120 16 1
120 26 1
120 28 1
120 42 1
120 69 1
120 71 1
120 72 1
120 89 1
120 94 1
120 125 1
120 190 1
120 197 1
120 280 1
120 443 1
120 489 1
120 506 1
120 733 1
120 838 1
120 854 1
120 903 1
120 1052 1
120 1078 1
120 1167 1
120 1341 1
120 1376 1
120 1659 1
120 1691 1
120 1889 1
120 2738 1
120 3750 1
120 4065 1
120 5518 1
120 5921 1
123 2 1
123 6 1
123 15 1
123 16 1
123 18 1
123 22 1
123 25 1
123 26 1
123 28 1
123 34 1
123 37 1
123 41 1
123 45 1
123 46 1
123 47 1
123 60 1
123 68 1
123 69 1
123 71 1
123 104 1
123 111 1
123 119 1
123 120 1
123 124 1
123 125 1
123 136 1
123 147 1
123 152 1
123 186 1
123 190 1
123 207 1
123 227 1
123 245 1
123 257 1
123 280 1
123 286 1
123 290 1
123 307 1
123 312 1
123 315 1
123 320 1
123 322 1
123 333 1
123 342 1
123 438 1
123 443 1
123 456 1
123 474 1
123 489 1
123 494 1
123 506 1
123 514 1
123 515 1
123 522 1
123 526 1
123 530 1
123 533 1
123 561 1
123 623 1
123 633 1
123 803 1
123 844 1
123 854 1
123 879 1
123 881 1
123 903 1
123 932 1
123 1052 1
123 1063 1
123 1336 1
123 1339 1
123 1398 1
123 1559 1
123 1659 1
123 1889 1
123 2554 1
123 3375 1
123 3750 1
123 4269 1
123 6381 1
123 7452 1
124 6 1
124 15 1
124 16 1
124 19 1
124 22 1
124 89 1
124 120 1
124 123 1
124 126 1
124 196 1
124 245 1
124 271 1
124 280 1
124 340 1
124 561 1
124 903 1
124 1293 1
124 1647 1
124 1879 1
124 2308 1
124 6376 1
125 15 1
125 18 1
125 22 1
125 26 1
125 34 1
125 37 1
125 41 1
125 42 1
125 69 1
125 71 1
125 89 1
125 120 1
125 123 1
125 136 1
125 190 1
125 236 1
125 245 1
125 257 1
125 294 1
125 299 1
125 320 1
125 348 1
125 456 1
125 582 1
125 624 1
125 695 1
125 733 1
125 735 1
125 879 1
125 1339 1
125 1345 1
125 1355 1
125 2517 1
125 2866 1
125 3750 1
125 5921 1
126 6 1
126 15 1
126 16 1
126 18 1
126 26 1
126 72 1
126 190 1
126 299 1
126 435 1
126 474 1
126 1166 1
126 2467 1
133 16 1
133 530 1
136 2 1
136 6 1
136 8 1
136 15 1
136 16 1
136 28 1
136 43 1
136 71 1
136 89 1
136 111 1
136 115 1
136 125 1
136 280 1
136 320 1
136 358 1
136 434 1
136 526 1
136 548 1
136 838 1
136 908 1
136 1120 1
136 1339 1
136 2566 1
136 5976 1
139 18 1
139 22 1
139 26 1
139 43 1
139 58 1
139 68 1
139 94 1
139 104 1
139 111 1
139 212 1
139 236 1
139 240 1
139 515 1
139 2554 1
139 4843 1
147 15 1
147 26 1
147 45 1
147 89 1
147 104 1
147 119 1
147 136 1
147 438 1
147 7143 1
152 2 1
152 16 1
152 26 1
152 46 1
152 71 1
152 94 1
152 111 1
152 115 1
152 123 1
152 125 1
152 197 1
152 290 1
152 735 1
186 15 1
186 22 1
186 30 1
186 72 1
186 111 1
186 115 1
186 136 1
186 2405 1
186 5039 1
190 8 1
190 15 1
190 16 1
190 18 1
190 22 1
190 25 1
190 26 1
190 28 1
190 34 1
190 69 1
190 71 1
190 89 1
190 147 1
190 197 1
190 226 1
190 231 1
190 294 1
190 299 1
190 315 1
190 358 1
190 733 1
190 881 1
190 908 1
190 1085 1
190 1131 1
190 1341 1
190 2308 1
190 3552 1
190 7419 1
191 18 1
191 46 1
191 71 1
191 725 1
196 26 1
196 474 1
197 8 1
197 15 1
197 19 1
197 26 1
197 45 1
197 46 1
197 89 1
197 231 1
197 245 1
197 257 1
197 271 1
197 290 1
197 1167 1
197 1339 1
207 2 1
207 8 1
207 15 1
207 18 1
207 26 1
207 42 1
207 68 1
207 94 1
207 123 1
207 190 1
207 231 1
207 286 1
207 340 1
207 456 1
207 474 1
207 489 1
207 561 1
207 1326 1
207 1659 1
207 2096 1
212 2 1
212 15 1
212 18 1
212 26 1
212 28 1
212 42 1
212 47 1
212 72 1
212 89 1
212 92 1
212 104 1
212 111 1
212 125 1
212 126 1
212 258 1
212 302 1
212 315 1
212 348 1
212 508 1
212 530 1
212 612 1
212 903 1
212 1052 1
212 1289 1
212 2308 1
212 3552 1
226 15 1
226 18 1
226 22 1
227 16 1
227 22 1
227 41 1
227 104 1
227 231 1
227 340 1
231 6 1
231 8 1
231 22 1
231 28 1
231 37 1
231 42 1
231 45 1
231 89 1
231 104 1
231 111 1
231 123 1
231 125 1
231 147 1
231 190 1
231 245 1
231 294 1
231 474 1
231 506 1
231 561 1
231 624 1
231 633 1
231 1078 1
231 1172 1
231 1285 1
231 1341 1
236 2 1
236 12 1
236 16 1
236 18 1
236 26 1
236 37 1
236 41 1
236 46 1
236 68 1
236 71 1
236 72 1
236 89 1
236 94 1
236 133 1
236 186 1
236 197 1
236 227 1
236 286 1
236 302 1
236 333 1
236 340 1
236 371 1
236 443 1
236 733 1
236 854 1
236 1052 1
236 1063 1
236 1289 1
236 2303 1
236 2554 1
236 3607 1
240 2 1
240 6 1
240 37 1
240 45 1
240 94 1
240 115 1
240 120 1
241 15 1
245 2 1
245 12 1
245 15 1
245 16 1
245 18 1
245 22 1
245 37 1
245 41 1
245 45 1
245 46 1
245 69 1
245 71 1
245 89 1
245 94 1
245 115 1
245 136 1
245 190 1
245 236 1
245 286 1
245 294 1
245 340 1
245 765 1
245 1052 1
245 1172 1
245 1289 1
245 1720 1
245 2554 1
257 16 1
257 18 1
257 22 1
257 26 1
257 41 1
257 42 1
257 45 1
257 47 1
257 58 1
257 72 1
257 89 1
257 94 1
257 104 1
257 115 1
257 124 1
257 152 1
257 207 1
257 212 1
257 271 1
257 286 1
257 290 1
257 307 1
257 312 1
257 315 1
257 340 1
257 438 1
257 474 1
257 514 1
257 526 1
257 530 1
257 532 1
257 561 1
257 1052 1
257 1063 1
257 1131 1
257 1289 1
257 1469 1
257 1554 1
257 1955 1
257 2299 1
257 2303 1
257 2490 1
257 3166 1
257 4714 1
258 16 1
258 18 1
258 37 1
258 89 1
258 104 1
258 115 1
258 120 1
258 123 1
258 474 1
258 508 1
258 526 1
258 844 1
258 1554 1
258 1592 1
271 12 1
271 34 1
271 42 1
271 69 1
271 89 1
271 147 1
271 207 1
271 340 1
271 508 1
271 540 1
271 4330 1
280 18 1
280 45 1
280 1131 1
280 1339 1
286 2 1
286 6 1
286 15 1
286 16 1
286 22 1
286 26 1
286 30 1
286 33 1
286 37 1
286 45 1
286 58 1
286 72 1
286 111 1
286 115 1
286 120 1
286 125 1
286 147 1
286 197 1
286 236 1
286 280 1
286 290 1
286 312 1
286 340 1
286 348 1
286 358 1
286 443 1
286 506 1
286 526 1
286 530 1
286 653 1
286 735 1
286 844 1
286 908 1
286 932 1
286 1052 1
286 1063 1
286 1182 1
286 1188 1
286 1341 1
286 1345 1
286 2517 1
286 3261 1
286 3829 1
286 4065 1
286 4843 1
286 6152 1
290 6 1
290 19 1
290 22 1
290 26 1
290 28 1
290 30 1
290 37 1
290 45 1
290 46 1
290 58 1
290 68 1
290 71 1
290 89 1
290 92 1
290 94 1
290 111 1
290 120 1
290 124 1
290 125 1
290 186 1
290 245 1
290 302 1
290 371 1
290 489 1
290 508 1
290 515 1
290 624 1
290 844 1
290 903 1
290 922 1
290 1063 1
290 1172 1
290 1276 1
290 1339 1
290 1355 1
290 1469 1
290 2763 1
290 7154 1
294 2 1
294 6 1
294 15 1
294 18 1
294 45 1
294 68 1
294 71 1
294 89 1
294 104 1
294 111 1
294 115 1
294 123 1
294 125 1
294 126 1
294 231 1
294 236 1
294 312 1
294 337 1
294 369 1
294 725 1
294 735 1
294 838 1
294 1052 1
294 1172 1
294 1293 1
294 1376 1
294 1659 1
294 4094 1
299 2 1
299 6 1
299 8 1
299 18 1
299 22 1
299 25 1
299 26 1
299 37 1
299 41 1
299 43 1
299 47 1
299 94 1
299 111 1
299 115 1
299 125 1
299 245 1
299 286 1
299 290 1
299 312 1
299 348 1
299 443 1
299 529 1
299 612 1
299 624 1
299 714 1
299 801 1
299 844 1
299 1131 1
299 1172 1
302 9 1
302 15 1
302 18 1
302 19 1
302 22 1
302 28 1
302 30 1
302 37 1
302 45 1
302 71 1
302 72 1
302 104 1
302 115 1
302 147 1
302 236 1
302 280 1
302 286 1
302 294 1
302 337 1
302 358 1
302 474 1
302 508 1
302 526 1
302 561 1
302 1293 1
302 1339 1
302 1376 1
302 1554 1
302 3815 1
302 3952 1
302 5280 1
302 5921 1
302 7017 1
307 15 1
307 16 1
307 18 1
307 26 1
307 58 1
307 68 1
307 74 1
307 125 1
307 190 1
307 212 1
307 280 1
307 514 1
307 522 1
307 529 1
307 612 1
307 735 1
307 932 1
307 1089 1
307 1172 1
307 1192 1
307 1355 1
307 1659 1
307 2303 1
307 4402 1
312 6 1
312 15 1
312 26 1
312 28 1
312 34 1
312 41 1
312 43 1
312 45 1
312 68 1
312 71 1
312 89 1
312 94 1
312 111 1
312 115 1
312 125 1
312 196 1
312 197 1
312 240 1
312 258 1
312 286 1
312 299 1
312 474 1
312 508 1
312 529 1
312 561 1
312 624 1
312 1078 1
312 2592 1
312 3607 1
312 4827 1
315 15 1
315 18 1
315 22 1
315 26 1
315 28 1
315 42 1
315 45 1
315 58 1
315 68 1
315 72 1
315 89 1
315 115 1
315 120 1
315 123 1
315 207 1
315 231 1
315 257 1
315 280 1
315 302 1
315 474 1
315 903 1
315 1063 1
315 1120 1
315 1659 1
315 2738 1
315 4549 1
320 2 1
320 15 1
320 18 1
320 22 1
320 561 1
322 18 1
322 22 1
322 26 1
322 104 1
322 371 1
322 438 1
333 8 1
333 12 1
333 15 1
333 16 1
333 18 1
333 22 1
333 25 1
333 37 1
333 41 1
333 68 1
333 71 1
333 94 1
333 227 1
333 290 1
333 526 1
333 530 1
333 844 1
333 881 1
333 1052 1
333 1166 1
333 2096 1
333 2674 1
333 5750 1
333 6263 1
337 15 1
337 18 1
337 43 1
337 115 1
337 623 1
340 2 1
340 6 1
340 16 1
340 18 1
340 41 1
340 46 1
340 74 1
340 111 1
340 120 1
340 123 1
340 125 1
340 191 1
340 197 1
340 231 1
340 290 1
340 312 1
340 320 1
340 371 1
340 434 1
340 854 1
340 903 1
340 4269 1
340 4714 1
342 12 1
342 15 1
342 89 1
342 94 1
342 290 1
342 299 1
342 979 1
348 15 1
348 22 1
348 26 1
348 69 1
348 74 1
348 111 1
348 119 1
348 190 1
348 197 1
348 245 1
348 312 1
348 340 1
348 456 1
348 474 1
348 881 1
348 1172 1
358 6 1
358 15 1
358 16 1
358 18 1
358 22 1
358 26 1
358 28 1
358 30 1
358 68 1
358 72 1
358 115 1
358 191 1
358 294 1
358 312 1
358 340 1
358 506 1
358 526 1
358 803 1
358 1131 1
358 1354 1
361 16 1
361 18 1
361 22 1
361 26 1
361 803 1
369 26 1
369 197 1
369 227 1
369 438 1
369 456 1
371 8 1
371 15 1
371 26 1
371 34 1
371 37 1
371 41 1
371 46 1
371 94 1
371 104 1
371 120 1
371 124 1
371 139 1
371 186 1
371 257 1
371 286 1
371 294 1
371 312 1
371 443 1
371 474 1
371 489 1
371 548 1
371 1339 1
398 15 1
398 26 1
398 45 1
398 72 1
398 89 1
398 125 1
398 190 1
398 240 1
398 245 1
398 299 1
398 307 1
398 1063 1
398 1355 1
398 2303 1
434 6 1
434 45 1
434 46 1
434 71 1
434 227 1
434 286 1
435 6 1
435 15 1
435 16 1
435 18 1
435 26 1
435 89 1
435 115 1
435 125 1
435 322 1
438 2 1
438 6 1
438 8 1
438 12 1
438 18 1
438 26 1
438 28 1
438 37 1
438 45 1
438 47 1
438 68 1
438 71 1
438 89 1
438 94 1
438 123 1
438 197 1
438 212 1
438 286 1
438 299 1
438 315 1
438 322 1
438 333 1
438 358 1
438 515 1
438 633 1
438 844 1
438 932 1
438 1120 1
438 1172 1
438 2738 1
438 2866 1
443 6 1
443 12 1
443 15 1
443 18 1
443 28 1
443 30 1
443 33 1
443 34 1
443 42 1
443 46 1
443 68 1
443 71 1
443 89 1
443 125 1
443 126 1
443 258 1
443 271 1
443 312 1
443 456 1
443 474 1
443 733 1
443 3552 1
456 15 1
456 18 1
456 22 1
456 28 1
456 37 1
456 68 1
456 71 1
456 286 1
456 315 1
456 735 1
456 3552 1
474 6 1
474 12 1
474 18 1
474 22 1
474 24 1
474 28 1
474 37 1
474 41 1
474 42 1
474 45 1
474 46 1
474 58 1
474 60 1
474 68 1
474 71 1
474 83 1
474 92 1
474 111 1
474 115 1
474 147 1
474 152 1
474 191 1
474 196 1
474 240 1
474 280 1
474 286 1
474 290 1
474 302 1
474 348 1
474 369 1
474 529 1
474 653 1
474 685 1
474 838 1
474 1052 1
474 1078 1
474 1131 1
474 1172 1
474 1289 1
474 1376 1
474 1559 1
474 1676 1
474 1955 1
474 2299 1
474 2303 1
474 2467 1
474 2653 1
474 2674 1
474 3552 1
474 3691 1
474 4437 1
474 6376 1
478 18 1
478 22 1
478 45 1
478 68 1
478 89 1
478 257 1
478 438 1
478 1131 1
489 15 1
489 18 1
489 37 1
489 69 1
489 294 1
489 302 1
489 340 1
489 526 1
489 1131 1
489 2308 1
489 3952 1
494 22 1
494 26 1
494 45 1
494 115 1
494 4818 1
506 6 1
506 12 1
506 16 1
506 18 1
506 22 1
506 24 1
506 37 1
506 46 1
506 58 1
506 68 1
506 71 1
506 72 1
506 89 1
506 120 1
506 294 1
506 735 1
506 801 1
506 844 1
506 1167 1
506 1182 1
506 1341 1
508 2 1
508 15 1
508 18 1
508 22 1
508 42 1
508 69 1
508 89 1
508 94 1
508 312 1
508 474 1
508 1131 1
514 15 1
514 22 1
514 37 1
514 41 1
514 46 1
514 71 1
514 91 1
514 115 1
514 125 1
514 147 1
514 190 1
514 207 1
514 240 1
514 299 1
514 438 1
514 474 1
514 801 1
514 903 1
515 15 1
515 28 1
515 508 1
522 15 1
522 16 1
522 18 1
522 22 1
522 34 1
522 41 1
522 68 1
522 72 1
522 704 1
522 844 1
526 6 1
526 8 1
526 12 1
526 16 1
526 18 1
526 26 1
526 28 1
526 42 1
526 43 1
526 45 1
526 74 1
526 123 1
526 125 1
526 136 1
526 231 1
526 257 1
526 280 1
526 315 1
526 342 1
526 358 1
526 474 1
526 540 1
526 624 1
526 844 1
526 932 1
526 1052 1
526 1289 1
526 1345 1
526 1554 1
526 1955 1
526 4714 1
529 15 1
529 16 1
529 18 1
529 26 1
529 68 1
529 120 1
529 207 1
529 333 1
529 530 1
529 735 1
529 1078 1
529 1131 1
529 1341 1
530 6 1
530 18 1
530 22 1
530 26 1
530 28 1
530 47 1
530 92 1
530 94 1
530 111 1
530 120 1
530 123 1
530 474 1
530 1339 1
530 1889 1
532 6 1
532 22 1
532 25 1
532 94 1
532 307 1
532 624 1
532 695 1
533 2 1
533 42 1
533 123 1
540 16 1
540 18 1
540 45 1
540 58 1
540 89 1
540 111 1
540 136 1
540 197 1
548 15 1
548 26 1
548 271 1
548 307 1
548 532 1
548 1341 1
561 2 1
561 6 1
561 9 1
561 12 1
561 18 1
561 22 1
561 28 1
561 34 1
561 41 1
561 69 1
561 71 1
561 89 1
561 104 1
561 120 1
561 123 1
561 125 1
561 257 1
561 258 1
561 280 1
561 286 1
561 307 1
561 438 1
561 443 1
561 474 1
561 478 1
561 530 1
561 653 1
561 704 1
561 1120 1
561 1172 1
561 2467 1
561 2554 1
582 6 1
582 9 1
582 12 1
582 15 1
582 16 1
582 18 1
582 22 1
582 26 1
582 30 1
582 37 1
582 41 1
582 46 1
582 47 1
582 58 1
582 71 1
582 92 1
582 94 1
582 111 1
582 115 1
582 124 1
582 125 1
582 190 1
582 197 1
582 240 1
582 257 1
582 294 1
582 299 1
582 312 1
582 371 1
582 474 1
582 514 1
582 529 1
582 685 1
582 803 1
582 1085 1
582 1089 1
582 1339 1
582 1341 1
582 2182 1
582 4644 1
582 4714 1
582 5039 1
582 5227 1
612 12 1
612 22 1
612 71 1
612 231 1
612 1172 1
612 4330 1
623 15 1
623 18 1
623 5406 1
624 12 1
624 15 1
624 16 1
624 18 1
624 22 1
624 25 1
624 34 1
624 45 1
624 58 1
624 69 1
624 71 1
624 89 1
624 94 1
624 104 1
624 312 1
624 371 1
624 438 1
624 506 1
624 765 1
624 1376 1
624 1510 1
631 68 1
631 348 1
633 22 1
633 26 1
633 37 1
633 42 1
633 508 1
633 1089 1
653 15 1
653 18 1
653 28 1
653 42 1
653 89 1
653 115 1
653 120 1
653 271 1
653 280 1
653 294 1
653 533 1
653 886 1
653 1063 1
653 1355 1
653 5024 1
685 2 1
685 6 1
685 8 1
685 12 1
685 15 1
685 26 1
685 45 1
685 89 1
685 190 1
685 245 1
685 286 1
685 312 1
685 474 1
685 526 1
685 801 1
685 932 1
685 1554 1
695 89 1
695 104 1
695 120 1
695 735 1
695 4176 1
704 15 1
704 22 1
704 1131 1
714 15 1
714 18 1
718 529 1
725 6 1
725 12 1
725 18 1
725 26 1
725 41 1
725 42 1
725 89 1
725 94 1
725 115 1
725 123 1
725 186 1
725 286 1
725 348 1
725 515 1
725 548 1
725 582 1
725 733 1
725 881 1
725 1376 1
725 1398 1
725 2405 1
725 2467 1
725 2609 1
733 16 1
733 22 1
733 34 1
733 94 1
733 257 1
733 474 1
733 903 1
735 15 1
735 16 1
735 19 1
735 28 1
735 37 1
735 45 1
735 58 1
735 69 1
735 72 1
735 123 1
735 474 1
735 1167 1
735 3750 1
765 2 1
765 6 1
765 15 1
765 26 1
765 68 1
765 245 1
765 844 1
765 1078 1
801 6 1
801 12 1
801 15 1
801 16 1
801 18 1
801 22 1
801 26 1
801 69 1
801 227 1
801 280 1
801 290 1
801 582 1
801 733 1
801 854 1
803 2 1
803 15 1
803 22 1
803 26 1
803 28 1
803 45 1
803 123 1
803 125 1
803 290 1
838 16 1
838 18 1
838 22 1
838 26 1
838 28 1
838 37 1
838 104 1
838 111 1
838 147 1
838 257 1
838 312 1
838 358 1
838 844 1
838 1182 1
838 5533 1
844 12 1
844 22 1
844 26 1
844 30 1
844 34 1
844 41 1
844 42 1
844 68 1
844 89 1
844 111 1
844 123 1
844 147 1
844 231 1
844 236 1
844 271 1
844 280 1
844 299 1
844 337 1
844 340 1
844 371 1
844 434 1
844 438 1
844 624 1
844 932 1
844 1052 1
844 1120 1
844 1889 1
854 2 1
854 22 1
854 26 1
854 111 1
854 286 1
854 474 1
854 1295 1
854 1339 1
879 15 1
879 22 1
879 26 1
879 34 1
879 71 1
879 72 1
879 94 1
879 104 1
879 119 1
879 190 1
879 257 1
879 348 1
879 438 1
879 474 1
879 489 1
879 561 1
879 3963 1
879 6226 1
881 12 1
881 26 1
881 312 1
881 315 1
881 1345 1
886 15 1
886 111 1
888 15 1
888 16 1
888 18 1
888 22 1
888 37 1
888 125 1
888 190 1
888 801 1
892 2 1
892 16 1
892 22 1
892 28 1
903 15 1
903 16 1
903 28 1
903 46 1
903 123 1
903 474 1
903 879 1
903 2343 1
908 8 1
908 12 1
908 15 1
908 18 1
908 22 1
908 46 1
908 71 1
908 115 1
908 147 1
908 299 1
908 838 1
922 18 1
932 2 1
932 15 1
932 18 1
932 45 1
932 58 1
932 115 1
932 123 1
932 207 1
932 474 1
932 879 1
932 1172 1
932 1289 1
942 15 1
942 358 1
942 526 1
942 844 1
952 2 1
979 37 1
979 41 1
979 71 1
1030 15 1
1030 474 1
1052 2 1
1052 8 1
1052 15 1
1052 18 1
1052 26 1
1052 47 1
1052 71 1
1052 72 1
1052 123 1
1052 124 1
1052 125 1
1052 152 1
1052 236 1
1052 733 1
1052 735 1
1052 932 1
1052 1376 1
1052 2197 1
1063 6 1
1063 9 1
1063 12 1
1063 15 1
1063 16 1
1063 18 1
1063 22 1
1063 26 1
1063 28 1
1063 30 1
1063 41 1
1063 45 1
1063 46 1
1063 58 1
1063 94 1
1063 104 1
1063 123 1
1063 125 1
1063 1052 1
1063 3857 1
1078 294 1
1078 1339 1
1085 15 1
1085 26 1
1085 37 1
1085 43 1
1085 123 1
1085 125 1
1089 15 1
1089 16 1
1089 18 1
1089 22 1
1089 26 1
1089 37 1
1089 43 1
1089 123 1
1089 152 1
1089 443 1
1089 474 1
1089 2308 1
1120 15 1
1120 30 1
1120 45 1
1120 68 1
1120 123 1
1120 147 1
1120 299 1
1120 312 1
1131 2 1
1131 16 1
1131 18 1
1131 22 1
1131 26 1
1131 41 1
1131 45 1
1131 58 1
1131 74 1
1131 89 1
1131 119 1
1131 125 1
1131 126 1
1131 136 1
1131 197 1
1131 240 1
1131 245 1
1131 342 1
1131 443 1
1131 478 1
1131 522 1
1131 844 1
1131 932 1
1131 1052 1
1131 4146 1
1131 4714 1
1166 6 1
1166 71 1
1166 125 1
1167 6 1
1167 18 1
1167 22 1
1167 41 1
1167 152 1
1167 2308 1
1172 16 1
1172 22 1
1172 28 1
1172 34 1
1172 42 1
1172 46 1
1172 115 1
1172 299 1
1172 526 1
1172 932 1
1172 1131 1
1182 15 1
1182 26 1
1182 28 1
1182 34 1
1182 844 1
1188 6 1
1188 16 1
1188 18 1
1188 41 1
1188 120 1
1192 2 1
1192 12 1
1192 15 1
1192 18 1
1192 34 1
1192 37 1
1192 94 1
1192 125 1
1192 207 1
1192 489 1
1192 1172 1
1228 26 1
1228 37 1
1270 290 1
1276 15 1
1276 16 1
1276 22 1
1276 26 1
1276 42 1
1276 68 1
1276 111 1
1276 136 1
1276 231 1
1276 307 1
1276 735 1
1285 12 1
1285 37 1
1285 136 1
1285 653 1
1289 15 1
1289 16 1
1289 22 1
1289 26 1
1289 45 1
1289 68 1
1289 89 1
1289 212 1
1289 236 1
1289 294 1
1293 22 1
1293 71 1
1293 89 1
1293 456 1
1293 4714 1
1295 18 1
1295 37 1
1295 299 1
1314 18 1
1314 22 1
1314 45 1
1326 2 1
1326 15 1
1326 18 1
1326 22 1
1326 26 1
1326 34 1
1326 104 1
1326 443 1
1339 6 1
1339 15 1
1339 18 1
1339 22 1
1339 26 1
1339 28 1
1339 41 1
1339 71 1
1339 120 1
1339 123 1
1339 494 1
1339 801 1
1339 1326 1
1341 6 1
1341 15 1
1341 16 1
1341 26 1
1341 42 1
1341 46 1
1341 47 1
1341 69 1
1341 257 1
1341 7294 1
1345 2 1
1345 15 1
1345 456 1
1345 5406 1
1354 624 1
1355 16 1
1355 30 1
1355 68 1
1355 147 1
1355 299 1
1355 371 1
1355 561 1
1355 735 1
1355 881 1
1355 1063 1
1355 1293 1
1376 6 1
1376 12 1
1376 15 1
1376 18 1
1376 22 1
1376 26 1
1376 30 1
1376 68 1
1376 71 1
1376 123 1
1376 236 1
1376 302 1
1376 340 1
1376 886 1
1398 15 1
1469 68 1
1510 12 1
1510 16 1
1510 18 1
1510 26 1
1510 34 1
1510 45 1
1510 58 1
1510 474 1
1510 5406 1
1554 2 1
1554 15 1
1554 16 1
1554 18 1
1554 26 1
1554 45 1
1554 120 1
1554 186 1
1554 489 1
1554 1085 1
1559 18 1
1559 22 1
1559 68 1
1559 2303 1
1561 2 1
1561 15 1
1561 34 1
1561 45 1
1561 71 1
1561 94 1
1592 2 1
1592 15 1
1592 18 1
1603 22 1
1603 94 1
1617 15 1
1617 22 1
1617 26 1
1617 111 1
1617 474 1
1617 2182 1
1647 2 1
1647 72 1
1659 15 1
1659 16 1
1659 18 1
1659 22 1
1659 89 1
1659 123 1
1659 443 1
1676 42 1
1720 15 1
1720 7340 1
1738 26 1
1793 6 1
1793 18 1
1793 197 1
1793 2462 1
1793 4868 1
1816 45 1
1816 111 1
1816 561 1
1879 15 1
1879 30 1
1879 197 1
1879 474 1
1889 6 1
1889 16 1
1889 26 1
1889 28 1
1889 34 1
1889 45 1
1889 89 1
1889 111 1
1889 115 1
1889 844 1
1955 15 1
1955 1289 1
1986 340 1
2040 16 1
2048 18 1
2048 34 1
2048 37 1
2048 72 1
2048 299 1
2048 489 1
2096 18 1
2096 22 1
2096 26 1
2096 71 1
2140 2 1
2140 15 1
2140 22 1
2140 104 1
2140 271 1
2141 257 1
2182 6 1
2182 286 1
2197 136 1
2197 803 1
2197 1188 1
2299 12 1
2299 15 1
2299 16 1
2299 22 1
2299 71 1
2299 120 1
2299 358 1
2299 526 1
2299 1293 1
2303 22 1
2303 68 1
2303 89 1
2303 123 1
2303 212 1
2303 561 1
2305 15 1
2308 18 1
2308 22 1
2308 37 1
2308 111 1
2308 115 1
2308 120 1
2308 286 1
2308 494 1
2308 561 1
2308 854 1
2308 908 1
2343 37 1
2405 18 1
2405 22 1
2405 28 1
2405 115 1
2405 257 1
2405 474 1
2462 6 1
2467 12 1
2467 71 1
2467 115 1
2467 340 1
2467 1376 1
2490 16 1
2490 18 1
2490 22 1
2490 245 1
2490 438 1
2517 18 1
2554 2 1
2554 22 1
2554 26 1
2554 42 1
2554 60 1
2554 280 1
2554 765 1
2566 45 1
2573 6 1
2573 16 1
2573 1339 1
2592 15 1
2592 16 1
2592 26 1
2592 257 1
2592 2040 1
2597 22 1
2609 15 1
2609 111 1
2609 125 1
2609 294 1
2609 3261 1
2612 18 1
2612 147 1
2653 22 1
2674 6 1
2674 15 1
2674 22 1
2674 26 1
2674 257 1
2674 358 1
2682 26 1
2682 124 1
2682 125 1
2738 16 1
2738 371 1
2738 561 1
2738 704 1
2763 42 1
2763 68 1
2763 3691 1
2866 15 1
2866 16 1
2866 34 1
2966 22 1
2966 115 1
3108 2 1
3108 26 1
3163 16 1
3163 190 1
3163 290 1
3166 6 1
3166 15 1
3166 18 1
3261 16 1
3261 26 1
3261 120 1
3301 18 1
3480 30 1
3552 15 1
3552 22 1
3552 26 1
3552 47 1
3552 89 1
3596 15 1
3596 18 1
3596 22 1
3596 46 1
3596 69 1
3606 18 1
3606 34 1
3607 340 1
3607 624 1
3691 15 1
3691 18 1
3691 207 1
3731 26 1
3731 45 1
3731 302 1
3731 522 1
3750 2 1
3750 6 1
3750 16 1
3750 22 1
3750 28 1
3750 115 1
3750 257 1
3750 1131 1
3815 104 1
3815 294 1
3829 22 1
3857 22 1
3857 236 1
3857 526 1
3857 1376 1
3877 1326 1
3878 280 1
3878 942 1
3952 2 1
3963 22 1
3963 26 1
3963 474 1
3963 1376 1
4065 68 1
4065 104 1
4094 2 1
4102 89 1
4102 94 1
4102 514 1
4102 624 1
4146 15 1
4146 18 1
4146 28 1
4146 286 1
4146 333 1
4166 26 1
4175 6 1
4176 15 1
4330 15 1
4402 22 1
4435 18 1
4437 16 1
4437 71 1
4549 28 1
4549 89 1
4549 1078 1
4644 186 1
4644 286 1
4714 2 1
4714 6 1
4714 15 1
4714 60 1
4714 83 1
4714 94 1
4818 123 1
4818 1089 1
4820 26 1
4820 120 1
4827 120 1
4843 22 1
4843 844 1
4868 15 1
4868 41 1
4868 94 1
4877 26 1
5007 15 1
5039 42 1
5101 58 1
5280 22 1
5280 26 1
5340 1276 1
5406 15 1
5406 18 1
5406 22 1
5406 45 1
5406 89 1
5406 94 1
5406 115 1
5406 286 1
5406 294 1
5406 474 1
5409 506 1
5449 43 1
5457 15 1
5480 26 1
5518 16 1
5518 231 1
5533 257 1
5533 765 1
5750 197 1
5921 15 1
5921 16 1
5921 18 1
5921 22 1
5921 68 1
5921 104 1
5921 125 1
5921 340 1
5938 26 1
5938 68 1
5976 15 1
5987 42 1
6019 22 1
6068 18 1
6152 22 1
6152 74 1
6152 2554 1
6226 72 1
6263 6 1
6263 22 1
6263 71 1
6263 624 1
6263 2573 1
6362 16 1
6362 190 1
6376 299 1
6376 443 1
6381 15 1
6598 89 1
6660 22 1
6673 6 1
6673 15 1
6673 5024 1
6703 22 1
7143 26 1
7143 438 1
7154 125 1
7294 16 1
7340 22 1
7419 26 1
7452 12 1
7469 72 1
7683 18 1
