2 6 1
2 9 1
2 12 1
2 15 1
2 16 1
2 18 1
2 22 1
2 26 1
2 34 1
2 42 1
2 43 1
2 94 1
2 104 1
2 115 1
2 119 1
2 123 1
2 124 1
2 147 1
2 152 1
2 190 1
2 197 1
2 227 1
2 236 1
2 271 1
2 290 1
2 299 1
2 312 1
2 337 1
2 456 1
2 474 1
2 530 1
2 633 1
2 801 1
2 908 1
2 932 1
2 1192 1
2 1289 1
2 1341 1
2 1376 1
2 2303 1
2 2467 1
2 2738 1
2 3877 1
2 4643 1
2 5406 1
2 7419 1
6 2 1
6 12 1
6 15 1
6 18 1
6 19 1
6 22 1
6 25 1
6 28 1
6 30 1
6 34 1
6 41 1
6 42 1
6 43 1
6 45 1
6 46 1
6 58 1
6 68 1
6 71 1
6 92 1
6 94 1
6 104 1
6 115 1
6 125 1
6 147 1
6 152 1
6 186 1
6 212 1
6 226 1
6 227 1
6 257 1
6 286 1
6 294 1
6 302 1
6 312 1
6 315 1
6 320 1
6 358 1
6 438 1
6 443 1
6 456 1
6 474 1
6 494 1
6 506 1
6 514 1
6 522 1
6 526 1
6 530 1
6 582 1
6 624 1
6 685 1
6 695 1
6 735 1
6 765 1
6 801 1
6 803 1
6 844 1
6 903 1
6 1052 1
6 1063 1
6 1078 1
6 1120 1
6 1167 1
6 1559 1
6 1986 1
6 2303 1
6 2308 1
6 2467 1
6 2554 1
6 3552 1
6 4714 1
6 5406 1
8 2 1
8 6 1
8 16 1
8 28 1
8 45 1
8 71 1
8 89 1
8 271 1
8 280 1
8 290 1
8 294 1
8 443 1
8 489 1
8 548 1
8 624 1
8 801 1
8 1293 1
8 1339 1
8 1720 1
8 3750 1
8 5938 1
8 6263 1
9 12 1
9 15 1
9 18 1
9 22 1
9 41 1
9 42 1
9 68 1
9 123 1
9 190 1
9 257 1
9 271 1
9 294 1
9 315 1
9 489 1
9 515 1
9 733 1
9 1188 1
9 1285 1
9 1355 1
12 6 1
12 15 1
12 18 1
12 25 1
12 26 1
12 28 1
12 41 1
12 42 1
12 43 1
12 45 1
12 46 1
12 58 1
12 68 1
12 69 1
12 89 1
12 94 1
12 136 1
12 147 1
12 190 1
12 197 1
12 271 1
12 280 1
12 294 1
12 315 1
12 322 1
12 340 1
12 371 1
12 438 1
12 443 1
12 478 1
12 506 1
12 508 1
12 582 1
12 714 1
12 979 1
12 1052 1
12 1063 1
12 1089 1
12 1172 1
12 1289 1
12 1295 1
12 1554 1
12 1592 1
12 1889 1
12 5227 1
12 6362 1
12 6376 1
15 6 1
15 8 1
15 18 1
15 22 1
15 24 1
15 28 1
15 37 1
15 41 1
15 42 1
15 46 1
15 68 1
15 72 1
15 94 1
15 104 1
15 111 1
15 147 1
15 152 1
15 190 1
15 212 1
15 236 1
15 245 1
15 290 1
15 299 1
15 302 1
15 315 1
15 340 1
15 342 1
15 358 1
15 369 1
15 371 1
15 478 1
15 489 1
15 506 1
15 529 1
15 530 1
15 624 1
15 854 1
15 881 1
15 932 1
15 942 1
15 1052 1
15 1120 1
15 1131 1
15 1166 1
15 1172 1
15 1289 1
15 1293 1
15 1295 1
15 1326 1
15 1339 1
15 1376 1
15 1510 1
15 1559 1
15 1659 1
15 1720 1
15 1889 1
15 2299 1
15 2517 1
15 2554 1
15 2612 1
15 2674 1
15 3552 1
15 3750 1
15 4094 1
15 4868 1
15 5024 1
15 5039 1
15 5101 1
15 5280 1
16 6 1
16 8 1
16 9 1
16 12 1
16 15 1
16 19 1
16 22 1
16 25 1
16 30 1
16 34 1
16 37 1
16 41 1
16 42 1
16 43 1
16 45 1
16 47 1
16 58 1
16 68 1
16 69 1
16 72 1
16 89 1
16 104 1
16 111 1
16 119 1
16 120 1
16 123 1
16 124 1
16 125 1
16 126 1
16 136 1
16 147 1
16 186 1
16 190 1
16 196 1
16 197 1
16 207 1
16 226 1
16 227 1
16 236 1
16 257 1
16 258 1
16 271 1
16 286 1
16 290 1
16 294 1
16 302 1
16 307 1
16 312 1
16 315 1
16 320 1
16 322 1
16 340 1
16 348 1
16 358 1
16 361 1
16 371 1
16 438 1
16 443 1
16 456 1
16 478 1
16 508 1
16 522 1
16 526 1
16 529 1
16 530 1
16 532 1
16 533 1
16 540 1
16 561 1
16 623 1
16 631 1
16 653 1
16 695 1
16 704 1
16 718 1
16 765 1
16 803 1
16 838 1
16 844 1
16 854 1
16 879 1
16 903 1
16 922 1
16 932 1
16 942 1
16 1052 1
16 1078 1
16 1089 1
16 1120 1
16 1167 1
16 1172 1
16 1182 1
16 1192 1
16 1276 1
16 1289 1
16 1293 1
16 1314 1
16 1326 1
16 1336 1
16 1339 1
16 1341 1
16 1345 1
16 1376 1
16 1554 1
16 1592 1
16 1676 1
16 1816 1
16 1889 1
16 2096 1
16 2308 1
16 2405 1
16 2462 1
16 2467 1
16 2517 1
16 2573 1
16 2597 1
16 2738 1
16 2763 1
16 3261 1
16 3552 1
16 3750 1
16 3815 1
16 3950 1
16 4102 1
16 4146 1
16 4175 1
16 4269 1
16 4402 1
16 4435 1
16 4549 1
16 4714 1
16 4843 1
16 5024 1
16 5227 1
16 5280 1
16 5976 1
16 6381 1
16 6703 1
16 7419 1
18 6 1
18 8 1
18 9 1
18 12 1
18 15 1
18 16 1
18 19 1
18 22 1
18 25 1
18 26 1
18 28 1
18 34 1
18 37 1
18 45 1
18 46 1
18 60 1
18 68 1
18 71 1
18 72 1
18 91 1
18 94 1
18 104 1
18 111 1
18 115 1
18 120 1
18 123 1
18 124 1
18 125 1
18 152 1
18 186 1
18 190 1
18 191 1
18 207 1
18 212 1
18 236 1
18 240 1
18 245 1
18 257 1
18 258 1
18 280 1
18 286 1
18 294 1
18 299 1
18 312 1
18 315 1
18 333 1
18 340 1
18 342 1
18 348 1
18 358 1
18 371 1
18 434 1
18 438 1
18 456 1
18 489 1
18 494 1
18 506 1
18 514 1
18 529 1
18 530 1
18 533 1
18 540 1
18 548 1
18 624 1
18 633 1
18 685 1
18 725 1
18 733 1
18 886 1
18 903 1
18 908 1
18 1063 1
18 1089 1
18 1120 1
18 1131 1
18 1172 1
18 1276 1
18 1289 1
18 1293 1
18 1314 1
18 1326 1
18 1339 1
18 1354 1
18 1376 1
18 1510 1
18 1617 1
18 1659 1
18 2096 1
18 2303 1
18 2462 1
18 2517 1
18 2554 1
18 2674 1
18 2738 1
18 2763 1
18 3108 1
18 3163 1
18 3166 1
18 3481 1
18 3552 1
18 3607 1
18 3857 1
18 3963 1
18 4065 1
18 4102 1
18 4330 1
18 4402 1
18 4437 1
18 4549 1
18 5280 1
18 5457 1
18 5750 1
18 5921 1
18 6226 1
18 6376 1
18 7419 1
19 2 1
19 15 1
19 18 1
19 26 1
19 28 1
19 89 1
22 2 1
22 8 1
22 12 1
22 18 1
22 19 1
22 24 1
22 25 1
22 26 1
22 28 1
22 30 1
22 37 1
22 41 1
22 42 1
22 45 1
22 46 1
22 60 1
22 69 1
22 71 1
22 89 1
22 91 1
22 92 1
22 99 1
22 104 1
22 111 1
22 115 1
22 120 1
22 123 1
22 124 1
22 125 1
22 126 1
22 136 1
22 139 1
22 147 1
22 191 1
22 196 1
22 197 1
22 207 1
22 212 1
22 226 1
22 227 1
22 231 1
22 245 1
22 257 1
22 271 1
22 280 1
22 286 1
22 290 1
22 299 1
22 312 1
22 315 1
22 320 1
22 322 1
22 340 1
22 348 1
22 358 1
22 371 1
22 434 1
22 435 1
22 443 1
22 456 1
22 474 1
22 489 1
22 506 1
22 508 1
22 514 1
22 522 1
22 526 1
22 529 1
22 530 1
22 624 1
22 631 1
22 653 1
22 695 1
22 704 1
22 733 1
22 735 1
22 803 1
22 838 1
22 886 1
22 903 1
22 908 1
22 932 1
22 942 1
22 1052 1
22 1063 1
22 1078 1
22 1089 1
22 1120 1
22 1131 1
22 1166 1
22 1167 1
22 1172 1
22 1182 1
22 1285 1
22 1289 1
22 1295 1
22 1314 1
22 1326 1
22 1339 1
22 1345 1
22 1354 1
22 1355 1
22 1398 1
22 1469 1
22 1510 1
22 1554 1
22 1592 1
22 1659 1
22 1720 1
22 1793 1
22 1879 1
22 1889 1
22 1955 1
22 2040 1
22 2048 1
22 2197 1
22 2203 1
22 2405 1
22 2462 1
22 2517 1
22 2566 1
22 2609 1
22 3108 1
22 3166 1
22 3261 1
22 3301 1
22 3375 1
22 3552 1
22 3607 1
22 3691 1
22 3750 1
22 3857 1
22 3952 1
22 4094 1
22 4146 1
22 4269 1
22 4330 1
22 4402 1
22 4437 1
22 4515 1
22 4644 1
22 4714 1
22 4818 1
22 5024 1
22 5866 1
22 5938 1
22 6152 1
22 6376 1
22 6598 1
22 6660 1
22 6673 1
22 7154 1
22 7452 1
22 7469 1
22 7683 1
24 2 1
24 18 1
24 26 1
24 111 1
24 286 1
24 290 1
24 2517 1
24 2612 1
25 8 1
25 9 1
25 15 1
25 16 1
25 18 1
25 22 1
25 26 1
25 37 1
25 69 1
25 92 1
25 104 1
25 125 1
25 197 1
25 257 1
25 340 1
25 342 1
25 474 1
25 3552 1
26 8 1
26 12 1
26 15 1
26 16 1
26 19 1
26 28 1
26 34 1
26 37 1
26 41 1
26 42 1
26 46 1
26 58 1
26 60 1
26 69 1
26 71 1
26 74 1
26 89 1
26 92 1
26 94 1
26 104 1
26 120 1
26 125 1
26 133 1
26 190 1
26 196 1
26 207 1
26 212 1
26 240 1
26 245 1
26 280 1
26 294 1
26 299 1
26 312 1
26 315 1
26 333 1
26 337 1
26 340 1
26 348 1
26 358 1
26 371 1
26 438 1
26 456 1
26 489 1
26 508 1
26 515 1
26 522 1
26 526 1
26 548 1
26 561 1
26 631 1
26 685 1
26 704 1
26 718 1
26 803 1
26 844 1
26 881 1
26 892 1
26 932 1
26 1063 1
26 1078 1
26 1089 1
26 1120 1
26 1172 1
26 1182 1
26 1285 1
26 1289 1
26 1293 1
26 1339 1
26 1345 1
26 1561 1
26 1617 1
26 1816 1
26 2048 1
26 2203 1
26 2299 1
26 3166 1
26 3552 1
26 4094 1
26 5406 1
26 6381 1
26 7017 1
28 2 1
28 6 1
28 8 1
28 9 1
28 12 1
28 15 1
28 16 1
28 18 1
28 26 1
28 30 1
28 37 1
28 41 1
28 45 1
28 68 1
28 69 1
28 71 1
28 72 1
28 74 1
28 94 1
28 104 1
28 111 1
28 115 1
28 123 1
28 124 1
28 125 1
28 136 1
28 147 1
28 152 1
28 231 1
28 236 1
28 257 1
28 258 1
28 271 1
28 280 1
28 286 1
28 290 1
28 299 1
28 312 1
28 333 1
28 340 1
28 371 1
28 434 1
28 435 1
28 443 1
28 474 1
28 489 1
28 506 1
28 522 1
28 526 1
28 532 1
28 561 1
28 653 1
28 733 1
28 735 1
28 765 1
28 844 1
28 854 1
28 881 1
28 903 1
28 932 1
28 1063 1
28 1085 1
28 1120 1
28 1131 1
28 1172 1
28 1188 1
28 1192 1
28 1276 1
28 1285 1
28 1339 1
28 1355 1
28 1376 1
28 1659 1
28 2299 1
28 2303 1
28 2343 1
28 2462 1
28 2517 1
28 2866 1
28 3552 1
28 3607 1
28 5039 1
28 6263 1
30 2 1
30 12 1
30 15 1
30 18 1
30 22 1
30 25 1
30 37 1
30 41 1
30 42 1
30 69 1
30 71 1
30 72 1
30 89 1
30 91 1
30 115 1
30 119 1
30 125 1
30 231 1
30 236 1
30 286 1
30 294 1
30 312 1
30 333 1
30 371 1
30 398 1
30 474 1
30 514 1
30 529 1
30 561 1
30 624 1
30 704 1
30 725 1
30 735 1
30 765 1
30 803 1
30 879 1
30 903 1
30 1063 1
30 1120 1
30 1188 1
30 1289 1
30 1314 1
30 1339 1
30 1659 1
30 2674 1
30 2966 1
30 3166 1
30 3552 1
30 4102 1
30 6263 1
30 7340 1
33 15 1
33 22 1
34 6 1
34 9 1
34 12 1
34 15 1
34 16 1
34 18 1
34 22 1
34 26 1
34 41 1
34 42 1
34 45 1
34 72 1
34 89 1
34 94 1
34 104 1
34 111 1
34 119 1
34 120 1
34 125 1
34 190 1
34 197 1
34 212 1
34 231 1
34 236 1
34 240 1
34 280 1
34 299 1
34 342 1
34 443 1
34 474 1
34 548 1
34 624 1
34 704 1
34 803 1
34 879 1
34 1052 1
34 1063 1
34 1131 1
34 1341 1
34 1355 1
34 4843 1
34 5987 1
34 6226 1
37 2 1
37 9 1
37 12 1
37 15 1
37 18 1
37 26 1
37 28 1
37 30 1
37 34 1
37 41 1
37 42 1
37 43 1
37 46 1
37 60 1
37 68 1
37 71 1
37 72 1
37 89 1
37 111 1
37 115 1
37 123 1
37 125 1
37 147 1
37 190 1
37 236 1
37 245 1
37 290 1
37 294 1
37 299 1
37 315 1
37 333 1
37 340 1
37 434 1
37 474 1
37 526 1
37 529 1
37 530 1
37 624 1
37 704 1
37 908 1
37 1052 1
37 1172 1
37 1314 1
37 1339 1
37 1659 1
37 2141 1
37 3261 1
37 3750 1
37 4714 1
41 6 1
41 16 1
41 18 1
41 26 1
41 28 1
41 34 1
41 37 1
41 45 1
41 46 1
41 69 1
41 71 1
41 72 1
41 89 1
41 125 1
41 126 1
41 258 1
41 294 1
41 299 1
41 340 1
41 348 1
41 438 1
41 443 1
41 474 1
41 489 1
41 506 1
41 526 1
41 561 1
41 838 1
41 1052 1
41 1078 1
41 1592 1
42 6 1
42 8 1
42 19 1
42 25 1
42 28 1
42 41 1
42 46 1
42 92 1
42 94 1
42 115 1
42 120 1
42 123 1
42 231 1
42 315 1
42 358 1
42 474 1
42 529 1
42 735 1
42 979 1
42 1085 1
42 1120 1
42 1167 1
42 1339 1
42 2343 1
42 2517 1
42 3815 1
43 15 1
43 16 1
43 18 1
43 22 1
43 26 1
43 34 1
43 45 1
43 47 1
43 68 1
43 74 1
43 89 1
43 94 1
43 115 1
43 120 1
43 123 1
43 139 1
43 236 1
43 245 1
43 280 1
43 340 1
43 489 1
43 514 1
43 515 1
43 530 1
43 653 1
43 844 1
43 908 1
43 1172 1
43 1554 1
43 1561 1
43 1738 1
43 1879 1
43 2866 1
45 2 1
45 9 1
45 12 1
45 15 1
45 25 1
45 28 1
45 41 1
45 46 1
45 47 1
45 58 1
45 68 1
45 69 1
45 71 1
45 89 1
45 94 1
45 104 1
45 111 1
45 119 1
45 120 1
45 123 1
45 125 1
45 136 1
45 147 1
45 190 1
45 196 1
45 197 1
45 207 1
45 236 1
45 280 1
45 290 1
45 299 1
45 302 1
45 312 1
45 322 1
45 358 1
45 438 1
45 456 1
45 494 1
45 526 1
45 530 1
45 624 1
45 725 1
45 735 1
45 1063 1
45 1089 1
45 1172 1
45 1192 1
45 1289 1
45 1554 1
45 1889 1
45 1955 1
45 2197 1
45 2299 1
45 2305 1
45 2462 1
45 2554 1
45 2674 1
45 2966 1
45 3731 1
45 3750 1
45 3815 1
46 2 1
46 6 1
46 9 1
46 12 1
46 15 1
46 16 1
46 18 1
46 28 1
46 30 1
46 34 1
46 41 1
46 42 1
46 71 1
46 72 1
46 89 1
46 94 1
46 120 1
46 123 1
46 124 1
46 125 1
46 186 1
46 197 1
46 294 1
46 299 1
46 320 1
46 443 1
46 474 1
46 489 1
46 515 1
46 529 1
46 530 1
46 879 1
46 922 1
46 932 1
46 1052 1
46 1063 1
46 1167 1
46 1276 1
46 1289 1
46 1295 1
46 1354 1
46 1554 1
46 5406 1
47 2 1
47 6 1
47 18 1
47 22 1
47 71 1
47 94 1
47 290 1
47 312 1
47 438 1
47 653 1
47 2299 1
47 4330 1
47 5533 1
58 2 1
58 9 1
58 12 1
58 18 1
58 22 1
58 28 1
58 34 1
58 37 1
58 68 1
58 72 1
58 94 1
58 111 1
58 115 1
58 119 1
58 124 1
58 125 1
58 191 1
58 231 1
58 236 1
58 257 1
58 258 1
58 271 1
58 280 1
58 290 1
58 299 1
58 337 1
58 348 1
58 358 1
58 456 1
58 508 1
58 515 1
58 522 1
58 530 1
58 532 1
58 548 1
58 623 1
58 624 1
58 844 1
58 881 1
58 932 1
58 1063 1
58 1089 1
58 1131 1
58 1172 1
58 1289 1
58 1339 1
58 1341 1
58 1345 1
58 1592 1
58 1879 1
58 2197 1
58 2554 1
58 4094 1
58 4146 1
58 5406 1
58 6376 1
58 6703 1
60 12 1
60 15 1
60 18 1
60 26 1
60 37 1
60 68 1
60 71 1
60 89 1
60 120 1
60 125 1
60 514 1
60 932 1
60 1131 1
68 2 1
68 8 1
68 9 1
68 15 1
68 18 1
68 22 1
68 26 1
68 30 1
68 34 1
68 37 1
68 42 1
68 45 1
68 46 1
68 47 1
68 58 1
68 71 1
68 72 1
68 92 1
68 104 1
68 111 1
68 115 1
68 120 1
68 126 1
68 147 1
68 152 1
68 197 1
68 236 1
68 257 1
68 258 1
68 280 1
68 307 1
68 312 1
68 320 1
68 322 1
68 337 1
68 474 1
68 489 1
68 522 1
68 530 1
68 624 1
68 695 1
68 714 1
68 733 1
68 735 1
68 838 1
68 844 1
68 886 1
68 908 1
68 942 1
68 1078 1
68 1131 1
68 1166 1
68 1167 1
68 1172 1
68 1276 1
68 1289 1
68 1345 1
68 1398 1
68 1879 1
68 2308 1
68 2405 1
68 2517 1
68 2609 1
68 3691 1
68 3750 1
68 5921 1
69 15 1
69 18 1
69 34 1
69 89 1
69 115 1
69 294 1
69 299 1
69 348 1
69 624 1
69 1131 1
69 1554 1
69 5518 1
71 6 1
71 8 1
71 12 1
71 15 1
71 16 1
71 18 1
71 26 1
71 30 1
71 34 1
71 37 1
71 58 1
71 72 1
71 94 1
71 104 1
71 111 1
71 147 1
71 197 1
71 227 1
71 245 1
71 271 1
71 280 1
71 294 1
71 299 1
71 307 1
71 312 1
71 315 1
71 320 1
71 348 1
71 434 1
71 435 1
71 438 1
71 456 1
71 474 1
71 514 1
71 540 1
71 548 1
71 653 1
71 695 1
71 735 1
71 803 1
71 844 1
71 854 1
71 922 1
71 932 1
71 979 1
71 1089 1
71 1182 1
71 1276 1
71 1339 1
71 1345 1
71 1355 1
71 1659 1
71 1955 1
71 2299 1
71 2308 1
71 4102 1
71 5518 1
72 8 1
72 12 1
72 16 1
72 18 1
72 22 1
72 26 1
72 42 1
72 45 1
72 68 1
72 69 1
72 71 1
72 125 1
72 136 1
72 139 1
72 152 1
72 257 1
72 280 1
72 286 1
72 337 1
72 456 1
72 474 1
72 733 1
72 854 1
72 1647 1
72 1659 1
72 2653 1
72 4818 1
74 2 1
74 18 1
74 22 1
74 34 1
74 104 1
74 190 1
74 522 1
74 1131 1
83 12 1
83 16 1
83 18 1
83 22 1
83 28 1
83 46 1
83 71 1
83 89 1
83 120 1
83 190 1
83 231 1
83 438 1
83 443 1
83 489 1
83 508 1
83 932 1
83 1078 1
83 3691 1
89 2 1
89 6 1
89 15 1
89 16 1
89 18 1
89 22 1
89 26 1
89 34 1
89 42 1
89 68 1
89 71 1
89 72 1
89 92 1
89 104 1
89 111 1
89 115 1
89 120 1
89 123 1
89 124 1
89 125 1
89 147 1
89 197 1
89 212 1
89 241 1
89 258 1
89 271 1
89 280 1
89 299 1
89 312 1
89 320 1
89 358 1
89 369 1
89 438 1
89 456 1
89 474 1
89 530 1
89 533 1
89 624 1
89 695 1
89 733 1
89 801 1
89 854 1
89 903 1
89 1089 1
89 1131 1
89 1167 1
89 1172 1
89 1326 1
89 1398 1
89 2182 1
89 2462 1
89 2467 1
89 2490 1
89 2554 1
89 3481 1
89 3731 1
89 3750 1
89 3815 1
89 3857 1
89 4435 1
89 7294 1
91 71 1
91 115 1
91 286 1
91 908 1
92 16 1
92 18 1
92 19 1
92 24 1
92 26 1
92 28 1
92 34 1
92 45 1
92 60 1
92 68 1
92 71 1
92 89 1
92 115 1
92 120 1
92 123 1
92 125 1
92 136 1
92 190 1
92 257 1
92 299 1
92 369 1
92 506 1
92 1167 1
92 5518 1
94 2 1
94 6 1
94 15 1
94 16 1
94 19 1
94 22 1
94 26 1
94 28 1
94 34 1
94 37 1
94 41 1
94 43 1
94 45 1
94 46 1
94 68 1
94 69 1
94 72 1
94 89 1
94 92 1
94 111 1
94 115 1
94 124 1
94 125 1
94 126 1
94 136 1
94 212 1
94 240 1
94 286 1
94 312 1
94 333 1
94 337 1
94 340 1
94 358 1
94 438 1
94 612 1
94 623 1
94 653 1
94 888 1
94 932 1
94 1052 1
94 1172 1
94 1345 1
94 1376 1
94 1554 1
94 2467 1
94 3552 1
94 3691 1
94 4176 1
99 16 1
99 18 1
99 26 1
99 30 1
99 46 1
99 71 1
99 74 1
99 94 1
99 104 1
99 111 1
99 115 1
99 125 1
99 257 1
99 290 1
99 312 1
99 337 1
99 456 1
99 506 1
99 514 1
99 526 1
99 879 1
99 932 1
99 1052 1
99 1063 1
99 1293 1
99 2048 1
99 4827 1
99 7143 1
104 2 1
104 8 1
104 12 1
104 15 1
104 18 1
104 22 1
104 24 1
104 28 1
104 30 1
104 33 1
104 41 1
104 42 1
104 45 1
104 89 1
104 94 1
104 120 1
104 139 1
104 147 1
104 152 1
104 197 1
104 231 1
104 257 1
104 286 1
104 290 1
104 299 1
104 312 1
104 333 1
104 348 1
104 358 1
104 371 1
104 474 1
104 506 1
104 526 1
104 633 1
104 725 1
104 801 1
104 908 1
104 922 1
104 932 1
104 1052 1
104 1172 1
104 1355 1
104 1398 1
104 1816 1
104 1889 1
104 1955 1
104 2299 1
104 2612 1
104 3552 1
104 3607 1
104 4146 1
104 6068 1
111 2 1
111 12 1
111 15 1
111 16 1
111 18 1
111 22 1
111 26 1
111 28 1
111 30 1
111 37 1
111 42 1
111 45 1
111 58 1
111 71 1
111 72 1
111 74 1
111 92 1
111 94 1
111 104 1
111 115 1
111 123 1
111 136 1
111 147 1
111 190 1
111 197 1
111 227 1
111 240 1
111 245 1
111 258 1
111 286 1
111 294 1
111 299 1
111 307 1
111 320 1
111 333 1
111 474 1
111 526 1
111 530 1
111 532 1
111 735 1
111 801 1
111 844 1
111 879 1
111 881 1
111 903 1
111 1182 1
111 1285 1
111 2966 1
111 4714 1
115 6 1
115 15 1
115 16 1
115 26 1
115 28 1
115 33 1
115 37 1
115 45 1
115 47 1
115 69 1
115 71 1
115 74 1
115 104 1
115 111 1
115 120 1
115 123 1
115 125 1
115 186 1
115 207 1
115 212 1
115 257 1
115 271 1
115 333 1
115 398 1
115 438 1
115 443 1
115 474 1
115 489 1
115 508 1
115 522 1
115 533 1
115 631 1
115 838 1
115 844 1
115 903 1
115 1030 1
115 1172 1
115 1188 1
115 1469 1
115 1510 1
115 1659 1
115 1720 1
115 1793 1
115 2308 1
115 2405 1
115 2674 1
115 2763 1
115 3375 1
115 3596 1
115 3691 1
115 4065 1
115 4435 1
115 4820 1
119 2 1
119 12 1
119 15 1
119 22 1
119 28 1
119 37 1
119 41 1
119 43 1
119 47 1
119 58 1
119 60 1
119 71 1
119 72 1
119 74 1
119 89 1
119 104 1
119 120 1
119 124 1
119 125 1
119 136 1
119 139 1
119 190 1
119 207 1
119 212 1
119 236 1
119 240 1
119 245 1
119 257 1
119 280 1
119 294 1
119 307 1
119 320 1
119 340 1
119 371 1
119 456 1
119 474 1
119 494 1
119 514 1
119 530 1
119 532 1
119 561 1
119 612 1
119 685 1
119 854 1
119 886 1
119 932 1
119 1085 1
119 1131 1
119 1167 1
119 1295 1
119 1326 1
119 1592 1
119 1955 1
119 2308 1
119 2592 1
119 2609 1
119 3731 1
119 4330 1
119 4843 1
119 5449 1
119 7452 1
120 6 1
120 15 1
120 16 1
120 18 1
120 30 1
120 37 1
120 69 1
120 71 1
120 72 1
120 104 1
120 147 1
120 197 1
120 245 1
120 280 1
120 286 1
120 294 1
120 340 1
120 348 1
120 434 1
120 443 1
120 508 1
120 530 1
120 532 1
120 533 1
120 879 1
120 888 1
120 932 1
120 1063 1
120 1089 1
120 1131 1
120 1172 1
120 1376 1
120 1554 1
120 2096 1
120 2405 1
120 5750 1
123 2 1
123 6 1
123 8 1
123 12 1
123 15 1
123 22 1
123 25 1
123 26 1
123 28 1
123 37 1
123 41 1
123 42 1
123 46 1
123 47 1
123 68 1
123 71 1
123 72 1
123 89 1
123 94 1
123 111 1
123 115 1
123 120 1
123 125 1
123 147 1
123 152 1
123 197 1
123 207 1
123 231 1
123 236 1
123 257 1
123 258 1
123 271 1
123 280 1
123 286 1
123 290 1
123 294 1
123 302 1
123 333 1
123 340 1
123 342 1
123 358 1
123 369 1
123 371 1
123 438 1
123 456 1
123 508 1
123 526 1
123 530 1
123 540 1
123 561 1
123 653 1
123 685 1
123 704 1
123 718 1
123 733 1
123 735 1
123 844 1
123 888 1
123 892 1
123 932 1
123 1052 1
123 1063 1
123 1078 1
123 1131 1
123 1172 1
123 1289 1
123 1314 1
123 1336 1
123 1659 1
123 1879 1
123 1889 1
123 2197 1
123 2305 1
123 2405 1
123 2467 1
123 2554 1
123 3375 1
123 3952 1
123 4714 1
123 5533 1
123 5921 1
124 6 1
124 12 1
124 15 1
124 22 1
124 26 1
124 37 1
124 43 1
124 45 1
124 89 1
124 104 1
124 125 1
124 186 1
124 190 1
124 240 1
124 245 1
124 286 1
124 844 1
124 854 1
124 1295 1
124 1376 1
124 5406 1
125 2 1
125 12 1
125 15 1
125 18 1
125 22 1
125 26 1
125 37 1
125 41 1
125 42 1
125 45 1
125 68 1
125 69 1
125 115 1
125 119 1
125 123 1
125 231 1
125 236 1
125 294 1
125 315 1
125 322 1
125 438 1
125 456 1
125 548 1
125 561 1
125 844 1
125 854 1
125 1078 1
125 1326 1
125 1341 1
125 1345 1
125 1355 1
125 1376 1
125 1889 1
125 2674 1
125 3878 1
125 4714 1
126 12 1
126 15 1
126 16 1
126 30 1
126 41 1
126 68 1
126 104 1
126 125 1
126 508 1
126 1172 1
126 2197 1
126 2866 1
133 16 1
133 22 1
136 6 1
136 15 1
136 19 1
136 26 1
136 34 1
136 43 1
136 45 1
136 68 1
136 71 1
136 104 1
136 111 1
136 123 1
136 125 1
136 147 1
136 190 1
136 231 1
136 236 1
136 312 1
136 337 1
136 340 1
136 371 1
136 624 1
136 735 1
136 844 1
139 6 1
139 15 1
139 25 1
139 26 1
139 28 1
139 45 1
139 68 1
139 89 1
139 115 1
139 257 1
139 315 1
139 612 1
139 844 1
139 888 1
139 1085 1
147 6 1
147 16 1
147 18 1
147 28 1
147 58 1
147 111 1
147 231 1
147 903 1
147 1052 1
152 12 1
152 15 1
152 16 1
152 18 1
152 22 1
152 26 1
152 111 1
152 115 1
152 212 1
152 312 1
152 340 1
152 443 1
152 506 1
186 15 1
186 22 1
186 26 1
186 28 1
186 45 1
186 68 1
186 69 1
186 286 1
186 299 1
190 18 1
190 22 1
190 26 1
190 41 1
190 42 1
190 47 1
190 68 1
190 72 1
190 89 1
190 92 1
190 120 1
190 123 1
190 125 1
190 147 1
190 197 1
190 257 1
190 280 1
190 286 1
190 290 1
190 348 1
190 456 1
190 474 1
190 478 1
190 561 1
190 765 1
190 1276 1
190 1659 1
190 2140 1
190 3552 1
191 37 1
191 83 1
191 94 1
191 124 1
196 26 1
196 443 1
197 15 1
197 18 1
197 26 1
197 30 1
197 37 1
197 58 1
197 115 1
197 286 1
197 474 1
197 908 1
197 932 1
197 1172 1
197 1293 1
197 2467 1
207 2 1
207 8 1
207 12 1
207 18 1
207 22 1
207 37 1
207 41 1
207 89 1
207 94 1
207 115 1
207 125 1
207 136 1
207 231 1
207 280 1
207 299 1
207 515 1
207 1172 1
207 1376 1
207 2554 1
207 6673 1
212 2 1
212 15 1
212 16 1
212 18 1
212 26 1
212 37 1
212 46 1
212 47 1
212 120 1
212 123 1
212 125 1
212 136 1
212 190 1
212 197 1
212 257 1
212 280 1
212 307 1
212 340 1
212 435 1
212 474 1
212 733 1
212 735 1
212 1276 1
212 1955 1
212 2738 1
212 4820 1
226 12 1
226 2573 1
226 5921 1
227 15 1
227 22 1
227 115 1
227 124 1
227 1052 1
227 1182 1
231 2 1
231 18 1
231 22 1
231 26 1
231 28 1
231 45 1
231 58 1
231 71 1
231 94 1
231 111 1
231 123 1
231 136 1
231 139 1
231 212 1
231 240 1
231 333 1
231 340 1
231 443 1
231 474 1
231 695 1
231 765 1
231 892 1
231 1554 1
231 1659 1
231 2405 1
236 2 1
236 15 1
236 16 1
236 18 1
236 22 1
236 28 1
236 37 1
236 45 1
236 71 1
236 72 1
236 89 1
236 120 1
236 124 1
236 125 1
236 191 1
236 197 1
236 231 1
236 290 1
236 294 1
236 302 1
236 371 1
236 435 1
236 474 1
236 526 1
236 631 1
236 735 1
236 765 1
236 803 1
236 1376 1
236 2517 1
236 2674 1
240 15 1
240 89 1
240 94 1
240 299 1
240 704 1
240 735 1
240 932 1
241 16 1
245 2 1
245 15 1
245 16 1
245 18 1
245 22 1
245 26 1
245 45 1
245 47 1
245 68 1
245 69 1
245 92 1
245 104 1
245 111 1
245 125 1
245 197 1
245 240 1
245 302 1
245 340 1
245 358 1
245 371 1
245 438 1
245 623 1
245 624 1
245 1376 1
245 1691 1
245 2299 1
245 3952 1
257 6 1
257 12 1
257 15 1
257 18 1
257 22 1
257 37 1
257 41 1
257 42 1
257 43 1
257 58 1
257 74 1
257 89 1
257 92 1
257 94 1
257 120 1
257 152 1
257 236 1
257 258 1
257 280 1
257 286 1
257 312 1
257 322 1
257 348 1
257 369 1
257 474 1
257 494 1
257 515 1
257 533 1
257 561 1
257 803 1
257 854 1
257 881 1
257 903 1
257 1052 1
257 1341 1
257 1354 1
257 1376 1
257 1816 1
257 2182 1
257 2197 1
257 3552 1
257 3606 1
257 4714 1
257 5750 1
258 12 1
258 15 1
258 18 1
258 22 1
258 94 1
258 120 1
258 197 1
258 257 1
258 312 1
258 438 1
258 443 1
258 474 1
258 526 1
258 1339 1
271 18 1
271 42 1
271 45 1
271 68 1
271 126 1
271 136 1
271 240 1
271 245 1
271 371 1
271 2738 1
271 4714 1
280 2 1
280 15 1
280 147 1
280 315 1
286 2 1
286 8 1
286 12 1
286 15 1
286 16 1
286 25 1
286 26 1
286 28 1
286 34 1
286 37 1
286 41 1
286 45 1
286 69 1
286 71 1
286 89 1
286 94 1
286 115 1
286 126 1
286 152 1
286 207 1
286 227 1
286 231 1
286 236 1
286 245 1
286 302 1
286 315 1
286 320 1
286 348 1
286 434 1
286 474 1
286 478 1
286 508 1
286 526 1
286 888 1
286 1120 1
286 1172 1
286 1293 1
286 1326 1
286 1355 1
286 2299 1
286 3480 1
286 3750 1
286 4644 1
286 4714 1
286 4827 1
286 5921 1
290 8 1
290 12 1
290 18 1
290 19 1
290 22 1
290 26 1
290 28 1
290 34 1
290 41 1
290 45 1
290 46 1
290 58 1
290 68 1
290 89 1
290 94 1
290 104 1
290 119 1
290 123 1
290 147 1
290 190 1
290 236 1
290 245 1
290 258 1
290 271 1
290 286 1
290 302 1
290 307 1
290 315 1
290 348 1
290 371 1
290 478 1
290 529 1
290 561 1
290 624 1
290 1166 1
290 1889 1
290 3301 1
290 3829 1
294 2 1
294 15 1
294 18 1
294 22 1
294 26 1
294 34 1
294 45 1
294 58 1
294 68 1
294 89 1
294 104 1
294 120 1
294 126 1
294 190 1
294 257 1
294 299 1
294 312 1
294 371 1
294 624 1
294 653 1
294 735 1
294 838 1
294 1052 1
294 1078 1
294 1120 1
294 1295 1
294 2517 1
294 3963 1
299 6 1
299 9 1
299 15 1
299 16 1
299 18 1
299 22 1
299 26 1
299 30 1
299 34 1
299 37 1
299 42 1
299 45 1
299 46 1
299 92 1
299 94 1
299 125 1
299 197 1
299 257 1
299 280 1
299 294 1
299 348 1
299 438 1
299 474 1
299 529 1
299 532 1
299 561 1
299 624 1
299 735 1
299 908 1
302 2 1
302 8 1
302 15 1
302 16 1
302 22 1
302 26 1
302 37 1
302 45 1
302 46 1
302 47 1
302 60 1
302 68 1
302 120 1
302 123 1
302 125 1
302 136 1
302 147 1
302 226 1
302 227 1
302 257 1
302 299 1
302 340 1
302 434 1
302 456 1
302 474 1
302 530 1
302 561 1
302 623 1
302 633 1
302 854 1
302 1052 1
302 1293 1
302 2303 1
307 2 1
307 12 1
307 15 1
307 22 1
307 26 1
307 28 1
307 34 1
307 41 1
307 89 1
307 125 1
307 126 1
307 190 1
307 207 1
307 245 1
307 257 1
307 280 1
307 286 1
307 302 1
307 514 1
307 561 1
307 1063 1
307 1131 1
307 1228 1
307 2048 1
312 6 1
312 9 1
312 12 1
312 18 1
312 28 1
312 34 1
312 45 1
312 46 1
312 71 1
312 89 1
312 94 1
312 115 1
312 190 1
312 245 1
312 257 1
312 286 1
312 294 1
312 315 1
312 348 1
312 358 1
312 443 1
312 506 1
312 526 1
312 530 1
312 838 1
312 844 1
312 1172 1
312 1341 1
312 1659 1
312 2462 1
315 6 1
315 15 1
315 16 1
315 18 1
315 22 1
315 26 1
315 37 1
315 45 1
315 46 1
315 58 1
315 89 1
315 111 1
315 125 1
315 245 1
315 333 1
315 438 1
315 443 1
315 474 1
315 561 1
315 838 1
315 1063 1
315 1131 1
315 1659 1
315 2682 1
315 3166 1
315 5039 1
320 15 1
320 18 1
320 46 1
320 68 1
320 111 1
322 18 1
322 26 1
322 34 1
322 120 1
322 526 1
322 2554 1
333 2 1
333 8 1
333 9 1
333 15 1
333 16 1
333 18 1
333 22 1
333 45 1
333 89 1
333 104 1
333 207 1
333 257 1
333 280 1
333 294 1
333 435 1
333 474 1
333 526 1
333 695 1
333 765 1
333 1172 1
333 1355 1
333 1376 1
333 4065 1
333 5007 1
337 15 1
337 16 1
337 18 1
337 47 1
337 74 1
340 6 1
340 8 1
340 34 1
340 45 1
340 58 1
340 68 1
340 69 1
340 71 1
340 186 1
340 258 1
340 271 1
340 286 1
340 290 1
340 358 1
340 371 1
340 474 1
340 526 1
340 533 1
340 1063 1
340 1089 1
340 1188 1
340 4714 1
340 7143 1
342 15 1
342 16 1
342 22 1
342 26 1
342 72 1
342 290 1
342 6673 1
348 6 1
348 8 1
348 15 1
348 18 1
348 22 1
348 34 1
348 45 1
348 46 1
348 71 1
348 94 1
348 294 1
348 299 1
348 307 1
348 443 1
348 456 1
348 854 1
358 15 1
358 18 1
358 22 1
358 26 1
358 69 1
358 72 1
358 89 1
358 94 1
358 115 1
358 123 1
358 271 1
358 290 1
358 312 1
358 438 1
358 478 1
358 489 1
358 508 1
358 765 1
358 1131 1
358 1647 1
361 2 1
361 18 1
361 26 1
361 2517 1
361 7141 1
369 16 1
369 94 1
369 197 1
369 548 1
369 1085 1
371 2 1
371 6 1
371 12 1
371 15 1
371 16 1
371 18 1
371 22 1
371 46 1
371 58 1
371 71 1
371 89 1
371 123 1
371 147 1
371 258 1
371 280 1
371 290 1
371 358 1
371 506 1
371 624 1
371 932 1
371 1341 1
371 3691 1
398 2 1
398 22 1
398 26 1
398 37 1
398 71 1
398 120 1
398 125 1
398 190 1
398 438 1
398 561 1
398 801 1
398 854 1
398 1172 1
398 1293 1
434 15 1
434 16 1
434 28 1
434 231 1
434 474 1
434 733 1
435 16 1
435 18 1
435 22 1
435 26 1
435 68 1
435 71 1
435 152 1
435 236 1
435 358 1
438 2 1
438 8 1
438 15 1
438 16 1
438 18 1
438 22 1
438 25 1
438 26 1
438 34 1
438 37 1
438 41 1
438 45 1
438 58 1
438 72 1
438 104 1
438 123 1
438 197 1
438 207 1
438 286 1
438 294 1
438 312 1
438 340 1
438 358 1
438 624 1
438 725 1
438 1052 1
438 1063 1
438 1554 1
438 2609 1
438 2738 1
438 3552 1
443 2 1
443 8 1
443 9 1
443 12 1
443 26 1
443 30 1
443 37 1
443 41 1
443 45 1
443 46 1
443 47 1
443 69 1
443 245 1
443 257 1
443 286 1
443 312 1
443 340 1
443 624 1
443 1063 1
443 1078 1
443 1131 1
443 1172 1
456 2 1
456 15 1
456 22 1
456 28 1
456 45 1
456 115 1
456 257 1
456 286 1
456 337 1
456 478 1
456 844 1
474 8 1
474 12 1
474 15 1
474 16 1
474 18 1
474 26 1
474 34 1
474 37 1
474 41 1
474 58 1
474 83 1
474 89 1
474 92 1
474 94 1
474 115 1
474 120 1
474 123 1
474 125 1
474 147 1
474 191 1
474 207 1
474 227 1
474 231 1
474 257 1
474 280 1
474 290 1
474 294 1
474 302 1
474 312 1
474 337 1
474 369 1
474 434 1
474 435 1
474 489 1
474 515 1
474 526 1
474 582 1
474 612 1
474 733 1
474 801 1
474 844 1
474 881 1
474 1063 1
474 1182 1
474 1188 1
474 1339 1
474 1376 1
474 2096 1
474 3552 1
474 3952 1
474 3963 1
474 4714 1
478 15 1
478 16 1
478 22 1
478 26 1
478 45 1
478 508 1
478 844 1
478 1089 1
489 6 1
489 15 1
489 16 1
489 18 1
489 120 1
489 231 1
489 258 1
489 514 1
489 515 1
489 1063 1
489 2303 1
494 12 1
494 22 1
494 68 1
494 369 1
494 942 1
506 6 1
506 15 1
506 26 1
506 37 1
506 41 1
506 43 1
506 71 1
506 104 1
506 111 1
506 115 1
506 231 1
506 307 1
506 443 1
506 540 1
506 582 1
506 1078 1
506 1131 1
506 1182 1
506 1339 1
506 1376 1
506 2096 1
508 6 1
508 19 1
508 22 1
508 26 1
508 58 1
508 123 1
508 302 1
508 358 1
508 529 1
508 854 1
508 4868 1
514 6 1
514 15 1
514 16 1
514 26 1
514 30 1
514 37 1
514 41 1
514 42 1
514 58 1
514 94 1
514 104 1
514 207 1
514 299 1
514 803 1
514 942 1
514 2308 1
514 4146 1
514 4843 1
515 18 1
515 71 1
515 207 1
522 15 1
522 22 1
522 26 1
522 34 1
522 60 1
522 71 1
522 89 1
522 111 1
522 125 1
522 474 1
526 6 1
526 9 1
526 15 1
526 16 1
526 18 1
526 26 1
526 30 1
526 37 1
526 68 1
526 71 1
526 72 1
526 94 1
526 115 1
526 123 1
526 125 1
526 126 1
526 136 1
526 207 1
526 299 1
526 322 1
526 474 1
526 489 1
526 530 1
526 561 1
526 735 1
526 803 1
526 844 1
526 1052 1
526 1289 1
526 1339 1
526 2405 1
529 15 1
529 18 1
529 26 1
529 45 1
529 72 1
529 89 1
529 104 1
529 111 1
529 115 1
529 125 1
529 197 1
529 725 1
529 1561 1
530 6 1
530 22 1
530 26 1
530 37 1
530 45 1
530 46 1
530 58 1
530 71 1
530 125 1
530 231 1
530 299 1
530 456 1
530 881 1
530 1052 1
532 15 1
532 18 1
532 22 1
532 68 1
532 89 1
532 115 1
532 125 1
533 89 1
533 94 1
533 514 1
540 6 1
540 22 1
540 26 1
540 30 1
540 45 1
540 89 1
540 99 1
540 104 1
548 22 1
548 111 1
548 299 1
548 302 1
548 532 1
548 1172 1
561 2 1
561 6 1
561 12 1
561 15 1
561 18 1
561 22 1
561 24 1
561 26 1
561 28 1
561 34 1
561 37 1
561 42 1
561 71 1
561 72 1
561 111 1
561 120 1
561 125 1
561 126 1
561 196 1
561 438 1
561 474 1
561 533 1
561 908 1
561 932 1
561 1063 1
561 1078 1
561 1289 1
561 1293 1
561 1339 1
561 1341 1
561 2490 1
561 3877 1
582 2 1
582 6 1
582 12 1
582 16 1
582 22 1
582 26 1
582 30 1
582 34 1
582 41 1
582 45 1
582 68 1
582 89 1
582 115 1
582 136 1
582 197 1
582 227 1
582 231 1
582 299 1
582 322 1
582 438 1
582 508 1
582 514 1
582 529 1
582 540 1
582 548 1
582 561 1
582 725 1
582 733 1
582 903 1
582 952 1
582 1131 1
582 1167 1
582 1192 1
582 1341 1
582 1355 1
582 1659 1
582 2303 1
582 2966 1
582 3166 1
582 3691 1
582 4330 1
582 5406 1
582 7017 1
612 16 1
612 18 1
612 115 1
612 120 1
612 231 1
612 1131 1
623 46 1
623 474 1
623 1554 1
624 6 1
624 15 1
624 16 1
624 18 1
624 22 1
624 37 1
624 41 1
624 46 1
624 71 1
624 125 1
624 136 1
624 186 1
624 312 1
624 438 1
624 443 1
624 529 1
624 653 1
624 1167 1
624 1720 1
624 2197 1
624 2609 1
631 42 1
631 299 1
633 15 1
633 18 1
633 26 1
633 58 1
633 290 1
633 1659 1
653 2 1
653 6 1
653 15 1
653 18 1
653 26 1
653 72 1
653 89 1
653 123 1
653 186 1
653 299 1
653 312 1
653 322 1
653 854 1
653 1052 1
653 1592 1
685 15 1
685 16 1
685 22 1
685 25 1
685 26 1
685 68 1
685 89 1
685 111 1
685 126 1
685 207 1
685 312 1
685 340 1
685 725 1
685 735 1
685 844 1
685 1289 1
685 1738 1
695 26 1
695 41 1
695 197 1
695 624 1
695 2554 1
704 16 1
704 123 1
704 474 1
714 47 1
714 561 1
718 45 1
725 12 1
725 15 1
725 18 1
725 22 1
725 33 1
725 45 1
725 58 1
725 68 1
725 69 1
725 72 1
725 89 1
725 115 1
725 120 1
725 136 1
725 190 1
725 207 1
725 286 1
725 294 1
725 340 1
725 443 1
725 735 1
725 879 1
725 1182 1
733 2 1
733 15 1
733 22 1
733 26 1
733 115 1
733 124 1
733 735 1
735 2 1
735 6 1
735 15 1
735 16 1
735 18 1
735 22 1
735 104 1
735 111 1
735 290 1
735 299 1
735 1085 1
735 1889 1
735 2299 1
765 6 1
765 22 1
765 30 1
765 111 1
765 120 1
765 136 1
765 286 1
765 733 1
801 12 1
801 15 1
801 16 1
801 18 1
801 28 1
801 34 1
801 41 1
801 111 1
801 212 1
801 271 1
801 286 1
801 725 1
801 903 1
801 2096 1
803 6 1
803 26 1
803 41 1
803 236 1
803 302 1
803 438 1
803 844 1
803 1289 1
803 1554 1
838 15 1
838 18 1
838 22 1
838 26 1
838 37 1
838 68 1
838 72 1
838 89 1
838 111 1
838 147 1
838 312 1
838 320 1
838 508 1
838 1063 1
838 1376 1
844 2 1
844 6 1
844 8 1
844 12 1
844 15 1
844 22 1
844 28 1
844 42 1
844 68 1
844 72 1
844 120 1
844 123 1
844 147 1
844 190 1
844 227 1
844 361 1
844 371 1
844 456 1
844 474 1
844 506 1
844 529 1
844 704 1
844 735 1
844 979 1
844 1192 1
844 1561 1
844 5406 1
854 12 1
854 15 1
854 18 1
854 26 1
854 34 1
854 68 1
854 104 1
854 4714 1
879 6 1
879 18 1
879 22 1
879 26 1
879 42 1
879 45 1
879 58 1
879 72 1
879 89 1
879 104 1
879 115 1
879 125 1
879 152 1
879 207 1
879 358 1
879 474 1
879 526 1
879 1285 1
881 2 1
881 15 1
881 94 1
881 290 1
881 844 1
886 22 1
886 123 1
888 2 1
888 6 1
888 15 1
888 16 1
888 22 1
888 123 1
888 207 1
888 844 1
892 26 1
892 43 1
892 125 1
892 197 1
903 12 1
903 15 1
903 22 1
903 111 1
903 290 1
903 307 1
903 474 1
903 508 1
908 2 1
908 15 1
908 16 1
908 22 1
908 28 1
908 46 1
908 71 1
908 443 1
908 474 1
908 489 1
908 1131 1
922 104 1
932 8 1
932 18 1
932 26 1
932 46 1
932 69 1
932 104 1
932 123 1
932 207 1
932 286 1
932 290 1
932 1052 1
932 1172 1
942 12 1
942 22 1
942 45 1
942 257 1
952 58 1
979 6 1
979 522 1
979 695 1
1030 22 1
1030 358 1
1052 15 1
1052 19 1
1052 37 1
1052 45 1
1052 46 1
1052 68 1
1052 89 1
1052 94 1
1052 104 1
1052 125 1
1052 240 1
1052 271 1
1052 290 1
1052 474 1
1052 844 1
1052 1659 1
1052 2467 1
1052 4094 1
1063 2 1
1063 6 1
1063 15 1
1063 22 1
1063 26 1
1063 28 1
1063 45 1
1063 46 1
1063 89 1
1063 111 1
1063 123 1
1063 245 1
1063 286 1
1063 474 1
1063 515 1
1063 526 1
1063 932 1
1063 1131 1
1063 2303 1
1063 2674 1
1078 72 1
1078 1326 1
1085 37 1
1085 46 1
1085 89 1
1085 94 1
1085 123 1
1085 245 1
1089 15 1
1089 18 1
1089 22 1
1089 26 1
1089 34 1
1089 115 1
1089 123 1
1089 227 1
1089 371 1
1089 888 1
1089 1561 1
1089 2554 1
1120 26 1
1120 37 1
1120 68 1
1120 69 1
1120 124 1
1120 231 1
1120 312 1
1120 1889 1
1131 2 1
1131 6 1
1131 18 1
1131 26 1
1131 28 1
1131 42 1
1131 46 1
1131 47 1
1131 58 1
1131 68 1
1131 69 1
1131 89 1
1131 104 1
1131 286 1
1131 294 1
1131 340 1
1131 434 1
1131 765 1
1131 942 1
1131 1052 1
1131 1192 1
1131 1339 1
1131 2308 1
1131 2462 1
1131 3691 1
1131 5533 1
1166 18 1
1166 72 1
1166 115 1
1167 22 1
1167 45 1
1167 71 1
1167 104 1
1167 257 1
1167 474 1
1172 6 1
1172 15 1
1172 68 1
1172 71 1
1172 104 1
1172 119 1
1172 123 1
1172 342 1
1172 443 1
1172 1339 1
1172 1617 1
1182 18 1
1182 22 1
1182 34 1
1182 47 1
1182 89 1
1188 16 1
1188 18 1
1188 26 1
1188 34 1
1188 147 1
1192 2 1
1192 15 1
1192 22 1
1192 37 1
1192 41 1
1192 46 1
1192 123 1
1192 312 1
1192 474 1
1192 735 1
1192 2738 1
1228 18 1
1228 26 1
1270 18 1
1276 12 1
1276 15 1
1276 18 1
1276 22 1
1276 37 1
1276 45 1
1276 68 1
1276 72 1
1276 94 1
1276 271 1
1276 333 1
1285 6 1
1285 12 1
1285 16 1
1285 71 1
1289 2 1
1289 15 1
1289 18 1
1289 22 1
1289 26 1
1289 94 1
1289 111 1
1289 190 1
1289 526 1
1289 932 1
1293 2 1
1293 15 1
1293 46 1
1293 312 1
1293 903 1
1295 15 1
1295 16 1
1295 22 1
1314 18 1
1314 443 1
1314 561 1
1326 6 1
1326 22 1
1326 26 1
1326 41 1
1326 74 1
1326 111 1
1326 1052 1
1326 1339 1
1339 6 1
1339 15 1
1339 28 1
1339 37 1
1339 41 1
1339 42 1
1339 68 1
1339 89 1
1339 315 1
1339 371 1
1339 526 1
1339 561 1
1339 624 1
1341 8 1
1341 18 1
1341 22 1
1341 26 1
1341 37 1
1341 45 1
1341 115 1
1341 120 1
1341 280 1
1341 1276 1
1345 6 1
1345 207 1
1345 358 1
1345 879 1
1354 16 1
1355 8 1
1355 15 1
1355 16 1
1355 26 1
1355 42 1
1355 45 1
1355 68 1
1355 115 1
1355 197 1
1355 685 1
1355 2763 1
1376 15 1
1376 18 1
1376 19 1
1376 22 1
1376 28 1
1376 42 1
1376 89 1
1376 92 1
1376 94 1
1376 240 1
1376 456 1
1376 474 1
1376 612 1
1376 844 1
1398 18 1
1469 2653 1
1510 22 1
1510 43 1
1510 68 1
1510 71 1
1510 89 1
1510 111 1
1510 120 1
1510 245 1
1510 271 1
1554 15 1
1554 16 1
1554 71 1
1554 89 1
1554 111 1
1554 190 1
1554 299 1
1554 312 1
1554 801 1
1554 1339 1
1559 16 1
1559 22 1
1559 1659 1
1559 2738 1
1561 16 1
1561 26 1
1561 69 1
1561 152 1
1561 1131 1
1561 4644 1
1592 18 1
1592 22 1
1592 186 1
1603 15 1
1603 89 1
1617 2 1
1617 16 1
1617 26 1
1617 71 1
1617 89 1
1617 881 1
1647 26 1
1647 94 1
1659 6 1
1659 15 1
1659 18 1
1659 22 1
1659 37 1
1659 45 1
1659 333 1
1676 22 1
1720 16 1
1720 28 1
1738 15 1
1793 16 1
1793 41 1
1793 104 1
1793 119 1
1793 1120 1
1816 15 1
1816 41 1
1816 123 1
1879 6 1
1879 16 1
1879 26 1
1879 42 1
1889 2 1
1889 8 1
1889 15 1
1889 22 1
1889 26 1
1889 28 1
1889 123 1
1889 299 1
1889 526 1
1889 3261 1
1955 37 1
1955 312 1
1986 115 1
2040 89 1
2048 15 1
2048 18 1
2048 22 1
2048 26 1
2048 71 1
2048 489 1
2096 12 1
2096 22 1
2096 136 1
2096 147 1
2140 2 1
2140 15 1
2140 18 1
2140 42 1
2140 290 1
2141 58 1
2182 6 1
2182 18 1
2197 2 1
2197 111 1
2197 294 1
2299 6 1
2299 15 1
2299 18 1
2299 25 1
2299 115 1
2299 474 1
2299 844 1
2299 879 1
2299 3301 1
2303 15 1
2303 22 1
2303 68 1
2303 71 1
2303 115 1
2303 932 1
2305 633 1
2308 15 1
2308 22 1
2308 26 1
2308 45 1
2308 72 1
2308 207 1
2308 371 1
2308 561 1
2308 932 1
2308 1052 1
2308 1167 1
2343 94 1
2405 15 1
2405 22 1
2405 68 1
2405 120 1
2405 371 1
2405 803 1
2462 22 1
2467 41 1
2467 68 1
2467 236 1
2467 294 1
2467 340 1
2490 18 1
2490 22 1
2490 111 1
2490 136 1
2490 474 1
2517 18 1
2554 2 1
2554 6 1
2554 16 1
2554 120 1
2554 197 1
2554 240 1
2554 290 1
2566 26 1
2573 89 1
2573 125 1
2573 4714 1
2592 22 1
2592 26 1
2592 45 1
2592 71 1
2592 115 1
2597 120 1
2609 6 1
2609 15 1
2609 16 1
2609 37 1
2609 69 1
2612 15 1
2612 111 1
2653 16 1
2674 15 1
2674 16 1
2674 212 1
2674 286 1
2674 1063 1
2674 1131 1
2682 6 1
2682 18 1
2682 26 1
2738 245 1
2738 530 1
2738 1603 1
2738 1793 1
2763 6 1
2763 26 1
2763 474 1
2866 18 1
2866 22 1
2866 94 1
2966 69 1
2966 94 1
3108 89 1
3108 123 1
3163 89 1
3163 286 1
3163 1172 1
3166 15 1
3166 22 1
3166 582 1
3261 22 1
3261 42 1
3261 735 1
3301 838 1
3480 561 1
3552 15 1
3552 26 1
3552 147 1
3552 152 1
3552 190 1
3596 16 1
3596 18 1
3596 28 1
3596 125 1
3596 1676 1
3606 58 1
3606 299 1
3607 16 1
3607 474 1
3691 28 1
3691 474 1
3691 3261 1
3731 15 1
3731 22 1
3731 115 1
3731 725 1
3750 15 1
3750 18 1
3750 104 1
3750 136 1
3750 340 1
3750 844 1
3750 1089 1
3750 1341 1
3815 15 1
3815 257 1
3829 120 1
3857 6 1
3857 16 1
3857 26 1
3857 123 1
3877 12 1
3878 474 1
3878 714 1
3952 371 1
3963 6 1
3963 18 1
3963 22 1
3963 26 1
4065 15 1
4065 120 1
4094 15 1
4102 6 1
4102 22 1
4102 725 1
4102 4402 1
4146 12 1
4146 15 1
4146 45 1
4146 508 1
4146 633 1
4166 16 1
4175 18 1
4176 1339 1
4330 16 1
4402 18 1
4435 15 1
4437 115 1
4437 1089 1
4549 72 1
4549 294 1
4549 438 1
4644 26 1
4644 28 1
4714 2 1
4714 15 1
4714 26 1
4714 30 1
4714 45 1
4714 1341 1
4818 26 1
4818 30 1
4820 69 1
4820 136 1
4827 16 1
4843 94 1
4843 474 1
4868 26 1
4868 68 1
4868 4065 1
4877 22 1
5007 22 1
5039 18 1
5101 18 1
5280 125 1
5280 1192 1
5340 22 1
5406 22 1
5406 26 1
5406 37 1
5406 42 1
5406 46 1
5406 115 1
5406 186 1
5406 474 1
5406 532 1
5406 844 1
5409 286 1
5449 286 1
5457 371 1
5480 494 1
5518 15 1
5518 529 1
5533 15 1
5533 26 1
5750 26 1
5921 15 1
5921 18 1
5921 26 1
5921 41 1
5921 123 1
5921 231 1
5921 257 1
5921 6376 1
5938 115 1
5938 280 1
5976 290 1
5987 15 1
6019 45 1
6068 26 1
6152 6 1
6152 15 1
6152 30 1
6226 45 1
6263 12 1
6263 18 1
6263 22 1
6263 26 1
6263 290 1
6362 15 1
6362 16 1
6376 16 1
6376 42 1
6381 371 1
6598 6 1
6660 15 1
6673 15 1
6673 16 1
6673 125 1
6703 26 1
7143 2 1
7143 22 1
7154 115 1
7294 115 1
7340 104 1
7419 37 1
7452 561 1
7469 16 1
7683 4102 1
