2 6 1
2 9 1
2 18 1
2 22 1
2 25 1
2 26 1
2 28 1
2 41 1
2 45 1
2 46 1
2 47 1
2 60 1
2 68 1
2 71 1
2 72 1
2 104 1
2 123 1
2 125 1
2 191 1
2 258 1
2 280 1
2 290 1
2 294 1
2 299 1
2 443 1
2 494 1
2 612 1
2 725 1
2 803 1
2 881 1
2 932 1
2 979 1
2 1085 1
2 1167 1
2 1172 1
2 1192 1
2 1339 1
2 1376 1
2 1554 1
2 1659 1
2 1720 1
2 1889 1
2 2517 1
2 2573 1
2 4102 1
2 4644 1
6 2 1
6 9 1
6 12 1
6 15 1
6 18 1
6 19 1
6 28 1
6 30 1
6 33 1
6 34 1
6 37 1
6 41 1
6 42 1
6 46 1
6 68 1
6 74 1
6 94 1
6 104 1
6 111 1
6 115 1
6 120 1
6 123 1
6 125 1
6 126 1
6 139 1
6 190 1
6 227 1
6 236 1
6 240 1
6 245 1
6 257 1
6 258 1
6 280 1
6 290 1
6 312 1
6 315 1
6 340 1
6 348 1
6 358 1
6 474 1
6 508 1
6 529 1
6 530 1
6 533 1
6 685 1
6 704 1
6 765 1
6 844 1
6 888 1
6 903 1
6 908 1
6 922 1
6 1052 1
6 1063 1
6 1089 1
6 1131 1
6 1276 1
6 1289 1
6 1339 1
6 1345 1
6 1355 1
6 1554 1
6 1592 1
6 1659 1
6 1889 1
6 2096 1
6 2554 1
6 2738 1
6 5406 1
6 6226 1
6 6376 1
8 2 1
8 15 1
8 22 1
8 45 1
8 60 1
8 72 1
8 111 1
8 115 1
8 123 1
8 197 1
8 207 1
8 258 1
8 280 1
8 474 1
8 532 1
8 548 1
8 801 1
8 844 1
8 881 1
8 1089 1
8 1336 1
8 6660 1
9 6 1
9 15 1
9 16 1
9 18 1
9 26 1
9 37 1
9 71 1
9 94 1
9 120 1
9 136 1
9 197 1
9 286 1
9 302 1
9 803 1
9 903 1
9 1131 1
9 1172 1
9 3750 1
9 4644 1
12 2 1
12 8 1
12 9 1
12 15 1
12 16 1
12 18 1
12 22 1
12 24 1
12 28 1
12 37 1
12 45 1
12 46 1
12 69 1
12 74 1
12 120 1
12 124 1
12 125 1
12 136 1
12 190 1
12 197 1
12 227 1
12 236 1
12 240 1
12 241 1
12 271 1
12 299 1
12 302 1
12 508 1
12 514 1
12 515 1
12 529 1
12 844 1
12 854 1
12 879 1
12 908 1
12 922 1
12 1052 1
12 1063 1
12 1167 1
12 1172 1
12 1182 1
12 1314 1
12 1355 1
12 1376 1
12 3691 1
12 5039 1
12 7452 1
15 2 1
15 6 1
15 8 1
15 18 1
15 19 1
15 26 1
15 28 1
15 34 1
15 37 1
15 41 1
15 46 1
15 68 1
15 69 1
15 72 1
15 91 1
15 94 1
15 104 1
15 111 1
15 125 1
15 126 1
15 139 1
15 152 1
15 190 1
15 236 1
15 245 1
15 257 1
15 294 1
15 299 1
15 312 1
15 315 1
15 320 1
15 340 1
15 342 1
15 371 1
15 434 1
15 435 1
15 438 1
15 489 1
15 515 1
15 522 1
15 526 1
15 623 1
15 624 1
15 704 1
15 735 1
15 844 1
15 886 1
15 903 1
15 1063 1
15 1131 1
15 1167 1
15 1188 1
15 1289 1
15 1314 1
15 1339 1
15 1376 1
15 1554 1
15 1617 1
15 1659 1
15 1889 1
15 2048 1
15 2197 1
15 2517 1
15 2554 1
15 2674 1
15 3261 1
15 3857 1
15 4714 1
15 5938 1
16 2 1
16 6 1
16 15 1
16 18 1
16 19 1
16 22 1
16 25 1
16 26 1
16 28 1
16 30 1
16 34 1
16 37 1
16 41 1
16 42 1
16 43 1
16 45 1
16 47 1
16 68 1
16 69 1
16 71 1
16 72 1
16 89 1
16 91 1
16 94 1
16 104 1
16 111 1
16 115 1
16 119 1
16 120 1
16 123 1
16 133 1
16 136 1
16 147 1
16 190 1
16 197 1
16 226 1
16 227 1
16 236 1
16 240 1
16 245 1
16 257 1
16 280 1
16 286 1
16 290 1
16 307 1
16 312 1
16 315 1
16 320 1
16 337 1
16 340 1
16 358 1
16 369 1
16 371 1
16 434 1
16 438 1
16 456 1
16 474 1
16 478 1
16 489 1
16 506 1
16 508 1
16 514 1
16 526 1
16 529 1
16 530 1
16 532 1
16 548 1
16 612 1
16 623 1
16 624 1
16 631 1
16 685 1
16 695 1
16 718 1
16 733 1
16 735 1
16 765 1
16 844 1
16 854 1
16 879 1
16 892 1
16 908 1
16 932 1
16 942 1
16 979 1
16 1052 1
16 1078 1
16 1085 1
16 1089 1
16 1131 1
16 1172 1
16 1182 1
16 1192 1
16 1276 1
16 1285 1
16 1293 1
16 1314 1
16 1326 1
16 1339 1
16 1354 1
16 1355 1
16 1376 1
16 1469 1
16 1647 1
16 1659 1
16 1691 1
16 1955 1
16 2096 1
16 2197 1
16 2203 1
16 2299 1
16 2303 1
16 2308 1
16 2405 1
16 2462 1
16 2517 1
16 2554 1
16 2738 1
16 2966 1
16 3166 1
16 3261 1
16 3552 1
16 3691 1
16 3731 1
16 4065 1
16 4094 1
16 4269 1
16 4330 1
16 4437 1
16 4714 1
16 5533 1
16 5921 1
16 5938 1
16 5976 1
16 5987 1
16 6376 1
16 6673 1
16 7154 1
16 7683 1
18 6 1
18 8 1
18 12 1
18 15 1
18 19 1
18 22 1
18 24 1
18 25 1
18 28 1
18 30 1
18 34 1
18 37 1
18 42 1
18 46 1
18 47 1
18 58 1
18 60 1
18 68 1
18 69 1
18 71 1
18 72 1
18 74 1
18 92 1
18 104 1
18 111 1
18 120 1
18 124 1
18 125 1
18 126 1
18 139 1
18 147 1
18 152 1
18 190 1
18 196 1
18 197 1
18 207 1
18 212 1
18 226 1
18 227 1
18 231 1
18 240 1
18 257 1
18 271 1
18 290 1
18 294 1
18 299 1
18 315 1
18 322 1
18 333 1
18 340 1
18 348 1
18 358 1
18 361 1
18 371 1
18 434 1
18 435 1
18 438 1
18 443 1
18 456 1
18 474 1
18 478 1
18 489 1
18 506 1
18 508 1
18 514 1
18 526 1
18 530 1
18 548 1
18 561 1
18 612 1
18 633 1
18 695 1
18 725 1
18 733 1
18 803 1
18 844 1
18 854 1
18 922 1
18 932 1
18 1052 1
18 1063 1
18 1078 1
18 1089 1
18 1131 1
18 1172 1
18 1276 1
18 1285 1
18 1289 1
18 1295 1
18 1326 1
18 1339 1
18 1345 1
18 1376 1
18 1554 1
18 1592 1
18 1659 1
18 1720 1
18 1879 1
18 1889 1
18 1955 1
18 1986 1
18 2197 1
18 2303 1
18 2554 1
18 2612 1
18 2674 1
18 3301 1
18 3552 1
18 4175 1
18 4402 1
18 4435 1
18 4549 1
18 4714 1
18 5007 1
18 5406 1
18 7419 1
19 2 1
19 15 1
19 18 1
19 22 1
19 120 1
19 932 1
22 2 1
22 6 1
22 8 1
22 9 1
22 15 1
22 18 1
22 24 1
22 25 1
22 26 1
22 30 1
22 37 1
22 41 1
22 42 1
22 43 1
22 45 1
22 47 1
22 58 1
22 60 1
22 68 1
22 71 1
22 72 1
22 89 1
22 92 1
22 104 1
22 111 1
22 119 1
22 120 1
22 123 1
22 125 1
22 136 1
22 147 1
22 152 1
22 186 1
22 190 1
22 196 1
22 197 1
22 207 1
22 212 1
22 227 1
22 231 1
22 240 1
22 245 1
22 257 1
22 271 1
22 280 1
22 290 1
22 294 1
22 299 1
22 312 1
22 315 1
22 320 1
22 322 1
22 340 1
22 342 1
22 358 1
22 369 1
22 371 1
22 435 1
22 456 1
22 478 1
22 489 1
22 494 1
22 506 1
22 508 1
22 514 1
22 515 1
22 522 1
22 529 1
22 530 1
22 532 1
22 533 1
22 540 1
22 561 1
22 582 1
22 623 1
22 624 1
22 633 1
22 653 1
22 704 1
22 735 1
22 765 1
22 801 1
22 803 1
22 838 1
22 844 1
22 854 1
22 881 1
22 888 1
22 903 1
22 908 1
22 942 1
22 979 1
22 1052 1
22 1063 1
22 1078 1
22 1089 1
22 1120 1
22 1131 1
22 1167 1
22 1182 1
22 1192 1
22 1228 1
22 1289 1
22 1293 1
22 1314 1
22 1326 1
22 1339 1
22 1355 1
22 1398 1
22 1510 1
22 1592 1
22 1603 1
22 1617 1
22 1676 1
22 1720 1
22 1793 1
22 1879 1
22 1889 1
22 1955 1
22 2197 1
22 2299 1
22 2305 1
22 2308 1
22 2343 1
22 2405 1
22 2462 1
22 2467 1
22 2490 1
22 2738 1
22 2763 1
22 3166 1
22 3301 1
22 3375 1
22 3552 1
22 3877 1
22 3950 1
22 4065 1
22 4094 1
22 4146 1
22 4330 1
22 4402 1
22 4435 1
22 4643 1
22 4714 1
22 4868 1
22 5024 1
22 5039 1
22 5227 1
22 5518 1
22 5750 1
22 6152 1
22 6263 1
22 7017 1
22 7143 1
22 7452 1
24 6 1
24 16 1
24 34 1
24 115 1
24 197 1
24 294 1
24 371 1
24 474 1
25 9 1
25 12 1
25 18 1
25 26 1
25 41 1
25 43 1
25 104 1
25 123 1
25 125 1
25 299 1
25 358 1
25 474 1
25 561 1
25 612 1
25 1188 1
25 1341 1
25 2674 1
25 5457 1
26 6 1
26 8 1
26 9 1
26 12 1
26 18 1
26 24 1
26 28 1
26 30 1
26 34 1
26 37 1
26 46 1
26 47 1
26 58 1
26 68 1
26 69 1
26 72 1
26 89 1
26 92 1
26 120 1
26 123 1
26 136 1
26 191 1
26 197 1
26 207 1
26 212 1
26 236 1
26 245 1
26 280 1
26 286 1
26 290 1
26 299 1
26 302 1
26 307 1
26 312 1
26 315 1
26 322 1
26 333 1
26 358 1
26 369 1
26 371 1
26 456 1
26 506 1
26 508 1
26 515 1
26 522 1
26 526 1
26 530 1
26 532 1
26 624 1
26 704 1
26 733 1
26 735 1
26 765 1
26 803 1
26 844 1
26 854 1
26 908 1
26 1052 1
26 1063 1
26 1078 1
26 1166 1
26 1188 1
26 1289 1
26 1293 1
26 1295 1
26 1339 1
26 1561 1
26 1659 1
26 1816 1
26 1889 1
26 1955 1
26 2048 1
26 2405 1
26 2467 1
26 2609 1
26 3552 1
26 3750 1
26 3963 1
26 4065 1
26 4714 1
26 6381 1
28 2 1
28 6 1
28 8 1
28 12 1
28 15 1
28 18 1
28 19 1
28 22 1
28 26 1
28 33 1
28 37 1
28 41 1
28 42 1
28 58 1
28 68 1
28 71 1
28 72 1
28 89 1
28 92 1
28 94 1
28 111 1
28 115 1
28 120 1
28 123 1
28 125 1
28 136 1
28 147 1
28 190 1
28 207 1
28 212 1
28 231 1
28 236 1
28 257 1
28 258 1
28 271 1
28 286 1
28 290 1
28 294 1
28 299 1
28 312 1
28 315 1
28 337 1
28 358 1
28 361 1
28 371 1
28 434 1
28 443 1
28 456 1
28 474 1
28 478 1
28 489 1
28 515 1
28 529 1
28 532 1
28 540 1
28 561 1
28 582 1
28 624 1
28 695 1
28 735 1
28 838 1
28 903 1
28 942 1
28 1063 1
28 1078 1
28 1085 1
28 1131 1
28 1182 1
28 1289 1
28 1326 1
28 1341 1
28 1376 1
28 1469 1
28 1659 1
28 1738 1
28 1816 1
28 2096 1
28 2609 1
28 2866 1
28 4102 1
28 4435 1
28 5280 1
28 6673 1
30 2 1
30 8 1
30 9 1
30 15 1
30 16 1
30 22 1
30 33 1
30 34 1
30 41 1
30 42 1
30 43 1
30 45 1
30 58 1
30 69 1
30 92 1
30 94 1
30 115 1
30 125 1
30 139 1
30 231 1
30 236 1
30 240 1
30 257 1
30 280 1
30 299 1
30 312 1
30 315 1
30 340 1
30 358 1
30 438 1
30 514 1
30 522 1
30 529 1
30 533 1
30 801 1
30 844 1
30 854 1
30 886 1
30 932 1
30 942 1
30 1172 1
30 1341 1
30 1355 1
30 1376 1
30 1398 1
30 1738 1
30 1816 1
30 1879 1
30 2517 1
30 3691 1
30 5280 1
33 115 1
33 474 1
34 2 1
34 6 1
34 8 1
34 12 1
34 16 1
34 18 1
34 22 1
34 25 1
34 42 1
34 45 1
34 68 1
34 89 1
34 92 1
34 115 1
34 120 1
34 125 1
34 147 1
34 190 1
34 207 1
34 226 1
34 257 1
34 280 1
34 299 1
34 302 1
34 312 1
34 322 1
34 340 1
34 358 1
34 474 1
34 514 1
34 526 1
34 653 1
34 879 1
34 881 1
34 1052 1
34 1172 1
34 1376 1
34 1889 1
34 2305 1
34 2462 1
34 4714 1
34 5024 1
34 5449 1
37 2 1
37 6 1
37 8 1
37 12 1
37 15 1
37 16 1
37 18 1
37 19 1
37 22 1
37 25 1
37 26 1
37 34 1
37 41 1
37 46 1
37 58 1
37 60 1
37 68 1
37 71 1
37 104 1
37 111 1
37 123 1
37 125 1
37 147 1
37 190 1
37 197 1
37 240 1
37 286 1
37 290 1
37 299 1
37 302 1
37 312 1
37 340 1
37 474 1
37 514 1
37 540 1
37 888 1
37 892 1
37 908 1
37 1078 1
37 1326 1
37 1376 1
37 1398 1
37 1659 1
37 1676 1
37 2517 1
37 2682 1
37 3552 1
37 3952 1
37 4402 1
41 6 1
41 12 1
41 15 1
41 26 1
41 28 1
41 42 1
41 45 1
41 89 1
41 92 1
41 94 1
41 104 1
41 120 1
41 136 1
41 186 1
41 207 1
41 227 1
41 280 1
41 299 1
41 312 1
41 322 1
41 348 1
41 438 1
41 443 1
41 474 1
41 526 1
41 1078 1
41 1131 1
41 1339 1
41 1376 1
41 1955 1
41 2197 1
42 15 1
42 26 1
42 28 1
42 37 1
42 45 1
42 68 1
42 72 1
42 94 1
42 104 1
42 190 1
42 207 1
42 286 1
42 294 1
42 320 1
42 348 1
42 398 1
42 506 1
42 529 1
42 725 1
42 765 1
42 1131 1
42 1341 1
42 1816 1
42 2182 1
42 2609 1
42 4714 1
43 2 1
43 6 1
43 15 1
43 22 1
43 26 1
43 42 1
43 45 1
43 46 1
43 47 1
43 68 1
43 89 1
43 94 1
43 104 1
43 115 1
43 119 1
43 124 1
43 126 1
43 136 1
43 280 1
43 286 1
43 294 1
43 526 1
43 653 1
43 903 1
43 908 1
43 1131 1
43 1376 1
43 1554 1
43 2554 1
43 3552 1
43 3750 1
43 4065 1
43 5280 1
45 6 1
45 8 1
45 12 1
45 18 1
45 22 1
45 26 1
45 28 1
45 30 1
45 34 1
45 41 1
45 46 1
45 47 1
45 68 1
45 69 1
45 71 1
45 72 1
45 89 1
45 92 1
45 94 1
45 111 1
45 115 1
45 123 1
45 186 1
45 236 1
45 245 1
45 258 1
45 290 1
45 299 1
45 320 1
45 340 1
45 348 1
45 358 1
45 435 1
45 456 1
45 494 1
45 506 1
45 530 1
45 561 1
45 624 1
45 704 1
45 801 1
45 881 1
45 886 1
45 903 1
45 932 1
45 1052 1
45 1120 1
45 1289 1
45 1339 1
45 1341 1
45 1354 1
45 1355 1
45 1647 1
45 1793 1
45 2299 1
45 2763 1
45 3108 1
45 4102 1
45 5406 1
45 5518 1
45 7340 1
46 2 1
46 6 1
46 15 1
46 16 1
46 18 1
46 28 1
46 30 1
46 37 1
46 43 1
46 72 1
46 89 1
46 94 1
46 104 1
46 111 1
46 119 1
46 123 1
46 125 1
46 147 1
46 191 1
46 197 1
46 212 1
46 236 1
46 257 1
46 280 1
46 294 1
46 299 1
46 302 1
46 312 1
46 342 1
46 530 1
46 582 1
46 803 1
46 844 1
46 908 1
46 932 1
46 1052 1
46 1182 1
46 1293 1
46 1295 1
46 1339 1
46 2462 1
46 3552 1
46 4176 1
47 12 1
47 28 1
47 34 1
47 71 1
47 89 1
47 123 1
47 197 1
47 212 1
47 245 1
47 286 1
47 333 1
47 358 1
47 631 1
58 12 1
58 15 1
58 16 1
58 26 1
58 37 1
58 41 1
58 42 1
58 46 1
58 68 1
58 83 1
58 89 1
58 94 1
58 104 1
58 111 1
58 115 1
58 125 1
58 136 1
58 147 1
58 152 1
58 190 1
58 196 1
58 197 1
58 207 1
58 227 1
58 231 1
58 245 1
58 271 1
58 286 1
58 290 1
58 312 1
58 322 1
58 337 1
58 348 1
58 358 1
58 371 1
58 443 1
58 514 1
58 561 1
58 714 1
58 718 1
58 803 1
58 844 1
58 903 1
58 932 1
58 1063 1
58 1120 1
58 1339 1
58 1341 1
58 1510 1
58 1561 1
58 1659 1
58 1889 1
58 2405 1
58 2554 1
58 3166 1
58 4644 1
58 7141 1
60 2 1
60 6 1
60 15 1
60 16 1
60 19 1
60 22 1
60 37 1
60 68 1
60 72 1
60 212 1
60 333 1
60 456 1
60 1285 1
68 2 1
68 15 1
68 18 1
68 24 1
68 26 1
68 34 1
68 41 1
68 42 1
68 45 1
68 46 1
68 47 1
68 58 1
68 89 1
68 92 1
68 94 1
68 115 1
68 124 1
68 125 1
68 147 1
68 190 1
68 207 1
68 227 1
68 231 1
68 245 1
68 257 1
68 258 1
68 280 1
68 299 1
68 302 1
68 312 1
68 322 1
68 340 1
68 348 1
68 371 1
68 438 1
68 443 1
68 474 1
68 508 1
68 526 1
68 530 1
68 624 1
68 653 1
68 733 1
68 844 1
68 886 1
68 903 1
68 932 1
68 1063 1
68 1120 1
68 1131 1
68 1167 1
68 1172 1
68 1192 1
68 1276 1
68 1295 1
68 1376 1
68 3166 1
68 3552 1
68 3877 1
68 4094 1
68 4102 1
68 4714 1
68 4818 1
68 5921 1
68 6598 1
68 7294 1
69 2 1
69 22 1
69 46 1
69 72 1
69 89 1
69 104 1
69 115 1
69 123 1
69 207 1
69 474 1
69 633 1
69 1182 1
71 2 1
71 6 1
71 8 1
71 12 1
71 15 1
71 18 1
71 26 1
71 30 1
71 37 1
71 41 1
71 58 1
71 60 1
71 68 1
71 89 1
71 125 1
71 126 1
71 197 1
71 257 1
71 258 1
71 271 1
71 280 1
71 290 1
71 299 1
71 302 1
71 312 1
71 320 1
71 337 1
71 371 1
71 443 1
71 456 1
71 474 1
71 529 1
71 561 1
71 624 1
71 765 1
71 838 1
71 1052 1
71 1063 1
71 1078 1
71 1089 1
71 1120 1
71 1131 1
71 1167 1
71 1172 1
71 1188 1
71 1339 1
71 1510 1
71 2048 1
71 2141 1
71 2203 1
71 2299 1
71 2467 1
71 2517 1
71 2554 1
71 2966 1
71 3301 1
71 5921 1
72 6 1
72 9 1
72 15 1
72 16 1
72 18 1
72 41 1
72 89 1
72 94 1
72 111 1
72 115 1
72 258 1
72 271 1
72 290 1
72 294 1
72 340 1
72 548 1
72 561 1
72 714 1
72 735 1
72 908 1
72 932 1
72 1052 1
72 1063 1
72 1089 1
72 1326 1
72 2040 1
72 3691 1
74 15 1
74 22 1
74 45 1
74 71 1
74 120 1
74 735 1
74 1889 1
74 3166 1
83 15 1
83 16 1
83 18 1
83 42 1
83 45 1
83 89 1
83 94 1
83 120 1
83 152 1
83 257 1
83 307 1
83 371 1
83 456 1
83 695 1
83 733 1
83 803 1
83 1339 1
83 3552 1
89 2 1
89 6 1
89 8 1
89 9 1
89 12 1
89 15 1
89 16 1
89 18 1
89 19 1
89 22 1
89 26 1
89 30 1
89 41 1
89 42 1
89 46 1
89 72 1
89 123 1
89 126 1
89 147 1
89 152 1
89 186 1
89 207 1
89 231 1
89 245 1
89 257 1
89 258 1
89 271 1
89 290 1
89 307 1
89 312 1
89 315 1
89 320 1
89 322 1
89 358 1
89 435 1
89 438 1
89 443 1
89 474 1
89 515 1
89 526 1
89 540 1
89 704 1
89 733 1
89 735 1
89 932 1
89 1063 1
89 1120 1
89 1182 1
89 1188 1
89 1345 1
89 1398 1
89 2299 1
89 2303 1
89 2308 1
89 2462 1
89 2517 1
89 2738 1
89 3481 1
89 4714 1
89 5518 1
89 7419 1
91 22 1
91 37 1
91 71 1
91 371 1
92 6 1
92 15 1
92 28 1
92 45 1
92 58 1
92 68 1
92 72 1
92 89 1
92 94 1
92 125 1
92 152 1
92 231 1
92 240 1
92 280 1
92 294 1
92 312 1
92 530 1
92 801 1
92 1052 1
92 1063 1
92 1131 1
92 1289 1
92 3480 1
92 3596 1
94 2 1
94 8 1
94 12 1
94 15 1
94 22 1
94 30 1
94 37 1
94 45 1
94 46 1
94 69 1
94 71 1
94 74 1
94 89 1
94 92 1
94 111 1
94 115 1
94 119 1
94 125 1
94 147 1
94 152 1
94 186 1
94 212 1
94 236 1
94 245 1
94 286 1
94 294 1
94 299 1
94 337 1
94 340 1
94 358 1
94 371 1
94 438 1
94 506 1
94 508 1
94 526 1
94 582 1
94 624 1
94 633 1
94 735 1
94 1063 1
94 1078 1
94 1289 1
94 1345 1
94 1554 1
94 2462 1
94 2738 1
94 3261 1
94 7143 1
99 6 1
99 12 1
99 15 1
99 18 1
99 22 1
99 25 1
99 30 1
99 42 1
99 43 1
99 69 1
99 94 1
99 115 1
99 120 1
99 207 1
99 231 1
99 286 1
99 290 1
99 337 1
99 474 1
99 522 1
99 530 1
99 561 1
99 624 1
99 1120 1
99 1293 1
99 1659 1
99 2096 1
99 2674 1
104 2 1
104 12 1
104 15 1
104 22 1
104 28 1
104 30 1
104 34 1
104 37 1
104 42 1
104 45 1
104 58 1
104 71 1
104 83 1
104 89 1
104 111 1
104 123 1
104 147 1
104 152 1
104 197 1
104 212 1
104 236 1
104 240 1
104 286 1
104 290 1
104 299 1
104 333 1
104 371 1
104 438 1
104 443 1
104 474 1
104 494 1
104 515 1
104 530 1
104 685 1
104 695 1
104 704 1
104 725 1
104 735 1
104 844 1
104 888 1
104 1131 1
104 1172 1
104 1592 1
104 1889 1
104 2299 1
104 2405 1
104 2554 1
104 3481 1
104 3552 1
104 3607 1
104 3750 1
104 6703 1
111 2 1
111 6 1
111 8 1
111 12 1
111 15 1
111 16 1
111 18 1
111 22 1
111 26 1
111 28 1
111 42 1
111 45 1
111 46 1
111 58 1
111 71 1
111 94 1
111 120 1
111 123 1
111 136 1
111 196 1
111 197 1
111 236 1
111 245 1
111 280 1
111 290 1
111 294 1
111 333 1
111 340 1
111 358 1
111 438 1
111 443 1
111 474 1
111 489 1
111 526 1
111 582 1
111 725 1
111 1052 1
111 1167 1
111 1182 1
111 1554 1
111 1659 1
111 2303 1
111 3691 1
111 3731 1
111 3963 1
111 4818 1
111 5101 1
111 5406 1
111 6362 1
115 2 1
115 6 1
115 9 1
115 12 1
115 15 1
115 22 1
115 26 1
115 28 1
115 37 1
115 42 1
115 46 1
115 71 1
115 92 1
115 94 1
115 104 1
115 120 1
115 125 1
115 190 1
115 197 1
115 207 1
115 212 1
115 231 1
115 236 1
115 286 1
115 290 1
115 312 1
115 315 1
115 342 1
115 369 1
115 371 1
115 434 1
115 435 1
115 438 1
115 443 1
115 474 1
115 515 1
115 530 1
115 624 1
115 685 1
115 733 1
115 801 1
115 803 1
115 844 1
115 1166 1
115 1172 1
115 1276 1
115 1341 1
115 1376 1
115 1561 1
115 2303 1
115 3815 1
115 3878 1
115 6263 1
119 2 1
119 8 1
119 9 1
119 15 1
119 18 1
119 22 1
119 28 1
119 30 1
119 47 1
119 58 1
119 68 1
119 69 1
119 72 1
119 74 1
119 89 1
119 111 1
119 115 1
119 123 1
119 139 1
119 147 1
119 152 1
119 197 1
119 227 1
119 231 1
119 236 1
119 245 1
119 257 1
119 271 1
119 286 1
119 290 1
119 294 1
119 299 1
119 307 1
119 333 1
119 348 1
119 358 1
119 369 1
119 438 1
119 489 1
119 522 1
119 561 1
119 695 1
119 735 1
119 803 1
119 838 1
119 854 1
119 932 1
119 979 1
119 1030 1
119 1063 1
119 1172 1
119 1276 1
119 1289 1
119 1326 1
119 1355 1
119 1554 1
119 1659 1
119 2592 1
119 2866 1
119 3552 1
119 3815 1
120 2 1
120 8 1
120 16 1
120 18 1
120 25 1
120 28 1
120 37 1
120 42 1
120 43 1
120 71 1
120 104 1
120 231 1
120 258 1
120 271 1
120 299 1
120 312 1
120 333 1
120 348 1
120 358 1
120 371 1
120 443 1
120 456 1
120 478 1
120 506 1
120 526 1
120 561 1
120 725 1
120 903 1
120 922 1
120 1131 1
120 1167 1
120 1172 1
120 1659 1
120 1879 1
120 2096 1
120 3691 1
123 12 1
123 15 1
123 19 1
123 22 1
123 25 1
123 26 1
123 37 1
123 43 1
123 46 1
123 58 1
123 68 1
123 69 1
123 71 1
123 74 1
123 89 1
123 99 1
123 111 1
123 115 1
123 119 1
123 124 1
123 125 1
123 126 1
123 139 1
123 147 1
123 186 1
123 190 1
123 197 1
123 207 1
123 227 1
123 231 1
123 258 1
123 280 1
123 286 1
123 290 1
123 299 1
123 312 1
123 315 1
123 320 1
123 333 1
123 438 1
123 443 1
123 456 1
123 474 1
123 489 1
123 506 1
123 514 1
123 522 1
123 529 1
123 548 1
123 561 1
123 624 1
123 704 1
123 801 1
123 838 1
123 844 1
123 879 1
123 932 1
123 1052 1
123 1089 1
123 1120 1
123 1131 1
123 1172 1
123 1192 1
123 1276 1
123 1289 1
123 1295 1
123 1345 1
123 1376 1
123 1561 1
123 2299 1
123 2308 1
123 2467 1
123 2609 1
123 2612 1
123 3552 1
123 3952 1
123 4549 1
123 4714 1
123 5406 1
123 5921 1
123 6673 1
124 12 1
124 18 1
124 22 1
124 28 1
124 34 1
124 37 1
124 45 1
124 46 1
124 69 1
124 71 1
124 89 1
124 186 1
124 231 1
124 257 1
124 286 1
124 456 1
124 533 1
124 881 1
124 1295 1
124 4146 1
124 6068 1
125 8 1
125 9 1
125 15 1
125 18 1
125 22 1
125 25 1
125 26 1
125 37 1
125 43 1
125 45 1
125 92 1
125 104 1
125 111 1
125 119 1
125 123 1
125 124 1
125 147 1
125 186 1
125 245 1
125 294 1
125 307 1
125 315 1
125 340 1
125 358 1
125 443 1
125 474 1
125 508 1
125 529 1
125 714 1
125 854 1
125 1089 1
125 1345 1
125 2182 1
125 2405 1
125 4868 1
125 6376 1
126 12 1
126 15 1
126 16 1
126 18 1
126 26 1
126 34 1
126 41 1
126 71 1
126 104 1
126 115 1
126 1063 1
126 1089 1
133 26 1
133 42 1
136 6 1
136 8 1
136 15 1
136 18 1
136 28 1
136 37 1
136 42 1
136 45 1
136 72 1
136 89 1
136 125 1
136 186 1
136 197 1
136 280 1
136 299 1
136 489 1
136 506 1
136 624 1
136 735 1
136 844 1
136 1341 1
136 2462 1
136 3163 1
136 3963 1
139 2 1
139 16 1
139 22 1
139 26 1
139 37 1
139 45 1
139 72 1
139 89 1
139 104 1
139 115 1
139 125 1
139 348 1
139 529 1
139 695 1
139 4843 1
147 6 1
147 15 1
147 28 1
147 46 1
147 94 1
147 443 1
147 765 1
147 1339 1
147 2573 1
152 2 1
152 6 1
152 15 1
152 34 1
152 41 1
152 45 1
152 104 1
152 257 1
152 294 1
152 340 1
152 548 1
152 1341 1
152 5921 1
186 6 1
186 68 1
186 72 1
186 115 1
186 240 1
186 307 1
186 312 1
186 434 1
186 854 1
190 2 1
190 6 1
190 12 1
190 15 1
190 18 1
190 26 1
190 37 1
190 45 1
190 46 1
190 71 1
190 89 1
190 104 1
190 125 1
190 136 1
190 186 1
190 227 1
190 340 1
190 438 1
190 489 1
190 532 1
190 612 1
190 735 1
190 879 1
190 1052 1
190 1172 1
190 1617 1
190 2299 1
190 2517 1
190 3815 1
191 15 1
191 136 1
191 1120 1
191 1289 1
196 18 1
196 2490 1
197 2 1
197 72 1
197 89 1
197 120 1
197 125 1
197 299 1
197 438 1
197 526 1
197 1376 1
197 1554 1
197 2597 1
197 3108 1
197 5866 1
197 6381 1
207 2 1
207 9 1
207 12 1
207 15 1
207 16 1
207 19 1
207 22 1
207 26 1
207 34 1
207 104 1
207 126 1
207 197 1
207 456 1
207 474 1
207 506 1
207 561 1
207 695 1
207 733 1
207 932 1
207 1078 1
212 2 1
212 6 1
212 12 1
212 15 1
212 16 1
212 18 1
212 19 1
212 26 1
212 42 1
212 45 1
212 68 1
212 69 1
212 71 1
212 89 1
212 104 1
212 111 1
212 124 1
212 147 1
212 231 1
212 286 1
212 443 1
212 508 1
212 530 1
212 1285 1
212 1554 1
212 1592 1
226 15 1
226 45 1
226 71 1
227 15 1
227 25 1
227 26 1
227 47 1
227 123 1
227 489 1
231 2 1
231 6 1
231 12 1
231 15 1
231 16 1
231 22 1
231 26 1
231 28 1
231 41 1
231 68 1
231 72 1
231 94 1
231 115 1
231 123 1
231 271 1
231 506 1
231 508 1
231 526 1
231 633 1
231 653 1
231 2308 1
231 2609 1
231 2653 1
231 2866 1
231 5406 1
236 2 1
236 6 1
236 8 1
236 12 1
236 15 1
236 16 1
236 22 1
236 26 1
236 34 1
236 42 1
236 45 1
236 46 1
236 68 1
236 111 1
236 147 1
236 257 1
236 258 1
236 280 1
236 302 1
236 312 1
236 358 1
236 369 1
236 438 1
236 474 1
236 533 1
236 548 1
236 735 1
236 932 1
236 1131 1
236 1376 1
236 2612 1
240 18 1
240 28 1
240 42 1
240 46 1
240 94 1
240 438 1
240 3952 1
241 26 1
245 2 1
245 9 1
245 15 1
245 16 1
245 18 1
245 22 1
245 26 1
245 42 1
245 104 1
245 115 1
245 124 1
245 126 1
245 152 1
245 240 1
245 271 1
245 320 1
245 333 1
245 456 1
245 474 1
245 478 1
245 526 1
245 879 1
245 1131 1
245 1167 1
245 1889 1
245 3261 1
245 6376 1
257 2 1
257 6 1
257 8 1
257 12 1
257 18 1
257 26 1
257 41 1
257 42 1
257 45 1
257 46 1
257 69 1
257 71 1
257 72 1
257 104 1
257 111 1
257 115 1
257 119 1
257 120 1
257 123 1
257 125 1
257 147 1
257 207 1
257 245 1
257 286 1
257 294 1
257 302 1
257 315 1
257 371 1
257 474 1
257 494 1
257 530 1
257 540 1
257 561 1
257 624 1
257 653 1
257 733 1
257 735 1
257 903 1
257 1063 1
257 1131 1
257 1192 1
257 1289 1
257 1341 1
257 1592 1
258 2 1
258 15 1
258 18 1
258 22 1
258 34 1
258 37 1
258 41 1
258 71 1
258 115 1
258 286 1
258 526 1
258 2197 1
258 2303 1
258 5039 1
271 2 1
271 6 1
271 15 1
271 16 1
271 26 1
271 34 1
271 45 1
271 68 1
271 115 1
271 257 1
271 337 1
280 89 1
280 115 1
280 653 1
280 1063 1
286 2 1
286 6 1
286 8 1
286 15 1
286 16 1
286 18 1
286 22 1
286 30 1
286 41 1
286 68 1
286 71 1
286 72 1
286 74 1
286 89 1
286 94 1
286 111 1
286 136 1
286 152 1
286 196 1
286 197 1
286 245 1
286 271 1
286 294 1
286 299 1
286 398 1
286 438 1
286 474 1
286 478 1
286 530 1
286 533 1
286 561 1
286 725 1
286 733 1
286 765 1
286 854 1
286 881 1
286 1131 1
286 1192 1
286 1354 1
286 2303 1
286 2308 1
286 3552 1
286 3607 1
286 3750 1
286 3829 1
286 4843 1
290 6 1
290 8 1
290 12 1
290 15 1
290 16 1
290 22 1
290 28 1
290 34 1
290 45 1
290 46 1
290 58 1
290 68 1
290 69 1
290 92 1
290 104 1
290 120 1
290 123 1
290 125 1
290 147 1
290 191 1
290 207 1
290 236 1
290 286 1
290 294 1
290 299 1
290 348 1
290 371 1
290 514 1
290 548 1
290 561 1
290 653 1
290 718 1
290 881 1
290 908 1
290 1078 1
290 1172 1
290 2343 1
290 5750 1
294 6 1
294 16 1
294 18 1
294 22 1
294 26 1
294 37 1
294 42 1
294 45 1
294 60 1
294 68 1
294 71 1
294 104 1
294 115 1
294 120 1
294 136 1
294 190 1
294 191 1
294 212 1
294 280 1
294 290 1
294 302 1
294 371 1
294 456 1
294 533 1
294 561 1
294 854 1
294 1172 1
294 4330 1
299 6 1
299 12 1
299 15 1
299 16 1
299 22 1
299 26 1
299 28 1
299 37 1
299 42 1
299 58 1
299 89 1
299 94 1
299 104 1
299 123 1
299 126 1
299 294 1
299 474 1
299 530 1
299 624 1
299 631 1
299 695 1
299 854 1
299 879 1
299 1052 1
299 1063 1
299 1339 1
299 2467 1
299 3607 1
299 3815 1
302 2 1
302 8 1
302 12 1
302 15 1
302 16 1
302 18 1
302 26 1
302 28 1
302 30 1
302 34 1
302 37 1
302 41 1
302 42 1
302 45 1
302 58 1
302 89 1
302 115 1
302 120 1
302 125 1
302 257 1
302 290 1
302 299 1
302 561 1
302 624 1
302 844 1
302 1339 1
302 1879 1
302 2140 1
302 2308 1
302 2763 1
302 3375 1
302 4714 1
302 5406 1
307 2 1
307 15 1
307 18 1
307 45 1
307 68 1
307 69 1
307 72 1
307 104 1
307 123 1
307 197 1
307 236 1
307 240 1
307 294 1
307 340 1
307 456 1
307 474 1
307 489 1
307 548 1
307 725 1
307 735 1
307 844 1
307 854 1
307 1085 1
307 1293 1
312 2 1
312 6 1
312 15 1
312 18 1
312 25 1
312 26 1
312 28 1
312 34 1
312 37 1
312 41 1
312 42 1
312 47 1
312 72 1
312 115 1
312 119 1
312 123 1
312 125 1
312 231 1
312 236 1
312 290 1
312 438 1
312 443 1
312 456 1
312 506 1
312 530 1
312 908 1
312 932 1
312 942 1
312 1078 1
312 1285 1
315 6 1
315 12 1
315 15 1
315 16 1
315 22 1
315 26 1
315 34 1
315 47 1
315 71 1
315 89 1
315 111 1
315 123 1
315 197 1
315 286 1
315 290 1
315 302 1
315 312 1
315 340 1
315 371 1
315 474 1
315 508 1
315 879 1
315 932 1
315 1089 1
315 2966 1
315 4714 1
320 18 1
320 22 1
320 26 1
320 89 1
320 123 1
322 15 1
322 16 1
322 26 1
322 125 1
322 348 1
322 526 1
333 6 1
333 15 1
333 16 1
333 18 1
333 22 1
333 26 1
333 30 1
333 45 1
333 58 1
333 68 1
333 89 1
333 136 1
333 152 1
333 197 1
333 207 1
333 307 1
333 337 1
333 340 1
333 443 1
333 474 1
333 561 1
333 932 1
333 1289 1
333 1341 1
337 2 1
337 34 1
337 89 1
337 120 1
337 474 1
340 2 1
340 12 1
340 26 1
340 41 1
340 47 1
340 58 1
340 104 1
340 123 1
340 147 1
340 207 1
340 231 1
340 257 1
340 280 1
340 294 1
340 299 1
340 358 1
340 478 1
340 515 1
340 623 1
340 733 1
340 1341 1
340 2405 1
340 4094 1
342 18 1
342 26 1
342 68 1
342 115 1
342 290 1
342 529 1
342 1376 1
348 6 1
348 15 1
348 16 1
348 18 1
348 22 1
348 26 1
348 30 1
348 41 1
348 58 1
348 125 1
348 257 1
348 561 1
348 932 1
348 1085 1
348 3857 1
348 4402 1
358 6 1
358 9 1
358 15 1
358 16 1
358 18 1
358 22 1
358 26 1
358 28 1
358 42 1
358 45 1
358 58 1
358 68 1
358 104 1
358 111 1
358 115 1
358 123 1
358 236 1
358 438 1
358 1192 1
358 2467 1
361 94 1
361 286 1
361 443 1
361 1172 1
361 2763 1
369 12 1
369 15 1
369 312 1
369 342 1
369 1293 1
371 6 1
371 15 1
371 16 1
371 22 1
371 34 1
371 46 1
371 58 1
371 89 1
371 152 1
371 286 1
371 333 1
371 456 1
371 532 1
371 624 1
371 725 1
371 735 1
371 844 1
371 942 1
371 1276 1
371 1554 1
371 5406 1
371 5750 1
398 6 1
398 12 1
398 15 1
398 16 1
398 22 1
398 26 1
398 71 1
398 72 1
398 120 1
398 212 1
398 631 1
398 803 1
398 1120 1
398 2467 1
434 15 1
434 22 1
434 28 1
434 68 1
434 337 1
434 438 1
435 15 1
435 16 1
435 28 1
435 45 1
435 68 1
435 115 1
435 124 1
435 147 1
435 257 1
438 2 1
438 12 1
438 15 1
438 16 1
438 18 1
438 22 1
438 26 1
438 34 1
438 41 1
438 46 1
438 72 1
438 89 1
438 94 1
438 104 1
438 115 1
438 120 1
438 125 1
438 147 1
438 186 1
438 280 1
438 322 1
438 561 1
438 631 1
438 735 1
438 932 1
438 1078 1
438 1131 1
438 1167 1
438 1172 1
438 1355 1
438 1659 1
443 6 1
443 12 1
443 15 1
443 18 1
443 22 1
443 26 1
443 28 1
443 37 1
443 41 1
443 45 1
443 104 1
443 111 1
443 123 1
443 125 1
443 226 1
443 280 1
443 540 1
443 633 1
443 903 1
443 1354 1
443 1720 1
443 3552 1
456 22 1
456 26 1
456 28 1
456 42 1
456 43 1
456 111 1
456 257 1
456 474 1
456 1063 1
456 1554 1
456 5533 1
474 6 1
474 12 1
474 15 1
474 16 1
474 19 1
474 22 1
474 26 1
474 34 1
474 37 1
474 41 1
474 42 1
474 45 1
474 58 1
474 68 1
474 69 1
474 71 1
474 89 1
474 91 1
474 120 1
474 125 1
474 136 1
474 147 1
474 190 1
474 294 1
474 299 1
474 371 1
474 438 1
474 443 1
474 456 1
474 489 1
474 514 1
474 529 1
474 735 1
474 844 1
474 892 1
474 932 1
474 942 1
474 1172 1
474 1295 1
474 1559 1
474 1592 1
474 2197 1
474 2299 1
474 2554 1
474 3375 1
474 3750 1
474 4146 1
474 4515 1
474 4820 1
474 6226 1
474 6703 1
474 7017 1
478 2 1
478 18 1
478 22 1
478 26 1
478 30 1
478 89 1
478 125 1
478 358 1
489 12 1
489 15 1
489 18 1
489 26 1
489 71 1
489 89 1
489 115 1
489 120 1
489 530 1
489 1172 1
489 4094 1
494 15 1
494 16 1
494 69 1
494 312 1
494 838 1
506 6 1
506 12 1
506 26 1
506 37 1
506 46 1
506 58 1
506 68 1
506 69 1
506 71 1
506 72 1
506 104 1
506 115 1
506 124 1
506 207 1
506 231 1
506 302 1
506 312 1
506 522 1
506 685 1
506 801 1
506 3691 1
508 6 1
508 22 1
508 37 1
508 68 1
508 125 1
508 286 1
508 348 1
508 506 1
508 514 1
508 1167 1
508 1172 1
514 2 1
514 15 1
514 22 1
514 37 1
514 43 1
514 68 1
514 89 1
514 94 1
514 111 1
514 147 1
514 197 1
514 294 1
514 340 1
514 342 1
514 529 1
514 725 1
514 1172 1
514 2653 1
515 15 1
515 41 1
515 526 1
522 6 1
522 15 1
522 18 1
522 22 1
522 34 1
522 46 1
522 71 1
522 115 1
522 474 1
522 530 1
526 2 1
526 6 1
526 12 1
526 16 1
526 18 1
526 22 1
526 26 1
526 37 1
526 41 1
526 68 1
526 69 1
526 71 1
526 72 1
526 89 1
526 94 1
526 104 1
526 111 1
526 115 1
526 120 1
526 123 1
526 125 1
526 271 1
526 312 1
526 315 1
526 434 1
526 803 1
526 844 1
526 1188 1
526 2517 1
526 2674 1
526 2966 1
529 2 1
529 6 1
529 15 1
529 25 1
529 34 1
529 37 1
529 58 1
529 71 1
529 89 1
529 111 1
529 115 1
529 286 1
529 294 1
530 6 1
530 15 1
530 18 1
530 22 1
530 26 1
530 28 1
530 68 1
530 71 1
530 104 1
530 197 1
530 271 1
530 290 1
530 307 1
530 932 1
532 15 1
532 18 1
532 37 1
532 45 1
532 89 1
532 125 1
532 474 1
533 12 1
533 16 1
533 22 1
540 15 1
540 16 1
540 26 1
540 34 1
540 125 1
540 197 1
540 489 1
540 2554 1
548 6 1
548 15 1
548 26 1
548 71 1
548 1289 1
548 2462 1
561 6 1
561 9 1
561 15 1
561 16 1
561 18 1
561 22 1
561 28 1
561 45 1
561 47 1
561 69 1
561 89 1
561 94 1
561 125 1
561 136 1
561 152 1
561 190 1
561 231 1
561 474 1
561 508 1
561 735 1
561 765 1
561 844 1
561 888 1
561 903 1
561 1172 1
561 1276 1
561 1293 1
561 1339 1
561 1559 1
561 2554 1
561 4330 1
561 4437 1
582 2 1
582 8 1
582 12 1
582 15 1
582 16 1
582 26 1
582 37 1
582 42 1
582 45 1
582 46 1
582 58 1
582 71 1
582 89 1
582 94 1
582 99 1
582 111 1
582 123 1
582 236 1
582 240 1
582 245 1
582 257 1
582 271 1
582 280 1
582 307 1
582 312 1
582 320 1
582 348 1
582 358 1
582 438 1
582 474 1
582 494 1
582 526 1
582 838 1
582 844 1
582 1052 1
582 1131 1
582 1172 1
582 1314 1
582 1345 1
582 1355 1
582 1561 1
582 4843 1
582 7419 1
612 8 1
612 15 1
612 22 1
612 89 1
612 932 1
612 3731 1
623 18 1
623 71 1
623 489 1
624 12 1
624 16 1
624 18 1
624 22 1
624 89 1
624 94 1
624 124 1
624 125 1
624 126 1
624 136 1
624 190 1
624 212 1
624 280 1
624 299 1
624 371 1
624 903 1
624 1052 1
624 1172 1
624 1659 1
624 3552 1
624 4146 1
631 46 1
631 207 1
633 2 1
633 18 1
633 125 1
633 456 1
633 474 1
633 1167 1
653 6 1
653 12 1
653 16 1
653 26 1
653 41 1
653 58 1
653 94 1
653 111 1
653 190 1
653 290 1
653 299 1
653 474 1
653 1089 1
653 1289 1
653 1326 1
685 2 1
685 6 1
685 18 1
685 22 1
685 26 1
685 34 1
685 69 1
685 231 1
685 258 1
685 286 1
685 348 1
685 489 1
685 526 1
685 1063 1
685 2674 1
685 2738 1
685 5227 1
695 41 1
695 45 1
695 94 1
695 115 1
695 125 1
704 15 1
704 18 1
704 22 1
714 22 1
714 1172 1
718 735 1
725 16 1
725 18 1
725 22 1
725 26 1
725 41 1
725 45 1
725 71 1
725 74 1
725 94 1
725 120 1
725 123 1
725 125 1
725 147 1
725 197 1
725 257 1
725 299 1
725 358 1
725 474 1
725 735 1
725 1089 1
725 1166 1
725 2738 1
725 3750 1
733 26 1
733 45 1
733 47 1
733 71 1
733 474 1
733 514 1
733 1955 1
735 15 1
735 18 1
735 22 1
735 71 1
735 111 1
735 120 1
735 136 1
735 286 1
735 290 1
735 312 1
735 474 1
735 624 1
735 3952 1
765 22 1
765 34 1
765 68 1
765 89 1
765 120 1
765 147 1
765 190 1
765 6263 1
801 16 1
801 18 1
801 26 1
801 34 1
801 45 1
801 68 1
801 94 1
801 190 1
801 231 1
801 312 1
801 340 1
801 530 1
801 735 1
801 1063 1
803 15 1
803 18 1
803 26 1
803 45 1
803 111 1
803 115 1
803 1085 1
803 1131 1
803 1289 1
838 2 1
838 15 1
838 16 1
838 22 1
838 26 1
838 28 1
838 45 1
838 120 1
838 123 1
838 271 1
838 286 1
838 340 1
838 844 1
838 1314 1
838 2048 1
844 2 1
844 6 1
844 8 1
844 18 1
844 26 1
844 28 1
844 41 1
844 89 1
844 94 1
844 104 1
844 120 1
844 123 1
844 125 1
844 136 1
844 190 1
844 236 1
844 245 1
844 522 1
844 733 1
844 801 1
844 854 1
844 1052 1
844 1336 1
844 1659 1
844 2566 1
844 4827 1
844 5024 1
854 2 1
854 18 1
854 37 1
854 45 1
854 71 1
854 212 1
854 333 1
854 879 1
879 15 1
879 18 1
879 22 1
879 26 1
879 42 1
879 45 1
879 68 1
879 89 1
879 115 1
879 125 1
879 294 1
879 443 1
879 532 1
879 561 1
879 888 1
879 932 1
879 2303 1
879 3606 1
881 16 1
881 22 1
881 28 1
881 68 1
881 2738 1
886 18 1
886 68 1
888 15 1
888 16 1
888 18 1
888 37 1
888 72 1
888 94 1
888 111 1
888 302 1
892 18 1
892 37 1
892 42 1
892 286 1
903 8 1
903 15 1
903 16 1
903 18 1
903 26 1
903 46 1
903 58 1
903 438 1
908 18 1
908 22 1
908 26 1
908 41 1
908 286 1
908 530 1
908 561 1
908 844 1
908 932 1
908 1120 1
908 4714 1
922 12 1
932 18 1
932 22 1
932 26 1
932 28 1
932 89 1
932 120 1
932 245 1
932 312 1
932 315 1
932 322 1
932 561 1
932 1052 1
942 16 1
942 37 1
942 111 1
942 1052 1
952 1052 1
979 69 1
979 474 1
979 1554 1
1030 8 1
1030 104 1
1052 2 1
1052 18 1
1052 22 1
1052 26 1
1052 46 1
1052 89 1
1052 94 1
1052 115 1
1052 280 1
1052 299 1
1052 333 1
1052 337 1
1052 434 1
1052 438 1
1052 474 1
1052 533 1
1052 765 1
1052 3261 1
1063 6 1
1063 15 1
1063 16 1
1063 18 1
1063 19 1
1063 22 1
1063 26 1
1063 28 1
1063 37 1
1063 45 1
1063 74 1
1063 92 1
1063 94 1
1063 147 1
1063 257 1
1063 474 1
1063 952 1
1063 1089 1
1063 1131 1
1063 2299 1
1078 15 1
1078 315 1
1085 6 1
1085 22 1
1085 115 1
1085 124 1
1085 526 1
1085 844 1
1089 15 1
1089 22 1
1089 41 1
1089 43 1
1089 45 1
1089 68 1
1089 71 1
1089 125 1
1089 522 1
1089 3750 1
1089 4146 1
1089 6376 1
1120 16 1
1120 18 1
1120 26 1
1120 28 1
1120 123 1
1120 125 1
1120 315 1
1120 508 1
1131 2 1
1131 26 1
1131 37 1
1131 41 1
1131 47 1
1131 58 1
1131 71 1
1131 72 1
1131 94 1
1131 111 1
1131 115 1
1131 123 1
1131 125 1
1131 126 1
1131 136 1
1131 197 1
1131 227 1
1131 236 1
1131 245 1
1131 286 1
1131 290 1
1131 299 1
1131 508 1
1131 854 1
1131 1052 1
1131 2308 1
1166 15 1
1166 18 1
1166 22 1
1167 16 1
1167 34 1
1167 37 1
1167 43 1
1167 111 1
1167 299 1
1172 6 1
1172 15 1
1172 16 1
1172 18 1
1172 22 1
1172 26 1
1172 89 1
1172 231 1
1172 294 1
1172 508 1
1172 624 1
1182 18 1
1182 111 1
1182 190 1
1182 443 1
1182 838 1
1188 16 1
1188 30 1
1188 231 1
1188 456 1
1188 653 1
1192 18 1
1192 26 1
1192 37 1
1192 42 1
1192 104 1
1192 120 1
1192 123 1
1192 844 1
1192 879 1
1192 1339 1
1192 2674 1
1228 12 1
1228 15 1
1270 15 1
1276 22 1
1276 26 1
1276 30 1
1276 37 1
1276 123 1
1276 136 1
1276 371 1
1276 474 1
1276 844 1
1276 1131 1
1276 1345 1
1285 72 1
1285 474 1
1285 1052 1
1285 4714 1
1289 15 1
1289 16 1
1289 22 1
1289 26 1
1289 28 1
1289 45 1
1289 124 1
1289 147 1
1289 257 1
1289 1659 1
1293 15 1
1293 22 1
1293 45 1
1293 89 1
1293 838 1
1295 16 1
1295 18 1
1295 26 1
1314 6 1
1314 18 1
1314 22 1
1326 18 1
1326 30 1
1326 71 1
1326 190 1
1326 290 1
1326 474 1
1326 489 1
1326 844 1
1339 2 1
1339 15 1
1339 26 1
1339 41 1
1339 46 1
1339 60 1
1339 69 1
1339 71 1
1339 236 1
1339 294 1
1339 371 1
1339 489 1
1339 526 1
1341 37 1
1341 69 1
1341 71 1
1341 89 1
1341 94 1
1341 111 1
1341 120 1
1341 532 1
1341 624 1
1341 5533 1
1345 15 1
1345 74 1
1345 340 1
1345 1510 1
1354 26 1
1355 15 1
1355 25 1
1355 26 1
1355 46 1
1355 71 1
1355 190 1
1355 474 1
1355 623 1
1355 624 1
1355 881 1
1355 3607 1
1376 2 1
1376 15 1
1376 22 1
1376 26 1
1376 30 1
1376 41 1
1376 69 1
1376 72 1
1376 94 1
1376 104 1
1376 123 1
1376 125 1
1376 624 1
1376 1063 1
1398 18 1
1469 136 1
1510 15 1
1510 16 1
1510 22 1
1510 26 1
1510 94 1
1510 123 1
1510 280 1
1510 340 1
1510 1120 1
1554 18 1
1554 68 1
1554 190 1
1554 207 1
1554 280 1
1554 474 1
1554 725 1
1554 1172 1
1554 1293 1
1554 1793 1
1559 16 1
1559 22 1
1559 26 1
1559 190 1
1561 15 1
1561 22 1
1561 26 1
1561 438 1
1561 474 1
1561 2517 1
1592 12 1
1592 18 1
1592 26 1
1603 15 1
1603 115 1
1617 12 1
1617 15 1
1617 45 1
1617 46 1
1617 68 1
1617 111 1
1647 89 1
1647 1659 1
1659 6 1
1659 22 1
1659 26 1
1659 28 1
1659 41 1
1659 624 1
1659 1326 1
1676 16 1
1720 69 1
1720 474 1
1738 16 1
1793 15 1
1793 18 1
1793 68 1
1793 348 1
1793 371 1
1816 16 1
1816 22 1
1816 115 1
1879 2 1
1879 16 1
1879 28 1
1879 71 1
1889 6 1
1889 15 1
1889 26 1
1889 37 1
1889 89 1
1889 94 1
1889 111 1
1889 515 1
1889 2405 1
1889 2674 1
1955 104 1
1955 1339 1
1986 2 1
2040 22 1
2048 15 1
2048 22 1
2048 26 1
2048 68 1
2048 72 1
2048 115 1
2096 18 1
2096 22 1
2096 26 1
2096 190 1
2140 15 1
2140 22 1
2140 290 1
2140 1285 1
2140 4827 1
2141 286 1
2182 15 1
2182 28 1
2197 92 1
2197 271 1
2197 290 1
2299 15 1
2299 18 1
2299 26 1
2299 41 1
2299 42 1
2299 45 1
2299 286 1
2299 369 1
2299 4820 1
2303 15 1
2303 22 1
2303 26 1
2303 72 1
2303 340 1
2303 1339 1
2305 111 1
2308 15 1
2308 18 1
2308 26 1
2308 45 1
2308 68 1
2308 120 1
2308 257 1
2308 312 1
2308 474 1
2308 1052 1
2308 2517 1
2343 18 1
2405 22 1
2405 26 1
2405 71 1
2405 111 1
2405 125 1
2405 245 1
2462 22 1
2467 18 1
2467 37 1
2467 89 1
2467 245 1
2467 1052 1
2490 15 1
2490 16 1
2490 71 1
2490 207 1
2490 435 1
2517 15 1
2554 18 1
2554 22 1
2554 28 1
2554 41 1
2554 120 1
2554 257 1
2554 1166 1
2566 22 1
2573 16 1
2573 18 1
2573 474 1
2592 15 1
2592 16 1
2592 37 1
2592 526 1
2592 1293 1
2597 22 1
2609 15 1
2609 89 1
2609 94 1
2609 286 1
2609 653 1
2612 18 1
2612 46 1
2653 68 1
2674 15 1
2674 16 1
2674 18 1
2674 26 1
2674 286 1
2674 320 1
2682 15 1
2682 18 1
2682 22 1
2738 18 1
2738 115 1
2738 123 1
2738 257 1
2763 15 1
2763 18 1
2763 115 1
2866 26 1
2866 271 1
2866 333 1
2966 45 1
2966 124 1
3108 15 1
3108 474 1
3163 37 1
3163 94 1
3163 4269 1
3166 22 1
3166 68 1
3166 104 1
3261 26 1
3261 94 1
3261 115 1
3301 15 1
3480 18 1
3552 15 1
3552 26 1
3552 37 1
3552 120 1
3552 123 1
3596 16 1
3596 18 1
3596 22 1
3596 26 1
3596 526 1
3606 257 1
3606 312 1
3607 45 1
3607 312 1
3691 22 1
3691 286 1
3691 1339 1
3731 15 1
3731 22 1
3731 45 1
3731 257 1
3750 16 1
3750 22 1
3750 104 1
3750 119 1
3750 120 1
3750 1063 1
3750 1172 1
3750 1182 1
3815 16 1
3815 28 1
3829 18 1
3857 18 1
3857 22 1
3857 45 1
3857 2096 1
3877 704 1
3878 16 1
3878 26 1
3952 89 1
3963 12 1
3963 16 1
3963 22 1
3963 26 1
4065 6 1
4065 231 1
4094 22 1
4102 6 1
4102 15 1
4102 443 1
4102 526 1
4146 6 1
4146 26 1
4146 45 1
4146 69 1
4146 72 1
4166 258 1
4175 315 1
4176 434 1
4330 2467 1
4402 18 1
4435 34 1
4437 6 1
4437 120 1
4549 22 1
4549 26 1
4549 733 1
4644 15 1
4644 474 1
4714 30 1
4714 41 1
4714 111 1
4714 115 1
4714 508 1
4714 4102 1
4818 18 1
4818 58 1
4820 34 1
4820 1355 1
4827 1720 1
4843 22 1
4843 685 1
4868 15 1
4868 89 1
4868 124 1
4877 4843 1
5007 12 1
5039 115 1
5101 434 1
5280 22 1
5280 529 1
5340 22 1
5406 15 1
5406 18 1
5406 26 1
5406 45 1
5406 71 1
5406 125 1
5406 136 1
5406 340 1
5406 371 1
5406 3750 1
5409 16 1
5449 22 1
5457 16 1
5480 46 1
5518 280 1
5518 294 1
5533 22 1
5533 1293 1
5750 15 1
5921 12 1
5921 16 1
5921 30 1
5921 58 1
5921 89 1
5921 123 1
5921 294 1
5921 3857 1
5938 18 1
5938 340 1
5976 3691 1
5987 12 1
6019 15 1
6068 3166 1
6152 16 1
6152 443 1
6152 4330 1
6226 104 1
6263 15 1
6263 16 1
6263 18 1
6263 26 1
6263 89 1
6362 22 1
6362 26 1
6376 18 1
6376 299 1
6381 312 1
6598 16 1
6660 34 1
6673 15 1
6673 26 1
6673 257 1
6703 7469 1
7143 120 1
7143 125 1
7154 443 1
7294 18 1
7340 22 1
7419 22 1
7452 15 1
7469 340 1
7683 1339 1
