2 6 1
2 15 1
2 22 1
2 28 1
2 34 1
2 42 1
2 43 1
2 46 1
2 47 1
2 72 1
2 94 1
2 104 1
2 120 1
2 125 1
2 126 1
2 147 1
2 152 1
2 190 1
2 197 1
2 236 1
2 257 1
2 271 1
2 280 1
2 456 1
2 489 1
2 508 1
2 522 1
2 529 1
2 530 1
2 548 1
2 695 1
2 704 1
2 735 1
2 903 1
2 1188 1
2 1293 1
2 1326 1
2 1345 1
2 1592 1
2 2197 1
2 2405 1
2 4644 1
2 4868 1
2 5406 1
2 5866 1
2 7017 1
6 2 1
6 8 1
6 9 1
6 12 1
6 15 1
6 16 1
6 18 1
6 22 1
6 28 1
6 34 1
6 37 1
6 41 1
6 43 1
6 45 1
6 60 1
6 68 1
6 69 1
6 71 1
6 72 1
6 92 1
6 94 1
6 111 1
6 115 1
6 120 1
6 136 1
6 147 1
6 191 1
6 196 1
6 240 1
6 257 1
6 271 1
6 280 1
6 286 1
6 290 1
6 294 1
6 299 1
6 312 1
6 320 1
6 340 1
6 358 1
6 371 1
6 474 1
6 489 1
6 508 1
6 526 1
6 623 1
6 624 1
6 695 1
6 704 1
6 733 1
6 801 1
6 803 1
6 838 1
6 844 1
6 854 1
6 888 1
6 1052 1
6 1078 1
6 1131 1
6 1172 1
6 1182 1
6 1289 1
6 1376 1
6 1659 1
6 1720 1
6 2048 1
6 2303 1
6 3552 1
6 3750 1
6 4435 1
6 5921 1
8 15 1
8 16 1
8 18 1
8 24 1
8 26 1
8 37 1
8 71 1
8 104 1
8 111 1
8 123 1
8 124 1
8 231 1
8 236 1
8 258 1
8 371 1
8 438 1
8 456 1
8 932 1
8 1131 1
8 1955 1
8 3301 1
8 6376 1
9 6 1
9 15 1
9 16 1
9 28 1
9 30 1
9 37 1
9 45 1
9 71 1
9 115 1
9 207 1
9 294 1
9 474 1
9 530 1
9 561 1
9 725 1
9 908 1
9 1289 1
9 1354 1
9 1889 1
12 2 1
12 15 1
12 18 1
12 22 1
12 25 1
12 26 1
12 37 1
12 41 1
12 42 1
12 45 1
12 46 1
12 58 1
12 68 1
12 71 1
12 94 1
12 111 1
12 126 1
12 136 1
12 147 1
12 190 1
12 212 1
12 231 1
12 280 1
12 312 1
12 337 1
12 340 1
12 342 1
12 358 1
12 456 1
12 478 1
12 508 1
12 561 1
12 633 1
12 725 1
12 801 1
12 803 1
12 1131 1
12 1285 1
12 1345 1
12 1955 1
12 2966 1
12 3261 1
12 3552 1
12 3691 1
12 4330 1
12 5101 1
12 5406 1
15 6 1
15 18 1
15 26 1
15 30 1
15 37 1
15 43 1
15 46 1
15 68 1
15 69 1
15 72 1
15 89 1
15 92 1
15 94 1
15 104 1
15 111 1
15 125 1
15 126 1
15 136 1
15 147 1
15 186 1
15 212 1
15 245 1
15 257 1
15 271 1
15 290 1
15 299 1
15 312 1
15 320 1
15 340 1
15 348 1
15 358 1
15 371 1
15 438 1
15 443 1
15 456 1
15 508 1
15 530 1
15 624 1
15 695 1
15 704 1
15 714 1
15 838 1
15 844 1
15 892 1
15 932 1
15 1052 1
15 1063 1
15 1078 1
15 1089 1
15 1120 1
15 1131 1
15 1172 1
15 1293 1
15 1336 1
15 1339 1
15 1398 1
15 1559 1
15 1592 1
15 1659 1
15 1816 1
15 2096 1
15 2299 1
15 2303 1
15 2405 1
15 2674 1
15 3552 1
15 3963 1
15 5406 1
15 6673 1
16 2 1
16 8 1
16 12 1
16 15 1
16 18 1
16 19 1
16 22 1
16 26 1
16 30 1
16 34 1
16 37 1
16 41 1
16 42 1
16 45 1
16 69 1
16 72 1
16 74 1
16 89 1
16 91 1
16 92 1
16 94 1
16 111 1
16 115 1
16 119 1
16 120 1
16 124 1
16 125 1
16 126 1
16 139 1
16 152 1
16 191 1
16 196 1
16 197 1
16 227 1
16 236 1
16 240 1
16 245 1
16 257 1
16 258 1
16 271 1
16 286 1
16 294 1
16 299 1
16 312 1
16 315 1
16 322 1
16 333 1
16 337 1
16 358 1
16 369 1
16 371 1
16 434 1
16 435 1
16 443 1
16 456 1
16 474 1
16 489 1
16 506 1
16 526 1
16 529 1
16 530 1
16 532 1
16 533 1
16 548 1
16 631 1
16 633 1
16 653 1
16 733 1
16 735 1
16 765 1
16 803 1
16 838 1
16 854 1
16 886 1
16 903 1
16 908 1
16 922 1
16 932 1
16 979 1
16 1030 1
16 1063 1
16 1078 1
16 1089 1
16 1120 1
16 1131 1
16 1166 1
16 1167 1
16 1172 1
16 1192 1
16 1289 1
16 1293 1
16 1295 1
16 1339 1
16 1354 1
16 1355 1
16 1376 1
16 1554 1
16 1561 1
16 1592 1
16 1617 1
16 1676 1
16 1691 1
16 1720 1
16 1889 1
16 2096 1
16 2182 1
16 2197 1
16 2305 1
16 2308 1
16 2517 1
16 2609 1
16 2653 1
16 2674 1
16 2738 1
16 3163 1
16 3166 1
16 3301 1
16 3552 1
16 3607 1
16 3731 1
16 3815 1
16 3829 1
16 3952 1
16 4065 1
16 4175 1
16 4176 1
16 4330 1
16 4515 1
16 4644 1
16 4714 1
16 4827 1
16 4868 1
16 5039 1
16 5227 1
16 5518 1
16 5533 1
16 5987 1
16 7017 1
16 7452 1
18 2 1
18 6 1
18 12 1
18 15 1
18 22 1
18 25 1
18 26 1
18 28 1
18 34 1
18 37 1
18 42 1
18 45 1
18 46 1
18 47 1
18 60 1
18 71 1
18 72 1
18 74 1
18 92 1
18 94 1
18 104 1
18 111 1
18 115 1
18 120 1
18 123 1
18 124 1
18 125 1
18 126 1
18 136 1
18 152 1
18 190 1
18 197 1
18 212 1
18 227 1
18 236 1
18 240 1
18 245 1
18 257 1
18 258 1
18 286 1
18 290 1
18 299 1
18 302 1
18 312 1
18 315 1
18 320 1
18 322 1
18 333 1
18 348 1
18 358 1
18 438 1
18 443 1
18 474 1
18 478 1
18 489 1
18 494 1
18 514 1
18 515 1
18 526 1
18 529 1
18 530 1
18 533 1
18 561 1
18 612 1
18 623 1
18 624 1
18 695 1
18 704 1
18 733 1
18 765 1
18 801 1
18 803 1
18 844 1
18 854 1
18 879 1
18 881 1
18 886 1
18 932 1
18 1052 1
18 1063 1
18 1089 1
18 1167 1
18 1172 1
18 1182 1
18 1276 1
18 1289 1
18 1339 1
18 1355 1
18 1398 1
18 1659 1
18 1889 1
18 1955 1
18 2197 1
18 2203 1
18 2299 1
18 2343 1
18 2405 1
18 2467 1
18 2517 1
18 2554 1
18 2592 1
18 2612 1
18 2674 1
18 3166 1
18 3261 1
18 3552 1
18 3607 1
18 3750 1
18 4065 1
18 4402 1
18 5280 1
18 5406 1
18 5449 1
18 5921 1
18 6376 1
18 7683 1
19 6 1
19 15 1
19 16 1
19 45 1
19 89 1
19 115 1
22 2 1
22 8 1
22 9 1
22 15 1
22 18 1
22 19 1
22 26 1
22 30 1
22 34 1
22 37 1
22 41 1
22 42 1
22 43 1
22 45 1
22 47 1
22 58 1
22 60 1
22 72 1
22 74 1
22 89 1
22 99 1
22 104 1
22 111 1
22 119 1
22 120 1
22 123 1
22 124 1
22 125 1
22 133 1
22 136 1
22 147 1
22 152 1
22 190 1
22 191 1
22 196 1
22 197 1
22 207 1
22 212 1
22 226 1
22 227 1
22 231 1
22 240 1
22 245 1
22 258 1
22 271 1
22 286 1
22 290 1
22 294 1
22 299 1
22 302 1
22 312 1
22 315 1
22 322 1
22 333 1
22 342 1
22 348 1
22 358 1
22 371 1
22 434 1
22 443 1
22 456 1
22 474 1
22 478 1
22 489 1
22 494 1
22 508 1
22 514 1
22 515 1
22 522 1
22 526 1
22 529 1
22 530 1
22 533 1
22 540 1
22 548 1
22 561 1
22 624 1
22 633 1
22 653 1
22 695 1
22 704 1
22 735 1
22 765 1
22 803 1
22 838 1
22 854 1
22 881 1
22 886 1
22 888 1
22 908 1
22 922 1
22 942 1
22 1052 1
22 1063 1
22 1089 1
22 1120 1
22 1131 1
22 1167 1
22 1172 1
22 1182 1
22 1276 1
22 1285 1
22 1289 1
22 1293 1
22 1326 1
22 1336 1
22 1339 1
22 1376 1
22 1398 1
22 1469 1
22 1554 1
22 1561 1
22 1659 1
22 1738 1
22 1793 1
22 1879 1
22 1889 1
22 2305 1
22 2308 1
22 2343 1
22 2405 1
22 2462 1
22 2467 1
22 2566 1
22 2573 1
22 2609 1
22 2612 1
22 2674 1
22 2763 1
22 2866 1
22 2966 1
22 3108 1
22 3166 1
22 3481 1
22 3552 1
22 3606 1
22 3731 1
22 3750 1
22 3815 1
22 3963 1
22 4094 1
22 4102 1
22 4146 1
22 4269 1
22 4330 1
22 4435 1
22 4827 1
22 5007 1
22 5039 1
22 5406 1
22 5518 1
22 5938 1
22 5976 1
22 6376 1
22 7452 1
24 15 1
24 41 1
24 42 1
24 45 1
24 71 1
24 735 1
24 4714 1
24 7294 1
25 6 1
25 15 1
25 16 1
25 22 1
25 26 1
25 30 1
25 43 1
25 46 1
25 71 1
25 104 1
25 120 1
25 125 1
25 227 1
25 257 1
25 312 1
25 653 1
25 733 1
25 6703 1
26 8 1
26 12 1
26 16 1
26 25 1
26 28 1
26 30 1
26 34 1
26 37 1
26 41 1
26 42 1
26 46 1
26 47 1
26 58 1
26 68 1
26 71 1
26 92 1
26 94 1
26 104 1
26 115 1
26 125 1
26 136 1
26 147 1
26 186 1
26 197 1
26 207 1
26 236 1
26 240 1
26 245 1
26 257 1
26 258 1
26 280 1
26 299 1
26 302 1
26 312 1
26 320 1
26 322 1
26 348 1
26 369 1
26 371 1
26 434 1
26 438 1
26 443 1
26 474 1
26 506 1
26 515 1
26 522 1
26 526 1
26 530 1
26 532 1
26 561 1
26 623 1
26 624 1
26 633 1
26 803 1
26 844 1
26 854 1
26 881 1
26 932 1
26 952 1
26 1089 1
26 1172 1
26 1182 1
26 1276 1
26 1289 1
26 1293 1
26 1339 1
26 1376 1
26 1554 1
26 1592 1
26 1617 1
26 1659 1
26 1879 1
26 1889 1
26 2405 1
26 2462 1
26 2517 1
26 3750 1
26 4437 1
26 4714 1
26 5039 1
26 7154 1
28 2 1
28 6 1
28 8 1
28 12 1
28 15 1
28 16 1
28 18 1
28 22 1
28 25 1
28 26 1
28 30 1
28 34 1
28 37 1
28 41 1
28 42 1
28 43 1
28 45 1
28 46 1
28 58 1
28 69 1
28 71 1
28 74 1
28 89 1
28 94 1
28 104 1
28 111 1
28 119 1
28 120 1
28 124 1
28 126 1
28 147 1
28 152 1
28 186 1
28 196 1
28 197 1
28 207 1
28 212 1
28 227 1
28 231 1
28 245 1
28 257 1
28 286 1
28 294 1
28 299 1
28 302 1
28 307 1
28 312 1
28 315 1
28 320 1
28 322 1
28 340 1
28 348 1
28 358 1
28 443 1
28 474 1
28 489 1
28 506 1
28 514 1
28 624 1
28 695 1
28 844 1
28 881 1
28 886 1
28 903 1
28 932 1
28 1052 1
28 1063 1
28 1131 1
28 1172 1
28 1289 1
28 1295 1
28 1510 1
28 1659 1
28 1720 1
28 2299 1
28 2308 1
28 2554 1
28 2738 1
28 3108 1
28 3375 1
28 4094 1
28 4269 1
28 5406 1
30 2 1
30 6 1
30 8 1
30 12 1
30 16 1
30 18 1
30 22 1
30 26 1
30 41 1
30 42 1
30 46 1
30 47 1
30 71 1
30 72 1
30 74 1
30 94 1
30 115 1
30 123 1
30 152 1
30 197 1
30 231 1
30 245 1
30 258 1
30 286 1
30 290 1
30 294 1
30 315 1
30 340 1
30 361 1
30 435 1
30 438 1
30 529 1
30 530 1
30 540 1
30 624 1
30 725 1
30 801 1
30 803 1
30 942 1
30 1063 1
30 1078 1
30 1131 1
30 1182 1
30 1276 1
30 1289 1
30 1293 1
30 1341 1
30 1345 1
30 1376 1
30 4402 1
30 6376 1
33 245 1
33 854 1
34 2 1
34 12 1
34 15 1
34 18 1
34 19 1
34 26 1
34 30 1
34 37 1
34 43 1
34 45 1
34 58 1
34 72 1
34 89 1
34 125 1
34 245 1
34 257 1
34 280 1
34 286 1
34 290 1
34 299 1
34 320 1
34 337 1
34 340 1
34 348 1
34 474 1
34 478 1
34 506 1
34 508 1
34 529 1
34 548 1
34 582 1
34 844 1
34 881 1
34 932 1
34 1063 1
34 1078 1
34 1167 1
34 1339 1
34 1341 1
34 1345 1
34 2299 1
34 2554 1
34 3815 1
37 2 1
37 8 1
37 12 1
37 15 1
37 16 1
37 18 1
37 22 1
37 26 1
37 28 1
37 45 1
37 46 1
37 58 1
37 68 1
37 72 1
37 92 1
37 94 1
37 104 1
37 123 1
37 124 1
37 125 1
37 186 1
37 207 1
37 231 1
37 236 1
37 290 1
37 299 1
37 312 1
37 358 1
37 438 1
37 494 1
37 514 1
37 526 1
37 561 1
37 735 1
37 844 1
37 879 1
37 932 1
37 1063 1
37 1120 1
37 1131 1
37 1166 1
37 1188 1
37 1326 1
37 1510 1
37 1617 1
37 1659 1
37 2573 1
37 3750 1
37 3952 1
41 2 1
41 6 1
41 9 1
41 16 1
41 18 1
41 19 1
41 26 1
41 28 1
41 45 1
41 92 1
41 94 1
41 104 1
41 111 1
41 120 1
41 125 1
41 136 1
41 207 1
41 236 1
41 280 1
41 294 1
41 299 1
41 514 1
41 548 1
41 854 1
41 1063 1
41 1192 1
41 1314 1
41 2308 1
41 2966 1
41 4094 1
41 5533 1
42 8 1
42 12 1
42 15 1
42 18 1
42 28 1
42 71 1
42 89 1
42 115 1
42 125 1
42 280 1
42 290 1
42 294 1
42 315 1
42 348 1
42 358 1
42 371 1
42 434 1
42 735 1
42 854 1
42 1052 1
42 1172 1
42 1376 1
42 2462 1
42 2674 1
42 3857 1
42 4435 1
43 12 1
43 18 1
43 22 1
43 26 1
43 30 1
43 41 1
43 42 1
43 45 1
43 68 1
43 72 1
43 111 1
43 115 1
43 120 1
43 136 1
43 147 1
43 190 1
43 280 1
43 286 1
43 290 1
43 302 1
43 312 1
43 333 1
43 456 1
43 514 1
43 526 1
43 530 1
43 533 1
43 704 1
43 801 1
43 932 1
43 1052 1
43 1398 1
43 3552 1
45 6 1
45 8 1
45 12 1
45 22 1
45 26 1
45 30 1
45 34 1
45 37 1
45 41 1
45 42 1
45 46 1
45 47 1
45 68 1
45 69 1
45 71 1
45 89 1
45 126 1
45 147 1
45 152 1
45 186 1
45 190 1
45 197 1
45 245 1
45 271 1
45 280 1
45 286 1
45 299 1
45 307 1
45 312 1
45 340 1
45 358 1
45 371 1
45 438 1
45 443 1
45 489 1
45 529 1
45 532 1
45 533 1
45 561 1
45 653 1
45 685 1
45 735 1
45 888 1
45 908 1
45 922 1
45 1052 1
45 1131 1
45 1182 1
45 1314 1
45 1339 1
45 1376 1
45 1554 1
45 1889 1
45 1986 1
45 2299 1
45 2303 1
45 2517 1
45 2554 1
45 3596 1
45 4644 1
45 6263 1
46 6 1
46 9 1
46 12 1
46 15 1
46 16 1
46 18 1
46 22 1
46 34 1
46 37 1
46 41 1
46 45 1
46 69 1
46 71 1
46 89 1
46 94 1
46 111 1
46 115 1
46 120 1
46 123 1
46 125 1
46 152 1
46 190 1
46 196 1
46 197 1
46 226 1
46 236 1
46 280 1
46 286 1
46 294 1
46 312 1
46 333 1
46 340 1
46 434 1
46 438 1
46 443 1
46 561 1
46 582 1
46 803 1
46 1085 1
46 1276 1
46 1469 1
46 1554 1
46 1592 1
47 15 1
47 37 1
47 94 1
47 115 1
47 120 1
47 124 1
47 190 1
47 315 1
47 320 1
47 474 1
47 508 1
47 1339 1
47 1738 1
58 6 1
58 8 1
58 16 1
58 18 1
58 26 1
58 30 1
58 37 1
58 42 1
58 45 1
58 69 1
58 71 1
58 89 1
58 91 1
58 92 1
58 94 1
58 104 1
58 115 1
58 119 1
58 120 1
58 123 1
58 136 1
58 147 1
58 197 1
58 227 1
58 271 1
58 290 1
58 294 1
58 320 1
58 322 1
58 358 1
58 438 1
58 456 1
58 506 1
58 515 1
58 522 1
58 529 1
58 561 1
58 735 1
58 903 1
58 932 1
58 1052 1
58 1063 1
58 1120 1
58 1182 1
58 1285 1
58 1314 1
58 1355 1
58 1955 1
58 2308 1
58 2462 1
58 2467 1
58 2597 1
58 2612 1
58 2674 1
58 2966 1
58 3607 1
58 3963 1
60 2 1
60 15 1
60 16 1
60 18 1
60 22 1
60 37 1
60 45 1
60 111 1
60 147 1
60 522 1
60 1052 1
60 2674 1
60 3375 1
68 2 1
68 8 1
68 15 1
68 16 1
68 18 1
68 22 1
68 24 1
68 26 1
68 28 1
68 30 1
68 34 1
68 37 1
68 42 1
68 43 1
68 46 1
68 69 1
68 72 1
68 94 1
68 120 1
68 125 1
68 147 1
68 186 1
68 190 1
68 197 1
68 271 1
68 286 1
68 307 1
68 320 1
68 340 1
68 348 1
68 358 1
68 371 1
68 434 1
68 435 1
68 443 1
68 456 1
68 474 1
68 478 1
68 508 1
68 522 1
68 526 1
68 725 1
68 733 1
68 735 1
68 908 1
68 1078 1
68 1131 1
68 1172 1
68 1276 1
68 1289 1
68 1295 1
68 1314 1
68 1355 1
68 1554 1
68 1659 1
68 1879 1
68 1889 1
68 1955 1
68 2203 1
68 2517 1
68 2554 1
68 3166 1
68 3552 1
68 3691 1
68 3878 1
68 4843 1
69 12 1
69 22 1
69 26 1
69 45 1
69 115 1
69 120 1
69 190 1
69 245 1
69 348 1
69 474 1
69 522 1
69 1289 1
71 2 1
71 15 1
71 16 1
71 18 1
71 22 1
71 26 1
71 33 1
71 43 1
71 46 1
71 47 1
71 58 1
71 68 1
71 69 1
71 74 1
71 89 1
71 111 1
71 115 1
71 119 1
71 147 1
71 190 1
71 191 1
71 207 1
71 241 1
71 245 1
71 257 1
71 290 1
71 299 1
71 302 1
71 315 1
71 434 1
71 443 1
71 456 1
71 474 1
71 478 1
71 526 1
71 612 1
71 623 1
71 624 1
71 653 1
71 695 1
71 735 1
71 844 1
71 1131 1
71 1182 1
71 1295 1
71 1314 1
71 1341 1
71 1376 1
71 2048 1
71 2554 1
71 3261 1
71 3552 1
71 3691 1
71 4065 1
71 4643 1
71 4714 1
71 7469 1
72 9 1
72 12 1
72 15 1
72 16 1
72 18 1
72 26 1
72 41 1
72 42 1
72 45 1
72 68 1
72 71 1
72 94 1
72 123 1
72 124 1
72 147 1
72 152 1
72 207 1
72 299 1
72 434 1
72 514 1
72 942 1
72 1131 1
72 1167 1
72 1172 1
72 1376 1
72 2866 1
72 3950 1
74 12 1
74 15 1
74 25 1
74 26 1
74 37 1
74 89 1
74 908 1
74 3815 1
83 6 1
83 9 1
83 16 1
83 18 1
83 22 1
83 26 1
83 30 1
83 45 1
83 89 1
83 104 1
83 120 1
83 207 1
83 257 1
83 302 1
83 348 1
83 514 1
83 1293 1
83 3691 1
89 9 1
89 12 1
89 16 1
89 22 1
89 26 1
89 34 1
89 37 1
89 43 1
89 68 1
89 69 1
89 72 1
89 92 1
89 111 1
89 115 1
89 120 1
89 123 1
89 136 1
89 147 1
89 186 1
89 212 1
89 231 1
89 240 1
89 280 1
89 286 1
89 294 1
89 371 1
89 435 1
89 438 1
89 443 1
89 478 1
89 489 1
89 508 1
89 526 1
89 529 1
89 631 1
89 704 1
89 733 1
89 735 1
89 765 1
89 881 1
89 1063 1
89 1089 1
89 1120 1
89 1131 1
89 1172 1
89 1276 1
89 1326 1
89 1339 1
89 1355 1
89 1376 1
89 1554 1
89 1592 1
89 1793 1
89 2197 1
89 2299 1
89 2517 1
89 3261 1
89 3750 1
89 4714 1
89 5750 1
89 7141 1
91 18 1
91 22 1
91 26 1
91 735 1
92 18 1
92 22 1
92 26 1
92 41 1
92 45 1
92 58 1
92 68 1
92 89 1
92 115 1
92 147 1
92 337 1
92 358 1
92 435 1
92 489 1
92 526 1
92 548 1
92 838 1
92 879 1
92 1052 1
92 1089 1
92 1172 1
92 1554 1
92 2197 1
92 6376 1
94 15 1
94 22 1
94 28 1
94 37 1
94 41 1
94 42 1
94 45 1
94 46 1
94 68 1
94 71 1
94 89 1
94 104 1
94 115 1
94 120 1
94 123 1
94 124 1
94 125 1
94 197 1
94 226 1
94 231 1
94 236 1
94 245 1
94 280 1
94 290 1
94 299 1
94 340 1
94 342 1
94 358 1
94 474 1
94 506 1
94 526 1
94 529 1
94 530 1
94 532 1
94 533 1
94 725 1
94 765 1
94 1052 1
94 1172 1
94 1355 1
94 1659 1
94 2096 1
94 2140 1
94 2490 1
94 3552 1
94 3857 1
94 4102 1
94 6263 1
99 2 1
99 16 1
99 26 1
99 42 1
99 45 1
99 47 1
99 60 1
99 69 1
99 89 1
99 115 1
99 190 1
99 212 1
99 258 1
99 286 1
99 290 1
99 294 1
99 456 1
99 474 1
99 514 1
99 526 1
99 932 1
99 1063 1
99 1089 1
99 1339 1
99 1376 1
99 1647 1
99 3691 1
99 6381 1
104 2 1
104 6 1
104 15 1
104 16 1
104 18 1
104 22 1
104 26 1
104 28 1
104 30 1
104 34 1
104 37 1
104 41 1
104 42 1
104 45 1
104 46 1
104 69 1
104 71 1
104 94 1
104 111 1
104 115 1
104 120 1
104 126 1
104 136 1
104 139 1
104 197 1
104 257 1
104 286 1
104 290 1
104 315 1
104 337 1
104 474 1
104 526 1
104 529 1
104 540 1
104 624 1
104 725 1
104 733 1
104 838 1
104 844 1
104 888 1
104 903 1
104 1167 1
104 1172 1
104 1192 1
104 1295 1
104 1326 1
104 2517 1
104 3166 1
104 4714 1
104 5280 1
104 6068 1
104 7419 1
111 2 1
111 6 1
111 8 1
111 12 1
111 15 1
111 16 1
111 18 1
111 22 1
111 25 1
111 26 1
111 28 1
111 37 1
111 41 1
111 45 1
111 46 1
111 58 1
111 60 1
111 71 1
111 72 1
111 74 1
111 89 1
111 94 1
111 104 1
111 115 1
111 123 1
111 125 1
111 190 1
111 197 1
111 258 1
111 290 1
111 294 1
111 348 1
111 443 1
111 456 1
111 489 1
111 508 1
111 526 1
111 532 1
111 612 1
111 633 1
111 838 1
111 854 1
111 1052 1
111 1063 1
111 1131 1
111 1339 1
111 1376 1
111 1816 1
111 4714 1
115 2 1
115 12 1
115 15 1
115 19 1
115 22 1
115 25 1
115 30 1
115 34 1
115 37 1
115 41 1
115 58 1
115 68 1
115 72 1
115 94 1
115 147 1
115 191 1
115 286 1
115 290 1
115 294 1
115 299 1
115 302 1
115 322 1
115 371 1
115 438 1
115 489 1
115 506 1
115 508 1
115 514 1
115 515 1
115 624 1
115 653 1
115 695 1
115 718 1
115 733 1
115 735 1
115 932 1
115 1063 1
115 1085 1
115 1182 1
115 1192 1
115 1289 1
115 1339 1
115 1341 1
115 1345 1
115 1354 1
115 1554 1
115 1592 1
115 1659 1
115 1720 1
115 4146 1
115 5921 1
115 6673 1
115 7419 1
119 2 1
119 6 1
119 8 1
119 9 1
119 12 1
119 15 1
119 18 1
119 22 1
119 25 1
119 26 1
119 28 1
119 34 1
119 37 1
119 41 1
119 46 1
119 47 1
119 60 1
119 72 1
119 89 1
119 92 1
119 104 1
119 111 1
119 120 1
119 123 1
119 125 1
119 139 1
119 197 1
119 207 1
119 231 1
119 240 1
119 258 1
119 280 1
119 286 1
119 290 1
119 294 1
119 320 1
119 342 1
119 514 1
119 515 1
119 532 1
119 582 1
119 733 1
119 735 1
119 765 1
119 844 1
119 979 1
119 1131 1
119 1285 1
119 1289 1
119 1561 1
119 1816 1
119 1889 1
119 2554 1
119 2653 1
119 3750 1
119 4437 1
119 5280 1
119 5518 1
119 6226 1
119 6598 1
119 6673 1
120 9 1
120 12 1
120 15 1
120 18 1
120 26 1
120 34 1
120 41 1
120 72 1
120 136 1
120 152 1
120 231 1
120 299 1
120 337 1
120 358 1
120 438 1
120 443 1
120 456 1
120 478 1
120 508 1
120 582 1
120 631 1
120 844 1
120 888 1
120 932 1
120 1052 1
120 1172 1
120 1326 1
120 1561 1
120 2299 1
120 2303 1
120 2554 1
120 2763 1
120 3481 1
120 3552 1
120 3952 1
120 5406 1
123 12 1
123 15 1
123 16 1
123 19 1
123 22 1
123 25 1
123 26 1
123 28 1
123 34 1
123 37 1
123 45 1
123 46 1
123 47 1
123 68 1
123 71 1
123 74 1
123 89 1
123 94 1
123 104 1
123 111 1
123 115 1
123 119 1
123 125 1
123 126 1
123 136 1
123 139 1
123 186 1
123 190 1
123 231 1
123 236 1
123 245 1
123 257 1
123 258 1
123 280 1
123 290 1
123 299 1
123 312 1
123 315 1
123 371 1
123 435 1
123 438 1
123 474 1
123 506 1
123 508 1
123 515 1
123 530 1
123 532 1
123 533 1
123 561 1
123 582 1
123 624 1
123 685 1
123 735 1
123 844 1
123 879 1
123 903 1
123 908 1
123 932 1
123 979 1
123 1063 1
123 1089 1
123 1120 1
123 1172 1
123 1228 1
123 1289 1
123 1341 1
123 1355 1
123 1376 1
123 1561 1
123 2182 1
123 2405 1
123 2462 1
123 2609 1
123 3261 1
123 3552 1
123 3750 1
123 4094 1
123 4402 1
123 5024 1
123 5938 1
123 7419 1
124 6 1
124 12 1
124 15 1
124 18 1
124 22 1
124 26 1
124 45 1
124 68 1
124 111 1
124 115 1
124 123 1
124 125 1
124 147 1
124 227 1
124 257 1
124 280 1
124 299 1
124 302 1
124 307 1
124 1554 1
124 2303 1
125 6 1
125 12 1
125 15 1
125 18 1
125 22 1
125 25 1
125 28 1
125 45 1
125 83 1
125 89 1
125 104 1
125 115 1
125 120 1
125 123 1
125 147 1
125 207 1
125 231 1
125 236 1
125 280 1
125 294 1
125 299 1
125 307 1
125 340 1
125 443 1
125 474 1
125 514 1
125 526 1
125 624 1
125 903 1
125 1052 1
125 1339 1
125 2308 1
125 2517 1
125 4402 1
125 5406 1
125 6362 1
126 16 1
126 18 1
126 22 1
126 37 1
126 71 1
126 111 1
126 120 1
126 123 1
126 443 1
126 474 1
126 844 1
126 1089 1
133 111 1
133 299 1
136 22 1
136 26 1
136 34 1
136 41 1
136 47 1
136 69 1
136 111 1
136 186 1
136 190 1
136 290 1
136 340 1
136 342 1
136 704 1
136 725 1
136 932 1
136 1052 1
136 1295 1
136 1345 1
136 1376 1
136 1659 1
136 1676 1
136 4146 1
136 4714 1
136 6703 1
139 2 1
139 15 1
139 18 1
139 22 1
139 26 1
139 41 1
139 42 1
139 89 1
139 294 1
139 474 1
139 526 1
139 624 1
139 1063 1
139 1188 1
139 1339 1
147 2 1
147 6 1
147 15 1
147 16 1
147 33 1
147 47 1
147 111 1
147 302 1
147 1063 1
152 15 1
152 26 1
152 42 1
152 45 1
152 46 1
152 71 1
152 125 1
152 207 1
152 257 1
152 271 1
152 312 1
152 340 1
152 2299 1
186 6 1
186 18 1
186 22 1
186 30 1
186 72 1
186 104 1
186 257 1
186 529 1
186 1889 1
190 6 1
190 15 1
190 16 1
190 18 1
190 26 1
190 28 1
190 34 1
190 41 1
190 68 1
190 89 1
190 115 1
190 123 1
190 136 1
190 197 1
190 212 1
190 271 1
190 312 1
190 322 1
190 435 1
190 844 1
190 903 1
190 932 1
190 1085 1
190 1131 1
190 1355 1
190 1879 1
190 4146 1
190 4714 1
190 6381 1
191 15 1
191 26 1
191 123 1
191 315 1
196 22 1
196 312 1
197 8 1
197 9 1
197 12 1
197 15 1
197 34 1
197 37 1
197 71 1
197 89 1
197 115 1
197 231 1
197 236 1
197 443 1
197 474 1
197 2096 1
207 15 1
207 16 1
207 18 1
207 22 1
207 37 1
207 74 1
207 89 1
207 125 1
207 231 1
207 290 1
207 299 1
207 506 1
207 530 1
207 561 1
207 624 1
207 854 1
207 932 1
207 1172 1
207 4549 1
207 5750 1
212 2 1
212 6 1
212 15 1
212 18 1
212 26 1
212 30 1
212 37 1
212 41 1
212 42 1
212 68 1
212 72 1
212 115 1
212 123 1
212 207 1
212 294 1
212 312 1
212 369 1
212 443 1
212 474 1
212 506 1
212 530 1
212 653 1
212 685 1
212 903 1
212 1293 1
212 2763 1
226 45 1
226 71 1
226 844 1
227 26 1
227 28 1
227 41 1
227 71 1
227 72 1
227 474 1
231 2 1
231 15 1
231 16 1
231 22 1
231 26 1
231 28 1
231 123 1
231 124 1
231 125 1
231 186 1
231 236 1
231 240 1
231 280 1
231 290 1
231 294 1
231 312 1
231 340 1
231 358 1
231 474 1
231 548 1
231 561 1
231 801 1
231 1192 1
231 1341 1
231 1816 1
236 2 1
236 15 1
236 16 1
236 18 1
236 22 1
236 26 1
236 28 1
236 45 1
236 46 1
236 68 1
236 69 1
236 89 1
236 94 1
236 115 1
236 125 1
236 147 1
236 190 1
236 245 1
236 257 1
236 286 1
236 294 1
236 312 1
236 474 1
236 526 1
236 733 1
236 765 1
236 903 1
236 932 1
236 1172 1
236 1192 1
236 6263 1
240 2 1
240 12 1
240 15 1
240 18 1
240 28 1
240 302 1
240 942 1
241 16 1
245 6 1
245 16 1
245 18 1
245 22 1
245 26 1
245 42 1
245 45 1
245 68 1
245 72 1
245 89 1
245 231 1
245 322 1
245 333 1
245 348 1
245 371 1
245 653 1
245 714 1
245 932 1
245 942 1
245 1276 1
245 1285 1
245 1293 1
245 1314 1
245 1554 1
245 2462 1
245 4714 1
245 4820 1
257 2 1
257 6 1
257 8 1
257 12 1
257 22 1
257 28 1
257 37 1
257 45 1
257 47 1
257 71 1
257 94 1
257 99 1
257 111 1
257 115 1
257 125 1
257 197 1
257 236 1
257 245 1
257 286 1
257 290 1
257 312 1
257 348 1
257 438 1
257 443 1
257 456 1
257 561 1
257 695 1
257 735 1
257 765 1
257 844 1
257 932 1
257 1052 1
257 1120 1
257 1192 1
257 1295 1
257 1647 1
257 2197 1
257 2308 1
257 2674 1
257 2738 1
257 3877 1
257 4330 1
257 4818 1
257 7143 1
258 18 1
258 28 1
258 34 1
258 42 1
258 71 1
258 312 1
258 340 1
258 438 1
258 456 1
258 530 1
258 1078 1
258 1172 1
258 1326 1
258 1510 1
271 18 1
271 26 1
271 111 1
271 197 1
271 320 1
271 530 1
271 561 1
271 881 1
271 1188 1
271 1341 1
271 1559 1
280 71 1
280 120 1
280 735 1
280 2517 1
286 2 1
286 8 1
286 9 1
286 12 1
286 15 1
286 18 1
286 26 1
286 34 1
286 37 1
286 41 1
286 71 1
286 92 1
286 94 1
286 111 1
286 120 1
286 136 1
286 190 1
286 212 1
286 245 1
286 312 1
286 337 1
286 340 1
286 342 1
286 371 1
286 434 1
286 474 1
286 506 1
286 522 1
286 526 1
286 540 1
286 623 1
286 801 1
286 879 1
286 892 1
286 1063 1
286 1089 1
286 1341 1
286 2299 1
286 2303 1
286 2554 1
286 3857 1
286 3877 1
286 3952 1
286 4065 1
286 5227 1
286 6152 1
290 2 1
290 6 1
290 15 1
290 16 1
290 22 1
290 25 1
290 26 1
290 28 1
290 37 1
290 42 1
290 45 1
290 58 1
290 68 1
290 89 1
290 91 1
290 94 1
290 120 1
290 123 1
290 197 1
290 212 1
290 226 1
290 236 1
290 245 1
290 286 1
290 299 1
290 312 1
290 315 1
290 474 1
290 530 1
290 725 1
290 735 1
290 879 1
290 1339 1
290 1659 1
290 2048 1
290 2405 1
290 3301 1
290 3691 1
294 2 1
294 12 1
294 15 1
294 19 1
294 28 1
294 45 1
294 46 1
294 69 1
294 71 1
294 115 1
294 125 1
294 190 1
294 290 1
294 299 1
294 307 1
294 369 1
294 474 1
294 508 1
294 526 1
294 529 1
294 624 1
294 735 1
294 903 1
294 1078 1
294 1339 1
294 1341 1
294 1355 1
294 1659 1
299 2 1
299 6 1
299 8 1
299 12 1
299 15 1
299 18 1
299 22 1
299 28 1
299 30 1
299 41 1
299 46 1
299 58 1
299 123 1
299 152 1
299 207 1
299 231 1
299 286 1
299 302 1
299 312 1
299 398 1
299 530 1
299 561 1
299 653 1
299 844 1
299 854 1
299 1554 1
299 2096 1
299 2467 1
299 3552 1
302 2 1
302 15 1
302 16 1
302 26 1
302 37 1
302 41 1
302 46 1
302 68 1
302 69 1
302 71 1
302 72 1
302 89 1
302 104 1
302 115 1
302 119 1
302 123 1
302 152 1
302 197 1
302 257 1
302 280 1
302 299 1
302 312 1
302 315 1
302 340 1
302 474 1
302 526 1
302 540 1
302 733 1
302 854 1
302 879 1
302 1052 1
302 1192 1
302 1285 1
307 6 1
307 15 1
307 16 1
307 18 1
307 22 1
307 26 1
307 30 1
307 41 1
307 46 1
307 72 1
307 89 1
307 94 1
307 111 1
307 286 1
307 337 1
307 371 1
307 438 1
307 494 1
307 838 1
307 942 1
307 1078 1
307 1554 1
307 1889 1
307 3166 1
312 2 1
312 6 1
312 15 1
312 25 1
312 26 1
312 34 1
312 41 1
312 45 1
312 46 1
312 58 1
312 68 1
312 89 1
312 94 1
312 115 1
312 125 1
312 231 1
312 257 1
312 258 1
312 271 1
312 286 1
312 290 1
312 299 1
312 333 1
312 358 1
312 718 1
312 844 1
312 879 1
312 932 1
312 1339 1
312 5024 1
315 6 1
315 12 1
315 15 1
315 16 1
315 18 1
315 22 1
315 30 1
315 46 1
315 71 1
315 94 1
315 104 1
315 123 1
315 124 1
315 190 1
315 299 1
315 725 1
315 844 1
315 932 1
315 1078 1
315 1131 1
315 2048 1
315 2299 1
315 2738 1
315 2763 1
315 3480 1
315 3607 1
320 6 1
320 15 1
320 16 1
320 26 1
320 340 1
322 18 1
322 30 1
322 257 1
322 280 1
322 474 1
322 515 1
333 2 1
333 6 1
333 9 1
333 15 1
333 16 1
333 18 1
333 26 1
333 28 1
333 30 1
333 45 1
333 58 1
333 72 1
333 89 1
333 111 1
333 120 1
333 139 1
333 207 1
333 271 1
333 371 1
333 624 1
333 735 1
333 803 1
333 903 1
333 2517 1
337 6 1
337 22 1
337 26 1
337 41 1
337 89 1
340 2 1
340 16 1
340 18 1
340 19 1
340 22 1
340 41 1
340 42 1
340 69 1
340 72 1
340 104 1
340 115 1
340 123 1
340 197 1
340 271 1
340 294 1
340 371 1
340 438 1
340 714 1
340 1085 1
340 1120 1
340 1345 1
340 2303 1
340 2609 1
342 26 1
342 34 1
342 41 1
342 94 1
342 302 1
342 474 1
342 5921 1
348 6 1
348 15 1
348 16 1
348 22 1
348 26 1
348 71 1
348 72 1
348 89 1
348 94 1
348 104 1
348 111 1
348 236 1
348 280 1
348 299 1
348 942 1
348 5533 1
358 2 1
358 6 1
358 8 1
358 12 1
358 15 1
358 16 1
358 22 1
358 26 1
358 45 1
358 58 1
358 68 1
358 120 1
358 207 1
358 340 1
358 489 1
358 612 1
358 653 1
358 932 1
358 1172 1
358 2554 1
361 22 1
361 24 1
361 26 1
361 92 1
361 398 1
369 9 1
369 12 1
369 41 1
369 89 1
369 299 1
371 6 1
371 15 1
371 16 1
371 22 1
371 26 1
371 71 1
371 94 1
371 120 1
371 124 1
371 125 1
371 190 1
371 197 1
371 227 1
371 257 1
371 315 1
371 474 1
371 508 1
371 532 1
371 612 1
371 1172 1
371 1326 1
371 2141 1
398 15 1
398 16 1
398 18 1
398 22 1
398 41 1
398 42 1
398 46 1
398 58 1
398 68 1
398 115 1
398 125 1
398 271 1
398 879 1
398 932 1
434 6 1
434 12 1
434 46 1
434 68 1
434 333 1
434 1172 1
435 9 1
435 15 1
435 22 1
435 45 1
435 46 1
435 68 1
435 71 1
435 123 1
435 190 1
438 2 1
438 8 1
438 15 1
438 16 1
438 22 1
438 26 1
438 37 1
438 42 1
438 58 1
438 71 1
438 72 1
438 89 1
438 94 1
438 104 1
438 111 1
438 120 1
438 125 1
438 152 1
438 197 1
438 257 1
438 299 1
438 494 1
438 540 1
438 733 1
438 765 1
438 854 1
438 932 1
438 1078 1
438 1326 1
438 1659 1
438 1879 1
443 6 1
443 15 1
443 19 1
443 28 1
443 34 1
443 41 1
443 46 1
443 68 1
443 89 1
443 104 1
443 115 1
443 125 1
443 147 1
443 207 1
443 212 1
443 271 1
443 315 1
443 358 1
443 361 1
443 371 1
443 526 1
443 2490 1
456 6 1
456 15 1
456 18 1
456 22 1
456 26 1
456 37 1
456 104 1
456 111 1
456 280 1
456 474 1
456 1167 1
474 2 1
474 6 1
474 8 1
474 9 1
474 12 1
474 15 1
474 18 1
474 41 1
474 45 1
474 69 1
474 72 1
474 89 1
474 92 1
474 94 1
474 111 1
474 120 1
474 124 1
474 136 1
474 147 1
474 152 1
474 190 1
474 207 1
474 231 1
474 271 1
474 294 1
474 302 1
474 307 1
474 312 1
474 333 1
474 340 1
474 348 1
474 358 1
474 371 1
474 438 1
474 456 1
474 561 1
474 624 1
474 685 1
474 725 1
474 803 1
474 844 1
474 854 1
474 922 1
474 1052 1
474 1078 1
474 1089 1
474 1120 1
474 1166 1
474 2405 1
474 2738 1
474 3552 1
474 5457 1
478 12 1
478 18 1
478 28 1
478 37 1
478 371 1
478 443 1
478 1289 1
478 4549 1
489 6 1
489 16 1
489 19 1
489 68 1
489 104 1
489 120 1
489 147 1
489 456 1
489 514 1
489 561 1
489 2467 1
494 26 1
494 68 1
494 119 1
494 333 1
494 489 1
506 2 1
506 6 1
506 15 1
506 18 1
506 34 1
506 58 1
506 68 1
506 71 1
506 89 1
506 94 1
506 123 1
506 136 1
506 240 1
506 245 1
506 340 1
506 474 1
506 489 1
506 529 1
506 1188 1
506 1339 1
506 1955 1
508 2 1
508 6 1
508 18 1
508 22 1
508 26 1
508 45 1
508 68 1
508 94 1
508 123 1
508 290 1
508 474 1
514 2 1
514 12 1
514 15 1
514 16 1
514 37 1
514 46 1
514 68 1
514 115 1
514 197 1
514 240 1
514 286 1
514 322 1
514 340 1
514 434 1
514 844 1
514 1167 1
514 1659 1
514 2738 1
515 123 1
515 530 1
515 633 1
522 15 1
522 16 1
522 22 1
522 26 1
522 45 1
522 104 1
522 123 1
522 231 1
522 257 1
522 294 1
526 12 1
526 16 1
526 18 1
526 26 1
526 28 1
526 34 1
526 37 1
526 42 1
526 58 1
526 69 1
526 71 1
526 89 1
526 94 1
526 115 1
526 125 1
526 190 1
526 207 1
526 212 1
526 236 1
526 257 1
526 312 1
526 333 1
526 348 1
526 474 1
526 522 1
526 530 1
526 844 1
526 1120 1
526 1131 1
526 1172 1
526 3731 1
529 15 1
529 18 1
529 26 1
529 43 1
529 46 1
529 68 1
529 104 1
529 120 1
529 125 1
529 257 1
529 474 1
529 1085 1
529 1188 1
530 2 1
530 12 1
530 15 1
530 16 1
530 18 1
530 22 1
530 37 1
530 71 1
530 94 1
530 104 1
530 438 1
530 1289 1
530 4843 1
530 6226 1
532 15 1
532 18 1
532 22 1
532 34 1
532 120 1
532 340 1
532 474 1
533 22 1
533 26 1
533 125 1
540 6 1
540 15 1
540 18 1
540 71 1
540 94 1
540 136 1
540 1376 1
540 1889 1
548 15 1
548 18 1
548 58 1
548 307 1
548 881 1
548 5921 1
561 8 1
561 16 1
561 22 1
561 24 1
561 26 1
561 34 1
561 43 1
561 68 1
561 71 1
561 72 1
561 89 1
561 104 1
561 115 1
561 119 1
561 120 1
561 212 1
561 290 1
561 299 1
561 340 1
561 358 1
561 369 1
561 371 1
561 474 1
561 532 1
561 624 1
561 631 1
561 879 1
561 1052 1
561 1131 1
561 1172 1
561 1659 1
561 2040 1
582 2 1
582 15 1
582 16 1
582 18 1
582 25 1
582 28 1
582 42 1
582 43 1
582 45 1
582 46 1
582 58 1
582 60 1
582 68 1
582 72 1
582 83 1
582 89 1
582 115 1
582 120 1
582 123 1
582 125 1
582 126 1
582 136 1
582 197 1
582 231 1
582 280 1
582 286 1
582 337 1
582 348 1
582 371 1
582 474 1
582 522 1
582 548 1
582 561 1
582 685 1
582 735 1
582 1063 1
582 1078 1
582 1172 1
582 1341 1
582 1659 1
582 2866 1
582 4102 1
582 7340 1
612 16 1
612 22 1
612 26 1
612 89 1
612 119 1
612 280 1
623 12 1
623 89 1
623 474 1
624 6 1
624 8 1
624 12 1
624 15 1
624 22 1
624 26 1
624 71 1
624 92 1
624 111 1
624 115 1
624 120 1
624 123 1
624 124 1
624 190 1
624 290 1
624 443 1
624 474 1
624 529 1
624 844 1
624 1339 1
624 4818 1
631 2 1
631 15 1
633 15 1
633 18 1
633 19 1
633 45 1
633 72 1
633 111 1
653 2 1
653 8 1
653 12 1
653 18 1
653 19 1
653 22 1
653 26 1
653 89 1
653 125 1
653 136 1
653 271 1
653 290 1
653 371 1
653 561 1
653 844 1
685 2 1
685 6 1
685 12 1
685 16 1
685 18 1
685 22 1
685 26 1
685 28 1
685 115 1
685 123 1
685 190 1
685 231 1
685 258 1
685 307 1
685 340 1
685 803 1
685 1052 1
695 37 1
695 68 1
695 207 1
695 438 1
695 1063 1
704 15 1
704 72 1
704 89 1
714 2 1
714 16 1
718 45 1
725 6 1
725 12 1
725 15 1
725 16 1
725 22 1
725 25 1
725 26 1
725 28 1
725 69 1
725 104 1
725 115 1
725 124 1
725 126 1
725 207 1
725 227 1
725 231 1
725 294 1
725 333 1
725 369 1
725 685 1
725 1339 1
725 2517 1
725 2554 1
733 15 1
733 22 1
733 37 1
733 111 1
733 236 1
733 474 1
733 6660 1
735 26 1
735 37 1
735 45 1
735 58 1
735 115 1
735 147 1
735 438 1
735 474 1
735 530 1
735 908 1
735 1276 1
735 1293 1
735 2467 1
765 2 1
765 15 1
765 18 1
765 26 1
765 111 1
765 147 1
765 236 1
765 245 1
801 16 1
801 18 1
801 22 1
801 26 1
801 42 1
801 45 1
801 58 1
801 72 1
801 186 1
801 197 1
801 333 1
801 2096 1
801 4714 1
801 4843 1
803 18 1
803 26 1
803 72 1
803 120 1
803 123 1
803 227 1
803 474 1
803 508 1
803 4146 1
838 2 1
838 12 1
838 15 1
838 16 1
838 18 1
838 28 1
838 41 1
838 68 1
838 71 1
838 104 1
838 136 1
838 280 1
838 881 1
838 1052 1
838 1341 1
844 6 1
844 8 1
844 12 1
844 16 1
844 18 1
844 26 1
844 28 1
844 34 1
844 42 1
844 45 1
844 46 1
844 68 1
844 69 1
844 89 1
844 94 1
844 111 1
844 257 1
844 258 1
844 286 1
844 299 1
844 489 1
844 725 1
844 908 1
844 1167 1
844 2467 1
844 3691 1
844 4094 1
854 15 1
854 22 1
854 89 1
854 286 1
854 1131 1
854 1166 1
854 2682 1
854 3691 1
879 2 1
879 8 1
879 15 1
879 22 1
879 26 1
879 45 1
879 68 1
879 71 1
879 94 1
879 120 1
879 227 1
879 231 1
879 258 1
879 294 1
879 530 1
879 765 1
879 903 1
879 1052 1
881 16 1
881 28 1
881 94 1
881 125 1
881 257 1
886 22 1
886 104 1
888 12 1
888 26 1
888 45 1
888 71 1
888 257 1
888 312 1
888 533 1
888 561 1
892 15 1
892 37 1
892 89 1
892 474 1
903 15 1
903 22 1
903 47 1
903 68 1
903 89 1
903 104 1
903 115 1
903 123 1
908 2 1
908 6 1
908 12 1
908 15 1
908 22 1
908 26 1
908 68 1
908 69 1
908 115 1
908 257 1
908 526 1
922 45 1
932 15 1
932 18 1
932 22 1
932 24 1
932 26 1
932 45 1
932 68 1
932 123 1
932 125 1
932 801 1
932 1172 1
932 2738 1
942 16 1
942 18 1
942 22 1
942 1355 1
952 15 1
979 2 1
979 190 1
979 315 1
1030 299 1
1030 1085 1
1052 15 1
1052 18 1
1052 22 1
1052 28 1
1052 37 1
1052 68 1
1052 71 1
1052 89 1
1052 92 1
1052 104 1
1052 115 1
1052 197 1
1052 231 1
1052 286 1
1052 340 1
1052 371 1
1052 624 1
1052 1341 1
1063 12 1
1063 15 1
1063 18 1
1063 22 1
1063 28 1
1063 37 1
1063 42 1
1063 71 1
1063 89 1
1063 94 1
1063 123 1
1063 136 1
1063 147 1
1063 245 1
1063 307 1
1063 526 1
1063 1289 1
1063 1793 1
1063 4330 1
1063 4820 1
1078 115 1
1078 1131 1
1085 22 1
1085 312 1
1085 548 1
1085 1063 1
1085 2303 1
1085 2308 1
1089 6 1
1089 15 1
1089 22 1
1089 42 1
1089 104 1
1089 111 1
1089 197 1
1089 207 1
1089 438 1
1089 1131 1
1089 2609 1
1089 4714 1
1120 16 1
1120 18 1
1120 125 1
1120 212 1
1120 271 1
1120 280 1
1120 286 1
1120 508 1
1131 2 1
1131 6 1
1131 15 1
1131 18 1
1131 26 1
1131 45 1
1131 89 1
1131 115 1
1131 123 1
1131 125 1
1131 286 1
1131 290 1
1131 299 1
1131 312 1
1131 315 1
1131 333 1
1131 443 1
1131 474 1
1131 506 1
1131 631 1
1131 908 1
1131 1052 1
1131 1089 1
1131 1167 1
1131 1510 1
1131 1720 1
1166 6 1
1166 22 1
1166 94 1
1167 15 1
1167 22 1
1167 45 1
1167 47 1
1167 125 1
1167 257 1
1172 6 1
1172 28 1
1172 37 1
1172 41 1
1172 46 1
1172 60 1
1172 68 1
1172 123 1
1172 240 1
1172 358 1
1172 4102 1
1182 18 1
1182 41 1
1182 89 1
1182 236 1
1182 624 1
1188 22 1
1188 42 1
1188 71 1
1188 104 1
1188 115 1
1192 12 1
1192 15 1
1192 18 1
1192 41 1
1192 58 1
1192 94 1
1192 120 1
1192 443 1
1192 624 1
1192 908 1
1192 4714 1
1228 18 1
1228 22 1
1270 16 1
1276 2 1
1276 16 1
1276 22 1
1276 26 1
1276 111 1
1276 125 1
1276 136 1
1276 257 1
1276 438 1
1276 1345 1
1276 3552 1
1285 26 1
1285 46 1
1285 104 1
1285 294 1
1289 6 1
1289 15 1
1289 22 1
1289 28 1
1289 68 1
1289 89 1
1289 120 1
1289 123 1
1289 561 1
1289 1063 1
1293 15 1
1293 68 1
1293 71 1
1293 123 1
1293 4714 1
1295 22 1
1295 28 1
1295 68 1
1314 22 1
1314 41 1
1314 474 1
1326 16 1
1326 18 1
1326 69 1
1326 72 1
1326 111 1
1326 123 1
1326 125 1
1326 371 1
1339 6 1
1339 8 1
1339 12 1
1339 15 1
1339 18 1
1339 22 1
1339 26 1
1339 34 1
1339 58 1
1339 111 1
1339 123 1
1339 152 1
1339 456 1
1341 15 1
1341 16 1
1341 18 1
1341 22 1
1341 26 1
1341 240 1
1341 371 1
1341 624 1
1341 1603 1
1341 1659 1
1345 22 1
1345 26 1
1345 125 1
1345 474 1
1354 489 1
1355 15 1
1355 22 1
1355 30 1
1355 104 1
1355 115 1
1355 120 1
1355 125 1
1355 358 1
1355 438 1
1355 844 1
1355 1120 1
1376 2 1
1376 6 1
1376 8 1
1376 15 1
1376 26 1
1376 45 1
1376 89 1
1376 123 1
1376 125 1
1376 561 1
1376 718 1
1376 1063 1
1376 1172 1
1376 1339 1
1398 30 1
1469 16 1
1510 16 1
1510 19 1
1510 28 1
1510 58 1
1510 68 1
1510 69 1
1510 111 1
1510 312 1
1510 838 1
1554 2 1
1554 6 1
1554 15 1
1554 28 1
1554 45 1
1554 236 1
1554 286 1
1554 312 1
1554 456 1
1554 892 1
1559 16 1
1559 22 1
1559 41 1
1559 506 1
1561 22 1
1561 58 1
1561 89 1
1561 111 1
1561 1167 1
1561 1172 1
1592 15 1
1592 22 1
1592 28 1
1603 18 1
1603 26 1
1617 18 1
1617 34 1
1617 37 1
1617 71 1
1617 125 1
1617 337 1
1647 22 1
1647 240 1
1659 6 1
1659 15 1
1659 16 1
1659 22 1
1659 26 1
1659 89 1
1659 903 1
1676 22 1
1720 18 1
1720 125 1
1738 561 1
1793 6 1
1793 45 1
1793 286 1
1793 299 1
1793 5024 1
1816 16 1
1816 18 1
1816 58 1
1879 2 1
1879 18 1
1879 69 1
1879 312 1
1889 15 1
1889 22 1
1889 26 1
1889 45 1
1889 72 1
1889 120 1
1889 286 1
1889 294 1
1889 299 1
1889 624 1
1955 15 1
1955 94 1
1986 6 1
2040 2462 1
2048 2 1
2048 18 1
2048 22 1
2048 42 1
2048 71 1
2048 290 1
2096 22 1
2096 26 1
2096 280 1
2096 286 1
2140 15 1
2140 16 1
2140 42 1
2140 1089 1
2140 3750 1
2141 94 1
2182 18 1
2182 257 1
2197 15 1
2197 26 1
2197 844 1
2299 6 1
2299 16 1
2299 18 1
2299 104 1
2299 147 1
2299 271 1
2299 294 1
2299 358 1
2299 801 1
2303 18 1
2303 22 1
2303 41 1
2303 69 1
2303 71 1
2303 111 1
2305 18 1
2308 6 1
2308 15 1
2308 18 1
2308 46 1
2308 104 1
2308 115 1
2308 245 1
2308 733 1
2308 2462 1
2308 2467 1
2308 2738 1
2343 438 1
2405 15 1
2405 16 1
2405 18 1
2405 22 1
2405 515 1
2405 844 1
2462 26 1
2467 26 1
2467 68 1
2467 74 1
2467 125 1
2467 294 1
2490 18 1
2490 37 1
2490 72 1
2490 89 1
2490 979 1
2517 26 1
2554 22 1
2554 28 1
2554 58 1
2554 69 1
2554 197 1
2554 489 1
2554 526 1
2566 89 1
2573 15 1
2573 443 1
2573 844 1
2592 15 1
2592 45 1
2592 71 1
2592 207 1
2592 280 1
2597 37 1
2609 12 1
2609 34 1
2609 104 1
2609 456 1
2609 474 1
2612 18 1
2612 1376 1
2653 22 1
2674 15 1
2674 18 1
2674 37 1
2674 68 1
2674 94 1
2674 506 1
2682 15 1
2682 18 1
2682 89 1
2738 15 1
2738 22 1
2738 1063 1
2738 1293 1
2763 8 1
2763 18 1
2763 89 1
2866 15 1
2866 286 1
2866 489 1
2966 6 1
2966 26 1
3108 125 1
3108 147 1
3163 22 1
3163 369 1
3163 1339 1
3166 15 1
3166 18 1
3166 22 1
3261 6 1
3261 18 1
3261 37 1
3301 15 1
3480 34 1
3552 6 1
3552 15 1
3552 22 1
3552 37 1
3552 42 1
3596 15 1
3596 16 1
3596 494 1
3596 1376 1
3596 4843 1
3606 37 1
3606 286 1
3607 22 1
3607 34 1
3691 18 1
3691 22 1
3691 4102 1
3731 18 1
3731 26 1
3731 456 1
3731 5750 1
3750 2 1
3750 15 1
3750 26 1
3750 33 1
3750 34 1
3750 474 1
3750 515 1
3750 854 1
3815 26 1
3815 1289 1
3829 2197 1
3857 18 1
3857 26 1
3857 257 1
3857 704 1
3877 1052 1
3878 18 1
3878 45 1
3952 104 1
3963 15 1
3963 26 1
3963 438 1
3963 844 1
4065 474 1
4065 803 1
4094 28 1
4102 6 1
4102 15 1
4102 18 1
4102 26 1
4146 15 1
4146 37 1
4146 125 1
4146 340 1
4146 735 1
4166 28 1
4175 15 1
4176 115 1
4330 2 1
4402 125 1
4435 1131 1
4437 16 1
4437 280 1
4549 18 1
4549 26 1
4549 294 1
4644 474 1
4644 888 1
4714 9 1
4714 15 1
4714 22 1
4714 474 1
4714 1354 1
4714 7143 1
4818 89 1
4818 3375 1
4820 68 1
4820 561 1
4827 1172 1
4843 22 1
4843 1131 1
4868 69 1
4868 139 1
4868 443 1
4877 22 1
5007 15 1
5039 34 1
5101 26 1
5280 15 1
5280 26 1
5340 12 1
5406 2 1
5406 15 1
5406 16 1
5406 18 1
5406 26 1
5406 45 1
5406 104 1
5406 126 1
5406 340 1
5406 474 1
5409 123 1
5449 46 1
5457 15 1
5480 16 1
5518 18 1
5518 115 1
5533 15 1
5533 1167 1
5750 16 1
5921 6 1
5921 16 1
5921 18 1
5921 26 1
5921 125 1
5921 227 1
5921 315 1
5921 1052 1
5938 15 1
5938 26 1
5976 45 1
5987 89 1
6019 286 1
6068 190 1
6152 15 1
6152 22 1
6152 47 1
6226 26 1
6263 22 1
6263 115 1
6263 136 1
6263 190 1
6263 735 1
6362 6 1
6362 34 1
6376 89 1
6376 94 1
6381 18 1
6598 16 1
6660 16 1
6673 22 1
6673 236 1
6673 290 1
6703 15 1
7143 26 1
7143 58 1
7154 18 1
7294 443 1
7340 16 1
7419 15 1
7452 68 1
7469 474 1
7683 42 1
