2 6 1
2 12 1
2 22 1
2 28 1
2 37 1
2 43 1
2 46 1
2 68 1
2 71 1
2 72 1
2 104 1
2 115 1
2 123 1
2 124 1
2 125 1
2 197 1
2 207 1
2 236 1
2 286 1
2 294 1
2 333 1
2 348 1
2 456 1
2 494 1
2 506 1
2 515 1
2 526 1
2 540 1
2 561 1
2 624 1
2 704 1
2 735 1
2 801 1
2 844 1
2 888 1
2 892 1
2 932 1
2 942 1
2 1063 1
2 1166 1
2 1889 1
2 1955 1
2 2467 1
2 2517 1
2 3552 1
2 4714 1
6 2 1
6 8 1
6 9 1
6 15 1
6 18 1
6 22 1
6 26 1
6 28 1
6 30 1
6 34 1
6 37 1
6 41 1
6 45 1
6 47 1
6 58 1
6 68 1
6 71 1
6 94 1
6 104 1
6 111 1
6 115 1
6 120 1
6 123 1
6 227 1
6 240 1
6 258 1
6 280 1
6 290 1
6 299 1
6 312 1
6 315 1
6 320 1
6 340 1
6 348 1
6 358 1
6 443 1
6 456 1
6 514 1
6 526 1
6 529 1
6 530 1
6 582 1
6 653 1
6 695 1
6 704 1
6 801 1
6 838 1
6 844 1
6 879 1
6 903 1
6 908 1
6 932 1
6 1063 1
6 1085 1
6 1089 1
6 1167 1
6 1276 1
6 1285 1
6 1289 1
6 1293 1
6 1354 1
6 1554 1
6 2490 1
6 2966 1
6 3552 1
6 3731 1
6 4094 1
6 5039 1
6 6376 1
6 6381 1
6 7469 1
8 6 1
8 12 1
8 15 1
8 25 1
8 28 1
8 111 1
8 123 1
8 147 1
8 240 1
8 286 1
8 290 1
8 294 1
8 312 1
8 340 1
8 371 1
8 526 1
8 844 1
8 1167 1
8 1336 1
8 1341 1
8 1354 1
8 1355 1
9 6 1
9 15 1
9 22 1
9 26 1
9 46 1
9 68 1
9 72 1
9 89 1
9 94 1
9 104 1
9 111 1
9 120 1
9 212 1
9 438 1
9 474 1
9 1052 1
9 1131 1
9 1172 1
9 3691 1
12 2 1
12 6 1
12 15 1
12 16 1
12 18 1
12 22 1
12 26 1
12 41 1
12 71 1
12 104 1
12 120 1
12 136 1
12 152 1
12 190 1
12 197 1
12 212 1
12 227 1
12 257 1
12 290 1
12 312 1
12 348 1
12 358 1
12 371 1
12 398 1
12 438 1
12 508 1
12 514 1
12 540 1
12 733 1
12 735 1
12 881 1
12 903 1
12 932 1
12 1120 1
12 1167 1
12 1172 1
12 1182 1
12 1339 1
12 1355 1
12 1561 1
12 1659 1
12 1676 1
12 2299 1
12 3301 1
12 5101 1
12 6376 1
12 7017 1
15 2 1
15 6 1
15 16 1
15 18 1
15 22 1
15 28 1
15 37 1
15 46 1
15 60 1
15 68 1
15 69 1
15 89 1
15 94 1
15 104 1
15 111 1
15 125 1
15 147 1
15 196 1
15 197 1
15 212 1
15 231 1
15 236 1
15 245 1
15 257 1
15 280 1
15 290 1
15 299 1
15 312 1
15 315 1
15 371 1
15 434 1
15 438 1
15 443 1
15 478 1
15 489 1
15 522 1
15 532 1
15 533 1
15 718 1
15 932 1
15 942 1
15 1052 1
15 1063 1
15 1089 1
15 1172 1
15 1192 1
15 1314 1
15 1339 1
15 1376 1
15 1554 1
15 1592 1
15 1617 1
15 1659 1
15 1889 1
15 2405 1
15 2462 1
15 2467 1
15 2517 1
15 2554 1
15 2674 1
15 2763 1
15 3261 1
15 3552 1
15 3877 1
15 4094 1
15 4714 1
15 5227 1
15 5406 1
15 7141 1
16 2 1
16 6 1
16 9 1
16 18 1
16 24 1
16 25 1
16 26 1
16 30 1
16 33 1
16 34 1
16 41 1
16 43 1
16 45 1
16 68 1
16 69 1
16 71 1
16 72 1
16 74 1
16 83 1
16 89 1
16 92 1
16 111 1
16 115 1
16 120 1
16 124 1
16 147 1
16 152 1
16 190 1
16 191 1
16 197 1
16 231 1
16 236 1
16 240 1
16 241 1
16 245 1
16 257 1
16 271 1
16 280 1
16 286 1
16 294 1
16 299 1
16 302 1
16 322 1
16 337 1
16 342 1
16 358 1
16 371 1
16 435 1
16 456 1
16 474 1
16 478 1
16 489 1
16 494 1
16 506 1
16 508 1
16 514 1
16 515 1
16 522 1
16 526 1
16 530 1
16 532 1
16 540 1
16 582 1
16 624 1
16 695 1
16 704 1
16 714 1
16 725 1
16 735 1
16 765 1
16 803 1
16 844 1
16 854 1
16 879 1
16 903 1
16 908 1
16 922 1
16 942 1
16 979 1
16 1052 1
16 1063 1
16 1078 1
16 1089 1
16 1120 1
16 1166 1
16 1167 1
16 1172 1
16 1182 1
16 1188 1
16 1276 1
16 1289 1
16 1293 1
16 1314 1
16 1339 1
16 1341 1
16 1355 1
16 1376 1
16 1398 1
16 1554 1
16 1592 1
16 1659 1
16 1691 1
16 1720 1
16 1889 1
16 1955 1
16 2040 1
16 2096 1
16 2197 1
16 2203 1
16 2305 1
16 2308 1
16 2405 1
16 2462 1
16 2517 1
16 2554 1
16 2609 1
16 2738 1
16 2866 1
16 3166 1
16 3261 1
16 3375 1
16 3480 1
16 3552 1
16 3750 1
16 3952 1
16 4065 1
16 4094 1
16 4102 1
16 4269 1
16 4549 1
16 4714 1
16 4843 1
16 4868 1
16 5406 1
16 5750 1
16 5866 1
16 5987 1
16 7143 1
16 7294 1
18 2 1
18 6 1
18 8 1
18 9 1
18 12 1
18 15 1
18 19 1
18 22 1
18 33 1
18 34 1
18 41 1
18 42 1
18 45 1
18 46 1
18 60 1
18 68 1
18 69 1
18 71 1
18 72 1
18 89 1
18 91 1
18 92 1
18 94 1
18 104 1
18 120 1
18 125 1
18 136 1
18 147 1
18 152 1
18 190 1
18 191 1
18 197 1
18 207 1
18 227 1
18 236 1
18 240 1
18 245 1
18 257 1
18 258 1
18 271 1
18 294 1
18 299 1
18 302 1
18 307 1
18 315 1
18 333 1
18 340 1
18 342 1
18 348 1
18 358 1
18 434 1
18 435 1
18 438 1
18 443 1
18 456 1
18 474 1
18 506 1
18 515 1
18 526 1
18 529 1
18 530 1
18 533 1
18 561 1
18 623 1
18 624 1
18 633 1
18 653 1
18 695 1
18 714 1
18 725 1
18 733 1
18 735 1
18 765 1
18 803 1
18 844 1
18 854 1
18 879 1
18 908 1
18 932 1
18 1052 1
18 1063 1
18 1089 1
18 1167 1
18 1172 1
18 1182 1
18 1192 1
18 1276 1
18 1285 1
18 1295 1
18 1326 1
18 1339 1
18 1355 1
18 1376 1
18 1592 1
18 1647 1
18 1659 1
18 1889 1
18 2048 1
18 2197 1
18 2299 1
18 2405 1
18 2467 1
18 2517 1
18 2609 1
18 2682 1
18 2738 1
18 2966 1
18 3166 1
18 3596 1
18 3691 1
18 4065 1
18 4437 1
18 4843 1
18 5406 1
18 5921 1
18 6152 1
19 6 1
19 22 1
19 42 1
19 45 1
19 89 1
19 302 1
22 2 1
22 8 1
22 16 1
22 18 1
22 19 1
22 24 1
22 26 1
22 30 1
22 37 1
22 41 1
22 42 1
22 43 1
22 45 1
22 47 1
22 60 1
22 68 1
22 71 1
22 72 1
22 74 1
22 89 1
22 104 1
22 111 1
22 115 1
22 119 1
22 123 1
22 124 1
22 125 1
22 126 1
22 136 1
22 147 1
22 152 1
22 186 1
22 190 1
22 207 1
22 227 1
22 231 1
22 236 1
22 240 1
22 245 1
22 257 1
22 258 1
22 271 1
22 280 1
22 290 1
22 294 1
22 299 1
22 307 1
22 312 1
22 315 1
22 320 1
22 322 1
22 342 1
22 348 1
22 358 1
22 369 1
22 371 1
22 443 1
22 456 1
22 474 1
22 489 1
22 506 1
22 508 1
22 514 1
22 515 1
22 522 1
22 529 1
22 533 1
22 548 1
22 561 1
22 612 1
22 624 1
22 631 1
22 633 1
22 653 1
22 685 1
22 695 1
22 704 1
22 735 1
22 765 1
22 803 1
22 838 1
22 881 1
22 888 1
22 922 1
22 932 1
22 942 1
22 952 1
22 1052 1
22 1063 1
22 1078 1
22 1089 1
22 1120 1
22 1167 1
22 1172 1
22 1182 1
22 1228 1
22 1276 1
22 1289 1
22 1293 1
22 1295 1
22 1336 1
22 1339 1
22 1341 1
22 1345 1
22 1355 1
22 1376 1
22 1592 1
22 1617 1
22 1659 1
22 1676 1
22 1816 1
22 1879 1
22 1889 1
22 1955 1
22 2096 1
22 2141 1
22 2197 1
22 2303 1
22 2305 1
22 2343 1
22 2405 1
22 2517 1
22 2554 1
22 2573 1
22 2738 1
22 2763 1
22 3301 1
22 3552 1
22 3815 1
22 3829 1
22 3857 1
22 3952 1
22 3963 1
22 4102 1
22 4146 1
22 4330 1
22 4402 1
22 4435 1
22 4644 1
22 4818 1
22 4820 1
22 4827 1
22 4868 1
22 5024 1
22 5039 1
22 5280 1
22 5518 1
22 5533 1
22 5938 1
22 6376 1
22 6381 1
22 6673 1
22 7419 1
22 7452 1
22 7683 1
24 2 1
24 8 1
24 15 1
24 26 1
24 37 1
24 45 1
24 92 1
24 1131 1
25 2 1
25 12 1
25 18 1
25 22 1
25 37 1
25 45 1
25 71 1
25 94 1
25 111 1
25 123 1
25 125 1
25 320 1
25 333 1
25 530 1
25 548 1
25 735 1
25 1355 1
25 5518 1
26 2 1
26 8 1
26 12 1
26 15 1
26 18 1
26 28 1
26 37 1
26 41 1
26 42 1
26 46 1
26 58 1
26 68 1
26 71 1
26 72 1
26 89 1
26 92 1
26 94 1
26 111 1
26 115 1
26 120 1
26 123 1
26 125 1
26 126 1
26 197 1
26 227 1
26 231 1
26 236 1
26 245 1
26 286 1
26 312 1
26 315 1
26 320 1
26 322 1
26 337 1
26 340 1
26 348 1
26 358 1
26 371 1
26 434 1
26 456 1
26 474 1
26 526 1
26 530 1
26 624 1
26 631 1
26 633 1
26 725 1
26 733 1
26 765 1
26 803 1
26 844 1
26 888 1
26 922 1
26 1089 1
26 1188 1
26 1192 1
26 1285 1
26 1295 1
26 1326 1
26 1341 1
26 1355 1
26 1376 1
26 1510 1
26 1592 1
26 1659 1
26 1793 1
26 2299 1
26 2462 1
26 2554 1
26 2612 1
26 3375 1
26 3815 1
26 3950 1
26 4269 1
26 4330 1
26 4549 1
26 4714 1
26 4843 1
26 5024 1
26 5406 1
26 5533 1
28 2 1
28 6 1
28 8 1
28 12 1
28 16 1
28 18 1
28 22 1
28 25 1
28 26 1
28 34 1
28 37 1
28 41 1
28 42 1
28 45 1
28 46 1
28 47 1
28 71 1
28 89 1
28 94 1
28 104 1
28 111 1
28 115 1
28 119 1
28 120 1
28 123 1
28 125 1
28 136 1
28 147 1
28 190 1
28 197 1
28 207 1
28 231 1
28 240 1
28 245 1
28 257 1
28 271 1
28 294 1
28 299 1
28 302 1
28 307 1
28 312 1
28 333 1
28 340 1
28 348 1
28 438 1
28 443 1
28 456 1
28 478 1
28 514 1
28 526 1
28 529 1
28 530 1
28 548 1
28 561 1
28 612 1
28 624 1
28 631 1
28 653 1
28 714 1
28 838 1
28 844 1
28 854 1
28 881 1
28 886 1
28 892 1
28 908 1
28 942 1
28 1063 1
28 1078 1
28 1089 1
28 1131 1
28 1182 1
28 1289 1
28 1295 1
28 1326 1
28 1554 1
28 1659 1
28 2554 1
28 2674 1
28 2738 1
28 3166 1
28 3750 1
28 5406 1
30 2 1
30 6 1
30 12 1
30 15 1
30 16 1
30 18 1
30 26 1
30 28 1
30 34 1
30 43 1
30 45 1
30 47 1
30 58 1
30 69 1
30 71 1
30 89 1
30 92 1
30 115 1
30 125 1
30 147 1
30 190 1
30 197 1
30 257 1
30 258 1
30 271 1
30 294 1
30 320 1
30 358 1
30 371 1
30 474 1
30 494 1
30 514 1
30 532 1
30 561 1
30 623 1
30 735 1
30 801 1
30 844 1
30 908 1
30 1120 1
30 1131 1
30 1192 1
30 1314 1
30 1554 1
30 2140 1
30 2203 1
30 2462 1
30 3552 1
30 4330 1
30 6660 1
30 7143 1
33 45 1
33 1172 1
34 2 1
34 6 1
34 8 1
34 15 1
34 16 1
34 18 1
34 22 1
34 26 1
34 42 1
34 45 1
34 60 1
34 69 1
34 72 1
34 94 1
34 104 1
34 123 1
34 125 1
34 190 1
34 197 1
34 212 1
34 245 1
34 290 1
34 299 1
34 340 1
34 371 1
34 443 1
34 474 1
34 522 1
34 526 1
34 548 1
34 932 1
34 1289 1
34 1293 1
34 1341 1
34 1659 1
34 2096 1
34 2490 1
34 2554 1
34 2738 1
34 3108 1
34 3878 1
34 4065 1
34 4146 1
37 6 1
37 8 1
37 9 1
37 12 1
37 15 1
37 16 1
37 18 1
37 22 1
37 25 1
37 26 1
37 28 1
37 41 1
37 42 1
37 45 1
37 46 1
37 71 1
37 89 1
37 92 1
37 94 1
37 104 1
37 111 1
37 124 1
37 190 1
37 212 1
37 227 1
37 231 1
37 236 1
37 258 1
37 286 1
37 299 1
37 302 1
37 312 1
37 333 1
37 438 1
37 474 1
37 478 1
37 526 1
37 529 1
37 735 1
37 854 1
37 1063 1
37 1131 1
37 1172 1
37 1314 1
37 1339 1
37 1510 1
37 2308 1
37 2467 1
37 6226 1
41 2 1
41 6 1
41 12 1
41 15 1
41 16 1
41 26 1
41 28 1
41 37 1
41 46 1
41 58 1
41 72 1
41 89 1
41 115 1
41 126 1
41 197 1
41 245 1
41 280 1
41 307 1
41 348 1
41 371 1
41 456 1
41 474 1
41 522 1
41 532 1
41 624 1
41 718 1
41 1063 1
41 1120 1
41 1339 1
41 1345 1
41 3815 1
42 2 1
42 12 1
42 15 1
42 16 1
42 30 1
42 68 1
42 89 1
42 94 1
42 104 1
42 120 1
42 286 1
42 294 1
42 358 1
42 443 1
42 474 1
42 561 1
42 854 1
42 1085 1
42 1131 1
42 1293 1
42 1376 1
42 1554 1
42 1561 1
42 1659 1
42 2674 1
42 3607 1
43 6 1
43 8 1
43 12 1
43 15 1
43 25 1
43 34 1
43 37 1
43 46 1
43 68 1
43 71 1
43 89 1
43 104 1
43 119 1
43 124 1
43 190 1
43 231 1
43 258 1
43 294 1
43 307 1
43 320 1
43 337 1
43 443 1
43 489 1
43 735 1
43 881 1
43 1172 1
43 1339 1
43 1510 1
43 2462 1
43 2609 1
43 3750 1
43 3857 1
43 6376 1
45 2 1
45 6 1
45 8 1
45 12 1
45 15 1
45 19 1
45 22 1
45 25 1
45 28 1
45 34 1
45 58 1
45 68 1
45 69 1
45 89 1
45 91 1
45 92 1
45 111 1
45 115 1
45 120 1
45 124 1
45 133 1
45 147 1
45 186 1
45 227 1
45 231 1
45 236 1
45 258 1
45 286 1
45 290 1
45 307 1
45 312 1
45 358 1
45 438 1
45 443 1
45 514 1
45 526 1
45 540 1
45 624 1
45 704 1
45 803 1
45 838 1
45 844 1
45 854 1
45 892 1
45 908 1
45 932 1
45 1131 1
45 1167 1
45 1172 1
45 1341 1
45 1816 1
45 2299 1
45 2517 1
45 3166 1
45 3261 1
45 3691 1
45 4402 1
45 4515 1
45 4714 1
45 5750 1
45 7340 1
46 6 1
46 8 1
46 9 1
46 15 1
46 16 1
46 18 1
46 22 1
46 26 1
46 34 1
46 37 1
46 41 1
46 45 1
46 69 1
46 72 1
46 104 1
46 120 1
46 123 1
46 125 1
46 136 1
46 152 1
46 257 1
46 271 1
46 280 1
46 299 1
46 302 1
46 312 1
46 340 1
46 474 1
46 506 1
46 529 1
46 530 1
46 561 1
46 624 1
46 801 1
46 844 1
46 1085 1
46 1289 1
46 1339 1
46 1738 1
46 2308 1
46 3108 1
46 4402 1
46 4714 1
47 2 1
47 8 1
47 9 1
47 12 1
47 15 1
47 16 1
47 18 1
47 26 1
47 41 1
47 286 1
47 337 1
47 435 1
47 932 1
58 8 1
58 9 1
58 12 1
58 15 1
58 16 1
58 22 1
58 26 1
58 41 1
58 42 1
58 71 1
58 74 1
58 89 1
58 92 1
58 111 1
58 115 1
58 120 1
58 123 1
58 124 1
58 126 1
58 136 1
58 147 1
58 186 1
58 190 1
58 197 1
58 207 1
58 212 1
58 257 1
58 258 1
58 271 1
58 286 1
58 294 1
58 299 1
58 333 1
58 371 1
58 443 1
58 508 1
58 530 1
58 561 1
58 695 1
58 733 1
58 735 1
58 765 1
58 803 1
58 908 1
58 1172 1
58 1276 1
58 1326 1
58 1341 1
58 1554 1
58 1793 1
58 1889 1
58 2303 1
58 2405 1
58 2467 1
58 3963 1
58 4330 1
58 4714 1
60 15 1
60 16 1
60 18 1
60 22 1
60 26 1
60 45 1
60 46 1
60 240 1
60 280 1
60 294 1
60 561 1
60 624 1
60 1554 1
68 2 1
68 12 1
68 15 1
68 18 1
68 25 1
68 26 1
68 28 1
68 30 1
68 34 1
68 41 1
68 43 1
68 47 1
68 58 1
68 60 1
68 69 1
68 71 1
68 89 1
68 94 1
68 111 1
68 115 1
68 123 1
68 125 1
68 136 1
68 147 1
68 207 1
68 227 1
68 236 1
68 240 1
68 258 1
68 271 1
68 299 1
68 312 1
68 340 1
68 369 1
68 371 1
68 443 1
68 515 1
68 526 1
68 529 1
68 530 1
68 533 1
68 561 1
68 582 1
68 704 1
68 733 1
68 844 1
68 903 1
68 932 1
68 1063 1
68 1078 1
68 1089 1
68 1120 1
68 1131 1
68 1289 1
68 1293 1
68 1314 1
68 1339 1
68 1341 1
68 1469 1
68 2048 1
68 2096 1
68 2462 1
68 2554 1
68 3691 1
68 3857 1
68 5280 1
69 6 1
69 18 1
69 22 1
69 26 1
69 42 1
69 147 1
69 294 1
69 299 1
69 474 1
69 530 1
69 704 1
69 1089 1
71 2 1
71 6 1
71 12 1
71 15 1
71 18 1
71 19 1
71 26 1
71 37 1
71 41 1
71 42 1
71 43 1
71 45 1
71 47 1
71 69 1
71 72 1
71 89 1
71 94 1
71 123 1
71 125 1
71 136 1
71 152 1
71 186 1
71 197 1
71 207 1
71 231 1
71 257 1
71 271 1
71 280 1
71 299 1
71 315 1
71 443 1
71 474 1
71 508 1
71 526 1
71 530 1
71 561 1
71 623 1
71 685 1
71 801 1
71 803 1
71 844 1
71 879 1
71 932 1
71 979 1
71 1078 1
71 1120 1
71 1131 1
71 1188 1
71 1285 1
71 1293 1
71 1354 1
71 1398 1
71 1659 1
71 2048 1
71 2096 1
71 2738 1
71 7452 1
72 2 1
72 6 1
72 12 1
72 15 1
72 16 1
72 28 1
72 37 1
72 45 1
72 47 1
72 68 1
72 104 1
72 147 1
72 190 1
72 290 1
72 294 1
72 358 1
72 438 1
72 443 1
72 532 1
72 725 1
72 803 1
72 1120 1
72 1339 1
72 1376 1
72 1510 1
72 2738 1
72 3552 1
74 15 1
74 41 1
74 42 1
74 89 1
74 104 1
74 240 1
74 257 1
74 320 1
83 15 1
83 18 1
83 22 1
83 26 1
83 46 1
83 71 1
83 89 1
83 119 1
83 123 1
83 197 1
83 257 1
83 271 1
83 290 1
83 333 1
83 348 1
83 624 1
83 888 1
83 1293 1
89 2 1
89 6 1
89 8 1
89 12 1
89 16 1
89 22 1
89 26 1
89 34 1
89 37 1
89 41 1
89 46 1
89 60 1
89 69 1
89 72 1
89 99 1
89 111 1
89 120 1
89 123 1
89 125 1
89 136 1
89 147 1
89 152 1
89 197 1
89 212 1
89 231 1
89 271 1
89 280 1
89 290 1
89 299 1
89 302 1
89 320 1
89 371 1
89 438 1
89 478 1
89 515 1
89 530 1
89 533 1
89 612 1
89 624 1
89 718 1
89 765 1
89 844 1
89 854 1
89 942 1
89 1063 1
89 1078 1
89 1167 1
89 1172 1
89 1289 1
89 1376 1
89 1469 1
89 1659 1
89 2517 1
89 3166 1
89 3691 1
89 3952 1
89 4094 1
89 4402 1
89 4714 1
89 5227 1
89 5921 1
91 2 1
91 41 1
91 115 1
91 136 1
92 8 1
92 12 1
92 15 1
92 16 1
92 26 1
92 37 1
92 41 1
92 68 1
92 89 1
92 120 1
92 197 1
92 207 1
92 236 1
92 257 1
92 280 1
92 286 1
92 438 1
92 489 1
92 561 1
92 844 1
92 1063 1
92 1326 1
92 1554 1
92 4714 1
94 2 1
94 12 1
94 15 1
94 22 1
94 34 1
94 37 1
94 41 1
94 42 1
94 45 1
94 46 1
94 69 1
94 72 1
94 89 1
94 111 1
94 115 1
94 120 1
94 123 1
94 126 1
94 147 1
94 152 1
94 212 1
94 236 1
94 245 1
94 290 1
94 294 1
94 307 1
94 312 1
94 322 1
94 337 1
94 340 1
94 342 1
94 438 1
94 456 1
94 474 1
94 489 1
94 506 1
94 508 1
94 533 1
94 561 1
94 685 1
94 932 1
94 1120 1
94 1131 1
94 1172 1
94 1192 1
94 1345 1
94 1561 1
94 5406 1
99 6 1
99 9 1
99 12 1
99 15 1
99 16 1
99 18 1
99 19 1
99 22 1
99 26 1
99 30 1
99 34 1
99 42 1
99 68 1
99 69 1
99 94 1
99 115 1
99 120 1
99 125 1
99 196 1
99 624 1
99 725 1
99 735 1
99 844 1
99 854 1
99 1052 1
99 1738 1
99 2517 1
99 4827 1
104 2 1
104 15 1
104 16 1
104 18 1
104 22 1
104 24 1
104 25 1
104 26 1
104 28 1
104 37 1
104 41 1
104 42 1
104 45 1
104 46 1
104 69 1
104 71 1
104 89 1
104 120 1
104 125 1
104 147 1
104 190 1
104 212 1
104 245 1
104 257 1
104 280 1
104 299 1
104 307 1
104 312 1
104 361 1
104 435 1
104 438 1
104 456 1
104 474 1
104 506 1
104 532 1
104 548 1
104 624 1
104 653 1
104 735 1
104 838 1
104 844 1
104 888 1
104 903 1
104 932 1
104 1052 1
104 1063 1
104 1089 1
104 1182 1
104 1554 1
104 2763 1
104 3750 1
104 4714 1
111 8 1
111 15 1
111 16 1
111 18 1
111 22 1
111 28 1
111 30 1
111 34 1
111 37 1
111 42 1
111 45 1
111 46 1
111 47 1
111 58 1
111 72 1
111 104 1
111 123 1
111 125 1
111 126 1
111 136 1
111 147 1
111 190 1
111 197 1
111 231 1
111 240 1
111 245 1
111 280 1
111 290 1
111 294 1
111 299 1
111 312 1
111 320 1
111 434 1
111 474 1
111 526 1
111 530 1
111 653 1
111 704 1
111 801 1
111 838 1
111 844 1
111 881 1
111 1052 1
111 1172 1
111 1345 1
111 1559 1
111 2303 1
111 3481 1
111 3552 1
115 6 1
115 8 1
115 12 1
115 15 1
115 18 1
115 19 1
115 24 1
115 28 1
115 30 1
115 34 1
115 37 1
115 42 1
115 45 1
115 47 1
115 58 1
115 72 1
115 83 1
115 89 1
115 94 1
115 111 1
115 186 1
115 190 1
115 191 1
115 197 1
115 236 1
115 258 1
115 294 1
115 302 1
115 315 1
115 333 1
115 371 1
115 489 1
115 508 1
115 515 1
115 561 1
115 612 1
115 653 1
115 844 1
115 879 1
115 903 1
115 932 1
115 1052 1
115 1085 1
115 1089 1
115 1131 1
115 1167 1
115 1192 1
115 1376 1
115 1816 1
115 2674 1
115 3877 1
115 5039 1
115 6673 1
119 6 1
119 18 1
119 22 1
119 28 1
119 37 1
119 41 1
119 45 1
119 71 1
119 72 1
119 74 1
119 89 1
119 94 1
119 104 1
119 115 1
119 120 1
119 126 1
119 136 1
119 139 1
119 147 1
119 190 1
119 191 1
119 212 1
119 226 1
119 240 1
119 245 1
119 257 1
119 271 1
119 286 1
119 290 1
119 294 1
119 337 1
119 340 1
119 358 1
119 371 1
119 438 1
119 443 1
119 474 1
119 506 1
119 508 1
119 522 1
119 529 1
119 530 1
119 533 1
119 561 1
119 624 1
119 733 1
119 735 1
119 1052 1
119 1063 1
119 1089 1
119 1289 1
119 1339 1
119 1355 1
119 1376 1
119 2308 1
119 2405 1
119 2612 1
119 3607 1
119 3691 1
119 3750 1
119 3963 1
120 2 1
120 15 1
120 18 1
120 22 1
120 28 1
120 30 1
120 34 1
120 37 1
120 41 1
120 46 1
120 68 1
120 71 1
120 89 1
120 115 1
120 139 1
120 197 1
120 207 1
120 236 1
120 245 1
120 280 1
120 322 1
120 337 1
120 456 1
120 494 1
120 526 1
120 624 1
120 838 1
120 886 1
120 1052 1
120 1063 1
120 1182 1
120 2467 1
120 2609 1
120 2674 1
120 3552 1
120 6703 1
123 2 1
123 6 1
123 8 1
123 9 1
123 12 1
123 15 1
123 16 1
123 18 1
123 19 1
123 22 1
123 25 1
123 26 1
123 30 1
123 37 1
123 41 1
123 42 1
123 45 1
123 46 1
123 58 1
123 68 1
123 72 1
123 89 1
123 104 1
123 111 1
123 115 1
123 119 1
123 120 1
123 125 1
123 136 1
123 139 1
123 147 1
123 186 1
123 190 1
123 196 1
123 207 1
123 227 1
123 236 1
123 257 1
123 286 1
123 290 1
123 294 1
123 299 1
123 302 1
123 307 1
123 312 1
123 322 1
123 333 1
123 340 1
123 358 1
123 443 1
123 456 1
123 474 1
123 489 1
123 506 1
123 508 1
123 514 1
123 526 1
123 540 1
123 548 1
123 653 1
123 725 1
123 803 1
123 854 1
123 879 1
123 881 1
123 1063 1
123 1131 1
123 1172 1
123 1289 1
123 1295 1
123 1339 1
123 1603 1
123 1659 1
123 1720 1
123 1879 1
123 1889 1
123 2197 1
123 2343 1
123 2674 1
123 3607 1
123 6263 1
124 9 1
124 15 1
124 18 1
124 22 1
124 26 1
124 30 1
124 34 1
124 41 1
124 42 1
124 68 1
124 94 1
124 104 1
124 299 1
124 340 1
124 438 1
124 522 1
124 908 1
124 1172 1
124 2182 1
124 2462 1
124 2517 1
125 12 1
125 16 1
125 18 1
125 22 1
125 28 1
125 30 1
125 37 1
125 42 1
125 58 1
125 68 1
125 74 1
125 104 1
125 115 1
125 119 1
125 136 1
125 139 1
125 147 1
125 196 1
125 197 1
125 280 1
125 290 1
125 358 1
125 434 1
125 438 1
125 443 1
125 506 1
125 508 1
125 903 1
125 1192 1
125 1285 1
125 1339 1
125 1617 1
125 2299 1
125 3750 1
125 3815 1
125 4714 1
126 41 1
126 58 1
126 111 1
126 115 1
126 125 1
126 197 1
126 286 1
126 312 1
126 340 1
126 735 1
126 1376 1
126 4102 1
133 15 1
133 197 1
136 2 1
136 26 1
136 37 1
136 41 1
136 45 1
136 69 1
136 89 1
136 104 1
136 115 1
136 125 1
136 186 1
136 197 1
136 212 1
136 271 1
136 290 1
136 312 1
136 474 1
136 508 1
136 532 1
136 932 1
136 1131 1
136 4644 1
136 5406 1
136 6598 1
139 2 1
139 15 1
139 16 1
139 22 1
139 26 1
139 28 1
139 34 1
139 68 1
139 72 1
139 115 1
139 258 1
139 532 1
139 653 1
139 844 1
139 1131 1
147 12 1
147 18 1
147 26 1
147 42 1
147 94 1
147 111 1
147 123 1
147 522 1
147 1078 1
152 2 1
152 16 1
152 18 1
152 26 1
152 45 1
152 68 1
152 120 1
152 125 1
152 126 1
152 340 1
152 434 1
152 1341 1
152 1889 1
186 2 1
186 15 1
186 18 1
186 43 1
186 104 1
186 342 1
186 456 1
186 3606 1
186 4714 1
190 2 1
190 18 1
190 26 1
190 28 1
190 34 1
190 41 1
190 42 1
190 45 1
190 60 1
190 71 1
190 89 1
190 92 1
190 104 1
190 115 1
190 147 1
190 207 1
190 257 1
190 258 1
190 299 1
190 333 1
190 456 1
190 478 1
190 514 1
190 735 1
190 1052 1
190 1172 1
190 1955 1
190 2405 1
190 3481 1
191 15 1
191 58 1
191 89 1
191 1341 1
196 15 1
196 18 1
197 6 1
197 37 1
197 43 1
197 69 1
197 72 1
197 104 1
197 371 1
197 474 1
197 1289 1
197 1326 1
197 1339 1
197 1376 1
197 3607 1
197 5976 1
207 2 1
207 8 1
207 16 1
207 22 1
207 45 1
207 69 1
207 92 1
207 115 1
207 152 1
207 197 1
207 212 1
207 236 1
207 286 1
207 312 1
207 340 1
207 489 1
207 526 1
207 735 1
207 803 1
207 1816 1
212 6 1
212 15 1
212 16 1
212 26 1
212 37 1
212 43 1
212 71 1
212 91 1
212 111 1
212 115 1
212 119 1
212 120 1
212 123 1
212 125 1
212 286 1
212 299 1
212 320 1
212 322 1
212 474 1
212 489 1
212 529 1
212 624 1
212 725 1
212 903 1
212 932 1
212 1030 1
226 16 1
226 22 1
226 290 1
227 15 1
227 71 1
227 120 1
227 123 1
227 294 1
227 315 1
231 8 1
231 9 1
231 15 1
231 18 1
231 19 1
231 22 1
231 37 1
231 45 1
231 68 1
231 71 1
231 115 1
231 147 1
231 186 1
231 290 1
231 294 1
231 438 1
231 474 1
231 765 1
231 932 1
231 1052 1
231 1341 1
231 1720 1
231 2653 1
231 4094 1
231 5449 1
236 6 1
236 15 1
236 16 1
236 18 1
236 19 1
236 26 1
236 30 1
236 34 1
236 45 1
236 58 1
236 72 1
236 89 1
236 92 1
236 94 1
236 104 1
236 111 1
236 115 1
236 125 1
236 207 1
236 231 1
236 290 1
236 294 1
236 515 1
236 526 1
236 1052 1
236 1314 1
236 1376 1
236 1647 1
236 2197 1
236 2308 1
236 2866 1
240 15 1
240 18 1
240 34 1
240 89 1
240 104 1
240 489 1
240 881 1
241 22 1
245 6 1
245 15 1
245 16 1
245 18 1
245 22 1
245 24 1
245 26 1
245 37 1
245 42 1
245 46 1
245 89 1
245 115 1
245 136 1
245 190 1
245 231 1
245 257 1
245 294 1
245 299 1
245 340 1
245 369 1
245 443 1
245 733 1
245 888 1
245 1131 1
245 1188 1
245 5457 1
245 7154 1
257 2 1
257 8 1
257 9 1
257 12 1
257 18 1
257 22 1
257 26 1
257 34 1
257 37 1
257 58 1
257 72 1
257 89 1
257 111 1
257 207 1
257 280 1
257 286 1
257 302 1
257 312 1
257 315 1
257 358 1
257 474 1
257 489 1
257 506 1
257 515 1
257 529 1
257 548 1
257 561 1
257 582 1
257 624 1
257 735 1
257 803 1
257 854 1
257 903 1
257 932 1
257 1052 1
257 1063 1
257 1078 1
257 1192 1
257 1289 1
257 1376 1
257 1659 1
257 3691 1
257 4146 1
257 4176 1
258 15 1
258 16 1
258 18 1
258 45 1
258 71 1
258 123 1
258 126 1
258 280 1
258 286 1
258 315 1
258 438 1
258 474 1
258 489 1
258 1793 1
271 6 1
271 15 1
271 26 1
271 72 1
271 94 1
271 125 1
271 653 1
271 854 1
271 979 1
271 1172 1
271 1339 1
280 18 1
280 68 1
280 312 1
280 526 1
286 6 1
286 12 1
286 15 1
286 18 1
286 19 1
286 22 1
286 30 1
286 41 1
286 69 1
286 71 1
286 72 1
286 89 1
286 94 1
286 111 1
286 123 1
286 136 1
286 186 1
286 190 1
286 315 1
286 561 1
286 624 1
286 631 1
286 725 1
286 765 1
286 844 1
286 903 1
286 932 1
286 1052 1
286 1078 1
286 1089 1
286 1166 1
286 1326 1
286 1354 1
286 1376 1
286 2303 1
286 2308 1
286 2462 1
286 2517 1
286 2554 1
286 3261 1
286 4065 1
286 4330 1
286 4437 1
286 4714 1
286 5518 1
286 6362 1
290 2 1
290 6 1
290 12 1
290 15 1
290 16 1
290 18 1
290 22 1
290 26 1
290 30 1
290 41 1
290 42 1
290 46 1
290 58 1
290 60 1
290 68 1
290 89 1
290 94 1
290 111 1
290 115 1
290 125 1
290 197 1
290 236 1
290 280 1
290 286 1
290 312 1
290 358 1
290 456 1
290 494 1
290 633 1
290 733 1
290 908 1
290 1131 1
290 1339 1
290 1659 1
290 1889 1
290 1955 1
290 2966 1
290 4644 1
294 6 1
294 8 1
294 12 1
294 15 1
294 26 1
294 34 1
294 42 1
294 45 1
294 58 1
294 71 1
294 111 1
294 120 1
294 136 1
294 257 1
294 286 1
294 371 1
294 443 1
294 474 1
294 489 1
294 529 1
294 633 1
294 1120 1
294 1172 1
294 1295 1
294 1326 1
294 1554 1
294 4435 1
294 6376 1
299 15 1
299 16 1
299 18 1
299 22 1
299 28 1
299 34 1
299 45 1
299 46 1
299 47 1
299 104 1
299 111 1
299 115 1
299 123 1
299 236 1
299 257 1
299 280 1
299 286 1
299 290 1
299 315 1
299 340 1
299 358 1
299 369 1
299 932 1
299 1339 1
299 1561 1
299 2554 1
299 2674 1
299 3552 1
299 3750 1
302 2 1
302 8 1
302 12 1
302 15 1
302 16 1
302 22 1
302 26 1
302 37 1
302 71 1
302 92 1
302 115 1
302 119 1
302 120 1
302 125 1
302 126 1
302 190 1
302 207 1
302 227 1
302 257 1
302 286 1
302 299 1
302 434 1
302 438 1
302 474 1
302 489 1
302 1052 1
302 1172 1
302 1339 1
302 1398 1
302 2303 1
302 2566 1
302 2653 1
302 7419 1
307 6 1
307 9 1
307 15 1
307 16 1
307 26 1
307 34 1
307 68 1
307 71 1
307 89 1
307 120 1
307 124 1
307 125 1
307 136 1
307 290 1
307 369 1
307 371 1
307 735 1
307 801 1
307 879 1
307 942 1
307 1120 1
307 1659 1
307 2609 1
307 4175 1
312 2 1
312 6 1
312 15 1
312 16 1
312 19 1
312 26 1
312 28 1
312 37 1
312 45 1
312 46 1
312 58 1
312 89 1
312 115 1
312 123 1
312 125 1
312 136 1
312 231 1
312 271 1
312 333 1
312 348 1
312 474 1
312 522 1
312 526 1
312 695 1
312 1131 1
312 1172 1
312 1289 1
312 3166 1
312 3750 1
312 6068 1
315 6 1
315 15 1
315 16 1
315 18 1
315 22 1
315 26 1
315 28 1
315 42 1
315 45 1
315 68 1
315 71 1
315 89 1
315 94 1
315 104 1
315 120 1
315 124 1
315 125 1
315 152 1
315 207 1
315 348 1
315 358 1
315 435 1
315 474 1
315 1561 1
315 1879 1
315 4818 1
320 6 1
320 16 1
320 22 1
320 26 1
320 340 1
322 8 1
322 15 1
322 22 1
322 125 1
322 299 1
322 508 1
333 6 1
333 12 1
333 15 1
333 22 1
333 37 1
333 42 1
333 46 1
333 94 1
333 120 1
333 125 1
333 126 1
333 197 1
333 226 1
333 231 1
333 236 1
333 312 1
333 340 1
333 358 1
333 438 1
333 443 1
333 1063 1
333 1166 1
333 1276 1
333 2048 1
337 15 1
337 30 1
337 514 1
337 735 1
337 854 1
340 15 1
340 16 1
340 22 1
340 30 1
340 47 1
340 71 1
340 74 1
340 99 1
340 120 1
340 125 1
340 190 1
340 231 1
340 240 1
340 312 1
340 315 1
340 474 1
340 508 1
340 530 1
340 685 1
340 881 1
340 1172 1
340 1289 1
340 1554 1
342 18 1
342 72 1
342 207 1
342 245 1
342 474 1
342 844 1
342 6226 1
348 15 1
348 18 1
348 26 1
348 30 1
348 71 1
348 94 1
348 286 1
348 312 1
348 315 1
348 371 1
348 474 1
348 526 1
348 695 1
348 1063 1
348 1188 1
348 1341 1
358 6 1
358 16 1
358 18 1
358 22 1
358 26 1
358 30 1
358 45 1
358 47 1
358 69 1
358 111 1
358 123 1
358 286 1
358 299 1
358 312 1
358 474 1
358 508 1
358 854 1
358 1063 1
358 1376 1
358 1879 1
361 18 1
361 22 1
361 26 1
361 286 1
361 1131 1
369 16 1
369 26 1
369 74 1
369 89 1
369 4843 1
371 6 1
371 15 1
371 16 1
371 18 1
371 22 1
371 26 1
371 41 1
371 45 1
371 68 1
371 111 1
371 123 1
371 257 1
371 271 1
371 280 1
371 294 1
371 302 1
371 340 1
371 434 1
371 1172 1
371 1554 1
371 3552 1
371 6673 1
398 15 1
398 16 1
398 26 1
398 28 1
398 37 1
398 46 1
398 47 1
398 94 1
398 120 1
398 226 1
398 257 1
398 280 1
398 1052 1
398 1078 1
434 15 1
434 26 1
434 68 1
434 294 1
434 508 1
434 1172 1
435 2 1
435 9 1
435 15 1
435 18 1
435 46 1
435 68 1
435 104 1
435 115 1
435 844 1
438 6 1
438 12 1
438 15 1
438 18 1
438 22 1
438 26 1
438 30 1
438 34 1
438 37 1
438 45 1
438 69 1
438 71 1
438 74 1
438 92 1
438 115 1
438 124 1
438 271 1
438 280 1
438 302 1
438 307 1
438 348 1
438 371 1
438 506 1
438 548 1
438 561 1
438 685 1
438 932 1
438 1078 1
438 1355 1
438 1659 1
438 2467 1
443 12 1
443 15 1
443 18 1
443 28 1
443 45 1
443 46 1
443 68 1
443 71 1
443 89 1
443 115 1
443 120 1
443 152 1
443 197 1
443 207 1
443 257 1
443 290 1
443 312 1
443 315 1
443 1172 1
443 1345 1
443 2612 1
443 3261 1
456 15 1
456 22 1
456 26 1
456 28 1
456 72 1
456 123 1
456 125 1
456 803 1
456 1276 1
456 3750 1
456 5750 1
474 2 1
474 6 1
474 12 1
474 15 1
474 25 1
474 34 1
474 41 1
474 46 1
474 58 1
474 69 1
474 71 1
474 89 1
474 104 1
474 115 1
474 125 1
474 147 1
474 191 1
474 227 1
474 231 1
474 280 1
474 286 1
474 299 1
474 315 1
474 333 1
474 358 1
474 438 1
474 456 1
474 508 1
474 530 1
474 548 1
474 623 1
474 624 1
474 685 1
474 735 1
474 838 1
474 879 1
474 886 1
474 903 1
474 1052 1
474 1078 1
474 1085 1
474 1089 1
474 1167 1
474 1293 1
474 1295 1
474 1659 1
474 1986 1
474 2303 1
474 2674 1
474 3301 1
474 3552 1
474 5921 1
478 15 1
478 18 1
478 22 1
478 37 1
478 69 1
478 94 1
478 474 1
478 844 1
489 26 1
489 37 1
489 45 1
489 68 1
489 94 1
489 231 1
489 844 1
489 1052 1
489 1078 1
489 1131 1
489 1345 1
494 22 1
494 34 1
494 94 1
494 280 1
494 337 1
506 2 1
506 15 1
506 22 1
506 26 1
506 45 1
506 72 1
506 89 1
506 94 1
506 115 1
506 123 1
506 147 1
506 231 1
506 286 1
506 443 1
506 530 1
506 903 1
506 922 1
506 1063 1
506 1276 1
506 2197 1
506 5007 1
508 15 1
508 16 1
508 22 1
508 26 1
508 45 1
508 58 1
508 94 1
508 104 1
508 125 1
508 361 1
508 733 1
514 15 1
514 18 1
514 28 1
514 92 1
514 104 1
514 115 1
514 120 1
514 123 1
514 124 1
514 245 1
514 340 1
514 474 1
514 489 1
514 801 1
514 1339 1
514 2299 1
514 2405 1
514 2597 1
515 22 1
515 37 1
515 438 1
522 15 1
522 18 1
522 22 1
522 111 1
522 120 1
522 136 1
522 358 1
522 456 1
522 530 1
522 1167 1
526 6 1
526 15 1
526 16 1
526 18 1
526 22 1
526 25 1
526 26 1
526 28 1
526 37 1
526 42 1
526 46 1
526 89 1
526 94 1
526 104 1
526 111 1
526 115 1
526 123 1
526 124 1
526 152 1
526 236 1
526 257 1
526 474 1
526 529 1
526 624 1
526 903 1
526 908 1
526 932 1
526 1131 1
526 1276 1
526 2554 1
526 4435 1
529 2 1
529 15 1
529 16 1
529 18 1
529 42 1
529 58 1
529 68 1
529 69 1
529 125 1
529 207 1
529 434 1
529 443 1
529 7419 1
530 2 1
530 6 1
530 15 1
530 16 1
530 18 1
530 26 1
530 45 1
530 58 1
530 111 1
530 120 1
530 358 1
530 624 1
530 735 1
530 2182 1
532 22 1
532 26 1
532 37 1
532 125 1
532 879 1
532 1131 1
532 1172 1
533 15 1
533 41 1
533 45 1
540 6 1
540 15 1
540 19 1
540 22 1
540 26 1
540 147 1
540 299 1
540 438 1
548 15 1
548 18 1
548 89 1
548 226 1
548 348 1
548 4714 1
561 6 1
561 8 1
561 15 1
561 18 1
561 22 1
561 26 1
561 28 1
561 37 1
561 45 1
561 72 1
561 74 1
561 89 1
561 94 1
561 120 1
561 136 1
561 147 1
561 197 1
561 207 1
561 212 1
561 322 1
561 348 1
561 456 1
561 532 1
561 735 1
561 765 1
561 844 1
561 1052 1
561 1293 1
561 1355 1
561 2299 1
561 2966 1
561 4102 1
582 2 1
582 6 1
582 15 1
582 16 1
582 18 1
582 22 1
582 26 1
582 28 1
582 33 1
582 37 1
582 41 1
582 42 1
582 45 1
582 71 1
582 89 1
582 94 1
582 124 1
582 125 1
582 139 1
582 147 1
582 152 1
582 236 1
582 257 1
582 271 1
582 290 1
582 299 1
582 333 1
582 340 1
582 371 1
582 434 1
582 438 1
582 474 1
582 514 1
582 515 1
582 530 1
582 540 1
582 801 1
582 854 1
582 1182 1
582 1592 1
582 2299 1
582 2866 1
582 5406 1
612 18 1
612 45 1
612 46 1
612 58 1
612 294 1
612 1131 1
623 26 1
623 111 1
623 115 1
624 12 1
624 18 1
624 22 1
624 26 1
624 43 1
624 46 1
624 58 1
624 71 1
624 89 1
624 104 1
624 120 1
624 123 1
624 231 1
624 286 1
624 340 1
624 358 1
624 443 1
624 2299 1
624 3163 1
624 3691 1
624 4820 1
631 16 1
631 37 1
633 9 1
633 26 1
633 30 1
633 41 1
633 1052 1
633 2592 1
653 25 1
653 28 1
653 30 1
653 45 1
653 58 1
653 68 1
653 120 1
653 125 1
653 245 1
653 358 1
653 529 1
653 561 1
653 624 1
653 844 1
653 2308 1
685 6 1
685 12 1
685 15 1
685 16 1
685 18 1
685 22 1
685 26 1
685 41 1
685 46 1
685 58 1
685 104 1
685 111 1
685 115 1
685 207 1
685 257 1
685 1345 1
685 3552 1
695 30 1
695 45 1
695 72 1
695 704 1
695 2467 1
704 18 1
704 22 1
704 45 1
714 37 1
714 45 1
718 6 1
725 6 1
725 12 1
725 15 1
725 18 1
725 22 1
725 26 1
725 45 1
725 46 1
725 47 1
725 71 1
725 94 1
725 186 1
725 190 1
725 197 1
725 245 1
725 280 1
725 438 1
725 443 1
725 474 1
725 979 1
725 1889 1
725 2299 1
725 2554 1
733 6 1
733 15 1
733 16 1
733 26 1
733 45 1
733 125 1
733 294 1
735 6 1
735 16 1
735 18 1
735 22 1
735 26 1
735 68 1
735 71 1
735 89 1
735 94 1
735 104 1
735 236 1
735 286 1
735 508 1
765 6 1
765 18 1
765 22 1
765 34 1
765 190 1
765 474 1
765 844 1
765 1052 1
801 16 1
801 18 1
801 26 1
801 34 1
801 37 1
801 46 1
801 68 1
801 152 1
801 190 1
801 290 1
801 294 1
801 474 1
801 612 1
801 844 1
803 2 1
803 18 1
803 25 1
803 26 1
803 41 1
803 45 1
803 89 1
803 533 1
803 1131 1
838 6 1
838 12 1
838 15 1
838 16 1
838 22 1
838 41 1
838 115 1
838 125 1
838 290 1
838 294 1
838 299 1
838 333 1
838 340 1
838 474 1
838 735 1
844 12 1
844 15 1
844 18 1
844 22 1
844 26 1
844 34 1
844 42 1
844 47 1
844 68 1
844 89 1
844 94 1
844 111 1
844 120 1
844 186 1
844 227 1
844 280 1
844 286 1
844 299 1
844 320 1
844 322 1
844 337 1
844 435 1
844 526 1
844 695 1
844 838 1
844 3375 1
844 3952 1
854 8 1
854 15 1
854 22 1
854 26 1
854 123 1
854 125 1
854 340 1
854 530 1
879 12 1
879 15 1
879 22 1
879 26 1
879 58 1
879 74 1
879 94 1
879 139 1
879 290 1
879 312 1
879 322 1
879 371 1
879 526 1
879 530 1
879 623 1
879 1063 1
879 1326 1
879 1398 1
881 12 1
881 16 1
881 45 1
881 3552 1
881 3731 1
886 115 1
886 474 1
888 18 1
888 22 1
888 42 1
888 71 1
888 120 1
888 124 1
888 147 1
888 294 1
892 18 1
892 26 1
892 34 1
892 45 1
903 2 1
903 6 1
903 15 1
903 71 1
903 125 1
903 290 1
903 312 1
903 1345 1
908 6 1
908 8 1
908 12 1
908 18 1
908 22 1
908 26 1
908 94 1
908 120 1
908 371 1
908 474 1
908 3552 1
922 22 1
932 6 1
932 15 1
932 26 1
932 120 1
932 257 1
932 299 1
932 733 1
932 903 1
932 1052 1
932 1063 1
932 1339 1
932 1889 1
942 15 1
942 190 1
942 312 1
942 529 1
952 15 1
979 18 1
979 26 1
979 489 1
1030 68 1
1030 115 1
1052 2 1
1052 6 1
1052 15 1
1052 18 1
1052 22 1
1052 37 1
1052 68 1
1052 69 1
1052 72 1
1052 111 1
1052 126 1
1052 152 1
1052 348 1
1052 371 1
1052 474 1
1052 582 1
1052 725 1
1052 1339 1
1063 6 1
1063 15 1
1063 18 1
1063 22 1
1063 26 1
1063 28 1
1063 37 1
1063 41 1
1063 42 1
1063 71 1
1063 94 1
1063 123 1
1063 124 1
1063 257 1
1063 290 1
1063 371 1
1063 474 1
1063 1289 1
1063 2197 1
1063 4102 1
1078 18 1
1078 115 1
1085 37 1
1085 58 1
1085 71 1
1085 111 1
1085 286 1
1085 1131 1
1089 22 1
1089 26 1
1089 46 1
1089 68 1
1089 71 1
1089 125 1
1089 258 1
1089 290 1
1089 299 1
1089 312 1
1089 1172 1
1089 2573 1
1120 2 1
1120 6 1
1120 18 1
1120 45 1
1120 94 1
1120 125 1
1120 844 1
1120 4146 1
1131 12 1
1131 15 1
1131 18 1
1131 22 1
1131 26 1
1131 28 1
1131 45 1
1131 46 1
1131 58 1
1131 68 1
1131 72 1
1131 89 1
1131 94 1
1131 111 1
1131 136 1
1131 231 1
1131 236 1
1131 271 1
1131 299 1
1131 489 1
1131 506 1
1131 561 1
1131 854 1
1131 886 1
1131 1285 1
1131 1559 1
1166 45 1
1166 69 1
1166 125 1
1167 15 1
1167 22 1
1167 28 1
1167 286 1
1167 1063 1
1167 1659 1
1172 12 1
1172 18 1
1172 26 1
1172 34 1
1172 41 1
1172 71 1
1172 94 1
1172 123 1
1172 443 1
1172 474 1
1172 1592 1
1182 2 1
1182 22 1
1182 245 1
1182 315 1
1182 1085 1
1188 18 1
1188 68 1
1188 69 1
1188 89 1
1188 6263 1
1192 12 1
1192 19 1
1192 22 1
1192 28 1
1192 34 1
1192 71 1
1192 89 1
1192 125 1
1192 245 1
1192 337 1
1192 474 1
1228 18 1
1228 45 1
1270 6 1
1276 18 1
1276 22 1
1276 26 1
1276 71 1
1276 115 1
1276 125 1
1276 197 1
1276 340 1
1276 633 1
1276 733 1
1276 4146 1
1285 22 1
1285 190 1
1285 369 1
1285 1052 1
1289 18 1
1289 22 1
1289 26 1
1289 28 1
1289 34 1
1289 46 1
1289 68 1
1289 286 1
1289 290 1
1289 312 1
1293 6 1
1293 28 1
1293 37 1
1293 45 1
1293 123 1
1295 18 1
1295 26 1
1295 71 1
1314 15 1
1314 115 1
1314 443 1
1326 2 1
1326 15 1
1326 26 1
1326 37 1
1326 47 1
1326 72 1
1326 5533 1
1326 6263 1
1339 2 1
1339 15 1
1339 22 1
1339 26 1
1339 41 1
1339 42 1
1339 68 1
1339 72 1
1339 115 1
1339 123 1
1339 435 1
1339 456 1
1339 1182 1
1341 2 1
1341 12 1
1341 15 1
1341 18 1
1341 72 1
1341 104 1
1341 115 1
1341 240 1
1341 286 1
1341 561 1
1345 2 1
1345 12 1
1345 16 1
1345 26 1
1354 2 1
1355 2 1
1355 34 1
1355 89 1
1355 92 1
1355 111 1
1355 212 1
1355 257 1
1355 474 1
1355 695 1
1355 1172 1
1355 5024 1
1376 12 1
1376 15 1
1376 18 1
1376 26 1
1376 68 1
1376 72 1
1376 89 1
1376 104 1
1376 280 1
1376 514 1
1376 765 1
1376 1052 1
1376 1289 1
1376 3731 1
1398 15 1
1469 15 1
1510 12 1
1510 16 1
1510 22 1
1510 26 1
1510 42 1
1510 89 1
1510 104 1
1510 245 1
1510 1376 1
1554 18 1
1554 22 1
1554 37 1
1554 42 1
1554 71 1
1554 89 1
1554 123 1
1554 315 1
1554 529 1
1554 725 1
1559 18 1
1559 28 1
1559 58 1
1559 474 1
1561 2 1
1561 15 1
1561 28 1
1561 94 1
1561 271 1
1561 438 1
1592 15 1
1592 631 1
1592 2738 1
1603 18 1
1603 136 1
1617 16 1
1617 18 1
1617 22 1
1617 71 1
1617 207 1
1617 474 1
1647 15 1
1647 16 1
1659 15 1
1659 26 1
1659 28 1
1659 290 1
1659 478 1
1659 879 1
1659 932 1
1676 522 1
1720 111 1
1720 280 1
1738 16 1
1793 15 1
1793 16 1
1793 22 1
1793 115 1
1793 342 1
1816 15 1
1816 16 1
1816 28 1
1879 2 1
1879 94 1
1879 456 1
1879 1188 1
1889 15 1
1889 22 1
1889 37 1
1889 41 1
1889 68 1
1889 69 1
1889 123 1
1889 294 1
1889 1120 1
1889 1167 1
1955 6 1
1955 12 1
1986 22 1
2040 22 1
2048 16 1
2048 18 1
2048 22 1
2048 68 1
2048 72 1
2048 881 1
2096 18 1
2096 26 1
2096 46 1
2096 125 1
2140 18 1
2140 22 1
2140 26 1
2140 94 1
2140 725 1
2141 2517 1
2182 18 1
2182 123 1
2197 26 1
2197 43 1
2197 286 1
2299 16 1
2299 18 1
2299 58 1
2299 68 1
2299 89 1
2299 196 1
2299 340 1
2299 2096 1
2299 6703 1
2303 15 1
2303 16 1
2303 18 1
2303 104 1
2303 115 1
2303 371 1
2305 561 1
2308 22 1
2308 26 1
2308 34 1
2308 41 1
2308 71 1
2308 280 1
2308 302 1
2308 494 1
2308 2303 1
2308 5280 1
2308 7017 1
2343 207 1
2405 15 1
2405 16 1
2405 18 1
2405 28 1
2405 68 1
2405 257 1
2462 15 1
2467 22 1
2467 123 1
2467 340 1
2467 474 1
2467 5921 1
2490 2 1
2490 16 1
2490 312 1
2490 369 1
2490 5921 1
2517 89 1
2554 6 1
2554 12 1
2554 26 1
2554 72 1
2554 147 1
2554 257 1
2554 2303 1
2566 16 1
2573 16 1
2573 28 1
2573 1172 1
2592 16 1
2592 18 1
2592 104 1
2592 286 1
2592 1720 1
2597 89 1
2609 6 1
2609 26 1
2609 299 1
2609 474 1
2609 561 1
2612 26 1
2612 733 1
2653 2 1
2674 15 1
2674 16 1
2674 22 1
2674 41 1
2674 72 1
2674 123 1
2682 6 1
2682 25 1
2682 120 1
2738 15 1
2738 26 1
2738 123 1
2738 474 1
2763 26 1
2763 89 1
2763 257 1
2866 6 1
2866 26 1
2866 119 1
2966 22 1
2966 478 1
3108 68 1
3108 71 1
3163 15 1
3163 18 1
3163 514 1
3166 15 1
3166 18 1
3166 28 1
3261 16 1
3261 18 1
3261 526 1
3301 18 1
3480 37 1
3552 8 1
3552 15 1
3552 18 1
3552 22 1
3552 111 1
3596 22 1
3596 26 1
3596 42 1
3596 43 1
3596 123 1
3606 15 1
3606 68 1
3607 2 1
3607 16 1
3691 16 1
3691 104 1
3691 908 1
3731 15 1
3731 22 1
3731 119 1
3731 506 1
3750 15 1
3750 22 1
3750 26 1
3750 69 1
3750 125 1
3750 190 1
3750 474 1
3750 526 1
3815 16 1
3815 2308 1
3829 15 1
3857 15 1
3857 207 1
3857 348 1
3857 1131 1
3877 94 1
3878 2 1
3878 30 1
3952 299 1
3963 22 1
3963 89 1
3963 111 1
3963 115 1
4065 22 1
4065 26 1
4094 15 1
4102 37 1
4102 89 1
4102 1720 1
4102 5938 1
4146 15 1
4146 18 1
4146 43 1
4146 245 1
4146 1289 1
4166 123 1
4175 16 1
4176 68 1
4330 28 1
4402 46 1
4435 2 1
4437 15 1
4437 16 1
4549 15 1
4549 45 1
4549 94 1
4644 42 1
4644 733 1
4714 22 1
4714 68 1
4714 71 1
4714 111 1
4714 115 1
4714 312 1
4818 69 1
4818 398 1
4820 28 1
4820 1955 1
4827 4643 1
4843 104 1
4843 474 1
4868 37 1
4868 231 1
4868 245 1
4877 22 1
5007 6 1
5039 71 1
5101 89 1
5280 123 1
5280 125 1
5340 286 1
5406 15 1
5406 18 1
5406 26 1
5406 34 1
5406 68 1
5406 115 1
5406 190 1
5406 438 1
5406 456 1
5406 1293 1
5409 22 1
5449 22 1
5457 125 1
5480 22 1
5518 15 1
5518 561 1
5533 16 1
5533 18 1
5750 136 1
5921 15 1
5921 16 1
5921 18 1
5921 22 1
5921 120 1
5921 231 1
5921 474 1
5921 2763 1
5938 9 1
5938 26 1
5976 302 1
5987 371 1
6019 22 1
6068 41 1
6152 16 1
6152 22 1
6152 312 1
6226 104 1
6263 22 1
6263 26 1
6263 28 1
6263 190 1
6263 258 1
6362 26 1
6362 111 1
6376 299 1
6376 1879 1
6381 16 1
6598 932 1
6660 932 1
6673 15 1
6673 18 1
6673 45 1
6703 12 1
7143 15 1
7143 231 1
7154 22 1
7294 22 1
7340 526 1
7419 26 1
7452 26 1
7469 15 1
7683 16 1
