2 6 1
2 8 1
2 16 1
2 26 1
2 28 1
2 33 1
2 37 1
2 45 1
2 46 1
2 94 1
2 104 1
2 197 1
2 240 1
2 257 1
2 271 1
2 280 1
2 290 1
2 307 1
2 348 1
2 358 1
2 371 1
2 443 1
2 456 1
2 514 1
2 526 1
2 529 1
2 530 1
2 561 1
2 623 1
2 725 1
2 803 1
2 854 1
2 881 1
2 1052 1
2 1063 1
2 1120 1
2 1131 1
2 1289 1
2 1314 1
2 1554 1
2 1955 1
2 2096 1
2 2182 1
2 2517 1
2 2674 1
2 3731 1
6 2 1
6 8 1
6 9 1
6 12 1
6 15 1
6 19 1
6 26 1
6 28 1
6 37 1
6 41 1
6 42 1
6 45 1
6 68 1
6 69 1
6 71 1
6 72 1
6 92 1
6 104 1
6 111 1
6 120 1
6 147 1
6 152 1
6 186 1
6 191 1
6 245 1
6 257 1
6 258 1
6 271 1
6 280 1
6 290 1
6 294 1
6 299 1
6 320 1
6 322 1
6 348 1
6 358 1
6 435 1
6 438 1
6 443 1
6 456 1
6 474 1
6 506 1
6 522 1
6 526 1
6 530 1
6 548 1
6 561 1
6 695 1
6 725 1
6 733 1
6 801 1
6 838 1
6 844 1
6 888 1
6 908 1
6 932 1
6 1030 1
6 1120 1
6 1172 1
6 1326 1
6 1659 1
6 1720 1
6 1793 1
6 1889 1
6 2299 1
6 2303 1
6 2517 1
6 2738 1
6 3552 1
6 4065 1
6 4714 1
8 2 1
8 15 1
8 16 1
8 37 1
8 45 1
8 46 1
8 71 1
8 104 1
8 115 1
8 125 1
8 197 1
8 245 1
8 371 1
8 506 1
8 526 1
8 704 1
8 892 1
8 1355 1
8 2203 1
8 2612 1
8 4330 1
8 5449 1
9 6 1
9 15 1
9 16 1
9 22 1
9 45 1
9 68 1
9 104 1
9 120 1
9 190 1
9 191 1
9 294 1
9 299 1
9 434 1
9 548 1
9 695 1
9 854 1
9 1167 1
9 1172 1
9 2517 1
12 2 1
12 8 1
12 16 1
12 18 1
12 19 1
12 28 1
12 37 1
12 41 1
12 45 1
12 72 1
12 89 1
12 123 1
12 136 1
12 147 1
12 227 1
12 231 1
12 245 1
12 271 1
12 280 1
12 302 1
12 340 1
12 443 1
12 506 1
12 530 1
12 532 1
12 533 1
12 548 1
12 582 1
12 653 1
12 725 1
12 733 1
12 735 1
12 844 1
12 881 1
12 1052 1
12 1063 1
12 1314 1
12 1341 1
12 1592 1
12 1659 1
12 2197 1
12 2405 1
12 2517 1
12 3166 1
12 3750 1
12 5007 1
12 6068 1
15 2 1
15 6 1
15 8 1
15 12 1
15 18 1
15 19 1
15 26 1
15 28 1
15 41 1
15 45 1
15 46 1
15 68 1
15 72 1
15 89 1
15 94 1
15 104 1
15 111 1
15 136 1
15 147 1
15 152 1
15 186 1
15 190 1
15 196 1
15 207 1
15 212 1
15 236 1
15 245 1
15 271 1
15 290 1
15 294 1
15 312 1
15 315 1
15 342 1
15 348 1
15 358 1
15 371 1
15 438 1
15 443 1
15 456 1
15 478 1
15 508 1
15 530 1
15 533 1
15 685 1
15 735 1
15 838 1
15 879 1
15 903 1
15 922 1
15 1063 1
15 1192 1
15 1289 1
15 1293 1
15 1339 1
15 1376 1
15 1617 1
15 1889 1
15 2040 1
15 2048 1
15 2299 1
15 2405 1
15 2462 1
15 2467 1
15 3261 1
15 3552 1
15 3691 1
15 3952 1
15 5406 1
15 5921 1
16 6 1
16 8 1
16 12 1
16 15 1
16 18 1
16 19 1
16 25 1
16 26 1
16 30 1
16 34 1
16 37 1
16 41 1
16 42 1
16 45 1
16 46 1
16 47 1
16 68 1
16 71 1
16 72 1
16 89 1
16 99 1
16 104 1
16 111 1
16 115 1
16 120 1
16 125 1
16 136 1
16 139 1
16 152 1
16 186 1
16 190 1
16 207 1
16 212 1
16 226 1
16 227 1
16 231 1
16 236 1
16 241 1
16 257 1
16 258 1
16 280 1
16 290 1
16 302 1
16 312 1
16 315 1
16 320 1
16 340 1
16 342 1
16 348 1
16 358 1
16 371 1
16 438 1
16 443 1
16 456 1
16 478 1
16 489 1
16 508 1
16 514 1
16 522 1
16 529 1
16 530 1
16 533 1
16 540 1
16 561 1
16 623 1
16 624 1
16 633 1
16 653 1
16 714 1
16 718 1
16 725 1
16 765 1
16 803 1
16 838 1
16 844 1
16 854 1
16 886 1
16 903 1
16 942 1
16 1052 1
16 1063 1
16 1089 1
16 1131 1
16 1182 1
16 1188 1
16 1276 1
16 1285 1
16 1289 1
16 1293 1
16 1295 1
16 1336 1
16 1341 1
16 1345 1
16 1354 1
16 1355 1
16 1376 1
16 1398 1
16 1554 1
16 1738 1
16 1889 1
16 2182 1
16 2197 1
16 2405 1
16 2467 1
16 2517 1
16 2554 1
16 2573 1
16 2653 1
16 2674 1
16 2738 1
16 2763 1
16 2966 1
16 3108 1
16 3163 1
16 3166 1
16 3375 1
16 3481 1
16 3552 1
16 3596 1
16 3606 1
16 3750 1
16 3950 1
16 4094 1
16 4102 1
16 4269 1
16 4330 1
16 4437 1
16 4714 1
16 4843 1
16 4868 1
16 5024 1
16 5518 1
16 5750 1
16 5938 1
16 6226 1
16 6362 1
16 7017 1
16 7294 1
16 7683 1
18 2 1
18 6 1
18 8 1
18 9 1
18 12 1
18 15 1
18 19 1
18 22 1
18 25 1
18 26 1
18 28 1
18 34 1
18 37 1
18 41 1
18 43 1
18 45 1
18 46 1
18 60 1
18 68 1
18 69 1
18 71 1
18 72 1
18 74 1
18 94 1
18 104 1
18 111 1
18 120 1
18 123 1
18 124 1
18 125 1
18 126 1
18 152 1
18 191 1
18 196 1
18 207 1
18 212 1
18 227 1
18 231 1
18 236 1
18 240 1
18 257 1
18 258 1
18 290 1
18 294 1
18 299 1
18 312 1
18 315 1
18 322 1
18 333 1
18 337 1
18 340 1
18 348 1
18 358 1
18 369 1
18 434 1
18 435 1
18 438 1
18 456 1
18 474 1
18 489 1
18 494 1
18 506 1
18 508 1
18 514 1
18 526 1
18 529 1
18 530 1
18 548 1
18 624 1
18 631 1
18 653 1
18 704 1
18 733 1
18 735 1
18 765 1
18 801 1
18 803 1
18 838 1
18 844 1
18 854 1
18 881 1
18 908 1
18 932 1
18 979 1
18 1052 1
18 1078 1
18 1089 1
18 1120 1
18 1172 1
18 1228 1
18 1339 1
18 1345 1
18 1355 1
18 1376 1
18 1554 1
18 1738 1
18 1816 1
18 2096 1
18 2299 1
18 2462 1
18 2467 1
18 2517 1
18 2554 1
18 2609 1
18 2674 1
18 2738 1
18 3261 1
18 3691 1
18 3750 1
18 3952 1
18 3963 1
18 4065 1
18 4402 1
18 5533 1
18 7419 1
18 7469 1
19 22 1
19 26 1
19 68 1
19 104 1
19 111 1
19 257 1
22 6 1
22 8 1
22 12 1
22 15 1
22 16 1
22 18 1
22 19 1
22 24 1
22 26 1
22 28 1
22 30 1
22 33 1
22 37 1
22 42 1
22 43 1
22 45 1
22 46 1
22 58 1
22 69 1
22 71 1
22 72 1
22 89 1
22 91 1
22 94 1
22 104 1
22 111 1
22 115 1
22 119 1
22 123 1
22 124 1
22 125 1
22 126 1
22 136 1
22 139 1
22 147 1
22 152 1
22 190 1
22 197 1
22 207 1
22 227 1
22 231 1
22 236 1
22 257 1
22 271 1
22 280 1
22 299 1
22 315 1
22 320 1
22 322 1
22 337 1
22 348 1
22 358 1
22 361 1
22 371 1
22 434 1
22 435 1
22 456 1
22 494 1
22 506 1
22 508 1
22 514 1
22 515 1
22 522 1
22 526 1
22 529 1
22 530 1
22 548 1
22 561 1
22 623 1
22 624 1
22 633 1
22 685 1
22 695 1
22 704 1
22 725 1
22 733 1
22 735 1
22 765 1
22 838 1
22 844 1
22 854 1
22 879 1
22 881 1
22 886 1
22 892 1
22 903 1
22 922 1
22 932 1
22 1052 1
22 1063 1
22 1078 1
22 1131 1
22 1167 1
22 1172 1
22 1182 1
22 1192 1
22 1276 1
22 1285 1
22 1289 1
22 1293 1
22 1295 1
22 1336 1
22 1339 1
22 1341 1
22 1345 1
22 1376 1
22 1554 1
22 1592 1
22 1659 1
22 1676 1
22 1720 1
22 1816 1
22 1889 1
22 1955 1
22 2048 1
22 2096 1
22 2303 1
22 2305 1
22 2405 1
22 2462 1
22 2467 1
22 2490 1
22 2517 1
22 2554 1
22 2597 1
22 2609 1
22 2612 1
22 2674 1
22 2682 1
22 2763 1
22 2866 1
22 3108 1
22 3166 1
22 3261 1
22 3301 1
22 3375 1
22 3552 1
22 3857 1
22 3877 1
22 3952 1
22 4094 1
22 4175 1
22 4269 1
22 4402 1
22 4435 1
22 4549 1
22 4714 1
22 5024 1
22 5039 1
22 5227 1
22 5280 1
22 5406 1
22 5533 1
22 5750 1
22 5866 1
24 9 1
24 68 1
24 71 1
24 212 1
24 258 1
24 340 1
24 529 1
24 725 1
25 6 1
25 12 1
25 15 1
25 16 1
25 18 1
25 41 1
25 42 1
25 58 1
25 69 1
25 71 1
25 72 1
25 89 1
25 190 1
25 197 1
25 240 1
25 474 1
25 844 1
25 2048 1
26 8 1
26 9 1
26 12 1
26 28 1
26 30 1
26 34 1
26 37 1
26 41 1
26 42 1
26 46 1
26 60 1
26 68 1
26 71 1
26 72 1
26 89 1
26 94 1
26 104 1
26 123 1
26 124 1
26 125 1
26 197 1
26 212 1
26 226 1
26 227 1
26 231 1
26 236 1
26 245 1
26 257 1
26 271 1
26 294 1
26 299 1
26 312 1
26 315 1
26 320 1
26 340 1
26 348 1
26 438 1
26 456 1
26 474 1
26 478 1
26 506 1
26 515 1
26 526 1
26 530 1
26 540 1
26 561 1
26 624 1
26 685 1
26 714 1
26 733 1
26 765 1
26 844 1
26 903 1
26 922 1
26 932 1
26 1052 1
26 1063 1
26 1089 1
26 1131 1
26 1188 1
26 1192 1
26 1276 1
26 1285 1
26 1293 1
26 1355 1
26 1510 1
26 1554 1
26 1561 1
26 1659 1
26 1955 1
26 2197 1
26 2405 1
26 2763 1
26 3552 1
26 3815 1
26 3963 1
26 4402 1
26 4644 1
26 4843 1
26 5039 1
26 5406 1
28 6 1
28 12 1
28 15 1
28 16 1
28 18 1
28 26 1
28 30 1
28 42 1
28 43 1
28 45 1
28 46 1
28 58 1
28 68 1
28 71 1
28 72 1
28 89 1
28 92 1
28 94 1
28 104 1
28 111 1
28 115 1
28 119 1
28 120 1
28 125 1
28 136 1
28 147 1
28 190 1
28 197 1
28 212 1
28 231 1
28 257 1
28 280 1
28 286 1
28 294 1
28 299 1
28 302 1
28 307 1
28 312 1
28 315 1
28 320 1
28 340 1
28 348 1
28 358 1
28 371 1
28 435 1
28 456 1
28 474 1
28 506 1
28 508 1
28 530 1
28 561 1
28 633 1
28 695 1
28 704 1
28 886 1
28 903 1
28 979 1
28 1052 1
28 1085 1
28 1089 1
28 1120 1
28 1131 1
28 1172 1
28 1182 1
28 1188 1
28 1192 1
28 1289 1
28 1293 1
28 1339 1
28 1341 1
28 1355 1
28 1659 1
28 1879 1
28 2305 1
28 2462 1
28 2517 1
28 2554 1
28 2573 1
28 2653 1
28 2674 1
28 3261 1
28 4818 1
28 6263 1
30 6 1
30 9 1
30 15 1
30 18 1
30 22 1
30 25 1
30 26 1
30 34 1
30 37 1
30 43 1
30 45 1
30 46 1
30 60 1
30 68 1
30 71 1
30 89 1
30 104 1
30 111 1
30 120 1
30 136 1
30 147 1
30 190 1
30 207 1
30 231 1
30 257 1
30 290 1
30 340 1
30 371 1
30 443 1
30 529 1
30 530 1
30 548 1
30 854 1
30 892 1
30 1052 1
30 1089 1
30 1172 1
30 1182 1
30 1314 1
30 1326 1
30 1339 1
30 1376 1
30 1398 1
30 1816 1
30 1879 1
30 2467 1
30 2674 1
30 2738 1
30 3552 1
30 5518 1
30 6381 1
33 18 1
33 71 1
34 15 1
34 16 1
34 18 1
34 24 1
34 25 1
34 26 1
34 28 1
34 68 1
34 92 1
34 120 1
34 123 1
34 125 1
34 196 1
34 207 1
34 245 1
34 257 1
34 258 1
34 286 1
34 299 1
34 312 1
34 315 1
34 337 1
34 348 1
34 435 1
34 506 1
34 735 1
34 844 1
34 932 1
34 1052 1
34 1063 1
34 1131 1
34 1167 1
34 1172 1
34 1289 1
34 1326 1
34 1376 1
34 1554 1
34 2299 1
34 2467 1
34 4102 1
34 4843 1
34 5406 1
34 5921 1
37 6 1
37 8 1
37 12 1
37 15 1
37 16 1
37 18 1
37 22 1
37 26 1
37 28 1
37 45 1
37 46 1
37 47 1
37 58 1
37 68 1
37 89 1
37 115 1
37 120 1
37 123 1
37 125 1
37 147 1
37 190 1
37 212 1
37 231 1
37 240 1
37 271 1
37 280 1
37 290 1
37 302 1
37 333 1
37 358 1
37 474 1
37 506 1
37 508 1
37 765 1
37 801 1
37 844 1
37 932 1
37 1120 1
37 1172 1
37 1289 1
37 1326 1
37 1339 1
37 1376 1
37 1793 1
37 1879 1
37 3166 1
37 3952 1
37 3963 1
37 4146 1
41 6 1
41 16 1
41 22 1
41 26 1
41 28 1
41 43 1
41 46 1
41 94 1
41 111 1
41 115 1
41 120 1
41 126 1
41 136 1
41 186 1
41 190 1
41 257 1
41 286 1
41 312 1
41 337 1
41 358 1
41 369 1
41 438 1
41 526 1
41 529 1
41 532 1
41 704 1
41 1131 1
41 1167 1
41 1289 1
41 1339 1
41 2096 1
42 2 1
42 15 1
42 18 1
42 19 1
42 28 1
42 37 1
42 58 1
42 89 1
42 111 1
42 119 1
42 124 1
42 147 1
42 190 1
42 312 1
42 322 1
42 333 1
42 371 1
42 438 1
42 443 1
42 624 1
42 1326 1
42 1339 1
42 1341 1
42 2405 1
42 2738 1
42 6263 1
43 2 1
43 12 1
43 15 1
43 16 1
43 25 1
43 42 1
43 45 1
43 68 1
43 71 1
43 89 1
43 94 1
43 115 1
43 120 1
43 125 1
43 197 1
43 207 1
43 236 1
43 271 1
43 286 1
43 312 1
43 337 1
43 342 1
43 358 1
43 438 1
43 443 1
43 474 1
43 506 1
43 529 1
43 854 1
43 1276 1
43 3829 1
43 4868 1
43 7419 1
45 6 1
45 19 1
45 22 1
45 26 1
45 28 1
45 30 1
45 34 1
45 37 1
45 41 1
45 42 1
45 46 1
45 60 1
45 71 1
45 99 1
45 104 1
45 111 1
45 115 1
45 120 1
45 139 1
45 147 1
45 197 1
45 207 1
45 212 1
45 231 1
45 236 1
45 290 1
45 294 1
45 299 1
45 312 1
45 315 1
45 320 1
45 340 1
45 348 1
45 358 1
45 361 1
45 371 1
45 443 1
45 526 1
45 529 1
45 533 1
45 582 1
45 633 1
45 695 1
45 735 1
45 803 1
45 886 1
45 932 1
45 979 1
45 1172 1
45 1289 1
45 1339 1
45 1345 1
45 1376 1
45 1561 1
45 1617 1
45 1889 1
45 2141 1
45 2462 1
45 2966 1
45 6376 1
45 7143 1
46 8 1
46 9 1
46 12 1
46 15 1
46 18 1
46 22 1
46 25 1
46 26 1
46 37 1
46 41 1
46 42 1
46 47 1
46 58 1
46 68 1
46 69 1
46 71 1
46 94 1
46 104 1
46 115 1
46 119 1
46 123 1
46 136 1
46 139 1
46 147 1
46 226 1
46 231 1
46 245 1
46 258 1
46 312 1
46 348 1
46 358 1
46 371 1
46 398 1
46 474 1
46 508 1
46 514 1
46 561 1
46 624 1
46 704 1
46 888 1
46 1063 1
46 1192 1
46 2966 1
47 2 1
47 6 1
47 15 1
47 28 1
47 34 1
47 71 1
47 74 1
47 125 1
47 231 1
47 803 1
47 844 1
47 952 1
47 1355 1
58 2 1
58 6 1
58 8 1
58 12 1
58 15 1
58 16 1
58 18 1
58 26 1
58 30 1
58 34 1
58 42 1
58 45 1
58 46 1
58 47 1
58 68 1
58 71 1
58 72 1
58 89 1
58 94 1
58 104 1
58 111 1
58 271 1
58 280 1
58 320 1
58 340 1
58 358 1
58 371 1
58 438 1
58 443 1
58 474 1
58 478 1
58 508 1
58 515 1
58 526 1
58 532 1
58 561 1
58 735 1
58 765 1
58 844 1
58 854 1
58 881 1
58 888 1
58 979 1
58 1089 1
58 1131 1
58 1166 1
58 1172 1
58 1182 1
58 1285 1
58 1289 1
58 1341 1
58 1345 1
58 1659 1
58 2308 1
58 3166 1
58 3750 1
58 4437 1
60 6 1
60 12 1
60 15 1
60 16 1
60 18 1
60 45 1
60 58 1
60 71 1
60 92 1
60 104 1
60 115 1
60 286 1
60 942 1
68 2 1
68 12 1
68 15 1
68 18 1
68 22 1
68 26 1
68 34 1
68 37 1
68 41 1
68 42 1
68 45 1
68 58 1
68 69 1
68 74 1
68 89 1
68 92 1
68 94 1
68 115 1
68 120 1
68 125 1
68 136 1
68 147 1
68 190 1
68 197 1
68 236 1
68 257 1
68 271 1
68 280 1
68 286 1
68 290 1
68 294 1
68 337 1
68 340 1
68 443 1
68 456 1
68 474 1
68 489 1
68 508 1
68 526 1
68 529 1
68 532 1
68 561 1
68 623 1
68 624 1
68 725 1
68 803 1
68 903 1
68 922 1
68 932 1
68 1285 1
68 1341 1
68 1376 1
68 1469 1
68 1554 1
68 1659 1
68 1691 1
68 2197 1
68 2467 1
68 2966 1
68 3607 1
68 3731 1
68 4065 1
68 4146 1
68 4643 1
68 4714 1
68 6226 1
69 2 1
69 15 1
69 18 1
69 26 1
69 41 1
69 115 1
69 299 1
69 302 1
69 489 1
69 526 1
69 653 1
69 908 1
71 2 1
71 6 1
71 12 1
71 15 1
71 18 1
71 25 1
71 26 1
71 34 1
71 37 1
71 41 1
71 42 1
71 43 1
71 58 1
71 69 1
71 72 1
71 94 1
71 104 1
71 111 1
71 115 1
71 120 1
71 126 1
71 147 1
71 152 1
71 207 1
71 240 1
71 245 1
71 257 1
71 271 1
71 280 1
71 299 1
71 312 1
71 340 1
71 435 1
71 443 1
71 514 1
71 529 1
71 540 1
71 612 1
71 624 1
71 733 1
71 735 1
71 854 1
71 879 1
71 1063 1
71 1078 1
71 1085 1
71 1172 1
71 1295 1
71 1469 1
71 1554 1
71 2308 1
71 3480 1
71 4515 1
71 4714 1
71 5938 1
71 6703 1
71 7141 1
72 2 1
72 9 1
72 15 1
72 16 1
72 19 1
72 30 1
72 37 1
72 45 1
72 94 1
72 104 1
72 111 1
72 120 1
72 147 1
72 197 1
72 302 1
72 348 1
72 456 1
72 530 1
72 624 1
72 685 1
72 735 1
72 838 1
72 844 1
72 854 1
72 1341 1
72 1889 1
72 2462 1
74 15 1
74 22 1
74 26 1
74 94 1
74 120 1
74 124 1
74 126 1
74 494 1
83 6 1
83 12 1
83 15 1
83 16 1
83 18 1
83 22 1
83 34 1
83 71 1
83 72 1
83 94 1
83 126 1
83 136 1
83 312 1
83 434 1
83 1052 1
83 1285 1
83 4714 1
83 6660 1
89 2 1
89 9 1
89 16 1
89 18 1
89 22 1
89 26 1
89 34 1
89 37 1
89 45 1
89 46 1
89 69 1
89 71 1
89 74 1
89 92 1
89 104 1
89 111 1
89 123 1
89 125 1
89 126 1
89 186 1
89 190 1
89 197 1
89 207 1
89 236 1
89 271 1
89 280 1
89 290 1
89 299 1
89 340 1
89 348 1
89 358 1
89 474 1
89 478 1
89 515 1
89 522 1
89 533 1
89 540 1
89 624 1
89 631 1
89 695 1
89 704 1
89 735 1
89 803 1
89 879 1
89 903 1
89 932 1
89 1052 1
89 1063 1
89 1078 1
89 1131 1
89 1172 1
89 1326 1
89 1339 1
89 1341 1
89 1889 1
89 2490 1
89 2609 1
89 3552 1
89 3691 1
89 4330 1
89 4820 1
91 15 1
91 26 1
91 47 1
91 236 1
92 6 1
92 15 1
92 18 1
92 26 1
92 45 1
92 68 1
92 69 1
92 71 1
92 89 1
92 111 1
92 115 1
92 125 1
92 136 1
92 231 1
92 258 1
92 271 1
92 333 1
92 443 1
92 803 1
92 1120 1
92 1131 1
92 1167 1
92 1398 1
92 3877 1
94 2 1
94 6 1
94 8 1
94 12 1
94 15 1
94 26 1
94 28 1
94 34 1
94 41 1
94 42 1
94 45 1
94 68 1
94 69 1
94 89 1
94 115 1
94 124 1
94 147 1
94 152 1
94 197 1
94 207 1
94 240 1
94 257 1
94 286 1
94 290 1
94 294 1
94 299 1
94 302 1
94 307 1
94 358 1
94 438 1
94 456 1
94 474 1
94 489 1
94 508 1
94 529 1
94 561 1
94 631 1
94 735 1
94 803 1
94 1078 1
94 1172 1
94 1289 1
94 1341 1
94 1376 1
94 2517 1
94 3731 1
94 4102 1
94 5039 1
99 2 1
99 6 1
99 22 1
99 25 1
99 26 1
99 30 1
99 41 1
99 68 1
99 74 1
99 89 1
99 92 1
99 104 1
99 111 1
99 120 1
99 125 1
99 286 1
99 299 1
99 333 1
99 474 1
99 494 1
99 624 1
99 653 1
99 714 1
99 854 1
99 1131 1
99 1345 1
99 2299 1
99 4827 1
104 2 1
104 12 1
104 15 1
104 18 1
104 19 1
104 22 1
104 25 1
104 28 1
104 41 1
104 46 1
104 58 1
104 60 1
104 68 1
104 115 1
104 119 1
104 124 1
104 125 1
104 136 1
104 147 1
104 152 1
104 186 1
104 190 1
104 207 1
104 212 1
104 257 1
104 280 1
104 286 1
104 294 1
104 312 1
104 320 1
104 369 1
104 438 1
104 456 1
104 489 1
104 494 1
104 506 1
104 530 1
104 561 1
104 624 1
104 765 1
104 801 1
104 844 1
104 908 1
104 1063 1
104 1131 1
104 1314 1
104 1326 1
104 1339 1
104 1355 1
104 1592 1
104 1659 1
104 2197 1
111 6 1
111 15 1
111 16 1
111 18 1
111 22 1
111 25 1
111 26 1
111 28 1
111 34 1
111 37 1
111 41 1
111 45 1
111 46 1
111 47 1
111 71 1
111 89 1
111 92 1
111 119 1
111 120 1
111 123 1
111 125 1
111 147 1
111 212 1
111 236 1
111 280 1
111 286 1
111 299 1
111 312 1
111 333 1
111 340 1
111 371 1
111 561 1
111 582 1
111 854 1
111 908 1
111 942 1
111 1052 1
111 1131 1
111 1339 1
111 1376 1
111 2197 1
111 2299 1
111 2462 1
111 2554 1
111 4714 1
111 5406 1
111 5987 1
111 6263 1
111 6381 1
115 2 1
115 6 1
115 15 1
115 18 1
115 26 1
115 28 1
115 45 1
115 46 1
115 47 1
115 69 1
115 72 1
115 74 1
115 89 1
115 92 1
115 94 1
115 111 1
115 123 1
115 124 1
115 125 1
115 197 1
115 227 1
115 231 1
115 236 1
115 245 1
115 280 1
115 286 1
115 299 1
115 302 1
115 320 1
115 322 1
115 358 1
115 474 1
115 561 1
115 612 1
115 718 1
115 838 1
115 844 1
115 903 1
115 1078 1
115 1131 1
115 1172 1
115 1182 1
115 1295 1
115 1554 1
115 2299 1
115 2343 1
115 2405 1
115 2554 1
115 3301 1
115 3375 1
115 3857 1
115 4094 1
115 5024 1
119 2 1
119 9 1
119 12 1
119 15 1
119 16 1
119 18 1
119 22 1
119 26 1
119 28 1
119 30 1
119 34 1
119 37 1
119 41 1
119 42 1
119 45 1
119 58 1
119 60 1
119 69 1
119 89 1
119 91 1
119 115 1
119 120 1
119 197 1
119 207 1
119 226 1
119 236 1
119 257 1
119 286 1
119 322 1
119 333 1
119 337 1
119 371 1
119 456 1
119 474 1
119 530 1
119 532 1
119 653 1
119 879 1
119 888 1
119 903 1
119 908 1
119 1052 1
119 1063 1
119 1078 1
119 1085 1
119 1120 1
119 1172 1
119 1289 1
119 1326 1
119 1339 1
119 1592 1
119 1647 1
119 1879 1
119 2197 1
119 3691 1
119 3878 1
119 4094 1
119 4146 1
119 5976 1
119 7340 1
119 7452 1
120 2 1
120 8 1
120 12 1
120 15 1
120 16 1
120 18 1
120 22 1
120 37 1
120 45 1
120 69 1
120 104 1
120 115 1
120 125 1
120 186 1
120 190 1
120 245 1
120 286 1
120 290 1
120 333 1
120 371 1
120 514 1
120 515 1
120 733 1
120 888 1
120 1063 1
120 1078 1
120 1172 1
120 1295 1
120 1339 1
120 1355 1
120 1376 1
120 1793 1
120 2866 1
120 3750 1
120 4435 1
120 5227 1
123 2 1
123 12 1
123 15 1
123 16 1
123 22 1
123 25 1
123 26 1
123 30 1
123 37 1
123 41 1
123 45 1
123 46 1
123 68 1
123 69 1
123 72 1
123 74 1
123 89 1
123 92 1
123 94 1
123 111 1
123 120 1
123 125 1
123 126 1
123 136 1
123 139 1
123 147 1
123 190 1
123 197 1
123 207 1
123 236 1
123 240 1
123 245 1
123 280 1
123 294 1
123 302 1
123 307 1
123 315 1
123 322 1
123 333 1
123 340 1
123 342 1
123 371 1
123 435 1
123 443 1
123 489 1
123 514 1
123 522 1
123 526 1
123 529 1
123 561 1
123 624 1
123 653 1
123 704 1
123 733 1
123 735 1
123 801 1
123 838 1
123 844 1
123 854 1
123 881 1
123 888 1
123 908 1
123 932 1
123 1063 1
123 1131 1
123 1172 1
123 1276 1
123 1289 1
123 1339 1
123 1376 1
123 1554 1
123 1559 1
123 1659 1
123 1889 1
123 2096 1
123 4714 1
123 4818 1
123 5406 1
123 5921 1
123 6703 1
123 7419 1
124 2 1
124 6 1
124 15 1
124 22 1
124 34 1
124 41 1
124 71 1
124 120 1
124 123 1
124 125 1
124 190 1
124 257 1
124 286 1
124 474 1
124 506 1
124 932 1
124 1063 1
124 1089 1
124 1167 1
124 1188 1
124 1510 1
125 6 1
125 12 1
125 15 1
125 26 1
125 28 1
125 34 1
125 37 1
125 42 1
125 46 1
125 71 1
125 72 1
125 104 1
125 111 1
125 120 1
125 123 1
125 147 1
125 197 1
125 245 1
125 280 1
125 312 1
125 438 1
125 443 1
125 489 1
125 612 1
125 624 1
125 631 1
125 765 1
125 801 1
125 844 1
125 1052 1
125 1063 1
125 1167 1
125 1293 1
125 1345 1
125 2554 1
125 2609 1
126 16 1
126 18 1
126 41 1
126 43 1
126 45 1
126 104 1
126 123 1
126 124 1
126 312 1
126 478 1
126 532 1
126 1085 1
133 18 1
133 294 1
136 6 1
136 18 1
136 25 1
136 26 1
136 41 1
136 68 1
136 69 1
136 71 1
136 72 1
136 89 1
136 115 1
136 123 1
136 227 1
136 280 1
136 286 1
136 290 1
136 540 1
136 561 1
136 844 1
136 1089 1
136 1561 1
136 2303 1
136 2554 1
136 2612 1
139 18 1
139 26 1
139 34 1
139 71 1
139 104 1
139 111 1
139 115 1
139 120 1
139 271 1
139 286 1
139 522 1
139 735 1
139 1172 1
139 1592 1
139 6673 1
147 6 1
147 15 1
147 16 1
147 26 1
147 69 1
147 111 1
147 125 1
147 231 1
147 489 1
152 2 1
152 15 1
152 18 1
152 42 1
152 207 1
152 286 1
152 290 1
152 438 1
152 474 1
152 489 1
152 561 1
152 932 1
152 1889 1
186 19 1
186 22 1
186 28 1
186 37 1
186 46 1
186 68 1
186 147 1
186 489 1
186 4176 1
190 6 1
190 12 1
190 15 1
190 18 1
190 26 1
190 30 1
190 34 1
190 41 1
190 43 1
190 45 1
190 46 1
190 69 1
190 71 1
190 94 1
190 136 1
190 139 1
190 240 1
190 258 1
190 280 1
190 307 1
190 340 1
190 908 1
190 932 1
190 1376 1
190 1659 1
190 1955 1
190 3552 1
190 4714 1
190 5406 1
191 22 1
191 115 1
191 120 1
191 258 1
196 15 1
196 333 1
197 12 1
197 16 1
197 18 1
197 42 1
197 104 1
197 111 1
197 294 1
197 299 1
197 932 1
197 942 1
197 1131 1
197 1188 1
197 4330 1
197 4827 1
207 2 1
207 15 1
207 18 1
207 19 1
207 22 1
207 42 1
207 72 1
207 123 1
207 190 1
207 212 1
207 231 1
207 271 1
207 286 1
207 320 1
207 371 1
207 561 1
207 633 1
207 801 1
207 932 1
207 1659 1
212 12 1
212 15 1
212 22 1
212 26 1
212 34 1
212 47 1
212 68 1
212 89 1
212 94 1
212 197 1
212 286 1
212 290 1
212 294 1
212 299 1
212 302 1
212 456 1
212 474 1
212 530 1
212 533 1
212 631 1
212 1052 1
212 3552 1
212 4820 1
212 5280 1
212 5921 1
212 6376 1
226 6 1
226 18 1
226 22 1
227 15 1
227 22 1
227 89 1
227 123 1
227 290 1
227 294 1
231 15 1
231 16 1
231 22 1
231 28 1
231 46 1
231 60 1
231 68 1
231 89 1
231 94 1
231 104 1
231 125 1
231 197 1
231 258 1
231 290 1
231 294 1
231 299 1
231 302 1
231 333 1
231 340 1
231 474 1
231 529 1
231 803 1
231 903 1
231 1192 1
231 2308 1
236 2 1
236 12 1
236 15 1
236 16 1
236 18 1
236 28 1
236 43 1
236 45 1
236 68 1
236 69 1
236 89 1
236 111 1
236 123 1
236 124 1
236 125 1
236 190 1
236 196 1
236 197 1
236 245 1
236 312 1
236 358 1
236 474 1
236 530 1
236 532 1
236 704 1
236 735 1
236 844 1
236 1172 1
236 1182 1
236 1293 1
236 1659 1
240 45 1
240 72 1
240 125 1
240 257 1
240 371 1
240 474 1
240 1355 1
241 18 1
245 2 1
245 6 1
245 15 1
245 16 1
245 22 1
245 26 1
245 37 1
245 43 1
245 71 1
245 72 1
245 89 1
245 104 1
245 119 1
245 123 1
245 136 1
245 190 1
245 280 1
245 340 1
245 348 1
245 526 1
245 844 1
245 903 1
245 932 1
245 1052 1
245 1289 1
245 2299 1
245 2308 1
257 12 1
257 15 1
257 18 1
257 22 1
257 26 1
257 45 1
257 71 1
257 72 1
257 111 1
257 115 1
257 120 1
257 125 1
257 152 1
257 197 1
257 212 1
257 245 1
257 258 1
257 290 1
257 294 1
257 299 1
257 312 1
257 315 1
257 320 1
257 340 1
257 438 1
257 508 1
257 515 1
257 530 1
257 548 1
257 561 1
257 942 1
257 1063 1
257 1089 1
257 1131 1
257 1167 1
257 1592 1
257 1659 1
257 1720 1
257 2343 1
257 2763 1
257 3166 1
257 3691 1
257 4065 1
257 5921 1
258 2 1
258 6 1
258 9 1
258 15 1
258 18 1
258 22 1
258 26 1
258 28 1
258 68 1
258 115 1
258 307 1
258 456 1
258 526 1
258 725 1
271 16 1
271 18 1
271 28 1
271 45 1
271 104 1
271 312 1
271 474 1
271 633 1
271 881 1
271 1052 1
271 3857 1
280 18 1
280 69 1
280 333 1
280 685 1
286 2 1
286 6 1
286 8 1
286 9 1
286 12 1
286 15 1
286 16 1
286 18 1
286 22 1
286 26 1
286 30 1
286 33 1
286 42 1
286 58 1
286 74 1
286 89 1
286 104 1
286 123 1
286 125 1
286 290 1
286 294 1
286 337 1
286 340 1
286 342 1
286 434 1
286 438 1
286 456 1
286 474 1
286 515 1
286 624 1
286 685 1
286 733 1
286 844 1
286 1052 1
286 1063 1
286 1131 1
286 1276 1
286 1289 1
286 1341 1
286 1955 1
286 2674 1
286 4435 1
286 5533 1
286 6376 1
286 6673 1
286 7017 1
290 2 1
290 6 1
290 8 1
290 15 1
290 22 1
290 26 1
290 28 1
290 37 1
290 41 1
290 68 1
290 94 1
290 104 1
290 119 1
290 125 1
290 136 1
290 186 1
290 190 1
290 207 1
290 231 1
290 236 1
290 258 1
290 271 1
290 286 1
290 307 1
290 340 1
290 358 1
290 371 1
290 434 1
290 443 1
290 456 1
290 514 1
290 526 1
290 612 1
290 932 1
290 1172 1
290 1339 1
290 2467 1
290 3691 1
294 2 1
294 8 1
294 12 1
294 18 1
294 22 1
294 30 1
294 45 1
294 47 1
294 58 1
294 71 1
294 94 1
294 111 1
294 115 1
294 123 1
294 136 1
294 236 1
294 240 1
294 299 1
294 434 1
294 438 1
294 489 1
294 508 1
294 735 1
294 801 1
294 844 1
294 932 1
294 1120 1
294 1659 1
299 2 1
299 6 1
299 9 1
299 12 1
299 15 1
299 18 1
299 22 1
299 26 1
299 28 1
299 41 1
299 42 1
299 45 1
299 89 1
299 91 1
299 94 1
299 115 1
299 120 1
299 227 1
299 245 1
299 257 1
299 286 1
299 294 1
299 733 1
299 765 1
299 1314 1
299 1986 1
299 2592 1
299 3552 1
299 3750 1
302 6 1
302 8 1
302 12 1
302 15 1
302 22 1
302 28 1
302 34 1
302 37 1
302 43 1
302 46 1
302 71 1
302 72 1
302 94 1
302 104 1
302 111 1
302 120 1
302 125 1
302 271 1
302 286 1
302 294 1
302 299 1
302 438 1
302 474 1
302 489 1
302 561 1
302 879 1
302 1063 1
302 1085 1
302 1131 1
302 1341 1
302 1510 1
302 1561 1
302 3481 1
307 6 1
307 12 1
307 16 1
307 18 1
307 22 1
307 30 1
307 37 1
307 43 1
307 45 1
307 115 1
307 125 1
307 245 1
307 257 1
307 271 1
307 280 1
307 294 1
307 302 1
307 474 1
307 478 1
307 532 1
307 733 1
307 3607 1
307 3691 1
307 5750 1
312 2 1
312 6 1
312 15 1
312 22 1
312 26 1
312 34 1
312 45 1
312 46 1
312 71 1
312 89 1
312 104 1
312 111 1
312 115 1
312 124 1
312 125 1
312 147 1
312 257 1
312 290 1
312 315 1
312 322 1
312 508 1
312 515 1
312 526 1
312 624 1
312 735 1
312 1166 1
312 1172 1
312 2303 1
312 2566 1
312 2738 1
315 2 1
315 6 1
315 15 1
315 18 1
315 22 1
315 26 1
315 28 1
315 34 1
315 46 1
315 69 1
315 71 1
315 104 1
315 123 1
315 152 1
315 231 1
315 333 1
315 358 1
315 369 1
315 434 1
315 474 1
315 515 1
315 526 1
315 530 1
315 561 1
315 932 1
315 1879 1
320 26 1
320 28 1
320 30 1
320 58 1
320 123 1
322 2 1
322 15 1
322 26 1
322 42 1
322 1063 1
322 1172 1
333 8 1
333 12 1
333 16 1
333 18 1
333 26 1
333 37 1
333 41 1
333 45 1
333 46 1
333 89 1
333 94 1
333 124 1
333 190 1
333 236 1
333 257 1
333 371 1
333 474 1
333 508 1
333 514 1
333 881 1
333 1167 1
333 1659 1
333 3552 1
333 3815 1
337 15 1
337 45 1
337 69 1
337 369 1
337 1339 1
340 2 1
340 6 1
340 15 1
340 22 1
340 37 1
340 72 1
340 104 1
340 191 1
340 240 1
340 258 1
340 299 1
340 438 1
340 443 1
340 526 1
340 548 1
340 844 1
340 1052 1
340 1345 1
340 1398 1
340 3301 1
340 4330 1
340 4644 1
340 6376 1
342 15 1
342 22 1
342 30 1
342 89 1
342 190 1
342 371 1
342 1659 1
348 15 1
348 18 1
348 22 1
348 26 1
348 37 1
348 42 1
348 58 1
348 68 1
348 71 1
348 115 1
348 197 1
348 526 1
348 733 1
348 908 1
348 1293 1
348 4549 1
358 2 1
358 6 1
358 8 1
358 15 1
358 16 1
358 18 1
358 22 1
358 26 1
358 37 1
358 41 1
358 72 1
358 89 1
358 147 1
358 152 1
358 286 1
358 489 1
358 508 1
358 653 1
358 733 1
358 1052 1
361 26 1
361 89 1
361 125 1
361 312 1
361 1131 1
369 8 1
369 16 1
369 26 1
369 126 1
369 302 1
371 2 1
371 9 1
371 15 1
371 16 1
371 22 1
371 26 1
371 28 1
371 34 1
371 37 1
371 58 1
371 71 1
371 125 1
371 147 1
371 348 1
371 438 1
371 474 1
371 489 1
371 561 1
371 624 1
371 844 1
371 1293 1
371 2866 1
398 15 1
398 18 1
398 22 1
398 68 1
398 89 1
398 115 1
398 125 1
398 312 1
398 315 1
398 438 1
398 844 1
398 903 1
398 1354 1
398 2517 1
434 15 1
434 123 1
434 125 1
434 290 1
434 1078 1
434 1131 1
435 15 1
435 18 1
435 26 1
435 28 1
435 34 1
435 68 1
435 115 1
435 231 1
435 522 1
438 2 1
438 6 1
438 8 1
438 15 1
438 16 1
438 22 1
438 26 1
438 34 1
438 45 1
438 58 1
438 71 1
438 89 1
438 92 1
438 94 1
438 111 1
438 120 1
438 124 1
438 125 1
438 207 1
438 245 1
438 271 1
438 280 1
438 322 1
438 508 1
438 533 1
438 942 1
438 1131 1
438 2299 1
438 2738 1
438 3750 1
438 4714 1
443 2 1
443 8 1
443 15 1
443 16 1
443 18 1
443 22 1
443 26 1
443 45 1
443 68 1
443 92 1
443 104 1
443 120 1
443 231 1
443 245 1
443 312 1
443 348 1
443 844 1
443 932 1
443 1063 1
443 1172 1
443 1720 1
443 4402 1
456 18 1
456 22 1
456 28 1
456 30 1
456 34 1
456 41 1
456 58 1
456 94 1
456 123 1
456 245 1
456 735 1
474 6 1
474 8 1
474 9 1
474 12 1
474 15 1
474 16 1
474 30 1
474 34 1
474 37 1
474 41 1
474 45 1
474 47 1
474 58 1
474 69 1
474 71 1
474 94 1
474 104 1
474 111 1
474 120 1
474 123 1
474 125 1
474 126 1
474 136 1
474 147 1
474 190 1
474 197 1
474 212 1
474 227 1
474 231 1
474 240 1
474 294 1
474 312 1
474 315 1
474 340 1
474 371 1
474 398 1
474 438 1
474 456 1
474 515 1
474 526 1
474 530 1
474 533 1
474 695 1
474 854 1
474 903 1
474 1376 1
474 1659 1
474 1720 1
474 1955 1
474 2609 1
474 3607 1
474 4094 1
478 15 1
478 22 1
478 26 1
478 34 1
478 42 1
478 46 1
478 104 1
478 514 1
489 2 1
489 6 1
489 16 1
489 18 1
489 22 1
489 25 1
489 26 1
489 28 1
489 58 1
489 474 1
489 801 1
494 15 1
494 94 1
494 257 1
494 474 1
494 1354 1
506 2 1
506 6 1
506 15 1
506 16 1
506 22 1
506 30 1
506 37 1
506 41 1
506 58 1
506 68 1
506 72 1
506 89 1
506 111 1
506 190 1
506 197 1
506 212 1
506 231 1
506 474 1
506 932 1
506 1089 1
506 1120 1
508 18 1
508 26 1
508 28 1
508 37 1
508 46 1
508 111 1
508 120 1
508 125 1
508 312 1
508 474 1
508 1603 1
514 2 1
514 15 1
514 19 1
514 34 1
514 37 1
514 58 1
514 89 1
514 111 1
514 123 1
514 152 1
514 191 1
514 280 1
514 286 1
514 443 1
514 653 1
514 725 1
514 1052 1
514 2303 1
515 46 1
515 474 1
515 3815 1
522 6 1
522 8 1
522 15 1
522 22 1
522 42 1
522 257 1
522 280 1
522 294 1
522 307 1
522 765 1
526 2 1
526 12 1
526 15 1
526 16 1
526 18 1
526 26 1
526 28 1
526 37 1
526 45 1
526 46 1
526 47 1
526 68 1
526 119 1
526 123 1
526 147 1
526 186 1
526 257 1
526 280 1
526 299 1
526 312 1
526 443 1
526 474 1
526 494 1
526 612 1
526 624 1
526 735 1
526 1078 1
526 1172 1
526 2303 1
526 3261 1
526 3815 1
529 15 1
529 18 1
529 26 1
529 41 1
529 89 1
529 120 1
529 124 1
529 125 1
529 286 1
529 299 1
529 478 1
529 932 1
529 1314 1
530 6 1
530 15 1
530 22 1
530 28 1
530 41 1
530 45 1
530 58 1
530 72 1
530 236 1
530 456 1
530 624 1
530 1052 1
530 1554 1
530 1816 1
532 16 1
532 22 1
532 42 1
532 45 1
532 125 1
532 136 1
532 443 1
533 15 1
533 104 1
533 111 1
540 6 1
540 12 1
540 18 1
540 22 1
540 34 1
540 69 1
540 72 1
540 123 1
548 15 1
548 115 1
548 322 1
548 1167 1
548 4714 1
548 7452 1
561 15 1
561 22 1
561 30 1
561 34 1
561 42 1
561 68 1
561 71 1
561 89 1
561 104 1
561 111 1
561 120 1
561 125 1
561 190 1
561 227 1
561 236 1
561 280 1
561 294 1
561 369 1
561 438 1
561 474 1
561 489 1
561 522 1
561 530 1
561 844 1
561 1276 1
561 1559 1
561 1659 1
561 2096 1
561 2308 1
561 2674 1
561 3552 1
561 4102 1
582 2 1
582 6 1
582 12 1
582 15 1
582 16 1
582 18 1
582 22 1
582 24 1
582 26 1
582 30 1
582 37 1
582 42 1
582 58 1
582 72 1
582 74 1
582 83 1
582 111 1
582 120 1
582 125 1
582 136 1
582 147 1
582 240 1
582 257 1
582 280 1
582 290 1
582 312 1
582 315 1
582 358 1
582 474 1
582 532 1
582 735 1
582 844 1
582 854 1
582 1089 1
582 1172 1
582 1293 1
582 1647 1
582 2203 1
582 2308 1
582 3691 1
582 3750 1
582 4714 1
582 5518 1
612 2 1
612 26 1
612 286 1
612 1166 1
612 1167 1
612 4102 1
623 12 1
623 18 1
623 89 1
624 2 1
624 6 1
624 16 1
624 18 1
624 22 1
624 26 1
624 28 1
624 37 1
624 46 1
624 47 1
624 58 1
624 89 1
624 92 1
624 115 1
624 123 1
624 236 1
624 294 1
624 299 1
624 695 1
624 1052 1
624 1295 1
631 22 1
631 26 1
633 6 1
633 8 1
633 18 1
633 22 1
633 37 1
633 125 1
653 2 1
653 8 1
653 12 1
653 15 1
653 26 1
653 42 1
653 89 1
653 115 1
653 147 1
653 231 1
653 474 1
653 526 1
653 695 1
653 942 1
653 5280 1
685 18 1
685 26 1
685 37 1
685 43 1
685 69 1
685 89 1
685 94 1
685 115 1
685 147 1
685 294 1
685 299 1
685 307 1
685 474 1
685 623 1
685 1052 1
685 1063 1
685 2554 1
695 16 1
695 26 1
695 68 1
695 207 1
695 4714 1
704 22 1
704 41 1
704 42 1
714 12 1
714 197 1
718 26 1
725 2 1
725 12 1
725 15 1
725 26 1
725 37 1
725 42 1
725 69 1
725 72 1
725 89 1
725 94 1
725 104 1
725 136 1
725 186 1
725 207 1
725 257 1
725 294 1
725 337 1
725 522 1
725 624 1
725 803 1
725 1085 1
725 1120 1
725 1192 1
733 15 1
733 22 1
733 37 1
733 45 1
733 46 1
733 115 1
733 294 1
735 15 1
735 16 1
735 18 1
735 22 1
735 26 1
735 37 1
735 71 1
735 152 1
735 196 1
735 290 1
735 340 1
735 1339 1
735 2554 1
765 18 1
765 24 1
765 26 1
765 68 1
765 197 1
765 474 1
765 3552 1
765 7154 1
801 6 1
801 15 1
801 16 1
801 22 1
801 26 1
801 120 1
801 245 1
801 257 1
801 299 1
801 312 1
801 315 1
801 838 1
801 1078 1
801 7143 1
803 68 1
803 89 1
803 94 1
803 115 1
803 227 1
803 299 1
803 307 1
803 530 1
803 1617 1
838 12 1
838 18 1
838 24 1
838 28 1
838 37 1
838 45 1
838 89 1
838 115 1
838 123 1
838 257 1
838 286 1
838 299 1
838 443 1
838 529 1
838 561 1
844 2 1
844 6 1
844 15 1
844 18 1
844 26 1
844 30 1
844 42 1
844 45 1
844 69 1
844 89 1
844 111 1
844 115 1
844 207 1
844 231 1
844 236 1
844 299 1
844 342 1
844 474 1
844 582 1
844 1182 1
844 1188 1
844 1192 1
844 1289 1
844 1339 1
844 1889 1
844 2308 1
844 5406 1
854 15 1
854 22 1
854 45 1
854 290 1
854 879 1
854 1078 1
854 1276 1
854 2554 1
879 6 1
879 16 1
879 26 1
879 28 1
879 46 1
879 68 1
879 115 1
879 120 1
879 123 1
879 125 1
879 290 1
879 358 1
879 456 1
879 735 1
879 844 1
879 1131 1
879 1172 1
879 1554 1
881 22 1
881 37 1
881 68 1
881 94 1
881 735 1
886 16 1
886 26 1
888 18 1
888 45 1
888 123 1
888 125 1
888 207 1
888 280 1
888 333 1
888 540 1
892 22 1
892 41 1
892 42 1
892 1078 1
903 22 1
903 26 1
903 41 1
903 72 1
903 123 1
903 152 1
903 735 1
903 3607 1
908 12 1
908 15 1
908 18 1
908 26 1
908 94 1
908 115 1
908 123 1
908 133 1
908 286 1
908 371 1
908 879 1
922 26 1
932 15 1
932 16 1
932 18 1
932 89 1
932 104 1
932 190 1
932 299 1
932 506 1
932 879 1
932 1120 1
932 2140 1
932 4843 1
942 2 1
942 42 1
942 257 1
942 474 1
952 735 1
979 16 1
979 89 1
979 561 1
1030 286 1
1030 908 1
1052 6 1
1052 8 1
1052 15 1
1052 18 1
1052 26 1
1052 41 1
1052 42 1
1052 94 1
1052 115 1
1052 120 1
1052 125 1
1052 286 1
1052 358 1
1052 489 1
1052 506 1
1052 1089 1
1052 1676 1
1052 3552 1
1063 15 1
1063 16 1
1063 22 1
1063 26 1
1063 28 1
1063 34 1
1063 37 1
1063 42 1
1063 46 1
1063 94 1
1063 115 1
1063 123 1
1063 124 1
1063 245 1
1063 315 1
1063 443 1
1063 514 1
1063 526 1
1063 932 1
1063 3750 1
1078 16 1
1078 1120 1
1085 12 1
1085 16 1
1085 22 1
1085 190 1
1085 290 1
1085 2303 1
1089 6 1
1089 15 1
1089 18 1
1089 22 1
1089 26 1
1089 28 1
1089 72 1
1089 115 1
1089 207 1
1089 312 1
1089 489 1
1089 1063 1
1120 15 1
1120 16 1
1120 18 1
1120 26 1
1120 71 1
1120 89 1
1120 115 1
1120 340 1
1131 15 1
1131 18 1
1131 25 1
1131 30 1
1131 41 1
1131 45 1
1131 46 1
1131 47 1
1131 58 1
1131 83 1
1131 111 1
1131 123 1
1131 125 1
1131 258 1
1131 315 1
1131 434 1
1131 438 1
1131 474 1
1131 725 1
1131 1063 1
1131 1089 1
1131 1172 1
1131 1355 1
1131 2303 1
1131 4644 1
1131 5101 1
1166 18 1
1166 22 1
1166 26 1
1167 18 1
1167 197 1
1167 257 1
1167 299 1
1167 881 1
1167 6152 1
1172 2 1
1172 6 1
1172 15 1
1172 18 1
1172 28 1
1172 47 1
1172 72 1
1172 94 1
1172 126 1
1172 526 1
1172 1376 1
1182 18 1
1182 22 1
1182 26 1
1182 120 1
1182 231 1
1188 18 1
1188 22 1
1188 41 1
1188 89 1
1188 803 1
1192 18 1
1192 26 1
1192 34 1
1192 37 1
1192 68 1
1192 72 1
1192 111 1
1192 186 1
1192 286 1
1192 290 1
1192 2517 1
1228 68 1
1228 1089 1
1270 16 1
1276 12 1
1276 22 1
1276 26 1
1276 41 1
1276 68 1
1276 89 1
1276 236 1
1276 474 1
1276 582 1
1276 624 1
1276 2405 1
1285 28 1
1285 111 1
1285 294 1
1285 443 1
1289 15 1
1289 18 1
1289 22 1
1289 41 1
1289 45 1
1289 46 1
1289 71 1
1289 123 1
1289 438 1
1289 844 1
1293 2 1
1293 28 1
1293 34 1
1293 71 1
1293 1052 1
1295 22 1
1295 624 1
1295 4714 1
1314 16 1
1314 22 1
1314 30 1
1326 6 1
1326 16 1
1326 22 1
1326 26 1
1326 371 1
1326 718 1
1326 1561 1
1326 4146 1
1339 15 1
1339 18 1
1339 22 1
1339 34 1
1339 37 1
1339 45 1
1339 71 1
1339 94 1
1339 104 1
1339 126 1
1339 302 1
1339 340 1
1339 1510 1
1341 15 1
1341 18 1
1341 26 1
1341 45 1
1341 120 1
1341 125 1
1341 197 1
1341 371 1
1341 548 1
1341 653 1
1345 12 1
1345 111 1
1345 1182 1
1345 1293 1
1354 15 1
1355 2 1
1355 22 1
1355 41 1
1355 89 1
1355 111 1
1355 115 1
1355 125 1
1355 197 1
1355 474 1
1355 1172 1
1355 1339 1
1376 12 1
1376 15 1
1376 18 1
1376 26 1
1376 41 1
1376 68 1
1376 89 1
1376 123 1
1376 227 1
1376 312 1
1376 474 1
1376 561 1
1376 932 1
1376 3552 1
1398 45 1
1469 18 1
1510 12 1
1510 18 1
1510 26 1
1510 41 1
1510 147 1
1510 290 1
1510 371 1
1510 1554 1
1510 1889 1
1554 6 1
1554 8 1
1554 18 1
1554 37 1
1554 94 1
1554 111 1
1554 257 1
1554 294 1
1554 438 1
1554 1276 1
1559 15 1
1559 22 1
1559 94 1
1559 197 1
1561 15 1
1561 18 1
1561 34 1
1561 37 1
1561 45 1
1561 508 1
1592 16 1
1592 104 1
1592 115 1
1603 37 1
1603 1326 1
1617 16 1
1617 22 1
1617 26 1
1617 45 1
1617 115 1
1617 456 1
1647 15 1
1647 123 1
1659 6 1
1659 15 1
1659 22 1
1659 26 1
1659 28 1
1659 45 1
1659 71 1
1676 879 1
1720 26 1
1720 41 1
1738 443 1
1793 2 1
1793 16 1
1793 18 1
1793 26 1
1793 71 1
1816 2 1
1816 16 1
1816 26 1
1879 6 1
1879 22 1
1879 340 1
1879 1376 1
1889 12 1
1889 15 1
1889 22 1
1889 69 1
1889 123 1
1889 474 1
1889 624 1
1889 908 1
1889 932 1
1889 2048 1
1955 438 1
1955 1131 1
1986 18 1
2040 1131 1
2048 15 1
2048 22 1
2048 45 1
2048 119 1
2048 257 1
2048 340 1
2096 15 1
2096 16 1
2096 68 1
2096 6673 1
2140 18 1
2140 22 1
2140 34 1
2140 240 1
2140 337 1
2141 22 1
2182 15 1
2182 37 1
2197 15 1
2197 22 1
2197 72 1
2299 2 1
2299 18 1
2299 22 1
2299 45 1
2299 89 1
2299 92 1
2299 123 1
2299 286 1
2299 358 1
2303 2 1
2303 15 1
2303 16 1
2303 26 1
2303 315 1
2303 6598 1
2305 443 1
2308 15 1
2308 16 1
2308 22 1
2308 26 1
2308 46 1
2308 68 1
2308 89 1
2308 115 1
2308 136 1
2308 1592 1
2308 2738 1
2343 89 1
2405 15 1
2405 18 1
2405 22 1
2405 26 1
2405 136 1
2405 312 1
2462 18 1
2467 26 1
2467 71 1
2467 94 1
2467 474 1
2467 1166 1
2490 16 1
2490 26 1
2490 58 1
2490 120 1
2490 474 1
2517 6 1
2554 15 1
2554 18 1
2554 26 1
2554 71 1
2554 371 1
2554 526 1
2554 1167 1
2566 16 1
2573 6 1
2573 15 1
2573 18 1
2592 16 1
2592 22 1
2592 58 1
2592 94 1
2592 290 1
2597 286 1
2609 15 1
2609 16 1
2609 26 1
2609 71 1
2609 72 1
2612 15 1
2612 22 1
2653 22 1
2674 18 1
2674 22 1
2674 72 1
2674 290 1
2674 514 1
2674 725 1
2682 6 1
2682 26 1
2682 115 1
2738 15 1
2738 71 1
2738 340 1
2738 1172 1
2763 94 1
2763 123 1
2763 286 1
2866 286 1
2866 474 1
2866 530 1
2966 6 1
2966 15 1
3108 18 1
3108 115 1
3163 18 1
3163 42 1
3163 89 1
3166 12 1
3166 37 1
3166 68 1
3261 2 1
3261 22 1
3261 58 1
3301 16 1
3480 1339 1
3552 6 1
3552 15 1
3552 18 1
3552 22 1
3552 71 1
3596 12 1
3596 15 1
3596 60 1
3596 68 1
3596 72 1
3606 12 1
3606 18 1
3607 42 1
3607 152 1
3691 47 1
3691 68 1
3691 434 1
3731 6 1
3731 15 1
3731 45 1
3731 115 1
3750 9 1
3750 16 1
3750 22 1
3750 26 1
3750 45 1
3750 74 1
3750 115 1
3750 312 1
3815 16 1
3815 474 1
3829 369 1
3857 94 1
3857 125 1
3857 136 1
3857 5457 1
3877 16 1
3878 89 1
3878 474 1
3952 16 1
3963 18 1
3963 22 1
3963 71 1
3963 522 1
4065 22 1
4065 526 1
4094 474 1
4102 15 1
4102 22 1
4102 68 1
4102 286 1
4146 15 1
4146 16 1
4146 22 1
4146 104 1
4146 1289 1
4166 22 1
4175 280 1
4176 71 1
4330 120 1
4402 22 1
4435 1052 1
4437 22 1
4437 26 1
4549 18 1
4549 89 1
4549 125 1
4644 16 1
4644 18 1
4714 15 1
4714 26 1
4714 58 1
4714 89 1
4714 474 1
4714 2299 1
4818 15 1
4818 474 1
4820 16 1
4820 312 1
4827 15 1
4843 290 1
4843 1295 1
4868 22 1
4868 68 1
4868 94 1
4877 47 1
5007 15 1
5039 299 1
5101 125 1
5280 16 1
5280 26 1
5340 2462 1
5406 2 1
5406 15 1
5406 16 1
5406 18 1
5406 26 1
5406 45 1
5406 190 1
5406 312 1
5406 474 1
5406 1339 1
5409 120 1
5449 207 1
5457 18 1
5480 9 1
5518 22 1
5518 2308 1
5533 15 1
5533 16 1
5750 123 1
5921 6 1
5921 15 1
5921 22 1
5921 68 1
5921 89 1
5921 94 1
5921 115 1
5921 123 1
5938 22 1
5938 903 1
5976 18 1
5987 18 1
6019 18 1
6068 16 1
6152 22 1
6152 71 1
6152 245 1
6226 26 1
6263 6 1
6263 37 1
6263 299 1
6263 340 1
6263 1354 1
6362 22 1
6362 28 1
6376 68 1
6376 69 1
6381 22 1
6598 15 1
6660 299 1
6673 15 1
6673 16 1
6673 89 1
6703 92 1
7143 22 1
7143 4146 1
7154 15 1
7294 94 1
7340 26 1
7419 89 1
7452 6376 1
7469 15 1
7683 18 1
