2 6 1
2 8 1
2 12 1
2 18 1
2 22 1
2 26 1
2 28 1
2 34 1
2 68 1
2 72 1
2 94 1
2 104 1
2 111 1
2 123 1
2 152 1
2 271 1
2 280 1
2 290 1
2 312 1
2 340 1
2 358 1
2 361 1
2 371 1
2 438 1
2 474 1
2 489 1
2 506 1
2 508 1
2 530 1
2 624 1
2 633 1
2 718 1
2 725 1
2 854 1
2 932 1
2 1030 1
2 1089 1
2 1285 1
2 1398 1
2 1592 1
2 2303 1
2 2554 1
2 2573 1
2 4820 1
2 5750 1
2 6263 1
6 2 1
6 8 1
6 15 1
6 18 1
6 19 1
6 26 1
6 37 1
6 41 1
6 45 1
6 46 1
6 71 1
6 72 1
6 89 1
6 94 1
6 104 1
6 111 1
6 115 1
6 120 1
6 125 1
6 126 1
6 147 1
6 152 1
6 190 1
6 191 1
6 207 1
6 231 1
6 257 1
6 271 1
6 280 1
6 290 1
6 294 1
6 299 1
6 320 1
6 322 1
6 348 1
6 434 1
6 456 1
6 474 1
6 508 1
6 514 1
6 515 1
6 522 1
6 526 1
6 529 1
6 530 1
6 612 1
6 624 1
6 735 1
6 801 1
6 838 1
6 844 1
6 854 1
6 903 1
6 932 1
6 1052 1
6 1085 1
6 1120 1
6 1172 1
6 1192 1
6 1339 1
6 1376 1
6 1659 1
6 1889 1
6 2048 1
6 2096 1
6 2343 1
6 2405 1
6 2467 1
6 2738 1
6 3166 1
6 4549 1
8 15 1
8 18 1
8 22 1
8 26 1
8 42 1
8 43 1
8 58 1
8 68 1
8 71 1
8 72 1
8 92 1
8 115 1
8 125 1
8 136 1
8 624 1
8 704 1
8 1293 1
8 1339 1
8 1341 1
8 1345 1
8 2763 1
8 3750 1
9 18 1
9 26 1
9 28 1
9 69 1
9 89 1
9 123 1
9 294 1
9 474 1
9 478 1
9 529 1
9 653 1
9 765 1
9 844 1
9 1172 1
9 1345 1
9 1554 1
9 2308 1
9 4330 1
9 7419 1
12 2 1
12 6 1
12 8 1
12 16 1
12 18 1
12 26 1
12 28 1
12 45 1
12 68 1
12 69 1
12 71 1
12 72 1
12 111 1
12 115 1
12 120 1
12 123 1
12 147 1
12 190 1
12 197 1
12 207 1
12 236 1
12 258 1
12 280 1
12 290 1
12 369 1
12 371 1
12 434 1
12 443 1
12 474 1
12 489 1
12 514 1
12 526 1
12 582 1
12 704 1
12 844 1
12 881 1
12 932 1
12 1063 1
12 1078 1
12 1166 1
12 1188 1
12 1276 1
12 1289 1
12 2303 1
12 2308 1
12 2490 1
12 2674 1
15 2 1
15 6 1
15 8 1
15 12 1
15 18 1
15 25 1
15 26 1
15 28 1
15 37 1
15 41 1
15 42 1
15 68 1
15 72 1
15 74 1
15 89 1
15 94 1
15 104 1
15 111 1
15 123 1
15 124 1
15 125 1
15 147 1
15 152 1
15 212 1
15 236 1
15 240 1
15 257 1
15 290 1
15 299 1
15 312 1
15 315 1
15 322 1
15 340 1
15 371 1
15 435 1
15 443 1
15 456 1
15 478 1
15 508 1
15 522 1
15 624 1
15 714 1
15 733 1
15 765 1
15 801 1
15 803 1
15 854 1
15 922 1
15 1063 1
15 1078 1
15 1089 1
15 1172 1
15 1188 1
15 1276 1
15 1293 1
15 1326 1
15 1376 1
15 1561 1
15 1659 1
15 2048 1
15 2517 1
15 2674 1
15 3166 1
15 3375 1
15 3878 1
15 4094 1
15 4435 1
15 4714 1
15 5406 1
16 2 1
16 6 1
16 8 1
16 9 1
16 15 1
16 18 1
16 19 1
16 22 1
16 25 1
16 26 1
16 30 1
16 37 1
16 41 1
16 42 1
16 46 1
16 47 1
16 68 1
16 69 1
16 72 1
16 74 1
16 89 1
16 92 1
16 94 1
16 104 1
16 111 1
16 120 1
16 123 1
16 125 1
16 133 1
16 152 1
16 186 1
16 190 1
16 196 1
16 207 1
16 212 1
16 231 1
16 236 1
16 240 1
16 241 1
16 245 1
16 258 1
16 271 1
16 280 1
16 286 1
16 294 1
16 320 1
16 322 1
16 340 1
16 348 1
16 358 1
16 371 1
16 434 1
16 435 1
16 438 1
16 443 1
16 456 1
16 474 1
16 478 1
16 489 1
16 494 1
16 506 1
16 508 1
16 514 1
16 522 1
16 526 1
16 529 1
16 530 1
16 532 1
16 533 1
16 540 1
16 561 1
16 623 1
16 695 1
16 704 1
16 714 1
16 733 1
16 735 1
16 765 1
16 801 1
16 803 1
16 838 1
16 844 1
16 854 1
16 881 1
16 886 1
16 888 1
16 892 1
16 903 1
16 932 1
16 979 1
16 1078 1
16 1085 1
16 1089 1
16 1120 1
16 1167 1
16 1172 1
16 1182 1
16 1192 1
16 1285 1
16 1295 1
16 1314 1
16 1336 1
16 1345 1
16 1354 1
16 1355 1
16 1376 1
16 1398 1
16 1554 1
16 1561 1
16 1647 1
16 1720 1
16 1793 1
16 1889 1
16 2197 1
16 2303 1
16 2462 1
16 2554 1
16 2674 1
16 2866 1
16 3108 1
16 3261 1
16 3552 1
16 3691 1
16 3857 1
16 3950 1
16 4094 1
16 4176 1
16 4330 1
16 4402 1
16 4644 1
16 4714 1
16 4868 1
16 5024 1
16 6152 1
16 6226 1
16 6660 1
16 6673 1
16 6703 1
16 7141 1
18 6 1
18 12 1
18 15 1
18 22 1
18 25 1
18 26 1
18 28 1
18 30 1
18 33 1
18 34 1
18 37 1
18 43 1
18 46 1
18 60 1
18 69 1
18 71 1
18 72 1
18 74 1
18 89 1
18 92 1
18 94 1
18 104 1
18 111 1
18 115 1
18 120 1
18 124 1
18 125 1
18 126 1
18 147 1
18 190 1
18 197 1
18 207 1
18 212 1
18 226 1
18 227 1
18 236 1
18 245 1
18 258 1
18 280 1
18 290 1
18 294 1
18 299 1
18 307 1
18 315 1
18 333 1
18 337 1
18 340 1
18 342 1
18 348 1
18 358 1
18 369 1
18 371 1
18 438 1
18 443 1
18 456 1
18 478 1
18 489 1
18 506 1
18 508 1
18 514 1
18 515 1
18 522 1
18 526 1
18 530 1
18 561 1
18 612 1
18 624 1
18 631 1
18 725 1
18 733 1
18 801 1
18 803 1
18 838 1
18 844 1
18 854 1
18 881 1
18 888 1
18 892 1
18 903 1
18 908 1
18 932 1
18 1052 1
18 1063 1
18 1078 1
18 1131 1
18 1167 1
18 1172 1
18 1188 1
18 1276 1
18 1285 1
18 1289 1
18 1293 1
18 1295 1
18 1326 1
18 1376 1
18 1554 1
18 1603 1
18 1816 1
18 1889 1
18 2096 1
18 2467 1
18 2517 1
18 2609 1
18 2674 1
18 2763 1
18 3166 1
18 3261 1
18 3815 1
18 3857 1
18 4065 1
18 4714 1
18 4827 1
18 5280 1
18 5406 1
18 5518 1
18 6381 1
19 6 1
19 12 1
19 15 1
19 22 1
19 653 1
19 733 1
22 2 1
22 6 1
22 9 1
22 12 1
22 15 1
22 18 1
22 19 1
22 24 1
22 26 1
22 30 1
22 34 1
22 37 1
22 41 1
22 43 1
22 45 1
22 46 1
22 69 1
22 71 1
22 72 1
22 74 1
22 89 1
22 91 1
22 104 1
22 111 1
22 115 1
22 119 1
22 120 1
22 123 1
22 125 1
22 126 1
22 147 1
22 152 1
22 186 1
22 191 1
22 196 1
22 197 1
22 207 1
22 212 1
22 226 1
22 227 1
22 231 1
22 236 1
22 240 1
22 245 1
22 257 1
22 271 1
22 280 1
22 286 1
22 290 1
22 294 1
22 299 1
22 307 1
22 315 1
22 320 1
22 337 1
22 340 1
22 358 1
22 371 1
22 434 1
22 438 1
22 443 1
22 456 1
22 478 1
22 489 1
22 508 1
22 522 1
22 526 1
22 529 1
22 530 1
22 532 1
22 540 1
22 612 1
22 623 1
22 624 1
22 653 1
22 685 1
22 695 1
22 704 1
22 718 1
22 733 1
22 735 1
22 801 1
22 803 1
22 838 1
22 881 1
22 886 1
22 903 1
22 932 1
22 942 1
22 952 1
22 979 1
22 1052 1
22 1063 1
22 1078 1
22 1085 1
22 1120 1
22 1131 1
22 1167 1
22 1172 1
22 1182 1
22 1188 1
22 1192 1
22 1228 1
22 1289 1
22 1293 1
22 1354 1
22 1355 1
22 1469 1
22 1559 1
22 1659 1
22 1676 1
22 1816 1
22 1889 1
22 1955 1
22 2197 1
22 2299 1
22 2405 1
22 2462 1
22 2554 1
22 2612 1
22 2866 1
22 2966 1
22 3166 1
22 3481 1
22 3552 1
22 3691 1
22 3750 1
22 3815 1
22 3829 1
22 3877 1
22 3952 1
22 3963 1
22 4065 1
22 4102 1
22 4146 1
22 4269 1
22 4330 1
22 4402 1
22 4435 1
22 4437 1
22 4515 1
22 4714 1
22 4818 1
22 4820 1
22 4827 1
22 4843 1
22 5039 1
22 5227 1
22 5457 1
22 5938 1
22 5987 1
22 6381 1
22 6598 1
22 6703 1
22 7683 1
24 12 1
24 16 1
24 18 1
24 26 1
24 290 1
24 294 1
24 358 1
24 478 1
25 6 1
25 12 1
25 15 1
25 22 1
25 26 1
25 30 1
25 37 1
25 42 1
25 89 1
25 125 1
25 236 1
25 271 1
25 340 1
25 515 1
25 704 1
25 879 1
25 1376 1
25 2554 1
26 8 1
26 9 1
26 12 1
26 19 1
26 25 1
26 28 1
26 30 1
26 34 1
26 37 1
26 41 1
26 42 1
26 43 1
26 46 1
26 58 1
26 68 1
26 69 1
26 83 1
26 89 1
26 99 1
26 104 1
26 115 1
26 119 1
26 123 1
26 125 1
26 147 1
26 191 1
26 196 1
26 197 1
26 207 1
26 227 1
26 231 1
26 236 1
26 245 1
26 290 1
26 299 1
26 302 1
26 312 1
26 315 1
26 322 1
26 333 1
26 348 1
26 435 1
26 456 1
26 489 1
26 508 1
26 522 1
26 526 1
26 561 1
26 624 1
26 633 1
26 685 1
26 695 1
26 704 1
26 735 1
26 803 1
26 838 1
26 844 1
26 908 1
26 1052 1
26 1120 1
26 1131 1
26 1192 1
26 1276 1
26 1289 1
26 1354 1
26 1376 1
26 1617 1
26 1889 1
26 1955 1
26 2674 1
26 2738 1
26 3552 1
26 3691 1
26 4269 1
26 4868 1
26 5039 1
26 5449 1
26 5750 1
26 5921 1
26 6376 1
26 7143 1
28 2 1
28 8 1
28 9 1
28 12 1
28 15 1
28 16 1
28 18 1
28 22 1
28 24 1
28 26 1
28 34 1
28 37 1
28 41 1
28 42 1
28 43 1
28 45 1
28 58 1
28 60 1
28 68 1
28 72 1
28 74 1
28 89 1
28 94 1
28 104 1
28 111 1
28 115 1
28 120 1
28 124 1
28 126 1
28 136 1
28 147 1
28 190 1
28 197 1
28 207 1
28 227 1
28 231 1
28 245 1
28 271 1
28 280 1
28 286 1
28 290 1
28 294 1
28 302 1
28 307 1
28 312 1
28 315 1
28 320 1
28 333 1
28 358 1
28 371 1
28 435 1
28 443 1
28 489 1
28 548 1
28 623 1
28 624 1
28 725 1
28 735 1
28 844 1
28 854 1
28 903 1
28 1063 1
28 1078 1
28 1172 1
28 1182 1
28 1289 1
28 1339 1
28 1341 1
28 1376 1
28 1398 1
28 1879 1
28 2182 1
28 2197 1
28 2305 1
28 2462 1
28 2517 1
28 2738 1
28 3301 1
28 5007 1
28 6673 1
28 7017 1
28 7143 1
28 7419 1
30 2 1
30 12 1
30 15 1
30 16 1
30 22 1
30 24 1
30 34 1
30 41 1
30 42 1
30 45 1
30 46 1
30 71 1
30 72 1
30 89 1
30 91 1
30 94 1
30 115 1
30 120 1
30 125 1
30 207 1
30 227 1
30 231 1
30 236 1
30 245 1
30 286 1
30 294 1
30 340 1
30 358 1
30 438 1
30 456 1
30 474 1
30 529 1
30 532 1
30 548 1
30 624 1
30 735 1
30 879 1
30 932 1
30 1052 1
30 1063 1
30 1172 1
30 1276 1
30 1285 1
30 1326 1
30 1376 1
30 1554 1
30 1816 1
30 3375 1
30 4094 1
30 4843 1
30 5406 1
33 47 1
33 1738 1
34 8 1
34 12 1
34 16 1
34 18 1
34 19 1
34 26 1
34 43 1
34 45 1
34 58 1
34 72 1
34 89 1
34 94 1
34 120 1
34 190 1
34 236 1
34 257 1
34 290 1
34 294 1
34 299 1
34 312 1
34 315 1
34 320 1
34 340 1
34 358 1
34 474 1
34 506 1
34 526 1
34 530 1
34 561 1
34 725 1
34 801 1
34 903 1
34 932 1
34 979 1
34 1063 1
34 1131 1
34 1172 1
34 1345 1
34 1355 1
34 1554 1
34 2040 1
34 3750 1
34 3815 1
37 2 1
37 6 1
37 8 1
37 9 1
37 12 1
37 15 1
37 16 1
37 18 1
37 30 1
37 34 1
37 41 1
37 45 1
37 58 1
37 68 1
37 89 1
37 94 1
37 104 1
37 111 1
37 119 1
37 120 1
37 123 1
37 126 1
37 136 1
37 186 1
37 207 1
37 212 1
37 231 1
37 299 1
37 312 1
37 320 1
37 340 1
37 438 1
37 456 1
37 474 1
37 489 1
37 522 1
37 530 1
37 533 1
37 582 1
37 612 1
37 844 1
37 1052 1
37 1063 1
37 1131 1
37 1167 1
37 1192 1
37 1289 1
37 1339 1
37 1955 1
41 2 1
41 6 1
41 12 1
41 16 1
41 18 1
41 26 1
41 28 1
41 37 1
41 42 1
41 45 1
41 46 1
41 104 1
41 123 1
41 125 1
41 190 1
41 207 1
41 245 1
41 299 1
41 312 1
41 333 1
41 340 1
41 348 1
41 474 1
41 508 1
41 725 1
41 932 1
41 1063 1
41 1172 1
41 1376 1
41 3750 1
41 4644 1
42 2 1
42 6 1
42 12 1
42 24 1
42 28 1
42 68 1
42 71 1
42 94 1
42 115 1
42 120 1
42 123 1
42 196 1
42 212 1
42 286 1
42 290 1
42 302 1
42 312 1
42 438 1
42 456 1
42 474 1
42 489 1
42 530 1
42 765 1
42 1293 1
42 4437 1
42 7294 1
43 2 1
43 6 1
43 16 1
43 22 1
43 45 1
43 46 1
43 68 1
43 71 1
43 89 1
43 92 1
43 94 1
43 104 1
43 111 1
43 120 1
43 124 1
43 125 1
43 139 1
43 236 1
43 443 1
43 456 1
43 685 1
43 801 1
43 838 1
43 881 1
43 932 1
43 1172 1
43 1293 1
43 1314 1
43 2197 1
43 2303 1
43 2462 1
43 2517 1
43 7469 1
45 6 1
45 8 1
45 12 1
45 15 1
45 16 1
45 18 1
45 19 1
45 22 1
45 26 1
45 28 1
45 30 1
45 41 1
45 42 1
45 43 1
45 46 1
45 68 1
45 69 1
45 71 1
45 74 1
45 89 1
45 94 1
45 115 1
45 124 1
45 125 1
45 147 1
45 236 1
45 290 1
45 294 1
45 299 1
45 322 1
45 340 1
45 434 1
45 443 1
45 508 1
45 612 1
45 653 1
45 733 1
45 765 1
45 844 1
45 886 1
45 922 1
45 932 1
45 1052 1
45 1063 1
45 1078 1
45 1089 1
45 1120 1
45 1167 1
45 1182 1
45 1289 1
45 1345 1
45 1510 1
45 1592 1
45 1659 1
45 1889 1
45 2299 1
45 2308 1
45 2517 1
45 2738 1
45 3261 1
45 4714 1
46 2 1
46 6 1
46 12 1
46 15 1
46 16 1
46 18 1
46 26 1
46 34 1
46 41 1
46 42 1
46 47 1
46 69 1
46 72 1
46 74 1
46 89 1
46 92 1
46 94 1
46 104 1
46 115 1
46 119 1
46 123 1
46 126 1
46 136 1
46 190 1
46 207 1
46 212 1
46 231 1
46 257 1
46 299 1
46 312 1
46 342 1
46 506 1
46 526 1
46 530 1
46 561 1
46 653 1
46 838 1
46 922 1
46 932 1
46 1955 1
46 2405 1
46 3607 1
46 4714 1
47 2 1
47 15 1
47 18 1
47 26 1
47 41 1
47 42 1
47 120 1
47 361 1
47 879 1
47 1052 1
47 1172 1
47 1355 1
47 7340 1
58 2 1
58 6 1
58 12 1
58 15 1
58 16 1
58 18 1
58 22 1
58 25 1
58 26 1
58 30 1
58 34 1
58 37 1
58 41 1
58 42 1
58 46 1
58 68 1
58 69 1
58 71 1
58 89 1
58 92 1
58 104 1
58 111 1
58 115 1
58 120 1
58 126 1
58 136 1
58 212 1
58 271 1
58 286 1
58 299 1
58 333 1
58 337 1
58 340 1
58 358 1
58 474 1
58 506 1
58 514 1
58 526 1
58 548 1
58 561 1
58 624 1
58 1052 1
58 1089 1
58 1167 1
58 1172 1
58 1289 1
58 1339 1
58 1341 1
58 1554 1
58 1592 1
58 1738 1
58 2966 1
58 3108 1
58 3750 1
58 4402 1
58 4435 1
58 5921 1
60 2 1
60 16 1
60 22 1
60 28 1
60 71 1
60 89 1
60 115 1
60 227 1
60 474 1
60 526 1
60 1063 1
60 1089 1
60 1554 1
68 6 1
68 12 1
68 15 1
68 18 1
68 22 1
68 25 1
68 26 1
68 30 1
68 34 1
68 37 1
68 41 1
68 45 1
68 58 1
68 71 1
68 72 1
68 111 1
68 125 1
68 126 1
68 147 1
68 190 1
68 197 1
68 240 1
68 280 1
68 286 1
68 299 1
68 302 1
68 333 1
68 337 1
68 348 1
68 358 1
68 371 1
68 435 1
68 438 1
68 443 1
68 456 1
68 508 1
68 514 1
68 526 1
68 529 1
68 540 1
68 561 1
68 653 1
68 733 1
68 922 1
68 942 1
68 1063 1
68 1089 1
68 1120 1
68 1166 1
68 1182 1
68 1188 1
68 1285 1
68 1295 1
68 1339 1
68 1345 1
68 1592 1
68 1659 1
68 1955 1
68 2203 1
68 2303 1
68 2554 1
68 2674 1
68 3552 1
68 3691 1
68 3857 1
68 5406 1
69 15 1
69 18 1
69 26 1
69 34 1
69 72 1
69 120 1
69 147 1
69 506 1
69 1131 1
69 1167 1
69 1339 1
69 2299 1
71 6 1
71 9 1
71 15 1
71 18 1
71 19 1
71 26 1
71 28 1
71 34 1
71 37 1
71 41 1
71 42 1
71 47 1
71 58 1
71 89 1
71 94 1
71 111 1
71 120 1
71 125 1
71 136 1
71 152 1
71 197 1
71 227 1
71 257 1
71 258 1
71 290 1
71 312 1
71 320 1
71 358 1
71 371 1
71 434 1
71 438 1
71 474 1
71 508 1
71 631 1
71 704 1
71 725 1
71 733 1
71 735 1
71 801 1
71 844 1
71 879 1
71 932 1
71 942 1
71 1063 1
71 1172 1
71 1276 1
71 1295 1
71 1339 1
71 1955 1
71 2096 1
71 2405 1
71 2554 1
71 3552 1
71 3606 1
71 4175 1
71 5921 1
71 6068 1
72 15 1
72 18 1
72 25 1
72 26 1
72 37 1
72 41 1
72 45 1
72 94 1
72 111 1
72 120 1
72 124 1
72 257 1
72 258 1
72 299 1
72 312 1
72 322 1
72 526 1
72 530 1
72 735 1
72 844 1
72 1120 1
72 1167 1
72 1172 1
72 1339 1
72 3952 1
72 3963 1
72 6376 1
74 6 1
74 12 1
74 71 1
74 89 1
74 111 1
74 474 1
74 633 1
74 803 1
83 2 1
83 15 1
83 16 1
83 18 1
83 30 1
83 68 1
83 71 1
83 124 1
83 147 1
83 190 1
83 231 1
83 299 1
83 340 1
83 371 1
83 881 1
83 908 1
83 3952 1
83 4714 1
89 2 1
89 12 1
89 16 1
89 19 1
89 22 1
89 26 1
89 41 1
89 46 1
89 60 1
89 69 1
89 72 1
89 94 1
89 115 1
89 123 1
89 124 1
89 139 1
89 147 1
89 191 1
89 197 1
89 207 1
89 226 1
89 245 1
89 286 1
89 290 1
89 299 1
89 312 1
89 342 1
89 358 1
89 371 1
89 438 1
89 443 1
89 474 1
89 522 1
89 529 1
89 624 1
89 685 1
89 695 1
89 735 1
89 803 1
89 844 1
89 881 1
89 903 1
89 1131 1
89 1289 1
89 1295 1
89 1345 1
89 1376 1
89 1398 1
89 1469 1
89 1617 1
89 1659 1
89 1720 1
89 1879 1
89 2048 1
89 2197 1
89 2554 1
89 2566 1
89 2738 1
89 3731 1
89 4102 1
89 6376 1
91 15 1
91 16 1
91 45 1
91 533 1
92 2 1
92 8 1
92 15 1
92 26 1
92 45 1
92 46 1
92 94 1
92 120 1
92 126 1
92 236 1
92 258 1
92 315 1
92 443 1
92 526 1
92 530 1
92 561 1
92 735 1
92 1052 1
92 1167 1
92 1314 1
92 1341 1
92 2182 1
92 2299 1
92 6376 1
94 8 1
94 9 1
94 12 1
94 15 1
94 22 1
94 28 1
94 34 1
94 37 1
94 42 1
94 45 1
94 46 1
94 47 1
94 58 1
94 68 1
94 69 1
94 72 1
94 92 1
94 104 1
94 111 1
94 120 1
94 125 1
94 136 1
94 197 1
94 245 1
94 271 1
94 299 1
94 312 1
94 315 1
94 348 1
94 369 1
94 474 1
94 529 1
94 548 1
94 704 1
94 765 1
94 888 1
94 1131 1
94 1182 1
94 1276 1
94 1339 1
94 1341 1
94 2405 1
94 2517 1
94 3552 1
94 4094 1
94 4330 1
94 4714 1
94 5227 1
99 2 1
99 6 1
99 16 1
99 18 1
99 19 1
99 22 1
99 34 1
99 46 1
99 58 1
99 89 1
99 104 1
99 111 1
99 115 1
99 120 1
99 136 1
99 240 1
99 245 1
99 280 1
99 299 1
99 302 1
99 398 1
99 533 1
99 561 1
99 653 1
99 733 1
99 1289 1
99 1293 1
99 1376 1
104 2 1
104 12 1
104 15 1
104 18 1
104 22 1
104 28 1
104 34 1
104 37 1
104 41 1
104 46 1
104 68 1
104 71 1
104 72 1
104 89 1
104 94 1
104 111 1
104 124 1
104 125 1
104 197 1
104 231 1
104 245 1
104 257 1
104 271 1
104 280 1
104 286 1
104 290 1
104 294 1
104 337 1
104 340 1
104 369 1
104 438 1
104 443 1
104 456 1
104 474 1
104 515 1
104 561 1
104 633 1
104 735 1
104 844 1
104 879 1
104 1166 1
104 1289 1
104 1293 1
104 1314 1
104 1339 1
104 1341 1
104 1376 1
104 1554 1
104 1889 1
104 2763 1
104 5039 1
104 5101 1
111 6 1
111 12 1
111 15 1
111 16 1
111 18 1
111 22 1
111 25 1
111 26 1
111 30 1
111 34 1
111 37 1
111 42 1
111 45 1
111 46 1
111 47 1
111 58 1
111 71 1
111 94 1
111 123 1
111 147 1
111 190 1
111 197 1
111 207 1
111 231 1
111 245 1
111 257 1
111 280 1
111 286 1
111 290 1
111 302 1
111 312 1
111 315 1
111 333 1
111 371 1
111 443 1
111 456 1
111 489 1
111 506 1
111 529 1
111 532 1
111 548 1
111 888 1
111 1052 1
111 1089 1
111 1120 1
111 1192 1
111 1326 1
111 1376 1
111 1659 1
115 2 1
115 6 1
115 8 1
115 9 1
115 15 1
115 28 1
115 37 1
115 41 1
115 47 1
115 58 1
115 68 1
115 71 1
115 94 1
115 124 1
115 125 1
115 139 1
115 147 1
115 186 1
115 197 1
115 207 1
115 227 1
115 236 1
115 240 1
115 245 1
115 286 1
115 294 1
115 315 1
115 320 1
115 322 1
115 340 1
115 434 1
115 438 1
115 508 1
115 515 1
115 561 1
115 653 1
115 695 1
115 704 1
115 725 1
115 908 1
115 1167 1
115 1172 1
115 1182 1
115 1355 1
115 1592 1
115 1617 1
115 1659 1
115 2308 1
115 2405 1
115 2462 1
115 2554 1
115 2609 1
115 3166 1
119 2 1
119 6 1
119 15 1
119 16 1
119 18 1
119 22 1
119 28 1
119 30 1
119 37 1
119 41 1
119 42 1
119 43 1
119 45 1
119 58 1
119 69 1
119 71 1
119 72 1
119 74 1
119 89 1
119 92 1
119 104 1
119 120 1
119 123 1
119 124 1
119 190 1
119 197 1
119 207 1
119 257 1
119 280 1
119 290 1
119 294 1
119 333 1
119 337 1
119 340 1
119 371 1
119 398 1
119 434 1
119 443 1
119 456 1
119 474 1
119 489 1
119 506 1
119 529 1
119 532 1
119 561 1
119 735 1
119 765 1
119 801 1
119 803 1
119 932 1
119 1052 1
119 1078 1
119 1188 1
119 2140 1
119 2462 1
119 2554 1
119 3552 1
119 4402 1
119 4549 1
119 5406 1
119 6376 1
120 9 1
120 15 1
120 16 1
120 18 1
120 26 1
120 37 1
120 60 1
120 68 1
120 71 1
120 111 1
120 125 1
120 197 1
120 207 1
120 258 1
120 271 1
120 280 1
120 299 1
120 340 1
120 348 1
120 369 1
120 438 1
120 443 1
120 474 1
120 514 1
120 561 1
120 695 1
120 725 1
120 735 1
120 844 1
120 903 1
120 932 1
120 1172 1
120 1659 1
120 1691 1
120 2467 1
120 3607 1
123 2 1
123 6 1
123 22 1
123 25 1
123 26 1
123 30 1
123 34 1
123 37 1
123 43 1
123 45 1
123 46 1
123 47 1
123 58 1
123 68 1
123 69 1
123 71 1
123 89 1
123 94 1
123 99 1
123 111 1
123 115 1
123 124 1
123 125 1
123 136 1
123 152 1
123 190 1
123 197 1
123 212 1
123 227 1
123 231 1
123 236 1
123 240 1
123 257 1
123 280 1
123 294 1
123 299 1
123 307 1
123 312 1
123 315 1
123 348 1
123 358 1
123 371 1
123 443 1
123 456 1
123 474 1
123 514 1
123 526 1
123 533 1
123 561 1
123 582 1
123 624 1
123 733 1
123 735 1
123 765 1
123 844 1
123 854 1
123 1052 1
123 1078 1
123 1131 1
123 1167 1
123 1172 1
123 1339 1
123 1355 1
123 1376 1
123 1510 1
123 1559 1
123 1561 1
123 1592 1
123 1659 1
123 2203 1
123 2467 1
123 2612 1
123 3166 1
123 3301 1
123 3375 1
123 3750 1
123 3815 1
123 4065 1
123 4714 1
123 5406 1
123 5921 1
124 2 1
124 15 1
124 16 1
124 22 1
124 26 1
124 37 1
124 68 1
124 94 1
124 115 1
124 120 1
124 125 1
124 152 1
124 190 1
124 271 1
124 294 1
124 526 1
124 695 1
124 1052 1
124 1336 1
124 3596 1
124 5280 1
125 9 1
125 12 1
125 15 1
125 18 1
125 22 1
125 26 1
125 28 1
125 37 1
125 58 1
125 74 1
125 89 1
125 94 1
125 120 1
125 123 1
125 147 1
125 186 1
125 190 1
125 197 1
125 240 1
125 257 1
125 271 1
125 280 1
125 286 1
125 307 1
125 443 1
125 478 1
125 515 1
125 624 1
125 1063 1
125 1289 1
125 1314 1
125 1659 1
125 1879 1
125 2308 1
125 3552 1
125 7419 1
126 2 1
126 16 1
126 18 1
126 26 1
126 34 1
126 45 1
126 68 1
126 92 1
126 104 1
126 280 1
126 932 1
126 1341 1
133 104 1
133 879 1
136 6 1
136 12 1
136 15 1
136 16 1
136 22 1
136 26 1
136 28 1
136 37 1
136 42 1
136 45 1
136 68 1
136 69 1
136 71 1
136 89 1
136 115 1
136 123 1
136 147 1
136 294 1
136 315 1
136 438 1
136 881 1
136 1172 1
136 4146 1
136 6362 1
139 2 1
139 6 1
139 15 1
139 16 1
139 18 1
139 26 1
139 42 1
139 45 1
139 94 1
139 125 1
139 307 1
139 508 1
139 879 1
139 942 1
139 2467 1
147 6 1
147 45 1
147 46 1
147 125 1
147 190 1
147 240 1
147 582 1
147 2197 1
147 2966 1
152 6 1
152 12 1
152 15 1
152 18 1
152 45 1
152 89 1
152 115 1
152 136 1
152 257 1
152 478 1
152 529 1
152 1816 1
152 2405 1
186 26 1
186 45 1
186 111 1
186 522 1
186 526 1
186 653 1
186 844 1
186 1052 1
186 2674 1
190 9 1
190 18 1
190 22 1
190 26 1
190 37 1
190 41 1
190 43 1
190 68 1
190 72 1
190 89 1
190 104 1
190 136 1
190 147 1
190 231 1
190 245 1
190 257 1
190 286 1
190 312 1
190 322 1
190 342 1
190 369 1
190 803 1
190 1089 1
190 1314 1
190 1339 1
190 1376 1
190 2299 1
190 2738 1
190 7017 1
191 15 1
191 92 1
191 474 1
191 903 1
196 22 1
196 30 1
197 2 1
197 15 1
197 16 1
197 42 1
197 60 1
197 72 1
197 124 1
197 257 1
197 286 1
197 299 1
197 312 1
197 443 1
197 474 1
197 854 1
207 8 1
207 18 1
207 22 1
207 26 1
207 69 1
207 104 1
207 119 1
207 123 1
207 125 1
207 147 1
207 333 1
207 371 1
207 456 1
207 474 1
207 514 1
207 515 1
207 529 1
207 530 1
207 844 1
207 1339 1
212 9 1
212 12 1
212 15 1
212 16 1
212 26 1
212 37 1
212 41 1
212 43 1
212 45 1
212 68 1
212 71 1
212 89 1
212 94 1
212 104 1
212 120 1
212 124 1
212 152 1
212 312 1
212 438 1
212 474 1
212 561 1
212 685 1
212 903 1
212 1131 1
212 3731 1
212 4330 1
226 16 1
226 540 1
226 1131 1
227 22 1
227 197 1
227 333 1
227 371 1
227 624 1
227 2517 1
231 2 1
231 8 1
231 15 1
231 18 1
231 22 1
231 26 1
231 28 1
231 47 1
231 58 1
231 69 1
231 89 1
231 111 1
231 115 1
231 240 1
231 337 1
231 371 1
231 438 1
231 474 1
231 489 1
231 526 1
231 844 1
231 932 1
231 1120 1
231 3552 1
231 7154 1
236 6 1
236 8 1
236 12 1
236 15 1
236 16 1
236 18 1
236 22 1
236 25 1
236 26 1
236 58 1
236 71 1
236 89 1
236 92 1
236 104 1
236 120 1
236 123 1
236 126 1
236 147 1
236 207 1
236 240 1
236 299 1
236 312 1
236 340 1
236 348 1
236 474 1
236 508 1
236 631 1
236 844 1
236 854 1
236 1339 1
236 2554 1
240 2 1
240 8 1
240 15 1
240 26 1
240 34 1
240 89 1
240 136 1
241 2299 1
245 2 1
245 8 1
245 12 1
245 15 1
245 16 1
245 22 1
245 28 1
245 37 1
245 58 1
245 72 1
245 119 1
245 123 1
245 125 1
245 231 1
245 280 1
245 312 1
245 443 1
245 474 1
245 506 1
245 561 1
245 844 1
245 932 1
245 1172 1
245 1276 1
245 1289 1
245 1793 1
245 2305 1
257 2 1
257 16 1
257 22 1
257 25 1
257 26 1
257 43 1
257 45 1
257 47 1
257 68 1
257 71 1
257 89 1
257 94 1
257 115 1
257 120 1
257 123 1
257 124 1
257 136 1
257 147 1
257 236 1
257 271 1
257 290 1
257 435 1
257 438 1
257 443 1
257 474 1
257 533 1
257 733 1
257 803 1
257 844 1
257 879 1
257 908 1
257 932 1
257 942 1
257 1052 1
257 1085 1
257 1182 1
257 1659 1
257 1879 1
257 1986 1
257 2462 1
257 3552 1
257 3952 1
257 5938 1
257 7452 1
258 15 1
258 16 1
258 18 1
258 22 1
258 26 1
258 41 1
258 42 1
258 45 1
258 89 1
258 207 1
258 231 1
258 358 1
258 474 1
258 5406 1
271 15 1
271 45 1
271 68 1
271 71 1
271 111 1
271 147 1
271 286 1
271 735 1
271 765 1
271 892 1
271 1561 1
280 15 1
280 371 1
280 540 1
280 1326 1
286 2 1
286 8 1
286 15 1
286 16 1
286 18 1
286 19 1
286 24 1
286 26 1
286 30 1
286 34 1
286 37 1
286 41 1
286 45 1
286 71 1
286 136 1
286 139 1
286 147 1
286 257 1
286 258 1
286 302 1
286 320 1
286 333 1
286 340 1
286 371 1
286 434 1
286 438 1
286 456 1
286 530 1
286 623 1
286 733 1
286 903 1
286 908 1
286 1052 1
286 1131 1
286 1172 1
286 1293 1
286 1341 1
286 1355 1
286 1376 1
286 2299 1
286 2490 1
286 2517 1
286 2554 1
286 3963 1
286 4843 1
286 5750 1
290 6 1
290 15 1
290 16 1
290 22 1
290 28 1
290 45 1
290 47 1
290 58 1
290 60 1
290 69 1
290 71 1
290 94 1
290 136 1
290 186 1
290 226 1
290 227 1
290 231 1
290 245 1
290 271 1
290 286 1
290 299 1
290 312 1
290 342 1
290 358 1
290 514 1
290 526 1
290 530 1
290 561 1
290 623 1
290 886 1
290 908 1
290 942 1
290 1172 1
290 1326 1
290 1339 1
290 2096 1
290 3261 1
290 4714 1
294 2 1
294 15 1
294 18 1
294 26 1
294 34 1
294 37 1
294 58 1
294 71 1
294 94 1
294 115 1
294 123 1
294 152 1
294 197 1
294 231 1
294 257 1
294 258 1
294 286 1
294 302 1
294 322 1
294 548 1
294 735 1
294 844 1
294 1063 1
294 1089 1
294 1285 1
294 1889 1
294 3261 1
294 4146 1
299 6 1
299 8 1
299 9 1
299 12 1
299 15 1
299 16 1
299 18 1
299 22 1
299 26 1
299 30 1
299 45 1
299 58 1
299 68 1
299 89 1
299 111 1
299 115 1
299 123 1
299 136 1
299 240 1
299 290 1
299 315 1
299 506 1
299 582 1
299 735 1
299 1326 1
299 2303 1
299 2517 1
299 2674 1
299 3750 1
302 2 1
302 12 1
302 15 1
302 16 1
302 22 1
302 25 1
302 26 1
302 28 1
302 34 1
302 37 1
302 41 1
302 45 1
302 46 1
302 47 1
302 72 1
302 83 1
302 89 1
302 111 1
302 115 1
302 120 1
302 125 1
302 280 1
302 371 1
302 443 1
302 474 1
302 854 1
302 1052 1
302 1131 1
302 1376 1
302 1793 1
302 2303 1
302 2308 1
302 3481 1
307 2 1
307 15 1
307 16 1
307 26 1
307 34 1
307 37 1
307 45 1
307 68 1
307 71 1
307 72 1
307 115 1
307 136 1
307 190 1
307 258 1
307 438 1
307 456 1
307 474 1
307 494 1
307 624 1
307 631 1
307 1554 1
307 3731 1
307 4644 1
307 5976 1
312 15 1
312 16 1
312 22 1
312 26 1
312 28 1
312 41 1
312 46 1
312 68 1
312 69 1
312 71 1
312 89 1
312 104 1
312 111 1
312 245 1
312 307 1
312 342 1
312 358 1
312 456 1
312 474 1
312 489 1
312 548 1
312 735 1
312 1172 1
312 1293 1
312 2763 1
312 2866 1
312 3552 1
312 3691 1
312 4146 1
312 5533 1
315 2 1
315 6 1
315 8 1
315 15 1
315 16 1
315 18 1
315 22 1
315 26 1
315 28 1
315 37 1
315 42 1
315 71 1
315 89 1
315 92 1
315 104 1
315 123 1
315 197 1
315 207 1
315 245 1
315 438 1
315 443 1
315 624 1
315 1052 1
315 1078 1
315 1131 1
315 4094 1
320 16 1
320 22 1
320 26 1
320 37 1
320 438 1
322 18 1
322 22 1
322 26 1
322 28 1
322 34 1
322 4843 1
333 6 1
333 12 1
333 15 1
333 16 1
333 18 1
333 45 1
333 71 1
333 89 1
333 104 1
333 115 1
333 123 1
333 197 1
333 257 1
333 371 1
333 438 1
333 474 1
333 1052 1
333 1085 1
333 1131 1
333 1172 1
333 1554 1
333 1647 1
333 2609 1
333 4102 1
337 6 1
337 16 1
337 41 1
337 125 1
337 320 1
340 19 1
340 42 1
340 68 1
340 89 1
340 125 1
340 147 1
340 257 1
340 280 1
340 290 1
340 294 1
340 299 1
340 312 1
340 348 1
340 474 1
340 506 1
340 1089 1
340 1166 1
340 1659 1
340 2197 1
340 3607 1
340 5024 1
340 5866 1
340 6226 1
342 6 1
342 15 1
342 16 1
342 18 1
342 26 1
342 371 1
342 494 1
348 2 1
348 15 1
348 18 1
348 22 1
348 26 1
348 69 1
348 71 1
348 94 1
348 126 1
348 257 1
348 290 1
348 514 1
348 942 1
348 1063 1
348 1131 1
348 4714 1
358 2 1
358 15 1
358 18 1
358 22 1
358 28 1
358 30 1
358 42 1
358 58 1
358 68 1
358 71 1
358 74 1
358 94 1
358 115 1
358 123 1
358 290 1
358 435 1
358 508 1
358 561 1
358 1078 1
358 1339 1
361 15 1
361 18 1
361 22 1
361 41 1
361 286 1
369 15 1
369 16 1
369 26 1
369 474 1
369 532 1
371 6 1
371 12 1
371 15 1
371 16 1
371 22 1
371 68 1
371 94 1
371 104 1
371 111 1
371 120 1
371 123 1
371 125 1
371 136 1
371 186 1
371 257 1
371 474 1
371 526 1
371 1554 1
371 1879 1
371 2738 1
371 3301 1
371 4714 1
398 2 1
398 6 1
398 22 1
398 26 1
398 42 1
398 71 1
398 115 1
398 147 1
398 280 1
398 340 1
398 506 1
398 526 1
398 633 1
398 879 1
434 6 1
434 18 1
434 22 1
434 197 1
434 474 1
434 5921 1
435 12 1
435 15 1
435 18 1
435 26 1
435 60 1
435 115 1
435 152 1
435 257 1
435 474 1
438 2 1
438 12 1
438 15 1
438 18 1
438 28 1
438 37 1
438 41 1
438 68 1
438 69 1
438 72 1
438 111 1
438 123 1
438 231 1
438 257 1
438 258 1
438 271 1
438 286 1
438 290 1
438 333 1
438 358 1
438 371 1
438 474 1
438 633 1
438 735 1
438 888 1
438 1052 1
438 1063 1
438 1289 1
438 1561 1
438 2343 1
438 4714 1
443 2 1
443 6 1
443 15 1
443 18 1
443 26 1
443 45 1
443 47 1
443 71 1
443 104 1
443 111 1
443 115 1
443 125 1
443 126 1
443 227 1
443 245 1
443 258 1
443 286 1
443 348 1
443 695 1
443 1554 1
443 1720 1
443 2517 1
456 2 1
456 15 1
456 16 1
456 22 1
456 41 1
456 125 1
456 197 1
456 294 1
456 312 1
456 903 1
456 1889 1
474 6 1
474 15 1
474 18 1
474 41 1
474 42 1
474 45 1
474 46 1
474 58 1
474 68 1
474 69 1
474 72 1
474 89 1
474 92 1
474 104 1
474 111 1
474 115 1
474 152 1
474 186 1
474 190 1
474 231 1
474 236 1
474 257 1
474 280 1
474 286 1
474 299 1
474 302 1
474 358 1
474 443 1
474 515 1
474 522 1
474 533 1
474 624 1
474 631 1
474 695 1
474 735 1
474 879 1
474 903 1
474 1052 1
474 1063 1
474 1085 1
474 1339 1
474 1676 1
474 1889 1
474 2462 1
474 2467 1
474 2573 1
474 2612 1
474 2682 1
474 3552 1
474 4102 1
474 5518 1
474 6263 1
478 2 1
478 15 1
478 22 1
478 26 1
478 37 1
478 299 1
478 624 1
478 908 1
489 15 1
489 16 1
489 26 1
489 34 1
489 46 1
489 68 1
489 115 1
489 190 1
489 257 1
489 294 1
489 1592 1
494 18 1
494 22 1
494 28 1
494 68 1
494 89 1
506 2 1
506 15 1
506 18 1
506 22 1
506 26 1
506 42 1
506 45 1
506 46 1
506 94 1
506 111 1
506 236 1
506 280 1
506 320 1
506 337 1
506 358 1
506 881 1
506 1063 1
506 1131 1
506 1341 1
506 1659 1
506 2609 1
508 15 1
508 22 1
508 30 1
508 34 1
508 37 1
508 41 1
508 45 1
508 115 1
508 257 1
508 286 1
508 3691 1
514 6 1
514 22 1
514 26 1
514 28 1
514 30 1
514 37 1
514 42 1
514 68 1
514 94 1
514 125 1
514 299 1
514 302 1
514 340 1
514 494 1
514 526 1
514 530 1
514 1276 1
514 1295 1
515 22 1
515 474 1
515 2308 1
522 2 1
522 18 1
522 22 1
522 41 1
522 42 1
522 71 1
522 104 1
522 115 1
522 125 1
522 1120 1
526 2 1
526 16 1
526 18 1
526 26 1
526 34 1
526 45 1
526 46 1
526 47 1
526 68 1
526 71 1
526 72 1
526 89 1
526 120 1
526 123 1
526 125 1
526 152 1
526 190 1
526 257 1
526 290 1
526 294 1
526 302 1
526 340 1
526 474 1
526 725 1
526 854 1
526 1089 1
526 1167 1
526 1172 1
526 1720 1
526 2738 1
526 6263 1
529 8 1
529 12 1
529 15 1
529 18 1
529 19 1
529 22 1
529 45 1
529 111 1
529 115 1
529 299 1
529 348 1
529 533 1
529 838 1
530 15 1
530 16 1
530 18 1
530 22 1
530 26 1
530 34 1
530 37 1
530 45 1
530 46 1
530 94 1
530 120 1
530 1289 1
530 1339 1
530 2048 1
532 45 1
532 46 1
532 69 1
532 94 1
532 139 1
532 258 1
532 286 1
533 37 1
533 120 1
533 302 1
540 15 1
540 94 1
540 125 1
540 197 1
540 624 1
540 735 1
540 1078 1
540 1339 1
548 15 1
548 18 1
548 22 1
548 37 1
548 280 1
548 2299 1
561 8 1
561 12 1
561 15 1
561 18 1
561 22 1
561 26 1
561 34 1
561 37 1
561 45 1
561 69 1
561 71 1
561 72 1
561 89 1
561 257 1
561 271 1
561 286 1
561 294 1
561 299 1
561 312 1
561 340 1
561 371 1
561 514 1
561 530 1
561 624 1
561 718 1
561 844 1
561 1052 1
561 1293 1
561 2096 1
561 2299 1
561 4643 1
561 5518 1
582 6 1
582 8 1
582 12 1
582 15 1
582 16 1
582 18 1
582 22 1
582 26 1
582 37 1
582 42 1
582 58 1
582 104 1
582 111 1
582 120 1
582 123 1
582 152 1
582 186 1
582 197 1
582 212 1
582 236 1
582 257 1
582 294 1
582 312 1
582 337 1
582 340 1
582 369 1
582 494 1
582 529 1
582 530 1
582 540 1
582 561 1
582 733 1
582 803 1
582 1052 1
582 1078 1
582 1089 1
582 1120 1
582 1510 1
582 2141 1
582 2405 1
582 2653 1
582 3750 1
582 6673 1
612 12 1
612 26 1
612 34 1
612 68 1
612 1341 1
612 3552 1
623 6 1
623 18 1
623 26 1
624 8 1
624 12 1
624 15 1
624 22 1
624 26 1
624 28 1
624 69 1
624 92 1
624 104 1
624 111 1
624 123 1
624 152 1
624 286 1
624 315 1
624 340 1
624 434 1
624 506 1
624 508 1
624 908 1
624 1131 1
624 3750 1
631 22 1
631 1659 1
633 12 1
633 15 1
633 22 1
633 26 1
633 46 1
633 1345 1
653 2 1
653 15 1
653 16 1
653 18 1
653 26 1
653 71 1
653 72 1
653 115 1
653 271 1
653 286 1
653 294 1
653 438 1
653 474 1
653 1131 1
653 3877 1
685 6 1
685 15 1
685 16 1
685 26 1
685 41 1
685 47 1
685 72 1
685 120 1
685 231 1
685 271 1
685 299 1
685 532 1
685 903 1
685 1063 1
685 1131 1
685 1326 1
685 3691 1
695 15 1
695 18 1
695 28 1
695 45 1
695 190 1
704 18 1
704 22 1
704 94 1
714 119 1
714 371 1
718 231 1
725 2 1
725 9 1
725 15 1
725 16 1
725 18 1
725 26 1
725 45 1
725 72 1
725 89 1
725 94 1
725 119 1
725 294 1
725 307 1
725 312 1
725 340 1
725 530 1
725 854 1
725 932 1
725 979 1
725 1052 1
725 1326 1
725 2096 1
725 2653 1
733 26 1
733 115 1
733 123 1
733 125 1
733 290 1
733 1192 1
733 1659 1
735 15 1
735 18 1
735 22 1
735 33 1
735 43 1
735 45 1
735 299 1
735 312 1
735 443 1
735 474 1
735 514 1
735 1341 1
735 3480 1
765 15 1
765 22 1
765 37 1
765 45 1
765 68 1
765 72 1
765 438 1
765 4146 1
801 6 1
801 26 1
801 30 1
801 41 1
801 89 1
801 94 1
801 120 1
801 207 1
801 286 1
801 294 1
801 322 1
801 530 1
801 561 1
801 932 1
803 18 1
803 26 1
803 28 1
803 37 1
803 42 1
803 94 1
803 257 1
803 474 1
803 844 1
838 18 1
838 19 1
838 26 1
838 34 1
838 45 1
838 46 1
838 58 1
838 94 1
838 123 1
838 191 1
838 258 1
838 337 1
838 474 1
838 489 1
838 1355 1
844 6 1
844 8 1
844 15 1
844 18 1
844 22 1
844 30 1
844 41 1
844 42 1
844 45 1
844 58 1
844 92 1
844 104 1
844 190 1
844 280 1
844 286 1
844 290 1
844 294 1
844 312 1
844 315 1
844 358 1
844 371 1
844 529 1
844 561 1
844 685 1
844 1510 1
844 1889 1
844 2517 1
854 15 1
854 26 1
854 37 1
854 89 1
854 104 1
854 312 1
854 474 1
854 1339 1
879 15 1
879 16 1
879 18 1
879 22 1
879 26 1
879 28 1
879 41 1
879 69 1
879 89 1
879 94 1
879 123 1
879 186 1
879 190 1
879 197 1
879 286 1
879 532 1
879 561 1
879 2303 1
881 22 1
881 115 1
881 212 1
881 725 1
881 765 1
886 45 1
886 190 1
888 15 1
888 18 1
888 22 1
888 41 1
888 46 1
888 68 1
888 120 1
888 4818 1
892 18 1
892 28 1
892 34 1
892 46 1
903 6 1
903 15 1
903 22 1
903 26 1
903 94 1
903 115 1
903 125 1
903 1089 1
908 6 1
908 22 1
908 26 1
908 71 1
908 104 1
908 125 1
908 294 1
908 299 1
908 489 1
908 803 1
908 1289 1
922 15 1
932 2 1
932 18 1
932 22 1
932 28 1
932 37 1
932 45 1
932 123 1
932 186 1
932 280 1
932 286 1
932 548 1
932 1341 1
942 6 1
942 22 1
942 111 1
942 136 1
952 16 1
979 15 1
979 290 1
979 299 1
1030 22 1
1030 4065 1
1052 2 1
1052 6 1
1052 9 1
1052 15 1
1052 16 1
1052 18 1
1052 22 1
1052 42 1
1052 69 1
1052 89 1
1052 94 1
1052 111 1
1052 115 1
1052 123 1
1052 125 1
1052 136 1
1052 548 1
1052 653 1
1063 2 1
1063 15 1
1063 16 1
1063 18 1
1063 22 1
1063 34 1
1063 37 1
1063 60 1
1063 68 1
1063 72 1
1063 89 1
1063 91 1
1063 104 1
1063 125 1
1063 231 1
1063 474 1
1063 932 1
1063 1052 1
1063 1172 1
1063 1554 1
1078 26 1
1078 294 1
1085 26 1
1085 58 1
1085 89 1
1085 120 1
1085 125 1
1085 299 1
1089 15 1
1089 16 1
1089 18 1
1089 26 1
1089 46 1
1089 68 1
1089 115 1
1089 136 1
1089 307 1
1089 312 1
1089 1063 1
1089 4102 1
1120 6 1
1120 15 1
1120 18 1
1120 58 1
1120 115 1
1120 245 1
1120 280 1
1120 443 1
1131 2 1
1131 6 1
1131 12 1
1131 15 1
1131 16 1
1131 37 1
1131 46 1
1131 89 1
1131 94 1
1131 104 1
1131 119 1
1131 136 1
1131 139 1
1131 190 1
1131 197 1
1131 302 1
1131 312 1
1131 348 1
1131 489 1
1131 530 1
1131 624 1
1131 714 1
1131 844 1
1131 1063 1
1131 1289 1
1131 2308 1
1166 15 1
1166 89 1
1166 294 1
1167 8 1
1167 18 1
1167 34 1
1167 111 1
1167 725 1
1167 1659 1
1172 6 1
1172 15 1
1172 26 1
1172 28 1
1172 41 1
1172 111 1
1172 280 1
1172 312 1
1172 315 1
1172 474 1
1172 1295 1
1182 2 1
1182 12 1
1182 26 1
1182 212 1
1182 257 1
1188 42 1
1188 147 1
1188 932 1
1188 1120 1
1188 5533 1
1192 15 1
1192 22 1
1192 41 1
1192 68 1
1192 104 1
1192 115 1
1192 120 1
1192 123 1
1192 207 1
1192 526 1
1192 844 1
1228 18 1
1228 271 1
1270 22 1
1276 2 1
1276 6 1
1276 15 1
1276 16 1
1276 18 1
1276 22 1
1276 286 1
1276 302 1
1276 854 1
1276 1192 1
1276 5406 1
1285 15 1
1285 22 1
1285 45 1
1285 120 1
1289 26 1
1289 28 1
1289 37 1
1289 89 1
1289 111 1
1289 125 1
1289 474 1
1289 526 1
1289 908 1
1289 2597 1
1293 15 1
1293 89 1
1293 125 1
1293 136 1
1293 624 1
1295 18 1
1295 89 1
1295 125 1
1314 18 1
1314 22 1
1314 104 1
1326 16 1
1326 18 1
1326 22 1
1326 68 1
1326 89 1
1326 120 1
1326 147 1
1326 231 1
1339 15 1
1339 16 1
1339 18 1
1339 22 1
1339 26 1
1339 28 1
1339 45 1
1339 104 1
1339 123 1
1339 190 1
1339 236 1
1339 290 1
1339 908 1
1341 2 1
1341 6 1
1341 22 1
1341 45 1
1341 111 1
1341 340 1
1341 358 1
1341 474 1
1341 5024 1
1341 5280 1
1345 18 1
1345 26 1
1345 190 1
1345 3552 1
1354 15 1
1355 15 1
1355 26 1
1355 30 1
1355 37 1
1355 68 1
1355 71 1
1355 89 1
1355 125 1
1355 456 1
1355 515 1
1355 1172 1
1376 2 1
1376 6 1
1376 8 1
1376 18 1
1376 28 1
1376 41 1
1376 104 1
1376 125 1
1376 245 1
1376 312 1
1376 315 1
1376 474 1
1376 1659 1
1376 2592 1
1398 515 1
1469 28 1
1510 2 1
1510 16 1
1510 22 1
1510 25 1
1510 45 1
1510 115 1
1510 197 1
1510 212 1
1510 1063 1
1554 15 1
1554 18 1
1554 22 1
1554 37 1
1554 68 1
1554 94 1
1554 115 1
1554 340 1
1554 474 1
1554 7452 1
1559 26 1
1559 28 1
1559 854 1
1559 1131 1
1561 6 1
1561 15 1
1561 22 1
1561 26 1
1561 71 1
1561 348 1
1592 16 1
1592 22 1
1592 123 1
1603 2 1
1603 26 1
1617 6 1
1617 16 1
1617 18 1
1617 22 1
1617 115 1
1617 1131 1
1647 15 1
1647 22 1
1659 12 1
1659 15 1
1659 22 1
1659 42 1
1659 123 1
1659 125 1
1659 147 1
1676 18 1
1720 69 1
1720 2467 1
1738 18 1
1793 12 1
1793 15 1
1793 22 1
1793 72 1
1793 474 1
1816 16 1
1816 47 1
1816 1339 1
1879 16 1
1879 18 1
1879 22 1
1879 68 1
1889 15 1
1889 16 1
1889 26 1
1889 37 1
1889 120 1
1889 123 1
1889 125 1
1889 147 1
1889 358 1
1889 844 1
1955 58 1
1955 89 1
1986 456 1
2040 22 1
2048 6 1
2048 45 1
2048 89 1
2048 111 1
2048 526 1
2048 932 1
2096 22 1
2096 37 1
2096 45 1
2096 286 1
2140 16 1
2140 22 1
2140 42 1
2140 333 1
2140 624 1
2141 115 1
2182 15 1
2182 240 1
2197 9 1
2197 41 1
2197 72 1
2299 18 1
2299 22 1
2299 33 1
2299 46 1
2299 68 1
2299 111 1
2299 290 1
2299 489 1
2299 1355 1
2303 6 1
2303 18 1
2303 22 1
2303 104 1
2303 125 1
2303 1131 1
2305 68 1
2308 16 1
2308 18 1
2308 22 1
2308 26 1
2308 71 1
2308 257 1
2308 299 1
2308 508 1
2308 838 1
2308 1182 1
2308 3691 1
2343 561 1
2405 6 1
2405 22 1
2405 28 1
2405 46 1
2405 236 1
2405 474 1
2462 22 1
2467 2 1
2467 22 1
2467 89 1
2467 526 1
2467 1063 1
2490 15 1
2490 18 1
2490 26 1
2490 42 1
2490 72 1
2517 28 1
2554 15 1
2554 16 1
2554 26 1
2554 28 1
2554 69 1
2554 280 1
2554 358 1
2566 438 1
2573 12 1
2573 30 1
2573 3607 1
2592 6 1
2592 15 1
2592 115 1
2592 2299 1
2592 2609 1
2597 16 1
2609 15 1
2609 22 1
2609 41 1
2609 120 1
2609 844 1
2612 22 1
2612 71 1
2653 15 1
2674 15 1
2674 26 1
2674 46 1
2674 104 1
2674 196 1
2674 844 1
2682 26 1
2682 45 1
2682 286 1
2738 22 1
2738 125 1
2738 312 1
2738 2966 1
2763 12 1
2763 16 1
2763 45 1
2866 6 1
2866 1131 1
2866 1355 1
2966 197 1
2966 307 1
3108 37 1
3108 71 1
3163 26 1
3163 136 1
3163 333 1
3166 6 1
3166 18 1
3166 41 1
3261 6 1
3261 15 1
3261 18 1
3301 16 1
3480 22 1
3552 22 1
3552 26 1
3552 94 1
3552 212 1
3552 735 1
3596 6 1
3596 18 1
3596 26 1
3596 115 1
3596 3552 1
3606 125 1
3606 3163 1
3607 16 1
3607 58 1
3691 12 1
3691 561 1
3691 1172 1
3731 15 1
3731 16 1
3731 30 1
3731 115 1
3750 16 1
3750 18 1
3750 26 1
3750 68 1
3750 115 1
3750 123 1
3750 207 1
3750 932 1
3815 71 1
3815 735 1
3829 34 1
3857 15 1
3857 197 1
3857 294 1
3857 1131 1
3877 26 1
3878 18 1
3878 68 1
3952 1354 1
3963 18 1
3963 22 1
3963 42 1
3963 1720 1
4065 6 1
4065 89 1
4094 15 1
4102 6 1
4102 16 1
4102 123 1
4102 854 1
4146 15 1
4146 26 1
4146 257 1
4146 286 1
4146 530 1
4166 12 1
4175 16 1
4176 89 1
4330 18 1
4402 22 1
4435 25 1
4437 45 1
4437 236 1
4549 15 1
4549 16 1
4549 1172 1
4644 15 1
4644 489 1
4714 26 1
4714 89 1
4714 111 1
4714 286 1
4714 494 1
4714 5533 1
4818 15 1
4818 190 1
4820 18 1
4820 125 1
4827 290 1
4843 245 1
4843 438 1
4868 34 1
4868 89 1
4868 115 1
4877 119 1
5007 529 1
5039 15 1
5101 15 1
5280 71 1
5280 474 1
5340 46 1
5406 15 1
5406 16 1
5406 18 1
5406 26 1
5406 34 1
5406 45 1
5406 123 1
5406 236 1
5406 286 1
5406 348 1
5409 315 1
5449 4714 1
5457 15 1
5480 532 1
5518 28 1
5518 72 1
5533 26 1
5533 71 1
5750 104 1
5921 15 1
5921 18 1
5921 26 1
5921 120 1
5921 123 1
5921 231 1
5921 888 1
5921 2467 1
5938 12 1
5938 37 1
5976 18 1
5987 71 1
6019 58 1
6068 28 1
6152 15 1
6152 18 1
6152 22 1
6226 26 1
6263 18 1
6263 71 1
6263 104 1
6263 207 1
6263 299 1
6362 12 1
6362 227 1
6376 22 1
6376 245 1
6381 28 1
6598 15 1
6660 22 1
6673 12 1
6673 15 1
6673 290 1
6703 18 1
7143 16 1
7143 22 1
7154 68 1
7294 45 1
7340 71 1
7419 115 1
7452 46 1
7469 22 1
7683 15 1
