2 6 1
2 16 1
2 22 1
2 26 1
2 28 1
2 30 1
2 37 1
2 42 1
2 46 1
2 47 1
2 68 1
2 69 1
2 71 1
2 89 1
2 104 1
2 111 1
2 123 1
2 136 1
2 152 1
2 197 1
2 207 1
2 226 1
2 290 1
2 299 1
2 474 1
2 529 1
2 540 1
2 624 1
2 735 1
2 801 1
2 838 1
2 844 1
2 888 1
2 903 1
2 932 1
2 1063 1
2 1089 1
2 1167 1
2 1339 1
2 1554 1
2 2299 1
2 3480 1
2 3552 1
2 4065 1
2 5039 1
2 6152 1
6 2 1
6 8 1
6 16 1
6 18 1
6 19 1
6 22 1
6 25 1
6 26 1
6 28 1
6 34 1
6 37 1
6 41 1
6 42 1
6 45 1
6 71 1
6 72 1
6 92 1
6 94 1
6 111 1
6 115 1
6 120 1
6 136 1
6 139 1
6 147 1
6 197 1
6 212 1
6 227 1
6 231 1
6 240 1
6 280 1
6 290 1
6 299 1
6 302 1
6 312 1
6 315 1
6 320 1
6 348 1
6 358 1
6 371 1
6 438 1
6 456 1
6 474 1
6 489 1
6 506 1
6 508 1
6 522 1
6 533 1
6 561 1
6 653 1
6 725 1
6 735 1
6 765 1
6 803 1
6 838 1
6 844 1
6 854 1
6 886 1
6 903 1
6 1063 1
6 1131 1
6 1167 1
6 1314 1
6 1339 1
6 1345 1
6 1398 1
6 1592 1
6 2048 1
6 2299 1
6 3691 1
6 4094 1
6 4714 1
8 12 1
8 15 1
8 16 1
8 19 1
8 26 1
8 28 1
8 37 1
8 45 1
8 104 1
8 120 1
8 125 1
8 197 1
8 299 1
8 474 1
8 506 1
8 530 1
8 633 1
8 735 1
8 1052 1
8 1131 1
8 1659 1
8 4102 1
9 2 1
9 22 1
9 37 1
9 47 1
9 68 1
9 136 1
9 190 1
9 286 1
9 340 1
9 443 1
9 474 1
9 489 1
9 508 1
9 653 1
9 838 1
9 879 1
9 932 1
9 1063 1
9 2308 1
12 2 1
12 9 1
12 15 1
12 18 1
12 26 1
12 28 1
12 37 1
12 41 1
12 42 1
12 43 1
12 45 1
12 69 1
12 71 1
12 72 1
12 89 1
12 94 1
12 104 1
12 119 1
12 147 1
12 186 1
12 190 1
12 197 1
12 240 1
12 241 1
12 286 1
12 294 1
12 299 1
12 312 1
12 489 1
12 522 1
12 526 1
12 623 1
12 735 1
12 879 1
12 881 1
12 888 1
12 1172 1
12 1276 1
12 1289 1
12 1293 1
12 1955 1
12 2096 1
12 2197 1
12 2303 1
12 2517 1
12 3166 1
12 4818 1
15 2 1
15 6 1
15 8 1
15 16 1
15 18 1
15 19 1
15 28 1
15 30 1
15 42 1
15 60 1
15 68 1
15 72 1
15 111 1
15 125 1
15 126 1
15 190 1
15 212 1
15 231 1
15 236 1
15 245 1
15 280 1
15 290 1
15 294 1
15 299 1
15 302 1
15 312 1
15 315 1
15 322 1
15 340 1
15 348 1
15 358 1
15 361 1
15 371 1
15 435 1
15 438 1
15 443 1
15 478 1
15 514 1
15 526 1
15 529 1
15 532 1
15 623 1
15 624 1
15 631 1
15 633 1
15 685 1
15 879 1
15 903 1
15 932 1
15 979 1
15 1052 1
15 1063 1
15 1172 1
15 1182 1
15 1285 1
15 1295 1
15 1561 1
15 1592 1
15 1659 1
15 1955 1
15 2048 1
15 2462 1
15 2609 1
15 3261 1
15 3552 1
15 4402 1
15 5406 1
15 5921 1
15 6703 1
16 8 1
16 9 1
16 12 1
16 18 1
16 19 1
16 22 1
16 25 1
16 30 1
16 34 1
16 37 1
16 41 1
16 42 1
16 46 1
16 47 1
16 58 1
16 60 1
16 68 1
16 69 1
16 71 1
16 72 1
16 74 1
16 83 1
16 89 1
16 92 1
16 94 1
16 104 1
16 111 1
16 120 1
16 124 1
16 125 1
16 126 1
16 136 1
16 152 1
16 186 1
16 191 1
16 196 1
16 212 1
16 236 1
16 240 1
16 257 1
16 280 1
16 286 1
16 294 1
16 312 1
16 315 1
16 320 1
16 337 1
16 340 1
16 342 1
16 348 1
16 358 1
16 369 1
16 371 1
16 435 1
16 438 1
16 443 1
16 474 1
16 478 1
16 489 1
16 506 1
16 508 1
16 514 1
16 522 1
16 526 1
16 529 1
16 530 1
16 532 1
16 533 1
16 540 1
16 624 1
16 704 1
16 725 1
16 733 1
16 735 1
16 803 1
16 838 1
16 844 1
16 854 1
16 888 1
16 908 1
16 932 1
16 979 1
16 1052 1
16 1063 1
16 1078 1
16 1089 1
16 1120 1
16 1166 1
16 1167 1
16 1182 1
16 1293 1
16 1314 1
16 1336 1
16 1341 1
16 1345 1
16 1376 1
16 1398 1
16 1510 1
16 1554 1
16 1561 1
16 1659 1
16 1720 1
16 1793 1
16 1889 1
16 1955 1
16 2096 1
16 2141 1
16 2299 1
16 2405 1
16 2517 1
16 2554 1
16 2612 1
16 2653 1
16 2738 1
16 2866 1
16 3108 1
16 3166 1
16 3261 1
16 3375 1
16 3607 1
16 3750 1
16 3815 1
16 3877 1
16 4102 1
16 4330 1
16 4435 1
16 4549 1
16 4644 1
16 4714 1
16 4827 1
16 4843 1
16 5024 1
16 5406 1
16 5518 1
16 5987 1
16 6226 1
16 6263 1
16 7141 1
16 7154 1
18 2 1
18 6 1
18 8 1
18 12 1
18 15 1
18 19 1
18 22 1
18 25 1
18 28 1
18 33 1
18 34 1
18 37 1
18 41 1
18 42 1
18 45 1
18 46 1
18 60 1
18 68 1
18 69 1
18 71 1
18 72 1
18 74 1
18 89 1
18 92 1
18 104 1
18 111 1
18 115 1
18 120 1
18 124 1
18 125 1
18 126 1
18 136 1
18 147 1
18 190 1
18 191 1
18 197 1
18 207 1
18 212 1
18 226 1
18 227 1
18 236 1
18 245 1
18 257 1
18 258 1
18 271 1
18 299 1
18 302 1
18 312 1
18 315 1
18 340 1
18 348 1
18 358 1
18 371 1
18 438 1
18 443 1
18 474 1
18 506 1
18 508 1
18 514 1
18 515 1
18 526 1
18 529 1
18 530 1
18 533 1
18 561 1
18 695 1
18 704 1
18 718 1
18 725 1
18 765 1
18 803 1
18 838 1
18 844 1
18 886 1
18 908 1
18 922 1
18 932 1
18 1052 1
18 1063 1
18 1078 1
18 1085 1
18 1120 1
18 1167 1
18 1172 1
18 1192 1
18 1276 1
18 1285 1
18 1289 1
18 1295 1
18 1339 1
18 1341 1
18 1345 1
18 1354 1
18 1376 1
18 1554 1
18 1676 1
18 1720 1
18 1955 1
18 2048 1
18 2203 1
18 2308 1
18 2343 1
18 2405 1
18 2462 1
18 2467 1
18 2653 1
18 2674 1
18 3166 1
18 3552 1
18 3750 1
18 3952 1
18 4094 1
18 4176 1
18 4269 1
18 4330 1
18 6660 1
19 18 1
19 22 1
19 115 1
19 299 1
19 530 1
19 2674 1
22 2 1
22 8 1
22 12 1
22 15 1
22 18 1
22 19 1
22 24 1
22 26 1
22 30 1
22 34 1
22 37 1
22 41 1
22 42 1
22 43 1
22 45 1
22 46 1
22 47 1
22 60 1
22 69 1
22 71 1
22 89 1
22 94 1
22 104 1
22 111 1
22 115 1
22 119 1
22 123 1
22 124 1
22 125 1
22 147 1
22 152 1
22 186 1
22 190 1
22 196 1
22 197 1
22 207 1
22 212 1
22 226 1
22 227 1
22 231 1
22 245 1
22 257 1
22 258 1
22 271 1
22 280 1
22 290 1
22 299 1
22 307 1
22 315 1
22 320 1
22 337 1
22 340 1
22 342 1
22 348 1
22 358 1
22 369 1
22 371 1
22 434 1
22 443 1
22 478 1
22 489 1
22 506 1
22 508 1
22 515 1
22 529 1
22 530 1
22 532 1
22 533 1
22 540 1
22 582 1
22 612 1
22 624 1
22 631 1
22 685 1
22 733 1
22 735 1
22 765 1
22 801 1
22 803 1
22 844 1
22 854 1
22 881 1
22 886 1
22 908 1
22 922 1
22 932 1
22 1052 1
22 1063 1
22 1078 1
22 1085 1
22 1089 1
22 1120 1
22 1166 1
22 1167 1
22 1172 1
22 1276 1
22 1285 1
22 1289 1
22 1326 1
22 1336 1
22 1339 1
22 1354 1
22 1376 1
22 1398 1
22 1510 1
22 1554 1
22 1559 1
22 1647 1
22 1659 1
22 1691 1
22 1738 1
22 1879 1
22 1889 1
22 2303 1
22 2305 1
22 2308 1
22 2405 1
22 2462 1
22 2467 1
22 2490 1
22 2566 1
22 2573 1
22 2612 1
22 2674 1
22 2682 1
22 2763 1
22 2866 1
22 2966 1
22 3108 1
22 3166 1
22 3261 1
22 3301 1
22 3375 1
22 3481 1
22 3552 1
22 3607 1
22 3691 1
22 3750 1
22 3815 1
22 3950 1
22 3963 1
22 4065 1
22 4330 1
22 4402 1
22 4435 1
22 4437 1
22 4644 1
22 4820 1
22 4868 1
22 5101 1
22 5449 1
22 6376 1
22 6673 1
22 7419 1
22 7683 1
24 6 1
24 16 1
24 26 1
24 41 1
24 58 1
24 111 1
24 120 1
24 257 1
25 2 1
25 6 1
25 12 1
25 15 1
25 22 1
25 28 1
25 58 1
25 92 1
25 104 1
25 115 1
25 340 1
25 443 1
25 903 1
25 1052 1
25 1172 1
25 1561 1
25 6376 1
25 7143 1
26 8 1
26 15 1
26 16 1
26 18 1
26 19 1
26 30 1
26 34 1
26 37 1
26 41 1
26 43 1
26 46 1
26 58 1
26 68 1
26 69 1
26 71 1
26 89 1
26 111 1
26 123 1
26 125 1
26 147 1
26 186 1
26 236 1
26 240 1
26 257 1
26 271 1
26 286 1
26 299 1
26 312 1
26 340 1
26 348 1
26 358 1
26 371 1
26 434 1
26 435 1
26 438 1
26 443 1
26 474 1
26 489 1
26 522 1
26 526 1
26 529 1
26 530 1
26 624 1
26 653 1
26 695 1
26 704 1
26 714 1
26 844 1
26 854 1
26 908 1
26 1052 1
26 1063 1
26 1078 1
26 1089 1
26 1131 1
26 1167 1
26 1172 1
26 1276 1
26 1289 1
26 1293 1
26 1339 1
26 1341 1
26 1345 1
26 1510 1
26 2182 1
26 2517 1
26 2554 1
26 2674 1
26 2738 1
26 2763 1
26 2866 1
26 3166 1
26 3375 1
26 3750 1
26 4714 1
26 5280 1
26 5406 1
26 5457 1
26 6263 1
26 6381 1
26 6673 1
28 2 1
28 6 1
28 9 1
28 12 1
28 15 1
28 16 1
28 18 1
28 22 1
28 24 1
28 25 1
28 26 1
28 30 1
28 34 1
28 37 1
28 41 1
28 45 1
28 47 1
28 69 1
28 71 1
28 72 1
28 89 1
28 92 1
28 94 1
28 115 1
28 120 1
28 124 1
28 136 1
28 152 1
28 190 1
28 207 1
28 231 1
28 240 1
28 257 1
28 280 1
28 286 1
28 290 1
28 294 1
28 299 1
28 302 1
28 312 1
28 322 1
28 337 1
28 358 1
28 369 1
28 456 1
28 474 1
28 494 1
28 506 1
28 529 1
28 530 1
28 532 1
28 548 1
28 631 1
28 685 1
28 725 1
28 735 1
28 803 1
28 879 1
28 892 1
28 903 1
28 932 1
28 1052 1
28 1089 1
28 1131 1
28 1172 1
28 1188 1
28 1285 1
28 1289 1
28 1293 1
28 1341 1
28 1355 1
28 1469 1
28 1554 1
28 1879 1
28 2096 1
28 2308 1
28 2554 1
28 3552 1
28 3691 1
28 3750 1
28 3952 1
28 5406 1
28 5518 1
30 8 1
30 12 1
30 15 1
30 18 1
30 22 1
30 42 1
30 45 1
30 46 1
30 71 1
30 72 1
30 74 1
30 94 1
30 104 1
30 115 1
30 119 1
30 120 1
30 125 1
30 197 1
30 207 1
30 245 1
30 271 1
30 280 1
30 286 1
30 290 1
30 294 1
30 358 1
30 371 1
30 435 1
30 474 1
30 489 1
30 624 1
30 735 1
30 844 1
30 879 1
30 903 1
30 922 1
30 1089 1
30 1120 1
30 1276 1
30 1295 1
30 1554 1
30 1793 1
30 1816 1
30 1879 1
30 2096 1
30 2467 1
30 2738 1
30 2966 1
30 4435 1
30 4714 1
30 5280 1
33 22 1
33 115 1
34 2 1
34 6 1
34 8 1
34 9 1
34 15 1
34 16 1
34 18 1
34 26 1
34 37 1
34 45 1
34 68 1
34 104 1
34 115 1
34 123 1
34 125 1
34 190 1
34 191 1
34 231 1
34 236 1
34 271 1
34 290 1
34 294 1
34 337 1
34 340 1
34 342 1
34 443 1
34 474 1
34 489 1
34 515 1
34 530 1
34 733 1
34 803 1
34 903 1
34 1063 1
34 1078 1
34 1131 1
34 2096 1
34 2299 1
34 2303 1
34 2738 1
34 4714 1
34 5007 1
34 6362 1
37 6 1
37 8 1
37 12 1
37 16 1
37 18 1
37 22 1
37 26 1
37 28 1
37 43 1
37 45 1
37 46 1
37 58 1
37 68 1
37 69 1
37 71 1
37 92 1
37 104 1
37 111 1
37 115 1
37 123 1
37 125 1
37 126 1
37 136 1
37 190 1
37 207 1
37 245 1
37 294 1
37 302 1
37 315 1
37 320 1
37 333 1
37 348 1
37 361 1
37 438 1
37 474 1
37 526 1
37 533 1
37 548 1
37 704 1
37 765 1
37 1131 1
37 1167 1
37 1192 1
37 1339 1
37 1659 1
37 3607 1
37 4515 1
37 5227 1
37 5921 1
41 6 1
41 12 1
41 15 1
41 28 1
41 34 1
41 69 1
41 111 1
41 123 1
41 125 1
41 190 1
41 196 1
41 231 1
41 257 1
41 290 1
41 322 1
41 333 1
41 358 1
41 438 1
41 508 1
41 514 1
41 522 1
41 526 1
41 530 1
41 561 1
41 685 1
41 801 1
41 803 1
41 844 1
41 1131 1
41 1339 1
41 1354 1
42 6 1
42 18 1
42 37 1
42 41 1
42 45 1
42 46 1
42 58 1
42 69 1
42 123 1
42 125 1
42 190 1
42 197 1
42 294 1
42 315 1
42 340 1
42 342 1
42 474 1
42 725 1
42 735 1
42 932 1
42 1341 1
42 2299 1
42 2517 1
42 2573 1
42 2609 1
42 4818 1
43 2 1
43 6 1
43 12 1
43 15 1
43 16 1
43 22 1
43 45 1
43 46 1
43 91 1
43 120 1
43 125 1
43 197 1
43 280 1
43 286 1
43 294 1
43 333 1
43 348 1
43 456 1
43 514 1
43 529 1
43 530 1
43 561 1
43 886 1
43 932 1
43 1078 1
43 1131 1
43 1167 1
43 1182 1
43 1188 1
43 1285 1
43 1793 1
43 2467 1
43 4644 1
45 2 1
45 6 1
45 12 1
45 16 1
45 22 1
45 26 1
45 28 1
45 37 1
45 41 1
45 68 1
45 72 1
45 89 1
45 94 1
45 104 1
45 125 1
45 147 1
45 152 1
45 207 1
45 212 1
45 231 1
45 236 1
45 245 1
45 257 1
45 258 1
45 280 1
45 290 1
45 294 1
45 299 1
45 302 1
45 307 1
45 312 1
45 320 1
45 340 1
45 371 1
45 456 1
45 474 1
45 478 1
45 494 1
45 515 1
45 526 1
45 540 1
45 765 1
45 838 1
45 844 1
45 854 1
45 879 1
45 1063 1
45 1131 1
45 1172 1
45 1289 1
45 1339 1
45 1355 1
45 1376 1
45 1659 1
45 1738 1
45 2308 1
45 3261 1
45 3731 1
45 3750 1
45 4065 1
45 5750 1
46 6 1
46 12 1
46 15 1
46 18 1
46 26 1
46 28 1
46 30 1
46 34 1
46 37 1
46 58 1
46 92 1
46 104 1
46 111 1
46 115 1
46 123 1
46 125 1
46 136 1
46 186 1
46 240 1
46 257 1
46 258 1
46 312 1
46 322 1
46 340 1
46 358 1
46 443 1
46 456 1
46 474 1
46 514 1
46 515 1
46 533 1
46 844 1
46 1063 1
46 1120 1
46 1172 1
46 1289 1
46 1376 1
46 1659 1
46 1955 1
46 2308 1
46 2343 1
46 2763 1
46 4820 1
47 15 1
47 18 1
47 26 1
47 37 1
47 45 1
47 46 1
47 68 1
47 240 1
47 307 1
47 340 1
47 508 1
47 2197 1
47 3857 1
58 2 1
58 6 1
58 8 1
58 12 1
58 15 1
58 18 1
58 22 1
58 25 1
58 26 1
58 30 1
58 34 1
58 37 1
58 43 1
58 47 1
58 68 1
58 71 1
58 72 1
58 89 1
58 104 1
58 115 1
58 125 1
58 136 1
58 190 1
58 226 1
58 227 1
58 240 1
58 257 1
58 286 1
58 290 1
58 294 1
58 315 1
58 337 1
58 369 1
58 438 1
58 474 1
58 506 1
58 526 1
58 533 1
58 561 1
58 624 1
58 653 1
58 704 1
58 735 1
58 844 1
58 903 1
58 1167 1
58 1192 1
58 1295 1
58 1339 1
58 1592 1
58 1647 1
58 2597 1
58 3731 1
58 3857 1
58 4065 1
58 4714 1
58 5533 1
60 8 1
60 18 1
60 22 1
60 68 1
60 72 1
60 115 1
60 125 1
60 231 1
60 286 1
60 312 1
60 315 1
60 530 1
60 1052 1
68 2 1
68 6 1
68 12 1
68 15 1
68 18 1
68 22 1
68 25 1
68 26 1
68 30 1
68 37 1
68 42 1
68 45 1
68 58 1
68 60 1
68 72 1
68 94 1
68 104 1
68 119 1
68 125 1
68 136 1
68 190 1
68 197 1
68 207 1
68 227 1
68 231 1
68 245 1
68 271 1
68 280 1
68 286 1
68 290 1
68 312 1
68 315 1
68 333 1
68 358 1
68 434 1
68 456 1
68 506 1
68 514 1
68 522 1
68 561 1
68 725 1
68 733 1
68 879 1
68 908 1
68 932 1
68 1052 1
68 1063 1
68 1078 1
68 1085 1
68 1120 1
68 1172 1
68 1182 1
68 1326 1
68 1339 1
68 1376 1
68 1889 1
68 2405 1
68 2517 1
68 2554 1
68 2738 1
68 3952 1
68 3963 1
68 4437 1
68 4714 1
68 5921 1
68 6068 1
69 2 1
69 6 1
69 15 1
69 89 1
69 123 1
69 333 1
69 438 1
69 1052 1
69 1078 1
69 1188 1
69 1376 1
69 1592 1
71 9 1
71 15 1
71 18 1
71 25 1
71 26 1
71 34 1
71 37 1
71 41 1
71 42 1
71 45 1
71 46 1
71 69 1
71 92 1
71 94 1
71 104 1
71 111 1
71 115 1
71 120 1
71 124 1
71 125 1
71 126 1
71 136 1
71 147 1
71 152 1
71 212 1
71 231 1
71 286 1
71 294 1
71 312 1
71 322 1
71 340 1
71 371 1
71 434 1
71 494 1
71 522 1
71 526 1
71 582 1
71 631 1
71 695 1
71 735 1
71 844 1
71 881 1
71 908 1
71 942 1
71 1293 1
71 1314 1
71 1376 1
71 1816 1
71 2303 1
71 2462 1
71 2517 1
71 3552 1
71 3596 1
71 3691 1
71 5518 1
71 5921 1
71 5938 1
72 15 1
72 16 1
72 22 1
72 26 1
72 28 1
72 34 1
72 37 1
72 41 1
72 42 1
72 46 1
72 89 1
72 94 1
72 104 1
72 124 1
72 231 1
72 236 1
72 257 1
72 294 1
72 489 1
72 725 1
72 801 1
72 803 1
72 854 1
72 1063 1
72 1089 1
72 1720 1
72 5976 1
74 8 1
74 26 1
74 68 1
74 104 1
74 123 1
74 236 1
74 474 1
74 489 1
83 15 1
83 18 1
83 22 1
83 26 1
83 41 1
83 45 1
83 68 1
83 71 1
83 89 1
83 120 1
83 125 1
83 197 1
83 294 1
83 340 1
83 371 1
83 561 1
83 1192 1
83 1341 1
89 8 1
89 15 1
89 16 1
89 24 1
89 26 1
89 28 1
89 30 1
89 34 1
89 37 1
89 42 1
89 43 1
89 46 1
89 47 1
89 71 1
89 74 1
89 111 1
89 120 1
89 123 1
89 125 1
89 126 1
89 147 1
89 152 1
89 190 1
89 207 1
89 231 1
89 258 1
89 271 1
89 280 1
89 286 1
89 294 1
89 312 1
89 337 1
89 348 1
89 371 1
89 438 1
89 443 1
89 474 1
89 489 1
89 515 1
89 530 1
89 532 1
89 561 1
89 624 1
89 653 1
89 733 1
89 801 1
89 844 1
89 854 1
89 1120 1
89 1172 1
89 1188 1
89 1285 1
89 1289 1
89 1339 1
89 1376 1
89 1592 1
89 1659 1
89 2674 1
89 3952 1
89 4330 1
89 5406 1
91 18 1
91 45 1
91 342 1
91 526 1
92 6 1
92 12 1
92 15 1
92 22 1
92 28 1
92 43 1
92 68 1
92 71 1
92 89 1
92 94 1
92 104 1
92 115 1
92 123 1
92 125 1
92 139 1
92 190 1
92 236 1
92 290 1
92 307 1
92 548 1
92 1052 1
92 1276 1
92 1603 1
92 1889 1
94 2 1
94 6 1
94 8 1
94 15 1
94 19 1
94 24 1
94 26 1
94 28 1
94 34 1
94 37 1
94 41 1
94 58 1
94 68 1
94 89 1
94 92 1
94 104 1
94 111 1
94 115 1
94 120 1
94 125 1
94 147 1
94 186 1
94 190 1
94 236 1
94 245 1
94 280 1
94 286 1
94 315 1
94 320 1
94 358 1
94 438 1
94 474 1
94 515 1
94 561 1
94 612 1
94 624 1
94 653 1
94 881 1
94 1089 1
94 1172 1
94 1182 1
94 1289 1
94 1355 1
94 1986 1
94 2405 1
94 3552 1
94 6263 1
94 7452 1
99 2 1
99 6 1
99 12 1
99 16 1
99 22 1
99 26 1
99 30 1
99 37 1
99 42 1
99 45 1
99 46 1
99 68 1
99 89 1
99 115 1
99 120 1
99 197 1
99 257 1
99 280 1
99 312 1
99 358 1
99 494 1
99 515 1
99 879 1
99 1182 1
99 1289 1
99 1355 1
99 1592 1
99 4146 1
104 2 1
104 6 1
104 12 1
104 15 1
104 22 1
104 33 1
104 34 1
104 37 1
104 42 1
104 46 1
104 60 1
104 68 1
104 69 1
104 71 1
104 115 1
104 120 1
104 123 1
104 125 1
104 136 1
104 139 1
104 152 1
104 197 1
104 207 1
104 212 1
104 227 1
104 231 1
104 236 1
104 240 1
104 258 1
104 286 1
104 294 1
104 299 1
104 315 1
104 358 1
104 371 1
104 434 1
104 456 1
104 474 1
104 506 1
104 508 1
104 582 1
104 633 1
104 735 1
104 1172 1
104 1188 1
104 1345 1
104 2197 1
104 2462 1
104 2467 1
104 4175 1
104 5024 1
104 7017 1
111 2 1
111 6 1
111 12 1
111 15 1
111 16 1
111 18 1
111 22 1
111 30 1
111 33 1
111 41 1
111 46 1
111 47 1
111 58 1
111 68 1
111 69 1
111 72 1
111 89 1
111 94 1
111 104 1
111 115 1
111 120 1
111 123 1
111 136 1
111 147 1
111 197 1
111 231 1
111 245 1
111 271 1
111 280 1
111 312 1
111 348 1
111 474 1
111 489 1
111 526 1
111 529 1
111 530 1
111 532 1
111 561 1
111 838 1
111 932 1
111 952 1
111 1172 1
111 1293 1
111 1339 1
111 1355 1
111 2554 1
111 2738 1
111 3552 1
111 5024 1
115 2 1
115 6 1
115 9 1
115 12 1
115 15 1
115 16 1
115 26 1
115 28 1
115 41 1
115 43 1
115 45 1
115 46 1
115 68 1
115 74 1
115 94 1
115 104 1
115 120 1
115 125 1
115 147 1
115 190 1
115 191 1
115 197 1
115 207 1
115 231 1
115 280 1
115 286 1
115 290 1
115 333 1
115 348 1
115 358 1
115 438 1
115 443 1
115 474 1
115 508 1
115 526 1
115 529 1
115 532 1
115 582 1
115 653 1
115 695 1
115 704 1
115 844 1
115 1052 1
115 1078 1
115 1166 1
115 1172 1
115 1192 1
115 1339 1
115 1341 1
115 2554 1
115 4102 1
115 4402 1
115 6376 1
119 2 1
119 6 1
119 9 1
119 12 1
119 15 1
119 16 1
119 18 1
119 19 1
119 22 1
119 41 1
119 45 1
119 46 1
119 58 1
119 71 1
119 72 1
119 89 1
119 92 1
119 94 1
119 124 1
119 125 1
119 136 1
119 190 1
119 240 1
119 245 1
119 257 1
119 258 1
119 280 1
119 294 1
119 299 1
119 315 1
119 320 1
119 340 1
119 342 1
119 443 1
119 456 1
119 474 1
119 478 1
119 489 1
119 529 1
119 540 1
119 624 1
119 695 1
119 733 1
119 844 1
119 881 1
119 908 1
119 922 1
119 942 1
119 1131 1
119 1172 1
119 1289 1
119 1355 1
119 1469 1
119 2182 1
119 2405 1
119 3261 1
119 4094 1
119 4714 1
119 5227 1
119 5921 1
119 5938 1
120 2 1
120 12 1
120 15 1
120 16 1
120 18 1
120 22 1
120 26 1
120 28 1
120 34 1
120 41 1
120 45 1
120 46 1
120 47 1
120 72 1
120 186 1
120 197 1
120 212 1
120 438 1
120 474 1
120 529 1
120 530 1
120 908 1
120 942 1
120 1063 1
120 1120 1
120 1172 1
120 1228 1
120 1289 1
120 1339 1
120 1376 1
120 1554 1
120 2299 1
120 2303 1
120 3691 1
120 4102 1
120 4843 1
123 2 1
123 6 1
123 8 1
123 12 1
123 15 1
123 16 1
123 18 1
123 22 1
123 26 1
123 28 1
123 37 1
123 41 1
123 46 1
123 47 1
123 68 1
123 69 1
123 71 1
123 72 1
123 89 1
123 92 1
123 94 1
123 111 1
123 125 1
123 126 1
123 133 1
123 136 1
123 190 1
123 212 1
123 231 1
123 240 1
123 245 1
123 271 1
123 280 1
123 286 1
123 290 1
123 299 1
123 312 1
123 315 1
123 358 1
123 435 1
123 438 1
123 443 1
123 456 1
123 474 1
123 506 1
123 508 1
123 514 1
123 515 1
123 522 1
123 548 1
123 561 1
123 624 1
123 704 1
123 733 1
123 803 1
123 854 1
123 903 1
123 932 1
123 942 1
123 1078 1
123 1089 1
123 1167 1
123 1192 1
123 1295 1
123 1326 1
123 1339 1
123 1376 1
123 1659 1
123 1879 1
123 1889 1
123 2197 1
123 2299 1
123 2303 1
123 2405 1
123 2554 1
123 2966 1
123 3815 1
123 4146 1
123 5533 1
123 5750 1
123 6381 1
124 8 1
124 15 1
124 18 1
124 26 1
124 28 1
124 37 1
124 111 1
124 123 1
124 312 1
124 358 1
124 474 1
124 526 1
124 529 1
124 624 1
124 844 1
124 888 1
124 932 1
124 1052 1
124 1085 1
124 1276 1
124 1561 1
125 2 1
125 6 1
125 15 1
125 18 1
125 22 1
125 26 1
125 41 1
125 42 1
125 47 1
125 58 1
125 69 1
125 72 1
125 123 1
125 147 1
125 152 1
125 190 1
125 286 1
125 299 1
125 312 1
125 322 1
125 434 1
125 529 1
125 624 1
125 653 1
125 854 1
125 881 1
125 932 1
125 1182 1
125 1295 1
125 1314 1
125 2096 1
125 3691 1
125 4146 1
125 4643 1
125 4714 1
125 5039 1
126 12 1
126 15 1
126 18 1
126 26 1
126 37 1
126 104 1
126 152 1
126 197 1
126 227 1
126 290 1
126 733 1
126 1030 1
133 2 1
133 1554 1
136 9 1
136 15 1
136 18 1
136 22 1
136 26 1
136 58 1
136 69 1
136 72 1
136 89 1
136 94 1
136 104 1
136 115 1
136 120 1
136 280 1
136 294 1
136 312 1
136 320 1
136 337 1
136 443 1
136 561 1
136 903 1
136 979 1
136 1120 1
136 2303 1
139 2 1
139 15 1
139 16 1
139 22 1
139 26 1
139 41 1
139 42 1
139 45 1
139 91 1
139 94 1
139 299 1
139 340 1
139 530 1
139 1326 1
139 2467 1
147 6 1
147 15 1
147 26 1
147 94 1
147 111 1
147 197 1
147 725 1
147 879 1
147 2405 1
152 2 1
152 12 1
152 15 1
152 34 1
152 42 1
152 45 1
152 115 1
152 245 1
152 290 1
152 474 1
152 489 1
152 801 1
152 5406 1
186 37 1
186 41 1
186 45 1
186 111 1
186 124 1
186 280 1
186 348 1
186 438 1
186 3301 1
190 15 1
190 16 1
190 18 1
190 26 1
190 30 1
190 68 1
190 71 1
190 89 1
190 120 1
190 125 1
190 147 1
190 196 1
190 197 1
190 207 1
190 231 1
190 236 1
190 240 1
190 294 1
190 340 1
190 478 1
190 506 1
190 522 1
190 725 1
190 942 1
190 1289 1
190 2048 1
190 2517 1
190 4714 1
190 6673 1
191 2 1
191 15 1
191 26 1
191 71 1
196 22 1
196 34 1
197 15 1
197 25 1
197 37 1
197 45 1
197 89 1
197 94 1
197 299 1
197 508 1
197 529 1
197 561 1
197 623 1
197 1052 1
197 1188 1
197 1554 1
207 15 1
207 16 1
207 18 1
207 22 1
207 26 1
207 37 1
207 71 1
207 126 1
207 186 1
207 280 1
207 299 1
207 322 1
207 474 1
207 548 1
207 735 1
207 1131 1
207 1289 1
207 1592 1
207 2305 1
207 4402 1
212 2 1
212 9 1
212 12 1
212 15 1
212 26 1
212 30 1
212 37 1
212 42 1
212 71 1
212 111 1
212 115 1
212 123 1
212 125 1
212 245 1
212 257 1
212 299 1
212 312 1
212 337 1
212 340 1
212 474 1
212 765 1
212 879 1
212 932 1
212 1085 1
212 2612 1
212 2674 1
226 15 1
226 24 1
226 120 1
227 2 1
227 15 1
227 16 1
227 26 1
227 71 1
227 530 1
231 2 1
231 12 1
231 16 1
231 18 1
231 22 1
231 26 1
231 28 1
231 37 1
231 45 1
231 46 1
231 71 1
231 94 1
231 120 1
231 123 1
231 126 1
231 227 1
231 286 1
231 456 1
231 474 1
231 508 1
231 623 1
231 765 1
231 1289 1
231 1554 1
231 5750 1
236 2 1
236 8 1
236 9 1
236 15 1
236 16 1
236 22 1
236 26 1
236 28 1
236 34 1
236 68 1
236 71 1
236 72 1
236 94 1
236 111 1
236 115 1
236 120 1
236 123 1
236 197 1
236 299 1
236 302 1
236 312 1
236 371 1
236 456 1
236 474 1
236 735 1
236 1063 1
236 1131 1
236 1289 1
236 1293 1
236 1659 1
236 2197 1
240 18 1
240 123 1
240 124 1
240 136 1
240 526 1
240 561 1
240 1131 1
241 16 1
245 2 1
245 6 1
245 12 1
245 15 1
245 16 1
245 18 1
245 22 1
245 26 1
245 30 1
245 34 1
245 74 1
245 83 1
245 115 1
245 120 1
245 136 1
245 231 1
245 236 1
245 280 1
245 299 1
245 312 1
245 443 1
245 526 1
245 803 1
245 854 1
245 1052 1
245 1182 1
245 2197 1
257 2 1
257 12 1
257 15 1
257 22 1
257 25 1
257 28 1
257 30 1
257 34 1
257 41 1
257 42 1
257 46 1
257 74 1
257 89 1
257 104 1
257 111 1
257 124 1
257 147 1
257 197 1
257 227 1
257 294 1
257 299 1
257 307 1
257 312 1
257 337 1
257 348 1
257 358 1
257 369 1
257 371 1
257 434 1
257 508 1
257 540 1
257 695 1
257 844 1
257 854 1
257 932 1
257 1052 1
257 1063 1
257 1376 1
257 1659 1
257 1816 1
257 2299 1
257 3301 1
257 4714 1
257 6376 1
258 6 1
258 15 1
258 18 1
258 34 1
258 68 1
258 69 1
258 120 1
258 123 1
258 271 1
258 290 1
258 695 1
258 735 1
258 838 1
258 1131 1
271 6 1
271 15 1
271 16 1
271 28 1
271 71 1
271 294 1
271 1063 1
271 1617 1
271 1720 1
271 3552 1
271 6703 1
280 125 1
280 147 1
280 290 1
280 908 1
286 2 1
286 6 1
286 8 1
286 15 1
286 18 1
286 22 1
286 34 1
286 37 1
286 42 1
286 45 1
286 68 1
286 89 1
286 125 1
286 147 1
286 197 1
286 212 1
286 227 1
286 245 1
286 258 1
286 280 1
286 302 1
286 340 1
286 348 1
286 358 1
286 371 1
286 532 1
286 548 1
286 582 1
286 624 1
286 653 1
286 714 1
286 733 1
286 1052 1
286 1078 1
286 1131 1
286 1167 1
286 1376 1
286 1510 1
286 1676 1
286 1889 1
286 2966 1
286 3691 1
286 4843 1
286 7017 1
286 7143 1
286 7452 1
290 6 1
290 12 1
290 15 1
290 16 1
290 18 1
290 22 1
290 28 1
290 41 1
290 43 1
290 45 1
290 58 1
290 69 1
290 71 1
290 72 1
290 89 1
290 92 1
290 104 1
290 119 1
290 125 1
290 186 1
290 245 1
290 258 1
290 299 1
290 312 1
290 337 1
290 371 1
290 548 1
290 623 1
290 735 1
290 881 1
290 932 1
290 1085 1
290 1089 1
290 1131 1
290 1561 1
290 2554 1
290 3750 1
290 3857 1
294 6 1
294 8 1
294 15 1
294 22 1
294 26 1
294 41 1
294 42 1
294 45 1
294 58 1
294 68 1
294 115 1
294 152 1
294 257 1
294 286 1
294 312 1
294 340 1
294 398 1
294 438 1
294 474 1
294 494 1
294 612 1
294 631 1
294 892 1
294 1052 1
294 1879 1
294 2674 1
294 3750 1
294 7419 1
299 6 1
299 8 1
299 9 1
299 12 1
299 16 1
299 18 1
299 22 1
299 26 1
299 89 1
299 104 1
299 111 1
299 123 1
299 147 1
299 236 1
299 286 1
299 294 1
299 312 1
299 371 1
299 474 1
299 515 1
299 612 1
299 633 1
299 733 1
299 735 1
299 844 1
299 1131 1
299 1659 1
299 2517 1
299 4094 1
302 2 1
302 15 1
302 16 1
302 22 1
302 26 1
302 34 1
302 37 1
302 45 1
302 68 1
302 69 1
302 89 1
302 104 1
302 120 1
302 125 1
302 147 1
302 190 1
302 197 1
302 236 1
302 257 1
302 271 1
302 280 1
302 307 1
302 474 1
302 530 1
302 561 1
302 633 1
302 735 1
302 1052 1
302 1063 1
302 1167 1
302 1172 1
302 1376 1
302 3815 1
307 9 1
307 12 1
307 15 1
307 26 1
307 28 1
307 30 1
307 41 1
307 42 1
307 69 1
307 115 1
307 125 1
307 312 1
307 348 1
307 456 1
307 530 1
307 561 1
307 854 1
307 888 1
307 1293 1
307 1314 1
307 1326 1
307 1559 1
307 1889 1
307 4714 1
312 6 1
312 15 1
312 19 1
312 22 1
312 26 1
312 42 1
312 43 1
312 45 1
312 68 1
312 72 1
312 111 1
312 115 1
312 120 1
312 125 1
312 190 1
312 207 1
312 231 1
312 236 1
312 245 1
312 257 1
312 315 1
312 358 1
312 371 1
312 474 1
312 695 1
312 765 1
312 1063 1
312 1659 1
312 2763 1
312 3552 1
315 2 1
315 12 1
315 15 1
315 16 1
315 18 1
315 22 1
315 26 1
315 37 1
315 45 1
315 46 1
315 47 1
315 72 1
315 74 1
315 89 1
315 94 1
315 104 1
315 125 1
315 312 1
315 438 1
315 489 1
315 932 1
315 1052 1
315 1326 1
315 1889 1
315 3552 1
315 4269 1
320 6 1
320 18 1
320 22 1
320 37 1
320 120 1
322 15 1
322 18 1
322 111 1
322 443 1
322 854 1
322 1345 1
333 12 1
333 16 1
333 18 1
333 22 1
333 37 1
333 41 1
333 46 1
333 58 1
333 71 1
333 94 1
333 123 1
333 190 1
333 227 1
333 286 1
333 290 1
333 299 1
333 474 1
333 533 1
333 612 1
333 1063 1
333 1326 1
333 1345 1
333 1659 1
333 4868 1
337 15 1
337 18 1
337 26 1
337 71 1
337 307 1
340 6 1
340 37 1
340 43 1
340 58 1
340 68 1
340 89 1
340 111 1
340 115 1
340 123 1
340 197 1
340 245 1
340 257 1
340 290 1
340 348 1
340 371 1
340 434 1
340 456 1
340 508 1
340 624 1
340 881 1
340 2554 1
340 4549 1
340 7419 1
342 6 1
342 15 1
342 18 1
342 22 1
342 26 1
342 89 1
342 1089 1
348 15 1
348 18 1
348 22 1
348 26 1
348 34 1
348 68 1
348 119 1
348 123 1
348 152 1
348 245 1
348 258 1
348 299 1
348 456 1
348 526 1
348 844 1
348 3878 1
358 2 1
358 6 1
358 16 1
358 18 1
358 22 1
358 26 1
358 28 1
358 45 1
358 46 1
358 69 1
358 89 1
358 94 1
358 104 1
358 120 1
358 245 1
358 280 1
358 333 1
358 438 1
358 624 1
358 3877 1
361 16 1
361 18 1
361 71 1
361 474 1
361 1295 1
369 6 1
369 12 1
369 72 1
369 94 1
369 294 1
371 15 1
371 16 1
371 22 1
371 26 1
371 41 1
371 46 1
371 58 1
371 68 1
371 71 1
371 72 1
371 74 1
371 94 1
371 120 1
371 124 1
371 125 1
371 236 1
371 245 1
371 257 1
371 844 1
371 903 1
371 1889 1
371 3607 1
398 2 1
398 15 1
398 18 1
398 22 1
398 26 1
398 37 1
398 71 1
398 94 1
398 104 1
398 257 1
398 271 1
398 340 1
398 474 1
398 506 1
434 15 1
434 16 1
434 18 1
434 22 1
434 26 1
434 443 1
435 12 1
435 15 1
435 18 1
435 26 1
435 41 1
435 89 1
435 123 1
435 286 1
435 514 1
438 9 1
438 12 1
438 15 1
438 16 1
438 18 1
438 22 1
438 26 1
438 41 1
438 45 1
438 46 1
438 68 1
438 72 1
438 89 1
438 92 1
438 94 1
438 111 1
438 125 1
438 147 1
438 197 1
438 299 1
438 456 1
438 474 1
438 522 1
438 844 1
438 854 1
438 1172 1
438 1355 1
438 1720 1
438 2609 1
438 2738 1
438 4146 1
443 6 1
443 8 1
443 15 1
443 18 1
443 26 1
443 34 1
443 41 1
443 46 1
443 72 1
443 120 1
443 124 1
443 125 1
443 212 1
443 294 1
443 299 1
443 340 1
443 438 1
443 514 1
443 624 1
443 1078 1
443 1131 1
443 1659 1
456 22 1
456 26 1
456 46 1
456 123 1
456 271 1
456 438 1
456 733 1
456 803 1
456 1554 1
456 1659 1
456 3750 1
474 6 1
474 12 1
474 15 1
474 19 1
474 25 1
474 34 1
474 37 1
474 41 1
474 45 1
474 46 1
474 68 1
474 69 1
474 71 1
474 89 1
474 92 1
474 94 1
474 115 1
474 125 1
474 139 1
474 147 1
474 190 1
474 231 1
474 240 1
474 257 1
474 271 1
474 280 1
474 286 1
474 290 1
474 299 1
474 315 1
474 320 1
474 340 1
474 371 1
474 526 1
474 548 1
474 561 1
474 854 1
474 932 1
474 1052 1
474 1063 1
474 1078 1
474 1276 1
474 1326 1
474 1339 1
474 1554 1
474 1617 1
474 2140 1
474 2517 1
474 2674 1
474 3552 1
474 4843 1
474 7294 1
478 2 1
478 22 1
478 26 1
478 34 1
478 45 1
478 58 1
478 115 1
478 1889 1
489 16 1
489 18 1
489 28 1
489 37 1
489 58 1
489 111 1
489 294 1
489 474 1
489 844 1
489 1120 1
489 2517 1
494 6 1
494 18 1
494 26 1
494 506 1
494 3552 1
506 12 1
506 15 1
506 18 1
506 19 1
506 26 1
506 28 1
506 34 1
506 37 1
506 42 1
506 43 1
506 58 1
506 71 1
506 104 1
506 125 1
506 197 1
506 286 1
506 358 1
506 624 1
506 735 1
506 1192 1
506 1339 1
508 8 1
508 9 1
508 22 1
508 26 1
508 28 1
508 45 1
508 115 1
508 123 1
508 190 1
508 526 1
508 2197 1
514 15 1
514 22 1
514 25 1
514 26 1
514 28 1
514 30 1
514 41 1
514 69 1
514 104 1
514 111 1
514 115 1
514 120 1
514 286 1
514 333 1
514 718 1
514 2554 1
514 3606 1
514 5280 1
515 22 1
515 115 1
515 908 1
522 6 1
522 22 1
522 26 1
522 111 1
522 119 1
522 286 1
522 302 1
522 489 1
522 514 1
522 844 1
526 2 1
526 6 1
526 15 1
526 18 1
526 22 1
526 26 1
526 30 1
526 37 1
526 42 1
526 58 1
526 71 1
526 72 1
526 89 1
526 111 1
526 119 1
526 120 1
526 125 1
526 136 1
526 294 1
526 320 1
526 478 1
526 506 1
526 508 1
526 561 1
526 704 1
526 844 1
526 903 1
526 1172 1
526 1398 1
526 2299 1
526 2609 1
529 15 1
529 18 1
529 30 1
529 42 1
529 58 1
529 89 1
529 94 1
529 104 1
529 152 1
529 207 1
529 315 1
529 725 1
529 4146 1
530 2 1
530 16 1
530 18 1
530 22 1
530 26 1
530 68 1
530 71 1
530 72 1
530 89 1
530 227 1
530 231 1
530 294 1
530 456 1
530 2738 1
532 2 1
532 12 1
532 26 1
532 72 1
532 290 1
532 456 1
532 1172 1
533 46 1
533 147 1
533 1341 1
540 6 1
540 15 1
540 18 1
540 26 1
540 71 1
540 89 1
540 438 1
540 932 1
548 8 1
548 12 1
548 18 1
548 197 1
548 685 1
548 932 1
561 8 1
561 12 1
561 15 1
561 16 1
561 18 1
561 22 1
561 26 1
561 37 1
561 45 1
561 47 1
561 71 1
561 92 1
561 99 1
561 111 1
561 119 1
561 120 1
561 139 1
561 147 1
561 207 1
561 286 1
561 369 1
561 438 1
561 474 1
561 733 1
561 838 1
561 932 1
561 1172 1
561 1339 1
561 1354 1
561 1659 1
561 1889 1
561 2490 1
582 2 1
582 12 1
582 15 1
582 16 1
582 26 1
582 28 1
582 42 1
582 45 1
582 58 1
582 69 1
582 71 1
582 74 1
582 89 1
582 91 1
582 104 1
582 115 1
582 120 1
582 123 1
582 124 1
582 125 1
582 126 1
582 147 1
582 207 1
582 236 1
582 257 1
582 280 1
582 290 1
582 294 1
582 333 1
582 340 1
582 456 1
582 474 1
582 489 1
582 508 1
582 514 1
582 633 1
582 653 1
582 735 1
582 1063 1
582 1339 1
582 1341 1
582 3163 1
582 3829 1
612 15 1
612 16 1
612 45 1
612 60 1
612 89 1
612 286 1
623 71 1
623 443 1
623 3552 1
624 8 1
624 15 1
624 16 1
624 18 1
624 22 1
624 26 1
624 68 1
624 71 1
624 72 1
624 94 1
624 123 1
624 147 1
624 290 1
624 302 1
624 358 1
624 435 1
624 443 1
624 561 1
624 888 1
624 942 1
624 2203 1
631 123 1
631 561 1
633 15 1
633 18 1
633 68 1
633 89 1
633 152 1
633 257 1
653 2 1
653 12 1
653 16 1
653 18 1
653 28 1
653 34 1
653 42 1
653 94 1
653 111 1
653 207 1
653 312 1
653 474 1
653 514 1
653 1192 1
653 7469 1
685 16 1
685 18 1
685 26 1
685 41 1
685 42 1
685 45 1
685 68 1
685 94 1
685 115 1
685 136 1
685 191 1
685 307 1
685 474 1
685 725 1
685 733 1
685 735 1
685 932 1
695 15 1
695 16 1
695 22 1
695 89 1
695 704 1
704 2 1
704 18 1
704 26 1
714 45 1
714 104 1
718 322 1
725 18 1
725 22 1
725 28 1
725 41 1
725 89 1
725 94 1
725 104 1
725 111 1
725 115 1
725 271 1
725 280 1
725 322 1
725 333 1
725 369 1
725 398 1
725 474 1
725 532 1
725 765 1
725 844 1
725 1120 1
725 1131 1
725 2517 1
725 2592 1
733 15 1
733 45 1
733 46 1
733 299 1
733 765 1
733 803 1
733 2609 1
735 6 1
735 15 1
735 16 1
735 18 1
735 22 1
735 26 1
735 43 1
735 115 1
735 299 1
735 340 1
735 844 1
735 1172 1
735 4827 1
765 6 1
765 15 1
765 16 1
765 28 1
765 42 1
765 45 1
765 207 1
765 340 1
801 6 1
801 12 1
801 15 1
801 16 1
801 28 1
801 89 1
801 94 1
801 123 1
801 245 1
801 271 1
801 333 1
801 438 1
801 1089 1
801 1131 1
803 6 1
803 15 1
803 45 1
803 89 1
803 94 1
803 123 1
803 258 1
803 456 1
803 530 1
838 6 1
838 16 1
838 22 1
838 26 1
838 45 1
838 69 1
838 72 1
838 104 1
838 115 1
838 124 1
838 125 1
838 190 1
838 290 1
838 1166 1
838 1341 1
844 6 1
844 9 1
844 15 1
844 16 1
844 18 1
844 26 1
844 37 1
844 47 1
844 68 1
844 71 1
844 72 1
844 104 1
844 111 1
844 196 1
844 231 1
844 271 1
844 358 1
844 456 1
844 526 1
844 530 1
844 624 1
844 1131 1
844 1293 1
844 1314 1
844 1339 1
844 3963 1
844 5406 1
854 2 1
854 15 1
854 18 1
854 26 1
854 111 1
854 290 1
854 1172 1
854 1293 1
879 16 1
879 18 1
879 19 1
879 22 1
879 42 1
879 58 1
879 104 1
879 120 1
879 286 1
879 302 1
879 438 1
879 474 1
879 526 1
879 892 1
879 1131 1
879 1172 1
879 1293 1
879 3691 1
881 18 1
881 22 1
881 26 1
881 45 1
881 624 1
886 18 1
886 908 1
888 2 1
888 15 1
888 18 1
888 22 1
888 26 1
888 68 1
888 312 1
888 979 1
892 9 1
892 28 1
892 115 1
892 190 1
903 15 1
903 22 1
903 28 1
903 37 1
903 115 1
903 207 1
903 340 1
903 1816 1
908 16 1
908 18 1
908 245 1
908 257 1
908 371 1
908 548 1
908 624 1
908 1052 1
908 1089 1
908 2462 1
908 6598 1
922 22 1
932 6 1
932 15 1
932 26 1
932 28 1
932 89 1
932 111 1
932 115 1
932 123 1
932 207 1
932 438 1
932 881 1
932 1063 1
942 6 1
942 30 1
942 42 1
942 123 1
952 26 1
979 18 1
979 22 1
979 474 1
1030 526 1
1030 1182 1
1052 2 1
1052 15 1
1052 18 1
1052 22 1
1052 26 1
1052 28 1
1052 37 1
1052 41 1
1052 45 1
1052 71 1
1052 72 1
1052 89 1
1052 94 1
1052 236 1
1052 307 1
1052 561 1
1052 844 1
1052 1376 1
1063 15 1
1063 18 1
1063 22 1
1063 26 1
1063 28 1
1063 34 1
1063 45 1
1063 46 1
1063 71 1
1063 89 1
1063 94 1
1063 115 1
1063 120 1
1063 136 1
1063 147 1
1063 197 1
1063 236 1
1063 371 1
1063 434 1
1063 718 1
1078 37 1
1078 197 1
1085 6 1
1085 15 1
1085 26 1
1085 72 1
1085 1120 1
1085 1617 1
1089 2 1
1089 15 1
1089 22 1
1089 30 1
1089 89 1
1089 115 1
1089 139 1
1089 231 1
1089 286 1
1089 443 1
1089 456 1
1089 4102 1
1120 15 1
1120 18 1
1120 26 1
1120 45 1
1120 94 1
1120 125 1
1120 258 1
1120 1052 1
1131 6 1
1131 12 1
1131 15 1
1131 16 1
1131 18 1
1131 22 1
1131 26 1
1131 30 1
1131 41 1
1131 45 1
1131 68 1
1131 69 1
1131 89 1
1131 94 1
1131 257 1
1131 280 1
1131 290 1
1131 294 1
1131 443 1
1131 526 1
1131 561 1
1131 1172 1
1131 1345 1
1131 2554 1
1131 3552 1
1131 4094 1
1166 18 1
1166 94 1
1166 290 1
1167 8 1
1167 22 1
1167 71 1
1167 104 1
1167 152 1
1167 271 1
1172 2 1
1172 15 1
1172 16 1
1172 34 1
1172 37 1
1172 89 1
1172 111 1
1172 115 1
1172 302 1
1172 312 1
1172 494 1
1182 22 1
1182 30 1
1182 45 1
1182 94 1
1182 1289 1
1188 15 1
1188 18 1
1188 25 1
1188 340 1
1188 2303 1
1192 2 1
1192 16 1
1192 18 1
1192 26 1
1192 68 1
1192 89 1
1192 290 1
1192 443 1
1192 530 1
1192 801 1
1192 1131 1
1228 71 1
1228 302 1
1270 12 1
1276 2 1
1276 16 1
1276 22 1
1276 45 1
1276 68 1
1276 71 1
1276 125 1
1276 294 1
1276 474 1
1276 1355 1
1276 6226 1
1285 45 1
1285 71 1
1285 72 1
1285 111 1
1289 12 1
1289 15 1
1289 18 1
1289 22 1
1289 26 1
1289 119 1
1289 125 1
1289 207 1
1289 257 1
1289 801 1
1293 22 1
1293 26 1
1293 58 1
1293 207 1
1293 312 1
1295 18 1
1295 22 1
1295 123 1
1314 89 1
1314 125 1
1314 474 1
1326 6 1
1326 15 1
1326 16 1
1326 22 1
1326 34 1
1326 89 1
1326 94 1
1326 4714 1
1339 6 1
1339 22 1
1339 26 1
1339 28 1
1339 41 1
1339 68 1
1339 71 1
1339 111 1
1339 126 1
1339 322 1
1339 478 1
1339 903 1
1339 1326 1
1341 15 1
1341 25 1
1341 34 1
1341 41 1
1341 72 1
1341 89 1
1341 302 1
1341 371 1
1341 2462 1
1341 3731 1
1345 22 1
1345 120 1
1345 474 1
1345 932 1
1354 28 1
1355 15 1
1355 16 1
1355 22 1
1355 115 1
1355 120 1
1355 231 1
1355 290 1
1355 299 1
1355 312 1
1355 1376 1
1355 2467 1
1376 18 1
1376 28 1
1376 46 1
1376 120 1
1376 123 1
1376 190 1
1376 236 1
1376 257 1
1376 315 1
1376 435 1
1376 1131 1
1376 1341 1
1376 2462 1
1376 2467 1
1398 15 1
1469 22 1
1510 2 1
1510 15 1
1510 22 1
1510 34 1
1510 45 1
1510 120 1
1510 207 1
1510 212 1
1510 257 1
1554 6 1
1554 8 1
1554 15 1
1554 18 1
1554 41 1
1554 58 1
1554 434 1
1554 438 1
1554 526 1
1554 561 1
1559 16 1
1559 104 1
1559 257 1
1559 286 1
1561 12 1
1561 16 1
1561 26 1
1561 42 1
1561 68 1
1561 94 1
1592 15 1
1592 18 1
1592 474 1
1603 6 1
1603 1376 1
1617 16 1
1617 22 1
1617 46 1
1617 443 1
1617 474 1
1617 2308 1
1647 16 1
1647 257 1
1659 15 1
1659 22 1
1659 45 1
1659 69 1
1659 120 1
1659 123 1
1659 5533 1
1676 69 1
1720 15 1
1720 60 1
1738 26 1
1793 15 1
1793 89 1
1793 123 1
1793 257 1
1793 5039 1
1816 16 1
1816 299 1
1816 333 1
1879 37 1
1879 115 1
1879 695 1
1879 932 1
1889 2 1
1889 45 1
1889 68 1
1889 123 1
1889 125 1
1889 186 1
1889 561 1
1889 1052 1
1889 1955 1
1889 2040 1
1955 624 1
1955 5406 1
1986 123 1
2040 104 1
2048 2 1
2048 15 1
2048 18 1
2048 22 1
2048 26 1
2048 1554 1
2096 15 1
2096 111 1
2096 136 1
2096 307 1
2140 22 1
2140 37 1
2140 45 1
2140 489 1
2140 1172 1
2141 22 1
2182 16 1
2182 22 1
2197 15 1
2197 22 1
2197 89 1
2299 15 1
2299 28 1
2299 37 1
2299 47 1
2299 115 1
2299 123 1
2299 299 1
2299 371 1
2299 474 1
2303 37 1
2303 42 1
2303 89 1
2303 94 1
2303 104 1
2303 2299 1
2305 15 1
2308 6 1
2308 8 1
2308 15 1
2308 16 1
2308 68 1
2308 115 1
2308 147 1
2308 212 1
2308 1089 1
2308 1339 1
2308 4330 1
2343 22 1
2405 2 1
2405 18 1
2405 22 1
2405 89 1
2405 94 1
2405 115 1
2462 18 1
2467 25 1
2467 26 1
2467 99 1
2467 125 1
2467 136 1
2490 18 1
2490 34 1
2490 41 1
2490 89 1
2490 443 1
2517 26 1
2554 15 1
2554 22 1
2554 26 1
2554 72 1
2554 257 1
2554 1172 1
2554 7340 1
2566 16 1
2573 28 1
2573 147 1
2573 280 1
2592 16 1
2592 18 1
2592 26 1
2592 735 1
2592 6376 1
2597 111 1
2609 6 1
2609 18 1
2609 22 1
2609 26 1
2609 258 1
2612 22 1
2612 474 1
2653 1052 1
2674 15 1
2674 16 1
2674 22 1
2674 89 1
2674 286 1
2674 320 1
2682 12 1
2682 45 1
2682 714 1
2738 18 1
2738 22 1
2738 125 1
2738 1659 1
2763 15 1
2763 71 1
2763 4714 1
2866 15 1
2866 94 1
2866 371 1
2966 18 1
2966 46 1
3108 15 1
3108 68 1
3163 15 1
3163 22 1
3163 89 1
3166 16 1
3166 18 1
3166 45 1
3261 15 1
3261 47 1
3261 257 1
3301 71 1
3480 26 1
3552 15 1
3552 22 1
3552 299 1
3552 312 1
3552 1341 1
3596 15 1
3596 18 1
3596 26 1
3596 123 1
3596 136 1
3606 22 1
3606 147 1
3607 12 1
3607 68 1
3691 2 1
3691 26 1
3691 3481 1
3731 16 1
3731 22 1
3731 26 1
3731 115 1
3750 15 1
3750 26 1
3750 42 1
3750 68 1
3750 186 1
3750 474 1
3750 624 1
3750 1172 1
3815 18 1
3815 271 1
3829 6 1
3857 6 1
3857 22 1
3857 26 1
3857 89 1
3877 15 1
3878 15 1
3878 1355 1
3952 2308 1
3963 18 1
3963 58 1
3963 124 1
3963 844 1
4065 111 1
4065 735 1
4094 18 1
4102 37 1
4102 286 1
4102 903 1
4102 5866 1
4146 15 1
4146 18 1
4146 22 1
4146 26 1
4146 89 1
4166 15 1
4175 16 1
4176 71 1
4330 12 1
4402 22 1
4435 26 1
4437 16 1
4437 41 1
4549 12 1
4549 45 1
4549 68 1
4644 6 1
4644 190 1
4714 18 1
4714 104 1
4714 115 1
4714 126 1
4714 371 1
4714 844 1
4818 26 1
4818 1063 1
4820 115 1
4820 685 1
4827 22 1
4843 45 1
4843 68 1
4868 15 1
4868 18 1
4868 508 1
4877 333 1
5007 16 1
5039 18 1
5101 18 1
5280 16 1
5280 18 1
5340 286 1
5406 2 1
5406 6 1
5406 15 1
5406 22 1
5406 26 1
5406 28 1
5406 71 1
5406 290 1
5406 299 1
5406 801 1
5409 942 1
5449 16 1
5457 89 1
5480 15 1
5518 18 1
5518 258 1
5533 333 1
5533 474 1
5750 111 1
5921 15 1
5921 16 1
5921 26 1
5921 41 1
5921 68 1
5921 115 1
5921 120 1
5921 526 1
5938 37 1
5938 125 1
5976 123 1
5987 2 1
6019 46 1
6068 286 1
6152 16 1
6152 22 1
6152 42 1
6226 1355 1
6263 15 1
6263 22 1
6263 34 1
6263 58 1
6263 1339 1
6362 26 1
6362 1131 1
6376 443 1
6376 3166 1
6381 42 1
6598 6 1
6660 136 1
6673 16 1
6673 34 1
6673 286 1
6703 6 1
7143 22 1
7143 26 1
7154 15 1
7294 58 1
7340 22 1
7419 18 1
7452 18 1
7469 236 1
7683 1276 1
