2 15 1
2 22 1
2 25 1
2 41 1
2 45 1
2 46 1
2 58 1
2 68 1
2 72 1
2 123 1
2 147 1
2 207 1
2 226 1
2 236 1
2 258 1
2 286 1
2 294 1
2 299 1
2 307 1
2 348 1
2 358 1
2 438 1
2 456 1
2 508 1
2 515 1
2 561 1
2 623 1
2 624 1
2 733 1
2 844 1
2 881 1
2 892 1
2 1063 1
2 1089 1
2 1172 1
2 1182 1
2 1289 1
2 1293 1
2 1341 1
2 1355 1
2 1376 1
2 2517 1
2 3552 1
2 3691 1
2 4175 1
2 5449 1
6 2 1
6 15 1
6 16 1
6 18 1
6 19 1
6 22 1
6 25 1
6 26 1
6 34 1
6 37 1
6 41 1
6 45 1
6 46 1
6 47 1
6 68 1
6 69 1
6 71 1
6 72 1
6 104 1
6 111 1
6 115 1
6 119 1
6 123 1
6 125 1
6 126 1
6 139 1
6 147 1
6 207 1
6 227 1
6 231 1
6 257 1
6 280 1
6 294 1
6 302 1
6 312 1
6 315 1
6 337 1
6 342 1
6 369 1
6 371 1
6 435 1
6 474 1
6 508 1
6 514 1
6 530 1
6 561 1
6 624 1
6 695 1
6 844 1
6 854 1
6 979 1
6 1167 1
6 1289 1
6 1293 1
6 1295 1
6 1314 1
6 1339 1
6 1341 1
6 1345 1
6 1355 1
6 1659 1
6 1720 1
6 1889 1
6 2048 1
6 2096 1
6 2197 1
6 2467 1
6 2612 1
6 3815 1
6 7143 1
6 7452 1
8 6 1
8 12 1
8 15 1
8 18 1
8 22 1
8 26 1
8 28 1
8 46 1
8 71 1
8 89 1
8 99 1
8 115 1
8 120 1
8 125 1
8 152 1
8 186 1
8 190 1
8 207 1
8 280 1
8 286 1
8 735 1
8 2299 1
9 2 1
9 6 1
9 8 1
9 16 1
9 18 1
9 22 1
9 26 1
9 28 1
9 60 1
9 72 1
9 120 1
9 197 1
9 257 1
9 315 1
9 340 1
9 533 1
9 633 1
9 879 1
9 1341 1
12 2 1
12 15 1
12 26 1
12 28 1
12 37 1
12 45 1
12 46 1
12 47 1
12 69 1
12 72 1
12 94 1
12 115 1
12 120 1
12 136 1
12 139 1
12 196 1
12 197 1
12 207 1
12 280 1
12 286 1
12 290 1
12 299 1
12 315 1
12 438 1
12 474 1
12 478 1
12 515 1
12 530 1
12 548 1
12 704 1
12 725 1
12 801 1
12 838 1
12 854 1
12 892 1
12 942 1
12 1131 1
12 1166 1
12 1289 1
12 1339 1
12 1510 1
12 1592 1
12 1659 1
12 2197 1
12 2308 1
12 2462 1
12 6263 1
15 6 1
15 8 1
15 16 1
15 18 1
15 19 1
15 25 1
15 28 1
15 42 1
15 43 1
15 45 1
15 58 1
15 60 1
15 68 1
15 94 1
15 104 1
15 120 1
15 123 1
15 124 1
15 191 1
15 197 1
15 227 1
15 280 1
15 290 1
15 299 1
15 312 1
15 315 1
15 320 1
15 348 1
15 358 1
15 371 1
15 435 1
15 443 1
15 506 1
15 508 1
15 526 1
15 529 1
15 530 1
15 624 1
15 695 1
15 725 1
15 735 1
15 801 1
15 879 1
15 881 1
15 932 1
15 942 1
15 1052 1
15 1063 1
15 1182 1
15 1276 1
15 1289 1
15 1295 1
15 1376 1
15 1561 1
15 1592 1
15 1617 1
15 1889 1
15 2517 1
15 2609 1
15 2674 1
15 2866 1
15 3166 1
15 3261 1
15 3301 1
15 5024 1
15 5406 1
15 5921 1
15 6226 1
15 6376 1
16 2 1
16 8 1
16 12 1
16 18 1
16 22 1
16 25 1
16 26 1
16 30 1
16 33 1
16 34 1
16 37 1
16 41 1
16 45 1
16 46 1
16 47 1
16 69 1
16 74 1
16 89 1
16 92 1
16 99 1
16 104 1
16 120 1
16 125 1
16 126 1
16 133 1
16 136 1
16 147 1
16 186 1
16 196 1
16 197 1
16 212 1
16 226 1
16 227 1
16 231 1
16 236 1
16 245 1
16 257 1
16 258 1
16 271 1
16 286 1
16 290 1
16 299 1
16 307 1
16 315 1
16 320 1
16 322 1
16 333 1
16 337 1
16 340 1
16 348 1
16 358 1
16 371 1
16 434 1
16 438 1
16 456 1
16 489 1
16 508 1
16 515 1
16 526 1
16 530 1
16 548 1
16 624 1
16 631 1
16 653 1
16 695 1
16 704 1
16 718 1
16 733 1
16 735 1
16 765 1
16 801 1
16 803 1
16 844 1
16 903 1
16 908 1
16 922 1
16 932 1
16 1078 1
16 1089 1
16 1120 1
16 1131 1
16 1166 1
16 1167 1
16 1172 1
16 1192 1
16 1276 1
16 1285 1
16 1289 1
16 1293 1
16 1336 1
16 1339 1
16 1345 1
16 1355 1
16 1398 1
16 1554 1
16 1561 1
16 1592 1
16 1647 1
16 1659 1
16 1676 1
16 1816 1
16 1955 1
16 2040 1
16 2048 1
16 2197 1
16 2299 1
16 2303 1
16 2462 1
16 2517 1
16 2573 1
16 2653 1
16 2738 1
16 2866 1
16 2966 1
16 3166 1
16 3552 1
16 3606 1
16 3607 1
16 3691 1
16 3731 1
16 3750 1
16 3815 1
16 3963 1
16 4102 1
16 4146 1
16 4330 1
16 4549 1
16 4643 1
16 4644 1
16 4714 1
16 4843 1
16 4868 1
16 5024 1
16 5039 1
16 5406 1
16 5750 1
16 7017 1
16 7154 1
16 7469 1
18 2 1
18 6 1
18 12 1
18 15 1
18 19 1
18 22 1
18 25 1
18 26 1
18 28 1
18 34 1
18 37 1
18 42 1
18 43 1
18 45 1
18 46 1
18 47 1
18 68 1
18 69 1
18 71 1
18 72 1
18 74 1
18 89 1
18 94 1
18 104 1
18 111 1
18 120 1
18 124 1
18 125 1
18 126 1
18 136 1
18 147 1
18 152 1
18 190 1
18 191 1
18 207 1
18 227 1
18 231 1
18 236 1
18 240 1
18 245 1
18 257 1
18 258 1
18 271 1
18 286 1
18 290 1
18 294 1
18 302 1
18 312 1
18 315 1
18 340 1
18 361 1
18 371 1
18 435 1
18 438 1
18 456 1
18 478 1
18 489 1
18 506 1
18 508 1
18 522 1
18 526 1
18 529 1
18 530 1
18 532 1
18 533 1
18 561 1
18 612 1
18 623 1
18 624 1
18 633 1
18 685 1
18 695 1
18 733 1
18 844 1
18 854 1
18 886 1
18 888 1
18 903 1
18 932 1
18 1052 1
18 1063 1
18 1078 1
18 1089 1
18 1120 1
18 1166 1
18 1172 1
18 1182 1
18 1192 1
18 1276 1
18 1285 1
18 1293 1
18 1295 1
18 1326 1
18 1341 1
18 1345 1
18 1354 1
18 1554 1
18 1592 1
18 1659 1
18 1691 1
18 1738 1
18 1879 1
18 2203 1
18 2299 1
18 2303 1
18 2405 1
18 2554 1
18 3166 1
18 3375 1
18 3877 1
18 4402 1
18 4843 1
18 5406 1
18 5921 1
18 6263 1
18 7143 1
19 12 1
19 15 1
19 18 1
19 42 1
19 120 1
19 1659 1
22 2 1
22 8 1
22 12 1
22 15 1
22 18 1
22 19 1
22 25 1
22 26 1
22 30 1
22 34 1
22 37 1
22 41 1
22 42 1
22 43 1
22 45 1
22 46 1
22 58 1
22 60 1
22 68 1
22 69 1
22 72 1
22 91 1
22 104 1
22 111 1
22 115 1
22 119 1
22 123 1
22 124 1
22 125 1
22 139 1
22 152 1
22 186 1
22 191 1
22 196 1
22 207 1
22 227 1
22 231 1
22 236 1
22 240 1
22 245 1
22 257 1
22 258 1
22 271 1
22 280 1
22 286 1
22 290 1
22 299 1
22 312 1
22 315 1
22 320 1
22 322 1
22 340 1
22 348 1
22 358 1
22 369 1
22 371 1
22 398 1
22 438 1
22 443 1
22 456 1
22 474 1
22 478 1
22 489 1
22 514 1
22 522 1
22 526 1
22 530 1
22 532 1
22 533 1
22 561 1
22 612 1
22 624 1
22 631 1
22 633 1
22 685 1
22 695 1
22 704 1
22 725 1
22 733 1
22 735 1
22 803 1
22 838 1
22 844 1
22 854 1
22 886 1
22 888 1
22 903 1
22 908 1
22 922 1
22 932 1
22 942 1
22 952 1
22 1052 1
22 1063 1
22 1078 1
22 1085 1
22 1089 1
22 1120 1
22 1131 1
22 1166 1
22 1167 1
22 1172 1
22 1192 1
22 1276 1
22 1289 1
22 1295 1
22 1314 1
22 1326 1
22 1339 1
22 1341 1
22 1345 1
22 1355 1
22 1398 1
22 1469 1
22 1510 1
22 1554 1
22 1559 1
22 1592 1
22 1647 1
22 1659 1
22 1720 1
22 1889 1
22 1955 1
22 2048 1
22 2197 1
22 2303 1
22 2343 1
22 2405 1
22 2462 1
22 2467 1
22 2490 1
22 2517 1
22 2597 1
22 2609 1
22 2612 1
22 2674 1
22 2738 1
22 2763 1
22 3108 1
22 3552 1
22 3691 1
22 3952 1
22 4094 1
22 4146 1
22 4330 1
22 4402 1
22 4644 1
22 4818 1
22 5007 1
22 5406 1
22 5533 1
22 5866 1
22 5987 1
22 6376 1
22 7340 1
24 6 1
24 15 1
24 22 1
24 26 1
24 69 1
24 104 1
24 1172 1
24 2303 1
25 2 1
25 6 1
25 18 1
25 26 1
25 45 1
25 71 1
25 120 1
25 136 1
25 197 1
25 245 1
25 258 1
25 294 1
25 299 1
25 302 1
25 312 1
25 474 1
25 1052 1
25 1354 1
26 2 1
26 9 1
26 15 1
26 28 1
26 30 1
26 37 1
26 41 1
26 42 1
26 46 1
26 60 1
26 68 1
26 69 1
26 72 1
26 83 1
26 89 1
26 123 1
26 125 1
26 139 1
26 147 1
26 186 1
26 190 1
26 207 1
26 231 1
26 236 1
26 240 1
26 245 1
26 258 1
26 271 1
26 280 1
26 290 1
26 294 1
26 299 1
26 302 1
26 312 1
26 315 1
26 322 1
26 333 1
26 348 1
26 358 1
26 369 1
26 371 1
26 434 1
26 438 1
26 443 1
26 456 1
26 474 1
26 489 1
26 494 1
26 508 1
26 522 1
26 526 1
26 530 1
26 540 1
26 582 1
26 653 1
26 695 1
26 704 1
26 725 1
26 735 1
26 765 1
26 803 1
26 844 1
26 1063 1
26 1085 1
26 1285 1
26 1289 1
26 1326 1
26 1339 1
26 1376 1
26 1554 1
26 1617 1
26 2299 1
26 2405 1
26 2462 1
26 2653 1
26 2674 1
26 3261 1
26 3877 1
26 4714 1
26 5750 1
26 5938 1
28 6 1
28 9 1
28 12 1
28 15 1
28 16 1
28 18 1
28 19 1
28 22 1
28 25 1
28 26 1
28 30 1
28 37 1
28 41 1
28 42 1
28 43 1
28 45 1
28 68 1
28 69 1
28 92 1
28 94 1
28 104 1
28 111 1
28 115 1
28 119 1
28 120 1
28 123 1
28 126 1
28 136 1
28 147 1
28 190 1
28 197 1
28 207 1
28 212 1
28 227 1
28 231 1
28 236 1
28 245 1
28 257 1
28 271 1
28 280 1
28 290 1
28 312 1
28 333 1
28 340 1
28 348 1
28 371 1
28 443 1
28 474 1
28 526 1
28 530 1
28 533 1
28 540 1
28 624 1
28 631 1
28 718 1
28 725 1
28 765 1
28 838 1
28 881 1
28 903 1
28 932 1
28 979 1
28 1052 1
28 1089 1
28 1120 1
28 1131 1
28 1182 1
28 1192 1
28 1289 1
28 1326 1
28 1341 1
28 1355 1
28 1376 1
28 1659 1
28 2182 1
28 2299 1
28 2554 1
28 2763 1
28 3163 1
28 3375 1
28 4437 1
28 4820 1
28 6703 1
30 2 1
30 6 1
30 8 1
30 9 1
30 15 1
30 16 1
30 18 1
30 22 1
30 25 1
30 26 1
30 33 1
30 41 1
30 42 1
30 46 1
30 47 1
30 58 1
30 69 1
30 115 1
30 125 1
30 136 1
30 147 1
30 186 1
30 190 1
30 207 1
30 231 1
30 236 1
30 245 1
30 257 1
30 258 1
30 286 1
30 358 1
30 474 1
30 478 1
30 515 1
30 561 1
30 725 1
30 854 1
30 879 1
30 886 1
30 932 1
30 1052 1
30 1172 1
30 1188 1
30 1659 1
30 2096 1
30 2467 1
30 2517 1
30 2674 1
30 4827 1
30 5406 1
30 6703 1
33 22 1
33 190 1
34 2 1
34 8 1
34 12 1
34 15 1
34 16 1
34 18 1
34 24 1
34 26 1
34 41 1
34 42 1
34 45 1
34 46 1
34 68 1
34 71 1
34 104 1
34 125 1
34 136 1
34 197 1
34 212 1
34 257 1
34 258 1
34 271 1
34 280 1
34 286 1
34 333 1
34 369 1
34 474 1
34 533 1
34 624 1
34 838 1
34 932 1
34 1052 1
34 1228 1
34 1289 1
34 1293 1
34 1336 1
34 1354 1
34 1879 1
34 3552 1
34 3750 1
34 3963 1
34 4094 1
34 4330 1
37 2 1
37 6 1
37 12 1
37 15 1
37 16 1
37 18 1
37 22 1
37 25 1
37 26 1
37 28 1
37 30 1
37 45 1
37 68 1
37 71 1
37 89 1
37 104 1
37 111 1
37 115 1
37 120 1
37 125 1
37 152 1
37 236 1
37 271 1
37 286 1
37 299 1
37 312 1
37 322 1
37 340 1
37 348 1
37 438 1
37 456 1
37 474 1
37 489 1
37 506 1
37 526 1
37 530 1
37 704 1
37 735 1
37 854 1
37 979 1
37 1052 1
37 1063 1
37 1120 1
37 1376 1
37 1398 1
37 2182 1
37 2517 1
37 2554 1
37 3878 1
41 6 1
41 12 1
41 15 1
41 16 1
41 18 1
41 26 1
41 28 1
41 30 1
41 42 1
41 43 1
41 45 1
41 47 1
41 111 1
41 115 1
41 120 1
41 123 1
41 152 1
41 212 1
41 227 1
41 236 1
41 290 1
41 299 1
41 302 1
41 333 1
41 358 1
41 474 1
41 506 1
41 624 1
41 1167 1
41 2763 1
41 3552 1
42 2 1
42 16 1
42 34 1
42 68 1
42 71 1
42 104 1
42 115 1
42 123 1
42 125 1
42 190 1
42 231 1
42 320 1
42 358 1
42 434 1
42 443 1
42 508 1
42 561 1
42 903 1
42 932 1
42 942 1
42 1063 1
42 1339 1
42 2308 1
42 3108 1
42 4094 1
42 4714 1
43 2 1
43 16 1
43 22 1
43 37 1
43 41 1
43 45 1
43 46 1
43 60 1
43 72 1
43 89 1
43 104 1
43 115 1
43 120 1
43 136 1
43 231 1
43 245 1
43 290 1
43 312 1
43 340 1
43 474 1
43 506 1
43 508 1
43 561 1
43 838 1
43 1052 1
43 1063 1
43 1078 1
43 1131 1
43 1355 1
43 2554 1
43 3552 1
43 5518 1
43 6068 1
45 6 1
45 8 1
45 9 1
45 12 1
45 22 1
45 26 1
45 37 1
45 42 1
45 58 1
45 68 1
45 69 1
45 71 1
45 72 1
45 89 1
45 94 1
45 104 1
45 111 1
45 115 1
45 125 1
45 126 1
45 147 1
45 190 1
45 197 1
45 207 1
45 212 1
45 280 1
45 290 1
45 299 1
45 312 1
45 315 1
45 322 1
45 333 1
45 340 1
45 443 1
45 456 1
45 474 1
45 506 1
45 515 1
45 522 1
45 529 1
45 530 1
45 533 1
45 561 1
45 582 1
45 624 1
45 653 1
45 735 1
45 844 1
45 888 1
45 932 1
45 1063 1
45 1085 1
45 1089 1
45 1167 1
45 1172 1
45 1182 1
45 1276 1
45 1293 1
45 1617 1
45 3166 1
45 3750 1
46 6 1
46 8 1
46 12 1
46 15 1
46 18 1
46 19 1
46 26 1
46 30 1
46 37 1
46 41 1
46 42 1
46 45 1
46 71 1
46 72 1
46 89 1
46 94 1
46 111 1
46 120 1
46 123 1
46 196 1
46 240 1
46 280 1
46 286 1
46 294 1
46 322 1
46 342 1
46 489 1
46 529 1
46 530 1
46 532 1
46 624 1
46 704 1
46 844 1
46 881 1
46 932 1
46 1052 1
46 1063 1
46 1120 1
46 1172 1
46 1326 1
46 1339 1
46 1720 1
46 3301 1
47 2 1
47 15 1
47 22 1
47 26 1
47 46 1
47 69 1
47 126 1
47 257 1
47 286 1
47 358 1
47 474 1
47 1295 1
47 2303 1
58 2 1
58 6 1
58 8 1
58 12 1
58 15 1
58 16 1
58 18 1
58 25 1
58 26 1
58 37 1
58 41 1
58 42 1
58 43 1
58 45 1
58 68 1
58 71 1
58 89 1
58 104 1
58 119 1
58 136 1
58 152 1
58 231 1
58 240 1
58 271 1
58 286 1
58 294 1
58 299 1
58 312 1
58 340 1
58 358 1
58 474 1
58 508 1
58 522 1
58 526 1
58 529 1
58 532 1
58 582 1
58 623 1
58 844 1
58 908 1
58 932 1
58 1085 1
58 1089 1
58 1188 1
58 1289 1
58 1339 1
58 1341 1
58 1554 1
58 1561 1
58 2467 1
58 2738 1
58 3301 1
58 3607 1
58 3691 1
58 3750 1
58 4818 1
58 7452 1
60 15 1
60 16 1
60 26 1
60 41 1
60 45 1
60 46 1
60 71 1
60 89 1
60 115 1
60 120 1
60 348 1
60 508 1
60 903 1
68 12 1
68 15 1
68 16 1
68 18 1
68 25 1
68 26 1
68 30 1
68 34 1
68 37 1
68 41 1
68 43 1
68 45 1
68 47 1
68 71 1
68 72 1
68 89 1
68 92 1
68 104 1
68 111 1
68 125 1
68 136 1
68 147 1
68 186 1
68 190 1
68 197 1
68 207 1
68 212 1
68 231 1
68 286 1
68 290 1
68 294 1
68 312 1
68 320 1
68 337 1
68 348 1
68 371 1
68 443 1
68 508 1
68 526 1
68 530 1
68 540 1
68 623 1
68 624 1
68 714 1
68 733 1
68 735 1
68 838 1
68 879 1
68 888 1
68 932 1
68 1052 1
68 1120 1
68 1172 1
68 1188 1
68 1276 1
68 1339 1
68 1398 1
68 1469 1
68 2141 1
68 2467 1
68 2554 1
68 3552 1
68 4714 1
68 4827 1
68 5533 1
68 6381 1
69 15 1
69 18 1
69 45 1
69 89 1
69 136 1
69 290 1
69 371 1
69 526 1
69 765 1
69 2203 1
69 3691 1
69 5750 1
71 6 1
71 8 1
71 12 1
71 15 1
71 16 1
71 18 1
71 22 1
71 26 1
71 33 1
71 37 1
71 41 1
71 47 1
71 58 1
71 69 1
71 74 1
71 83 1
71 89 1
71 92 1
71 94 1
71 115 1
71 123 1
71 124 1
71 136 1
71 147 1
71 197 1
71 227 1
71 240 1
71 257 1
71 280 1
71 286 1
71 290 1
71 322 1
71 340 1
71 348 1
71 358 1
71 474 1
71 489 1
71 522 1
71 530 1
71 533 1
71 653 1
71 765 1
71 803 1
71 844 1
71 879 1
71 1295 1
71 1314 1
71 1355 1
71 1554 1
71 1793 1
71 2405 1
71 3166 1
71 4102 1
71 4644 1
71 5406 1
71 6673 1
71 7141 1
72 8 1
72 15 1
72 18 1
72 34 1
72 37 1
72 41 1
72 45 1
72 58 1
72 68 1
72 71 1
72 89 1
72 94 1
72 231 1
72 294 1
72 299 1
72 315 1
72 508 1
72 561 1
72 633 1
72 1167 1
72 1182 1
72 1293 1
72 1339 1
72 2308 1
72 3750 1
72 3857 1
72 5533 1
74 15 1
74 22 1
74 26 1
74 30 1
74 942 1
74 1120 1
74 1289 1
74 1603 1
83 2 1
83 12 1
83 15 1
83 16 1
83 18 1
83 22 1
83 45 1
83 89 1
83 115 1
83 120 1
83 190 1
83 258 1
83 290 1
83 474 1
83 514 1
83 561 1
83 1052 1
83 1063 1
89 2 1
89 6 1
89 12 1
89 15 1
89 16 1
89 22 1
89 24 1
89 26 1
89 34 1
89 45 1
89 46 1
89 47 1
89 92 1
89 115 1
89 124 1
89 125 1
89 147 1
89 197 1
89 212 1
89 236 1
89 240 1
89 245 1
89 280 1
89 286 1
89 290 1
89 294 1
89 302 1
89 312 1
89 348 1
89 369 1
89 371 1
89 443 1
89 474 1
89 526 1
89 532 1
89 548 1
89 612 1
89 624 1
89 653 1
89 854 1
89 903 1
89 908 1
89 1078 1
89 1085 1
89 1285 1
89 1293 1
89 1341 1
89 1816 1
89 1889 1
89 1955 1
89 2462 1
89 2517 1
89 2738 1
89 3481 1
89 3552 1
89 3691 1
89 4820 1
89 5457 1
89 5518 1
89 5976 1
89 7419 1
91 18 1
91 37 1
91 115 1
91 1063 1
92 6 1
92 12 1
92 15 1
92 28 1
92 37 1
92 42 1
92 45 1
92 58 1
92 68 1
92 71 1
92 94 1
92 120 1
92 152 1
92 212 1
92 280 1
92 290 1
92 299 1
92 312 1
92 714 1
92 844 1
92 1131 1
92 3750 1
92 4146 1
92 4269 1
94 6 1
94 12 1
94 15 1
94 16 1
94 22 1
94 26 1
94 30 1
94 41 1
94 42 1
94 45 1
94 46 1
94 89 1
94 92 1
94 104 1
94 111 1
94 115 1
94 123 1
94 147 1
94 190 1
94 212 1
94 231 1
94 240 1
94 245 1
94 257 1
94 271 1
94 438 1
94 443 1
94 494 1
94 526 1
94 733 1
94 735 1
94 765 1
94 803 1
94 844 1
94 922 1
94 1063 1
94 1120 1
94 1131 1
94 1188 1
94 1293 1
94 1326 1
94 1339 1
94 1355 1
94 2308 1
94 3261 1
94 3815 1
94 4146 1
94 5406 1
99 2 1
99 15 1
99 18 1
99 22 1
99 26 1
99 37 1
99 46 1
99 58 1
99 71 1
99 72 1
99 115 1
99 119 1
99 120 1
99 123 1
99 125 1
99 147 1
99 196 1
99 197 1
99 286 1
99 290 1
99 340 1
99 456 1
99 530 1
99 733 1
99 2462 1
99 2592 1
99 3596 1
99 5039 1
104 2 1
104 8 1
104 12 1
104 15 1
104 18 1
104 22 1
104 26 1
104 28 1
104 30 1
104 34 1
104 37 1
104 42 1
104 71 1
104 89 1
104 94 1
104 111 1
104 123 1
104 125 1
104 136 1
104 197 1
104 212 1
104 236 1
104 257 1
104 290 1
104 294 1
104 299 1
104 302 1
104 307 1
104 312 1
104 322 1
104 340 1
104 438 1
104 443 1
104 489 1
104 506 1
104 561 1
104 631 1
104 653 1
104 733 1
104 844 1
104 854 1
104 879 1
104 1052 1
104 1063 1
104 1078 1
104 1089 1
104 1131 1
104 1192 1
104 1339 1
104 2197 1
104 2405 1
104 4065 1
111 6 1
111 8 1
111 15 1
111 16 1
111 18 1
111 22 1
111 26 1
111 30 1
111 34 1
111 37 1
111 41 1
111 43 1
111 45 1
111 46 1
111 71 1
111 89 1
111 94 1
111 104 1
111 115 1
111 123 1
111 147 1
111 197 1
111 231 1
111 257 1
111 286 1
111 299 1
111 340 1
111 342 1
111 358 1
111 438 1
111 443 1
111 506 1
111 508 1
111 514 1
111 530 1
111 718 1
111 735 1
111 844 1
111 854 1
111 903 1
111 932 1
111 1131 1
111 1289 1
111 1376 1
111 1889 1
111 2738 1
111 4402 1
111 5039 1
111 5280 1
115 2 1
115 8 1
115 15 1
115 16 1
115 18 1
115 24 1
115 26 1
115 28 1
115 34 1
115 45 1
115 58 1
115 60 1
115 71 1
115 72 1
115 74 1
115 92 1
115 94 1
115 104 1
115 124 1
115 197 1
115 245 1
115 271 1
115 294 1
115 337 1
115 358 1
115 371 1
115 434 1
115 474 1
115 478 1
115 548 1
115 685 1
115 725 1
115 733 1
115 803 1
115 844 1
115 881 1
115 908 1
115 932 1
115 979 1
115 1078 1
115 1085 1
115 1289 1
115 1314 1
115 1341 1
115 1659 1
115 1889 1
115 1986 1
115 2299 1
115 4146 1
115 4714 1
115 6376 1
115 7294 1
115 7419 1
119 2 1
119 8 1
119 9 1
119 12 1
119 16 1
119 18 1
119 19 1
119 22 1
119 26 1
119 28 1
119 30 1
119 41 1
119 43 1
119 68 1
119 71 1
119 89 1
119 104 1
119 111 1
119 123 1
119 136 1
119 152 1
119 186 1
119 197 1
119 207 1
119 231 1
119 245 1
119 257 1
119 286 1
119 290 1
119 302 1
119 307 1
119 333 1
119 337 1
119 340 1
119 342 1
119 348 1
119 358 1
119 371 1
119 526 1
119 530 1
119 540 1
119 624 1
119 633 1
119 735 1
119 879 1
119 932 1
119 1052 1
119 1131 1
119 1172 1
119 1339 1
119 1376 1
119 1554 1
119 2303 1
119 2308 1
119 2343 1
119 2609 1
119 2738 1
119 2866 1
119 3857 1
119 4549 1
119 4714 1
120 2 1
120 6 1
120 15 1
120 22 1
120 26 1
120 28 1
120 30 1
120 34 1
120 46 1
120 72 1
120 89 1
120 104 1
120 115 1
120 123 1
120 126 1
120 147 1
120 190 1
120 197 1
120 207 1
120 236 1
120 280 1
120 340 1
120 443 1
120 474 1
120 529 1
120 561 1
120 624 1
120 854 1
120 881 1
120 1063 1
120 1078 1
120 1172 1
120 1889 1
120 2197 1
120 2299 1
120 2566 1
123 2 1
123 6 1
123 12 1
123 18 1
123 19 1
123 22 1
123 25 1
123 26 1
123 28 1
123 30 1
123 41 1
123 43 1
123 45 1
123 46 1
123 58 1
123 72 1
123 74 1
123 89 1
123 104 1
123 111 1
123 124 1
123 125 1
123 136 1
123 147 1
123 186 1
123 190 1
123 197 1
123 227 1
123 241 1
123 245 1
123 271 1
123 280 1
123 286 1
123 290 1
123 294 1
123 299 1
123 307 1
123 322 1
123 333 1
123 340 1
123 358 1
123 371 1
123 438 1
123 443 1
123 456 1
123 474 1
123 489 1
123 494 1
123 506 1
123 514 1
123 582 1
123 612 1
123 624 1
123 735 1
123 803 1
123 892 1
123 932 1
123 942 1
123 1120 1
123 1182 1
123 1276 1
123 1285 1
123 1326 1
123 1339 1
123 1345 1
123 1510 1
123 1554 1
123 2096 1
123 2299 1
123 2303 1
123 2405 1
123 2674 1
123 3691 1
123 3950 1
123 4065 1
123 4435 1
123 5921 1
123 6226 1
123 6381 1
123 6598 1
123 7419 1
124 2 1
124 8 1
124 12 1
124 18 1
124 19 1
124 28 1
124 41 1
124 42 1
124 94 1
124 190 1
124 257 1
124 299 1
124 438 1
124 529 1
124 624 1
124 1052 1
124 1339 1
124 1376 1
124 1659 1
124 2096 1
124 3552 1
125 6 1
125 15 1
125 18 1
125 19 1
125 22 1
125 37 1
125 41 1
125 58 1
125 72 1
125 89 1
125 94 1
125 120 1
125 123 1
125 136 1
125 147 1
125 152 1
125 236 1
125 245 1
125 280 1
125 312 1
125 315 1
125 434 1
125 508 1
125 526 1
125 548 1
125 801 1
125 903 1
125 908 1
125 1030 1
125 1078 1
125 1131 1
125 1172 1
125 1376 1
125 1659 1
125 2048 1
125 6673 1
126 6 1
126 12 1
126 15 1
126 16 1
126 18 1
126 26 1
126 41 1
126 58 1
126 68 1
126 115 1
126 532 1
126 844 1
133 22 1
133 28 1
136 2 1
136 6 1
136 26 1
136 28 1
136 41 1
136 45 1
136 68 1
136 71 1
136 72 1
136 94 1
136 111 1
136 123 1
136 126 1
136 139 1
136 271 1
136 286 1
136 299 1
136 337 1
136 371 1
136 474 1
136 653 1
136 1052 1
136 1355 1
136 3952 1
139 2 1
139 15 1
139 37 1
139 46 1
139 69 1
139 89 1
139 94 1
139 115 1
139 231 1
139 299 1
139 312 1
139 735 1
139 932 1
139 1120 1
139 1131 1
147 15 1
147 22 1
147 26 1
147 28 1
147 123 1
147 236 1
147 286 1
147 299 1
147 1192 1
152 12 1
152 15 1
152 18 1
152 26 1
152 69 1
152 89 1
152 120 1
152 197 1
152 280 1
152 320 1
152 633 1
152 1554 1
152 2554 1
186 15 1
186 18 1
186 34 1
186 111 1
186 115 1
186 120 1
186 438 1
186 522 1
186 1052 1
190 9 1
190 15 1
190 16 1
190 18 1
190 22 1
190 37 1
190 41 1
190 72 1
190 89 1
190 104 1
190 119 1
190 123 1
190 136 1
190 147 1
190 212 1
190 236 1
190 240 1
190 299 1
190 312 1
190 515 1
190 725 1
190 854 1
190 1063 1
190 1289 1
190 3607 1
190 4094 1
190 4102 1
190 4435 1
190 7017 1
191 6 1
191 69 1
191 125 1
191 6362 1
196 15 1
196 46 1
197 6 1
197 18 1
197 22 1
197 26 1
197 37 1
197 94 1
197 125 1
197 337 1
197 456 1
197 526 1
197 1131 1
197 1172 1
197 1341 1
197 1559 1
207 9 1
207 12 1
207 15 1
207 19 1
207 22 1
207 24 1
207 26 1
207 41 1
207 46 1
207 69 1
207 71 1
207 125 1
207 197 1
207 302 1
207 320 1
207 371 1
207 456 1
207 561 1
207 903 1
207 3750 1
212 2 1
212 9 1
212 15 1
212 16 1
212 18 1
212 22 1
212 26 1
212 30 1
212 42 1
212 89 1
212 111 1
212 115 1
212 125 1
212 190 1
212 191 1
212 227 1
212 290 1
212 371 1
212 438 1
212 474 1
212 522 1
212 540 1
212 1192 1
212 2573 1
212 3552 1
212 4330 1
226 12 1
226 22 1
226 89 1
227 8 1
227 12 1
227 15 1
227 68 1
227 89 1
227 844 1
231 6 1
231 12 1
231 15 1
231 22 1
231 26 1
231 28 1
231 37 1
231 42 1
231 71 1
231 89 1
231 104 1
231 115 1
231 125 1
231 438 1
231 443 1
231 515 1
231 522 1
231 653 1
231 695 1
231 735 1
231 1276 1
231 1289 1
231 3963 1
231 4065 1
231 6376 1
236 2 1
236 6 1
236 15 1
236 16 1
236 18 1
236 26 1
236 37 1
236 41 1
236 42 1
236 45 1
236 47 1
236 68 1
236 69 1
236 71 1
236 89 1
236 94 1
236 104 1
236 111 1
236 227 1
236 245 1
236 257 1
236 280 1
236 286 1
236 290 1
236 299 1
236 435 1
236 530 1
236 903 1
236 1052 1
236 3731 1
236 5101 1
240 6 1
240 12 1
240 16 1
240 18 1
240 68 1
240 932 1
240 3829 1
241 45 1
245 15 1
245 16 1
245 18 1
245 22 1
245 28 1
245 68 1
245 71 1
245 94 1
245 120 1
245 124 1
245 190 1
245 294 1
245 312 1
245 320 1
245 526 1
245 548 1
245 561 1
245 685 1
245 1167 1
245 1172 1
245 1289 1
245 1659 1
245 1889 1
245 3552 1
245 4714 1
245 5280 1
245 6376 1
257 2 1
257 6 1
257 12 1
257 15 1
257 18 1
257 22 1
257 26 1
257 37 1
257 42 1
257 45 1
257 46 1
257 58 1
257 69 1
257 94 1
257 115 1
257 119 1
257 120 1
257 125 1
257 152 1
257 207 1
257 212 1
257 236 1
257 240 1
257 320 1
257 438 1
257 474 1
257 489 1
257 494 1
257 526 1
257 529 1
257 704 1
257 733 1
257 854 1
257 1052 1
257 1063 1
257 1089 1
257 1131 1
257 1561 1
257 1659 1
257 1889 1
257 2096 1
257 2140 1
257 2763 1
257 4435 1
258 8 1
258 15 1
258 18 1
258 24 1
258 26 1
258 45 1
258 302 1
258 333 1
258 456 1
258 526 1
258 932 1
258 1172 1
258 1285 1
258 1376 1
271 12 1
271 15 1
271 45 1
271 68 1
271 89 1
271 358 1
271 704 1
271 908 1
271 1326 1
271 2554 1
271 6152 1
280 16 1
280 18 1
280 358 1
280 1089 1
286 15 1
286 16 1
286 26 1
286 28 1
286 42 1
286 45 1
286 69 1
286 89 1
286 94 1
286 115 1
286 120 1
286 123 1
286 124 1
286 125 1
286 191 1
286 231 1
286 258 1
286 271 1
286 290 1
286 294 1
286 438 1
286 478 1
286 526 1
286 685 1
286 733 1
286 801 1
286 844 1
286 1131 1
286 1167 1
286 1172 1
286 1295 1
286 1341 1
286 1354 1
286 1659 1
286 1816 1
286 1955 1
286 2405 1
286 2467 1
286 2490 1
286 2554 1
286 2966 1
286 3480 1
286 3552 1
286 3952 1
286 4102 1
286 5227 1
290 15 1
290 18 1
290 22 1
290 26 1
290 28 1
290 34 1
290 41 1
290 47 1
290 72 1
290 94 1
290 104 1
290 123 1
290 124 1
290 125 1
290 197 1
290 231 1
290 236 1
290 280 1
290 294 1
290 340 1
290 358 1
290 371 1
290 474 1
290 514 1
290 530 1
290 695 1
290 844 1
290 908 1
290 1089 1
290 1345 1
290 1554 1
290 1659 1
290 1955 1
290 2305 1
290 3952 1
290 4065 1
290 4515 1
290 6660 1
294 6 1
294 12 1
294 15 1
294 16 1
294 18 1
294 22 1
294 28 1
294 37 1
294 41 1
294 45 1
294 58 1
294 71 1
294 89 1
294 94 1
294 123 1
294 147 1
294 207 1
294 257 1
294 299 1
294 438 1
294 474 1
294 514 1
294 624 1
294 653 1
294 1131 1
294 1172 1
294 1720 1
294 4714 1
299 9 1
299 15 1
299 18 1
299 22 1
299 26 1
299 34 1
299 37 1
299 58 1
299 71 1
299 89 1
299 92 1
299 111 1
299 120 1
299 147 1
299 190 1
299 240 1
299 435 1
299 438 1
299 530 1
299 881 1
299 1063 1
299 1120 1
299 1131 1
299 1188 1
299 1293 1
299 1793 1
299 2303 1
299 2554 1
299 2966 1
302 2 1
302 12 1
302 16 1
302 18 1
302 22 1
302 26 1
302 34 1
302 41 1
302 46 1
302 72 1
302 94 1
302 115 1
302 123 1
302 125 1
302 152 1
302 197 1
302 236 1
302 286 1
302 312 1
302 348 1
302 434 1
302 443 1
302 474 1
302 508 1
302 526 1
302 548 1
302 561 1
302 623 1
302 765 1
302 854 1
302 886 1
302 1078 1
302 1816 1
307 15 1
307 18 1
307 22 1
307 26 1
307 42 1
307 45 1
307 89 1
307 115 1
307 126 1
307 190 1
307 197 1
307 257 1
307 299 1
307 315 1
307 333 1
307 342 1
307 474 1
307 532 1
307 714 1
307 844 1
307 1676 1
307 2462 1
307 2674 1
307 4330 1
312 2 1
312 6 1
312 15 1
312 16 1
312 26 1
312 28 1
312 37 1
312 58 1
312 71 1
312 72 1
312 92 1
312 94 1
312 111 1
312 115 1
312 125 1
312 126 1
312 186 1
312 190 1
312 257 1
312 371 1
312 438 1
312 443 1
312 456 1
312 506 1
312 561 1
312 854 1
312 1052 1
312 1289 1
312 1339 1
312 2517 1
315 15 1
315 16 1
315 18 1
315 22 1
315 26 1
315 37 1
315 45 1
315 71 1
315 94 1
315 104 1
315 111 1
315 125 1
315 152 1
315 197 1
315 212 1
315 257 1
315 271 1
315 474 1
315 514 1
315 903 1
315 932 1
315 1052 1
315 2966 1
315 3607 1
315 4714 1
315 5921 1
320 6 1
320 22 1
320 68 1
320 72 1
320 152 1
322 8 1
322 26 1
322 41 1
322 115 1
322 147 1
322 561 1
333 6 1
333 15 1
333 18 1
333 22 1
333 26 1
333 28 1
333 68 1
333 104 1
333 111 1
333 115 1
333 125 1
333 257 1
333 280 1
333 290 1
333 299 1
333 371 1
333 456 1
333 474 1
333 526 1
333 725 1
333 844 1
333 1376 1
333 3815 1
333 4714 1
337 22 1
337 28 1
337 46 1
337 89 1
337 1345 1
340 2 1
340 6 1
340 15 1
340 26 1
340 34 1
340 89 1
340 94 1
340 136 1
340 139 1
340 186 1
340 294 1
340 299 1
340 371 1
340 489 1
340 624 1
340 803 1
340 908 1
340 1182 1
340 1339 1
340 1376 1
340 1879 1
340 1889 1
340 3552 1
342 6 1
342 136 1
342 286 1
342 435 1
342 443 1
342 561 1
342 6673 1
348 15 1
348 18 1
348 22 1
348 26 1
348 34 1
348 104 1
348 111 1
348 123 1
348 125 1
348 302 1
348 307 1
348 369 1
348 801 1
348 1063 1
348 1376 1
348 5518 1
358 2 1
358 12 1
358 15 1
358 16 1
358 18 1
358 22 1
358 26 1
358 34 1
358 45 1
358 89 1
358 111 1
358 115 1
358 147 1
358 257 1
358 290 1
358 312 1
358 371 1
358 474 1
358 1659 1
358 2308 1
361 6 1
361 22 1
361 340 1
361 529 1
361 2682 1
369 2 1
369 72 1
369 111 1
369 115 1
369 125 1
371 2 1
371 15 1
371 16 1
371 22 1
371 26 1
371 28 1
371 41 1
371 71 1
371 94 1
371 104 1
371 120 1
371 123 1
371 152 1
371 207 1
371 299 1
371 532 1
371 685 1
371 765 1
371 1052 1
371 1131 1
371 1720 1
371 2738 1
398 6 1
398 15 1
398 16 1
398 18 1
398 28 1
398 30 1
398 42 1
398 68 1
398 197 1
398 231 1
398 312 1
398 456 1
398 474 1
398 508 1
434 15 1
434 18 1
434 22 1
434 26 1
434 42 1
434 340 1
435 6 1
435 15 1
435 22 1
435 26 1
435 71 1
435 94 1
435 120 1
435 236 1
435 302 1
438 6 1
438 15 1
438 16 1
438 18 1
438 26 1
438 28 1
438 30 1
438 34 1
438 37 1
438 43 1
438 68 1
438 69 1
438 71 1
438 89 1
438 94 1
438 111 1
438 115 1
438 190 1
438 312 1
438 315 1
438 340 1
438 478 1
438 624 1
438 735 1
438 1172 1
438 1188 1
438 1326 1
438 1592 1
438 1659 1
438 2299 1
438 2467 1
443 12 1
443 15 1
443 16 1
443 18 1
443 28 1
443 68 1
443 94 1
443 115 1
443 120 1
443 123 1
443 124 1
443 207 1
443 231 1
443 286 1
443 290 1
443 307 1
443 333 1
443 340 1
443 474 1
443 1089 1
443 1131 1
443 7683 1
456 8 1
456 12 1
456 15 1
456 22 1
456 26 1
456 58 1
456 71 1
456 123 1
456 245 1
456 312 1
456 1738 1
474 2 1
474 6 1
474 8 1
474 15 1
474 16 1
474 18 1
474 34 1
474 37 1
474 41 1
474 45 1
474 58 1
474 68 1
474 71 1
474 72 1
474 89 1
474 120 1
474 123 1
474 147 1
474 152 1
474 190 1
474 197 1
474 226 1
474 231 1
474 271 1
474 280 1
474 286 1
474 312 1
474 320 1
474 337 1
474 340 1
474 342 1
474 358 1
474 494 1
474 529 1
474 540 1
474 582 1
474 612 1
474 765 1
474 844 1
474 888 1
474 903 1
474 908 1
474 932 1
474 1063 1
474 1131 1
474 1554 1
474 1793 1
474 2462 1
474 3481 1
474 3552 1
474 4176 1
474 5227 1
478 16 1
478 18 1
478 22 1
478 41 1
478 89 1
478 125 1
478 844 1
478 1089 1
489 16 1
489 18 1
489 68 1
489 94 1
489 119 1
489 290 1
489 456 1
489 474 1
489 561 1
489 735 1
489 2517 1
494 15 1
494 18 1
494 22 1
494 30 1
494 529 1
506 15 1
506 16 1
506 22 1
506 26 1
506 28 1
506 37 1
506 41 1
506 46 1
506 47 1
506 68 1
506 71 1
506 104 1
506 124 1
506 307 1
506 398 1
506 438 1
506 443 1
506 474 1
506 515 1
506 1172 1
506 4714 1
508 2 1
508 6 1
508 15 1
508 22 1
508 45 1
508 58 1
508 68 1
508 71 1
508 94 1
508 631 1
508 1172 1
514 6 1
514 15 1
514 37 1
514 42 1
514 47 1
514 68 1
514 89 1
514 91 1
514 111 1
514 120 1
514 348 1
514 371 1
514 443 1
514 532 1
514 704 1
514 838 1
514 908 1
514 1339 1
515 16 1
515 22 1
515 258 1
522 16 1
522 18 1
522 22 1
522 37 1
522 72 1
522 115 1
522 136 1
522 371 1
522 489 1
522 922 1
526 2 1
526 12 1
526 16 1
526 18 1
526 26 1
526 28 1
526 34 1
526 37 1
526 45 1
526 46 1
526 68 1
526 71 1
526 74 1
526 115 1
526 126 1
526 190 1
526 302 1
526 315 1
526 358 1
526 434 1
526 443 1
526 508 1
526 514 1
526 561 1
526 838 1
526 844 1
526 903 1
526 1063 1
526 1078 1
526 1554 1
526 2612 1
529 12 1
529 15 1
529 16 1
529 18 1
529 22 1
529 34 1
529 94 1
529 104 1
529 115 1
529 286 1
529 735 1
529 844 1
529 879 1
530 2 1
530 18 1
530 22 1
530 46 1
530 68 1
530 71 1
530 111 1
530 257 1
530 258 1
530 456 1
530 1052 1
530 1131 1
530 1879 1
530 4714 1
532 2 1
532 16 1
532 104 1
532 125 1
532 271 1
532 286 1
532 443 1
533 22 1
533 69 1
533 1172 1
540 6 1
540 15 1
540 18 1
540 45 1
540 104 1
540 186 1
540 333 1
540 2096 1
548 18 1
548 22 1
548 58 1
548 68 1
548 286 1
548 312 1
561 6 1
561 9 1
561 12 1
561 15 1
561 16 1
561 18 1
561 22 1
561 28 1
561 34 1
561 37 1
561 45 1
561 46 1
561 58 1
561 69 1
561 71 1
561 74 1
561 89 1
561 94 1
561 136 1
561 147 1
561 257 1
561 294 1
561 299 1
561 315 1
561 337 1
561 514 1
561 803 1
561 932 1
561 1167 1
561 1293 1
561 1376 1
561 2308 1
582 2 1
582 6 1
582 9 1
582 12 1
582 16 1
582 18 1
582 22 1
582 26 1
582 28 1
582 30 1
582 34 1
582 45 1
582 71 1
582 89 1
582 115 1
582 120 1
582 123 1
582 125 1
582 136 1
582 147 1
582 227 1
582 258 1
582 286 1
582 290 1
582 333 1
582 371 1
582 443 1
582 489 1
582 533 1
582 561 1
582 624 1
582 735 1
582 803 1
582 854 1
582 881 1
582 1063 1
582 1172 1
582 1345 1
582 2609 1
582 4102 1
582 4437 1
582 4714 1
582 5921 1
612 16 1
612 26 1
612 125 1
612 257 1
612 299 1
612 1879 1
623 15 1
623 22 1
623 37 1
624 6 1
624 15 1
624 16 1
624 18 1
624 22 1
624 26 1
624 41 1
624 69 1
624 71 1
624 72 1
624 89 1
624 115 1
624 123 1
624 190 1
624 236 1
624 348 1
624 361 1
624 474 1
624 506 1
624 801 1
624 2308 1
631 68 1
631 72 1
633 15 1
633 18 1
633 37 1
633 136 1
633 207 1
633 245 1
653 2 1
653 15 1
653 18 1
653 22 1
653 26 1
653 58 1
653 60 1
653 115 1
653 120 1
653 236 1
653 257 1
653 695 1
653 1078 1
653 2738 1
653 4094 1
685 2 1
685 6 1
685 15 1
685 16 1
685 18 1
685 26 1
685 30 1
685 42 1
685 58 1
685 111 1
685 226 1
685 312 1
685 438 1
685 474 1
685 624 1
685 932 1
685 2554 1
695 41 1
695 240 1
695 320 1
695 438 1
695 801 1
704 22 1
704 46 1
704 89 1
714 46 1
714 529 1
718 1889 1
725 2 1
725 8 1
725 12 1
725 16 1
725 26 1
725 41 1
725 68 1
725 71 1
725 72 1
725 94 1
725 104 1
725 125 1
725 147 1
725 257 1
725 286 1
725 290 1
725 371 1
725 494 1
725 514 1
725 1182 1
725 1592 1
725 3731 1
725 4714 1
733 28 1
733 60 1
733 72 1
733 315 1
733 1052 1
733 1131 1
733 1510 1
735 2 1
735 15 1
735 34 1
735 37 1
735 42 1
735 92 1
735 94 1
735 115 1
735 123 1
735 290 1
735 315 1
735 801 1
735 2609 1
765 18 1
765 22 1
765 26 1
765 28 1
765 34 1
765 294 1
765 340 1
765 1339 1
801 6 1
801 9 1
801 15 1
801 26 1
801 45 1
801 69 1
801 72 1
801 111 1
801 119 1
801 120 1
801 207 1
801 280 1
801 294 1
801 803 1
803 2 1
803 18 1
803 26 1
803 71 1
803 104 1
803 245 1
803 530 1
803 844 1
803 1339 1
838 6 1
838 15 1
838 16 1
838 18 1
838 22 1
838 28 1
838 34 1
838 89 1
838 92 1
838 125 1
838 147 1
838 340 1
838 1376 1
838 2467 1
838 5024 1
844 6 1
844 12 1
844 15 1
844 18 1
844 26 1
844 30 1
844 37 1
844 41 1
844 42 1
844 68 1
844 69 1
844 111 1
844 115 1
844 120 1
844 123 1
844 257 1
844 258 1
844 280 1
844 489 1
844 526 1
844 530 1
844 1172 1
844 1276 1
844 1339 1
844 1659 1
844 4843 1
844 5406 1
854 12 1
854 16 1
854 26 1
854 28 1
854 41 1
854 115 1
854 489 1
854 522 1
879 6 1
879 8 1
879 12 1
879 16 1
879 18 1
879 22 1
879 26 1
879 42 1
879 123 1
879 207 1
879 257 1
879 286 1
879 299 1
879 312 1
879 474 1
879 1052 1
879 1955 1
879 2197 1
881 26 1
881 280 1
881 294 1
881 299 1
881 2405 1
886 18 1
886 104 1
888 12 1
888 16 1
888 22 1
888 26 1
888 71 1
888 120 1
888 286 1
888 294 1
892 2 1
892 16 1
892 26 1
892 37 1
903 15 1
903 26 1
903 45 1
903 89 1
903 125 1
903 190 1
903 286 1
903 294 1
908 6 1
908 15 1
908 22 1
908 37 1
908 42 1
908 45 1
908 74 1
908 125 1
908 456 1
908 735 1
908 1172 1
922 22 1
932 12 1
932 15 1
932 26 1
932 45 1
932 89 1
932 104 1
932 115 1
932 123 1
932 438 1
932 1172 1
932 1192 1
932 3375 1
942 2 1
942 22 1
942 89 1
942 120 1
952 26 1
979 16 1
979 22 1
979 74 1
1030 22 1
1030 58 1
1052 15 1
1052 16 1
1052 18 1
1052 26 1
1052 34 1
1052 37 1
1052 41 1
1052 207 1
1052 257 1
1052 280 1
1052 294 1
1052 369 1
1052 478 1
1052 489 1
1052 526 1
1052 1561 1
1052 4269 1
1052 4868 1
1063 2 1
1063 9 1
1063 15 1
1063 16 1
1063 18 1
1063 22 1
1063 34 1
1063 46 1
1063 89 1
1063 94 1
1063 111 1
1063 125 1
1063 299 1
1063 312 1
1063 443 1
1063 474 1
1063 526 1
1063 2674 1
1063 3691 1
1063 3857 1
1078 72 1
1078 489 1
1085 15 1
1085 25 1
1085 456 1
1085 1131 1
1085 1172 1
1085 3750 1
1089 2 1
1089 15 1
1089 22 1
1089 26 1
1089 34 1
1089 45 1
1089 94 1
1089 125 1
1089 271 1
1089 302 1
1089 506 1
1089 653 1
1120 15 1
1120 71 1
1120 190 1
1120 231 1
1120 236 1
1120 299 1
1120 561 1
1120 6263 1
1131 2 1
1131 8 1
1131 9 1
1131 26 1
1131 28 1
1131 37 1
1131 42 1
1131 45 1
1131 46 1
1131 47 1
1131 58 1
1131 68 1
1131 104 1
1131 123 1
1131 124 1
1131 125 1
1131 207 1
1131 257 1
1131 337 1
1131 474 1
1131 733 1
1131 765 1
1131 942 1
1131 1339 1
1131 2305 1
1131 2517 1
1166 26 1
1166 45 1
1166 474 1
1167 12 1
1167 18 1
1167 22 1
1167 115 1
1167 474 1
1167 5938 1
1172 16 1
1172 28 1
1172 45 1
1172 46 1
1172 69 1
1172 71 1
1172 111 1
1172 125 1
1172 271 1
1172 340 1
1172 438 1
1182 16 1
1182 18 1
1182 68 1
1182 294 1
1182 443 1
1188 26 1
1188 125 1
1188 197 1
1188 245 1
1188 514 1
1192 2 1
1192 12 1
1192 15 1
1192 18 1
1192 26 1
1192 37 1
1192 42 1
1192 58 1
1192 115 1
1192 245 1
1192 1078 1
1228 16 1
1228 474 1
1270 881 1
1276 2 1
1276 15 1
1276 18 1
1276 19 1
1276 89 1
1276 104 1
1276 735 1
1276 1063 1
1276 1131 1
1276 3261 1
1276 5280 1
1285 72 1
1285 125 1
1285 474 1
1285 515 1
1289 2 1
1289 12 1
1289 15 1
1289 18 1
1289 22 1
1289 26 1
1289 47 1
1289 94 1
1289 111 1
1289 506 1
1293 6 1
1293 8 1
1293 71 1
1293 548 1
1293 2554 1
1295 15 1
1295 18 1
1295 68 1
1314 22 1
1314 434 1
1314 735 1
1326 15 1
1326 16 1
1326 28 1
1326 42 1
1326 104 1
1326 257 1
1326 435 1
1326 733 1
1339 6 1
1339 9 1
1339 18 1
1339 22 1
1339 72 1
1339 89 1
1339 104 1
1339 125 1
1339 312 1
1339 348 1
1339 624 1
1339 803 1
1339 4843 1
1341 15 1
1341 16 1
1341 26 1
1341 68 1
1341 92 1
1341 125 1
1341 280 1
1341 340 1
1341 548 1
1341 3166 1
1345 15 1
1345 844 1
1345 2517 1
1345 2674 1
1354 58 1
1355 15 1
1355 18 1
1355 26 1
1355 45 1
1355 68 1
1355 89 1
1355 111 1
1355 124 1
1355 190 1
1355 197 1
1355 299 1
1376 15 1
1376 16 1
1376 22 1
1376 26 1
1376 37 1
1376 68 1
1376 69 1
1376 71 1
1376 89 1
1376 94 1
1376 111 1
1376 124 1
1376 443 1
1376 474 1
1398 15 1
1469 290 1
1510 6 1
1510 8 1
1510 18 1
1510 22 1
1510 28 1
1510 43 1
1510 474 1
1510 725 1
1510 888 1
1554 15 1
1554 37 1
1554 41 1
1554 89 1
1554 123 1
1554 286 1
1554 358 1
1554 434 1
1554 456 1
1554 735 1
1559 2 1
1559 15 1
1559 71 1
1559 838 1
1561 15 1
1561 18 1
1561 37 1
1561 89 1
1561 94 1
1561 294 1
1592 6 1
1592 15 1
1592 474 1
1603 22 1
1603 28 1
1617 15 1
1617 16 1
1617 22 1
1617 123 1
1617 212 1
1617 474 1
1647 37 1
1647 3552 1
1659 12 1
1659 22 1
1659 45 1
1659 207 1
1659 358 1
1659 474 1
1659 844 1
1676 111 1
1720 45 1
1720 115 1
1738 16 1
1793 15 1
1793 18 1
1793 43 1
1793 94 1
1793 115 1
1816 28 1
1816 45 1
1816 120 1
1879 22 1
1879 30 1
1879 45 1
1879 529 1
1889 2 1
1889 6 1
1889 16 1
1889 22 1
1889 26 1
1889 68 1
1889 111 1
1889 561 1
1889 932 1
1889 1172 1
1955 15 1
1955 46 1
1986 22 1
2040 22 1
2048 6 1
2048 15 1
2048 16 1
2048 26 1
2048 123 1
2048 844 1
2096 16 1
2096 72 1
2096 245 1
2096 1314 1
2140 6 1
2140 34 1
2140 474 1
2140 1314 1
2140 1554 1
2141 2299 1
2182 15 1
2182 340 1
2197 26 1
2197 68 1
2197 340 1
2299 15 1
2299 16 1
2299 89 1
2299 125 1
2299 136 1
2299 197 1
2299 434 1
2299 735 1
2299 879 1
2303 12 1
2303 26 1
2303 104 1
2303 111 1
2303 115 1
2303 3750 1
2305 26 1
2308 15 1
2308 18 1
2308 22 1
2308 26 1
2308 45 1
2308 58 1
2308 104 1
2308 111 1
2308 271 1
2308 299 1
2308 1089 1
2343 307 1
2405 18 1
2405 22 1
2405 34 1
2405 68 1
2405 123 1
2405 529 1
2462 26 1
2467 18 1
2467 37 1
2467 46 1
2467 120 1
2467 1376 1
2490 6 1
2490 15 1
2490 42 1
2490 68 1
2490 89 1
2517 22 1
2554 6 1
2554 22 1
2554 41 1
2554 68 1
2554 245 1
2554 280 1
2554 438 1
2566 231 1
2573 26 1
2573 125 1
2573 1052 1
2592 15 1
2592 18 1
2592 26 1
2592 286 1
2592 1355 1
2597 15 1
2609 12 1
2609 16 1
2609 19 1
2609 123 1
2609 1341 1
2612 22 1
2612 94 1
2653 15 1
2674 2 1
2674 15 1
2674 16 1
2674 42 1
2674 123 1
2674 1172 1
2682 16 1
2682 22 1
2682 725 1
2738 26 1
2738 45 1
2738 125 1
2738 474 1
2763 16 1
2763 18 1
2763 514 1
2866 18 1
2866 22 1
2866 1167 1
2966 15 1
2966 37 1
3108 16 1
3108 147 1
3163 30 1
3163 42 1
3163 280 1
3166 15 1
3166 18 1
3166 34 1
3261 94 1
3261 307 1
3261 515 1
3301 18 1
3480 190 1
3552 18 1
3552 22 1
3552 68 1
3552 89 1
3552 91 1
3596 2 1
3596 22 1
3596 26 1
3596 28 1
3596 89 1
3606 294 1
3606 526 1
3607 18 1
3607 94 1
3691 15 1
3691 879 1
3691 1172 1
3731 22 1
3731 26 1
3731 28 1
3731 71 1
3750 6 1
3750 15 1
3750 22 1
3750 26 1
3750 58 1
3750 333 1
3750 474 1
3750 1167 1
3815 15 1
3815 22 1
3829 8 1
3857 15 1
3857 18 1
3857 115 1
3857 4402 1
3877 34 1
3878 16 1
3878 1167 1
3952 26 1
3963 15 1
3963 22 1
3963 34 1
3963 47 1
4065 6 1
4065 561 1
4094 22 1
4102 15 1
4102 111 1
4102 120 1
4102 371 1
4146 18 1
4146 71 1
4146 111 1
4146 120 1
4146 456 1
4166 15 1
4175 9 1
4176 1376 1
4330 71 1
4402 18 1
4435 2 1
4437 16 1
4437 26 1
4549 37 1
4549 46 1
4549 932 1
4644 41 1
4644 322 1
4714 6 1
4714 15 1
4714 89 1
4714 92 1
4714 104 1
4714 474 1
4818 6 1
4818 26 1
4820 18 1
4820 474 1
4827 26 1
4843 6 1
4843 22 1
4868 18 1
4868 26 1
4868 123 1
4877 22 1
5007 45 1
5039 126 1
5101 115 1
5280 89 1
5280 474 1
5340 22 1
5406 15 1
5406 18 1
5406 69 1
5406 94 1
5406 120 1
5406 231 1
5406 294 1
5406 312 1
5406 474 1
5406 1131 1
5409 257 1
5449 92 1
5457 18 1
5480 8 1
5518 16 1
5518 240 1
5533 125 1
5533 358 1
5750 312 1
5921 15 1
5921 34 1
5921 71 1
5921 72 1
5921 89 1
5921 111 1
5921 315 1
5921 529 1
5938 37 1
5938 111 1
5976 18 1
5987 104 1
6019 25 1
6068 22 1
6152 45 1
6152 68 1
6152 294 1
6226 125 1
6263 22 1
6263 26 1
6263 72 1
6263 312 1
6263 489 1
6362 120 1
6362 294 1
6376 68 1
6376 190 1
6381 22 1
6598 15 1
6660 6 1
6673 22 1
6673 45 1
6673 123 1
6703 18 1
7143 92 1
7143 506 1
7154 18 1
7294 42 1
7340 119 1
7419 312 1
7452 74 1
7469 3261 1
7683 1063 1
