2 6 1
2 12 1
2 19 1
2 22 1
2 26 1
2 28 1
2 30 1
2 34 1
2 42 1
2 46 1
2 58 1
2 71 1
2 94 1
2 104 1
2 111 1
2 115 1
2 123 1
2 231 1
2 240 1
2 271 1
2 294 1
2 312 1
2 489 1
2 561 1
2 653 1
2 714 1
2 803 1
2 838 1
2 854 1
2 1052 1
2 1078 1
2 1131 1
2 1166 1
2 1167 1
2 1289 1
2 1326 1
2 1376 1
2 1889 1
2 2096 1
2 2182 1
2 2517 1
2 2609 1
2 2612 1
2 4146 1
2 4175 1
2 5921 1
6 2 1
6 8 1
6 15 1
6 18 1
6 22 1
6 34 1
6 37 1
6 41 1
6 42 1
6 45 1
6 60 1
6 69 1
6 71 1
6 89 1
6 91 1
6 94 1
6 104 1
6 115 1
6 123 1
6 125 1
6 136 1
6 147 1
6 186 1
6 190 1
6 212 1
6 226 1
6 290 1
6 302 1
6 315 1
6 333 1
6 340 1
6 358 1
6 369 1
6 443 1
6 478 1
6 522 1
6 529 1
6 530 1
6 561 1
6 612 1
6 653 1
6 714 1
6 725 1
6 733 1
6 735 1
6 803 1
6 903 1
6 908 1
6 1063 1
6 1131 1
6 1172 1
6 1188 1
6 1289 1
6 1293 1
6 1376 1
6 1510 1
6 1617 1
6 1691 1
6 1889 1
6 2405 1
6 2462 1
6 2467 1
6 2573 1
6 2738 1
6 3166 1
6 3691 1
6 3750 1
6 4435 1
6 4437 1
6 4820 1
6 5406 1
8 2 1
8 16 1
8 18 1
8 22 1
8 26 1
8 30 1
8 41 1
8 60 1
8 71 1
8 125 1
8 147 1
8 271 1
8 315 1
8 489 1
8 514 1
8 633 1
8 725 1
8 903 1
8 1172 1
8 1314 1
8 1955 1
8 4102 1
9 6 1
9 15 1
9 22 1
9 37 1
9 42 1
9 68 1
9 94 1
9 124 1
9 136 1
9 312 1
9 340 1
9 478 1
9 514 1
9 718 1
9 1131 1
9 1276 1
9 2299 1
9 2674 1
9 4714 1
12 2 1
12 6 1
12 8 1
12 15 1
12 16 1
12 18 1
12 26 1
12 28 1
12 37 1
12 45 1
12 46 1
12 58 1
12 69 1
12 71 1
12 74 1
12 92 1
12 123 1
12 125 1
12 136 1
12 147 1
12 191 1
12 226 1
12 231 1
12 257 1
12 280 1
12 299 1
12 315 1
12 340 1
12 508 1
12 529 1
12 530 1
12 631 1
12 695 1
12 879 1
12 892 1
12 903 1
12 1089 1
12 1192 1
12 1314 1
12 1326 1
12 1354 1
12 1376 1
12 1561 1
12 2303 1
12 2467 1
12 2674 1
12 4643 1
15 6 1
15 18 1
15 22 1
15 24 1
15 28 1
15 37 1
15 41 1
15 42 1
15 45 1
15 46 1
15 47 1
15 68 1
15 72 1
15 92 1
15 94 1
15 104 1
15 111 1
15 115 1
15 123 1
15 125 1
15 139 1
15 147 1
15 152 1
15 190 1
15 212 1
15 236 1
15 245 1
15 257 1
15 290 1
15 302 1
15 312 1
15 315 1
15 320 1
15 358 1
15 371 1
15 435 1
15 438 1
15 443 1
15 456 1
15 489 1
15 508 1
15 529 1
15 532 1
15 653 1
15 725 1
15 735 1
15 838 1
15 854 1
15 892 1
15 903 1
15 932 1
15 942 1
15 1052 1
15 1078 1
15 1120 1
15 1131 1
15 1295 1
15 1554 1
15 2203 1
15 2308 1
15 2682 1
15 2763 1
15 2966 1
15 3552 1
15 4065 1
15 4402 1
15 5280 1
15 6263 1
15 6381 1
16 2 1
16 6 1
16 8 1
16 9 1
16 15 1
16 18 1
16 19 1
16 22 1
16 25 1
16 26 1
16 30 1
16 34 1
16 37 1
16 41 1
16 46 1
16 69 1
16 71 1
16 72 1
16 74 1
16 89 1
16 94 1
16 111 1
16 115 1
16 120 1
16 126 1
16 133 1
16 147 1
16 152 1
16 190 1
16 207 1
16 212 1
16 226 1
16 231 1
16 236 1
16 241 1
16 245 1
16 271 1
16 280 1
16 286 1
16 290 1
16 294 1
16 299 1
16 302 1
16 312 1
16 315 1
16 320 1
16 342 1
16 358 1
16 371 1
16 435 1
16 438 1
16 443 1
16 456 1
16 474 1
16 478 1
16 489 1
16 506 1
16 514 1
16 515 1
16 522 1
16 526 1
16 529 1
16 530 1
16 532 1
16 533 1
16 561 1
16 624 1
16 653 1
16 695 1
16 704 1
16 733 1
16 838 1
16 844 1
16 854 1
16 879 1
16 886 1
16 908 1
16 932 1
16 979 1
16 1052 1
16 1063 1
16 1078 1
16 1120 1
16 1131 1
16 1167 1
16 1172 1
16 1182 1
16 1192 1
16 1276 1
16 1285 1
16 1289 1
16 1293 1
16 1295 1
16 1336 1
16 1339 1
16 1345 1
16 1355 1
16 1376 1
16 1469 1
16 1559 1
16 1659 1
16 1720 1
16 1738 1
16 1879 1
16 1955 1
16 2141 1
16 2299 1
16 2405 1
16 2467 1
16 2517 1
16 2554 1
16 2597 1
16 2738 1
16 2966 1
16 3261 1
16 3481 1
16 3552 1
16 3596 1
16 3606 1
16 3731 1
16 3750 1
16 3963 1
16 4094 1
16 4269 1
16 4714 1
16 4827 1
16 5024 1
16 5101 1
16 5280 1
16 5406 1
16 5449 1
16 5518 1
16 5750 1
16 5921 1
16 6381 1
16 6660 1
16 7419 1
16 7452 1
16 7469 1
18 2 1
18 6 1
18 8 1
18 9 1
18 12 1
18 15 1
18 19 1
18 22 1
18 25 1
18 26 1
18 28 1
18 34 1
18 37 1
18 42 1
18 46 1
18 47 1
18 58 1
18 68 1
18 69 1
18 72 1
18 74 1
18 83 1
18 89 1
18 104 1
18 111 1
18 115 1
18 120 1
18 125 1
18 126 1
18 152 1
18 186 1
18 190 1
18 196 1
18 212 1
18 227 1
18 236 1
18 245 1
18 258 1
18 286 1
18 290 1
18 294 1
18 299 1
18 302 1
18 312 1
18 315 1
18 320 1
18 337 1
18 348 1
18 358 1
18 371 1
18 434 1
18 438 1
18 443 1
18 489 1
18 522 1
18 526 1
18 529 1
18 540 1
18 624 1
18 631 1
18 633 1
18 685 1
18 704 1
18 725 1
18 735 1
18 765 1
18 803 1
18 844 1
18 854 1
18 881 1
18 888 1
18 908 1
18 942 1
18 1052 1
18 1063 1
18 1078 1
18 1085 1
18 1120 1
18 1131 1
18 1166 1
18 1167 1
18 1172 1
18 1182 1
18 1276 1
18 1289 1
18 1295 1
18 1339 1
18 1341 1
18 1376 1
18 1398 1
18 1554 1
18 1561 1
18 1592 1
18 1676 1
18 1816 1
18 2048 1
18 2299 1
18 2343 1
18 2517 1
18 2612 1
18 2674 1
18 2738 1
18 2966 1
18 3261 1
18 3552 1
18 3691 1
18 4269 1
18 4435 1
18 4843 1
18 5024 1
18 5227 1
18 5518 1
18 5533 1
18 5921 1
18 6376 1
18 7340 1
19 15 1
19 18 1
19 22 1
19 26 1
19 42 1
19 530 1
22 2 1
22 12 1
22 18 1
22 30 1
22 33 1
22 37 1
22 42 1
22 43 1
22 45 1
22 46 1
22 47 1
22 58 1
22 68 1
22 69 1
22 71 1
22 72 1
22 89 1
22 94 1
22 104 1
22 111 1
22 115 1
22 119 1
22 120 1
22 123 1
22 124 1
22 125 1
22 139 1
22 147 1
22 191 1
22 196 1
22 197 1
22 207 1
22 226 1
22 227 1
22 231 1
22 236 1
22 240 1
22 245 1
22 257 1
22 258 1
22 271 1
22 280 1
22 286 1
22 290 1
22 294 1
22 315 1
22 322 1
22 337 1
22 342 1
22 348 1
22 358 1
22 369 1
22 371 1
22 435 1
22 443 1
22 456 1
22 478 1
22 489 1
22 508 1
22 515 1
22 522 1
22 526 1
22 529 1
22 530 1
22 532 1
22 533 1
22 540 1
22 548 1
22 561 1
22 623 1
22 624 1
22 631 1
22 653 1
22 695 1
22 733 1
22 735 1
22 801 1
22 803 1
22 838 1
22 844 1
22 854 1
22 879 1
22 888 1
22 892 1
22 903 1
22 908 1
22 922 1
22 932 1
22 1052 1
22 1063 1
22 1078 1
22 1085 1
22 1089 1
22 1120 1
22 1131 1
22 1167 1
22 1172 1
22 1182 1
22 1289 1
22 1295 1
22 1314 1
22 1326 1
22 1336 1
22 1339 1
22 1345 1
22 1355 1
22 1398 1
22 1510 1
22 1554 1
22 1617 1
22 1659 1
22 1720 1
22 1793 1
22 1879 1
22 1889 1
22 1955 1
22 2040 1
22 2048 1
22 2299 1
22 2303 1
22 2462 1
22 2467 1
22 2653 1
22 2674 1
22 3166 1
22 3301 1
22 3375 1
22 3552 1
22 3691 1
22 3731 1
22 3857 1
22 3877 1
22 3952 1
22 3963 1
22 4102 1
22 4330 1
22 4402 1
22 4437 1
22 4515 1
22 4644 1
22 4818 1
22 4843 1
22 5039 1
22 5227 1
22 5280 1
22 5406 1
22 5866 1
22 5921 1
22 5976 1
22 6068 1
22 6226 1
22 6703 1
22 7143 1
22 7154 1
22 7419 1
24 16 1
24 18 1
24 22 1
24 26 1
24 71 1
24 115 1
24 514 1
24 1052 1
25 15 1
25 18 1
25 22 1
25 26 1
25 28 1
25 34 1
25 37 1
25 92 1
25 104 1
25 111 1
25 115 1
25 123 1
25 231 1
25 302 1
25 506 1
25 844 1
25 2554 1
25 4435 1
26 6 1
26 9 1
26 12 1
26 15 1
26 19 1
26 22 1
26 28 1
26 30 1
26 34 1
26 37 1
26 41 1
26 45 1
26 46 1
26 47 1
26 58 1
26 60 1
26 68 1
26 72 1
26 94 1
26 120 1
26 123 1
26 125 1
26 126 1
26 136 1
26 147 1
26 227 1
26 231 1
26 236 1
26 245 1
26 280 1
26 290 1
26 294 1
26 299 1
26 312 1
26 315 1
26 320 1
26 322 1
26 333 1
26 340 1
26 348 1
26 358 1
26 371 1
26 438 1
26 456 1
26 474 1
26 478 1
26 489 1
26 506 1
26 508 1
26 514 1
26 526 1
26 530 1
26 533 1
26 561 1
26 633 1
26 704 1
26 801 1
26 844 1
26 903 1
26 922 1
26 979 1
26 1063 1
26 1120 1
26 1131 1
26 1314 1
26 1376 1
26 1554 1
26 1603 1
26 1889 1
26 2303 1
26 2517 1
26 2554 1
26 2592 1
26 3108 1
26 3166 1
26 3261 1
26 3750 1
26 4176 1
26 5406 1
26 5533 1
26 7141 1
28 2 1
28 6 1
28 8 1
28 12 1
28 15 1
28 16 1
28 18 1
28 22 1
28 26 1
28 34 1
28 37 1
28 41 1
28 43 1
28 45 1
28 58 1
28 68 1
28 69 1
28 72 1
28 74 1
28 92 1
28 104 1
28 111 1
28 115 1
28 124 1
28 125 1
28 126 1
28 136 1
28 147 1
28 152 1
28 197 1
28 227 1
28 231 1
28 258 1
28 271 1
28 280 1
28 290 1
28 299 1
28 302 1
28 312 1
28 315 1
28 333 1
28 348 1
28 371 1
28 435 1
28 438 1
28 443 1
28 456 1
28 474 1
28 478 1
28 508 1
28 526 1
28 530 1
28 623 1
28 624 1
28 725 1
28 733 1
28 735 1
28 765 1
28 838 1
28 854 1
28 932 1
28 1052 1
28 1063 1
28 1085 1
28 1120 1
28 1172 1
28 1188 1
28 1293 1
28 1314 1
28 1326 1
28 1339 1
28 1355 1
28 1398 1
28 1659 1
28 1816 1
28 1889 1
28 1955 1
28 2517 1
28 2674 1
28 2738 1
28 3950 1
28 6152 1
28 6376 1
30 6 1
30 8 1
30 15 1
30 16 1
30 18 1
30 19 1
30 22 1
30 26 1
30 37 1
30 46 1
30 68 1
30 94 1
30 104 1
30 125 1
30 212 1
30 231 1
30 240 1
30 245 1
30 257 1
30 271 1
30 286 1
30 299 1
30 312 1
30 322 1
30 358 1
30 371 1
30 438 1
30 456 1
30 474 1
30 526 1
30 530 1
30 548 1
30 624 1
30 653 1
30 718 1
30 735 1
30 903 1
30 1078 1
30 1089 1
30 1188 1
30 1192 1
30 1345 1
30 1647 1
30 1659 1
30 1955 1
30 2096 1
30 2609 1
30 3750 1
30 4146 1
30 4714 1
30 7143 1
33 16 1
33 41 1
34 6 1
34 12 1
34 15 1
34 16 1
34 18 1
34 19 1
34 22 1
34 26 1
34 41 1
34 42 1
34 45 1
34 47 1
34 69 1
34 89 1
34 92 1
34 94 1
34 104 1
34 111 1
34 115 1
34 136 1
34 147 1
34 191 1
34 197 1
34 240 1
34 245 1
34 280 1
34 290 1
34 312 1
34 438 1
34 532 1
34 735 1
34 932 1
34 1078 1
34 1089 1
34 1172 1
34 1354 1
34 2299 1
34 2467 1
34 2609 1
34 4094 1
34 4102 1
34 4549 1
34 4714 1
37 6 1
37 8 1
37 12 1
37 15 1
37 16 1
37 22 1
37 26 1
37 28 1
37 34 1
37 45 1
37 46 1
37 60 1
37 68 1
37 69 1
37 89 1
37 92 1
37 94 1
37 104 1
37 111 1
37 115 1
37 120 1
37 123 1
37 125 1
37 136 1
37 147 1
37 190 1
37 231 1
37 236 1
37 240 1
37 258 1
37 271 1
37 294 1
37 299 1
37 312 1
37 337 1
37 342 1
37 358 1
37 434 1
37 561 1
37 582 1
37 624 1
37 725 1
37 803 1
37 844 1
37 932 1
37 1063 1
37 1289 1
37 2554 1
37 2566 1
41 6 1
41 8 1
41 12 1
41 15 1
41 16 1
41 22 1
41 26 1
41 37 1
41 42 1
41 45 1
41 46 1
41 58 1
41 71 1
41 89 1
41 92 1
41 94 1
41 104 1
41 123 1
41 152 1
41 207 1
41 236 1
41 280 1
41 333 1
41 348 1
41 474 1
41 561 1
41 844 1
41 942 1
41 1052 1
41 1339 1
41 1659 1
42 6 1
42 12 1
42 16 1
42 18 1
42 34 1
42 58 1
42 68 1
42 71 1
42 89 1
42 94 1
42 125 1
42 126 1
42 136 1
42 207 1
42 271 1
42 302 1
42 337 1
42 371 1
42 456 1
42 474 1
42 514 1
42 735 1
42 1052 1
42 1063 1
42 1172 1
42 1561 1
43 2 1
43 9 1
43 15 1
43 16 1
43 18 1
43 22 1
43 26 1
43 37 1
43 69 1
43 72 1
43 89 1
43 92 1
43 120 1
43 136 1
43 152 1
43 190 1
43 196 1
43 197 1
43 236 1
43 290 1
43 294 1
43 358 1
43 474 1
43 844 1
43 888 1
43 932 1
43 1172 1
43 1341 1
43 2308 1
43 2405 1
43 2573 1
43 2612 1
43 2763 1
45 2 1
45 6 1
45 16 1
45 18 1
45 22 1
45 25 1
45 30 1
45 37 1
45 42 1
45 68 1
45 72 1
45 89 1
45 92 1
45 94 1
45 111 1
45 115 1
45 119 1
45 125 1
45 136 1
45 147 1
45 190 1
45 197 1
45 207 1
45 231 1
45 258 1
45 280 1
45 290 1
45 294 1
45 299 1
45 302 1
45 312 1
45 348 1
45 369 1
45 371 1
45 438 1
45 506 1
45 529 1
45 623 1
45 704 1
45 908 1
45 1052 1
45 1063 1
45 1131 1
45 1172 1
45 1188 1
45 1285 1
45 1293 1
45 1376 1
45 2299 1
45 2303 1
45 2674 1
45 3301 1
45 3552 1
45 3963 1
45 4065 1
45 4094 1
45 4102 1
45 4868 1
45 5007 1
45 6673 1
45 7452 1
46 6 1
46 8 1
46 12 1
46 18 1
46 24 1
46 26 1
46 28 1
46 37 1
46 41 1
46 42 1
46 68 1
46 69 1
46 72 1
46 89 1
46 94 1
46 104 1
46 111 1
46 115 1
46 123 1
46 124 1
46 126 1
46 147 1
46 236 1
46 257 1
46 258 1
46 286 1
46 294 1
46 299 1
46 312 1
46 333 1
46 361 1
46 434 1
46 456 1
46 526 1
46 561 1
46 733 1
46 932 1
46 1172 1
46 1398 1
46 1554 1
46 3552 1
46 3691 1
46 4714 1
47 6 1
47 16 1
47 37 1
47 41 1
47 45 1
47 71 1
47 115 1
47 123 1
47 125 1
47 190 1
47 197 1
47 508 1
47 1063 1
58 2 1
58 6 1
58 15 1
58 16 1
58 19 1
58 25 1
58 26 1
58 28 1
58 34 1
58 37 1
58 45 1
58 46 1
58 47 1
58 69 1
58 72 1
58 89 1
58 94 1
58 111 1
58 115 1
58 120 1
58 123 1
58 124 1
58 125 1
58 190 1
58 196 1
58 197 1
58 257 1
58 290 1
58 315 1
58 320 1
58 340 1
58 438 1
58 443 1
58 506 1
58 530 1
58 532 1
58 548 1
58 624 1
58 631 1
58 725 1
58 733 1
58 854 1
58 903 1
58 908 1
58 952 1
58 1052 1
58 1078 1
58 1089 1
58 1172 1
58 1326 1
58 1339 1
58 1354 1
58 2405 1
58 3163 1
58 3552 1
58 3857 1
58 4402 1
60 18 1
60 22 1
60 26 1
60 28 1
60 37 1
60 68 1
60 69 1
60 245 1
60 299 1
60 443 1
60 561 1
60 633 1
60 4146 1
68 2 1
68 6 1
68 8 1
68 12 1
68 15 1
68 16 1
68 18 1
68 19 1
68 25 1
68 26 1
68 37 1
68 45 1
68 60 1
68 72 1
68 74 1
68 89 1
68 94 1
68 115 1
68 119 1
68 123 1
68 125 1
68 126 1
68 147 1
68 190 1
68 197 1
68 207 1
68 257 1
68 271 1
68 280 1
68 286 1
68 299 1
68 322 1
68 333 1
68 337 1
68 340 1
68 361 1
68 371 1
68 398 1
68 456 1
68 474 1
68 506 1
68 508 1
68 548 1
68 695 1
68 765 1
68 803 1
68 854 1
68 881 1
68 908 1
68 979 1
68 1063 1
68 1078 1
68 1089 1
68 1167 1
68 1172 1
68 1192 1
68 1293 1
68 1339 1
68 1554 1
68 1659 1
68 1676 1
68 1793 1
68 2197 1
68 2490 1
68 3261 1
68 3552 1
69 2 1
69 6 1
69 15 1
69 47 1
69 68 1
69 139 1
69 371 1
69 624 1
69 735 1
69 1063 1
69 1659 1
69 3552 1
71 6 1
71 15 1
71 18 1
71 26 1
71 28 1
71 33 1
71 41 1
71 43 1
71 68 1
71 72 1
71 111 1
71 125 1
71 139 1
71 147 1
71 152 1
71 197 1
71 207 1
71 236 1
71 257 1
71 280 1
71 290 1
71 312 1
71 315 1
71 337 1
71 358 1
71 435 1
71 474 1
71 478 1
71 506 1
71 514 1
71 515 1
71 526 1
71 530 1
71 582 1
71 695 1
71 765 1
71 801 1
71 803 1
71 838 1
71 932 1
71 1052 1
71 1120 1
71 1131 1
71 1166 1
71 1167 1
71 1182 1
71 1341 1
71 1554 1
71 1592 1
71 1659 1
71 2405 1
71 2467 1
71 2554 1
71 2866 1
71 3857 1
71 4820 1
71 6362 1
72 2 1
72 8 1
72 12 1
72 15 1
72 18 1
72 26 1
72 41 1
72 42 1
72 115 1
72 120 1
72 124 1
72 126 1
72 196 1
72 207 1
72 257 1
72 290 1
72 348 1
72 438 1
72 474 1
72 733 1
72 735 1
72 801 1
72 908 1
72 1131 1
72 1276 1
72 1339 1
72 2763 1
74 15 1
74 22 1
74 26 1
74 72 1
74 89 1
74 125 1
74 294 1
74 4714 1
83 15 1
83 22 1
83 26 1
83 28 1
83 37 1
83 45 1
83 46 1
83 92 1
83 111 1
83 120 1
83 124 1
83 231 1
83 245 1
83 286 1
83 612 1
83 854 1
83 1052 1
83 4818 1
89 12 1
89 15 1
89 16 1
89 22 1
89 25 1
89 26 1
89 28 1
89 30 1
89 37 1
89 43 1
89 46 1
89 71 1
89 104 1
89 115 1
89 123 1
89 147 1
89 152 1
89 190 1
89 197 1
89 258 1
89 280 1
89 294 1
89 312 1
89 322 1
89 340 1
89 358 1
89 369 1
89 371 1
89 434 1
89 474 1
89 508 1
89 514 1
89 529 1
89 530 1
89 533 1
89 695 1
89 704 1
89 735 1
89 881 1
89 903 1
89 932 1
89 942 1
89 1085 1
89 1089 1
89 1131 1
89 1167 1
89 1172 1
89 1339 1
89 1376 1
89 1554 1
89 2197 1
89 2299 1
89 2554 1
89 2866 1
89 3691 1
89 3815 1
89 4094 1
89 4102 1
89 4714 1
89 5406 1
89 5938 1
91 16 1
91 68 1
91 561 1
91 1295 1
92 2 1
92 12 1
92 18 1
92 22 1
92 28 1
92 34 1
92 41 1
92 42 1
92 45 1
92 115 1
92 207 1
92 271 1
92 286 1
92 290 1
92 294 1
92 312 1
92 438 1
92 443 1
92 494 1
92 530 1
92 903 1
92 1131 1
92 1592 1
92 3607 1
94 2 1
94 9 1
94 12 1
94 15 1
94 28 1
94 34 1
94 37 1
94 43 1
94 45 1
94 46 1
94 68 1
94 72 1
94 89 1
94 104 1
94 120 1
94 125 1
94 126 1
94 136 1
94 197 1
94 227 1
94 236 1
94 286 1
94 290 1
94 299 1
94 312 1
94 340 1
94 358 1
94 434 1
94 443 1
94 474 1
94 508 1
94 533 1
94 624 1
94 633 1
94 844 1
94 854 1
94 888 1
94 932 1
94 942 1
94 1078 1
94 1131 1
94 1289 1
94 1314 1
94 1339 1
94 1376 1
94 3552 1
94 5039 1
94 5406 1
99 2 1
99 15 1
99 16 1
99 22 1
99 26 1
99 34 1
99 37 1
99 42 1
99 43 1
99 47 1
99 58 1
99 69 1
99 89 1
99 94 1
99 104 1
99 111 1
99 115 1
99 207 1
99 212 1
99 286 1
99 299 1
99 333 1
99 508 1
99 526 1
99 801 1
99 1089 1
99 1341 1
99 1738 1
104 6 1
104 8 1
104 12 1
104 15 1
104 16 1
104 22 1
104 25 1
104 26 1
104 28 1
104 37 1
104 42 1
104 43 1
104 45 1
104 68 1
104 71 1
104 74 1
104 94 1
104 111 1
104 115 1
104 119 1
104 120 1
104 147 1
104 152 1
104 190 1
104 245 1
104 257 1
104 290 1
104 299 1
104 322 1
104 340 1
104 348 1
104 434 1
104 443 1
104 474 1
104 532 1
104 540 1
104 561 1
104 633 1
104 653 1
104 725 1
104 765 1
104 801 1
104 844 1
104 932 1
104 1052 1
104 1089 1
104 1289 1
104 1341 1
104 2308 1
104 2674 1
104 3166 1
104 3691 1
111 6 1
111 8 1
111 12 1
111 15 1
111 16 1
111 22 1
111 24 1
111 26 1
111 28 1
111 30 1
111 42 1
111 45 1
111 58 1
111 68 1
111 71 1
111 72 1
111 89 1
111 94 1
111 104 1
111 115 1
111 123 1
111 124 1
111 125 1
111 152 1
111 190 1
111 258 1
111 286 1
111 294 1
111 302 1
111 307 1
111 358 1
111 371 1
111 443 1
111 515 1
111 624 1
111 735 1
111 801 1
111 844 1
111 881 1
111 1131 1
111 1172 1
111 1285 1
111 1289 1
111 1339 1
111 1376 1
111 1659 1
111 2048 1
111 3750 1
111 5938 1
115 8 1
115 12 1
115 26 1
115 28 1
115 41 1
115 42 1
115 45 1
115 58 1
115 69 1
115 71 1
115 94 1
115 120 1
115 124 1
115 125 1
115 147 1
115 186 1
115 197 1
115 236 1
115 280 1
115 290 1
115 294 1
115 302 1
115 322 1
115 358 1
115 474 1
115 508 1
115 514 1
115 526 1
115 624 1
115 653 1
115 733 1
115 844 1
115 881 1
115 1030 1
115 1052 1
115 1063 1
115 1078 1
115 1131 1
115 1167 1
115 1172 1
115 1295 1
115 1326 1
115 1339 1
115 1561 1
115 1592 1
115 1720 1
115 2096 1
115 2182 1
115 2197 1
115 2405 1
115 2517 1
115 3166 1
115 5750 1
119 2 1
119 6 1
119 12 1
119 15 1
119 16 1
119 18 1
119 19 1
119 22 1
119 24 1
119 26 1
119 34 1
119 41 1
119 42 1
119 47 1
119 58 1
119 71 1
119 89 1
119 94 1
119 115 1
119 120 1
119 123 1
119 136 1
119 152 1
119 186 1
119 190 1
119 197 1
119 207 1
119 212 1
119 245 1
119 299 1
119 312 1
119 340 1
119 434 1
119 438 1
119 474 1
119 508 1
119 514 1
119 526 1
119 532 1
119 561 1
119 695 1
119 844 1
119 854 1
119 886 1
119 932 1
119 1052 1
119 1063 1
119 1089 1
119 1131 1
119 1172 1
119 1285 1
119 1293 1
119 1339 1
119 1354 1
119 1355 1
119 1592 1
119 2096 1
119 2303 1
119 2609 1
119 3607 1
119 4714 1
120 6 1
120 8 1
120 15 1
120 16 1
120 18 1
120 28 1
120 34 1
120 45 1
120 68 1
120 99 1
120 123 1
120 125 1
120 136 1
120 147 1
120 152 1
120 227 1
120 245 1
120 257 1
120 271 1
120 290 1
120 299 1
120 315 1
120 358 1
120 508 1
120 530 1
120 624 1
120 735 1
120 879 1
120 881 1
120 1052 1
120 1554 1
120 2462 1
120 3261 1
120 3552 1
120 3829 1
120 4843 1
123 2 1
123 9 1
123 16 1
123 18 1
123 22 1
123 25 1
123 26 1
123 28 1
123 30 1
123 34 1
123 37 1
123 43 1
123 45 1
123 46 1
123 58 1
123 60 1
123 68 1
123 69 1
123 71 1
123 72 1
123 89 1
123 94 1
123 99 1
123 104 1
123 111 1
123 115 1
123 119 1
123 120 1
123 125 1
123 126 1
123 136 1
123 152 1
123 190 1
123 197 1
123 207 1
123 227 1
123 231 1
123 236 1
123 257 1
123 258 1
123 280 1
123 286 1
123 294 1
123 302 1
123 307 1
123 312 1
123 315 1
123 322 1
123 340 1
123 358 1
123 371 1
123 438 1
123 474 1
123 489 1
123 515 1
123 526 1
123 530 1
123 532 1
123 612 1
123 624 1
123 765 1
123 879 1
123 881 1
123 932 1
123 1052 1
123 1120 1
123 1131 1
123 1167 1
123 1172 1
123 1276 1
123 1285 1
123 1339 1
123 1341 1
123 1345 1
123 1376 1
123 1889 1
123 2308 1
123 2490 1
123 2653 1
123 3552 1
123 3750 1
124 2 1
124 12 1
124 18 1
124 26 1
124 45 1
124 46 1
124 47 1
124 89 1
124 94 1
124 104 1
124 111 1
124 125 1
124 197 1
124 286 1
124 299 1
124 474 1
124 530 1
124 695 1
124 854 1
124 1131 1
124 3952 1
125 2 1
125 15 1
125 16 1
125 18 1
125 22 1
125 25 1
125 26 1
125 37 1
125 72 1
125 89 1
125 104 1
125 115 1
125 123 1
125 191 1
125 245 1
125 257 1
125 280 1
125 302 1
125 312 1
125 340 1
125 371 1
125 434 1
125 438 1
125 443 1
125 489 1
125 494 1
125 526 1
125 932 1
125 1052 1
125 1276 1
125 1289 1
125 1293 1
125 2738 1
125 3691 1
125 4146 1
125 4402 1
126 2 1
126 12 1
126 15 1
126 18 1
126 26 1
126 92 1
126 123 1
126 197 1
126 312 1
126 522 1
126 838 1
126 3607 1
133 26 1
133 89 1
136 2 1
136 6 1
136 15 1
136 16 1
136 18 1
136 26 1
136 41 1
136 45 1
136 72 1
136 89 1
136 111 1
136 115 1
136 186 1
136 257 1
136 280 1
136 294 1
136 348 1
136 371 1
136 438 1
136 474 1
136 561 1
136 725 1
136 765 1
136 1889 1
139 6 1
139 9 1
139 12 1
139 16 1
139 18 1
139 26 1
139 89 1
139 125 1
139 240 1
139 474 1
139 704 1
139 803 1
139 903 1
139 1182 1
139 6376 1
147 15 1
147 18 1
147 26 1
147 37 1
147 41 1
147 46 1
147 69 1
147 125 1
147 286 1
152 15 1
152 18 1
152 22 1
152 26 1
152 197 1
152 212 1
152 307 1
152 443 1
152 474 1
152 1559 1
152 2738 1
152 4146 1
152 5457 1
186 12 1
186 15 1
186 26 1
186 71 1
186 104 1
186 456 1
186 530 1
186 879 1
186 1659 1
190 8 1
190 15 1
190 18 1
190 25 1
190 26 1
190 28 1
190 30 1
190 69 1
190 71 1
190 89 1
190 92 1
190 111 1
190 124 1
190 152 1
190 212 1
190 227 1
190 290 1
190 307 1
190 320 1
190 340 1
190 540 1
190 612 1
190 1172 1
190 1289 1
190 2305 1
190 2866 1
190 3166 1
190 4714 1
190 6376 1
191 16 1
191 37 1
191 89 1
191 236 1
196 22 1
196 26 1
197 2 1
197 6 1
197 9 1
197 15 1
197 37 1
197 41 1
197 46 1
197 72 1
197 257 1
197 474 1
197 844 1
197 1285 1
197 1355 1
197 2738 1
207 2 1
207 6 1
207 12 1
207 18 1
207 30 1
207 41 1
207 89 1
207 120 1
207 123 1
207 125 1
207 245 1
207 257 1
207 280 1
207 299 1
207 456 1
207 624 1
207 1063 1
207 1188 1
207 1720 1
207 2462 1
212 2 1
212 8 1
212 15 1
212 16 1
212 18 1
212 22 1
212 26 1
212 37 1
212 45 1
212 71 1
212 74 1
212 94 1
212 115 1
212 257 1
212 302 1
212 340 1
212 443 1
212 508 1
212 530 1
212 561 1
212 624 1
212 888 1
212 1166 1
212 1355 1
212 1659 1
212 1889 1
226 8 1
226 9 1
226 15 1
227 15 1
227 16 1
227 26 1
227 68 1
227 89 1
227 4330 1
231 2 1
231 6 1
231 8 1
231 18 1
231 22 1
231 34 1
231 42 1
231 43 1
231 45 1
231 47 1
231 58 1
231 71 1
231 104 1
231 120 1
231 123 1
231 258 1
231 299 1
231 438 1
231 456 1
231 474 1
231 685 1
231 844 1
231 1339 1
231 1554 1
231 3952 1
236 15 1
236 16 1
236 18 1
236 19 1
236 22 1
236 26 1
236 28 1
236 34 1
236 41 1
236 46 1
236 68 1
236 71 1
236 111 1
236 115 1
236 124 1
236 125 1
236 190 1
236 197 1
236 227 1
236 245 1
236 280 1
236 294 1
236 333 1
236 340 1
236 369 1
236 718 1
236 838 1
236 844 1
236 1341 1
236 2197 1
236 5406 1
240 18 1
240 37 1
240 197 1
240 530 1
240 1879 1
240 3750 1
240 7419 1
241 1052 1
245 2 1
245 6 1
245 15 1
245 18 1
245 22 1
245 42 1
245 46 1
245 68 1
245 69 1
245 71 1
245 89 1
245 111 1
245 115 1
245 125 1
245 191 1
245 236 1
245 294 1
245 315 1
245 337 1
245 340 1
245 348 1
245 371 1
245 548 1
245 624 1
245 1341 1
245 1355 1
245 1889 1
257 9 1
257 12 1
257 16 1
257 18 1
257 22 1
257 26 1
257 28 1
257 37 1
257 45 1
257 46 1
257 74 1
257 104 1
257 124 1
257 125 1
257 147 1
257 280 1
257 286 1
257 290 1
257 299 1
257 371 1
257 434 1
257 456 1
257 474 1
257 494 1
257 508 1
257 522 1
257 529 1
257 548 1
257 704 1
257 735 1
257 908 1
257 1085 1
257 1120 1
257 1355 1
257 1889 1
257 2299 1
257 2308 1
257 2462 1
257 2517 1
257 2674 1
257 3552 1
257 3815 1
257 4330 1
257 4644 1
258 2 1
258 12 1
258 15 1
258 18 1
258 41 1
258 46 1
258 68 1
258 69 1
258 94 1
258 104 1
258 312 1
258 530 1
258 1131 1
258 1341 1
271 6 1
271 15 1
271 18 1
271 41 1
271 83 1
271 123 1
271 190 1
271 236 1
271 561 1
271 624 1
271 1131 1
280 2 1
280 15 1
280 18 1
280 1376 1
286 6 1
286 12 1
286 15 1
286 16 1
286 26 1
286 41 1
286 42 1
286 45 1
286 47 1
286 60 1
286 71 1
286 89 1
286 104 1
286 111 1
286 115 1
286 126 1
286 197 1
286 212 1
286 231 1
286 257 1
286 258 1
286 280 1
286 320 1
286 322 1
286 358 1
286 489 1
286 515 1
286 526 1
286 533 1
286 548 1
286 624 1
286 653 1
286 735 1
286 803 1
286 886 1
286 1063 1
286 1172 1
286 1339 1
286 1376 1
286 1816 1
286 2096 1
286 2303 1
286 2343 1
286 3375 1
286 3877 1
286 4065 1
290 6 1
290 12 1
290 15 1
290 19 1
290 22 1
290 28 1
290 34 1
290 41 1
290 45 1
290 68 1
290 71 1
290 94 1
290 136 1
290 231 1
290 271 1
290 280 1
290 286 1
290 315 1
290 348 1
290 358 1
290 438 1
290 456 1
290 474 1
290 489 1
290 803 1
290 903 1
290 932 1
290 1078 1
290 1120 1
290 1172 1
290 1289 1
290 1659 1
290 2048 1
290 2462 1
290 2554 1
290 2738 1
290 3878 1
290 4843 1
294 6 1
294 8 1
294 12 1
294 18 1
294 34 1
294 41 1
294 42 1
294 68 1
294 71 1
294 72 1
294 89 1
294 94 1
294 120 1
294 123 1
294 125 1
294 236 1
294 320 1
294 348 1
294 474 1
294 765 1
294 888 1
294 922 1
294 1172 1
294 1289 1
294 1341 1
294 2405 1
294 2517 1
294 7017 1
299 2 1
299 6 1
299 18 1
299 22 1
299 26 1
299 37 1
299 45 1
299 68 1
299 71 1
299 72 1
299 89 1
299 94 1
299 104 1
299 197 1
299 207 1
299 231 1
299 240 1
299 286 1
299 294 1
299 443 1
299 474 1
299 515 1
299 526 1
299 624 1
299 881 1
299 1052 1
299 1341 1
299 2554 1
299 2609 1
302 2 1
302 6 1
302 9 1
302 28 1
302 30 1
302 37 1
302 41 1
302 42 1
302 45 1
302 46 1
302 68 1
302 71 1
302 89 1
302 94 1
302 123 1
302 240 1
302 245 1
302 280 1
302 286 1
302 294 1
302 307 1
302 333 1
302 371 1
302 434 1
302 438 1
302 526 1
302 529 1
302 530 1
302 624 1
302 908 1
302 2203 1
302 3552 1
302 3691 1
307 2 1
307 15 1
307 16 1
307 18 1
307 26 1
307 34 1
307 42 1
307 45 1
307 58 1
307 72 1
307 89 1
307 104 1
307 125 1
307 240 1
307 257 1
307 286 1
307 312 1
307 522 1
307 526 1
307 1592 1
307 2517 1
307 2554 1
307 3552 1
307 3750 1
312 2 1
312 6 1
312 9 1
312 12 1
312 15 1
312 26 1
312 28 1
312 30 1
312 45 1
312 71 1
312 72 1
312 91 1
312 104 1
312 115 1
312 123 1
312 125 1
312 186 1
312 231 1
312 280 1
312 286 1
312 299 1
312 358 1
312 494 1
312 526 1
312 1172 1
312 1293 1
312 1339 1
312 1659 1
312 2763 1
312 4330 1
315 6 1
315 12 1
315 15 1
315 16 1
315 22 1
315 26 1
315 28 1
315 104 1
315 123 1
315 125 1
315 257 1
315 258 1
315 271 1
315 294 1
315 312 1
315 474 1
315 526 1
315 529 1
315 735 1
315 1289 1
315 1326 1
315 1469 1
315 1554 1
315 1879 1
315 1889 1
315 6598 1
320 15 1
320 18 1
320 22 1
320 41 1
320 474 1
322 16 1
322 22 1
322 72 1
322 290 1
322 340 1
322 1063 1
333 2 1
333 15 1
333 16 1
333 22 1
333 26 1
333 34 1
333 37 1
333 45 1
333 69 1
333 89 1
333 115 1
333 286 1
333 307 1
333 456 1
333 474 1
333 526 1
333 561 1
333 704 1
333 735 1
333 801 1
333 932 1
333 1052 1
333 1879 1
333 3481 1
337 16 1
337 34 1
337 94 1
337 290 1
337 526 1
340 2 1
340 15 1
340 16 1
340 18 1
340 22 1
340 25 1
340 33 1
340 37 1
340 42 1
340 43 1
340 46 1
340 47 1
340 115 1
340 136 1
340 207 1
340 257 1
340 271 1
340 286 1
340 312 1
340 443 1
340 685 1
340 1986 1
340 5750 1
342 2 1
342 15 1
342 18 1
342 47 1
342 125 1
342 844 1
342 1355 1
348 2 1
348 8 1
348 15 1
348 16 1
348 18 1
348 22 1
348 26 1
348 37 1
348 68 1
348 104 1
348 115 1
348 125 1
348 280 1
348 286 1
348 299 1
348 489 1
358 15 1
358 18 1
358 22 1
358 25 1
358 26 1
358 42 1
358 58 1
358 68 1
358 94 1
358 111 1
358 125 1
358 147 1
358 312 1
358 342 1
358 489 1
358 514 1
358 561 1
358 1063 1
358 1276 1
358 4714 1
361 12 1
361 15 1
361 41 1
361 286 1
361 735 1
369 12 1
369 16 1
369 231 1
369 844 1
369 1339 1
371 12 1
371 15 1
371 19 1
371 22 1
371 28 1
371 34 1
371 45 1
371 71 1
371 72 1
371 123 1
371 125 1
371 186 1
371 197 1
371 257 1
371 294 1
371 333 1
371 438 1
371 942 1
371 1131 1
371 1376 1
371 1554 1
371 5518 1
398 8 1
398 15 1
398 26 1
398 37 1
398 89 1
398 92 1
398 94 1
398 111 1
398 245 1
398 294 1
398 333 1
398 844 1
398 1659 1
398 6263 1
434 18 1
434 22 1
434 26 1
434 45 1
434 46 1
434 1188 1
435 15 1
435 28 1
435 69 1
435 71 1
435 89 1
435 119 1
435 120 1
435 286 1
435 1172 1
438 6 1
438 8 1
438 15 1
438 16 1
438 18 1
438 28 1
438 37 1
438 58 1
438 89 1
438 115 1
438 136 1
438 152 1
438 212 1
438 236 1
438 290 1
438 294 1
438 299 1
438 548 1
438 561 1
438 624 1
438 653 1
438 979 1
438 1120 1
438 1182 1
438 1326 1
438 2299 1
438 2467 1
438 3815 1
438 4330 1
438 5987 1
438 6263 1
443 2 1
443 15 1
443 18 1
443 26 1
443 34 1
443 45 1
443 72 1
443 89 1
443 104 1
443 111 1
443 115 1
443 119 1
443 125 1
443 245 1
443 299 1
443 456 1
443 631 1
443 685 1
443 733 1
443 1052 1
443 2462 1
443 4714 1
456 15 1
456 22 1
456 26 1
456 28 1
456 45 1
456 47 1
456 104 1
456 123 1
456 197 1
456 280 1
456 561 1
474 2 1
474 6 1
474 18 1
474 37 1
474 41 1
474 45 1
474 46 1
474 69 1
474 71 1
474 74 1
474 94 1
474 104 1
474 115 1
474 120 1
474 125 1
474 126 1
474 190 1
474 207 1
474 257 1
474 271 1
474 286 1
474 290 1
474 320 1
474 333 1
474 340 1
474 369 1
474 371 1
474 443 1
474 489 1
474 515 1
474 526 1
474 529 1
474 561 1
474 582 1
474 704 1
474 714 1
474 733 1
474 735 1
474 844 1
474 879 1
474 903 1
474 1063 1
474 1167 1
474 1172 1
474 1182 1
474 1345 1
474 2096 1
474 2197 1
474 2405 1
474 2966 1
474 4065 1
474 5533 1
478 12 1
478 22 1
478 26 1
478 30 1
478 89 1
478 104 1
478 125 1
478 2308 1
489 12 1
489 15 1
489 22 1
489 41 1
489 71 1
489 104 1
489 120 1
489 197 1
489 257 1
489 582 1
489 1816 1
494 18 1
494 22 1
494 46 1
494 695 1
494 1376 1
506 6 1
506 12 1
506 15 1
506 26 1
506 58 1
506 68 1
506 115 1
506 119 1
506 123 1
506 136 1
506 190 1
506 207 1
506 299 1
506 320 1
506 340 1
506 844 1
506 879 1
506 932 1
506 3952 1
506 4714 1
506 6673 1
508 15 1
508 16 1
508 18 1
508 22 1
508 28 1
508 45 1
508 68 1
508 72 1
508 120 1
508 136 1
508 765 1
514 6 1
514 8 1
514 18 1
514 22 1
514 30 1
514 34 1
514 37 1
514 58 1
514 68 1
514 89 1
514 94 1
514 147 1
514 240 1
514 257 1
514 624 1
514 735 1
514 3375 1
514 4868 1
515 43 1
515 299 1
515 2303 1
522 6 1
522 15 1
522 22 1
522 26 1
522 42 1
522 115 1
522 124 1
522 231 1
522 474 1
522 733 1
526 6 1
526 9 1
526 12 1
526 15 1
526 16 1
526 18 1
526 26 1
526 28 1
526 34 1
526 37 1
526 42 1
526 68 1
526 72 1
526 94 1
526 115 1
526 119 1
526 120 1
526 123 1
526 147 1
526 258 1
526 294 1
526 299 1
526 340 1
526 438 1
526 561 1
526 623 1
526 685 1
526 1192 1
526 1276 1
526 1339 1
526 7683 1
529 2 1
529 6 1
529 15 1
529 34 1
529 71 1
529 91 1
529 120 1
529 123 1
529 290 1
529 299 1
529 530 1
529 881 1
529 1085 1
530 6 1
530 16 1
530 18 1
530 22 1
530 28 1
530 71 1
530 120 1
530 125 1
530 147 1
530 227 1
530 369 1
530 506 1
530 803 1
530 2140 1
532 6 1
532 18 1
532 26 1
532 111 1
532 115 1
532 474 1
532 561 1
533 22 1
533 71 1
533 104 1
540 15 1
540 25 1
540 26 1
540 123 1
540 286 1
540 371 1
540 1063 1
540 1341 1
548 12 1
548 16 1
548 45 1
548 733 1
548 801 1
548 1063 1
561 12 1
561 15 1
561 18 1
561 26 1
561 28 1
561 42 1
561 45 1
561 46 1
561 58 1
561 68 1
561 71 1
561 89 1
561 94 1
561 115 1
561 123 1
561 190 1
561 197 1
561 245 1
561 280 1
561 294 1
561 307 1
561 358 1
561 435 1
561 529 1
561 540 1
561 854 1
561 942 1
561 1063 1
561 1089 1
561 1289 1
561 1339 1
561 7294 1
582 6 1
582 12 1
582 22 1
582 25 1
582 26 1
582 30 1
582 37 1
582 41 1
582 43 1
582 58 1
582 68 1
582 71 1
582 72 1
582 89 1
582 94 1
582 115 1
582 120 1
582 136 1
582 147 1
582 207 1
582 212 1
582 240 1
582 286 1
582 294 1
582 307 1
582 312 1
582 371 1
582 438 1
582 443 1
582 474 1
582 515 1
582 735 1
582 1172 1
582 1289 1
582 1293 1
582 1355 1
582 1510 1
582 2197 1
582 2308 1
582 2517 1
582 3480 1
582 3731 1
582 6226 1
612 2 1
612 26 1
612 34 1
612 45 1
612 1052 1
612 2305 1
623 15 1
623 104 1
623 1345 1
624 2 1
624 15 1
624 16 1
624 18 1
624 22 1
624 26 1
624 37 1
624 89 1
624 104 1
624 111 1
624 115 1
624 123 1
624 322 1
624 438 1
624 474 1
624 489 1
624 494 1
624 506 1
624 838 1
624 1510 1
624 2308 1
631 16 1
631 474 1
633 2 1
633 12 1
633 18 1
633 22 1
633 474 1
633 514 1
653 12 1
653 16 1
653 18 1
653 41 1
653 45 1
653 89 1
653 94 1
653 231 1
653 245 1
653 299 1
653 312 1
653 320 1
653 733 1
653 908 1
653 932 1
685 15 1
685 16 1
685 22 1
685 34 1
685 45 1
685 71 1
685 72 1
685 89 1
685 115 1
685 136 1
685 240 1
685 257 1
685 337 1
685 443 1
685 1172 1
685 1192 1
685 1955 1
695 15 1
695 18 1
695 45 1
695 115 1
695 212 1
704 18 1
704 22 1
704 89 1
714 15 1
714 22 1
718 28 1
725 2 1
725 15 1
725 16 1
725 18 1
725 22 1
725 34 1
725 41 1
725 45 1
725 68 1
725 69 1
725 123 1
725 125 1
725 271 1
725 286 1
725 290 1
725 333 1
725 474 1
725 522 1
725 533 1
725 1192 1
725 1228 1
725 4094 1
725 6703 1
733 8 1
733 15 1
733 22 1
733 30 1
733 125 1
733 340 1
733 844 1
735 2 1
735 22 1
735 26 1
735 28 1
735 111 1
735 236 1
735 438 1
735 474 1
735 540 1
735 725 1
735 854 1
735 1167 1
735 1339 1
765 15 1
765 18 1
765 30 1
765 68 1
765 111 1
765 227 1
765 1167 1
765 1295 1
801 16 1
801 18 1
801 41 1
801 43 1
801 72 1
801 89 1
801 197 1
801 257 1
801 348 1
801 529 1
801 685 1
801 725 1
801 886 1
801 4714 1
803 12 1
803 15 1
803 18 1
803 34 1
803 37 1
803 68 1
803 120 1
803 371 1
803 3108 1
838 16 1
838 18 1
838 22 1
838 28 1
838 45 1
838 94 1
838 104 1
838 120 1
838 125 1
838 136 1
838 294 1
838 333 1
838 582 1
838 1172 1
838 5024 1
844 2 1
844 6 1
844 8 1
844 12 1
844 15 1
844 18 1
844 41 1
844 45 1
844 46 1
844 92 1
844 104 1
844 120 1
844 125 1
844 231 1
844 280 1
844 340 1
844 342 1
844 348 1
844 371 1
844 474 1
844 506 1
844 522 1
844 624 1
844 1089 1
844 1172 1
844 1659 1
844 5039 1
854 15 1
854 26 1
854 41 1
854 42 1
854 290 1
854 348 1
854 443 1
854 844 1
879 2 1
879 6 1
879 15 1
879 26 1
879 46 1
879 58 1
879 89 1
879 104 1
879 125 1
879 139 1
879 236 1
879 286 1
879 290 1
879 302 1
879 435 1
879 854 1
879 1182 1
879 1293 1
881 15 1
881 68 1
881 258 1
881 803 1
881 1131 1
886 15 1
886 16 1
888 12 1
888 15 1
888 22 1
888 42 1
888 60 1
888 120 1
888 340 1
888 456 1
892 15 1
892 18 1
892 68 1
892 1793 1
903 16 1
903 19 1
903 26 1
903 92 1
903 94 1
903 443 1
903 522 1
903 1647 1
908 2 1
908 15 1
908 18 1
908 22 1
908 26 1
908 28 1
908 111 1
908 115 1
908 190 1
908 932 1
908 1659 1
922 22 1
932 6 1
932 12 1
932 15 1
932 26 1
932 28 1
932 46 1
932 186 1
932 340 1
932 398 1
932 1326 1
932 1345 1
932 1376 1
942 2 1
942 15 1
942 68 1
942 111 1
952 15 1
979 18 1
979 89 1
979 136 1
1030 15 1
1030 16 1
1052 15 1
1052 18 1
1052 22 1
1052 26 1
1052 34 1
1052 41 1
1052 46 1
1052 58 1
1052 68 1
1052 72 1
1052 94 1
1052 111 1
1052 294 1
1052 307 1
1052 315 1
1052 508 1
1052 932 1
1052 2303 1
1063 6 1
1063 18 1
1063 22 1
1063 26 1
1063 28 1
1063 45 1
1063 68 1
1063 71 1
1063 89 1
1063 120 1
1063 147 1
1063 207 1
1063 231 1
1063 257 1
1063 358 1
1063 506 1
1063 529 1
1063 623 1
1063 1120 1
1063 4714 1
1078 286 1
1078 474 1
1085 6 1
1085 16 1
1085 26 1
1085 111 1
1085 120 1
1085 1182 1
1089 16 1
1089 18 1
1089 22 1
1089 26 1
1089 34 1
1089 45 1
1089 47 1
1089 89 1
1089 307 1
1089 371 1
1089 474 1
1089 1561 1
1120 15 1
1120 42 1
1120 68 1
1120 286 1
1120 474 1
1120 514 1
1120 526 1
1120 2554 1
1131 6 1
1131 12 1
1131 15 1
1131 30 1
1131 45 1
1131 58 1
1131 69 1
1131 89 1
1131 94 1
1131 123 1
1131 125 1
1131 257 1
1131 286 1
1131 299 1
1131 340 1
1131 348 1
1131 438 1
1131 474 1
1131 478 1
1131 526 1
1131 532 1
1131 735 1
1131 765 1
1131 903 1
1131 932 1
1131 5921 1
1166 15 1
1166 22 1
1166 506 1
1167 15 1
1167 22 1
1167 26 1
1167 69 1
1167 111 1
1167 197 1
1172 6 1
1172 15 1
1172 16 1
1172 22 1
1172 37 1
1172 71 1
1172 111 1
1172 123 1
1172 240 1
1172 245 1
1172 489 1
1182 15 1
1182 18 1
1182 197 1
1182 212 1
1182 312 1
1188 22 1
1188 71 1
1188 120 1
1188 147 1
1188 2462 1
1192 18 1
1192 22 1
1192 26 1
1192 37 1
1192 71 1
1192 190 1
1192 231 1
1192 299 1
1192 337 1
1192 526 1
1192 612 1
1228 506 1
1228 1554 1
1270 45 1
1276 2 1
1276 18 1
1276 30 1
1276 89 1
1276 111 1
1276 257 1
1276 299 1
1276 312 1
1276 358 1
1276 1659 1
1276 2197 1
1285 22 1
1285 26 1
1285 71 1
1285 1089 1
1289 6 1
1289 15 1
1289 18 1
1289 22 1
1289 37 1
1289 46 1
1289 111 1
1289 190 1
1289 443 1
1289 2554 1
1293 6 1
1293 18 1
1293 22 1
1293 34 1
1293 197 1
1295 15 1
1295 18 1
1295 257 1
1314 2 1
1314 26 1
1314 89 1
1326 16 1
1326 30 1
1326 42 1
1326 68 1
1326 271 1
1326 932 1
1326 1131 1
1326 1592 1
1339 22 1
1339 26 1
1339 28 1
1339 41 1
1339 94 1
1339 123 1
1339 236 1
1339 299 1
1339 315 1
1339 561 1
1339 1345 1
1339 2299 1
1339 3750 1
1341 9 1
1341 16 1
1341 24 1
1341 34 1
1341 37 1
1341 58 1
1341 115 1
1341 120 1
1341 257 1
1341 438 1
1345 18 1
1345 69 1
1345 115 1
1345 2467 1
1354 231 1
1355 2 1
1355 15 1
1355 18 1
1355 26 1
1355 45 1
1355 71 1
1355 89 1
1355 125 1
1355 207 1
1355 280 1
1355 7017 1
1376 2 1
1376 15 1
1376 18 1
1376 22 1
1376 37 1
1376 94 1
1376 111 1
1376 123 1
1376 186 1
1376 340 1
1376 489 1
1376 844 1
1376 1063 1
1376 3301 1
1398 245 1
1469 340 1
1510 6 1
1510 16 1
1510 18 1
1510 26 1
1510 37 1
1510 111 1
1510 474 1
1510 494 1
1510 1052 1
1554 6 1
1554 18 1
1554 30 1
1554 45 1
1554 299 1
1554 312 1
1554 844 1
1554 1078 1
1554 1276 1
1554 4827 1
1559 45 1
1559 290 1
1559 299 1
1559 443 1
1561 18 1
1561 89 1
1561 111 1
1561 124 1
1561 125 1
1561 1192 1
1592 15 1
1592 28 1
1592 71 1
1603 16 1
1603 508 1
1617 2 1
1617 6 1
1617 15 1
1617 16 1
1617 26 1
1617 89 1
1647 16 1
1647 123 1
1659 15 1
1659 22 1
1659 42 1
1659 68 1
1659 69 1
1659 227 1
1659 312 1
1676 72 1
1720 41 1
1720 190 1
1738 443 1
1793 16 1
1793 18 1
1793 94 1
1793 207 1
1793 456 1
1816 16 1
1816 41 1
1816 46 1
1879 30 1
1879 115 1
1879 456 1
1879 735 1
1889 2 1
1889 6 1
1889 15 1
1889 16 1
1889 18 1
1889 26 1
1889 58 1
1889 89 1
1889 94 1
1889 312 1
1955 26 1
1955 104 1
1986 45 1
2040 89 1
2048 15 1
2048 18 1
2048 22 1
2048 68 1
2048 474 1
2048 533 1
2096 15 1
2096 22 1
2096 26 1
2096 190 1
2140 15 1
2140 22 1
2140 71 1
2140 120 1
2140 6376 1
2141 1659 1
2182 45 1
2182 139 1
2197 15 1
2197 22 1
2197 26 1
2299 28 1
2299 45 1
2299 68 1
2299 71 1
2299 120 1
2299 147 1
2299 207 1
2299 286 1
2299 474 1
2303 15 1
2303 18 1
2303 71 1
2303 337 1
2303 438 1
2303 879 1
2305 22 1
2308 9 1
2308 12 1
2308 16 1
2308 22 1
2308 26 1
2308 46 1
2308 72 1
2308 94 1
2308 286 1
2308 342 1
2308 4549 1
2343 15 1
2405 15 1
2405 22 1
2405 26 1
2405 115 1
2405 294 1
2405 474 1
2462 6 1
2467 125 1
2467 358 1
2467 515 1
2467 844 1
2467 1617 1
2490 15 1
2490 16 1
2490 18 1
2490 69 1
2490 474 1
2517 18 1
2554 18 1
2554 22 1
2554 26 1
2554 41 1
2554 74 1
2554 147 1
2554 922 1
2566 41 1
2573 22 1
2573 123 1
2573 2517 1
2592 2 1
2592 22 1
2592 46 1
2592 104 1
2592 257 1
2597 30 1
2609 37 1
2609 41 1
2609 71 1
2609 290 1
2609 844 1
2612 18 1
2612 190 1
2653 26 1
2674 12 1
2674 58 1
2674 71 1
2674 104 1
2674 456 1
2674 1131 1
2682 16 1
2682 22 1
2682 72 1
2738 22 1
2738 26 1
2738 123 1
2738 548 1
2763 18 1
2763 22 1
2763 315 1
2866 15 1
2866 120 1
2866 844 1
2966 12 1
2966 506 1
3108 125 1
3108 290 1
3163 15 1
3163 18 1
3163 46 1
3166 15 1
3166 22 1
3166 26 1
3261 18 1
3261 312 1
3261 5406 1
3301 207 1
3480 844 1
3552 9 1
3552 15 1
3552 22 1
3552 58 1
3552 71 1
3596 6 1
3596 22 1
3596 120 1
3596 186 1
3596 474 1
3606 22 1
3606 34 1
3607 124 1
3607 231 1
3691 26 1
3691 120 1
3691 4644 1
3731 8 1
3731 15 1
3731 136 1
3731 879 1
3750 12 1
3750 15 1
3750 18 1
3750 22 1
3750 26 1
3750 58 1
3750 1293 1
3750 6673 1
3815 16 1
3815 932 1
3829 26 1
3857 2 1
3857 16 1
3857 37 1
3857 561 1
3877 89 1
3878 6 1
3878 120 1
3952 15 1
3963 18 1
3963 22 1
3963 26 1
3963 123 1
4065 18 1
4065 89 1
4094 45 1
4102 15 1
4102 16 1
4102 26 1
4102 68 1
4146 6 1
4146 15 1
4146 16 1
4146 190 1
4146 280 1
4166 22 1
4175 271 1
4176 2 1
4330 104 1
4402 15 1
4435 474 1
4437 68 1
4437 474 1
4549 26 1
4549 71 1
4549 89 1
4644 190 1
4644 1376 1
4714 15 1
4714 22 1
4714 26 1
4714 28 1
4714 42 1
4714 474 1
4818 15 1
4818 26 1
4820 16 1
4820 26 1
4827 1339 1
4843 16 1
4843 111 1
4868 15 1
4868 120 1
4868 271 1
4877 111 1
5007 22 1
5039 15 1
5101 22 1
5280 18 1
5280 489 1
5340 42 1
5406 6 1
5406 18 1
5406 26 1
5406 89 1
5406 120 1
5406 186 1
5406 1052 1
5406 1063 1
5406 1720 1
5406 3815 1
5409 72 1
5449 42 1
5457 474 1
5480 26 1
5518 22 1
5518 28 1
5533 15 1
5533 22 1
5750 22 1
5921 16 1
5921 22 1
5921 45 1
5921 68 1
5921 115 1
5921 286 1
5921 340 1
5921 474 1
5938 22 1
5938 474 1
5976 16 1
5987 1289 1
6019 115 1
6068 15 1
6152 18 1
6152 22 1
6152 26 1
6226 16 1
6263 6 1
6263 22 1
6263 45 1
6263 58 1
6263 456 1
6362 18 1
6362 312 1
6376 119 1
6376 1089 1
6381 932 1
6598 123 1
6660 474 1
6673 16 1
6673 37 1
6673 3607 1
6703 18 1
7143 15 1
7143 26 1
7154 2 1
7294 26 1
7340 207 1
7419 371 1
7452 8 1
7469 236 1
7683 45 1
