2 22 1
2 28 1
2 37 1
2 41 1
2 42 1
2 43 1
2 46 1
2 47 1
2 68 1
2 69 1
2 72 1
2 83 1
2 89 1
2 94 1
2 123 1
2 147 1
2 226 1
2 231 1
2 271 1
2 294 1
2 312 1
2 320 1
2 340 1
2 371 1
2 474 1
2 508 1
2 515 1
2 529 1
2 532 1
2 932 1
2 1052 1
2 1063 1
2 1131 1
2 1172 1
2 1376 1
2 1592 1
2 1738 1
2 2203 1
2 2517 1
2 3691 1
2 4102 1
2 4269 1
2 4714 1
2 5449 1
2 6376 1
2 7143 1
6 2 1
6 9 1
6 15 1
6 18 1
6 22 1
6 26 1
6 28 1
6 34 1
6 41 1
6 42 1
6 43 1
6 45 1
6 46 1
6 47 1
6 68 1
6 71 1
6 72 1
6 74 1
6 89 1
6 111 1
6 115 1
6 120 1
6 125 1
6 126 1
6 136 1
6 147 1
6 197 1
6 207 1
6 236 1
6 271 1
6 290 1
6 299 1
6 312 1
6 315 1
6 340 1
6 358 1
6 371 1
6 435 1
6 443 1
6 456 1
6 474 1
6 478 1
6 489 1
6 508 1
6 582 1
6 623 1
6 624 1
6 653 1
6 704 1
6 735 1
6 801 1
6 854 1
6 1052 1
6 1063 1
6 1085 1
6 1089 1
6 1131 1
6 1192 1
6 1289 1
6 1293 1
6 1295 1
6 1889 1
6 2405 1
6 2467 1
6 2554 1
6 2738 1
6 3552 1
6 3691 1
6 3857 1
6 5039 1
6 5518 1
8 2 1
8 6 1
8 15 1
8 19 1
8 22 1
8 26 1
8 42 1
8 68 1
8 89 1
8 111 1
8 125 1
8 136 1
8 294 1
8 299 1
8 315 1
8 438 1
8 508 1
8 526 1
8 704 1
8 879 1
8 932 1
8 1172 1
9 12 1
9 22 1
9 26 1
9 28 1
9 68 1
9 72 1
9 115 1
9 120 1
9 197 1
9 212 1
9 245 1
9 299 1
9 434 1
9 438 1
9 456 1
9 624 1
9 844 1
9 1085 1
9 4065 1
12 2 1
12 6 1
12 16 1
12 18 1
12 19 1
12 26 1
12 28 1
12 41 1
12 46 1
12 68 1
12 69 1
12 71 1
12 89 1
12 125 1
12 139 1
12 227 1
12 236 1
12 240 1
12 258 1
12 290 1
12 299 1
12 307 1
12 337 1
12 358 1
12 371 1
12 456 1
12 474 1
12 529 1
12 548 1
12 735 1
12 886 1
12 908 1
12 1052 1
12 1063 1
12 1131 1
12 1167 1
12 1172 1
12 1276 1
12 1285 1
12 1289 1
12 1341 1
12 1659 1
12 2299 1
12 2303 1
12 2554 1
12 2592 1
12 2966 1
15 2 1
15 6 1
15 9 1
15 12 1
15 18 1
15 19 1
15 28 1
15 30 1
15 37 1
15 41 1
15 42 1
15 46 1
15 68 1
15 94 1
15 99 1
15 104 1
15 124 1
15 125 1
15 197 1
15 231 1
15 236 1
15 245 1
15 258 1
15 280 1
15 286 1
15 290 1
15 299 1
15 312 1
15 315 1
15 358 1
15 371 1
15 434 1
15 438 1
15 443 1
15 474 1
15 489 1
15 506 1
15 508 1
15 522 1
15 529 1
15 530 1
15 548 1
15 561 1
15 631 1
15 733 1
15 735 1
15 765 1
15 838 1
15 886 1
15 908 1
15 1052 1
15 1078 1
15 1276 1
15 1289 1
15 1295 1
15 1314 1
15 1336 1
15 1339 1
15 1341 1
15 1354 1
15 1554 1
15 2182 1
15 2517 1
15 2612 1
15 3261 1
15 3552 1
15 3607 1
15 5007 1
15 7141 1
16 2 1
16 6 1
16 8 1
16 9 1
16 15 1
16 19 1
16 24 1
16 25 1
16 26 1
16 30 1
16 33 1
16 37 1
16 41 1
16 42 1
16 45 1
16 46 1
16 47 1
16 68 1
16 69 1
16 71 1
16 72 1
16 89 1
16 94 1
16 104 1
16 115 1
16 120 1
16 125 1
16 126 1
16 136 1
16 147 1
16 152 1
16 186 1
16 190 1
16 191 1
16 196 1
16 197 1
16 207 1
16 226 1
16 227 1
16 236 1
16 240 1
16 245 1
16 258 1
16 271 1
16 280 1
16 286 1
16 290 1
16 302 1
16 307 1
16 312 1
16 315 1
16 320 1
16 322 1
16 337 1
16 340 1
16 342 1
16 348 1
16 358 1
16 369 1
16 434 1
16 435 1
16 438 1
16 443 1
16 474 1
16 489 1
16 494 1
16 508 1
16 522 1
16 526 1
16 529 1
16 530 1
16 533 1
16 540 1
16 561 1
16 624 1
16 685 1
16 704 1
16 718 1
16 725 1
16 733 1
16 765 1
16 803 1
16 844 1
16 854 1
16 879 1
16 886 1
16 903 1
16 932 1
16 942 1
16 952 1
16 1052 1
16 1078 1
16 1085 1
16 1131 1
16 1172 1
16 1192 1
16 1276 1
16 1289 1
16 1293 1
16 1295 1
16 1314 1
16 1339 1
16 1341 1
16 1345 1
16 1355 1
16 1398 1
16 1510 1
16 1554 1
16 1955 1
16 2096 1
16 2140 1
16 2299 1
16 2303 1
16 2305 1
16 2462 1
16 2467 1
16 2517 1
16 2597 1
16 2612 1
16 2682 1
16 2738 1
16 3481 1
16 3552 1
16 3815 1
16 3877 1
16 4102 1
16 4146 1
16 4176 1
16 4330 1
16 4644 1
16 5039 1
16 5227 1
16 5280 1
16 5406 1
16 5750 1
16 6263 1
16 6376 1
16 6381 1
16 7017 1
18 2 1
18 6 1
18 8 1
18 12 1
18 15 1
18 16 1
18 19 1
18 22 1
18 25 1
18 26 1
18 28 1
18 34 1
18 41 1
18 42 1
18 45 1
18 46 1
18 47 1
18 58 1
18 60 1
18 68 1
18 71 1
18 92 1
18 104 1
18 111 1
18 115 1
18 119 1
18 120 1
18 123 1
18 124 1
18 125 1
18 126 1
18 136 1
18 191 1
18 207 1
18 212 1
18 236 1
18 245 1
18 258 1
18 290 1
18 294 1
18 299 1
18 307 1
18 315 1
18 322 1
18 333 1
18 340 1
18 342 1
18 348 1
18 358 1
18 371 1
18 434 1
18 438 1
18 443 1
18 474 1
18 489 1
18 506 1
18 508 1
18 514 1
18 529 1
18 530 1
18 533 1
18 561 1
18 623 1
18 733 1
18 844 1
18 854 1
18 879 1
18 881 1
18 886 1
18 888 1
18 892 1
18 903 1
18 908 1
18 932 1
18 942 1
18 1052 1
18 1063 1
18 1131 1
18 1166 1
18 1167 1
18 1172 1
18 1192 1
18 1276 1
18 1289 1
18 1314 1
18 1341 1
18 1345 1
18 1355 1
18 1554 1
18 1617 1
18 1659 1
18 1793 1
18 1889 1
18 1955 1
18 2096 1
18 2197 1
18 2405 1
18 2462 1
18 2467 1
18 2517 1
18 2554 1
18 2609 1
18 2674 1
18 2738 1
18 3481 1
18 3552 1
18 3691 1
18 4094 1
18 4402 1
18 4435 1
18 4714 1
18 4868 1
18 5518 1
18 5533 1
18 7294 1
18 7452 1
19 15 1
19 22 1
19 41 1
19 124 1
19 844 1
19 1554 1
22 2 1
22 12 1
22 15 1
22 16 1
22 18 1
22 19 1
22 26 1
22 30 1
22 34 1
22 37 1
22 41 1
22 42 1
22 43 1
22 45 1
22 46 1
22 58 1
22 60 1
22 69 1
22 71 1
22 74 1
22 83 1
22 89 1
22 91 1
22 92 1
22 94 1
22 104 1
22 111 1
22 123 1
22 124 1
22 125 1
22 133 1
22 136 1
22 147 1
22 152 1
22 186 1
22 191 1
22 196 1
22 197 1
22 207 1
22 212 1
22 227 1
22 231 1
22 240 1
22 245 1
22 257 1
22 258 1
22 271 1
22 280 1
22 290 1
22 299 1
22 315 1
22 320 1
22 322 1
22 337 1
22 348 1
22 358 1
22 369 1
22 371 1
22 434 1
22 456 1
22 474 1
22 478 1
22 494 1
22 506 1
22 508 1
22 526 1
22 530 1
22 532 1
22 533 1
22 540 1
22 561 1
22 624 1
22 633 1
22 653 1
22 685 1
22 695 1
22 704 1
22 714 1
22 725 1
22 733 1
22 735 1
22 765 1
22 803 1
22 838 1
22 844 1
22 854 1
22 879 1
22 881 1
22 888 1
22 903 1
22 908 1
22 942 1
22 979 1
22 1052 1
22 1063 1
22 1078 1
22 1120 1
22 1131 1
22 1167 1
22 1172 1
22 1188 1
22 1192 1
22 1276 1
22 1285 1
22 1293 1
22 1295 1
22 1326 1
22 1339 1
22 1354 1
22 1376 1
22 1554 1
22 1561 1
22 1592 1
22 1647 1
22 1659 1
22 1720 1
22 1738 1
22 1816 1
22 1879 1
22 1955 1
22 2040 1
22 2048 1
22 2182 1
22 2197 1
22 2299 1
22 2405 1
22 2462 1
22 2517 1
22 2566 1
22 2653 1
22 2674 1
22 3108 1
22 3166 1
22 3261 1
22 3301 1
22 3375 1
22 3750 1
22 3815 1
22 3857 1
22 3877 1
22 3952 1
22 4094 1
22 4437 1
22 4515 1
22 4549 1
22 4644 1
22 4714 1
22 5024 1
22 5750 1
22 6068 1
22 6152 1
22 6226 1
22 6263 1
22 7469 1
22 7683 1
24 15 1
24 18 1
24 22 1
24 26 1
24 34 1
24 115 1
24 212 1
24 286 1
25 15 1
25 18 1
25 22 1
25 26 1
25 37 1
25 43 1
25 47 1
25 71 1
25 111 1
25 125 1
25 207 1
25 294 1
25 307 1
25 322 1
25 333 1
25 489 1
25 514 1
25 695 1
26 2 1
26 9 1
26 12 1
26 15 1
26 19 1
26 28 1
26 30 1
26 34 1
26 37 1
26 41 1
26 42 1
26 45 1
26 46 1
26 58 1
26 68 1
26 69 1
26 71 1
26 72 1
26 89 1
26 94 1
26 115 1
26 123 1
26 125 1
26 136 1
26 147 1
26 190 1
26 207 1
26 212 1
26 231 1
26 236 1
26 240 1
26 241 1
26 257 1
26 271 1
26 280 1
26 299 1
26 302 1
26 312 1
26 315 1
26 333 1
26 348 1
26 358 1
26 371 1
26 435 1
26 438 1
26 494 1
26 548 1
26 624 1
26 631 1
26 685 1
26 695 1
26 718 1
26 765 1
26 838 1
26 844 1
26 854 1
26 903 1
26 922 1
26 932 1
26 1063 1
26 1085 1
26 1131 1
26 1166 1
26 1167 1
26 1276 1
26 1314 1
26 1326 1
26 1345 1
26 1376 1
26 2305 1
26 2462 1
26 2517 1
26 2554 1
26 2738 1
26 3108 1
26 3261 1
26 4102 1
26 4330 1
26 4714 1
26 5039 1
26 5406 1
28 2 1
28 6 1
28 8 1
28 9 1
28 12 1
28 15 1
28 16 1
28 18 1
28 19 1
28 22 1
28 26 1
28 34 1
28 37 1
28 41 1
28 42 1
28 43 1
28 45 1
28 46 1
28 71 1
28 72 1
28 92 1
28 94 1
28 104 1
28 111 1
28 115 1
28 120 1
28 123 1
28 125 1
28 136 1
28 139 1
28 147 1
28 186 1
28 190 1
28 197 1
28 212 1
28 231 1
28 236 1
28 257 1
28 280 1
28 290 1
28 294 1
28 302 1
28 307 1
28 312 1
28 333 1
28 340 1
28 358 1
28 371 1
28 438 1
28 443 1
28 456 1
28 474 1
28 478 1
28 506 1
28 508 1
28 548 1
28 561 1
28 633 1
28 801 1
28 838 1
28 844 1
28 854 1
28 903 1
28 979 1
28 1052 1
28 1078 1
28 1089 1
28 1172 1
28 1326 1
28 1376 1
28 1398 1
28 1510 1
28 1659 1
28 2197 1
28 2308 1
28 2405 1
28 2462 1
28 2554 1
28 3750 1
28 4549 1
28 4714 1
28 5406 1
28 5921 1
30 15 1
30 16 1
30 18 1
30 22 1
30 25 1
30 28 1
30 37 1
30 42 1
30 45 1
30 46 1
30 58 1
30 68 1
30 71 1
30 89 1
30 94 1
30 104 1
30 120 1
30 125 1
30 126 1
30 190 1
30 231 1
30 245 1
30 280 1
30 290 1
30 294 1
30 320 1
30 333 1
30 371 1
30 434 1
30 456 1
30 489 1
30 532 1
30 854 1
30 1063 1
30 1131 1
30 1172 1
30 1339 1
30 1376 1
30 1554 1
30 1659 1
30 1816 1
30 2303 1
30 3261 1
30 3375 1
30 3552 1
30 3952 1
30 4094 1
30 4402 1
30 4644 1
30 5533 1
30 6703 1
33 2 1
33 18 1
34 6 1
34 8 1
34 9 1
34 15 1
34 18 1
34 26 1
34 33 1
34 45 1
34 69 1
34 71 1
34 91 1
34 92 1
34 94 1
34 125 1
34 126 1
34 136 1
34 207 1
34 257 1
34 280 1
34 290 1
34 315 1
34 322 1
34 340 1
34 358 1
34 434 1
34 443 1
34 474 1
34 508 1
34 695 1
34 735 1
34 844 1
34 903 1
34 932 1
34 1063 1
34 1120 1
34 1182 1
34 1289 1
34 2096 1
34 2203 1
34 2674 1
34 3878 1
34 4146 1
34 5518 1
37 6 1
37 15 1
37 16 1
37 18 1
37 22 1
37 25 1
37 26 1
37 28 1
37 45 1
37 46 1
37 68 1
37 72 1
37 74 1
37 89 1
37 104 1
37 115 1
37 120 1
37 123 1
37 280 1
37 286 1
37 294 1
37 312 1
37 340 1
37 443 1
37 456 1
37 474 1
37 532 1
37 582 1
37 633 1
37 653 1
37 725 1
37 735 1
37 801 1
37 881 1
37 903 1
37 1052 1
37 1085 1
37 1228 1
37 1285 1
37 1339 1
37 1355 1
37 1376 1
37 1617 1
37 2096 1
37 2299 1
37 2405 1
37 2554 1
37 3750 1
37 7452 1
41 6 1
41 15 1
41 16 1
41 18 1
41 26 1
41 28 1
41 37 1
41 89 1
41 92 1
41 104 1
41 119 1
41 123 1
41 197 1
41 245 1
41 257 1
41 286 1
41 294 1
41 438 1
41 456 1
41 474 1
41 530 1
41 733 1
41 844 1
41 1063 1
41 1339 1
41 1354 1
41 1376 1
41 2096 1
41 2609 1
41 2674 1
41 3480 1
42 8 1
42 12 1
42 18 1
42 37 1
42 43 1
42 47 1
42 69 1
42 74 1
42 89 1
42 92 1
42 111 1
42 115 1
42 207 1
42 227 1
42 231 1
42 294 1
42 302 1
42 320 1
42 478 1
42 735 1
42 854 1
42 1167 1
42 1289 1
42 1659 1
42 2966 1
42 4437 1
43 6 1
43 8 1
43 12 1
43 15 1
43 16 1
43 18 1
43 22 1
43 41 1
43 45 1
43 46 1
43 47 1
43 58 1
43 68 1
43 111 1
43 115 1
43 119 1
43 125 1
43 190 1
43 207 1
43 257 1
43 299 1
43 322 1
43 342 1
43 438 1
43 443 1
43 456 1
43 522 1
43 530 1
43 540 1
43 1052 1
43 1339 1
43 1659 1
43 3731 1
45 6 1
45 8 1
45 12 1
45 15 1
45 22 1
45 28 1
45 34 1
45 37 1
45 42 1
45 47 1
45 71 1
45 89 1
45 92 1
45 94 1
45 104 1
45 111 1
45 115 1
45 120 1
45 123 1
45 125 1
45 227 1
45 236 1
45 240 1
45 245 1
45 258 1
45 294 1
45 299 1
45 307 1
45 333 1
45 348 1
45 435 1
45 438 1
45 443 1
45 474 1
45 522 1
45 529 1
45 612 1
45 631 1
45 725 1
45 844 1
45 888 1
45 892 1
45 903 1
45 932 1
45 1052 1
45 1167 1
45 1172 1
45 1289 1
45 1295 1
45 1355 1
45 1376 1
45 1720 1
45 2299 1
45 2405 1
45 2609 1
45 2674 1
45 2763 1
45 4843 1
45 5101 1
45 5921 1
45 7419 1
46 2 1
46 6 1
46 15 1
46 18 1
46 25 1
46 26 1
46 37 1
46 42 1
46 58 1
46 69 1
46 71 1
46 72 1
46 104 1
46 111 1
46 115 1
46 119 1
46 123 1
46 125 1
46 186 1
46 196 1
46 227 1
46 231 1
46 286 1
46 290 1
46 294 1
46 333 1
46 340 1
46 371 1
46 435 1
46 478 1
46 494 1
46 515 1
46 526 1
46 530 1
46 540 1
46 561 1
46 725 1
46 735 1
46 942 1
46 1172 1
46 1289 1
46 2048 1
46 2197 1
47 8 1
47 15 1
47 41 1
47 46 1
47 71 1
47 104 1
47 115 1
47 474 1
47 506 1
47 844 1
47 903 1
47 1172 1
47 1469 1
58 8 1
58 15 1
58 16 1
58 24 1
58 34 1
58 45 1
58 60 1
58 69 1
58 71 1
58 74 1
58 89 1
58 94 1
58 111 1
58 115 1
58 120 1
58 123 1
58 125 1
58 147 1
58 191 1
58 231 1
58 240 1
58 290 1
58 312 1
58 320 1
58 340 1
58 369 1
58 371 1
58 438 1
58 443 1
58 474 1
58 526 1
58 653 1
58 733 1
58 735 1
58 838 1
58 844 1
58 881 1
58 903 1
58 908 1
58 932 1
58 1052 1
58 1078 1
58 1089 1
58 1120 1
58 1289 1
58 1293 1
58 1295 1
58 1510 1
58 1554 1
58 1659 1
58 1955 1
58 2966 1
58 4094 1
58 4402 1
58 4714 1
58 5457 1
58 7419 1
60 2 1
60 16 1
60 18 1
60 22 1
60 26 1
60 28 1
60 37 1
60 68 1
60 71 1
60 115 1
60 123 1
60 286 1
60 294 1
68 2 1
68 12 1
68 15 1
68 18 1
68 22 1
68 37 1
68 42 1
68 45 1
68 46 1
68 58 1
68 69 1
68 89 1
68 94 1
68 104 1
68 115 1
68 120 1
68 123 1
68 124 1
68 125 1
68 126 1
68 136 1
68 186 1
68 197 1
68 257 1
68 280 1
68 286 1
68 294 1
68 299 1
68 307 1
68 312 1
68 333 1
68 340 1
68 342 1
68 361 1
68 371 1
68 398 1
68 474 1
68 514 1
68 526 1
68 530 1
68 532 1
68 533 1
68 561 1
68 714 1
68 735 1
68 844 1
68 854 1
68 879 1
68 908 1
68 1089 1
68 1120 1
68 1131 1
68 1172 1
68 1192 1
68 1376 1
68 1469 1
68 1559 1
68 1592 1
68 2343 1
68 2573 1
68 3166 1
68 3691 1
68 4643 1
68 4843 1
68 5533 1
68 6263 1
69 8 1
69 15 1
69 18 1
69 26 1
69 71 1
69 123 1
69 236 1
69 245 1
69 530 1
69 844 1
69 1063 1
69 1131 1
71 8 1
71 15 1
71 18 1
71 26 1
71 37 1
71 41 1
71 42 1
71 43 1
71 58 1
71 68 1
71 72 1
71 89 1
71 104 1
71 111 1
71 115 1
71 120 1
71 125 1
71 147 1
71 152 1
71 207 1
71 245 1
71 257 1
71 286 1
71 299 1
71 312 1
71 443 1
71 456 1
71 474 1
71 508 1
71 530 1
71 561 1
71 582 1
71 623 1
71 631 1
71 725 1
71 838 1
71 932 1
71 1052 1
71 1063 1
71 1089 1
71 1120 1
71 1131 1
71 1167 1
71 1172 1
71 1339 1
71 1341 1
71 1345 1
71 1376 1
71 1617 1
71 1647 1
71 1816 1
71 2197 1
71 2462 1
71 2467 1
71 3815 1
71 4330 1
71 5280 1
72 16 1
72 18 1
72 22 1
72 30 1
72 46 1
72 47 1
72 58 1
72 68 1
72 69 1
72 104 1
72 115 1
72 197 1
72 299 1
72 312 1
72 371 1
72 474 1
72 489 1
72 561 1
72 733 1
72 844 1
72 903 1
72 932 1
72 1052 1
72 2554 1
72 3691 1
72 4868 1
72 5921 1
74 15 1
74 16 1
74 18 1
74 71 1
74 115 1
74 257 1
74 879 1
74 2467 1
83 6 1
83 16 1
83 18 1
83 26 1
83 28 1
83 30 1
83 37 1
83 41 1
83 72 1
83 89 1
83 104 1
83 236 1
83 342 1
83 561 1
83 653 1
83 1172 1
83 1376 1
83 2303 1
89 9 1
89 15 1
89 16 1
89 18 1
89 22 1
89 24 1
89 26 1
89 33 1
89 34 1
89 37 1
89 43 1
89 69 1
89 72 1
89 99 1
89 115 1
89 123 1
89 125 1
89 126 1
89 136 1
89 147 1
89 186 1
89 190 1
89 240 1
89 245 1
89 257 1
89 258 1
89 280 1
89 299 1
89 312 1
89 320 1
89 322 1
89 337 1
89 342 1
89 358 1
89 369 1
89 443 1
89 489 1
89 494 1
89 514 1
89 529 1
89 582 1
89 624 1
89 733 1
89 803 1
89 881 1
89 892 1
89 942 1
89 1089 1
89 1188 1
89 1293 1
89 1295 1
89 1339 1
89 1345 1
89 1376 1
89 1659 1
89 2303 1
89 2653 1
89 3166 1
89 3750 1
89 4843 1
89 5987 1
91 18 1
91 68 1
91 115 1
91 529 1
92 12 1
92 15 1
92 16 1
92 26 1
92 41 1
92 45 1
92 46 1
92 60 1
92 71 1
92 104 1
92 115 1
92 120 1
92 123 1
92 125 1
92 190 1
92 240 1
92 271 1
92 320 1
92 438 1
92 561 1
92 765 1
92 2554 1
92 4714 1
92 5406 1
94 2 1
94 6 1
94 9 1
94 12 1
94 15 1
94 18 1
94 25 1
94 28 1
94 30 1
94 34 1
94 37 1
94 41 1
94 45 1
94 47 1
94 72 1
94 74 1
94 89 1
94 104 1
94 120 1
94 123 1
94 125 1
94 190 1
94 280 1
94 286 1
94 312 1
94 315 1
94 340 1
94 348 1
94 371 1
94 456 1
94 526 1
94 530 1
94 704 1
94 879 1
94 932 1
94 1063 1
94 1089 1
94 1120 1
94 1131 1
94 1172 1
94 1182 1
94 1293 1
94 1355 1
94 1889 1
94 4094 1
94 4102 1
94 4714 1
94 5921 1
99 6 1
99 16 1
99 18 1
99 22 1
99 26 1
99 34 1
99 68 1
99 71 1
99 94 1
99 104 1
99 123 1
99 124 1
99 207 1
99 231 1
99 245 1
99 257 1
99 286 1
99 294 1
99 307 1
99 371 1
99 456 1
99 522 1
99 529 1
99 624 1
99 735 1
99 1063 1
99 2490 1
99 2517 1
104 2 1
104 6 1
104 8 1
104 12 1
104 15 1
104 18 1
104 22 1
104 26 1
104 28 1
104 34 1
104 37 1
104 43 1
104 58 1
104 68 1
104 72 1
104 74 1
104 94 1
104 119 1
104 124 1
104 125 1
104 136 1
104 147 1
104 190 1
104 197 1
104 212 1
104 231 1
104 236 1
104 258 1
104 271 1
104 280 1
104 294 1
104 312 1
104 474 1
104 522 1
104 526 1
104 530 1
104 624 1
104 704 1
104 714 1
104 881 1
104 1078 1
104 1167 1
104 1172 1
104 1188 1
104 1289 1
104 1879 1
104 1889 1
104 2308 1
104 2609 1
104 3261 1
104 4065 1
104 5406 1
111 6 1
111 12 1
111 16 1
111 18 1
111 22 1
111 26 1
111 28 1
111 37 1
111 45 1
111 58 1
111 68 1
111 69 1
111 71 1
111 72 1
111 74 1
111 120 1
111 125 1
111 147 1
111 190 1
111 207 1
111 231 1
111 236 1
111 299 1
111 302 1
111 312 1
111 315 1
111 337 1
111 358 1
111 371 1
111 443 1
111 494 1
111 526 1
111 548 1
111 561 1
111 582 1
111 704 1
111 908 1
111 1063 1
111 1131 1
111 1192 1
111 1592 1
111 1720 1
111 1889 1
111 2405 1
111 2763 1
111 2866 1
111 3163 1
111 6703 1
111 7419 1
115 2 1
115 6 1
115 8 1
115 12 1
115 15 1
115 22 1
115 28 1
115 58 1
115 68 1
115 94 1
115 104 1
115 111 1
115 120 1
115 124 1
115 126 1
115 212 1
115 236 1
115 240 1
115 257 1
115 258 1
115 271 1
115 280 1
115 286 1
115 312 1
115 315 1
115 358 1
115 371 1
115 443 1
115 456 1
115 474 1
115 489 1
115 530 1
115 532 1
115 561 1
115 612 1
115 624 1
115 733 1
115 735 1
115 903 1
115 1063 1
115 1089 1
115 1131 1
115 1172 1
115 1276 1
115 1326 1
115 1561 1
115 1676 1
115 2554 1
115 2738 1
115 3301 1
115 3552 1
115 4818 1
115 5406 1
119 2 1
119 12 1
119 15 1
119 16 1
119 19 1
119 22 1
119 25 1
119 26 1
119 30 1
119 34 1
119 37 1
119 42 1
119 46 1
119 47 1
119 68 1
119 71 1
119 72 1
119 115 1
119 120 1
119 123 1
119 125 1
119 126 1
119 147 1
119 152 1
119 196 1
119 197 1
119 207 1
119 236 1
119 280 1
119 286 1
119 294 1
119 299 1
119 312 1
119 438 1
119 474 1
119 489 1
119 508 1
119 515 1
119 561 1
119 633 1
119 685 1
119 695 1
119 718 1
119 733 1
119 801 1
119 844 1
119 854 1
119 888 1
119 932 1
119 1052 1
119 1063 1
119 1167 1
119 1182 1
119 1355 1
119 1554 1
119 1793 1
119 2308 1
119 2462 1
119 3301 1
119 3750 1
119 6673 1
120 2 1
120 12 1
120 15 1
120 16 1
120 22 1
120 26 1
120 45 1
120 47 1
120 60 1
120 72 1
120 89 1
120 104 1
120 111 1
120 136 1
120 197 1
120 245 1
120 294 1
120 302 1
120 340 1
120 348 1
120 443 1
120 474 1
120 489 1
120 508 1
120 515 1
120 540 1
120 561 1
120 623 1
120 838 1
120 908 1
120 932 1
120 1063 1
120 1289 1
120 1592 1
120 2303 1
120 4330 1
123 2 1
123 6 1
123 12 1
123 15 1
123 16 1
123 22 1
123 25 1
123 26 1
123 30 1
123 37 1
123 41 1
123 42 1
123 45 1
123 46 1
123 60 1
123 68 1
123 69 1
123 71 1
123 89 1
123 92 1
123 104 1
123 111 1
123 120 1
123 125 1
123 136 1
123 139 1
123 152 1
123 190 1
123 197 1
123 207 1
123 231 1
123 245 1
123 257 1
123 271 1
123 280 1
123 290 1
123 294 1
123 299 1
123 302 1
123 307 1
123 312 1
123 315 1
123 320 1
123 322 1
123 333 1
123 340 1
123 369 1
123 371 1
123 434 1
123 456 1
123 489 1
123 506 1
123 515 1
123 526 1
123 532 1
123 561 1
123 624 1
123 735 1
123 803 1
123 854 1
123 881 1
123 932 1
123 1052 1
123 1120 1
123 1166 1
123 1276 1
123 1289 1
123 1293 1
123 1314 1
123 1326 1
123 1376 1
123 1561 1
123 1659 1
123 1793 1
123 1879 1
123 2299 1
123 3552 1
123 3596 1
123 3952 1
123 5938 1
123 6376 1
124 8 1
124 9 1
124 18 1
124 22 1
124 26 1
124 28 1
124 41 1
124 45 1
124 71 1
124 72 1
124 89 1
124 123 1
124 147 1
124 190 1
124 257 1
124 286 1
124 358 1
124 506 1
124 548 1
124 1052 1
124 1659 1
125 2 1
125 8 1
125 15 1
125 18 1
125 22 1
125 25 1
125 26 1
125 37 1
125 42 1
125 72 1
125 94 1
125 119 1
125 120 1
125 123 1
125 197 1
125 227 1
125 231 1
125 245 1
125 271 1
125 280 1
125 286 1
125 312 1
125 315 1
125 358 1
125 456 1
125 735 1
125 903 1
125 932 1
125 1063 1
125 1172 1
125 1339 1
125 1592 1
125 1676 1
125 3691 1
125 4435 1
125 4843 1
126 2 1
126 6 1
126 15 1
126 16 1
126 26 1
126 41 1
126 89 1
126 286 1
126 438 1
126 443 1
126 526 1
126 529 1
133 18 1
133 37 1
136 2 1
136 8 1
136 15 1
136 28 1
136 30 1
136 37 1
136 45 1
136 71 1
136 104 1
136 115 1
136 123 1
136 227 1
136 299 1
136 358 1
136 371 1
136 561 1
136 735 1
136 803 1
136 881 1
136 1063 1
136 1120 1
136 1131 1
136 1182 1
136 3829 1
139 15 1
139 16 1
139 22 1
139 26 1
139 45 1
139 58 1
139 72 1
139 89 1
139 94 1
139 111 1
139 257 1
139 1052 1
139 1659 1
139 2738 1
139 2966 1
147 2 1
147 15 1
147 26 1
147 41 1
147 46 1
147 68 1
147 111 1
147 190 1
147 474 1
152 6 1
152 12 1
152 15 1
152 18 1
152 30 1
152 71 1
152 72 1
152 104 1
152 123 1
152 369 1
152 371 1
152 530 1
152 1339 1
186 8 1
186 12 1
186 18 1
186 94 1
186 227 1
186 624 1
186 838 1
186 1052 1
186 1376 1
190 6 1
190 12 1
190 15 1
190 18 1
190 19 1
190 22 1
190 28 1
190 30 1
190 41 1
190 111 1
190 123 1
190 197 1
190 207 1
190 231 1
190 312 1
190 434 1
190 474 1
190 506 1
190 514 1
190 533 1
190 624 1
190 803 1
190 879 1
190 1182 1
190 1339 1
190 1355 1
190 1398 1
190 2573 1
190 5024 1
191 2 1
191 28 1
191 71 1
191 1120 1
196 12 1
196 22 1
197 18 1
197 26 1
197 34 1
197 45 1
197 46 1
197 111 1
197 333 1
197 443 1
197 733 1
197 801 1
197 908 1
197 1182 1
197 1355 1
197 3552 1
207 2 1
207 12 1
207 15 1
207 18 1
207 22 1
207 26 1
207 41 1
207 45 1
207 68 1
207 72 1
207 89 1
207 125 1
207 147 1
207 196 1
207 257 1
207 286 1
207 337 1
207 456 1
207 522 1
207 1131 1
212 2 1
212 16 1
212 18 1
212 19 1
212 26 1
212 34 1
212 41 1
212 45 1
212 68 1
212 71 1
212 89 1
212 104 1
212 120 1
212 152 1
212 197 1
212 257 1
212 290 1
212 299 1
212 361 1
212 529 1
212 532 1
212 932 1
212 1131 1
212 3607 1
212 4714 1
212 6381 1
226 6 1
226 15 1
226 515 1
227 6 1
227 15 1
227 22 1
227 26 1
227 286 1
227 438 1
231 12 1
231 15 1
231 16 1
231 22 1
231 26 1
231 46 1
231 58 1
231 68 1
231 71 1
231 72 1
231 74 1
231 104 1
231 120 1
231 136 1
231 197 1
231 286 1
231 290 1
231 320 1
231 879 1
231 1089 1
231 1326 1
231 1659 1
231 2308 1
231 3606 1
231 4714 1
236 9 1
236 12 1
236 15 1
236 18 1
236 26 1
236 34 1
236 37 1
236 43 1
236 45 1
236 68 1
236 71 1
236 104 1
236 111 1
236 119 1
236 120 1
236 124 1
236 212 1
236 240 1
236 258 1
236 302 1
236 398 1
236 474 1
236 514 1
236 526 1
236 561 1
236 624 1
236 633 1
236 932 1
236 1339 1
236 2612 1
236 5280 1
240 18 1
240 28 1
240 42 1
240 92 1
240 340 1
240 526 1
240 844 1
241 18 1
245 6 1
245 15 1
245 16 1
245 18 1
245 22 1
245 26 1
245 34 1
245 37 1
245 45 1
245 68 1
245 94 1
245 104 1
245 111 1
245 231 1
245 236 1
245 340 1
245 435 1
245 474 1
245 653 1
245 765 1
245 1052 1
245 1341 1
245 3731 1
245 3950 1
245 3963 1
245 4435 1
245 5750 1
257 2 1
257 6 1
257 9 1
257 12 1
257 15 1
257 16 1
257 22 1
257 47 1
257 69 1
257 71 1
257 94 1
257 120 1
257 147 1
257 152 1
257 197 1
257 231 1
257 280 1
257 286 1
257 290 1
257 294 1
257 302 1
257 315 1
257 348 1
257 438 1
257 456 1
257 474 1
257 530 1
257 561 1
257 653 1
257 685 1
257 695 1
257 765 1
257 844 1
257 932 1
257 1052 1
257 1063 1
257 1131 1
257 1172 1
257 1336 1
257 1720 1
257 2299 1
257 2674 1
257 3607 1
257 3963 1
258 16 1
258 18 1
258 25 1
258 28 1
258 37 1
258 58 1
258 68 1
258 71 1
258 231 1
258 438 1
258 704 1
258 844 1
258 1063 1
258 2462 1
271 12 1
271 15 1
271 18 1
271 58 1
271 207 1
271 258 1
271 294 1
271 299 1
271 474 1
271 1172 1
271 7340 1
280 2 1
280 18 1
280 46 1
280 1345 1
286 2 1
286 6 1
286 16 1
286 18 1
286 22 1
286 26 1
286 28 1
286 30 1
286 41 1
286 42 1
286 45 1
286 69 1
286 89 1
286 120 1
286 125 1
286 147 1
286 190 1
286 240 1
286 245 1
286 271 1
286 280 1
286 340 1
286 438 1
286 474 1
286 489 1
286 514 1
286 526 1
286 561 1
286 765 1
286 801 1
286 803 1
286 1089 1
286 1131 1
286 1172 1
286 1188 1
286 1326 1
286 1355 1
286 1603 1
286 1955 1
286 2048 1
286 2299 1
286 2517 1
286 2554 1
286 3691 1
286 4714 1
286 5976 1
290 2 1
290 8 1
290 12 1
290 15 1
290 16 1
290 18 1
290 19 1
290 22 1
290 28 1
290 34 1
290 45 1
290 69 1
290 72 1
290 89 1
290 94 1
290 115 1
290 123 1
290 125 1
290 147 1
290 152 1
290 197 1
290 236 1
290 257 1
290 258 1
290 280 1
290 312 1
290 340 1
290 371 1
290 456 1
290 515 1
290 533 1
290 653 1
290 733 1
290 922 1
290 1659 1
290 1879 1
290 2343 1
290 6598 1
294 2 1
294 6 1
294 15 1
294 16 1
294 18 1
294 22 1
294 26 1
294 28 1
294 34 1
294 37 1
294 45 1
294 58 1
294 72 1
294 89 1
294 115 1
294 212 1
294 245 1
294 280 1
294 322 1
294 514 1
294 533 1
294 624 1
294 733 1
294 932 1
294 2467 1
294 3552 1
294 4175 1
294 4827 1
299 6 1
299 15 1
299 16 1
299 18 1
299 22 1
299 26 1
299 37 1
299 42 1
299 60 1
299 72 1
299 89 1
299 115 1
299 120 1
299 123 1
299 125 1
299 190 1
299 290 1
299 312 1
299 474 1
299 526 1
299 624 1
299 725 1
299 844 1
299 854 1
299 1188 1
299 1339 1
299 1376 1
299 4818 1
299 6376 1
302 2 1
302 9 1
302 12 1
302 15 1
302 18 1
302 22 1
302 24 1
302 26 1
302 28 1
302 37 1
302 42 1
302 120 1
302 125 1
302 231 1
302 271 1
302 340 1
302 443 1
302 474 1
302 514 1
302 530 1
302 533 1
302 624 1
302 653 1
302 725 1
302 801 1
302 888 1
302 922 1
302 942 1
302 979 1
302 1285 1
302 2141 1
302 3166 1
302 6226 1
307 2 1
307 6 1
307 22 1
307 26 1
307 37 1
307 41 1
307 42 1
307 69 1
307 89 1
307 147 1
307 152 1
307 190 1
307 257 1
307 271 1
307 286 1
307 312 1
307 526 1
307 653 1
307 765 1
307 932 1
307 1293 1
307 1341 1
307 1554 1
307 5406 1
312 6 1
312 9 1
312 15 1
312 18 1
312 22 1
312 26 1
312 28 1
312 37 1
312 46 1
312 58 1
312 68 1
312 89 1
312 94 1
312 111 1
312 115 1
312 245 1
312 286 1
312 299 1
312 337 1
312 438 1
312 506 1
312 548 1
312 704 1
312 801 1
312 844 1
312 922 1
312 932 1
312 1089 1
312 1659 1
312 3815 1
315 2 1
315 15 1
315 16 1
315 18 1
315 22 1
315 26 1
315 45 1
315 46 1
315 68 1
315 94 1
315 111 1
315 123 1
315 124 1
315 186 1
315 212 1
315 280 1
315 286 1
315 299 1
315 358 1
315 443 1
315 508 1
315 530 1
315 561 1
315 1285 1
315 1339 1
315 7154 1
320 12 1
320 16 1
320 18 1
320 89 1
320 123 1
322 15 1
322 16 1
322 26 1
322 37 1
322 115 1
322 6376 1
333 12 1
333 16 1
333 18 1
333 22 1
333 26 1
333 34 1
333 37 1
333 41 1
333 47 1
333 58 1
333 69 1
333 89 1
333 92 1
333 94 1
333 120 1
333 190 1
333 358 1
333 735 1
333 765 1
333 844 1
333 1063 1
333 1172 1
333 1889 1
333 4269 1
337 15 1
337 26 1
337 119 1
337 1078 1
337 1192 1
340 15 1
340 22 1
340 41 1
340 71 1
340 72 1
340 115 1
340 126 1
340 136 1
340 197 1
340 271 1
340 294 1
340 299 1
340 315 1
340 474 1
340 478 1
340 489 1
340 526 1
340 1120 1
340 1182 1
340 1339 1
340 1341 1
340 3552 1
340 3691 1
342 15 1
342 18 1
342 22 1
342 286 1
342 290 1
342 474 1
342 529 1
348 12 1
348 18 1
348 22 1
348 26 1
348 92 1
348 125 1
348 240 1
348 435 1
348 474 1
348 506 1
348 633 1
348 838 1
348 1089 1
348 1289 1
348 2048 1
348 2467 1
358 2 1
358 6 1
358 8 1
358 12 1
358 15 1
358 16 1
358 18 1
358 22 1
358 25 1
358 26 1
358 34 1
358 89 1
358 111 1
358 123 1
358 126 1
358 257 1
358 302 1
358 312 1
358 1166 1
358 1720 1
361 18 1
361 22 1
361 26 1
361 280 1
361 932 1
369 15 1
369 42 1
369 45 1
369 46 1
369 227 1
371 8 1
371 12 1
371 15 1
371 16 1
371 22 1
371 26 1
371 34 1
371 42 1
371 45 1
371 46 1
371 89 1
371 111 1
371 120 1
371 271 1
371 286 1
371 478 1
371 624 1
371 908 1
371 1078 1
371 1345 1
371 2197 1
371 6362 1
398 2 1
398 6 1
398 15 1
398 16 1
398 18 1
398 22 1
398 41 1
398 115 1
398 190 1
398 197 1
398 290 1
398 1188 1
398 1341 1
398 3750 1
434 2 1
434 15 1
434 18 1
434 115 1
434 290 1
434 474 1
435 2 1
435 6 1
435 12 1
435 26 1
435 46 1
435 257 1
435 489 1
435 1172 1
435 1376 1
438 2 1
438 6 1
438 15 1
438 16 1
438 18 1
438 22 1
438 26 1
438 30 1
438 41 1
438 42 1
438 45 1
438 68 1
438 89 1
438 94 1
438 124 1
438 186 1
438 226 1
438 257 1
438 315 1
438 340 1
438 434 1
438 443 1
438 532 1
438 844 1
438 854 1
438 888 1
438 1131 1
438 2197 1
438 2738 1
438 4146 1
438 4714 1
443 2 1
443 6 1
443 12 1
443 15 1
443 18 1
443 22 1
443 26 1
443 28 1
443 30 1
443 37 1
443 58 1
443 89 1
443 94 1
443 147 1
443 257 1
443 294 1
443 489 1
443 522 1
443 844 1
443 1131 1
443 1889 1
443 4820 1
456 2 1
456 6 1
456 15 1
456 16 1
456 18 1
456 19 1
456 22 1
456 125 1
456 152 1
456 290 1
456 803 1
474 6 1
474 8 1
474 9 1
474 26 1
474 30 1
474 37 1
474 41 1
474 46 1
474 58 1
474 68 1
474 74 1
474 89 1
474 94 1
474 111 1
474 115 1
474 123 1
474 124 1
474 136 1
474 139 1
474 147 1
474 186 1
474 197 1
474 212 1
474 236 1
474 257 1
474 280 1
474 290 1
474 294 1
474 299 1
474 315 1
474 358 1
474 438 1
474 478 1
474 508 1
474 515 1
474 530 1
474 540 1
474 624 1
474 803 1
474 881 1
474 932 1
474 1030 1
474 1085 1
474 1089 1
474 1167 1
474 1172 1
474 1285 1
474 1339 1
474 1554 1
474 1561 1
474 1889 1
474 1955 1
478 6 1
478 45 1
478 46 1
478 104 1
478 125 1
478 190 1
478 286 1
478 735 1
489 15 1
489 16 1
489 26 1
489 68 1
489 136 1
489 152 1
489 979 1
489 1063 1
489 1131 1
489 1354 1
489 3731 1
494 18 1
494 68 1
494 71 1
494 72 1
494 125 1
506 15 1
506 16 1
506 26 1
506 28 1
506 34 1
506 45 1
506 46 1
506 68 1
506 94 1
506 111 1
506 123 1
506 126 1
506 207 1
506 245 1
506 294 1
506 474 1
506 735 1
506 1131 1
506 1276 1
506 1339 1
506 1659 1
508 6 1
508 8 1
508 15 1
508 18 1
508 22 1
508 26 1
508 37 1
508 147 1
508 271 1
508 735 1
508 3166 1
514 2 1
514 6 1
514 12 1
514 15 1
514 16 1
514 22 1
514 28 1
514 41 1
514 45 1
514 46 1
514 104 1
514 125 1
514 236 1
514 312 1
514 333 1
514 561 1
514 932 1
514 2763 1
515 2 1
515 16 1
515 89 1
522 15 1
522 18 1
522 22 1
522 26 1
522 37 1
522 45 1
522 294 1
522 340 1
522 526 1
522 2308 1
526 6 1
526 8 1
526 12 1
526 15 1
526 16 1
526 24 1
526 26 1
526 34 1
526 41 1
526 42 1
526 46 1
526 58 1
526 68 1
526 71 1
526 72 1
526 89 1
526 94 1
526 111 1
526 120 1
526 136 1
526 197 1
526 257 1
526 258 1
526 271 1
526 280 1
526 299 1
526 529 1
526 1293 1
526 1345 1
526 2738 1
526 3963 1
529 6 1
529 15 1
529 18 1
529 22 1
529 26 1
529 104 1
529 111 1
529 115 1
529 147 1
529 197 1
529 280 1
529 474 1
529 1293 1
530 15 1
530 16 1
530 22 1
530 26 1
530 41 1
530 68 1
530 72 1
530 139 1
530 197 1
530 231 1
530 290 1
530 302 1
530 4714 1
530 5866 1
532 16 1
532 197 1
532 257 1
532 290 1
532 312 1
532 358 1
532 2866 1
533 15 1
533 18 1
533 26 1
540 12 1
540 15 1
540 69 1
540 115 1
540 286 1
540 506 1
540 624 1
540 3552 1
548 16 1
548 22 1
548 45 1
548 526 1
548 725 1
548 1314 1
561 2 1
561 8 1
561 12 1
561 15 1
561 18 1
561 30 1
561 34 1
561 43 1
561 58 1
561 89 1
561 91 1
561 92 1
561 94 1
561 104 1
561 115 1
561 125 1
561 152 1
561 190 1
561 280 1
561 294 1
561 369 1
561 489 1
561 548 1
561 624 1
561 695 1
561 735 1
561 803 1
561 1167 1
561 1561 1
561 3552 1
561 3607 1
561 6673 1
582 6 1
582 12 1
582 15 1
582 16 1
582 22 1
582 25 1
582 26 1
582 34 1
582 37 1
582 60 1
582 68 1
582 69 1
582 104 1
582 111 1
582 115 1
582 120 1
582 125 1
582 136 1
582 226 1
582 227 1
582 236 1
582 258 1
582 280 1
582 294 1
582 333 1
582 340 1
582 348 1
582 526 1
582 530 1
582 803 1
582 942 1
582 1052 1
582 1131 1
582 1182 1
582 1339 1
582 1341 1
582 2299 1
582 2609 1
582 2866 1
582 3166 1
582 4065 1
582 5921 1
582 6660 1
612 15 1
612 16 1
612 18 1
612 22 1
612 26 1
612 125 1
623 45 1
623 94 1
623 3750 1
624 6 1
624 16 1
624 22 1
624 26 1
624 37 1
624 41 1
624 123 1
624 125 1
624 190 1
624 257 1
624 290 1
624 348 1
624 371 1
624 443 1
624 474 1
624 514 1
624 548 1
624 725 1
624 1078 1
624 1554 1
624 1986 1
631 147 1
631 271 1
633 37 1
633 41 1
633 89 1
633 94 1
633 111 1
633 312 1
653 6 1
653 8 1
653 15 1
653 16 1
653 18 1
653 34 1
653 69 1
653 92 1
653 120 1
653 231 1
653 340 1
653 438 1
653 474 1
653 508 1
653 3750 1
685 15 1
685 26 1
685 30 1
685 45 1
685 47 1
685 68 1
685 72 1
685 94 1
685 111 1
685 197 1
685 294 1
685 340 1
685 522 1
685 612 1
685 1355 1
685 1691 1
685 2308 1
695 16 1
695 18 1
695 120 1
695 299 1
695 348 1
704 22 1
704 30 1
704 94 1
714 16 1
714 111 1
718 37 1
725 12 1
725 15 1
725 18 1
725 26 1
725 34 1
725 37 1
725 42 1
725 72 1
725 89 1
725 104 1
725 120 1
725 125 1
725 190 1
725 212 1
725 299 1
725 474 1
725 514 1
725 908 1
725 1172 1
725 1326 1
725 1339 1
725 1879 1
725 2554 1
733 18 1
733 45 1
733 71 1
733 125 1
733 147 1
733 286 1
733 443 1
735 6 1
735 15 1
735 16 1
735 18 1
735 26 1
735 46 1
735 68 1
735 69 1
735 71 1
735 257 1
735 1052 1
735 2517 1
735 4102 1
765 15 1
765 26 1
765 37 1
765 125 1
765 438 1
765 456 1
765 1131 1
765 3952 1
801 2 1
801 6 1
801 9 1
801 15 1
801 16 1
801 26 1
801 41 1
801 42 1
801 58 1
801 89 1
801 120 1
801 136 1
801 1510 1
801 2308 1
803 2 1
803 22 1
803 26 1
803 42 1
803 89 1
803 115 1
803 123 1
803 522 1
803 1341 1
838 2 1
838 6 1
838 16 1
838 22 1
838 26 1
838 46 1
838 68 1
838 71 1
838 72 1
838 290 1
838 371 1
838 529 1
838 624 1
838 725 1
838 1052 1
844 2 1
844 12 1
844 15 1
844 18 1
844 26 1
844 30 1
844 41 1
844 45 1
844 58 1
844 89 1
844 111 1
844 115 1
844 125 1
844 257 1
844 286 1
844 290 1
844 340 1
844 624 1
844 803 1
844 1052 1
844 1089 1
844 1289 1
844 1554 1
844 2096 1
844 2405 1
844 4065 1
844 7017 1
854 15 1
854 43 1
854 115 1
854 123 1
854 147 1
854 190 1
854 371 1
854 508 1
879 2 1
879 6 1
879 15 1
879 25 1
879 26 1
879 34 1
879 37 1
879 89 1
879 120 1
879 212 1
879 280 1
879 286 1
879 358 1
879 623 1
879 631 1
879 1078 1
879 2674 1
879 4402 1
881 12 1
881 16 1
881 18 1
881 26 1
881 139 1
886 18 1
886 286 1
888 6 1
888 15 1
888 22 1
888 92 1
888 115 1
888 456 1
888 1052 1
888 4146 1
892 15 1
892 22 1
892 89 1
892 4820 1
903 22 1
903 26 1
903 94 1
903 104 1
903 474 1
903 526 1
903 735 1
903 2517 1
908 18 1
908 22 1
908 41 1
908 45 1
908 71 1
908 123 1
908 290 1
908 312 1
908 443 1
908 1376 1
908 1554 1
922 26 1
932 6 1
932 15 1
932 18 1
932 34 1
932 58 1
932 89 1
932 115 1
932 290 1
932 302 1
932 514 1
932 1889 1
932 4146 1
942 22 1
942 28 1
942 104 1
942 1816 1
952 125 1
979 15 1
979 18 1
979 104 1
1030 6 1
1030 526 1
1052 6 1
1052 8 1
1052 22 1
1052 28 1
1052 37 1
1052 68 1
1052 94 1
1052 123 1
1052 125 1
1052 152 1
1052 197 1
1052 290 1
1052 299 1
1052 515 1
1052 529 1
1052 879 1
1052 3552 1
1052 5406 1
1063 15 1
1063 16 1
1063 18 1
1063 22 1
1063 26 1
1063 34 1
1063 43 1
1063 45 1
1063 71 1
1063 89 1
1063 111 1
1063 115 1
1063 120 1
1063 123 1
1063 340 1
1063 561 1
1063 695 1
1063 1167 1
1063 1192 1
1063 1659 1
1078 12 1
1078 1172 1
1085 22 1
1085 71 1
1085 119 1
1085 124 1
1085 624 1
1085 1559 1
1089 6 1
1089 8 1
1089 15 1
1089 16 1
1089 26 1
1089 30 1
1089 45 1
1089 68 1
1089 71 1
1089 111 1
1089 123 1
1089 5938 1
1120 15 1
1120 16 1
1120 26 1
1120 37 1
1120 69 1
1120 72 1
1120 94 1
1120 125 1
1131 12 1
1131 25 1
1131 28 1
1131 41 1
1131 45 1
1131 104 1
1131 111 1
1131 186 1
1131 207 1
1131 257 1
1131 294 1
1131 312 1
1131 358 1
1131 438 1
1131 474 1
1131 506 1
1131 514 1
1131 526 1
1131 1289 1
1131 1326 1
1131 1339 1
1131 1398 1
1131 2299 1
1131 3857 1
1131 4330 1
1131 6673 1
1166 16 1
1166 68 1
1166 71 1
1167 15 1
1167 22 1
1167 37 1
1167 41 1
1167 207 1
1167 443 1
1172 2 1
1172 6 1
1172 15 1
1172 16 1
1172 28 1
1172 46 1
1172 89 1
1172 94 1
1172 120 1
1172 844 1
1172 854 1
1182 26 1
1182 94 1
1182 286 1
1182 290 1
1182 474 1
1188 15 1
1188 28 1
1188 94 1
1188 123 1
1188 474 1
1192 15 1
1192 18 1
1192 58 1
1192 71 1
1192 207 1
1192 245 1
1192 286 1
1192 312 1
1192 348 1
1192 1172 1
1192 3552 1
1228 22 1
1228 45 1
1270 16 1
1276 2 1
1276 15 1
1276 18 1
1276 28 1
1276 45 1
1276 104 1
1276 474 1
1276 530 1
1276 932 1
1276 1172 1
1276 3750 1
1285 15 1
1285 26 1
1285 45 1
1285 4827 1
1289 6 1
1289 12 1
1289 15 1
1289 22 1
1289 26 1
1289 42 1
1289 104 1
1289 333 1
1289 844 1
1289 1341 1
1293 15 1
1293 18 1
1293 22 1
1293 69 1
1293 456 1
1295 15 1
1295 22 1
1295 120 1
1314 18 1
1314 28 1
1314 89 1
1326 16 1
1326 18 1
1326 26 1
1326 104 1
1326 371 1
1326 438 1
1326 854 1
1326 1182 1
1339 15 1
1339 18 1
1339 22 1
1339 26 1
1339 41 1
1339 45 1
1339 71 1
1339 125 1
1339 136 1
1339 236 1
1339 337 1
1339 1078 1
1339 4714 1
1341 22 1
1341 26 1
1341 45 1
1341 58 1
1341 125 1
1341 299 1
1341 333 1
1341 508 1
1341 1078 1
1341 1339 1
1345 6 1
1345 15 1
1345 42 1
1345 299 1
1354 2 1
1355 6 1
1355 15 1
1355 26 1
1355 34 1
1355 41 1
1355 58 1
1355 89 1
1355 245 1
1355 801 1
1355 1889 1
1355 2308 1
1376 2 1
1376 15 1
1376 26 1
1376 37 1
1376 68 1
1376 71 1
1376 94 1
1376 147 1
1376 152 1
1376 190 1
1376 474 1
1376 685 1
1376 1172 1
1376 2674 1
1398 348 1
1469 231 1
1510 2 1
1510 22 1
1510 28 1
1510 34 1
1510 71 1
1510 190 1
1510 271 1
1510 844 1
1510 2517 1
1554 42 1
1554 286 1
1554 290 1
1554 299 1
1554 312 1
1554 474 1
1554 489 1
1554 506 1
1554 1078 1
1554 2303 1
1559 18 1
1559 22 1
1559 136 1
1559 340 1
1561 15 1
1561 18 1
1561 22 1
1561 42 1
1561 69 1
1561 89 1
1592 6 1
1592 22 1
1592 474 1
1603 15 1
1603 89 1
1617 22 1
1617 37 1
1617 89 1
1617 302 1
1617 612 1
1617 1120 1
1647 6 1
1647 1289 1
1659 15 1
1659 18 1
1659 22 1
1659 45 1
1659 123 1
1659 125 1
1659 1063 1
1676 45 1
1720 18 1
1720 69 1
1738 68 1
1793 15 1
1793 16 1
1793 34 1
1793 46 1
1793 190 1
1816 58 1
1816 115 1
1816 474 1
1879 16 1
1879 26 1
1879 45 1
1879 526 1
1889 12 1
1889 22 1
1889 42 1
1889 94 1
1889 104 1
1889 119 1
1889 294 1
1889 474 1
1889 506 1
1889 903 1
1955 12 1
1955 207 1
1986 22 1
2040 26 1
2048 22 1
2048 26 1
2048 28 1
2048 307 1
2048 340 1
2048 348 1
2096 6 1
2096 28 1
2096 94 1
2096 123 1
2140 18 1
2140 22 1
2140 26 1
2140 474 1
2140 2303 1
2141 89 1
2182 16 1
2182 26 1
2197 2 1
2197 16 1
2197 94 1
2299 15 1
2299 18 1
2299 71 1
2299 115 1
2299 120 1
2299 125 1
2299 257 1
2299 315 1
2299 322 1
2303 15 1
2303 22 1
2303 26 1
2303 123 1
2303 348 1
2303 530 1
2305 371 1
2308 2 1
2308 15 1
2308 26 1
2308 89 1
2308 125 1
2308 186 1
2308 286 1
2308 299 1
2308 695 1
2308 844 1
2308 1293 1
2343 12 1
2405 18 1
2405 37 1
2405 41 1
2405 45 1
2405 236 1
2405 474 1
2462 26 1
2467 26 1
2467 47 1
2467 115 1
2467 227 1
2467 236 1
2490 6 1
2490 16 1
2490 18 1
2490 45 1
2490 71 1
2517 15 1
2554 16 1
2554 34 1
2554 92 1
2554 136 1
2554 245 1
2554 312 1
2554 5227 1
2566 16 1
2573 2 1
2573 115 1
2573 257 1
2592 30 1
2592 115 1
2592 337 1
2592 438 1
2592 474 1
2597 22 1
2609 22 1
2609 89 1
2609 120 1
2609 231 1
2609 735 1
2612 15 1
2612 18 1
2653 104 1
2674 15 1
2674 18 1
2674 45 1
2674 89 1
2674 231 1
2674 240 1
2682 18 1
2682 68 1
2682 71 1
2738 22 1
2738 37 1
2738 72 1
2738 2763 1
2763 15 1
2763 16 1
2763 312 1
2866 6 1
2866 15 1
2866 34 1
2966 8 1
2966 22 1
3108 94 1
3108 115 1
3163 12 1
3163 68 1
3163 123 1
3166 18 1
3166 22 1
3166 68 1
3261 15 1
3261 443 1
3261 1889 1
3301 89 1
3480 358 1
3552 15 1
3552 18 1
3552 22 1
3552 111 1
3552 123 1
3596 26 1
3596 89 1
3596 94 1
3596 190 1
3596 302 1
3606 18 1
3606 72 1
3607 22 1
3607 28 1
3691 22 1
3691 515 1
3691 5024 1
3731 9 1
3731 18 1
3731 26 1
3731 147 1
3750 2 1
3750 16 1
3750 18 1
3750 22 1
3750 94 1
3750 111 1
3750 115 1
3750 257 1
3815 26 1
3815 136 1
3829 42 1
3857 16 1
3857 26 1
3857 30 1
3857 299 1
3877 26 1
3878 18 1
3878 22 1
3952 7143 1
3963 16 1
3963 22 1
3963 152 1
3963 526 1
4065 15 1
4065 37 1
4094 22 1
4102 6 1
4102 18 1
4102 30 1
4102 115 1
4146 22 1
4146 45 1
4146 69 1
4146 844 1
4146 1120 1
4166 312 1
4175 120 1
4176 6 1
4330 191 1
4402 18 1
4435 735 1
4437 2 1
4437 45 1
4549 15 1
4549 124 1
4549 147 1
4644 71 1
4644 120 1
4714 15 1
4714 16 1
4714 111 1
4714 320 1
4714 561 1
4714 612 1
4818 16 1
4818 22 1
4820 18 1
4820 89 1
4827 46 1
4843 6 1
4843 22 1
4868 26 1
4868 42 1
4868 111 1
4877 22 1
5007 28 1
5039 72 1
5101 474 1
5280 15 1
5280 18 1
5340 22 1
5406 22 1
5406 28 1
5406 34 1
5406 68 1
5406 89 1
5406 104 1
5406 115 1
5406 207 1
5406 358 1
5406 438 1
5409 22 1
5449 2490 1
5457 15 1
5480 15 1
5518 16 1
5518 45 1
5533 28 1
5533 3552 1
5750 15 1
5921 15 1
5921 22 1
5921 26 1
5921 28 1
5921 45 1
5921 299 1
5921 474 1
5921 1592 1
5938 15 1
5938 16 1
5976 71 1
5987 115 1
6019 197 1
6068 104 1
6152 68 1
6152 111 1
6152 2467 1
6226 71 1
6263 15 1
6263 26 1
6263 124 1
6263 340 1
6263 1659 1
6362 15 1
6362 286 1
6376 89 1
6376 3375 1
6381 18 1
6598 207 1
6660 22 1
6673 45 1
6673 111 1
6673 299 1
6703 42 1
7143 123 1
7143 190 1
7154 12 1
7294 337 1
7340 348 1
7419 22 1
7452 474 1
7469 94 1
7683 26 1
