2 6 1
2 8 1
2 12 1
2 15 1
2 16 1
2 18 1
2 22 1
2 45 1
2 58 1
2 68 1
2 69 1
2 71 1
2 92 1
2 111 1
2 123 1
2 136 1
2 245 1
2 280 1
2 294 1
2 302 1
2 312 1
2 333 1
2 358 1
2 371 1
2 435 1
2 438 1
2 443 1
2 582 1
2 892 1
2 932 1
2 1052 1
2 1063 1
2 1085 1
2 1131 1
2 1167 1
2 1172 1
2 1554 1
2 1659 1
2 1720 1
2 1793 1
2 2197 1
2 2517 1
2 2554 1
2 4402 1
2 5406 1
2 5449 1
6 2 1
6 8 1
6 15 1
6 16 1
6 18 1
6 22 1
6 25 1
6 28 1
6 30 1
6 34 1
6 37 1
6 41 1
6 45 1
6 46 1
6 89 1
6 94 1
6 111 1
6 119 1
6 124 1
6 125 1
6 139 1
6 147 1
6 186 1
6 191 1
6 197 1
6 207 1
6 212 1
6 227 1
6 257 1
6 271 1
6 294 1
6 299 1
6 302 1
6 312 1
6 315 1
6 340 1
6 371 1
6 474 1
6 506 1
6 508 1
6 530 1
6 540 1
6 612 1
6 624 1
6 633 1
6 685 1
6 695 1
6 704 1
6 735 1
6 844 1
6 879 1
6 903 1
6 932 1
6 1063 1
6 1089 1
6 1120 1
6 1182 1
6 1289 1
6 1295 1
6 1326 1
6 1592 1
6 2197 1
6 2305 1
6 2405 1
6 2682 1
6 3261 1
6 3691 1
6 4102 1
6 4868 1
6 5406 1
6 6376 1
8 2 1
8 15 1
8 16 1
8 26 1
8 28 1
8 30 1
8 42 1
8 89 1
8 94 1
8 123 1
8 147 1
8 191 1
8 231 1
8 286 1
8 299 1
8 340 1
8 506 1
8 526 1
8 548 1
8 1172 1
8 1554 1
8 1889 1
9 6 1
9 12 1
9 15 1
9 16 1
9 18 1
9 26 1
9 37 1
9 46 1
9 89 1
9 104 1
9 125 1
9 147 1
9 231 1
9 456 1
9 561 1
9 888 1
9 903 1
9 932 1
9 1554 1
12 6 1
12 15 1
12 18 1
12 22 1
12 25 1
12 26 1
12 28 1
12 34 1
12 37 1
12 41 1
12 46 1
12 69 1
12 71 1
12 72 1
12 111 1
12 125 1
12 147 1
12 186 1
12 207 1
12 227 1
12 258 1
12 280 1
12 290 1
12 340 1
12 361 1
12 438 1
12 474 1
12 489 1
12 526 1
12 530 1
12 532 1
12 623 1
12 624 1
12 803 1
12 838 1
12 844 1
12 1063 1
12 1120 1
12 1131 1
12 1339 1
12 1355 1
12 1510 1
12 2096 1
12 3261 1
12 3691 1
12 4330 1
12 4714 1
15 6 1
15 8 1
15 18 1
15 37 1
15 45 1
15 46 1
15 60 1
15 68 1
15 74 1
15 94 1
15 104 1
15 111 1
15 115 1
15 120 1
15 125 1
15 147 1
15 212 1
15 226 1
15 236 1
15 258 1
15 271 1
15 280 1
15 299 1
15 315 1
15 320 1
15 348 1
15 358 1
15 371 1
15 434 1
15 438 1
15 443 1
15 478 1
15 508 1
15 532 1
15 612 1
15 624 1
15 653 1
15 725 1
15 765 1
15 844 1
15 932 1
15 1052 1
15 1063 1
15 1089 1
15 1172 1
15 1276 1
15 1289 1
15 1293 1
15 1339 1
15 1376 1
15 1510 1
15 1554 1
15 1659 1
15 1816 1
15 1879 1
15 1889 1
15 2048 1
15 2405 1
15 2674 1
15 2966 1
15 3163 1
15 3166 1
15 3552 1
15 3750 1
15 3950 1
15 5101 1
15 5406 1
15 5921 1
15 7419 1
16 8 1
16 12 1
16 15 1
16 25 1
16 34 1
16 37 1
16 41 1
16 42 1
16 43 1
16 45 1
16 58 1
16 68 1
16 69 1
16 71 1
16 72 1
16 74 1
16 83 1
16 89 1
16 91 1
16 111 1
16 115 1
16 120 1
16 123 1
16 124 1
16 125 1
16 147 1
16 152 1
16 191 1
16 197 1
16 231 1
16 236 1
16 240 1
16 245 1
16 258 1
16 280 1
16 286 1
16 290 1
16 294 1
16 299 1
16 320 1
16 322 1
16 333 1
16 340 1
16 348 1
16 371 1
16 438 1
16 443 1
16 474 1
16 489 1
16 506 1
16 508 1
16 514 1
16 522 1
16 526 1
16 530 1
16 532 1
16 561 1
16 623 1
16 624 1
16 631 1
16 695 1
16 704 1
16 718 1
16 725 1
16 733 1
16 735 1
16 801 1
16 803 1
16 838 1
16 854 1
16 888 1
16 892 1
16 922 1
16 942 1
16 1052 1
16 1063 1
16 1078 1
16 1089 1
16 1131 1
16 1166 1
16 1167 1
16 1182 1
16 1188 1
16 1192 1
16 1276 1
16 1285 1
16 1289 1
16 1326 1
16 1339 1
16 1345 1
16 1354 1
16 1376 1
16 1554 1
16 1559 1
16 1659 1
16 1879 1
16 1955 1
16 2096 1
16 2141 1
16 2197 1
16 2299 1
16 2303 1
16 2405 1
16 2462 1
16 2554 1
16 2612 1
16 2674 1
16 2738 1
16 3375 1
16 3480 1
16 3552 1
16 3691 1
16 3731 1
16 3750 1
16 3857 1
16 3952 1
16 4102 1
16 4175 1
16 4269 1
16 4330 1
16 4402 1
16 4437 1
16 4549 1
16 4643 1
16 4644 1
16 4714 1
16 4827 1
16 4843 1
16 5039 1
16 5406 1
16 5518 1
16 5533 1
16 5921 1
16 6376 1
16 6598 1
16 6660 1
16 6673 1
16 7143 1
16 7452 1
18 6 1
18 8 1
18 12 1
18 15 1
18 16 1
18 22 1
18 25 1
18 26 1
18 28 1
18 30 1
18 33 1
18 34 1
18 37 1
18 41 1
18 42 1
18 45 1
18 46 1
18 69 1
18 71 1
18 72 1
18 91 1
18 104 1
18 111 1
18 120 1
18 124 1
18 125 1
18 126 1
18 136 1
18 147 1
18 186 1
18 190 1
18 196 1
18 207 1
18 212 1
18 226 1
18 227 1
18 231 1
18 240 1
18 245 1
18 257 1
18 271 1
18 290 1
18 294 1
18 299 1
18 307 1
18 315 1
18 320 1
18 340 1
18 342 1
18 348 1
18 358 1
18 435 1
18 438 1
18 443 1
18 474 1
18 478 1
18 489 1
18 494 1
18 514 1
18 526 1
18 529 1
18 530 1
18 561 1
18 623 1
18 631 1
18 695 1
18 733 1
18 735 1
18 803 1
18 844 1
18 854 1
18 886 1
18 908 1
18 932 1
18 942 1
18 952 1
18 1030 1
18 1052 1
18 1063 1
18 1089 1
18 1120 1
18 1131 1
18 1167 1
18 1172 1
18 1188 1
18 1192 1
18 1285 1
18 1289 1
18 1295 1
18 1314 1
18 1339 1
18 1341 1
18 1355 1
18 1376 1
18 1554 1
18 1617 1
18 1720 1
18 1889 1
18 1955 1
18 2048 1
18 2182 1
18 2462 1
18 2609 1
18 2612 1
18 2674 1
18 3166 1
18 3301 1
18 3596 1
18 3691 1
18 4402 1
18 4435 1
18 5518 1
18 5533 1
18 5750 1
18 6376 1
18 7154 1
19 15 1
19 16 1
19 18 1
19 22 1
19 28 1
19 104 1
22 2 1
22 8 1
22 9 1
22 15 1
22 16 1
22 18 1
22 19 1
22 26 1
22 28 1
22 30 1
22 33 1
22 34 1
22 37 1
22 42 1
22 43 1
22 45 1
22 47 1
22 60 1
22 68 1
22 69 1
22 74 1
22 89 1
22 94 1
22 104 1
22 111 1
22 115 1
22 119 1
22 120 1
22 123 1
22 124 1
22 125 1
22 126 1
22 136 1
22 139 1
22 190 1
22 196 1
22 207 1
22 231 1
22 245 1
22 257 1
22 258 1
22 271 1
22 280 1
22 286 1
22 290 1
22 299 1
22 312 1
22 315 1
22 320 1
22 322 1
22 333 1
22 337 1
22 348 1
22 358 1
22 369 1
22 371 1
22 434 1
22 438 1
22 443 1
22 456 1
22 478 1
22 489 1
22 494 1
22 506 1
22 508 1
22 514 1
22 515 1
22 526 1
22 530 1
22 548 1
22 561 1
22 582 1
22 623 1
22 633 1
22 704 1
22 714 1
22 718 1
22 733 1
22 735 1
22 801 1
22 803 1
22 879 1
22 881 1
22 886 1
22 888 1
22 892 1
22 903 1
22 908 1
22 922 1
22 932 1
22 942 1
22 1052 1
22 1085 1
22 1131 1
22 1166 1
22 1167 1
22 1172 1
22 1182 1
22 1188 1
22 1276 1
22 1285 1
22 1289 1
22 1293 1
22 1295 1
22 1314 1
22 1336 1
22 1339 1
22 1341 1
22 1345 1
22 1376 1
22 1561 1
22 1592 1
22 1659 1
22 1676 1
22 1793 1
22 1889 1
22 1955 1
22 2096 1
22 2203 1
22 2299 1
22 2303 1
22 2343 1
22 2405 1
22 2462 1
22 2554 1
22 2573 1
22 2609 1
22 2763 1
22 3552 1
22 3750 1
22 3815 1
22 3952 1
22 3963 1
22 4065 1
22 4094 1
22 4146 1
22 4402 1
22 4437 1
22 4515 1
22 4818 1
22 5024 1
22 5039 1
22 5227 1
22 5280 1
22 5518 1
22 5866 1
22 5921 1
22 5938 1
22 5976 1
22 6068 1
22 6263 1
22 6381 1
22 6703 1
22 7141 1
22 7469 1
24 6 1
24 15 1
24 22 1
24 26 1
24 58 1
24 89 1
24 111 1
24 2303 1
25 8 1
25 16 1
25 18 1
25 22 1
25 24 1
25 28 1
25 37 1
25 46 1
25 71 1
25 72 1
25 123 1
25 197 1
25 231 1
25 456 1
25 561 1
25 735 1
25 2467 1
25 6673 1
26 2 1
26 6 1
26 12 1
26 15 1
26 16 1
26 25 1
26 28 1
26 30 1
26 34 1
26 45 1
26 46 1
26 69 1
26 71 1
26 89 1
26 104 1
26 115 1
26 123 1
26 124 1
26 125 1
26 147 1
26 152 1
26 212 1
26 227 1
26 245 1
26 257 1
26 271 1
26 286 1
26 294 1
26 299 1
26 302 1
26 312 1
26 315 1
26 333 1
26 358 1
26 361 1
26 371 1
26 435 1
26 456 1
26 508 1
26 514 1
26 526 1
26 529 1
26 530 1
26 533 1
26 540 1
26 624 1
26 653 1
26 704 1
26 725 1
26 765 1
26 801 1
26 803 1
26 844 1
26 854 1
26 932 1
26 942 1
26 1089 1
26 1120 1
26 1167 1
26 1172 1
26 1276 1
26 1289 1
26 1295 1
26 1326 1
26 1339 1
26 1341 1
26 1345 1
26 1376 1
26 1398 1
26 1816 1
26 2405 1
26 2462 1
26 2517 1
26 2554 1
26 3166 1
26 3552 1
26 3607 1
26 3691 1
26 3877 1
26 4549 1
26 4843 1
28 2 1
28 6 1
28 9 1
28 12 1
28 15 1
28 16 1
28 18 1
28 19 1
28 26 1
28 30 1
28 37 1
28 41 1
28 43 1
28 45 1
28 47 1
28 68 1
28 69 1
28 72 1
28 74 1
28 92 1
28 104 1
28 111 1
28 120 1
28 125 1
28 136 1
28 147 1
28 190 1
28 196 1
28 212 1
28 226 1
28 245 1
28 258 1
28 280 1
28 286 1
28 290 1
28 294 1
28 302 1
28 307 1
28 312 1
28 315 1
28 333 1
28 337 1
28 340 1
28 348 1
28 358 1
28 369 1
28 435 1
28 438 1
28 443 1
28 474 1
28 489 1
28 508 1
28 514 1
28 515 1
28 522 1
28 526 1
28 533 1
28 561 1
28 623 1
28 765 1
28 803 1
28 838 1
28 844 1
28 908 1
28 932 1
28 1052 1
28 1089 1
28 1131 1
28 1172 1
28 1192 1
28 1276 1
28 1314 1
28 1345 1
28 1354 1
28 1355 1
28 1659 1
28 1889 1
28 2517 1
28 2573 1
28 3261 1
28 4330 1
28 4820 1
28 5024 1
30 2 1
30 9 1
30 16 1
30 22 1
30 26 1
30 37 1
30 42 1
30 60 1
30 92 1
30 94 1
30 123 1
30 125 1
30 186 1
30 190 1
30 207 1
30 245 1
30 271 1
30 286 1
30 294 1
30 299 1
30 302 1
30 312 1
30 358 1
30 434 1
30 489 1
30 522 1
30 526 1
30 529 1
30 530 1
30 653 1
30 881 1
30 908 1
30 922 1
30 979 1
30 1052 1
30 1063 1
30 1120 1
30 1167 1
30 1289 1
30 1341 1
30 1592 1
30 1603 1
30 1659 1
30 1889 1
30 2303 1
30 2308 1
30 2405 1
30 2467 1
30 3166 1
30 5987 1
30 7683 1
33 26 1
33 71 1
34 6 1
34 9 1
34 15 1
34 16 1
34 18 1
34 24 1
34 25 1
34 26 1
34 37 1
34 41 1
34 43 1
34 46 1
34 47 1
34 68 1
34 71 1
34 72 1
34 89 1
34 94 1
34 115 1
34 119 1
34 186 1
34 245 1
34 312 1
34 369 1
34 489 1
34 526 1
34 529 1
34 561 1
34 631 1
34 733 1
34 735 1
34 879 1
34 881 1
34 932 1
34 1052 1
34 1078 1
34 1120 1
34 1592 1
34 1889 1
34 2462 1
34 2674 1
34 2738 1
34 3552 1
37 6 1
37 9 1
37 12 1
37 15 1
37 16 1
37 18 1
37 22 1
37 25 1
37 26 1
37 28 1
37 30 1
37 41 1
37 42 1
37 45 1
37 46 1
37 58 1
37 68 1
37 72 1
37 89 1
37 94 1
37 104 1
37 111 1
37 115 1
37 120 1
37 147 1
37 152 1
37 190 1
37 197 1
37 231 1
37 236 1
37 257 1
37 258 1
37 280 1
37 290 1
37 358 1
37 398 1
37 443 1
37 474 1
37 624 1
37 735 1
37 765 1
37 1052 1
37 1289 1
37 1295 1
37 1617 1
37 2299 1
37 2674 1
37 2738 1
37 3857 1
41 6 1
41 15 1
41 16 1
41 22 1
41 26 1
41 28 1
41 37 1
41 45 1
41 46 1
41 94 1
41 120 1
41 123 1
41 124 1
41 125 1
41 126 1
41 236 1
41 245 1
41 271 1
41 358 1
41 434 1
41 474 1
41 529 1
41 561 1
41 612 1
41 844 1
41 932 1
41 1376 1
41 1659 1
41 3857 1
41 3952 1
41 4146 1
42 2 1
42 6 1
42 15 1
42 18 1
42 26 1
42 34 1
42 41 1
42 43 1
42 68 1
42 69 1
42 71 1
42 89 1
42 115 1
42 120 1
42 126 1
42 197 1
42 271 1
42 307 1
42 435 1
42 474 1
42 489 1
42 801 1
42 838 1
42 1131 1
42 2554 1
42 4094 1
43 2 1
43 8 1
43 15 1
43 18 1
43 22 1
43 37 1
43 45 1
43 58 1
43 68 1
43 89 1
43 119 1
43 120 1
43 147 1
43 212 1
43 227 1
43 236 1
43 280 1
43 286 1
43 348 1
43 358 1
43 530 1
43 548 1
43 932 1
43 1120 1
43 1167 1
43 1376 1
43 1561 1
43 1617 1
43 1889 1
43 2308 1
43 2517 1
43 2554 1
43 3607 1
45 6 1
45 12 1
45 22 1
45 25 1
45 28 1
45 34 1
45 41 1
45 42 1
45 43 1
45 47 1
45 60 1
45 68 1
45 69 1
45 71 1
45 72 1
45 94 1
45 104 1
45 111 1
45 115 1
45 120 1
45 125 1
45 136 1
45 147 1
45 152 1
45 197 1
45 240 1
45 271 1
45 280 1
45 290 1
45 294 1
45 299 1
45 348 1
45 438 1
45 474 1
45 489 1
45 494 1
45 508 1
45 530 1
45 532 1
45 582 1
45 624 1
45 725 1
45 854 1
45 903 1
45 1063 1
45 1078 1
45 1089 1
45 1172 1
45 1289 1
45 1339 1
45 1345 1
45 1720 1
45 2305 1
45 2308 1
45 2405 1
45 2517 1
45 2554 1
45 3261 1
45 3607 1
45 4714 1
45 5039 1
46 2 1
46 9 1
46 15 1
46 16 1
46 18 1
46 22 1
46 26 1
46 41 1
46 42 1
46 45 1
46 47 1
46 58 1
46 69 1
46 74 1
46 89 1
46 92 1
46 111 1
46 115 1
46 120 1
46 123 1
46 139 1
46 286 1
46 290 1
46 299 1
46 312 1
46 322 1
46 358 1
46 438 1
46 456 1
46 494 1
46 653 1
46 725 1
46 838 1
46 844 1
46 903 1
46 942 1
46 1063 1
46 1089 1
46 1131 1
46 1289 1
46 1720 1
46 4094 1
46 4714 1
47 16 1
47 18 1
47 26 1
47 89 1
47 94 1
47 104 1
47 115 1
47 207 1
47 231 1
47 290 1
47 489 1
47 854 1
47 1063 1
58 8 1
58 12 1
58 15 1
58 18 1
58 22 1
58 30 1
58 34 1
58 37 1
58 42 1
58 45 1
58 47 1
58 69 1
58 71 1
58 89 1
58 94 1
58 115 1
58 120 1
58 125 1
58 126 1
58 190 1
58 240 1
58 245 1
58 271 1
58 294 1
58 307 1
58 333 1
58 337 1
58 340 1
58 358 1
58 371 1
58 438 1
58 443 1
58 474 1
58 526 1
58 529 1
58 530 1
58 624 1
58 714 1
58 733 1
58 735 1
58 801 1
58 844 1
58 1120 1
58 1192 1
58 1293 1
58 1326 1
58 1339 1
58 1659 1
58 1738 1
58 2096 1
58 2299 1
58 2462 1
58 2517 1
58 3750 1
58 3952 1
58 5533 1
58 7143 1
60 9 1
60 15 1
60 22 1
60 41 1
60 45 1
60 89 1
60 94 1
60 123 1
60 125 1
60 212 1
60 294 1
60 879 1
60 1172 1
68 2 1
68 6 1
68 9 1
68 15 1
68 18 1
68 24 1
68 26 1
68 28 1
68 30 1
68 37 1
68 42 1
68 45 1
68 46 1
68 47 1
68 58 1
68 69 1
68 71 1
68 72 1
68 94 1
68 111 1
68 115 1
68 125 1
68 126 1
68 147 1
68 190 1
68 197 1
68 207 1
68 226 1
68 240 1
68 257 1
68 286 1
68 299 1
68 307 1
68 315 1
68 320 1
68 322 1
68 337 1
68 348 1
68 358 1
68 443 1
68 456 1
68 474 1
68 506 1
68 526 1
68 530 1
68 540 1
68 561 1
68 735 1
68 844 1
68 879 1
68 908 1
68 1167 1
68 1376 1
68 1659 1
68 2299 1
68 2303 1
68 2308 1
68 2554 1
68 2866 1
68 3166 1
68 3301 1
68 3552 1
68 3878 1
68 4868 1
68 6362 1
68 7452 1
69 6 1
69 15 1
69 18 1
69 26 1
69 37 1
69 89 1
69 120 1
69 302 1
69 322 1
69 903 1
69 1052 1
69 1172 1
71 8 1
71 15 1
71 18 1
71 19 1
71 22 1
71 26 1
71 28 1
71 41 1
71 43 1
71 58 1
71 72 1
71 74 1
71 89 1
71 104 1
71 111 1
71 115 1
71 120 1
71 147 1
71 186 1
71 197 1
71 207 1
71 231 1
71 245 1
71 257 1
71 286 1
71 299 1
71 302 1
71 307 1
71 340 1
71 342 1
71 371 1
71 474 1
71 489 1
71 540 1
71 612 1
71 624 1
71 803 1
71 932 1
71 1078 1
71 1167 1
71 1172 1
71 1182 1
71 1295 1
71 1339 1
71 1341 1
71 1510 1
71 1659 1
71 2140 1
71 2299 1
71 3108 1
71 3552 1
71 3607 1
71 3963 1
71 4065 1
71 4714 1
71 5938 1
71 7340 1
72 2 1
72 9 1
72 15 1
72 16 1
72 18 1
72 22 1
72 41 1
72 42 1
72 92 1
72 94 1
72 104 1
72 120 1
72 124 1
72 190 1
72 197 1
72 286 1
72 290 1
72 371 1
72 438 1
72 489 1
72 515 1
72 526 1
72 624 1
72 1172 1
72 1355 1
72 1986 1
72 3691 1
74 18 1
74 45 1
74 120 1
74 139 1
74 257 1
74 286 1
74 340 1
74 474 1
83 2 1
83 15 1
83 22 1
83 26 1
83 28 1
83 30 1
83 45 1
83 71 1
83 72 1
83 89 1
83 115 1
83 280 1
83 515 1
83 881 1
83 1336 1
83 1659 1
83 2674 1
83 4714 1
89 2 1
89 12 1
89 15 1
89 16 1
89 18 1
89 19 1
89 22 1
89 26 1
89 28 1
89 34 1
89 41 1
89 45 1
89 46 1
89 68 1
89 104 1
89 111 1
89 115 1
89 136 1
89 147 1
89 152 1
89 186 1
89 190 1
89 212 1
89 258 1
89 280 1
89 286 1
89 312 1
89 315 1
89 320 1
89 333 1
89 340 1
89 371 1
89 435 1
89 474 1
89 522 1
89 561 1
89 685 1
89 704 1
89 735 1
89 803 1
89 838 1
89 844 1
89 854 1
89 903 1
89 979 1
89 1131 1
89 1188 1
89 1285 1
89 1295 1
89 1326 1
89 1469 1
89 2048 1
89 2096 1
89 2299 1
89 2405 1
89 2490 1
89 2612 1
89 2653 1
89 2966 1
89 3375 1
89 3691 1
91 22 1
91 34 1
91 37 1
91 474 1
92 2 1
92 12 1
92 15 1
92 16 1
92 18 1
92 22 1
92 28 1
92 37 1
92 41 1
92 42 1
92 46 1
92 68 1
92 89 1
92 94 1
92 111 1
92 115 1
92 120 1
92 123 1
92 236 1
92 371 1
92 478 1
92 695 1
92 908 1
92 4714 1
94 2 1
94 12 1
94 15 1
94 16 1
94 22 1
94 26 1
94 34 1
94 45 1
94 58 1
94 68 1
94 69 1
94 71 1
94 104 1
94 111 1
94 115 1
94 123 1
94 125 1
94 240 1
94 257 1
94 290 1
94 294 1
94 299 1
94 312 1
94 333 1
94 340 1
94 371 1
94 474 1
94 478 1
94 508 1
94 526 1
94 540 1
94 718 1
94 886 1
94 932 1
94 1063 1
94 1085 1
94 1167 1
94 1182 1
94 1192 1
94 1289 1
94 1314 1
94 1326 1
94 1339 1
94 2467 1
94 2609 1
94 2866 1
94 4094 1
94 5750 1
99 6 1
99 12 1
99 15 1
99 16 1
99 18 1
99 22 1
99 26 1
99 28 1
99 41 1
99 42 1
99 45 1
99 69 1
99 92 1
99 120 1
99 125 1
99 257 1
99 258 1
99 294 1
99 312 1
99 438 1
99 532 1
99 561 1
99 1339 1
99 1341 1
99 1398 1
99 1647 1
99 4102 1
99 4435 1
104 2 1
104 12 1
104 15 1
104 16 1
104 18 1
104 22 1
104 25 1
104 28 1
104 30 1
104 34 1
104 41 1
104 58 1
104 68 1
104 69 1
104 71 1
104 92 1
104 94 1
104 120 1
104 123 1
104 186 1
104 207 1
104 231 1
104 236 1
104 271 1
104 280 1
104 294 1
104 337 1
104 348 1
104 371 1
104 434 1
104 443 1
104 456 1
104 506 1
104 514 1
104 530 1
104 582 1
104 624 1
104 653 1
104 695 1
104 704 1
104 735 1
104 854 1
104 888 1
104 908 1
104 1052 1
104 1131 1
104 1172 1
104 1592 1
104 2040 1
104 2554 1
104 3750 1
104 6381 1
111 6 1
111 8 1
111 15 1
111 16 1
111 18 1
111 22 1
111 26 1
111 28 1
111 30 1
111 37 1
111 41 1
111 42 1
111 45 1
111 72 1
111 89 1
111 92 1
111 94 1
111 115 1
111 123 1
111 124 1
111 190 1
111 191 1
111 207 1
111 240 1
111 286 1
111 294 1
111 312 1
111 337 1
111 342 1
111 434 1
111 438 1
111 443 1
111 474 1
111 508 1
111 514 1
111 515 1
111 526 1
111 530 1
111 532 1
111 685 1
111 733 1
111 1063 1
111 1078 1
111 1339 1
111 1398 1
111 2462 1
111 3691 1
111 5406 1
111 7419 1
115 2 1
115 6 1
115 12 1
115 18 1
115 19 1
115 25 1
115 33 1
115 37 1
115 41 1
115 46 1
115 58 1
115 69 1
115 71 1
115 74 1
115 104 1
115 125 1
115 126 1
115 136 1
115 139 1
115 147 1
115 152 1
115 227 1
115 231 1
115 240 1
115 258 1
115 280 1
115 286 1
115 294 1
115 315 1
115 320 1
115 340 1
115 348 1
115 443 1
115 494 1
115 506 1
115 514 1
115 529 1
115 533 1
115 631 1
115 733 1
115 844 1
115 854 1
115 908 1
115 1131 1
115 1341 1
115 1889 1
115 2517 1
115 2763 1
115 3552 1
115 4102 1
115 4714 1
115 4843 1
115 6376 1
119 2 1
119 6 1
119 15 1
119 16 1
119 18 1
119 22 1
119 25 1
119 28 1
119 45 1
119 47 1
119 68 1
119 94 1
119 104 1
119 115 1
119 123 1
119 125 1
119 147 1
119 190 1
119 197 1
119 207 1
119 231 1
119 236 1
119 257 1
119 271 1
119 280 1
119 286 1
119 290 1
119 294 1
119 315 1
119 322 1
119 333 1
119 456 1
119 474 1
119 508 1
119 514 1
119 526 1
119 529 1
119 530 1
119 633 1
119 854 1
119 881 1
119 888 1
119 922 1
119 942 1
119 1063 1
119 1085 1
119 1166 1
119 1285 1
119 1341 1
119 1554 1
119 1659 1
119 1676 1
119 2308 1
119 2738 1
119 2763 1
119 2966 1
119 3261 1
119 3815 1
119 4435 1
119 4644 1
119 4843 1
120 2 1
120 15 1
120 16 1
120 18 1
120 26 1
120 46 1
120 89 1
120 94 1
120 111 1
120 115 1
120 119 1
120 190 1
120 197 1
120 207 1
120 257 1
120 258 1
120 280 1
120 290 1
120 294 1
120 299 1
120 302 1
120 340 1
120 474 1
120 561 1
120 695 1
120 725 1
120 735 1
120 879 1
120 886 1
120 1131 1
120 1285 1
120 1355 1
120 1879 1
120 2467 1
120 2763 1
120 3552 1
123 2 1
123 6 1
123 12 1
123 15 1
123 18 1
123 19 1
123 22 1
123 26 1
123 30 1
123 34 1
123 42 1
123 46 1
123 68 1
123 69 1
123 71 1
123 72 1
123 89 1
123 92 1
123 99 1
123 111 1
123 119 1
123 120 1
123 124 1
123 125 1
123 136 1
123 152 1
123 190 1
123 197 1
123 207 1
123 227 1
123 231 1
123 236 1
123 245 1
123 271 1
123 286 1
123 290 1
123 294 1
123 299 1
123 312 1
123 315 1
123 333 1
123 337 1
123 340 1
123 358 1
123 369 1
123 371 1
123 443 1
123 456 1
123 474 1
123 478 1
123 489 1
123 506 1
123 508 1
123 515 1
123 522 1
123 526 1
123 529 1
123 530 1
123 561 1
123 624 1
123 704 1
123 735 1
123 801 1
123 803 1
123 844 1
123 881 1
123 908 1
123 979 1
123 1063 1
123 1089 1
123 1131 1
123 1192 1
123 1293 1
123 1314 1
123 1326 1
123 1341 1
123 1355 1
123 2554 1
123 2597 1
123 3829 1
123 5457 1
124 6 1
124 8 1
124 12 1
124 15 1
124 22 1
124 28 1
124 68 1
124 71 1
124 89 1
124 94 1
124 115 1
124 120 1
124 190 1
124 358 1
124 474 1
124 633 1
124 1052 1
124 1131 1
124 1339 1
124 3375 1
124 6226 1
125 15 1
125 22 1
125 28 1
125 34 1
125 37 1
125 41 1
125 42 1
125 69 1
125 71 1
125 115 1
125 120 1
125 123 1
125 197 1
125 207 1
125 212 1
125 231 1
125 240 1
125 245 1
125 280 1
125 299 1
125 312 1
125 315 1
125 320 1
125 348 1
125 371 1
125 443 1
125 474 1
125 506 1
125 514 1
125 522 1
125 582 1
125 1293 1
125 1659 1
125 1889 1
125 2467 1
125 6263 1
126 2 1
126 8 1
126 18 1
126 26 1
126 42 1
126 104 1
126 111 1
126 125 1
126 147 1
126 371 1
126 561 1
126 881 1
133 22 1
133 26 1
136 15 1
136 16 1
136 26 1
136 30 1
136 41 1
136 42 1
136 45 1
136 68 1
136 69 1
136 72 1
136 94 1
136 115 1
136 227 1
136 286 1
136 299 1
136 312 1
136 337 1
136 443 1
136 561 1
136 932 1
136 1339 1
136 1691 1
136 5280 1
136 5406 1
139 9 1
139 12 1
139 16 1
139 18 1
139 28 1
139 68 1
139 89 1
139 104 1
139 290 1
139 312 1
139 533 1
139 631 1
139 844 1
139 854 1
139 3963 1
147 2 1
147 26 1
147 34 1
147 45 1
147 68 1
147 89 1
147 125 1
147 358 1
147 2308 1
152 6 1
152 15 1
152 22 1
152 45 1
152 71 1
152 115 1
152 257 1
152 312 1
152 438 1
152 443 1
152 456 1
152 733 1
152 735 1
186 2 1
186 15 1
186 16 1
186 26 1
186 126 1
186 136 1
186 147 1
186 257 1
186 299 1
190 2 1
190 6 1
190 12 1
190 15 1
190 16 1
190 18 1
190 19 1
190 26 1
190 28 1
190 42 1
190 71 1
190 89 1
190 111 1
190 115 1
190 240 1
190 257 1
190 299 1
190 438 1
190 474 1
190 533 1
190 653 1
190 733 1
190 735 1
190 1293 1
190 1326 1
190 1339 1
190 1376 1
190 2303 1
190 2738 1
191 2 1
191 28 1
191 45 1
191 529 1
196 18 1
196 1085 1
197 15 1
197 41 1
197 89 1
197 147 1
197 290 1
197 337 1
197 456 1
197 506 1
197 844 1
197 1089 1
197 1172 1
197 1376 1
197 1554 1
197 2517 1
207 6 1
207 12 1
207 15 1
207 16 1
207 22 1
207 26 1
207 45 1
207 46 1
207 71 1
207 94 1
207 115 1
207 286 1
207 290 1
207 340 1
207 456 1
207 474 1
207 1085 1
207 1172 1
207 1293 1
207 1355 1
212 2 1
212 12 1
212 15 1
212 16 1
212 18 1
212 26 1
212 30 1
212 37 1
212 46 1
212 68 1
212 71 1
212 83 1
212 111 1
212 120 1
212 136 1
212 152 1
212 236 1
212 257 1
212 315 1
212 340 1
212 358 1
212 456 1
212 653 1
212 1314 1
212 2462 1
212 3750 1
226 16 1
226 26 1
226 34 1
227 6 1
227 42 1
227 45 1
227 104 1
227 245 1
227 1063 1
231 15 1
231 22 1
231 26 1
231 28 1
231 34 1
231 71 1
231 72 1
231 89 1
231 104 1
231 123 1
231 125 1
231 190 1
231 299 1
231 307 1
231 333 1
231 456 1
231 514 1
231 526 1
231 532 1
231 844 1
231 979 1
231 1172 1
231 1188 1
231 1355 1
231 1376 1
236 15 1
236 16 1
236 18 1
236 22 1
236 26 1
236 37 1
236 41 1
236 45 1
236 68 1
236 71 1
236 89 1
236 92 1
236 104 1
236 115 1
236 120 1
236 123 1
236 126 1
236 245 1
236 299 1
236 340 1
236 348 1
236 548 1
236 765 1
236 803 1
236 1052 1
236 1063 1
236 1131 1
236 1339 1
236 1554 1
236 1955 1
236 2343 1
240 2 1
240 15 1
240 18 1
240 22 1
240 89 1
240 342 1
240 529 1
241 197 1
245 6 1
245 15 1
245 18 1
245 22 1
245 26 1
245 37 1
245 42 1
245 46 1
245 68 1
245 89 1
245 119 1
245 190 1
245 236 1
245 302 1
245 348 1
245 434 1
245 438 1
245 474 1
245 489 1
245 494 1
245 514 1
245 533 1
245 838 1
245 879 1
245 1052 1
245 1131 1
245 7017 1
257 2 1
257 6 1
257 12 1
257 15 1
257 18 1
257 22 1
257 24 1
257 26 1
257 34 1
257 46 1
257 69 1
257 72 1
257 89 1
257 94 1
257 111 1
257 125 1
257 147 1
257 207 1
257 227 1
257 236 1
257 241 1
257 245 1
257 294 1
257 315 1
257 340 1
257 342 1
257 508 1
257 530 1
257 532 1
257 844 1
257 854 1
257 1063 1
257 1078 1
257 1131 1
257 1172 1
257 1376 1
257 1816 1
257 2517 1
257 3301 1
257 3481 1
257 4714 1
257 4818 1
257 4820 1
257 5024 1
258 6 1
258 15 1
258 16 1
258 26 1
258 41 1
258 68 1
258 231 1
258 286 1
258 474 1
258 624 1
258 704 1
258 844 1
258 1172 1
258 3606 1
271 8 1
271 12 1
271 16 1
271 34 1
271 46 1
271 68 1
271 212 1
271 236 1
271 286 1
271 1345 1
271 4176 1
280 18 1
280 41 1
280 803 1
280 1131 1
286 2 1
286 6 1
286 8 1
286 9 1
286 15 1
286 16 1
286 18 1
286 37 1
286 41 1
286 42 1
286 47 1
286 60 1
286 69 1
286 94 1
286 120 1
286 125 1
286 147 1
286 152 1
286 186 1
286 190 1
286 257 1
286 280 1
286 312 1
286 320 1
286 322 1
286 348 1
286 358 1
286 369 1
286 435 1
286 443 1
286 508 1
286 526 1
286 529 1
286 624 1
286 633 1
286 735 1
286 854 1
286 1078 1
286 1172 1
286 1720 1
286 2197 1
286 2203 1
286 2299 1
286 2566 1
286 4146 1
286 5227 1
290 2 1
290 15 1
290 22 1
290 26 1
290 28 1
290 34 1
290 37 1
290 42 1
290 43 1
290 45 1
290 58 1
290 68 1
290 71 1
290 74 1
290 89 1
290 94 1
290 111 1
290 115 1
290 120 1
290 123 1
290 125 1
290 147 1
290 152 1
290 190 1
290 227 1
290 257 1
290 286 1
290 302 1
290 438 1
290 443 1
290 474 1
290 540 1
290 561 1
290 838 1
290 932 1
290 1188 1
290 1561 1
290 2467 1
294 6 1
294 8 1
294 15 1
294 18 1
294 22 1
294 34 1
294 41 1
294 42 1
294 89 1
294 104 1
294 123 1
294 124 1
294 190 1
294 257 1
294 271 1
294 322 1
294 548 1
294 725 1
294 765 1
294 1052 1
294 1120 1
294 1182 1
294 1289 1
294 1339 1
294 1376 1
294 1510 1
294 3731 1
294 4330 1
299 2 1
299 6 1
299 12 1
299 15 1
299 18 1
299 22 1
299 26 1
299 37 1
299 41 1
299 45 1
299 46 1
299 72 1
299 89 1
299 111 1
299 125 1
299 147 1
299 236 1
299 240 1
299 286 1
299 294 1
299 312 1
299 340 1
299 369 1
299 474 1
299 489 1
299 522 1
299 932 1
299 1172 1
299 4065 1
302 6 1
302 15 1
302 16 1
302 18 1
302 22 1
302 26 1
302 28 1
302 45 1
302 71 1
302 92 1
302 94 1
302 119 1
302 124 1
302 139 1
302 147 1
302 197 1
302 207 1
302 240 1
302 271 1
302 280 1
302 286 1
302 290 1
302 456 1
302 489 1
302 530 1
302 733 1
302 735 1
302 844 1
302 932 1
302 1131 1
302 1293 1
302 2738 1
302 3815 1
307 6 1
307 12 1
307 15 1
307 19 1
307 22 1
307 24 1
307 25 1
307 26 1
307 60 1
307 72 1
307 89 1
307 133 1
307 136 1
307 190 1
307 197 1
307 286 1
307 290 1
307 474 1
307 533 1
307 765 1
307 932 1
307 1182 1
307 3552 1
307 4714 1
312 12 1
312 15 1
312 18 1
312 26 1
312 30 1
312 41 1
312 46 1
312 47 1
312 68 1
312 71 1
312 94 1
312 104 1
312 115 1
312 123 1
312 136 1
312 231 1
312 271 1
312 280 1
312 299 1
312 315 1
312 358 1
312 514 1
312 526 1
312 561 1
312 653 1
312 881 1
312 903 1
312 1289 1
312 2653 1
312 3552 1
315 15 1
315 18 1
315 22 1
315 26 1
315 37 1
315 45 1
315 60 1
315 68 1
315 89 1
315 94 1
315 115 1
315 123 1
315 236 1
315 245 1
315 307 1
315 333 1
315 340 1
315 474 1
315 529 1
315 533 1
315 765 1
315 838 1
315 1167 1
315 1172 1
315 1659 1
315 2308 1
320 26 1
320 68 1
320 89 1
320 125 1
320 299 1
322 16 1
322 26 1
322 120 1
322 125 1
322 299 1
322 1289 1
333 6 1
333 8 1
333 9 1
333 12 1
333 15 1
333 26 1
333 43 1
333 71 1
333 74 1
333 94 1
333 186 1
333 371 1
333 438 1
333 515 1
333 653 1
333 735 1
333 908 1
333 1052 1
333 1120 1
333 1376 1
333 1554 1
333 4146 1
333 4269 1
333 5750 1
337 18 1
337 72 1
337 532 1
337 1293 1
337 4146 1
340 15 1
340 22 1
340 26 1
340 34 1
340 37 1
340 45 1
340 125 1
340 136 1
340 280 1
340 286 1
340 474 1
340 508 1
340 515 1
340 522 1
340 561 1
340 733 1
340 844 1
340 1078 1
340 1341 1
340 1345 1
340 2182 1
340 2738 1
340 6226 1
342 2 1
342 6 1
342 15 1
342 18 1
342 22 1
342 94 1
342 1063 1
348 2 1
348 6 1
348 18 1
348 19 1
348 22 1
348 26 1
348 42 1
348 58 1
348 72 1
348 104 1
348 123 1
348 236 1
348 258 1
348 294 1
348 903 1
348 1955 1
358 15 1
358 16 1
358 18 1
358 22 1
358 26 1
358 28 1
358 37 1
358 41 1
358 42 1
358 45 1
358 58 1
358 123 1
358 245 1
358 258 1
358 294 1
358 443 1
358 624 1
358 1063 1
358 1592 1
358 3750 1
361 2 1
361 69 1
361 92 1
361 1289 1
361 3552 1
369 16 1
369 71 1
369 89 1
369 115 1
369 4330 1
371 6 1
371 18 1
371 22 1
371 37 1
371 68 1
371 72 1
371 104 1
371 123 1
371 197 1
371 207 1
371 257 1
371 489 1
371 526 1
371 529 1
371 765 1
371 844 1
371 1052 1
371 1063 1
371 1120 1
371 1172 1
371 1354 1
371 3552 1
398 15 1
398 16 1
398 22 1
398 26 1
398 28 1
398 34 1
398 111 1
398 119 1
398 125 1
398 147 1
398 258 1
398 302 1
398 1052 1
398 6263 1
434 2 1
434 15 1
434 18 1
434 41 1
434 45 1
434 3552 1
435 12 1
435 15 1
435 18 1
435 22 1
435 26 1
435 28 1
435 46 1
435 333 1
435 1561 1
438 2 1
438 6 1
438 12 1
438 15 1
438 18 1
438 26 1
438 30 1
438 41 1
438 45 1
438 46 1
438 58 1
438 68 1
438 89 1
438 91 1
438 92 1
438 94 1
438 111 1
438 115 1
438 120 1
438 257 1
438 280 1
438 299 1
438 302 1
438 312 1
438 474 1
438 624 1
438 685 1
438 725 1
438 854 1
438 908 1
438 1063 1
443 6 1
443 12 1
443 15 1
443 18 1
443 28 1
443 30 1
443 34 1
443 37 1
443 71 1
443 89 1
443 115 1
443 119 1
443 123 1
443 124 1
443 212 1
443 245 1
443 312 1
443 735 1
443 1376 1
443 1659 1
443 2303 1
443 2674 1
456 18 1
456 22 1
456 26 1
456 42 1
456 45 1
456 46 1
456 99 1
456 123 1
456 190 1
456 290 1
456 474 1
474 2 1
474 6 1
474 8 1
474 15 1
474 22 1
474 25 1
474 26 1
474 30 1
474 34 1
474 37 1
474 41 1
474 45 1
474 58 1
474 68 1
474 69 1
474 71 1
474 89 1
474 94 1
474 104 1
474 115 1
474 123 1
474 152 1
474 186 1
474 197 1
474 236 1
474 271 1
474 286 1
474 290 1
474 299 1
474 348 1
474 371 1
474 506 1
474 624 1
474 695 1
474 765 1
474 844 1
474 879 1
474 932 1
474 942 1
474 1052 1
474 1063 1
474 1172 1
474 1293 1
474 1326 1
474 1345 1
474 1554 1
474 1561 1
474 2299 1
474 2517 1
474 2609 1
474 3750 1
474 4714 1
478 15 1
478 16 1
478 22 1
478 26 1
478 104 1
478 136 1
478 257 1
478 530 1
489 15 1
489 18 1
489 28 1
489 43 1
489 89 1
489 115 1
489 120 1
489 125 1
489 126 1
489 152 1
489 6376 1
494 15 1
494 16 1
494 26 1
494 28 1
494 489 1
506 2 1
506 12 1
506 15 1
506 28 1
506 34 1
506 58 1
506 104 1
506 120 1
506 123 1
506 125 1
506 231 1
506 299 1
506 456 1
506 474 1
506 529 1
506 695 1
506 733 1
506 735 1
506 1052 1
506 1131 1
506 4714 1
508 6 1
508 12 1
508 22 1
508 26 1
508 28 1
508 47 1
508 58 1
508 94 1
508 438 1
508 506 1
508 5921 1
514 6 1
514 15 1
514 18 1
514 28 1
514 34 1
514 37 1
514 45 1
514 71 1
514 89 1
514 123 1
514 290 1
514 307 1
514 371 1
514 438 1
514 474 1
514 526 1
514 903 1
514 5007 1
515 16 1
515 22 1
515 474 1
522 15 1
522 68 1
522 71 1
522 123 1
522 125 1
522 257 1
522 286 1
522 474 1
522 526 1
522 4827 1
526 2 1
526 8 1
526 16 1
526 18 1
526 19 1
526 26 1
526 37 1
526 45 1
526 46 1
526 47 1
526 89 1
526 104 1
526 123 1
526 125 1
526 136 1
526 190 1
526 207 1
526 257 1
526 286 1
526 302 1
526 312 1
526 371 1
526 474 1
526 508 1
526 685 1
526 844 1
526 932 1
526 1063 1
526 1289 1
526 1339 1
526 1341 1
529 15 1
529 16 1
529 19 1
529 26 1
529 37 1
529 42 1
529 58 1
529 72 1
529 120 1
529 294 1
529 340 1
529 725 1
529 5280 1
530 6 1
530 15 1
530 16 1
530 18 1
530 22 1
530 26 1
530 41 1
530 45 1
530 60 1
530 125 1
530 136 1
530 299 1
530 474 1
530 7419 1
532 6 1
532 18 1
532 22 1
532 115 1
532 136 1
532 197 1
532 312 1
533 15 1
533 26 1
533 71 1
540 15 1
540 16 1
540 18 1
540 22 1
540 45 1
540 124 1
540 280 1
540 2738 1
548 2 1
548 18 1
548 45 1
548 302 1
548 508 1
548 1052 1
561 2 1
561 6 1
561 18 1
561 22 1
561 26 1
561 34 1
561 37 1
561 45 1
561 71 1
561 115 1
561 126 1
561 147 1
561 152 1
561 197 1
561 212 1
561 231 1
561 245 1
561 286 1
561 369 1
561 443 1
561 474 1
561 506 1
561 522 1
561 548 1
561 624 1
561 704 1
561 879 1
561 1078 1
561 1172 1
561 1339 1
561 1659 1
561 2966 1
582 2 1
582 6 1
582 8 1
582 12 1
582 16 1
582 26 1
582 28 1
582 30 1
582 41 1
582 42 1
582 45 1
582 46 1
582 58 1
582 68 1
582 69 1
582 72 1
582 89 1
582 94 1
582 125 1
582 191 1
582 212 1
582 231 1
582 257 1
582 258 1
582 271 1
582 280 1
582 294 1
582 315 1
582 348 1
582 434 1
582 474 1
582 515 1
582 561 1
582 844 1
582 932 1
582 1052 1
582 1192 1
582 1339 1
582 2467 1
582 3166 1
582 3731 1
582 3815 1
582 6673 1
612 22 1
612 30 1
612 94 1
612 231 1
612 456 1
612 2674 1
623 15 1
623 299 1
623 624 1
624 12 1
624 15 1
624 16 1
624 22 1
624 30 1
624 37 1
624 71 1
624 72 1
624 94 1
624 115 1
624 123 1
624 125 1
624 197 1
624 290 1
624 294 1
624 358 1
624 434 1
624 456 1
624 1120 1
624 1276 1
624 1738 1
631 22 1
631 71 1
633 6 1
633 15 1
633 16 1
633 197 1
633 478 1
633 1559 1
653 16 1
653 94 1
653 115 1
653 123 1
653 236 1
653 271 1
653 290 1
653 312 1
653 340 1
653 438 1
653 561 1
653 803 1
653 1647 1
653 3481 1
653 5406 1
685 12 1
685 18 1
685 26 1
685 45 1
685 104 1
685 111 1
685 115 1
685 125 1
685 190 1
685 294 1
685 340 1
685 506 1
685 844 1
685 1131 1
685 1879 1
685 3552 1
685 4714 1
695 22 1
695 37 1
695 257 1
695 333 1
695 1955 1
704 6 1
704 9 1
704 22 1
714 16 1
714 624 1
718 26 1
725 2 1
725 15 1
725 18 1
725 26 1
725 42 1
725 58 1
725 68 1
725 72 1
725 89 1
725 104 1
725 115 1
725 125 1
725 236 1
725 307 1
725 371 1
725 456 1
725 474 1
725 561 1
725 903 1
725 1089 1
725 1131 1
725 1554 1
725 2592 1
733 37 1
733 89 1
733 111 1
733 280 1
733 299 1
733 371 1
733 443 1
735 6 1
735 15 1
735 30 1
735 68 1
735 69 1
735 92 1
735 123 1
735 315 1
735 443 1
735 561 1
735 695 1
735 1131 1
735 2554 1
765 15 1
765 16 1
765 18 1
765 37 1
765 94 1
765 123 1
765 197 1
765 290 1
801 15 1
801 18 1
801 68 1
801 120 1
801 123 1
801 286 1
801 294 1
801 474 1
801 508 1
801 561 1
801 653 1
801 854 1
801 1816 1
801 3877 1
803 2 1
803 16 1
803 18 1
803 26 1
803 37 1
803 41 1
803 474 1
803 888 1
803 1376 1
838 12 1
838 15 1
838 16 1
838 22 1
838 37 1
838 68 1
838 115 1
838 120 1
838 286 1
838 290 1
838 294 1
838 340 1
838 456 1
838 474 1
838 844 1
844 6 1
844 8 1
844 9 1
844 18 1
844 26 1
844 28 1
844 34 1
844 41 1
844 58 1
844 68 1
844 71 1
844 125 1
844 147 1
844 190 1
844 236 1
844 240 1
844 290 1
844 322 1
844 434 1
844 438 1
844 801 1
844 1052 1
844 1172 1
844 1879 1
844 1889 1
844 2517 1
844 4714 1
854 2 1
854 15 1
854 22 1
854 68 1
854 257 1
854 474 1
854 1166 1
854 1182 1
879 2 1
879 8 1
879 9 1
879 16 1
879 18 1
879 25 1
879 42 1
879 71 1
879 125 1
879 136 1
879 207 1
879 358 1
879 612 1
879 844 1
879 932 1
879 1089 1
879 1398 1
879 2299 1
881 12 1
881 15 1
881 71 1
881 312 1
881 320 1
886 22 1
886 28 1
888 15 1
888 18 1
888 19 1
888 22 1
888 68 1
888 71 1
888 136 1
888 438 1
892 22 1
892 46 1
892 72 1
892 561 1
903 15 1
903 18 1
903 22 1
903 115 1
903 190 1
903 290 1
903 312 1
903 438 1
908 12 1
908 15 1
908 16 1
908 22 1
908 26 1
908 68 1
908 290 1
908 294 1
908 474 1
908 522 1
908 879 1
922 22 1
932 18 1
932 34 1
932 41 1
932 69 1
932 104 1
932 111 1
932 115 1
932 125 1
932 312 1
932 1131 1
932 1172 1
932 7017 1
942 26 1
942 45 1
942 125 1
942 257 1
952 15 1
979 22 1
979 28 1
979 1376 1
1030 45 1
1030 120 1
1052 2 1
1052 8 1
1052 15 1
1052 18 1
1052 45 1
1052 47 1
1052 89 1
1052 94 1
1052 104 1
1052 115 1
1052 120 1
1052 123 1
1052 197 1
1052 236 1
1052 286 1
1052 932 1
1052 1172 1
1052 2308 1
1063 6 1
1063 12 1
1063 15 1
1063 18 1
1063 22 1
1063 26 1
1063 37 1
1063 46 1
1063 58 1
1063 69 1
1063 89 1
1063 94 1
1063 111 1
1063 120 1
1063 123 1
1063 231 1
1063 312 1
1063 526 1
1063 1052 1
1063 1354 1
1078 123 1
1078 7294 1
1085 16 1
1085 41 1
1085 89 1
1085 231 1
1085 1078 1
1085 3750 1
1089 6 1
1089 16 1
1089 22 1
1089 26 1
1089 68 1
1089 71 1
1089 72 1
1089 104 1
1089 125 1
1089 315 1
1089 844 1
1089 1289 1
1120 15 1
1120 18 1
1120 37 1
1120 42 1
1120 71 1
1120 115 1
1120 322 1
1120 474 1
1131 2 1
1131 6 1
1131 8 1
1131 12 1
1131 15 1
1131 26 1
1131 28 1
1131 42 1
1131 47 1
1131 71 1
1131 72 1
1131 94 1
1131 111 1
1131 125 1
1131 197 1
1131 245 1
1131 286 1
1131 299 1
1131 371 1
1131 398 1
1131 474 1
1131 932 1
1131 1167 1
1131 4065 1
1131 4644 1
1131 6703 1
1166 45 1
1166 197 1
1166 2048 1
1167 15 1
1167 37 1
1167 68 1
1167 120 1
1167 526 1
1167 1659 1
1172 15 1
1172 16 1
1172 28 1
1172 34 1
1172 37 1
1172 104 1
1172 190 1
1172 299 1
1172 371 1
1172 2197 1
1172 2490 1
1182 12 1
1182 16 1
1182 18 1
1182 257 1
1182 474 1
1188 2 1
1188 43 1
1188 46 1
1188 104 1
1188 5921 1
1192 2 1
1192 9 1
1192 12 1
1192 18 1
1192 22 1
1192 26 1
1192 37 1
1192 45 1
1192 89 1
1192 1355 1
1192 2467 1
1228 15 1
1228 16 1
1270 71 1
1276 12 1
1276 22 1
1276 26 1
1276 68 1
1276 72 1
1276 111 1
1276 120 1
1276 123 1
1276 196 1
1276 257 1
1276 371 1
1285 12 1
1285 45 1
1285 71 1
1285 548 1
1289 15 1
1289 22 1
1289 26 1
1289 37 1
1289 69 1
1289 94 1
1289 196 1
1289 312 1
1289 903 1
1289 1554 1
1293 8 1
1293 15 1
1293 71 1
1293 104 1
1293 124 1
1295 18 1
1295 26 1
1295 111 1
1314 22 1
1314 26 1
1314 3108 1
1326 18 1
1326 22 1
1326 72 1
1326 89 1
1326 290 1
1326 312 1
1326 624 1
1326 5406 1
1339 15 1
1339 18 1
1339 34 1
1339 47 1
1339 71 1
1339 104 1
1339 111 1
1339 136 1
1339 190 1
1339 474 1
1339 624 1
1339 2096 1
1339 6152 1
1341 6 1
1341 19 1
1341 72 1
1341 74 1
1341 89 1
1341 104 1
1341 197 1
1341 207 1
1341 280 1
1341 2866 1
1345 2 1
1345 41 1
1345 342 1
1345 1172 1
1354 15 1
1355 2 1
1355 6 1
1355 8 1
1355 22 1
1355 30 1
1355 37 1
1355 45 1
1355 111 1
1355 125 1
1355 854 1
1355 1659 1
1376 8 1
1376 18 1
1376 41 1
1376 47 1
1376 68 1
1376 89 1
1376 104 1
1376 115 1
1376 231 1
1376 257 1
1376 320 1
1376 438 1
1376 548 1
1376 1276 1
1398 8 1
1469 136 1
1510 6 1
1510 15 1
1510 22 1
1510 26 1
1510 28 1
1510 312 1
1510 340 1
1510 358 1
1510 932 1
1554 18 1
1554 58 1
1554 68 1
1554 89 1
1554 92 1
1554 104 1
1554 286 1
1554 530 1
1554 1131 1
1554 2609 1
1559 197 1
1559 312 1
1559 340 1
1559 371 1
1561 15 1
1561 22 1
1561 26 1
1561 111 1
1561 125 1
1561 714 1
1592 89 1
1592 104 1
1592 286 1
1603 22 1
1603 26 1
1617 12 1
1617 15 1
1617 18 1
1617 22 1
1617 26 1
1617 685 1
1647 16 1
1647 22 1
1659 6 1
1659 15 1
1659 16 1
1659 26 1
1659 28 1
1659 45 1
1659 58 1
1676 245 1
1720 15 1
1720 299 1
1738 18 1
1793 18 1
1793 26 1
1793 68 1
1793 120 1
1793 126 1
1816 22 1
1816 37 1
1816 72 1
1879 18 1
1879 26 1
1879 68 1
1879 903 1
1889 6 1
1889 15 1
1889 16 1
1889 28 1
1889 34 1
1889 94 1
1889 136 1
1889 152 1
1889 257 1
1889 735 1
1955 2 1
1955 34 1
1986 15 1
2040 115 1
2048 2 1
2048 15 1
2048 18 1
2048 26 1
2048 624 1
2048 733 1
2096 18 1
2096 37 1
2096 115 1
2096 1063 1
2140 15 1
2140 16 1
2140 68 1
2140 123 1
2140 207 1
2141 22 1
2182 26 1
2182 89 1
2197 15 1
2197 443 1
2197 844 1
2299 6 1
2299 15 1
2299 18 1
2299 22 1
2299 34 1
2299 152 1
2299 190 1
2299 801 1
2299 1078 1
2303 2 1
2303 6 1
2303 111 1
2303 312 1
2303 438 1
2303 903 1
2305 16 1
2308 2 1
2308 12 1
2308 18 1
2308 22 1
2308 26 1
2308 37 1
2308 89 1
2308 115 1
2308 123 1
2308 227 1
2308 1339 1
2343 72 1
2405 6 1
2405 22 1
2405 89 1
2405 123 1
2405 197 1
2405 1052 1
2462 22 1
2467 6 1
2467 15 1
2467 22 1
2467 478 1
2467 1293 1
2490 6 1
2490 15 1
2490 22 1
2490 236 1
2490 1341 1
2517 26 1
2554 15 1
2554 18 1
2554 26 1
2554 94 1
2554 136 1
2554 299 1
2554 340 1
2566 16 1
2573 26 1
2573 299 1
2573 2197 1
2592 18 1
2592 72 1
2592 633 1
2592 1052 1
2592 1355 1
2597 22 1
2609 6 1
2609 16 1
2609 26 1
2609 115 1
2609 1192 1
2612 15 1
2612 18 1
2653 340 1
2674 15 1
2674 18 1
2674 22 1
2674 104 1
2674 136 1
2674 801 1
2682 68 1
2682 337 1
2682 881 1
2738 15 1
2738 120 1
2738 280 1
2738 735 1
2763 26 1
2763 45 1
2763 71 1
2866 22 1
2866 42 1
2866 474 1
2966 94 1
2966 1469 1
3108 111 1
3108 124 1
3163 41 1
3163 207 1
3163 735 1
3166 15 1
3166 26 1
3166 1276 1
3261 16 1
3261 26 1
3261 45 1
3301 4094 1
3480 58 1
3552 15 1
3552 18 1
3552 22 1
3552 26 1
3552 530 1
3596 15 1
3596 16 1
3596 22 1
3596 26 1
3596 45 1
3606 18 1
3606 115 1
3607 530 1
3607 1182 1
3691 43 1
3691 46 1
3691 474 1
3731 6 1
3731 12 1
3731 18 1
3731 725 1
3750 6 1
3750 12 1
3750 15 1
3750 18 1
3750 26 1
3750 443 1
3750 1228 1
3750 1793 1
3815 16 1
3815 2303 1
3829 16 1
3857 15 1
3857 22 1
3857 42 1
3857 72 1
3877 12 1
3878 12 1
3878 22 1
3952 4102 1
3963 16 1
3963 22 1
3963 120 1
3963 1592 1
4065 18 1
4065 125 1
4094 46 1
4102 2 1
4102 22 1
4102 34 1
4102 42 1
4146 15 1
4146 18 1
4146 26 1
4146 46 1
4146 58 1
4166 125 1
4175 26 1
4176 18 1
4330 41 1
4402 22 1
4435 16 1
4437 46 1
4437 89 1
4549 15 1
4549 312 1
4549 456 1
4644 22 1
4644 294 1
4714 15 1
4714 22 1
4714 43 1
4714 58 1
4714 207 1
4714 1078 1
4818 16 1
4818 474 1
4820 22 1
4820 526 1
4827 72 1
4843 18 1
4843 125 1
4868 18 1
4868 45 1
4868 280 1
4877 548 1
5007 22 1
5039 111 1
5101 71 1
5280 42 1
5280 212 1
5340 2 1
5406 2 1
5406 15 1
5406 22 1
5406 26 1
5406 46 1
5406 89 1
5406 111 1
5406 227 1
5406 474 1
5406 1089 1
5409 18 1
5449 1172 1
5457 26 1
5480 26 1
5518 15 1
5518 358 1
5533 22 1
5533 37 1
5750 22 1
5921 12 1
5921 15 1
5921 18 1
5921 22 1
5921 104 1
5921 115 1
5921 290 1
5921 2197 1
5938 16 1
5938 45 1
5976 111 1
5987 46 1
6019 1276 1
6068 16 1
6152 26 1
6152 443 1
6152 1078 1
6226 18 1
6263 12 1
6263 94 1
6263 231 1
6263 257 1
6263 515 1
6362 16 1
6362 725 1
6376 22 1
6376 58 1
6381 280 1
6598 26 1
6660 68 1
6673 15 1
6673 26 1
6673 58 1
6703 45 1
7143 71 1
7143 111 1
7154 89 1
7294 18 1
7340 89 1
7419 94 1
7452 1339 1
7469 1089 1
7683 6 1
