2 6 1
2 22 1
2 26 1
2 28 1
2 42 1
2 45 1
2 46 1
2 68 1
2 69 1
2 89 1
2 91 1
2 123 1
2 125 1
2 126 1
2 147 1
2 271 1
2 290 1
2 302 1
2 312 1
2 315 1
2 340 1
2 438 1
2 474 1
2 514 1
2 526 1
2 612 1
2 725 1
2 854 1
2 903 1
2 942 1
2 1120 1
2 1172 1
2 1182 1
2 1188 1
2 1289 1
2 1339 1
2 1676 1
2 1720 1
2 2048 1
2 2467 1
2 2554 1
2 2674 1
2 3691 1
2 4065 1
2 5024 1
2 7143 1
6 2 1
6 8 1
6 12 1
6 15 1
6 16 1
6 18 1
6 19 1
6 25 1
6 34 1
6 41 1
6 42 1
6 45 1
6 58 1
6 68 1
6 71 1
6 72 1
6 94 1
6 111 1
6 115 1
6 125 1
6 126 1
6 136 1
6 147 1
6 190 1
6 196 1
6 197 1
6 207 1
6 226 1
6 231 1
6 236 1
6 257 1
6 290 1
6 299 1
6 320 1
6 358 1
6 398 1
6 456 1
6 474 1
6 494 1
6 515 1
6 526 1
6 529 1
6 530 1
6 561 1
6 582 1
6 624 1
6 633 1
6 735 1
6 803 1
6 844 1
6 888 1
6 1052 1
6 1063 1
6 1078 1
6 1120 1
6 1167 1
6 1192 1
6 1276 1
6 1295 1
6 1345 1
6 1376 1
6 2303 1
6 2405 1
6 2462 1
6 2674 1
6 3691 1
6 3750 1
6 4176 1
6 4714 1
6 4843 1
6 6598 1
8 6 1
8 15 1
8 16 1
8 22 1
8 24 1
8 26 1
8 28 1
8 46 1
8 58 1
8 68 1
8 69 1
8 71 1
8 89 1
8 104 1
8 124 1
8 125 1
8 190 1
8 257 1
8 286 1
8 371 1
8 529 1
8 1295 1
9 2 1
9 15 1
9 18 1
9 22 1
9 28 1
9 47 1
9 60 1
9 71 1
9 72 1
9 89 1
9 104 1
9 111 1
9 115 1
9 136 1
9 478 1
9 529 1
9 582 1
9 718 1
9 801 1
12 6 1
12 8 1
12 15 1
12 25 1
12 26 1
12 28 1
12 34 1
12 37 1
12 41 1
12 42 1
12 45 1
12 46 1
12 58 1
12 68 1
12 69 1
12 71 1
12 89 1
12 94 1
12 104 1
12 111 1
12 115 1
12 123 1
12 190 1
12 207 1
12 257 1
12 286 1
12 299 1
12 315 1
12 371 1
12 438 1
12 456 1
12 508 1
12 530 1
12 653 1
12 733 1
12 881 1
12 1085 1
12 1089 1
12 1131 1
12 1172 1
12 1228 1
12 1289 1
12 1355 1
12 2467 1
12 3301 1
12 4065 1
12 4102 1
15 2 1
15 6 1
15 8 1
15 18 1
15 19 1
15 28 1
15 37 1
15 41 1
15 42 1
15 46 1
15 71 1
15 92 1
15 94 1
15 111 1
15 125 1
15 139 1
15 147 1
15 190 1
15 197 1
15 212 1
15 236 1
15 245 1
15 280 1
15 290 1
15 312 1
15 315 1
15 348 1
15 358 1
15 371 1
15 434 1
15 435 1
15 438 1
15 443 1
15 474 1
15 515 1
15 530 1
15 533 1
15 540 1
15 561 1
15 582 1
15 624 1
15 653 1
15 704 1
15 765 1
15 844 1
15 886 1
15 903 1
15 979 1
15 1052 1
15 1063 1
15 1120 1
15 1167 1
15 1276 1
15 1293 1
15 1339 1
15 1376 1
15 1398 1
15 1659 1
15 2197 1
15 2303 1
15 2517 1
15 2674 1
15 2682 1
15 3108 1
15 3552 1
15 3750 1
15 5406 1
15 5921 1
15 6673 1
16 2 1
16 8 1
16 9 1
16 12 1
16 15 1
16 18 1
16 24 1
16 28 1
16 30 1
16 37 1
16 41 1
16 42 1
16 43 1
16 45 1
16 47 1
16 68 1
16 69 1
16 71 1
16 72 1
16 74 1
16 89 1
16 111 1
16 115 1
16 119 1
16 120 1
16 124 1
16 126 1
16 136 1
16 147 1
16 152 1
16 186 1
16 196 1
16 197 1
16 227 1
16 231 1
16 236 1
16 245 1
16 257 1
16 271 1
16 280 1
16 286 1
16 294 1
16 299 1
16 307 1
16 312 1
16 315 1
16 322 1
16 348 1
16 358 1
16 369 1
16 371 1
16 438 1
16 443 1
16 489 1
16 494 1
16 506 1
16 508 1
16 515 1
16 522 1
16 526 1
16 529 1
16 532 1
16 548 1
16 561 1
16 624 1
16 685 1
16 704 1
16 733 1
16 735 1
16 765 1
16 838 1
16 854 1
16 881 1
16 903 1
16 908 1
16 922 1
16 932 1
16 1052 1
16 1063 1
16 1085 1
16 1089 1
16 1120 1
16 1167 1
16 1172 1
16 1182 1
16 1188 1
16 1192 1
16 1293 1
16 1295 1
16 1336 1
16 1339 1
16 1354 1
16 1355 1
16 1376 1
16 1554 1
16 1561 1
16 1592 1
16 1647 1
16 1659 1
16 1793 1
16 1889 1
16 2197 1
16 2299 1
16 2303 1
16 2305 1
16 2308 1
16 2405 1
16 2462 1
16 2467 1
16 2592 1
16 2612 1
16 2653 1
16 2674 1
16 2866 1
16 3166 1
16 3261 1
16 3481 1
16 3552 1
16 3731 1
16 3815 1
16 3877 1
16 4094 1
16 4102 1
16 4146 1
16 4402 1
16 4435 1
16 4714 1
16 4827 1
16 4843 1
16 5007 1
16 5024 1
16 5457 1
16 5518 1
16 5533 1
16 6376 1
16 6660 1
16 6673 1
16 7340 1
16 7469 1
18 2 1
18 6 1
18 8 1
18 12 1
18 15 1
18 22 1
18 25 1
18 26 1
18 28 1
18 30 1
18 37 1
18 41 1
18 42 1
18 43 1
18 46 1
18 58 1
18 60 1
18 68 1
18 71 1
18 72 1
18 89 1
18 91 1
18 92 1
18 104 1
18 111 1
18 115 1
18 120 1
18 124 1
18 125 1
18 126 1
18 136 1
18 147 1
18 152 1
18 186 1
18 190 1
18 227 1
18 231 1
18 236 1
18 240 1
18 245 1
18 257 1
18 271 1
18 280 1
18 290 1
18 299 1
18 312 1
18 315 1
18 322 1
18 337 1
18 340 1
18 342 1
18 348 1
18 358 1
18 371 1
18 435 1
18 438 1
18 443 1
18 456 1
18 474 1
18 506 1
18 514 1
18 515 1
18 526 1
18 529 1
18 530 1
18 533 1
18 548 1
18 561 1
18 704 1
18 725 1
18 733 1
18 735 1
18 765 1
18 801 1
18 838 1
18 854 1
18 881 1
18 888 1
18 903 1
18 908 1
18 942 1
18 1052 1
18 1063 1
18 1131 1
18 1172 1
18 1182 1
18 1192 1
18 1276 1
18 1289 1
18 1293 1
18 1326 1
18 1339 1
18 1354 1
18 1510 1
18 1561 1
18 1592 1
18 1659 1
18 1955 1
18 2048 1
18 2096 1
18 2299 1
18 2343 1
18 2462 1
18 2609 1
18 2674 1
18 2966 1
18 3301 1
18 3552 1
18 3731 1
18 3878 1
18 3952 1
18 3963 1
18 4818 1
18 5039 1
18 5921 1
18 5987 1
19 12 1
19 15 1
19 16 1
19 22 1
19 139 1
19 294 1
22 2 1
22 6 1
22 12 1
22 15 1
22 16 1
22 18 1
22 19 1
22 24 1
22 25 1
22 26 1
22 28 1
22 30 1
22 33 1
22 37 1
22 41 1
22 45 1
22 46 1
22 47 1
22 58 1
22 60 1
22 69 1
22 72 1
22 74 1
22 89 1
22 104 1
22 111 1
22 115 1
22 119 1
22 120 1
22 123 1
22 125 1
22 126 1
22 136 1
22 152 1
22 186 1
22 190 1
22 207 1
22 226 1
22 227 1
22 231 1
22 245 1
22 257 1
22 258 1
22 280 1
22 286 1
22 290 1
22 294 1
22 299 1
22 312 1
22 315 1
22 320 1
22 322 1
22 337 1
22 340 1
22 342 1
22 348 1
22 358 1
22 369 1
22 371 1
22 435 1
22 443 1
22 456 1
22 478 1
22 489 1
22 494 1
22 506 1
22 508 1
22 515 1
22 522 1
22 529 1
22 530 1
22 548 1
22 561 1
22 623 1
22 685 1
22 704 1
22 714 1
22 735 1
22 844 1
22 854 1
22 879 1
22 888 1
22 903 1
22 922 1
22 932 1
22 1052 1
22 1063 1
22 1085 1
22 1089 1
22 1131 1
22 1166 1
22 1167 1
22 1188 1
22 1276 1
22 1285 1
22 1289 1
22 1339 1
22 1355 1
22 1469 1
22 1554 1
22 1559 1
22 1561 1
22 1592 1
22 1603 1
22 1617 1
22 1659 1
22 1738 1
22 1793 1
22 1879 1
22 1889 1
22 1986 1
22 2048 1
22 2096 1
22 2203 1
22 2299 1
22 2303 1
22 2308 1
22 2343 1
22 2405 1
22 2462 1
22 2467 1
22 2517 1
22 2554 1
22 2566 1
22 2612 1
22 3108 1
22 3261 1
22 3301 1
22 3552 1
22 3606 1
22 3691 1
22 3829 1
22 3963 1
22 4065 1
22 4094 1
22 4102 1
22 4146 1
22 4269 1
22 4330 1
22 4437 1
22 4515 1
22 4549 1
22 4714 1
22 5024 1
22 5039 1
22 5227 1
22 5406 1
22 5449 1
22 5750 1
22 5938 1
22 6226 1
22 6263 1
22 6376 1
22 6703 1
22 7452 1
24 2 1
24 9 1
24 15 1
24 72 1
24 89 1
24 245 1
24 1276 1
24 1554 1
25 2 1
25 6 1
25 16 1
25 18 1
25 26 1
25 41 1
25 45 1
25 69 1
25 71 1
25 89 1
25 94 1
25 104 1
25 124 1
25 147 1
25 280 1
25 735 1
25 1063 1
25 5518 1
26 2 1
26 6 1
26 8 1
26 12 1
26 15 1
26 16 1
26 28 1
26 30 1
26 34 1
26 37 1
26 41 1
26 43 1
26 46 1
26 58 1
26 68 1
26 69 1
26 71 1
26 89 1
26 92 1
26 115 1
26 123 1
26 124 1
26 125 1
26 126 1
26 190 1
26 191 1
26 197 1
26 207 1
26 212 1
26 236 1
26 290 1
26 299 1
26 302 1
26 312 1
26 315 1
26 340 1
26 342 1
26 434 1
26 456 1
26 522 1
26 526 1
26 529 1
26 530 1
26 612 1
26 624 1
26 633 1
26 765 1
26 803 1
26 844 1
26 908 1
26 942 1
26 1052 1
26 1063 1
26 1085 1
26 1089 1
26 1172 1
26 1276 1
26 1339 1
26 1341 1
26 1398 1
26 1592 1
26 1659 1
26 1955 1
26 2197 1
26 2405 1
26 2517 1
26 2554 1
26 2609 1
26 2738 1
26 3261 1
26 3480 1
26 3607 1
26 3857 1
26 3952 1
26 4094 1
26 4330 1
26 4402 1
26 4644 1
26 4714 1
26 6068 1
26 7683 1
28 2 1
28 6 1
28 9 1
28 12 1
28 15 1
28 18 1
28 25 1
28 30 1
28 34 1
28 37 1
28 41 1
28 42 1
28 45 1
28 46 1
28 58 1
28 68 1
28 71 1
28 72 1
28 89 1
28 94 1
28 104 1
28 115 1
28 119 1
28 120 1
28 124 1
28 125 1
28 133 1
28 147 1
28 190 1
28 196 1
28 207 1
28 212 1
28 231 1
28 236 1
28 240 1
28 257 1
28 280 1
28 286 1
28 290 1
28 299 1
28 302 1
28 307 1
28 312 1
28 340 1
28 371 1
28 434 1
28 443 1
28 478 1
28 506 1
28 508 1
28 514 1
28 526 1
28 530 1
28 548 1
28 612 1
28 624 1
28 695 1
28 765 1
28 838 1
28 854 1
28 892 1
28 932 1
28 1052 1
28 1131 1
28 1166 1
28 1293 1
28 1295 1
28 1314 1
28 1339 1
28 1341 1
28 1376 1
28 1398 1
28 1720 1
28 1889 1
28 2141 1
28 2308 1
28 2763 1
28 4644 1
28 4714 1
28 5406 1
28 6381 1
28 7017 1
28 7294 1
30 15 1
30 16 1
30 19 1
30 22 1
30 26 1
30 41 1
30 42 1
30 45 1
30 47 1
30 60 1
30 68 1
30 71 1
30 72 1
30 92 1
30 104 1
30 119 1
30 125 1
30 136 1
30 147 1
30 226 1
30 240 1
30 280 1
30 286 1
30 294 1
30 312 1
30 342 1
30 369 1
30 371 1
30 443 1
30 474 1
30 489 1
30 514 1
30 530 1
30 624 1
30 633 1
30 803 1
30 854 1
30 903 1
30 932 1
30 1030 1
30 1052 1
30 1078 1
30 1120 1
30 1172 1
30 1326 1
30 1345 1
30 1659 1
30 2048 1
30 2763 1
30 4146 1
30 4714 1
33 16 1
33 37 1
34 2 1
34 9 1
34 12 1
34 15 1
34 16 1
34 22 1
34 25 1
34 37 1
34 58 1
34 71 1
34 72 1
34 111 1
34 115 1
34 123 1
34 125 1
34 136 1
34 147 1
34 207 1
34 212 1
34 227 1
34 236 1
34 257 1
34 258 1
34 280 1
34 286 1
34 294 1
34 312 1
34 315 1
34 348 1
34 443 1
34 508 1
34 522 1
34 526 1
34 530 1
34 714 1
34 733 1
34 735 1
34 838 1
34 1326 1
34 1376 1
34 2467 1
34 2966 1
34 5750 1
37 2 1
37 8 1
37 12 1
37 15 1
37 16 1
37 18 1
37 19 1
37 22 1
37 26 1
37 28 1
37 30 1
37 41 1
37 42 1
37 43 1
37 45 1
37 58 1
37 68 1
37 69 1
37 71 1
37 89 1
37 92 1
37 94 1
37 99 1
37 104 1
37 125 1
37 152 1
37 257 1
37 271 1
37 286 1
37 290 1
37 299 1
37 438 1
37 506 1
37 561 1
37 623 1
37 733 1
37 735 1
37 765 1
37 838 1
37 854 1
37 903 1
37 932 1
37 1063 1
37 1172 1
37 1376 1
37 2609 1
37 2866 1
37 3552 1
37 4435 1
41 2 1
41 6 1
41 15 1
41 16 1
41 25 1
41 26 1
41 28 1
41 68 1
41 89 1
41 92 1
41 104 1
41 120 1
41 123 1
41 190 1
41 231 1
41 302 1
41 312 1
41 333 1
41 348 1
41 530 1
41 548 1
41 733 1
41 1167 1
41 1276 1
41 1289 1
41 1376 1
41 1554 1
41 2299 1
41 2462 1
41 3691 1
41 5406 1
42 2 1
42 6 1
42 18 1
42 22 1
42 26 1
42 34 1
42 41 1
42 47 1
42 71 1
42 74 1
42 94 1
42 104 1
42 115 1
42 120 1
42 139 1
42 191 1
42 271 1
42 280 1
42 286 1
42 358 1
42 474 1
42 952 1
42 1131 1
42 1285 1
42 4714 1
42 6376 1
43 6 1
43 9 1
43 15 1
43 16 1
43 22 1
43 26 1
43 45 1
43 46 1
43 68 1
43 69 1
43 71 1
43 89 1
43 104 1
43 120 1
43 123 1
43 136 1
43 186 1
43 190 1
43 240 1
43 294 1
43 333 1
43 340 1
43 435 1
43 438 1
43 489 1
43 561 1
43 623 1
43 1089 1
43 1120 1
43 1192 1
43 1341 1
43 2738 1
43 4402 1
45 6 1
45 15 1
45 22 1
45 26 1
45 28 1
45 30 1
45 34 1
45 37 1
45 42 1
45 46 1
45 68 1
45 72 1
45 94 1
45 111 1
45 115 1
45 125 1
45 126 1
45 147 1
45 196 1
45 197 1
45 212 1
45 236 1
45 240 1
45 245 1
45 258 1
45 280 1
45 286 1
45 294 1
45 299 1
45 312 1
45 315 1
45 322 1
45 333 1
45 371 1
45 438 1
45 443 1
45 474 1
45 522 1
45 526 1
45 548 1
45 561 1
45 695 1
45 801 1
45 903 1
45 932 1
45 1089 1
45 1131 1
45 1172 1
45 1295 1
45 1339 1
45 1341 1
45 1355 1
45 1469 1
45 1510 1
45 1816 1
45 2554 1
45 2866 1
45 3375 1
45 4065 1
45 5976 1
45 7141 1
46 2 1
46 12 1
46 15 1
46 18 1
46 19 1
46 24 1
46 26 1
46 45 1
46 69 1
46 72 1
46 89 1
46 92 1
46 111 1
46 115 1
46 190 1
46 197 1
46 207 1
46 257 1
46 286 1
46 290 1
46 299 1
46 322 1
46 337 1
46 340 1
46 474 1
46 489 1
46 886 1
46 892 1
46 932 1
46 1063 1
46 1078 1
46 1085 1
46 1167 1
46 1172 1
46 1188 1
46 1659 1
46 2517 1
46 3166 1
46 3261 1
46 3552 1
46 4843 1
46 5406 1
46 7143 1
47 8 1
47 12 1
47 26 1
47 37 1
47 43 1
47 94 1
47 307 1
47 333 1
47 561 1
47 695 1
47 1131 1
47 1326 1
47 7419 1
58 2 1
58 15 1
58 16 1
58 26 1
58 34 1
58 37 1
58 42 1
58 43 1
58 46 1
58 47 1
58 68 1
58 69 1
58 71 1
58 89 1
58 111 1
58 120 1
58 136 1
58 147 1
58 152 1
58 231 1
58 236 1
58 257 1
58 258 1
58 280 1
58 286 1
58 315 1
58 322 1
58 340 1
58 358 1
58 371 1
58 438 1
58 474 1
58 489 1
58 548 1
58 561 1
58 624 1
58 844 1
58 854 1
58 886 1
58 888 1
58 903 1
58 1063 1
58 1167 1
58 1172 1
58 1293 1
58 1314 1
58 1326 1
58 1345 1
58 1376 1
58 1889 1
58 1955 1
58 2299 1
58 2303 1
58 2966 1
58 3750 1
58 4146 1
58 6362 1
60 2 1
60 9 1
60 16 1
60 22 1
60 26 1
60 37 1
60 42 1
60 47 1
60 71 1
60 89 1
60 104 1
60 312 1
60 582 1
68 2 1
68 9 1
68 12 1
68 15 1
68 18 1
68 26 1
68 34 1
68 37 1
68 45 1
68 46 1
68 47 1
68 58 1
68 71 1
68 72 1
68 74 1
68 94 1
68 104 1
68 111 1
68 115 1
68 120 1
68 124 1
68 125 1
68 126 1
68 197 1
68 207 1
68 231 1
68 258 1
68 271 1
68 286 1
68 290 1
68 294 1
68 337 1
68 340 1
68 342 1
68 438 1
68 456 1
68 474 1
68 508 1
68 530 1
68 532 1
68 561 1
68 624 1
68 718 1
68 844 1
68 879 1
68 922 1
68 1063 1
68 1131 1
68 1172 1
68 1182 1
68 1289 1
68 1326 1
68 1355 1
68 1376 1
68 1398 1
68 1659 1
68 1889 1
68 2197 1
68 2467 1
68 2738 1
68 3552 1
68 4175 1
68 4820 1
68 6152 1
68 6376 1
68 6703 1
69 15 1
69 26 1
69 33 1
69 45 1
69 120 1
69 286 1
69 290 1
69 294 1
69 478 1
69 1063 1
69 2517 1
69 2612 1
71 2 1
71 8 1
71 18 1
71 22 1
71 26 1
71 37 1
71 41 1
71 45 1
71 58 1
71 69 1
71 72 1
71 74 1
71 92 1
71 94 1
71 99 1
71 104 1
71 111 1
71 115 1
71 120 1
71 147 1
71 152 1
71 186 1
71 236 1
71 258 1
71 271 1
71 280 1
71 294 1
71 299 1
71 312 1
71 371 1
71 456 1
71 474 1
71 506 1
71 508 1
71 515 1
71 532 1
71 624 1
71 733 1
71 765 1
71 879 1
71 908 1
71 932 1
71 1063 1
71 1078 1
71 1120 1
71 1172 1
71 1289 1
71 1314 1
71 1554 1
71 1561 1
71 2197 1
71 2405 1
71 4094 1
71 4437 1
71 4714 1
71 5280 1
71 7419 1
72 2 1
72 12 1
72 15 1
72 16 1
72 18 1
72 26 1
72 74 1
72 89 1
72 111 1
72 115 1
72 136 1
72 147 1
72 191 1
72 212 1
72 240 1
72 271 1
72 302 1
72 456 1
72 474 1
72 478 1
72 725 1
72 735 1
72 1078 1
72 1172 1
72 1955 1
72 3750 1
72 4330 1
74 2 1
74 15 1
74 18 1
74 34 1
74 104 1
74 123 1
74 435 1
74 443 1
83 2 1
83 8 1
83 12 1
83 15 1
83 18 1
83 22 1
83 26 1
83 58 1
83 89 1
83 111 1
83 257 1
83 478 1
83 526 1
83 844 1
83 886 1
83 2182 1
83 4714 1
83 5921 1
89 6 1
89 15 1
89 16 1
89 22 1
89 26 1
89 30 1
89 34 1
89 37 1
89 41 1
89 46 1
89 47 1
89 68 1
89 71 1
89 74 1
89 111 1
89 123 1
89 125 1
89 147 1
89 152 1
89 190 1
89 197 1
89 212 1
89 236 1
89 240 1
89 245 1
89 271 1
89 286 1
89 290 1
89 294 1
89 307 1
89 312 1
89 315 1
89 320 1
89 348 1
89 438 1
89 443 1
89 456 1
89 478 1
89 508 1
89 514 1
89 532 1
89 733 1
89 765 1
89 844 1
89 881 1
89 888 1
89 908 1
89 932 1
89 1166 1
89 1172 1
89 1182 1
89 1314 1
89 1339 1
89 1345 1
89 1376 1
89 2308 1
89 2517 1
89 3552 1
89 4330 1
89 4714 1
89 5921 1
91 26 1
91 115 1
91 299 1
91 540 1
92 16 1
92 18 1
92 22 1
92 25 1
92 26 1
92 37 1
92 89 1
92 94 1
92 111 1
92 119 1
92 120 1
92 123 1
92 124 1
92 197 1
92 231 1
92 236 1
92 240 1
92 286 1
92 294 1
92 506 1
92 844 1
92 1167 1
92 1691 1
92 5518 1
94 2 1
94 8 1
94 12 1
94 15 1
94 16 1
94 18 1
94 22 1
94 26 1
94 28 1
94 30 1
94 37 1
94 41 1
94 42 1
94 45 1
94 60 1
94 68 1
94 72 1
94 89 1
94 115 1
94 147 1
94 245 1
94 290 1
94 299 1
94 315 1
94 340 1
94 358 1
94 434 1
94 438 1
94 456 1
94 474 1
94 508 1
94 530 1
94 704 1
94 733 1
94 765 1
94 881 1
94 908 1
94 932 1
94 1052 1
94 1172 1
94 1339 1
94 1355 1
94 1720 1
94 2096 1
94 2653 1
94 3261 1
94 4868 1
94 5280 1
99 2 1
99 6 1
99 15 1
99 22 1
99 26 1
99 30 1
99 34 1
99 68 1
99 89 1
99 94 1
99 111 1
99 115 1
99 152 1
99 207 1
99 231 1
99 312 1
99 337 1
99 438 1
99 506 1
99 532 1
99 561 1
99 733 1
99 844 1
99 854 1
99 1078 1
99 2308 1
99 3481 1
99 6263 1
104 2 1
104 6 1
104 15 1
104 18 1
104 26 1
104 28 1
104 30 1
104 37 1
104 41 1
104 45 1
104 46 1
104 47 1
104 89 1
104 125 1
104 207 1
104 212 1
104 236 1
104 245 1
104 257 1
104 258 1
104 280 1
104 299 1
104 333 1
104 337 1
104 340 1
104 348 1
104 358 1
104 371 1
104 438 1
104 456 1
104 489 1
104 522 1
104 529 1
104 532 1
104 612 1
104 631 1
104 685 1
104 725 1
104 735 1
104 801 1
104 932 1
104 1052 1
104 1063 1
104 1131 1
104 1289 1
104 1293 1
104 1345 1
104 1554 1
104 1561 1
104 3950 1
104 3963 1
104 4843 1
111 2 1
111 6 1
111 15 1
111 16 1
111 18 1
111 22 1
111 26 1
111 30 1
111 37 1
111 42 1
111 45 1
111 46 1
111 47 1
111 68 1
111 71 1
111 72 1
111 104 1
111 120 1
111 123 1
111 125 1
111 190 1
111 207 1
111 227 1
111 231 1
111 245 1
111 271 1
111 280 1
111 290 1
111 312 1
111 358 1
111 434 1
111 456 1
111 474 1
111 522 1
111 526 1
111 533 1
111 624 1
111 695 1
111 735 1
111 908 1
111 1052 1
111 1182 1
111 1314 1
111 1326 1
111 1341 1
111 1510 1
111 3607 1
111 4269 1
111 5406 1
115 2 1
115 6 1
115 15 1
115 25 1
115 28 1
115 30 1
115 37 1
115 41 1
115 43 1
115 46 1
115 58 1
115 74 1
115 83 1
115 89 1
115 111 1
115 123 1
115 125 1
115 136 1
115 152 1
115 190 1
115 197 1
115 227 1
115 231 1
115 240 1
115 286 1
115 320 1
115 333 1
115 340 1
115 348 1
115 371 1
115 443 1
115 456 1
115 506 1
115 508 1
115 514 1
115 530 1
115 623 1
115 624 1
115 735 1
115 803 1
115 932 1
115 1089 1
115 1131 1
115 1172 1
115 1285 1
115 1879 1
115 2299 1
115 2554 1
115 4827 1
115 5227 1
115 5406 1
115 6226 1
115 6673 1
119 2 1
119 6 1
119 8 1
119 9 1
119 12 1
119 15 1
119 22 1
119 26 1
119 28 1
119 42 1
119 43 1
119 58 1
119 71 1
119 72 1
119 74 1
119 89 1
119 115 1
119 125 1
119 147 1
119 190 1
119 197 1
119 207 1
119 231 1
119 236 1
119 257 1
119 271 1
119 294 1
119 299 1
119 302 1
119 307 1
119 337 1
119 348 1
119 358 1
119 474 1
119 478 1
119 514 1
119 561 1
119 582 1
119 612 1
119 631 1
119 633 1
119 725 1
119 735 1
119 844 1
119 879 1
119 903 1
119 932 1
119 942 1
119 1063 1
119 1289 1
119 1339 1
119 1341 1
119 2299 1
119 2303 1
119 2305 1
119 2462 1
119 2674 1
119 3952 1
119 4435 1
119 4818 1
119 5533 1
120 2 1
120 6 1
120 9 1
120 15 1
120 16 1
120 26 1
120 28 1
120 30 1
120 34 1
120 47 1
120 72 1
120 94 1
120 115 1
120 186 1
120 197 1
120 231 1
120 245 1
120 271 1
120 312 1
120 333 1
120 348 1
120 369 1
120 371 1
120 434 1
120 530 1
120 695 1
120 844 1
120 1131 1
120 1172 1
120 1192 1
120 1276 1
120 1293 1
120 2405 1
120 2462 1
120 2490 1
120 4643 1
123 2 1
123 6 1
123 15 1
123 16 1
123 18 1
123 22 1
123 26 1
123 28 1
123 34 1
123 41 1
123 45 1
123 58 1
123 68 1
123 69 1
123 72 1
123 83 1
123 89 1
123 92 1
123 94 1
123 104 1
123 111 1
123 115 1
123 120 1
123 124 1
123 125 1
123 139 1
123 190 1
123 207 1
123 212 1
123 257 1
123 258 1
123 271 1
123 286 1
123 290 1
123 299 1
123 320 1
123 333 1
123 337 1
123 358 1
123 371 1
123 434 1
123 438 1
123 443 1
123 474 1
123 494 1
123 514 1
123 526 1
123 561 1
123 624 1
123 695 1
123 725 1
123 733 1
123 735 1
123 801 1
123 803 1
123 908 1
123 932 1
123 1052 1
123 1085 1
123 1120 1
123 1131 1
123 1192 1
123 1341 1
123 1345 1
123 1354 1
123 1355 1
123 1510 1
123 1554 1
123 1659 1
123 1676 1
123 1879 1
123 1889 1
123 2405 1
123 2674 1
123 2738 1
123 3166 1
123 3607 1
123 3691 1
123 4102 1
123 5921 1
123 6263 1
124 6 1
124 15 1
124 18 1
124 22 1
124 26 1
124 34 1
124 69 1
124 71 1
124 72 1
124 104 1
124 120 1
124 258 1
124 290 1
124 369 1
124 435 1
124 515 1
124 540 1
124 725 1
124 881 1
124 1793 1
124 2040 1
125 2 1
125 15 1
125 16 1
125 18 1
125 22 1
125 26 1
125 28 1
125 37 1
125 60 1
125 71 1
125 72 1
125 89 1
125 94 1
125 111 1
125 115 1
125 120 1
125 136 1
125 207 1
125 258 1
125 271 1
125 290 1
125 299 1
125 358 1
125 438 1
125 561 1
125 801 1
125 844 1
125 1063 1
125 1293 1
125 1326 1
125 1339 1
125 1816 1
125 1889 1
125 1955 1
125 2554 1
125 3375 1
126 12 1
126 18 1
126 45 1
126 68 1
126 89 1
126 125 1
126 197 1
126 299 1
126 320 1
126 1659 1
126 3166 1
126 4330 1
133 844 1
133 1554 1
136 2 1
136 25 1
136 26 1
136 37 1
136 42 1
136 46 1
136 68 1
136 71 1
136 89 1
136 125 1
136 190 1
136 231 1
136 320 1
136 337 1
136 456 1
136 506 1
136 530 1
136 561 1
136 1078 1
136 1131 1
136 1188 1
136 1339 1
136 1376 1
136 3552 1
139 16 1
139 18 1
139 22 1
139 26 1
139 30 1
139 37 1
139 41 1
139 71 1
139 115 1
139 286 1
139 299 1
139 340 1
139 653 1
139 942 1
139 1063 1
147 6 1
147 12 1
147 22 1
147 45 1
147 92 1
147 123 1
147 236 1
147 257 1
147 348 1
152 6 1
152 15 1
152 18 1
152 28 1
152 30 1
152 71 1
152 125 1
152 443 1
152 474 1
152 979 1
152 1052 1
152 1339 1
152 1879 1
186 6 1
186 8 1
186 26 1
186 68 1
186 89 1
186 115 1
186 371 1
186 506 1
186 533 1
190 6 1
190 15 1
190 16 1
190 30 1
190 37 1
190 42 1
190 45 1
190 46 1
190 68 1
190 71 1
190 94 1
190 104 1
190 120 1
190 124 1
190 125 1
190 257 1
190 290 1
190 312 1
190 322 1
190 358 1
190 438 1
190 508 1
190 838 1
190 979 1
190 1052 1
190 1078 1
190 1355 1
190 2140 1
190 3877 1
191 8 1
191 12 1
191 28 1
191 123 1
196 12 1
196 28 1
197 8 1
197 12 1
197 18 1
197 37 1
197 41 1
197 71 1
197 124 1
197 190 1
197 280 1
197 294 1
197 369 1
197 532 1
197 561 1
197 1172 1
207 6 1
207 16 1
207 18 1
207 22 1
207 69 1
207 71 1
207 89 1
207 111 1
207 212 1
207 286 1
207 299 1
207 312 1
207 348 1
207 474 1
207 489 1
207 532 1
207 1172 1
207 1339 1
207 1345 1
207 1659 1
212 2 1
212 6 1
212 15 1
212 18 1
212 22 1
212 26 1
212 47 1
212 58 1
212 68 1
212 71 1
212 115 1
212 120 1
212 125 1
212 147 1
212 231 1
212 290 1
212 530 1
212 844 1
212 1063 1
212 1078 1
212 1089 1
212 1131 1
212 1659 1
212 3691 1
212 3750 1
212 7419 1
226 89 1
226 94 1
226 111 1
227 15 1
227 18 1
227 26 1
227 37 1
227 45 1
227 68 1
231 15 1
231 18 1
231 22 1
231 26 1
231 30 1
231 42 1
231 45 1
231 46 1
231 69 1
231 92 1
231 94 1
231 136 1
231 197 1
231 286 1
231 294 1
231 312 1
231 315 1
231 361 1
231 514 1
231 522 1
231 725 1
231 1089 1
231 1131 1
231 1289 1
231 1355 1
236 12 1
236 15 1
236 16 1
236 18 1
236 22 1
236 26 1
236 28 1
236 30 1
236 34 1
236 41 1
236 45 1
236 68 1
236 71 1
236 72 1
236 89 1
236 94 1
236 104 1
236 115 1
236 120 1
236 147 1
236 197 1
236 207 1
236 245 1
236 307 1
236 438 1
236 514 1
236 803 1
236 1052 1
236 1131 1
236 2308 1
236 5533 1
240 6 1
240 18 1
240 22 1
240 37 1
240 68 1
240 71 1
240 315 1
241 68 1
245 9 1
245 15 1
245 16 1
245 22 1
245 26 1
245 33 1
245 41 1
245 46 1
245 68 1
245 69 1
245 119 1
245 123 1
245 152 1
245 241 1
245 299 1
245 371 1
245 438 1
245 456 1
245 474 1
245 506 1
245 529 1
245 735 1
245 1078 1
245 1131 1
245 1289 1
245 1341 1
245 1592 1
257 2 1
257 6 1
257 15 1
257 18 1
257 19 1
257 22 1
257 26 1
257 34 1
257 42 1
257 45 1
257 71 1
257 94 1
257 104 1
257 115 1
257 126 1
257 147 1
257 186 1
257 207 1
257 227 1
257 231 1
257 280 1
257 294 1
257 299 1
257 315 1
257 361 1
257 489 1
257 526 1
257 624 1
257 735 1
257 879 1
257 932 1
257 1078 1
257 1089 1
257 1167 1
257 1295 1
257 1339 1
257 1376 1
257 1554 1
257 1592 1
257 2299 1
257 2554 1
257 2738 1
257 3596 1
257 4549 1
258 18 1
258 22 1
258 26 1
258 30 1
258 89 1
258 115 1
258 123 1
258 147 1
258 227 1
258 286 1
258 290 1
258 533 1
258 932 1
258 1172 1
271 15 1
271 19 1
271 26 1
271 69 1
271 94 1
271 115 1
271 290 1
271 294 1
271 333 1
271 474 1
271 735 1
280 12 1
280 72 1
280 123 1
280 136 1
286 6 1
286 15 1
286 16 1
286 18 1
286 26 1
286 37 1
286 47 1
286 60 1
286 71 1
286 94 1
286 104 1
286 111 1
286 119 1
286 120 1
286 125 1
286 136 1
286 147 1
286 152 1
286 190 1
286 196 1
286 280 1
286 290 1
286 358 1
286 371 1
286 398 1
286 438 1
286 456 1
286 494 1
286 508 1
286 514 1
286 526 1
286 633 1
286 653 1
286 704 1
286 844 1
286 1167 1
286 1192 1
286 1295 1
286 1326 1
286 1339 1
286 1376 1
286 1554 1
286 2405 1
286 3750 1
286 4714 1
286 5280 1
290 6 1
290 8 1
290 15 1
290 16 1
290 22 1
290 25 1
290 28 1
290 34 1
290 89 1
290 94 1
290 104 1
290 111 1
290 115 1
290 123 1
290 147 1
290 190 1
290 207 1
290 257 1
290 280 1
290 312 1
290 529 1
290 561 1
290 631 1
290 695 1
290 735 1
290 844 1
290 881 1
290 903 1
290 908 1
290 1052 1
290 1276 1
290 1339 1
290 1376 1
290 1659 1
290 2554 1
290 3163 1
290 3731 1
290 4714 1
294 2 1
294 6 1
294 12 1
294 15 1
294 18 1
294 34 1
294 37 1
294 42 1
294 46 1
294 68 1
294 92 1
294 104 1
294 111 1
294 120 1
294 136 1
294 307 1
294 340 1
294 443 1
294 474 1
294 624 1
294 854 1
294 932 1
294 1052 1
294 1063 1
294 1089 1
294 1647 1
294 1738 1
294 5406 1
299 6 1
299 18 1
299 22 1
299 24 1
299 34 1
299 37 1
299 41 1
299 46 1
299 58 1
299 68 1
299 69 1
299 89 1
299 111 1
299 115 1
299 125 1
299 257 1
299 290 1
299 302 1
299 312 1
299 443 1
299 474 1
299 526 1
299 695 1
299 844 1
299 1052 1
299 1289 1
299 1339 1
299 2609 1
299 6376 1
302 2 1
302 6 1
302 15 1
302 16 1
302 18 1
302 26 1
302 37 1
302 41 1
302 46 1
302 72 1
302 89 1
302 94 1
302 111 1
302 120 1
302 136 1
302 197 1
302 236 1
302 245 1
302 257 1
302 271 1
302 286 1
302 320 1
302 333 1
302 340 1
302 358 1
302 371 1
302 443 1
302 474 1
302 735 1
302 1131 1
302 1188 1
302 1617 1
302 5750 1
307 2 1
307 8 1
307 12 1
307 15 1
307 18 1
307 22 1
307 26 1
307 42 1
307 45 1
307 68 1
307 104 1
307 115 1
307 120 1
307 125 1
307 245 1
307 271 1
307 434 1
307 903 1
307 979 1
307 1336 1
307 1376 1
307 1559 1
307 1659 1
307 7154 1
312 6 1
312 8 1
312 15 1
312 18 1
312 26 1
312 28 1
312 34 1
312 41 1
312 46 1
312 58 1
312 69 1
312 71 1
312 115 1
312 190 1
312 231 1
312 257 1
312 299 1
312 302 1
312 358 1
312 489 1
312 533 1
312 685 1
312 1052 1
312 1120 1
312 1339 1
312 2554 1
312 2738 1
312 3691 1
312 3815 1
312 3857 1
315 2 1
315 8 1
315 16 1
315 18 1
315 22 1
315 25 1
315 26 1
315 30 1
315 42 1
315 45 1
315 58 1
315 68 1
315 69 1
315 94 1
315 120 1
315 123 1
315 258 1
315 286 1
315 294 1
315 342 1
315 474 1
315 529 1
315 1293 1
315 3166 1
315 3552 1
315 4102 1
320 6 1
320 15 1
320 18 1
320 22 1
320 115 1
322 15 1
322 18 1
322 26 1
322 89 1
322 258 1
322 1285 1
333 15 1
333 16 1
333 22 1
333 25 1
333 26 1
333 37 1
333 46 1
333 58 1
333 68 1
333 89 1
333 104 1
333 207 1
333 212 1
333 257 1
333 280 1
333 294 1
333 299 1
333 443 1
333 526 1
333 685 1
333 888 1
333 1052 1
333 2299 1
333 2966 1
337 6 1
337 16 1
337 125 1
337 236 1
337 299 1
340 12 1
340 15 1
340 16 1
340 30 1
340 34 1
340 41 1
340 42 1
340 45 1
340 120 1
340 147 1
340 226 1
340 231 1
340 474 1
340 515 1
340 522 1
340 526 1
340 533 1
340 803 1
340 932 1
340 1289 1
340 1554 1
340 2597 1
340 7017 1
342 2 1
342 16 1
342 18 1
342 42 1
342 45 1
342 89 1
342 123 1
348 12 1
348 18 1
348 22 1
348 26 1
348 42 1
348 72 1
348 119 1
348 120 1
348 123 1
348 125 1
348 245 1
348 257 1
348 258 1
348 438 1
348 653 1
348 844 1
358 2 1
358 6 1
358 15 1
358 16 1
358 18 1
358 22 1
358 26 1
358 37 1
358 94 1
358 104 1
358 115 1
358 123 1
358 307 1
358 312 1
358 844 1
358 932 1
358 942 1
358 1063 1
358 1889 1
358 6381 1
361 6 1
361 16 1
361 18 1
361 526 1
361 725 1
369 45 1
369 104 1
369 125 1
369 704 1
369 2738 1
371 12 1
371 15 1
371 16 1
371 22 1
371 28 1
371 68 1
371 89 1
371 123 1
371 280 1
371 290 1
371 322 1
371 340 1
371 358 1
371 529 1
371 844 1
371 932 1
371 1289 1
371 1720 1
371 2182 1
371 2738 1
371 3375 1
371 5101 1
398 2 1
398 12 1
398 15 1
398 16 1
398 18 1
398 22 1
398 26 1
398 68 1
398 89 1
398 139 1
398 197 1
398 294 1
398 340 1
398 489 1
434 16 1
434 22 1
434 26 1
434 28 1
434 37 1
434 227 1
435 6 1
435 12 1
435 15 1
435 18 1
435 22 1
435 26 1
435 115 1
435 119 1
435 286 1
438 6 1
438 12 1
438 15 1
438 16 1
438 22 1
438 34 1
438 45 1
438 58 1
438 94 1
438 111 1
438 115 1
438 123 1
438 197 1
438 231 1
438 286 1
438 299 1
438 302 1
438 333 1
438 340 1
438 443 1
438 508 1
438 735 1
438 803 1
438 838 1
438 879 1
438 922 1
438 1052 1
438 1341 1
438 2299 1
438 4094 1
438 4868 1
443 12 1
443 18 1
443 28 1
443 34 1
443 41 1
443 42 1
443 45 1
443 89 1
443 94 1
443 104 1
443 123 1
443 197 1
443 231 1
443 240 1
443 286 1
443 299 1
443 474 1
443 508 1
443 526 1
443 1289 1
443 2517 1
443 5938 1
456 9 1
456 15 1
456 16 1
456 22 1
456 45 1
456 94 1
456 111 1
456 474 1
456 932 1
456 1889 1
456 4714 1
474 12 1
474 16 1
474 22 1
474 26 1
474 28 1
474 34 1
474 37 1
474 41 1
474 43 1
474 45 1
474 46 1
474 58 1
474 68 1
474 91 1
474 92 1
474 94 1
474 120 1
474 125 1
474 136 1
474 186 1
474 190 1
474 197 1
474 236 1
474 245 1
474 280 1
474 294 1
474 299 1
474 302 1
474 312 1
474 320 1
474 333 1
474 456 1
474 489 1
474 514 1
474 624 1
474 631 1
474 653 1
474 733 1
474 803 1
474 844 1
474 932 1
474 1052 1
474 1063 1
474 1120 1
474 1131 1
474 1167 1
474 1172 1
474 1592 1
474 1816 1
474 2197 1
474 2517 1
474 3166 1
478 15 1
478 18 1
478 22 1
478 26 1
478 68 1
478 89 1
478 197 1
478 854 1
489 6 1
489 16 1
489 19 1
489 26 1
489 89 1
489 104 1
489 337 1
489 348 1
489 522 1
489 1063 1
489 1289 1
494 9 1
494 18 1
494 26 1
494 94 1
494 7452 1
506 2 1
506 6 1
506 15 1
506 18 1
506 26 1
506 34 1
506 37 1
506 45 1
506 72 1
506 89 1
506 120 1
506 123 1
506 136 1
506 236 1
506 245 1
506 530 1
506 561 1
506 685 1
506 1172 1
506 2467 1
506 2763 1
508 22 1
508 26 1
508 28 1
508 68 1
508 89 1
508 123 1
508 197 1
508 207 1
508 514 1
508 908 1
508 1131 1
514 15 1
514 22 1
514 26 1
514 37 1
514 72 1
514 94 1
514 123 1
514 136 1
514 147 1
514 197 1
514 280 1
514 294 1
514 299 1
514 508 1
514 653 1
514 854 1
514 1289 1
514 2609 1
515 6 1
515 197 1
515 312 1
522 12 1
522 26 1
522 37 1
522 104 1
522 115 1
522 125 1
522 191 1
522 207 1
522 474 1
522 2096 1
526 6 1
526 12 1
526 16 1
526 18 1
526 22 1
526 26 1
526 28 1
526 58 1
526 104 1
526 115 1
526 123 1
526 125 1
526 126 1
526 152 1
526 190 1
526 227 1
526 236 1
526 280 1
526 290 1
526 312 1
526 333 1
526 434 1
526 474 1
526 489 1
526 532 1
526 561 1
526 623 1
526 844 1
526 1192 1
526 1376 1
526 1659 1
529 15 1
529 18 1
529 34 1
529 41 1
529 42 1
529 45 1
529 71 1
529 207 1
529 286 1
529 371 1
529 438 1
529 530 1
529 624 1
530 15 1
530 16 1
530 18 1
530 22 1
530 26 1
530 41 1
530 58 1
530 69 1
530 271 1
530 315 1
530 474 1
530 844 1
530 1172 1
530 1659 1
532 18 1
532 22 1
532 257 1
532 529 1
532 803 1
532 2573 1
532 4644 1
533 8 1
533 15 1
533 22 1
540 12 1
540 16 1
540 26 1
540 68 1
540 89 1
540 322 1
540 371 1
540 1182 1
548 6 1
548 15 1
548 71 1
548 123 1
548 526 1
548 1089 1
561 2 1
561 12 1
561 18 1
561 19 1
561 26 1
561 41 1
561 42 1
561 45 1
561 46 1
561 71 1
561 89 1
561 104 1
561 111 1
561 126 1
561 139 1
561 147 1
561 190 1
561 212 1
561 286 1
561 322 1
561 340 1
561 443 1
561 494 1
561 526 1
561 631 1
561 854 1
561 932 1
561 1172 1
561 1293 1
561 2517 1
561 3552 1
561 3952 1
582 2 1
582 6 1
582 8 1
582 15 1
582 18 1
582 22 1
582 34 1
582 37 1
582 45 1
582 60 1
582 68 1
582 69 1
582 71 1
582 89 1
582 94 1
582 104 1
582 186 1
582 245 1
582 290 1
582 315 1
582 320 1
582 340 1
582 369 1
582 438 1
582 456 1
582 474 1
582 515 1
582 529 1
582 530 1
582 548 1
582 624 1
582 718 1
582 881 1
582 1052 1
582 1120 1
582 1167 1
582 1172 1
582 1293 1
582 1816 1
582 2197 1
582 2308 1
582 5039 1
582 5866 1
612 15 1
612 16 1
612 18 1
612 89 1
612 125 1
612 1078 1
623 69 1
623 191 1
623 474 1
624 6 1
624 12 1
624 15 1
624 16 1
624 18 1
624 22 1
624 26 1
624 28 1
624 41 1
624 45 1
624 104 1
624 111 1
624 115 1
624 123 1
624 126 1
624 286 1
624 443 1
624 633 1
624 653 1
624 1341 1
624 3691 1
631 6 1
631 28 1
633 26 1
633 89 1
633 125 1
633 506 1
633 879 1
633 2554 1
653 2 1
653 6 1
653 15 1
653 16 1
653 43 1
653 45 1
653 46 1
653 72 1
653 89 1
653 94 1
653 190 1
653 533 1
653 844 1
653 903 1
653 1554 1
685 2 1
685 15 1
685 18 1
685 37 1
685 68 1
685 72 1
685 104 1
685 125 1
685 280 1
685 294 1
685 438 1
685 474 1
685 735 1
685 844 1
685 854 1
685 2554 1
685 3815 1
695 8 1
695 15 1
695 104 1
695 371 1
695 474 1
704 22 1
704 94 1
704 120 1
714 18 1
714 45 1
718 6 1
725 8 1
725 12 1
725 15 1
725 16 1
725 18 1
725 22 1
725 26 1
725 45 1
725 69 1
725 120 1
725 123 1
725 125 1
725 236 1
725 257 1
725 299 1
725 312 1
725 443 1
725 456 1
725 529 1
725 908 1
725 932 1
725 1341 1
725 2303 1
733 15 1
733 18 1
733 22 1
733 45 1
733 111 1
733 212 1
733 443 1
735 15 1
735 22 1
735 26 1
735 42 1
735 46 1
735 58 1
735 104 1
735 111 1
735 280 1
735 290 1
735 540 1
735 1166 1
735 1955 1
765 6 1
765 15 1
765 22 1
765 34 1
765 37 1
765 68 1
765 624 1
765 3552 1
801 2 1
801 12 1
801 15 1
801 16 1
801 22 1
801 30 1
801 34 1
801 72 1
801 120 1
801 123 1
801 136 1
801 280 1
801 1345 1
801 3750 1
803 8 1
803 19 1
803 22 1
803 26 1
803 72 1
803 115 1
803 123 1
803 371 1
803 3552 1
838 6 1
838 12 1
838 15 1
838 16 1
838 18 1
838 26 1
838 28 1
838 42 1
838 89 1
838 123 1
838 125 1
838 340 1
838 515 1
838 526 1
838 844 1
844 6 1
844 9 1
844 12 1
844 15 1
844 16 1
844 18 1
844 25 1
844 37 1
844 41 1
844 43 1
844 45 1
844 58 1
844 69 1
844 124 1
844 136 1
844 147 1
844 152 1
844 212 1
844 257 1
844 294 1
844 312 1
844 474 1
844 489 1
844 526 1
844 530 1
844 704 1
844 2462 1
854 6 1
854 15 1
854 22 1
854 26 1
854 111 1
854 115 1
854 120 1
854 474 1
879 2 1
879 9 1
879 16 1
879 18 1
879 26 1
879 45 1
879 58 1
879 72 1
879 271 1
879 290 1
879 474 1
879 561 1
879 803 1
879 1063 1
879 1089 1
879 1120 1
879 1182 1
879 1285 1
881 18 1
881 71 1
881 115 1
881 286 1
881 302 1
886 15 1
886 245 1
888 15 1
888 22 1
888 125 1
888 474 1
888 489 1
888 508 1
888 879 1
888 1355 1
892 12 1
892 15 1
892 46 1
892 704 1
903 15 1
903 22 1
903 68 1
903 94 1
903 125 1
903 152 1
903 474 1
903 695 1
908 6 1
908 18 1
908 22 1
908 28 1
908 41 1
908 72 1
908 104 1
908 111 1
908 115 1
908 245 1
908 358 1
922 16 1
932 6 1
932 12 1
932 15 1
932 22 1
932 26 1
932 28 1
932 104 1
932 111 1
932 474 1
932 1172 1
932 2573 1
932 3750 1
942 26 1
942 69 1
942 115 1
942 443 1
952 15 1
979 18 1
979 197 1
979 4714 1
1030 22 1
1030 47 1
1052 8 1
1052 15 1
1052 22 1
1052 45 1
1052 46 1
1052 68 1
1052 120 1
1052 123 1
1052 207 1
1052 240 1
1052 257 1
1052 286 1
1052 294 1
1052 299 1
1052 340 1
1052 434 1
1052 1172 1
1052 4820 1
1063 2 1
1063 15 1
1063 18 1
1063 22 1
1063 37 1
1063 45 1
1063 58 1
1063 68 1
1063 69 1
1063 71 1
1063 72 1
1063 115 1
1063 120 1
1063 190 1
1063 340 1
1063 474 1
1063 508 1
1063 624 1
1063 1617 1
1063 2467 1
1078 18 1
1078 231 1
1085 15 1
1085 18 1
1085 94 1
1085 120 1
1085 227 1
1085 474 1
1089 15 1
1089 22 1
1089 28 1
1089 34 1
1089 58 1
1089 89 1
1089 111 1
1089 257 1
1089 474 1
1089 540 1
1089 1339 1
1089 4146 1
1120 6 1
1120 8 1
1120 18 1
1120 37 1
1120 41 1
1120 45 1
1120 89 1
1120 94 1
1131 2 1
1131 9 1
1131 15 1
1131 16 1
1131 18 1
1131 34 1
1131 37 1
1131 45 1
1131 71 1
1131 104 1
1131 115 1
1131 119 1
1131 120 1
1131 290 1
1131 294 1
1131 315 1
1131 435 1
1131 456 1
1131 489 1
1131 530 1
1131 653 1
1131 801 1
1131 1052 1
1131 1889 1
1131 2303 1
1131 3857 1
1166 15 1
1166 18 1
1166 1063 1
1167 2 1
1167 12 1
1167 18 1
1167 22 1
1167 26 1
1167 45 1
1172 15 1
1172 22 1
1172 26 1
1172 42 1
1172 46 1
1172 94 1
1172 125 1
1172 207 1
1172 340 1
1172 561 1
1172 735 1
1182 18 1
1182 22 1
1182 26 1
1182 46 1
1182 474 1
1188 12 1
1188 18 1
1188 190 1
1188 340 1
1188 474 1
1192 12 1
1192 68 1
1192 71 1
1192 89 1
1192 123 1
1192 125 1
1192 443 1
1192 474 1
1192 765 1
1192 1131 1
1192 1341 1
1228 16 1
1228 286 1
1270 22 1
1276 2 1
1276 15 1
1276 16 1
1276 18 1
1276 28 1
1276 42 1
1276 45 1
1276 115 1
1276 286 1
1276 561 1
1276 844 1
1285 15 1
1285 18 1
1285 19 1
1285 26 1
1289 16 1
1289 22 1
1289 28 1
1289 41 1
1289 68 1
1289 71 1
1289 147 1
1289 231 1
1289 299 1
1289 1052 1
1293 15 1
1293 22 1
1293 312 1
1293 348 1
1293 474 1
1295 6 1
1295 18 1
1295 45 1
1314 22 1
1314 111 1
1314 474 1
1326 22 1
1326 68 1
1326 72 1
1326 197 1
1326 294 1
1326 725 1
1326 1720 1
1326 2490 1
1339 15 1
1339 22 1
1339 26 1
1339 37 1
1339 68 1
1339 94 1
1339 120 1
1339 124 1
1339 307 1
1339 312 1
1339 474 1
1339 1089 1
1339 1314 1
1341 22 1
1341 34 1
1341 41 1
1341 42 1
1341 94 1
1341 125 1
1341 294 1
1341 838 1
1341 1354 1
1341 2308 1
1345 15 1
1345 22 1
1345 257 1
1345 2096 1
1354 15 1
1355 2 1
1355 18 1
1355 26 1
1355 47 1
1355 125 1
1355 257 1
1355 348 1
1355 942 1
1355 1078 1
1355 1659 1
1355 2763 1
1376 2 1
1376 6 1
1376 15 1
1376 22 1
1376 26 1
1376 28 1
1376 34 1
1376 37 1
1376 104 1
1376 245 1
1376 312 1
1376 854 1
1376 1889 1
1376 3552 1
1398 358 1
1469 16 1
1510 15 1
1510 16 1
1510 18 1
1510 22 1
1510 37 1
1510 58 1
1510 844 1
1510 1554 1
1510 3815 1
1554 15 1
1554 18 1
1554 26 1
1554 41 1
1554 43 1
1554 45 1
1554 89 1
1554 120 1
1554 186 1
1554 358 1
1559 12 1
1559 15 1
1559 16 1
1559 624 1
1561 15 1
1561 18 1
1561 26 1
1561 89 1
1561 903 1
1561 1285 1
1592 15 1
1592 26 1
1592 735 1
1603 15 1
1603 125 1
1617 15 1
1617 16 1
1617 18 1
1617 22 1
1617 26 1
1617 3607 1
1647 15 1
1647 34 1
1659 2 1
1659 6 1
1659 18 1
1659 22 1
1659 26 1
1659 45 1
1659 123 1
1676 125 1
1720 8 1
1720 18 1
1738 1172 1
1793 2 1
1793 18 1
1793 26 1
1793 438 1
1793 561 1
1816 2 1
1816 18 1
1816 94 1
1879 15 1
1879 236 1
1879 257 1
1879 340 1
1889 22 1
1889 26 1
1889 37 1
1889 92 1
1889 111 1
1889 124 1
1889 257 1
1889 358 1
1889 1131 1
1889 2517 1
1955 19 1
1955 302 1
1986 312 1
2040 22 1
2048 15 1
2048 16 1
2048 18 1
2048 22 1
2048 115 1
2048 506 1
2096 340 1
2096 371 1
2096 474 1
2096 1659 1
2140 15 1
2140 16 1
2140 41 1
2140 123 1
2140 125 1
2141 18 1
2182 22 1
2182 474 1
2197 94 1
2197 111 1
2197 115 1
2299 15 1
2299 18 1
2299 26 1
2299 89 1
2299 186 1
2299 197 1
2299 286 1
2299 489 1
2299 801 1
2303 26 1
2303 37 1
2303 45 1
2303 371 1
2303 474 1
2303 526 1
2305 489 1
2308 18 1
2308 34 1
2308 71 1
2308 125 1
2308 302 1
2308 624 1
2308 801 1
2308 1376 1
2308 1879 1
2308 2203 1
2308 2674 1
2343 34 1
2405 22 1
2405 26 1
2405 28 1
2405 123 1
2405 227 1
2405 733 1
2462 120 1
2467 26 1
2467 28 1
2467 41 1
2467 71 1
2467 92 1
2490 16 1
2490 22 1
2490 37 1
2490 653 1
2490 1052 1
2517 26 1
2554 15 1
2554 16 1
2554 18 1
2554 22 1
2554 89 1
2554 271 1
2554 302 1
2566 15 1
2573 18 1
2573 22 1
2573 280 1
2592 18 1
2592 22 1
2592 197 1
2592 624 1
2592 3552 1
2597 6 1
2609 2 1
2609 8 1
2609 15 1
2609 16 1
2609 45 1
2612 22 1
2612 879 1
2653 71 1
2674 6 1
2674 15 1
2674 26 1
2674 28 1
2674 46 1
2674 881 1
2682 16 1
2682 45 1
2682 879 1
2738 6 1
2738 89 1
2738 286 1
2738 474 1
2763 9 1
2763 26 1
2763 299 1
2866 22 1
2866 41 1
2866 190 1
2966 240 1
2966 803 1
3108 45 1
3108 838 1
3163 123 1
3163 231 1
3163 240 1
3166 22 1
3166 46 1
3166 123 1
3261 18 1
3261 22 1
3261 245 1
3301 16 1
3480 120 1
3552 15 1
3552 37 1
3552 45 1
3552 136 1
3552 1182 1
3596 12 1
3596 18 1
3596 22 1
3596 26 1
3596 2096 1
3606 16 1
3606 26 1
3607 22 1
3607 71 1
3691 42 1
3691 89 1
3691 294 1
3731 15 1
3731 22 1
3731 28 1
3731 94 1
3750 15 1
3750 68 1
3750 71 1
3750 89 1
3750 123 1
3750 147 1
3750 257 1
3750 290 1
3815 37 1
3815 290 1
3829 1131 1
3857 6 1
3857 15 1
3857 358 1
3857 725 1
3877 15 1
3878 15 1
3878 22 1
3952 22 1
3963 16 1
3963 18 1
3963 312 1
3963 735 1
4065 16 1
4065 371 1
4094 26 1
4102 28 1
4102 71 1
4102 443 1
4102 2517 1
4146 2 1
4146 12 1
4146 15 1
4146 42 1
4146 474 1
4166 258 1
4175 526 1
4176 18 1
4330 43 1
4402 26 1
4435 12 1
4437 26 1
4437 125 1
4549 18 1
4549 45 1
4549 4402 1
4644 22 1
4644 111 1
4714 15 1
4714 74 1
4714 104 1
4714 280 1
4714 714 1
4714 1339 1
4818 456 1
4818 540 1
4820 94 1
4820 1131 1
4827 22 1
4843 18 1
4843 34 1
4868 22 1
4868 41 1
4868 333 1
4877 3750 1
5007 892 1
5039 41 1
5101 18 1
5280 16 1
5280 72 1
5340 299 1
5406 15 1
5406 16 1
5406 18 1
5406 22 1
5406 26 1
5406 46 1
5406 71 1
5406 120 1
5406 340 1
5406 932 1
5409 125 1
5449 1172 1
5457 12 1
5480 28 1
5518 115 1
5518 294 1
5533 94 1
5533 312 1
5750 46 1
5921 15 1
5921 22 1
5921 42 1
5921 71 1
5921 72 1
5921 123 1
5921 197 1
5921 548 1
5938 320 1
5938 1131 1
5976 26 1
5987 16 1
6019 22 1
6068 115 1
6152 16 1
6152 18 1
6152 26 1
6226 526 1
6263 15 1
6263 124 1
6263 125 1
6263 299 1
6263 624 1
6362 68 1
6362 438 1
6376 15 1
6376 136 1
6381 15 1
6598 26 1
6660 307 1
6673 30 1
6673 42 1
6673 474 1
6703 15 1
7143 18 1
7143 115 1
7154 22 1
7294 16 1
7340 45 1
7419 111 1
7452 152 1
7469 6 1
7683 16 1
