2 6 1
2 15 1
2 22 1
2 25 1
2 28 1
2 41 1
2 68 1
2 94 1
2 104 1
2 115 1
2 120 1
2 123 1
2 190 1
2 240 1
2 245 1
2 257 1
2 258 1
2 271 1
2 302 1
2 315 1
2 322 1
2 348 1
2 358 1
2 371 1
2 438 1
2 526 1
2 530 1
2 533 1
2 631 1
2 685 1
2 733 1
2 801 1
2 903 1
2 908 1
2 932 1
2 1052 1
2 1089 1
2 1172 1
2 1188 1
2 1398 1
2 1659 1
2 1955 1
2 2462 1
2 2517 1
2 3301 1
2 4176 1
6 2 1
6 8 1
6 12 1
6 15 1
6 16 1
6 18 1
6 19 1
6 22 1
6 26 1
6 28 1
6 34 1
6 41 1
6 45 1
6 60 1
6 71 1
6 72 1
6 74 1
6 104 1
6 111 1
6 115 1
6 120 1
6 124 1
6 125 1
6 147 1
6 152 1
6 186 1
6 190 1
6 197 1
6 207 1
6 212 1
6 227 1
6 257 1
6 258 1
6 280 1
6 286 1
6 290 1
6 294 1
6 299 1
6 315 1
6 320 1
6 340 1
6 435 1
6 443 1
6 456 1
6 474 1
6 506 1
6 508 1
6 529 1
6 561 1
6 582 1
6 624 1
6 695 1
6 725 1
6 735 1
6 854 1
6 932 1
6 1052 1
6 1120 1
6 1192 1
6 1295 1
6 1341 1
6 1659 1
6 1889 1
6 2040 1
6 2197 1
6 2308 1
6 2467 1
6 3552 1
6 3857 1
6 4435 1
6 5039 1
8 12 1
8 15 1
8 16 1
8 26 1
8 28 1
8 33 1
8 34 1
8 41 1
8 45 1
8 58 1
8 71 1
8 111 1
8 197 1
8 231 1
8 322 1
8 340 1
8 371 1
8 526 1
8 838 1
8 903 1
8 1561 1
8 6673 1
9 6 1
9 8 1
9 15 1
9 16 1
9 18 1
9 30 1
9 37 1
9 41 1
9 68 1
9 94 1
9 104 1
9 123 1
9 294 1
9 474 1
9 879 1
9 922 1
9 1052 1
9 3857 1
9 5101 1
12 6 1
12 15 1
12 26 1
12 28 1
12 34 1
12 42 1
12 72 1
12 94 1
12 120 1
12 125 1
12 136 1
12 147 1
12 227 1
12 231 1
12 240 1
12 294 1
12 299 1
12 348 1
12 358 1
12 369 1
12 443 1
12 456 1
12 530 1
12 548 1
12 612 1
12 624 1
12 735 1
12 932 1
12 979 1
12 1167 1
12 1172 1
12 1295 1
12 1339 1
12 1341 1
12 1554 1
12 1559 1
12 1659 1
12 1955 1
12 2096 1
12 2405 1
12 2517 1
12 2592 1
12 3166 1
12 3750 1
12 4714 1
12 6376 1
12 7452 1
15 6 1
15 9 1
15 16 1
15 18 1
15 19 1
15 22 1
15 24 1
15 25 1
15 26 1
15 28 1
15 30 1
15 34 1
15 37 1
15 41 1
15 46 1
15 68 1
15 72 1
15 74 1
15 104 1
15 111 1
15 115 1
15 125 1
15 126 1
15 136 1
15 147 1
15 152 1
15 190 1
15 196 1
15 212 1
15 236 1
15 240 1
15 245 1
15 258 1
15 290 1
15 299 1
15 312 1
15 315 1
15 322 1
15 333 1
15 337 1
15 358 1
15 371 1
15 438 1
15 508 1
15 514 1
15 530 1
15 532 1
15 735 1
15 765 1
15 803 1
15 886 1
15 903 1
15 908 1
15 932 1
15 1063 1
15 1167 1
15 1289 1
15 1339 1
15 1659 1
15 1691 1
15 1889 1
15 2308 1
15 2517 1
15 2966 1
15 3481 1
15 3750 1
15 4146 1
15 5227 1
15 5406 1
16 2 1
16 8 1
16 12 1
16 25 1
16 26 1
16 30 1
16 34 1
16 37 1
16 41 1
16 42 1
16 46 1
16 47 1
16 60 1
16 69 1
16 71 1
16 72 1
16 74 1
16 89 1
16 92 1
16 94 1
16 111 1
16 115 1
16 120 1
16 125 1
16 126 1
16 147 1
16 196 1
16 197 1
16 226 1
16 227 1
16 231 1
16 236 1
16 245 1
16 257 1
16 258 1
16 271 1
16 280 1
16 286 1
16 294 1
16 307 1
16 312 1
16 315 1
16 320 1
16 322 1
16 340 1
16 348 1
16 358 1
16 369 1
16 371 1
16 398 1
16 434 1
16 438 1
16 456 1
16 474 1
16 489 1
16 508 1
16 514 1
16 515 1
16 526 1
16 530 1
16 532 1
16 540 1
16 548 1
16 561 1
16 623 1
16 624 1
16 653 1
16 685 1
16 695 1
16 704 1
16 735 1
16 765 1
16 803 1
16 838 1
16 854 1
16 892 1
16 903 1
16 908 1
16 932 1
16 942 1
16 952 1
16 1052 1
16 1063 1
16 1078 1
16 1085 1
16 1089 1
16 1120 1
16 1131 1
16 1167 1
16 1172 1
16 1182 1
16 1188 1
16 1192 1
16 1276 1
16 1295 1
16 1326 1
16 1339 1
16 1341 1
16 1345 1
16 1354 1
16 1376 1
16 1592 1
16 1603 1
16 1647 1
16 1738 1
16 1793 1
16 1955 1
16 2197 1
16 2303 1
16 2308 1
16 2343 1
16 2462 1
16 2467 1
16 2609 1
16 2612 1
16 2653 1
16 2763 1
16 2866 1
16 2966 1
16 3166 1
16 3261 1
16 3375 1
16 3552 1
16 3596 1
16 3750 1
16 3952 1
16 4065 1
16 4094 1
16 4330 1
16 4644 1
16 4714 1
16 4820 1
16 4843 1
16 5457 1
16 5938 1
16 5976 1
16 6376 1
16 7154 1
16 7419 1
18 2 1
18 6 1
18 12 1
18 15 1
18 16 1
18 22 1
18 26 1
18 28 1
18 34 1
18 37 1
18 42 1
18 43 1
18 46 1
18 47 1
18 68 1
18 69 1
18 71 1
18 72 1
18 91 1
18 92 1
18 94 1
18 104 1
18 111 1
18 115 1
18 120 1
18 125 1
18 126 1
18 136 1
18 147 1
18 152 1
18 186 1
18 190 1
18 191 1
18 197 1
18 207 1
18 212 1
18 227 1
18 231 1
18 236 1
18 245 1
18 257 1
18 280 1
18 290 1
18 294 1
18 299 1
18 315 1
18 320 1
18 333 1
18 337 1
18 348 1
18 358 1
18 398 1
18 434 1
18 435 1
18 438 1
18 443 1
18 474 1
18 478 1
18 489 1
18 515 1
18 526 1
18 529 1
18 530 1
18 561 1
18 623 1
18 624 1
18 633 1
18 704 1
18 725 1
18 735 1
18 765 1
18 801 1
18 844 1
18 854 1
18 881 1
18 888 1
18 922 1
18 932 1
18 1063 1
18 1120 1
18 1131 1
18 1182 1
18 1192 1
18 1289 1
18 1293 1
18 1326 1
18 1339 1
18 1345 1
18 1355 1
18 1376 1
18 1554 1
18 1676 1
18 1720 1
18 1889 1
18 2048 1
18 2405 1
18 2554 1
18 2674 1
18 2763 1
18 3166 1
18 3261 1
18 3552 1
18 3731 1
18 3815 1
18 3877 1
18 4065 1
18 4102 1
18 4435 1
18 4549 1
18 4714 1
18 4818 1
18 5039 1
18 5406 1
18 5921 1
18 6263 1
18 6660 1
19 16 1
19 26 1
19 28 1
19 45 1
19 123 1
19 3607 1
22 2 1
22 8 1
22 9 1
22 12 1
22 16 1
22 18 1
22 19 1
22 25 1
22 26 1
22 30 1
22 34 1
22 37 1
22 41 1
22 42 1
22 43 1
22 45 1
22 47 1
22 58 1
22 60 1
22 68 1
22 69 1
22 72 1
22 89 1
22 92 1
22 94 1
22 104 1
22 111 1
22 119 1
22 123 1
22 124 1
22 125 1
22 126 1
22 133 1
22 136 1
22 139 1
22 147 1
22 191 1
22 196 1
22 197 1
22 207 1
22 212 1
22 231 1
22 240 1
22 241 1
22 245 1
22 257 1
22 258 1
22 290 1
22 294 1
22 299 1
22 312 1
22 315 1
22 333 1
22 340 1
22 342 1
22 358 1
22 371 1
22 434 1
22 438 1
22 443 1
22 456 1
22 489 1
22 508 1
22 522 1
22 526 1
22 529 1
22 530 1
22 533 1
22 540 1
22 548 1
22 561 1
22 623 1
22 624 1
22 631 1
22 633 1
22 653 1
22 685 1
22 714 1
22 733 1
22 735 1
22 801 1
22 838 1
22 854 1
22 879 1
22 888 1
22 892 1
22 903 1
22 908 1
22 922 1
22 932 1
22 979 1
22 1052 1
22 1063 1
22 1085 1
22 1120 1
22 1167 1
22 1172 1
22 1182 1
22 1192 1
22 1276 1
22 1289 1
22 1293 1
22 1295 1
22 1314 1
22 1326 1
22 1339 1
22 1345 1
22 1354 1
22 1376 1
22 1398 1
22 1554 1
22 1647 1
22 1659 1
22 1889 1
22 1955 1
22 1986 1
22 2141 1
22 2299 1
22 2303 1
22 2305 1
22 2405 1
22 2462 1
22 2517 1
22 2554 1
22 2597 1
22 2609 1
22 2653 1
22 2674 1
22 2738 1
22 2866 1
22 3166 1
22 3261 1
22 3375 1
22 3480 1
22 3552 1
22 3606 1
22 3750 1
22 3815 1
22 3952 1
22 3963 1
22 4094 1
22 4402 1
22 4437 1
22 4714 1
22 4818 1
22 4843 1
22 4868 1
22 5533 1
22 5921 1
22 6152 1
22 6376 1
22 6381 1
22 6673 1
22 7419 1
22 7452 1
24 18 1
24 45 1
24 69 1
24 271 1
24 371 1
24 908 1
24 1052 1
24 1293 1
25 16 1
25 18 1
25 26 1
25 37 1
25 68 1
25 89 1
25 94 1
25 111 1
25 120 1
25 212 1
25 280 1
25 286 1
25 299 1
25 348 1
25 522 1
25 1063 1
25 1078 1
25 2490 1
26 2 1
26 8 1
26 9 1
26 12 1
26 34 1
26 37 1
26 41 1
26 42 1
26 46 1
26 60 1
26 69 1
26 71 1
26 89 1
26 92 1
26 94 1
26 111 1
26 123 1
26 125 1
26 147 1
26 152 1
26 186 1
26 190 1
26 212 1
26 227 1
26 231 1
26 236 1
26 245 1
26 257 1
26 290 1
26 294 1
26 299 1
26 302 1
26 312 1
26 315 1
26 342 1
26 358 1
26 371 1
26 434 1
26 435 1
26 438 1
26 456 1
26 522 1
26 526 1
26 532 1
26 561 1
26 624 1
26 653 1
26 685 1
26 704 1
26 725 1
26 735 1
26 838 1
26 844 1
26 854 1
26 922 1
26 942 1
26 1052 1
26 1063 1
26 1131 1
26 1172 1
26 1182 1
26 1188 1
26 1289 1
26 1339 1
26 1341 1
26 1376 1
26 1510 1
26 1561 1
26 1659 1
26 1955 1
26 2305 1
26 2405 1
26 2462 1
26 3552 1
26 4269 1
26 4437 1
26 4644 1
26 5039 1
26 5921 1
26 6068 1
26 7683 1
28 2 1
28 6 1
28 9 1
28 12 1
28 15 1
28 16 1
28 18 1
28 19 1
28 22 1
28 25 1
28 26 1
28 34 1
28 37 1
28 41 1
28 42 1
28 45 1
28 46 1
28 58 1
28 60 1
28 68 1
28 69 1
28 71 1
28 89 1
28 94 1
28 104 1
28 111 1
28 120 1
28 123 1
28 126 1
28 147 1
28 190 1
28 196 1
28 207 1
28 231 1
28 236 1
28 240 1
28 257 1
28 286 1
28 290 1
28 299 1
28 302 1
28 307 1
28 312 1
28 333 1
28 337 1
28 340 1
28 348 1
28 443 1
28 456 1
28 478 1
28 494 1
28 508 1
28 514 1
28 526 1
28 704 1
28 733 1
28 879 1
28 881 1
28 932 1
28 1030 1
28 1052 1
28 1063 1
28 1120 1
28 1131 1
28 1167 1
28 1172 1
28 1188 1
28 1228 1
28 1289 1
28 1314 1
28 1559 1
28 1561 1
28 1659 1
28 1793 1
28 2299 1
28 2303 1
28 2554 1
28 2612 1
28 2674 1
28 2966 1
28 3552 1
28 5024 1
28 5227 1
30 2 1
30 8 1
30 15 1
30 16 1
30 18 1
30 22 1
30 26 1
30 34 1
30 37 1
30 47 1
30 68 1
30 72 1
30 89 1
30 115 1
30 125 1
30 136 1
30 190 1
30 207 1
30 245 1
30 290 1
30 294 1
30 299 1
30 320 1
30 348 1
30 371 1
30 434 1
30 443 1
30 474 1
30 494 1
30 506 1
30 526 1
30 530 1
30 561 1
30 854 1
30 881 1
30 886 1
30 1089 1
30 1172 1
30 1276 1
30 1341 1
30 1659 1
30 1720 1
30 2096 1
30 2343 1
30 2462 1
30 2554 1
30 2573 1
30 2866 1
30 3815 1
30 4714 1
30 6673 1
33 16 1
33 94 1
34 2 1
34 6 1
34 16 1
34 18 1
34 26 1
34 41 1
34 45 1
34 47 1
34 68 1
34 69 1
34 72 1
34 74 1
34 89 1
34 92 1
34 94 1
34 104 1
34 120 1
34 124 1
34 125 1
34 136 1
34 152 1
34 186 1
34 196 1
34 245 1
34 271 1
34 280 1
34 286 1
34 294 1
34 299 1
34 307 1
34 312 1
34 333 1
34 348 1
34 358 1
34 474 1
34 522 1
34 533 1
34 623 1
34 725 1
34 844 1
34 1188 1
34 1554 1
34 4714 1
37 2 1
37 15 1
37 16 1
37 18 1
37 22 1
37 26 1
37 28 1
37 41 1
37 42 1
37 58 1
37 68 1
37 71 1
37 89 1
37 104 1
37 123 1
37 136 1
37 139 1
37 207 1
37 240 1
37 245 1
37 280 1
37 290 1
37 299 1
37 315 1
37 337 1
37 340 1
37 348 1
37 369 1
37 438 1
37 474 1
37 526 1
37 653 1
37 733 1
37 735 1
37 803 1
37 1052 1
37 1063 1
37 1131 1
37 1167 1
37 1182 1
37 1192 1
37 1285 1
37 1339 1
37 1554 1
37 1676 1
37 2462 1
37 3552 1
37 5750 1
37 6376 1
41 12 1
41 16 1
41 18 1
41 26 1
41 28 1
41 34 1
41 37 1
41 45 1
41 74 1
41 89 1
41 92 1
41 104 1
41 111 1
41 115 1
41 190 1
41 197 1
41 227 1
41 280 1
41 302 1
41 312 1
41 315 1
41 358 1
41 371 1
41 532 1
41 653 1
41 685 1
41 932 1
41 1063 1
41 1078 1
41 2299 1
41 5533 1
42 8 1
42 15 1
42 25 1
42 28 1
42 41 1
42 45 1
42 69 1
42 89 1
42 123 1
42 125 1
42 290 1
42 526 1
42 530 1
42 532 1
42 624 1
42 725 1
42 1052 1
42 1172 1
42 1289 1
42 1345 1
42 1554 1
42 3375 1
42 3691 1
42 3750 1
42 4094 1
42 4146 1
43 6 1
43 15 1
43 16 1
43 26 1
43 28 1
43 30 1
43 34 1
43 42 1
43 45 1
43 46 1
43 71 1
43 72 1
43 92 1
43 115 1
43 120 1
43 190 1
43 191 1
43 207 1
43 257 1
43 280 1
43 286 1
43 340 1
43 348 1
43 371 1
43 474 1
43 506 1
43 540 1
43 624 1
43 838 1
43 854 1
43 1063 1
43 1188 1
43 4102 1
45 2 1
45 8 1
45 15 1
45 16 1
45 18 1
45 22 1
45 26 1
45 30 1
45 37 1
45 42 1
45 46 1
45 69 1
45 71 1
45 92 1
45 94 1
45 104 1
45 111 1
45 115 1
45 123 1
45 125 1
45 147 1
45 190 1
45 197 1
45 207 1
45 231 1
45 236 1
45 245 1
45 271 1
45 280 1
45 286 1
45 290 1
45 312 1
45 348 1
45 371 1
45 435 1
45 456 1
45 474 1
45 515 1
45 522 1
45 526 1
45 582 1
45 624 1
45 714 1
45 803 1
45 854 1
45 888 1
45 908 1
45 1052 1
45 1063 1
45 1131 1
45 1167 1
45 1172 1
45 1285 1
45 1339 1
45 1889 1
45 2048 1
45 2405 1
45 2554 1
45 2738 1
45 3691 1
45 4330 1
46 2 1
46 12 1
46 15 1
46 18 1
46 22 1
46 26 1
46 30 1
46 45 1
46 58 1
46 69 1
46 72 1
46 89 1
46 92 1
46 94 1
46 104 1
46 119 1
46 120 1
46 123 1
46 125 1
46 147 1
46 190 1
46 212 1
46 286 1
46 294 1
46 302 1
46 312 1
46 340 1
46 443 1
46 456 1
46 478 1
46 494 1
46 506 1
46 526 1
46 530 1
46 533 1
46 582 1
46 903 1
46 942 1
46 1052 1
46 1089 1
46 1131 1
46 1172 1
46 5750 1
47 15 1
47 45 1
47 71 1
47 120 1
47 123 1
47 124 1
47 258 1
47 280 1
47 286 1
47 540 1
47 854 1
47 1172 1
47 2405 1
58 2 1
58 8 1
58 9 1
58 15 1
58 16 1
58 26 1
58 34 1
58 41 1
58 42 1
58 43 1
58 68 1
58 69 1
58 71 1
58 83 1
58 89 1
58 94 1
58 104 1
58 115 1
58 123 1
58 125 1
58 190 1
58 197 1
58 207 1
58 227 1
58 231 1
58 245 1
58 257 1
58 290 1
58 294 1
58 340 1
58 361 1
58 438 1
58 443 1
58 474 1
58 489 1
58 506 1
58 508 1
58 526 1
58 530 1
58 582 1
58 695 1
58 881 1
58 903 1
58 908 1
58 1131 1
58 1354 1
58 1879 1
58 2303 1
58 2308 1
58 2517 1
58 2554 1
58 2609 1
58 2612 1
58 2738 1
58 3691 1
58 4714 1
58 5024 1
60 2 1
60 6 1
60 12 1
60 22 1
60 42 1
60 92 1
60 115 1
60 123 1
60 136 1
60 290 1
60 369 1
60 561 1
60 1376 1
68 2 1
68 6 1
68 12 1
68 15 1
68 16 1
68 18 1
68 19 1
68 26 1
68 28 1
68 34 1
68 37 1
68 41 1
68 42 1
68 46 1
68 58 1
68 71 1
68 72 1
68 89 1
68 94 1
68 111 1
68 115 1
68 119 1
68 120 1
68 125 1
68 136 1
68 147 1
68 191 1
68 212 1
68 236 1
68 245 1
68 312 1
68 340 1
68 371 1
68 435 1
68 443 1
68 474 1
68 489 1
68 508 1
68 515 1
68 526 1
68 530 1
68 548 1
68 561 1
68 623 1
68 704 1
68 735 1
68 765 1
68 801 1
68 881 1
68 888 1
68 932 1
68 1052 1
68 1063 1
68 1120 1
68 1167 1
68 1172 1
68 1314 1
68 1326 1
68 1339 1
68 1376 1
68 1617 1
68 1659 1
68 2554 1
68 3163 1
68 3552 1
68 3750 1
69 8 1
69 15 1
69 18 1
69 41 1
69 45 1
69 68 1
69 111 1
69 125 1
69 299 1
69 1131 1
69 3108 1
69 5280 1
71 2 1
71 6 1
71 15 1
71 18 1
71 22 1
71 26 1
71 30 1
71 41 1
71 42 1
71 46 1
71 58 1
71 74 1
71 94 1
71 111 1
71 115 1
71 119 1
71 120 1
71 136 1
71 147 1
71 152 1
71 197 1
71 207 1
71 245 1
71 286 1
71 290 1
71 299 1
71 302 1
71 312 1
71 333 1
71 456 1
71 489 1
71 530 1
71 533 1
71 653 1
71 718 1
71 765 1
71 838 1
71 844 1
71 854 1
71 932 1
71 942 1
71 1052 1
71 1063 1
71 1078 1
71 1167 1
71 1182 1
71 1276 1
71 1289 1
71 1339 1
71 1355 1
71 1720 1
71 2096 1
71 2674 1
71 4330 1
71 4644 1
71 5518 1
71 7143 1
72 15 1
72 16 1
72 18 1
72 26 1
72 41 1
72 69 1
72 104 1
72 115 1
72 124 1
72 212 1
72 231 1
72 245 1
72 257 1
72 280 1
72 290 1
72 320 1
72 530 1
72 733 1
72 803 1
72 1172 1
72 1659 1
72 1879 1
72 2197 1
72 2299 1
72 2467 1
72 6598 1
72 7017 1
74 18 1
74 22 1
74 26 1
74 28 1
74 72 1
74 115 1
74 1131 1
74 1339 1
83 8 1
83 16 1
83 18 1
83 22 1
83 41 1
83 43 1
83 68 1
83 69 1
83 71 1
83 115 1
83 123 1
83 271 1
83 286 1
83 348 1
83 533 1
83 561 1
83 886 1
83 3878 1
89 2 1
89 6 1
89 9 1
89 12 1
89 15 1
89 16 1
89 18 1
89 19 1
89 22 1
89 24 1
89 26 1
89 33 1
89 37 1
89 45 1
89 46 1
89 71 1
89 72 1
89 111 1
89 120 1
89 123 1
89 125 1
89 152 1
89 190 1
89 231 1
89 236 1
89 257 1
89 258 1
89 271 1
89 280 1
89 290 1
89 294 1
89 299 1
89 320 1
89 342 1
89 371 1
89 456 1
89 478 1
89 582 1
89 612 1
89 624 1
89 704 1
89 801 1
89 844 1
89 903 1
89 1078 1
89 1089 1
89 1120 1
89 1131 1
89 1293 1
89 1341 1
89 1617 1
89 2303 1
89 2462 1
89 2490 1
89 3607 1
89 3691 1
89 4330 1
89 4435 1
89 4714 1
89 5866 1
89 7340 1
91 2 1
91 22 1
91 104 1
91 190 1
92 6 1
92 15 1
92 26 1
92 28 1
92 41 1
92 45 1
92 46 1
92 60 1
92 72 1
92 120 1
92 123 1
92 125 1
92 147 1
92 280 1
92 333 1
92 438 1
92 474 1
92 506 1
92 735 1
92 1326 1
92 1793 1
92 2467 1
92 2573 1
92 3952 1
94 6 1
94 8 1
94 12 1
94 15 1
94 19 1
94 25 1
94 28 1
94 37 1
94 42 1
94 43 1
94 46 1
94 58 1
94 68 1
94 72 1
94 89 1
94 111 1
94 125 1
94 126 1
94 136 1
94 197 1
94 312 1
94 315 1
94 322 1
94 340 1
94 371 1
94 438 1
94 443 1
94 456 1
94 474 1
94 514 1
94 522 1
94 561 1
94 624 1
94 633 1
94 735 1
94 803 1
94 838 1
94 844 1
94 1052 1
94 1131 1
94 1192 1
94 1376 1
94 1889 1
94 3750 1
94 3963 1
94 4714 1
94 5024 1
94 7469 1
99 2 1
99 12 1
99 16 1
99 19 1
99 22 1
99 26 1
99 45 1
99 68 1
99 89 1
99 94 1
99 115 1
99 190 1
99 231 1
99 271 1
99 290 1
99 333 1
99 337 1
99 443 1
99 474 1
99 529 1
99 561 1
99 903 1
99 932 1
99 1052 1
99 1293 1
99 1889 1
99 2609 1
99 3552 1
104 9 1
104 12 1
104 15 1
104 18 1
104 22 1
104 26 1
104 28 1
104 37 1
104 41 1
104 42 1
104 46 1
104 58 1
104 68 1
104 69 1
104 71 1
104 72 1
104 89 1
104 119 1
104 120 1
104 125 1
104 136 1
104 139 1
104 147 1
104 186 1
104 197 1
104 258 1
104 271 1
104 280 1
104 286 1
104 294 1
104 299 1
104 320 1
104 358 1
104 438 1
104 443 1
104 506 1
104 514 1
104 631 1
104 735 1
104 801 1
104 908 1
104 932 1
104 1089 1
104 1131 1
104 1326 1
104 1339 1
104 1355 1
104 1659 1
104 1738 1
104 2308 1
104 3731 1
104 4714 1
111 2 1
111 6 1
111 8 1
111 15 1
111 16 1
111 18 1
111 22 1
111 28 1
111 34 1
111 41 1
111 45 1
111 46 1
111 71 1
111 89 1
111 94 1
111 104 1
111 124 1
111 125 1
111 207 1
111 240 1
111 286 1
111 302 1
111 315 1
111 320 1
111 358 1
111 371 1
111 456 1
111 474 1
111 489 1
111 529 1
111 561 1
111 612 1
111 624 1
111 653 1
111 695 1
111 803 1
111 838 1
111 844 1
111 892 1
111 1063 1
111 1289 1
111 1326 1
111 1592 1
111 1816 1
111 2203 1
111 3552 1
111 3815 1
111 4146 1
111 4868 1
115 6 1
115 8 1
115 28 1
115 34 1
115 41 1
115 45 1
115 46 1
115 47 1
115 71 1
115 89 1
115 94 1
115 104 1
115 111 1
115 120 1
115 125 1
115 126 1
115 139 1
115 147 1
115 186 1
115 197 1
115 207 1
115 227 1
115 236 1
115 257 1
115 280 1
115 299 1
115 340 1
115 358 1
115 456 1
115 478 1
115 489 1
115 561 1
115 624 1
115 725 1
115 765 1
115 803 1
115 844 1
115 879 1
115 942 1
115 1052 1
115 1063 1
115 1089 1
115 1339 1
115 1341 1
115 1376 1
115 1554 1
115 2303 1
115 2467 1
115 4102 1
115 4515 1
115 4714 1
115 6263 1
115 6703 1
119 6 1
119 8 1
119 9 1
119 15 1
119 16 1
119 18 1
119 22 1
119 26 1
119 43 1
119 45 1
119 46 1
119 69 1
119 74 1
119 91 1
119 111 1
119 120 1
119 125 1
119 136 1
119 152 1
119 186 1
119 190 1
119 191 1
119 197 1
119 245 1
119 258 1
119 271 1
119 280 1
119 290 1
119 294 1
119 302 1
119 312 1
119 371 1
119 438 1
119 456 1
119 474 1
119 489 1
119 506 1
119 508 1
119 514 1
119 522 1
119 526 1
119 548 1
119 695 1
119 803 1
119 854 1
119 908 1
119 932 1
119 1052 1
119 1085 1
119 1120 1
119 1166 1
119 1289 1
119 1561 1
119 1592 1
119 1659 1
119 1879 1
119 1889 1
119 2197 1
119 2517 1
119 3607 1
119 4094 1
120 9 1
120 15 1
120 22 1
120 25 1
120 26 1
120 42 1
120 58 1
120 72 1
120 89 1
120 104 1
120 111 1
120 115 1
120 125 1
120 136 1
120 147 1
120 197 1
120 257 1
120 286 1
120 371 1
120 434 1
120 438 1
120 474 1
120 489 1
120 526 1
120 685 1
120 695 1
120 735 1
120 844 1
120 932 1
120 1052 1
120 1166 1
120 1889 1
120 2517 1
120 2674 1
120 3301 1
120 3552 1
123 2 1
123 6 1
123 15 1
123 16 1
123 19 1
123 22 1
123 25 1
123 26 1
123 30 1
123 34 1
123 37 1
123 41 1
123 42 1
123 46 1
123 58 1
123 68 1
123 69 1
123 71 1
123 72 1
123 89 1
123 92 1
123 94 1
123 115 1
123 119 1
123 120 1
123 124 1
123 125 1
123 136 1
123 139 1
123 147 1
123 186 1
123 190 1
123 207 1
123 231 1
123 240 1
123 280 1
123 290 1
123 294 1
123 299 1
123 302 1
123 312 1
123 315 1
123 340 1
123 348 1
123 358 1
123 434 1
123 438 1
123 474 1
123 506 1
123 508 1
123 515 1
123 529 1
123 548 1
123 704 1
123 733 1
123 1063 1
123 1078 1
123 1089 1
123 1131 1
123 1167 1
123 1172 1
123 1276 1
123 1289 1
123 1339 1
123 1355 1
123 1376 1
123 1398 1
123 1561 1
123 1720 1
123 2048 1
123 2197 1
123 3261 1
123 3552 1
123 3963 1
123 4102 1
123 4269 1
123 4402 1
123 4643 1
123 5406 1
123 5921 1
123 6362 1
124 12 1
124 15 1
124 16 1
124 18 1
124 22 1
124 26 1
124 42 1
124 45 1
124 68 1
124 71 1
124 89 1
124 104 1
124 115 1
124 257 1
124 312 1
124 540 1
124 624 1
124 633 1
124 844 1
124 3552 1
124 5533 1
125 2 1
125 15 1
125 18 1
125 22 1
125 26 1
125 30 1
125 37 1
125 47 1
125 58 1
125 71 1
125 207 1
125 231 1
125 236 1
125 286 1
125 299 1
125 312 1
125 315 1
125 348 1
125 358 1
125 371 1
125 438 1
125 508 1
125 515 1
125 529 1
125 624 1
125 725 1
125 844 1
125 881 1
125 932 1
125 1063 1
125 1167 1
125 1326 1
125 2763 1
125 3829 1
125 4094 1
125 5406 1
126 6 1
126 15 1
126 18 1
126 26 1
126 30 1
126 34 1
126 104 1
126 115 1
126 120 1
126 312 1
126 438 1
126 5518 1
133 6 1
133 15 1
136 6 1
136 15 1
136 16 1
136 28 1
136 45 1
136 46 1
136 89 1
136 92 1
136 94 1
136 111 1
136 123 1
136 125 1
136 197 1
136 236 1
136 257 1
136 280 1
136 312 1
136 803 1
136 844 1
136 879 1
136 1063 1
136 1078 1
136 2517 1
136 5987 1
139 8 1
139 15 1
139 16 1
139 24 1
139 26 1
139 30 1
139 71 1
139 94 1
139 119 1
139 136 1
139 147 1
139 299 1
139 474 1
139 1376 1
139 2203 1
147 15 1
147 18 1
147 30 1
147 89 1
147 123 1
147 257 1
147 286 1
147 294 1
147 371 1
152 16 1
152 22 1
152 26 1
152 123 1
152 236 1
152 312 1
152 322 1
152 348 1
152 443 1
152 474 1
152 529 1
152 633 1
152 765 1
186 15 1
186 16 1
186 22 1
186 30 1
186 43 1
186 58 1
186 94 1
186 2554 1
186 5406 1
190 2 1
190 12 1
190 15 1
190 16 1
190 18 1
190 22 1
190 41 1
190 58 1
190 71 1
190 94 1
190 111 1
190 125 1
190 207 1
190 294 1
190 299 1
190 371 1
190 508 1
190 515 1
190 631 1
190 653 1
190 718 1
190 733 1
190 844 1
190 879 1
190 1816 1
190 2738 1
190 3691 1
190 4714 1
190 6226 1
191 37 1
191 71 1
191 257 1
191 718 1
196 15 1
196 1339 1
197 12 1
197 15 1
197 26 1
197 28 1
197 30 1
197 34 1
197 69 1
197 72 1
197 89 1
197 111 1
197 844 1
197 1592 1
197 2738 1
197 6376 1
207 2 1
207 15 1
207 16 1
207 18 1
207 22 1
207 69 1
207 71 1
207 94 1
207 104 1
207 111 1
207 227 1
207 236 1
207 307 1
207 532 1
207 561 1
207 844 1
207 1063 1
207 1314 1
207 1345 1
207 4820 1
212 2 1
212 12 1
212 15 1
212 16 1
212 18 1
212 34 1
212 37 1
212 45 1
212 46 1
212 47 1
212 111 1
212 115 1
212 120 1
212 147 1
212 236 1
212 286 1
212 733 1
212 881 1
212 932 1
212 1052 1
212 1078 1
212 1131 1
212 1172 1
212 1339 1
212 1879 1
212 3261 1
226 15 1
226 18 1
226 1554 1
227 8 1
227 15 1
227 26 1
227 28 1
227 42 1
227 236 1
231 9 1
231 12 1
231 15 1
231 22 1
231 25 1
231 28 1
231 34 1
231 37 1
231 45 1
231 46 1
231 47 1
231 71 1
231 89 1
231 120 1
231 136 1
231 147 1
231 294 1
231 333 1
231 434 1
231 438 1
231 532 1
231 844 1
231 2096 1
231 2197 1
231 2674 1
236 6 1
236 15 1
236 16 1
236 18 1
236 22 1
236 26 1
236 28 1
236 34 1
236 37 1
236 41 1
236 45 1
236 58 1
236 69 1
236 89 1
236 120 1
236 197 1
236 231 1
236 294 1
236 312 1
236 371 1
236 474 1
236 489 1
236 548 1
236 801 1
236 803 1
236 1120 1
236 1131 1
236 1376 1
236 2140 1
236 2609 1
236 3108 1
240 6 1
240 26 1
240 68 1
240 94 1
240 111 1
240 299 1
240 358 1
241 58 1
245 6 1
245 8 1
245 15 1
245 18 1
245 22 1
245 41 1
245 42 1
245 89 1
245 115 1
245 120 1
245 123 1
245 125 1
245 126 1
245 152 1
245 257 1
245 286 1
245 290 1
245 474 1
245 548 1
245 561 1
245 631 1
245 1052 1
245 1172 1
245 1339 1
245 1341 1
245 3166 1
245 3877 1
257 2 1
257 6 1
257 8 1
257 15 1
257 18 1
257 22 1
257 42 1
257 45 1
257 46 1
257 58 1
257 68 1
257 69 1
257 71 1
257 111 1
257 136 1
257 186 1
257 197 1
257 207 1
257 236 1
257 280 1
257 286 1
257 299 1
257 307 1
257 312 1
257 333 1
257 348 1
257 438 1
257 474 1
257 561 1
257 624 1
257 735 1
257 838 1
257 844 1
257 932 1
257 1063 1
257 1078 1
257 1089 1
257 1293 1
257 1354 1
257 1659 1
257 2096 1
257 2738 1
257 3691 1
257 4714 1
258 12 1
258 16 1
258 41 1
258 45 1
258 46 1
258 111 1
258 115 1
258 197 1
258 257 1
258 290 1
258 474 1
258 529 1
258 624 1
258 2462 1
271 9 1
271 15 1
271 18 1
271 22 1
271 37 1
271 92 1
271 94 1
271 120 1
271 257 1
271 2966 1
271 3857 1
280 15 1
280 494 1
280 1469 1
280 3952 1
286 2 1
286 12 1
286 16 1
286 18 1
286 22 1
286 26 1
286 30 1
286 37 1
286 41 1
286 42 1
286 43 1
286 58 1
286 68 1
286 72 1
286 89 1
286 119 1
286 123 1
286 147 1
286 190 1
286 226 1
286 227 1
286 280 1
286 307 1
286 322 1
286 337 1
286 371 1
286 474 1
286 478 1
286 530 1
286 533 1
286 540 1
286 624 1
286 735 1
286 844 1
286 881 1
286 888 1
286 1078 1
286 1276 1
286 1285 1
286 1289 1
286 1293 1
286 2299 1
286 2738 1
286 4330 1
286 6226 1
286 6703 1
290 2 1
290 6 1
290 12 1
290 15 1
290 16 1
290 22 1
290 28 1
290 34 1
290 42 1
290 45 1
290 46 1
290 68 1
290 71 1
290 89 1
290 94 1
290 115 1
290 123 1
290 186 1
290 226 1
290 240 1
290 299 1
290 302 1
290 337 1
290 340 1
290 358 1
290 438 1
290 508 1
290 526 1
290 529 1
290 879 1
290 1078 1
290 1172 1
290 1192 1
290 1285 1
290 1295 1
290 1554 1
290 2682 1
290 3301 1
294 6 1
294 8 1
294 18 1
294 19 1
294 25 1
294 68 1
294 69 1
294 115 1
294 120 1
294 123 1
294 124 1
294 125 1
294 227 1
294 257 1
294 280 1
294 290 1
294 299 1
294 312 1
294 315 1
294 474 1
294 489 1
294 844 1
294 1063 1
294 1120 1
294 1172 1
294 2405 1
294 2554 1
294 4549 1
299 6 1
299 15 1
299 16 1
299 18 1
299 22 1
299 26 1
299 30 1
299 37 1
299 45 1
299 58 1
299 71 1
299 72 1
299 83 1
299 89 1
299 94 1
299 120 1
299 123 1
299 125 1
299 340 1
299 342 1
299 443 1
299 522 1
299 725 1
299 1089 1
299 1131 1
299 1289 1
299 1659 1
299 2308 1
299 5938 1
302 6 1
302 9 1
302 12 1
302 15 1
302 16 1
302 18 1
302 22 1
302 26 1
302 28 1
302 30 1
302 33 1
302 43 1
302 46 1
302 68 1
302 69 1
302 71 1
302 74 1
302 115 1
302 120 1
302 147 1
302 190 1
302 207 1
302 258 1
302 312 1
302 361 1
302 474 1
302 508 1
302 844 1
302 903 1
302 1166 1
302 1289 1
302 1341 1
302 1345 1
307 2 1
307 6 1
307 9 1
307 12 1
307 22 1
307 26 1
307 46 1
307 58 1
307 72 1
307 89 1
307 104 1
307 124 1
307 136 1
307 152 1
307 342 1
307 369 1
307 371 1
307 474 1
307 508 1
307 903 1
307 979 1
307 1182 1
307 1376 1
307 3750 1
312 2 1
312 15 1
312 18 1
312 25 1
312 26 1
312 34 1
312 41 1
312 45 1
312 46 1
312 72 1
312 94 1
312 99 1
312 123 1
312 124 1
312 152 1
312 271 1
312 286 1
312 294 1
312 358 1
312 456 1
312 474 1
312 508 1
312 522 1
312 561 1
312 735 1
312 932 1
312 1089 1
312 1293 1
312 2096 1
312 2554 1
315 6 1
315 12 1
315 15 1
315 16 1
315 22 1
315 25 1
315 26 1
315 37 1
315 41 1
315 68 1
315 71 1
315 89 1
315 91 1
315 152 1
315 207 1
315 212 1
315 257 1
315 337 1
315 443 1
315 474 1
315 506 1
315 526 1
315 529 1
315 695 1
315 1172 1
315 4175 1
320 6 1
320 89 1
320 111 1
320 115 1
320 120 1
322 2 1
322 12 1
322 22 1
322 37 1
322 45 1
322 1554 1
333 2 1
333 16 1
333 18 1
333 26 1
333 37 1
333 42 1
333 46 1
333 68 1
333 104 1
333 125 1
333 136 1
333 152 1
333 207 1
333 231 1
333 302 1
333 337 1
333 474 1
333 526 1
333 624 1
333 803 1
333 888 1
333 932 1
333 1166 1
333 1554 1
337 22 1
337 68 1
337 89 1
337 197 1
337 474 1
340 2 1
340 12 1
340 15 1
340 18 1
340 34 1
340 42 1
340 45 1
340 71 1
340 104 1
340 124 1
340 125 1
340 197 1
340 207 1
340 231 1
340 280 1
340 456 1
340 474 1
340 489 1
340 526 1
340 1052 1
340 1879 1
340 2182 1
340 7294 1
342 18 1
342 26 1
342 41 1
342 45 1
342 286 1
342 438 1
342 4714 1
348 2 1
348 6 1
348 15 1
348 18 1
348 22 1
348 26 1
348 37 1
348 45 1
348 60 1
348 104 1
348 115 1
348 236 1
348 474 1
348 932 1
348 1078 1
348 1276 1
358 12 1
358 15 1
358 18 1
358 22 1
358 34 1
358 41 1
358 69 1
358 89 1
358 120 1
358 123 1
358 125 1
358 212 1
358 290 1
358 340 1
358 369 1
358 443 1
358 735 1
358 1172 1
358 1376 1
358 1955 1
361 16 1
361 125 1
361 271 1
361 290 1
361 4065 1
369 15 1
369 22 1
369 120 1
369 190 1
369 280 1
371 2 1
371 9 1
371 15 1
371 22 1
371 34 1
371 68 1
371 72 1
371 111 1
371 115 1
371 231 1
371 236 1
371 245 1
371 312 1
371 506 1
371 529 1
371 1089 1
371 1131 1
371 1172 1
371 1336 1
371 1510 1
371 1889 1
371 4827 1
398 22 1
398 30 1
398 37 1
398 42 1
398 45 1
398 68 1
398 89 1
398 258 1
398 294 1
398 733 1
398 1172 1
398 1326 1
398 5280 1
398 5449 1
434 18 1
434 22 1
434 41 1
434 72 1
434 286 1
434 1336 1
435 6 1
435 16 1
435 18 1
435 22 1
435 34 1
435 43 1
435 68 1
435 115 1
435 312 1
438 12 1
438 15 1
438 16 1
438 18 1
438 26 1
438 37 1
438 42 1
438 45 1
438 47 1
438 68 1
438 72 1
438 74 1
438 89 1
438 94 1
438 115 1
438 245 1
438 257 1
438 271 1
438 307 1
438 312 1
438 371 1
438 456 1
438 514 1
438 515 1
438 530 1
438 548 1
438 612 1
438 624 1
438 854 1
438 1376 1
438 2299 1
443 6 1
443 15 1
443 18 1
443 37 1
443 45 1
443 68 1
443 71 1
443 104 1
443 111 1
443 115 1
443 190 1
443 212 1
443 302 1
443 340 1
443 358 1
443 514 1
443 903 1
443 1276 1
443 1289 1
443 1355 1
443 3552 1
443 5750 1
456 6 1
456 15 1
456 18 1
456 22 1
456 28 1
456 37 1
456 286 1
456 434 1
456 438 1
456 695 1
456 1339 1
474 2 1
474 6 1
474 8 1
474 15 1
474 22 1
474 26 1
474 28 1
474 34 1
474 42 1
474 45 1
474 46 1
474 47 1
474 94 1
474 104 1
474 120 1
474 124 1
474 136 1
474 190 1
474 212 1
474 231 1
474 236 1
474 240 1
474 245 1
474 290 1
474 302 1
474 320 1
474 322 1
474 342 1
474 443 1
474 489 1
474 506 1
474 526 1
474 529 1
474 530 1
474 532 1
474 704 1
474 735 1
474 765 1
474 879 1
474 881 1
474 908 1
474 1120 1
474 1376 1
474 1554 1
474 1889 1
474 2197 1
474 2674 1
474 2738 1
474 3731 1
474 4827 1
474 6263 1
474 7141 1
478 6 1
478 16 1
478 18 1
478 41 1
478 115 1
478 123 1
478 1295 1
478 1355 1
489 15 1
489 16 1
489 18 1
489 26 1
489 45 1
489 89 1
489 125 1
489 257 1
489 312 1
489 443 1
489 1063 1
494 2 1
494 22 1
494 26 1
494 89 1
494 299 1
506 18 1
506 22 1
506 26 1
506 41 1
506 45 1
506 46 1
506 71 1
506 89 1
506 94 1
506 104 1
506 115 1
506 123 1
506 226 1
506 240 1
506 286 1
506 294 1
506 474 1
506 514 1
506 532 1
506 561 1
506 5280 1
508 6 1
508 15 1
508 18 1
508 22 1
508 28 1
508 37 1
508 89 1
508 104 1
508 123 1
508 474 1
508 1295 1
514 2 1
514 12 1
514 15 1
514 18 1
514 28 1
514 34 1
514 45 1
514 58 1
514 111 1
514 115 1
514 136 1
514 186 1
514 286 1
514 294 1
514 371 1
514 1120 1
514 1314 1
514 1720 1
515 15 1
515 18 1
515 733 1
522 6 1
522 15 1
522 16 1
522 22 1
522 37 1
522 72 1
522 94 1
522 124 1
522 333 1
522 1052 1
526 12 1
526 15 1
526 16 1
526 18 1
526 19 1
526 26 1
526 28 1
526 37 1
526 41 1
526 45 1
526 46 1
526 68 1
526 71 1
526 89 1
526 115 1
526 123 1
526 124 1
526 126 1
526 197 1
526 294 1
526 474 1
526 530 1
526 561 1
526 624 1
526 801 1
526 1355 1
526 1659 1
526 2303 1
526 2308 1
526 3691 1
526 4146 1
529 2 1
529 6 1
529 16 1
529 26 1
529 28 1
529 45 1
529 68 1
529 119 1
529 125 1
529 257 1
529 271 1
529 337 1
529 7017 1
530 6 1
530 8 1
530 15 1
530 16 1
530 18 1
530 22 1
530 26 1
530 34 1
530 37 1
530 71 1
530 104 1
530 258 1
530 474 1
530 903 1
532 18 1
532 22 1
532 89 1
532 104 1
532 801 1
532 1276 1
532 1510 1
533 22 1
533 28 1
533 624 1
540 6 1
540 12 1
540 15 1
540 18 1
540 26 1
540 30 1
540 68 1
540 72 1
548 15 1
548 120 1
548 358 1
548 489 1
548 561 1
548 5007 1
561 2 1
561 12 1
561 15 1
561 18 1
561 22 1
561 26 1
561 34 1
561 41 1
561 43 1
561 45 1
561 47 1
561 58 1
561 94 1
561 104 1
561 120 1
561 152 1
561 197 1
561 271 1
561 286 1
561 315 1
561 443 1
561 494 1
561 514 1
561 695 1
561 844 1
561 1063 1
561 1293 1
561 1339 1
561 1345 1
561 1816 1
561 3166 1
561 4402 1
582 6 1
582 9 1
582 15 1
582 16 1
582 18 1
582 22 1
582 25 1
582 26 1
582 34 1
582 42 1
582 46 1
582 58 1
582 68 1
582 94 1
582 99 1
582 104 1
582 120 1
582 123 1
582 126 1
582 207 1
582 231 1
582 240 1
582 258 1
582 271 1
582 286 1
582 290 1
582 299 1
582 307 1
582 312 1
582 434 1
582 474 1
582 530 1
582 561 1
582 735 1
582 1131 1
582 1167 1
582 1289 1
582 1355 1
582 1398 1
582 1510 1
582 1659 1
582 2182 1
582 2299 1
612 9 1
612 16 1
612 22 1
612 765 1
612 932 1
612 1182 1
623 111 1
623 333 1
623 2048 1
624 8 1
624 12 1
624 15 1
624 18 1
624 22 1
624 26 1
624 28 1
624 41 1
624 71 1
624 111 1
624 115 1
624 125 1
624 190 1
624 258 1
624 280 1
624 302 1
624 307 1
624 340 1
624 474 1
624 886 1
624 1089 1
631 72 1
631 231 1
633 15 1
633 18 1
633 45 1
633 111 1
633 474 1
633 624 1
653 12 1
653 15 1
653 18 1
653 30 1
653 42 1
653 45 1
653 46 1
653 111 1
653 115 1
653 286 1
653 294 1
653 1085 1
653 1341 1
653 1376 1
653 2299 1
685 6 1
685 18 1
685 26 1
685 45 1
685 71 1
685 89 1
685 286 1
685 333 1
685 456 1
685 489 1
685 733 1
685 879 1
685 932 1
685 1063 1
685 1131 1
685 1285 1
685 4102 1
695 18 1
695 22 1
695 26 1
695 474 1
695 1469 1
704 12 1
704 16 1
704 123 1
714 15 1
714 126 1
718 1131 1
725 2 1
725 6 1
725 8 1
725 15 1
725 16 1
725 22 1
725 28 1
725 68 1
725 72 1
725 89 1
725 104 1
725 120 1
725 125 1
725 147 1
725 257 1
725 320 1
725 340 1
725 474 1
725 514 1
725 733 1
725 1131 1
725 2308 1
725 2763 1
733 16 1
733 18 1
733 22 1
733 26 1
733 58 1
733 115 1
733 299 1
735 15 1
735 26 1
735 42 1
735 123 1
735 124 1
735 125 1
735 197 1
735 312 1
735 340 1
735 474 1
735 1085 1
735 1341 1
735 1355 1
765 15 1
765 45 1
765 69 1
765 89 1
765 315 1
765 508 1
765 844 1
765 1285 1
801 12 1
801 15 1
801 26 1
801 37 1
801 45 1
801 125 1
801 197 1
801 236 1
801 294 1
801 299 1
801 474 1
801 1293 1
801 2467 1
801 4402 1
803 2 1
803 6 1
803 18 1
803 37 1
803 94 1
803 119 1
803 125 1
803 533 1
803 844 1
838 2 1
838 6 1
838 15 1
838 16 1
838 22 1
838 26 1
838 37 1
838 68 1
838 115 1
838 438 1
838 474 1
838 530 1
838 561 1
838 2517 1
838 4065 1
844 2 1
844 8 1
844 15 1
844 18 1
844 22 1
844 26 1
844 30 1
844 42 1
844 58 1
844 68 1
844 69 1
844 115 1
844 125 1
844 294 1
844 322 1
844 443 1
844 456 1
844 489 1
844 515 1
844 526 1
844 714 1
844 735 1
844 765 1
844 1339 1
844 1816 1
844 4843 1
844 7419 1
854 6 1
854 58 1
854 115 1
854 147 1
854 299 1
854 903 1
854 932 1
854 942 1
879 6 1
879 12 1
879 15 1
879 16 1
879 18 1
879 60 1
879 89 1
879 94 1
879 125 1
879 294 1
879 299 1
879 1052 1
879 1089 1
879 2299 1
879 2405 1
879 2554 1
879 2674 1
879 3552 1
881 6 1
881 18 1
881 136 1
881 307 1
881 2467 1
886 15 1
886 71 1
888 16 1
888 22 1
888 42 1
888 115 1
888 280 1
888 1052 1
888 1085 1
888 1341 1
892 22 1
892 26 1
892 37 1
892 104 1
903 12 1
903 15 1
903 18 1
903 22 1
903 26 1
903 41 1
903 68 1
903 844 1
908 8 1
908 15 1
908 22 1
908 26 1
908 68 1
908 69 1
908 71 1
908 72 1
908 123 1
908 125 1
908 2517 1
922 26 1
932 18 1
932 45 1
932 89 1
932 92 1
932 104 1
932 115 1
932 147 1
932 257 1
932 1131 1
932 1289 1
932 1592 1
932 2303 1
942 6 1
942 19 1
942 26 1
942 111 1
952 26 1
979 15 1
979 120 1
979 286 1
1030 26 1
1030 438 1
1052 15 1
1052 22 1
1052 26 1
1052 28 1
1052 37 1
1052 41 1
1052 68 1
1052 89 1
1052 111 1
1052 231 1
1052 271 1
1052 294 1
1052 322 1
1052 478 1
1052 526 1
1052 725 1
1052 1592 1
1052 1659 1
1063 15 1
1063 18 1
1063 22 1
1063 26 1
1063 37 1
1063 41 1
1063 43 1
1063 45 1
1063 58 1
1063 74 1
1063 89 1
1063 94 1
1063 104 1
1063 123 1
1063 280 1
1063 456 1
1063 529 1
1063 979 1
1063 1131 1
1063 1659 1
1078 22 1
1078 190 1
1085 18 1
1085 41 1
1085 94 1
1085 257 1
1085 358 1
1085 844 1
1089 15 1
1089 47 1
1089 104 1
1089 125 1
1089 126 1
1089 152 1
1089 231 1
1089 286 1
1089 299 1
1089 371 1
1089 515 1
1089 735 1
1120 2 1
1120 15 1
1120 28 1
1120 34 1
1120 45 1
1120 71 1
1120 561 1
1120 2517 1
1131 6 1
1131 22 1
1131 37 1
1131 42 1
1131 72 1
1131 94 1
1131 115 1
1131 123 1
1131 190 1
1131 231 1
1131 236 1
1131 290 1
1131 358 1
1131 443 1
1131 474 1
1131 489 1
1131 522 1
1131 526 1
1131 704 1
1131 735 1
1131 932 1
1131 1314 1
1131 2566 1
1131 3481 1
1131 5406 1
1131 5518 1
1166 22 1
1166 526 1
1166 1289 1
1167 18 1
1167 45 1
1167 47 1
1167 72 1
1167 240 1
1167 257 1
1172 12 1
1172 18 1
1172 28 1
1172 45 1
1172 89 1
1172 111 1
1172 147 1
1172 197 1
1172 315 1
1172 1078 1
1172 5921 1
1182 2 1
1182 15 1
1182 22 1
1182 115 1
1182 340 1
1188 30 1
1188 89 1
1188 94 1
1188 725 1
1188 1172 1
1192 15 1
1192 18 1
1192 41 1
1192 46 1
1192 89 1
1192 197 1
1192 245 1
1192 312 1
1192 435 1
1192 514 1
1192 6381 1
1228 22 1
1228 26 1
1270 89 1
1276 15 1
1276 18 1
1276 22 1
1276 26 1
1276 46 1
1276 115 1
1276 290 1
1276 443 1
1276 514 1
1276 1172 1
1276 2299 1
1285 245 1
1285 312 1
1285 456 1
1285 2467 1
1289 15 1
1289 18 1
1289 22 1
1289 26 1
1289 94 1
1289 104 1
1289 111 1
1289 115 1
1289 443 1
1289 854 1
1293 22 1
1293 28 1
1293 45 1
1293 71 1
1293 245 1
1295 6 1
1295 16 1
1295 115 1
1314 2 1
1314 68 1
1314 340 1
1326 2 1
1326 18 1
1326 26 1
1326 71 1
1326 72 1
1326 89 1
1326 115 1
1326 633 1
1339 2 1
1339 12 1
1339 15 1
1339 22 1
1339 26 1
1339 37 1
1339 46 1
1339 207 1
1339 286 1
1339 358 1
1339 844 1
1339 942 1
1339 4843 1
1341 18 1
1341 22 1
1341 24 1
1341 94 1
1341 120 1
1341 333 1
1341 438 1
1341 1172 1
1341 4146 1
1341 5406 1
1345 46 1
1345 123 1
1345 257 1
1345 1617 1
1354 6 1
1355 2 1
1355 6 1
1355 12 1
1355 15 1
1355 16 1
1355 22 1
1355 89 1
1355 115 1
1355 197 1
1355 299 1
1355 854 1
1376 15 1
1376 18 1
1376 26 1
1376 45 1
1376 71 1
1376 89 1
1376 94 1
1376 104 1
1376 123 1
1376 136 1
1376 340 1
1376 474 1
1376 1172 1
1376 1339 1
1398 16 1
1469 15 1
1510 2 1
1510 6 1
1510 18 1
1510 26 1
1510 42 1
1510 45 1
1510 68 1
1510 257 1
1510 435 1
1554 6 1
1554 15 1
1554 16 1
1554 26 1
1554 37 1
1554 71 1
1554 72 1
1554 735 1
1554 879 1
1554 1345 1
1559 22 1
1559 26 1
1559 37 1
1559 438 1
1561 18 1
1561 22 1
1561 26 1
1561 58 1
1561 725 1
1561 1592 1
1592 16 1
1592 28 1
1592 71 1
1603 8 1
1603 26 1
1617 15 1
1617 22 1
1617 26 1
1617 34 1
1617 68 1
1617 190 1
1647 18 1
1647 104 1
1659 2 1
1659 6 1
1659 16 1
1659 18 1
1659 26 1
1659 68 1
1659 197 1
1676 227 1
1720 12 1
1720 68 1
1738 530 1
1793 15 1
1793 47 1
1793 94 1
1793 147 1
1793 443 1
1816 16 1
1816 18 1
1816 22 1
1879 22 1
1879 26 1
1879 37 1
1879 236 1
1889 6 1
1889 15 1
1889 16 1
1889 22 1
1889 34 1
1889 68 1
1889 271 1
1889 315 1
1889 478 1
1889 561 1
1955 653 1
1955 1052 1
1986 280 1
2040 22 1
2048 26 1
2048 45 1
2048 89 1
2048 120 1
2048 123 1
2048 286 1
2096 18 1
2096 26 1
2096 37 1
2096 474 1
2140 15 1
2140 45 1
2140 71 1
2140 123 1
2140 294 1
2141 12 1
2182 15 1
2182 28 1
2197 125 1
2197 340 1
2197 3950 1
2299 2 1
2299 12 1
2299 15 1
2299 16 1
2299 18 1
2299 28 1
2299 58 1
2299 125 1
2299 3750 1
2303 18 1
2303 68 1
2303 320 1
2303 474 1
2303 733 1
2303 908 1
2305 18 1
2308 2 1
2308 18 1
2308 22 1
2308 26 1
2308 28 1
2308 69 1
2308 72 1
2308 120 1
2308 358 1
2308 474 1
2308 653 1
2343 22 1
2405 2 1
2405 8 1
2405 18 1
2405 22 1
2405 26 1
2405 71 1
2462 37 1
2467 15 1
2467 22 1
2467 71 1
2467 271 1
2467 1376 1
2490 16 1
2490 22 1
2490 299 1
2490 506 1
2490 1355 1
2517 15 1
2554 15 1
2554 22 1
2554 42 1
2554 89 1
2554 125 1
2554 207 1
2554 3691 1
2566 18 1
2573 45 1
2573 257 1
2573 844 1
2592 22 1
2592 26 1
2592 340 1
2592 474 1
2592 1172 1
2597 280 1
2609 12 1
2609 68 1
2609 104 1
2609 494 1
2609 529 1
2612 6 1
2612 28 1
2653 94 1
2674 6 1
2674 22 1
2674 26 1
2674 28 1
2674 147 1
2674 1339 1
2682 16 1
2682 18 1
2682 312 1
2738 2 1
2738 68 1
2738 369 1
2738 1293 1
2763 12 1
2763 104 1
2763 111 1
2866 26 1
2866 125 1
2866 299 1
2966 26 1
2966 89 1
3108 15 1
3108 18 1
3163 15 1
3163 22 1
3163 257 1
3166 6 1
3166 18 1
3166 245 1
3261 6 1
3261 18 1
3261 43 1
3301 508 1
3480 16 1
3552 15 1
3552 18 1
3552 22 1
3552 89 1
3552 123 1
3596 2 1
3596 26 1
3596 37 1
3596 89 1
3596 312 1
3606 16 1
3606 506 1
3607 15 1
3607 22 1
3691 18 1
3691 104 1
3691 123 1
3731 15 1
3731 16 1
3731 290 1
3731 443 1
3750 12 1
3750 26 1
3750 28 1
3750 37 1
3750 71 1
3750 111 1
3750 290 1
3750 3607 1
3815 6 1
3815 190 1
3829 26 1
3857 15 1
3857 16 1
3857 22 1
3857 312 1
3877 26 1
3878 22 1
3878 125 1
3952 15 1
3963 15 1
3963 16 1
3963 18 1
3963 22 1
4065 286 1
4065 1172 1
4094 22 1
4102 26 1
4102 612 1
4102 844 1
4102 854 1
4146 22 1
4146 26 1
4146 120 1
4146 530 1
4146 1192 1
4166 42 1
4175 16 1
4176 22 1
4330 22 1
4402 123 1
4435 111 1
4437 12 1
4437 290 1
4549 15 1
4549 22 1
4549 474 1
4644 15 1
4644 286 1
4714 15 1
4714 19 1
4714 26 1
4714 37 1
4714 47 1
4714 844 1
4818 12 1
4818 71 1
4820 2 1
4820 45 1
4827 15 1
4843 18 1
4843 1554 1
4868 6 1
4868 37 1
4868 71 1
4877 438 1
5007 26 1
5039 340 1
5101 290 1
5280 18 1
5280 7143 1
5340 15 1
5406 15 1
5406 16 1
5406 22 1
5406 26 1
5406 28 1
5406 92 1
5406 123 1
5406 299 1
5406 474 1
5406 1131 1
5409 190 1
5449 45 1
5457 22 1
5480 1182 1
5518 46 1
5518 474 1
5533 16 1
5533 18 1
5750 18 1
5921 12 1
5921 15 1
5921 18 1
5921 68 1
5921 69 1
5921 212 1
5921 340 1
5921 1172 1
5938 58 1
5938 5406 1
5976 125 1
5987 34 1
6019 111 1
6068 37 1
6152 6 1
6152 15 1
6152 139 1
6226 26 1
6263 16 1
6263 71 1
6263 125 1
6263 197 1
6263 286 1
6362 22 1
6362 24 1
6376 15 1
6376 26 1
6381 340 1
6598 115 1
6660 89 1
6673 15 1
6673 16 1
6673 18 1
6703 15 1
7143 22 1
7143 89 1
7154 15 1
7294 16 1
7340 2 1
7419 15 1
7452 30 1
7469 2 1
7683 22 1
