2 6 1
2 8 1
2 12 1
2 16 1
2 18 1
2 22 1
2 25 1
2 26 1
2 28 1
2 37 1
2 41 1
2 46 1
2 58 1
2 68 1
2 69 1
2 94 1
2 104 1
2 123 1
2 124 1
2 186 1
2 190 1
2 207 1
2 227 1
2 236 1
2 271 1
2 280 1
2 312 1
2 322 1
2 348 1
2 515 1
2 561 1
2 733 1
2 844 1
2 908 1
2 1188 1
2 1293 1
2 1341 1
2 1355 1
2 1554 1
2 1659 1
2 1955 1
2 2299 1
2 2517 1
2 2738 1
2 3552 1
2 4094 1
6 2 1
6 8 1
6 12 1
6 15 1
6 18 1
6 24 1
6 25 1
6 34 1
6 37 1
6 41 1
6 46 1
6 68 1
6 72 1
6 89 1
6 111 1
6 115 1
6 120 1
6 123 1
6 125 1
6 126 1
6 147 1
6 190 1
6 207 1
6 227 1
6 231 1
6 236 1
6 245 1
6 280 1
6 290 1
6 315 1
6 371 1
6 438 1
6 474 1
6 489 1
6 494 1
6 508 1
6 514 1
6 522 1
6 529 1
6 530 1
6 532 1
6 540 1
6 548 1
6 561 1
6 631 1
6 765 1
6 844 1
6 922 1
6 932 1
6 1052 1
6 1063 1
6 1089 1
6 1131 1
6 1172 1
6 1182 1
6 1188 1
6 1295 1
6 1376 1
6 1559 1
6 2048 1
6 2141 1
6 2343 1
6 2405 1
6 2653 1
6 2674 1
6 2738 1
6 3552 1
6 4094 1
6 4146 1
6 5406 1
6 5921 1
8 15 1
8 16 1
8 18 1
8 26 1
8 30 1
8 72 1
8 94 1
8 104 1
8 111 1
8 115 1
8 125 1
8 190 1
8 197 1
8 240 1
8 286 1
8 358 1
8 526 1
8 704 1
8 765 1
8 1345 1
8 1355 1
8 2653 1
9 6 1
9 15 1
9 16 1
9 18 1
9 22 1
9 37 1
9 45 1
9 69 1
9 72 1
9 147 1
9 257 1
9 315 1
9 474 1
9 529 1
9 735 1
9 765 1
9 903 1
9 1172 1
9 1345 1
12 2 1
12 8 1
12 15 1
12 18 1
12 19 1
12 26 1
12 30 1
12 37 1
12 42 1
12 45 1
12 46 1
12 83 1
12 89 1
12 92 1
12 111 1
12 120 1
12 125 1
12 126 1
12 136 1
12 152 1
12 190 1
12 197 1
12 280 1
12 290 1
12 312 1
12 348 1
12 369 1
12 443 1
12 478 1
12 508 1
12 540 1
12 624 1
12 735 1
12 803 1
12 844 1
12 1063 1
12 1089 1
12 1120 1
12 1131 1
12 1172 1
12 1339 1
12 1341 1
12 2517 1
12 3552 1
12 3857 1
12 4330 1
12 5987 1
15 2 1
15 6 1
15 8 1
15 18 1
15 37 1
15 42 1
15 46 1
15 47 1
15 68 1
15 69 1
15 71 1
15 72 1
15 74 1
15 92 1
15 94 1
15 104 1
15 111 1
15 120 1
15 125 1
15 207 1
15 236 1
15 245 1
15 258 1
15 280 1
15 294 1
15 302 1
15 312 1
15 315 1
15 320 1
15 333 1
15 340 1
15 348 1
15 358 1
15 435 1
15 438 1
15 443 1
15 508 1
15 514 1
15 526 1
15 529 1
15 533 1
15 704 1
15 735 1
15 881 1
15 888 1
15 903 1
15 932 1
15 1052 1
15 1063 1
15 1078 1
15 1089 1
15 1131 1
15 1188 1
15 1289 1
15 1295 1
15 1326 1
15 1339 1
15 1659 1
15 1879 1
15 2517 1
15 2612 1
15 3108 1
15 3166 1
15 3301 1
15 3731 1
15 3750 1
15 4330 1
15 5866 1
15 6376 1
16 6 1
16 8 1
16 12 1
16 15 1
16 19 1
16 24 1
16 26 1
16 28 1
16 30 1
16 34 1
16 37 1
16 41 1
16 45 1
16 47 1
16 58 1
16 68 1
16 69 1
16 71 1
16 72 1
16 89 1
16 92 1
16 94 1
16 111 1
16 115 1
16 120 1
16 123 1
16 125 1
16 126 1
16 147 1
16 152 1
16 186 1
16 197 1
16 226 1
16 236 1
16 240 1
16 271 1
16 280 1
16 290 1
16 294 1
16 299 1
16 315 1
16 337 1
16 342 1
16 358 1
16 369 1
16 434 1
16 435 1
16 438 1
16 443 1
16 474 1
16 478 1
16 494 1
16 506 1
16 508 1
16 515 1
16 522 1
16 526 1
16 529 1
16 530 1
16 532 1
16 533 1
16 548 1
16 612 1
16 624 1
16 631 1
16 633 1
16 653 1
16 685 1
16 695 1
16 704 1
16 718 1
16 733 1
16 735 1
16 765 1
16 838 1
16 844 1
16 854 1
16 881 1
16 888 1
16 892 1
16 903 1
16 932 1
16 942 1
16 1052 1
16 1063 1
16 1078 1
16 1131 1
16 1166 1
16 1167 1
16 1172 1
16 1182 1
16 1188 1
16 1228 1
16 1295 1
16 1339 1
16 1341 1
16 1354 1
16 1355 1
16 1398 1
16 1510 1
16 1592 1
16 1659 1
16 1816 1
16 1889 1
16 1955 1
16 2040 1
16 2048 1
16 2197 1
16 2405 1
16 2462 1
16 2467 1
16 2490 1
16 2517 1
16 2554 1
16 2738 1
16 2966 1
16 3166 1
16 3375 1
16 3691 1
16 3750 1
16 3857 1
16 3963 1
16 4094 1
16 4146 1
16 4402 1
16 4435 1
16 4515 1
16 4549 1
16 4644 1
16 4818 1
16 4820 1
16 5280 1
16 5449 1
16 5533 1
16 5750 1
16 5938 1
16 6381 1
16 7469 1
16 7683 1
18 6 1
18 9 1
18 12 1
18 15 1
18 16 1
18 19 1
18 22 1
18 26 1
18 28 1
18 30 1
18 34 1
18 37 1
18 41 1
18 42 1
18 43 1
18 45 1
18 46 1
18 47 1
18 68 1
18 69 1
18 71 1
18 72 1
18 74 1
18 104 1
18 111 1
18 115 1
18 119 1
18 120 1
18 123 1
18 124 1
18 139 1
18 147 1
18 190 1
18 197 1
18 212 1
18 231 1
18 236 1
18 240 1
18 245 1
18 257 1
18 271 1
18 280 1
18 286 1
18 294 1
18 299 1
18 302 1
18 312 1
18 315 1
18 320 1
18 322 1
18 333 1
18 342 1
18 348 1
18 371 1
18 434 1
18 435 1
18 438 1
18 443 1
18 456 1
18 474 1
18 489 1
18 494 1
18 508 1
18 522 1
18 526 1
18 530 1
18 533 1
18 561 1
18 653 1
18 685 1
18 695 1
18 704 1
18 714 1
18 725 1
18 733 1
18 735 1
18 801 1
18 803 1
18 844 1
18 879 1
18 881 1
18 903 1
18 922 1
18 1052 1
18 1089 1
18 1131 1
18 1167 1
18 1172 1
18 1192 1
18 1276 1
18 1295 1
18 1339 1
18 1354 1
18 1376 1
18 1469 1
18 1554 1
18 1592 1
18 1659 1
18 1720 1
18 1889 1
18 2303 1
18 2405 1
18 2462 1
18 2738 1
18 2763 1
18 3166 1
18 3301 1
18 3552 1
18 3731 1
18 3750 1
18 3963 1
18 4175 1
18 4644 1
18 4714 1
18 4820 1
18 7154 1
19 6 1
19 15 1
19 18 1
19 22 1
19 26 1
19 312 1
22 6 1
22 12 1
22 15 1
22 16 1
22 18 1
22 19 1
22 26 1
22 30 1
22 37 1
22 42 1
22 43 1
22 45 1
22 46 1
22 47 1
22 58 1
22 60 1
22 69 1
22 71 1
22 72 1
22 74 1
22 89 1
22 91 1
22 92 1
22 94 1
22 104 1
22 111 1
22 119 1
22 120 1
22 123 1
22 124 1
22 147 1
22 186 1
22 190 1
22 191 1
22 196 1
22 197 1
22 207 1
22 226 1
22 231 1
22 240 1
22 241 1
22 245 1
22 257 1
22 258 1
22 271 1
22 280 1
22 290 1
22 294 1
22 299 1
22 302 1
22 315 1
22 320 1
22 322 1
22 333 1
22 337 1
22 348 1
22 369 1
22 371 1
22 398 1
22 434 1
22 438 1
22 443 1
22 456 1
22 489 1
22 494 1
22 506 1
22 508 1
22 514 1
22 522 1
22 530 1
22 540 1
22 561 1
22 623 1
22 624 1
22 653 1
22 695 1
22 733 1
22 735 1
22 801 1
22 803 1
22 844 1
22 854 1
22 881 1
22 888 1
22 903 1
22 908 1
22 942 1
22 1052 1
22 1063 1
22 1085 1
22 1089 1
22 1120 1
22 1131 1
22 1167 1
22 1172 1
22 1182 1
22 1192 1
22 1276 1
22 1285 1
22 1289 1
22 1293 1
22 1326 1
22 1339 1
22 1341 1
22 1345 1
22 1355 1
22 1376 1
22 1510 1
22 1554 1
22 1592 1
22 1603 1
22 1659 1
22 1889 1
22 2048 1
22 2197 1
22 2203 1
22 2303 1
22 2405 1
22 2554 1
22 2592 1
22 2674 1
22 2738 1
22 2866 1
22 3301 1
22 3375 1
22 3552 1
22 3606 1
22 3607 1
22 3691 1
22 3750 1
22 3950 1
22 4065 1
22 4094 1
22 4102 1
22 4146 1
22 4269 1
22 4330 1
22 4402 1
22 4435 1
22 4644 1
22 4714 1
22 5007 1
22 5024 1
22 5039 1
22 5101 1
22 5280 1
22 5406 1
22 5533 1
22 5938 1
22 6068 1
22 6376 1
22 6673 1
22 6703 1
22 7143 1
22 7452 1
24 12 1
24 15 1
24 240 1
24 280 1
24 315 1
24 474 1
24 695 1
24 1167 1
25 6 1
25 15 1
25 16 1
25 22 1
25 26 1
25 28 1
25 30 1
25 41 1
25 46 1
25 71 1
25 120 1
25 123 1
25 124 1
25 125 1
25 1131 1
25 1167 1
25 1676 1
25 2609 1
26 6 1
26 9 1
26 12 1
26 15 1
26 28 1
26 30 1
26 34 1
26 41 1
26 42 1
26 46 1
26 47 1
26 58 1
26 68 1
26 69 1
26 72 1
26 89 1
26 94 1
26 104 1
26 123 1
26 124 1
26 125 1
26 126 1
26 133 1
26 147 1
26 152 1
26 186 1
26 190 1
26 196 1
26 212 1
26 236 1
26 240 1
26 280 1
26 290 1
26 312 1
26 315 1
26 358 1
26 371 1
26 434 1
26 435 1
26 438 1
26 456 1
26 506 1
26 522 1
26 526 1
26 529 1
26 532 1
26 533 1
26 540 1
26 548 1
26 561 1
26 582 1
26 623 1
26 631 1
26 633 1
26 685 1
26 725 1
26 735 1
26 765 1
26 801 1
26 838 1
26 844 1
26 881 1
26 922 1
26 942 1
26 1052 1
26 1289 1
26 1314 1
26 1326 1
26 1345 1
26 1659 1
26 1793 1
26 1816 1
26 2405 1
26 2554 1
26 2573 1
26 2674 1
26 3261 1
26 4714 1
26 6362 1
26 6673 1
26 7294 1
28 2 1
28 8 1
28 12 1
28 18 1
28 19 1
28 22 1
28 25 1
28 26 1
28 30 1
28 33 1
28 34 1
28 37 1
28 42 1
28 43 1
28 45 1
28 46 1
28 68 1
28 71 1
28 74 1
28 89 1
28 92 1
28 94 1
28 104 1
28 111 1
28 115 1
28 119 1
28 120 1
28 124 1
28 125 1
28 136 1
28 139 1
28 190 1
28 191 1
28 197 1
28 212 1
28 231 1
28 236 1
28 258 1
28 294 1
28 299 1
28 307 1
28 312 1
28 315 1
28 320 1
28 322 1
28 333 1
28 337 1
28 340 1
28 348 1
28 358 1
28 371 1
28 443 1
28 456 1
28 474 1
28 489 1
28 506 1
28 526 1
28 548 1
28 624 1
28 725 1
28 765 1
28 801 1
28 844 1
28 854 1
28 879 1
28 881 1
28 932 1
28 942 1
28 1063 1
28 1276 1
28 1285 1
28 1293 1
28 1314 1
28 1339 1
28 1341 1
28 1355 1
28 1376 1
28 1720 1
28 2490 1
28 3552 1
28 4102 1
28 5406 1
28 6660 1
30 2 1
30 6 1
30 8 1
30 16 1
30 22 1
30 26 1
30 34 1
30 37 1
30 41 1
30 43 1
30 46 1
30 47 1
30 68 1
30 71 1
30 94 1
30 111 1
30 120 1
30 152 1
30 190 1
30 197 1
30 257 1
30 258 1
30 271 1
30 290 1
30 294 1
30 302 1
30 337 1
30 348 1
30 456 1
30 474 1
30 526 1
30 530 1
30 932 1
30 942 1
30 1063 1
30 1120 1
30 1167 1
30 1182 1
30 1285 1
30 1314 1
30 1339 1
30 1879 1
30 2462 1
30 2554 1
30 3552 1
30 3857 1
30 3952 1
30 4146 1
30 4435 1
30 4714 1
30 5406 1
33 18 1
33 125 1
34 2 1
34 6 1
34 8 1
34 12 1
34 15 1
34 16 1
34 18 1
34 25 1
34 26 1
34 37 1
34 45 1
34 58 1
34 68 1
34 72 1
34 74 1
34 94 1
34 111 1
34 115 1
34 123 1
34 124 1
34 136 1
34 152 1
34 190 1
34 197 1
34 207 1
34 271 1
34 286 1
34 290 1
34 294 1
34 434 1
34 456 1
34 474 1
34 478 1
34 515 1
34 735 1
34 881 1
34 932 1
34 1120 1
34 1354 1
34 1659 1
34 3815 1
34 4437 1
34 4714 1
37 6 1
37 9 1
37 12 1
37 15 1
37 16 1
37 18 1
37 22 1
37 26 1
37 28 1
37 41 1
37 45 1
37 58 1
37 74 1
37 89 1
37 111 1
37 115 1
37 120 1
37 123 1
37 125 1
37 136 1
37 207 1
37 212 1
37 227 1
37 257 1
37 258 1
37 299 1
37 312 1
37 434 1
37 443 1
37 474 1
37 514 1
37 530 1
37 561 1
37 704 1
37 725 1
37 733 1
37 735 1
37 892 1
37 932 1
37 942 1
37 1167 1
37 1376 1
37 1659 1
37 2467 1
37 2674 1
37 3552 1
37 3691 1
37 4868 1
37 5921 1
41 12 1
41 16 1
41 18 1
41 22 1
41 26 1
41 28 1
41 34 1
41 42 1
41 45 1
41 46 1
41 71 1
41 92 1
41 115 1
41 136 1
41 207 1
41 271 1
41 286 1
41 299 1
41 340 1
41 371 1
41 474 1
41 526 1
41 530 1
41 695 1
41 725 1
41 844 1
41 854 1
41 1052 1
41 1063 1
41 1289 1
41 1659 1
42 2 1
42 16 1
42 34 1
42 45 1
42 58 1
42 92 1
42 111 1
42 120 1
42 136 1
42 152 1
42 245 1
42 286 1
42 299 1
42 340 1
42 358 1
42 438 1
42 443 1
42 474 1
42 506 1
42 548 1
42 582 1
42 1052 1
42 1078 1
42 1293 1
42 2299 1
42 5280 1
43 6 1
43 8 1
43 15 1
43 16 1
43 22 1
43 26 1
43 37 1
43 45 1
43 69 1
43 71 1
43 72 1
43 104 1
43 115 1
43 120 1
43 125 1
43 190 1
43 196 1
43 231 1
43 236 1
43 245 1
43 257 1
43 474 1
43 506 1
43 561 1
43 612 1
43 932 1
43 1085 1
43 1131 1
43 1554 1
43 2048 1
43 2554 1
43 5406 1
43 6152 1
45 2 1
45 6 1
45 8 1
45 12 1
45 15 1
45 22 1
45 25 1
45 28 1
45 30 1
45 37 1
45 41 1
45 43 1
45 68 1
45 89 1
45 92 1
45 94 1
45 125 1
45 136 1
45 190 1
45 197 1
45 227 1
45 231 1
45 236 1
45 245 1
45 290 1
45 299 1
45 312 1
45 443 1
45 474 1
45 489 1
45 515 1
45 624 1
45 653 1
45 803 1
45 854 1
45 903 1
45 952 1
45 979 1
45 1052 1
45 1085 1
45 1089 1
45 1131 1
45 1167 1
45 1172 1
45 1182 1
45 1192 1
45 1289 1
45 1293 1
45 1314 1
45 1355 1
45 1554 1
45 1592 1
45 1691 1
45 1879 1
45 2763 1
45 3481 1
45 3691 1
45 4714 1
45 5406 1
45 5921 1
45 7419 1
46 6 1
46 8 1
46 9 1
46 15 1
46 16 1
46 18 1
46 26 1
46 28 1
46 34 1
46 41 1
46 45 1
46 68 1
46 69 1
46 71 1
46 89 1
46 92 1
46 94 1
46 104 1
46 111 1
46 115 1
46 120 1
46 207 1
46 231 1
46 236 1
46 257 1
46 280 1
46 299 1
46 312 1
46 438 1
46 456 1
46 540 1
46 561 1
46 725 1
46 801 1
46 888 1
46 903 1
46 1276 1
46 1289 1
46 1339 1
46 1617 1
46 3750 1
46 3963 1
46 5921 1
47 6 1
47 12 1
47 45 1
47 58 1
47 72 1
47 94 1
47 125 1
47 190 1
47 320 1
47 340 1
47 456 1
47 489 1
47 1561 1
58 6 1
58 9 1
58 15 1
58 18 1
58 26 1
58 28 1
58 30 1
58 41 1
58 42 1
58 43 1
58 45 1
58 68 1
58 71 1
58 74 1
58 83 1
58 104 1
58 120 1
58 123 1
58 147 1
58 190 1
58 197 1
58 212 1
58 231 1
58 236 1
58 240 1
58 257 1
58 258 1
58 286 1
58 290 1
58 294 1
58 307 1
58 340 1
58 348 1
58 358 1
58 371 1
58 438 1
58 474 1
58 489 1
58 506 1
58 522 1
58 695 1
58 725 1
58 733 1
58 735 1
58 844 1
58 879 1
58 1089 1
58 1120 1
58 1172 1
58 1326 1
58 1889 1
58 2096 1
58 2405 1
58 2682 1
58 3829 1
58 4102 1
58 4843 1
60 6 1
60 16 1
60 18 1
60 22 1
60 37 1
60 58 1
60 68 1
60 71 1
60 94 1
60 115 1
60 120 1
60 286 1
60 1182 1
68 2 1
68 8 1
68 9 1
68 15 1
68 18 1
68 22 1
68 26 1
68 41 1
68 43 1
68 45 1
68 58 1
68 69 1
68 71 1
68 94 1
68 111 1
68 115 1
68 120 1
68 126 1
68 136 1
68 147 1
68 207 1
68 231 1
68 257 1
68 258 1
68 271 1
68 294 1
68 337 1
68 340 1
68 342 1
68 348 1
68 358 1
68 371 1
68 438 1
68 443 1
68 474 1
68 478 1
68 506 1
68 508 1
68 522 1
68 530 1
68 561 1
68 624 1
68 653 1
68 735 1
68 844 1
68 854 1
68 888 1
68 903 1
68 932 1
68 1052 1
68 1063 1
68 1131 1
68 1289 1
68 1326 1
68 1339 1
68 1355 1
68 1592 1
68 1659 1
68 2517 1
68 2566 1
68 3261 1
68 3691 1
68 4827 1
68 5406 1
68 6263 1
68 6673 1
69 2 1
69 12 1
69 18 1
69 42 1
69 45 1
69 91 1
69 125 1
69 240 1
69 290 1
69 358 1
69 2467 1
69 2612 1
71 2 1
71 9 1
71 18 1
71 19 1
71 24 1
71 26 1
71 37 1
71 41 1
71 42 1
71 47 1
71 69 1
71 104 1
71 111 1
71 115 1
71 120 1
71 123 1
71 125 1
71 139 1
71 152 1
71 186 1
71 207 1
71 236 1
71 271 1
71 290 1
71 312 1
71 337 1
71 443 1
71 474 1
71 514 1
71 526 1
71 529 1
71 533 1
71 561 1
71 653 1
71 725 1
71 838 1
71 854 1
71 886 1
71 932 1
71 1052 1
71 1063 1
71 1078 1
71 1085 1
71 1131 1
71 1172 1
71 1192 1
71 1659 1
71 1816 1
71 2096 1
71 2308 1
71 2554 1
71 2612 1
71 2763 1
71 3261 1
71 3552 1
71 7017 1
71 7143 1
72 2 1
72 15 1
72 18 1
72 28 1
72 41 1
72 45 1
72 68 1
72 71 1
72 89 1
72 92 1
72 104 1
72 111 1
72 196 1
72 257 1
72 290 1
72 294 1
72 312 1
72 358 1
72 456 1
72 508 1
72 529 1
72 1089 1
72 1376 1
72 1398 1
72 1510 1
72 1554 1
72 4102 1
74 6 1
74 45 1
74 47 1
74 71 1
74 120 1
74 190 1
74 340 1
74 358 1
83 2 1
83 15 1
83 16 1
83 18 1
83 26 1
83 30 1
83 45 1
83 125 1
83 136 1
83 212 1
83 231 1
83 290 1
83 561 1
83 844 1
83 879 1
83 888 1
83 1339 1
83 2462 1
89 2 1
89 8 1
89 9 1
89 15 1
89 18 1
89 22 1
89 25 1
89 26 1
89 33 1
89 37 1
89 41 1
89 42 1
89 43 1
89 46 1
89 68 1
89 71 1
89 94 1
89 115 1
89 120 1
89 123 1
89 125 1
89 147 1
89 190 1
89 197 1
89 227 1
89 231 1
89 240 1
89 294 1
89 302 1
89 312 1
89 315 1
89 342 1
89 348 1
89 369 1
89 438 1
89 474 1
89 508 1
89 514 1
89 526 1
89 532 1
89 624 1
89 631 1
89 695 1
89 733 1
89 735 1
89 803 1
89 881 1
89 932 1
89 979 1
89 1052 1
89 1078 1
89 1089 1
89 1167 1
89 1172 1
89 1192 1
89 1276 1
89 1293 1
89 2197 1
89 2554 1
89 3261 1
89 7452 1
91 15 1
91 104 1
91 286 1
91 2197 1
92 2 1
92 6 1
92 15 1
92 16 1
92 18 1
92 26 1
92 41 1
92 45 1
92 60 1
92 72 1
92 89 1
92 104 1
92 139 1
92 240 1
92 271 1
92 299 1
92 312 1
92 333 1
92 348 1
92 438 1
92 704 1
92 1078 1
92 2299 1
92 4176 1
94 2 1
94 6 1
94 12 1
94 15 1
94 18 1
94 28 1
94 34 1
94 37 1
94 42 1
94 45 1
94 46 1
94 58 1
94 60 1
94 68 1
94 71 1
94 72 1
94 104 1
94 115 1
94 123 1
94 125 1
94 245 1
94 280 1
94 286 1
94 299 1
94 307 1
94 315 1
94 348 1
94 371 1
94 456 1
94 474 1
94 489 1
94 506 1
94 695 1
94 803 1
94 844 1
94 886 1
94 932 1
94 1085 1
94 1131 1
94 1172 1
94 1182 1
94 1276 1
94 1289 1
94 1326 1
94 1617 1
94 2299 1
94 3481 1
94 7419 1
99 6 1
99 16 1
99 26 1
99 43 1
99 58 1
99 68 1
99 69 1
99 89 1
99 104 1
99 111 1
99 115 1
99 120 1
99 212 1
99 240 1
99 257 1
99 286 1
99 320 1
99 371 1
99 443 1
99 456 1
99 561 1
99 803 1
99 844 1
99 854 1
99 1089 1
99 1341 1
99 2674 1
99 3952 1
104 2 1
104 6 1
104 12 1
104 15 1
104 16 1
104 18 1
104 22 1
104 28 1
104 30 1
104 41 1
104 45 1
104 68 1
104 89 1
104 111 1
104 120 1
104 123 1
104 125 1
104 126 1
104 147 1
104 197 1
104 231 1
104 236 1
104 258 1
104 294 1
104 299 1
104 348 1
104 358 1
104 529 1
104 540 1
104 561 1
104 653 1
104 685 1
104 879 1
104 903 1
104 932 1
104 1052 1
104 1063 1
104 1078 1
104 1120 1
104 1172 1
104 1192 1
104 1285 1
104 1314 1
104 1376 1
104 1554 1
104 1720 1
104 2303 1
104 2308 1
104 4402 1
104 4714 1
104 5406 1
104 7141 1
111 6 1
111 15 1
111 16 1
111 18 1
111 22 1
111 26 1
111 28 1
111 30 1
111 34 1
111 37 1
111 41 1
111 42 1
111 45 1
111 46 1
111 58 1
111 68 1
111 89 1
111 94 1
111 123 1
111 136 1
111 147 1
111 191 1
111 245 1
111 257 1
111 271 1
111 286 1
111 371 1
111 434 1
111 438 1
111 474 1
111 478 1
111 494 1
111 695 1
111 714 1
111 844 1
111 892 1
111 1052 1
111 1120 1
111 1131 1
111 1167 1
111 1172 1
111 1561 1
111 2197 1
111 2299 1
111 2462 1
111 2554 1
111 4402 1
111 4714 1
111 5750 1
115 2 1
115 6 1
115 15 1
115 22 1
115 26 1
115 28 1
115 41 1
115 45 1
115 71 1
115 72 1
115 74 1
115 89 1
115 94 1
115 111 1
115 123 1
115 125 1
115 136 1
115 147 1
115 186 1
115 197 1
115 207 1
115 231 1
115 294 1
115 312 1
115 340 1
115 358 1
115 443 1
115 508 1
115 515 1
115 530 1
115 582 1
115 612 1
115 623 1
115 922 1
115 1052 1
115 1131 1
115 1289 1
115 1339 1
115 1554 1
115 1879 1
115 2462 1
115 2517 1
115 2573 1
115 3108 1
115 3552 1
115 3691 1
115 4094 1
115 4843 1
115 5227 1
115 5457 1
115 5750 1
115 5921 1
115 6598 1
119 2 1
119 8 1
119 9 1
119 15 1
119 16 1
119 22 1
119 25 1
119 26 1
119 34 1
119 41 1
119 42 1
119 43 1
119 46 1
119 47 1
119 58 1
119 68 1
119 69 1
119 71 1
119 72 1
119 94 1
119 111 1
119 120 1
119 125 1
119 136 1
119 147 1
119 190 1
119 197 1
119 207 1
119 236 1
119 245 1
119 257 1
119 302 1
119 312 1
119 322 1
119 337 1
119 340 1
119 358 1
119 438 1
119 474 1
119 526 1
119 735 1
119 765 1
119 879 1
119 932 1
119 1052 1
119 1078 1
119 1085 1
119 1131 1
119 1293 1
119 1295 1
119 1345 1
119 1398 1
119 1889 1
119 2197 1
119 2299 1
119 2303 1
119 2674 1
119 4102 1
119 4146 1
119 5518 1
119 5976 1
120 2 1
120 18 1
120 28 1
120 33 1
120 46 1
120 60 1
120 72 1
120 94 1
120 111 1
120 115 1
120 125 1
120 136 1
120 147 1
120 197 1
120 258 1
120 290 1
120 320 1
120 369 1
120 443 1
120 474 1
120 508 1
120 515 1
120 530 1
120 532 1
120 624 1
120 685 1
120 735 1
120 854 1
120 908 1
120 1078 1
120 1166 1
120 1289 1
120 1293 1
120 1339 1
120 2096 1
120 2866 1
123 9 1
123 12 1
123 15 1
123 22 1
123 25 1
123 26 1
123 34 1
123 37 1
123 41 1
123 42 1
123 43 1
123 46 1
123 68 1
123 69 1
123 72 1
123 89 1
123 94 1
123 104 1
123 111 1
123 120 1
123 125 1
123 136 1
123 147 1
123 152 1
123 197 1
123 207 1
123 227 1
123 245 1
123 257 1
123 258 1
123 280 1
123 294 1
123 299 1
123 302 1
123 312 1
123 322 1
123 333 1
123 358 1
123 371 1
123 434 1
123 443 1
123 474 1
123 506 1
123 526 1
123 530 1
123 582 1
123 624 1
123 633 1
123 765 1
123 838 1
123 844 1
123 908 1
123 932 1
123 1052 1
123 1063 1
123 1078 1
123 1089 1
123 1131 1
123 1166 1
123 1172 1
123 1289 1
123 1295 1
123 1339 1
123 1345 1
123 1355 1
123 1376 1
123 1554 1
123 2096 1
123 2299 1
123 2308 1
123 2517 1
123 3166 1
123 3552 1
123 3878 1
123 4714 1
123 4818 1
123 5039 1
123 5227 1
123 6376 1
123 7340 1
123 7419 1
124 6 1
124 15 1
124 16 1
124 22 1
124 42 1
124 45 1
124 46 1
124 58 1
124 68 1
124 71 1
124 72 1
124 89 1
124 115 1
124 257 1
124 340 1
124 530 1
124 623 1
124 2405 1
124 2467 1
124 2554 1
124 3607 1
125 2 1
125 15 1
125 18 1
125 22 1
125 24 1
125 26 1
125 28 1
125 34 1
125 42 1
125 46 1
125 72 1
125 104 1
125 119 1
125 120 1
125 123 1
125 147 1
125 190 1
125 286 1
125 294 1
125 302 1
125 312 1
125 358 1
125 438 1
125 474 1
125 526 1
125 529 1
125 735 1
125 886 1
125 903 1
125 1120 1
125 1131 1
125 1339 1
125 1376 1
125 2303 1
125 2405 1
125 3750 1
126 15 1
126 16 1
126 18 1
126 22 1
126 26 1
126 41 1
126 71 1
126 104 1
126 115 1
126 456 1
126 624 1
126 4549 1
133 22 1
133 508 1
136 2 1
136 6 1
136 15 1
136 16 1
136 22 1
136 26 1
136 28 1
136 37 1
136 45 1
136 69 1
136 89 1
136 94 1
136 123 1
136 125 1
136 147 1
136 197 1
136 280 1
136 299 1
136 340 1
136 348 1
136 529 1
136 1063 1
136 2308 1
136 2462 1
139 2 1
139 15 1
139 16 1
139 22 1
139 26 1
139 34 1
139 41 1
139 46 1
139 72 1
139 111 1
139 124 1
139 197 1
139 299 1
139 530 1
139 1326 1
147 6 1
147 15 1
147 26 1
147 45 1
147 46 1
147 71 1
147 104 1
147 111 1
147 348 1
152 6 1
152 18 1
152 22 1
152 26 1
152 34 1
152 60 1
152 68 1
152 72 1
152 104 1
152 115 1
152 186 1
152 286 1
152 1030 1
186 15 1
186 28 1
186 89 1
186 136 1
186 236 1
186 286 1
186 612 1
186 633 1
186 838 1
190 8 1
190 15 1
190 28 1
190 34 1
190 71 1
190 92 1
190 120 1
190 231 1
190 286 1
190 290 1
190 312 1
190 315 1
190 322 1
190 340 1
190 456 1
190 489 1
190 624 1
190 733 1
190 1052 1
190 1131 1
190 1172 1
190 1293 1
190 1341 1
190 1554 1
190 1816 1
190 1889 1
190 2182 1
190 4065 1
190 6376 1
191 2 1
191 15 1
191 18 1
191 89 1
196 16 1
196 22 1
197 6 1
197 15 1
197 26 1
197 37 1
197 125 1
197 258 1
197 294 1
197 526 1
197 530 1
197 844 1
197 1172 1
197 1289 1
197 1339 1
197 2308 1
207 12 1
207 15 1
207 22 1
207 28 1
207 41 1
207 45 1
207 46 1
207 89 1
207 94 1
207 147 1
207 257 1
207 286 1
207 290 1
207 294 1
207 299 1
207 315 1
207 438 1
207 474 1
207 530 1
207 3261 1
212 6 1
212 9 1
212 16 1
212 18 1
212 22 1
212 26 1
212 68 1
212 94 1
212 104 1
212 115 1
212 119 1
212 125 1
212 147 1
212 190 1
212 257 1
212 280 1
212 371 1
212 474 1
212 522 1
212 561 1
212 932 1
212 1063 1
212 1376 1
212 2299 1
212 2609 1
212 4065 1
226 37 1
226 41 1
226 45 1
227 16 1
227 18 1
227 68 1
227 115 1
227 236 1
227 348 1
231 16 1
231 22 1
231 26 1
231 28 1
231 42 1
231 45 1
231 46 1
231 104 1
231 257 1
231 271 1
231 280 1
231 299 1
231 312 1
231 371 1
231 438 1
231 474 1
231 515 1
231 735 1
231 908 1
231 932 1
231 1052 1
231 1172 1
231 3596 1
231 4330 1
231 5024 1
236 6 1
236 12 1
236 15 1
236 16 1
236 22 1
236 24 1
236 26 1
236 28 1
236 41 1
236 45 1
236 46 1
236 71 1
236 72 1
236 94 1
236 104 1
236 115 1
236 152 1
236 197 1
236 207 1
236 227 1
236 280 1
236 307 1
236 438 1
236 514 1
236 1192 1
236 1341 1
236 1376 1
236 1398 1
236 2096 1
236 3375 1
236 3815 1
240 12 1
240 22 1
240 28 1
240 123 1
240 290 1
240 299 1
240 474 1
241 18 1
245 12 1
245 15 1
245 16 1
245 18 1
245 22 1
245 26 1
245 28 1
245 34 1
245 37 1
245 47 1
245 68 1
245 71 1
245 94 1
245 147 1
245 231 1
245 257 1
245 286 1
245 320 1
245 434 1
245 474 1
245 733 1
245 844 1
245 1276 1
245 1289 1
245 1659 1
245 2763 1
245 6381 1
257 2 1
257 6 1
257 8 1
257 15 1
257 16 1
257 18 1
257 19 1
257 22 1
257 26 1
257 28 1
257 41 1
257 42 1
257 45 1
257 47 1
257 58 1
257 71 1
257 111 1
257 120 1
257 124 1
257 186 1
257 190 1
257 227 1
257 245 1
257 271 1
257 290 1
257 299 1
257 333 1
257 371 1
257 456 1
257 474 1
257 489 1
257 561 1
257 624 1
257 725 1
257 854 1
257 1120 1
257 1341 1
257 1554 1
257 1617 1
257 1676 1
257 3815 1
257 3952 1
257 4714 1
257 4843 1
258 15 1
258 16 1
258 26 1
258 45 1
258 71 1
258 89 1
258 94 1
258 123 1
258 125 1
258 136 1
258 290 1
258 302 1
258 340 1
258 1276 1
271 15 1
271 26 1
271 42 1
271 58 1
271 94 1
271 120 1
271 190 1
271 191 1
271 474 1
271 733 1
271 1793 1
280 120 1
280 152 1
280 226 1
280 1339 1
286 2 1
286 12 1
286 16 1
286 22 1
286 25 1
286 26 1
286 28 1
286 37 1
286 68 1
286 71 1
286 72 1
286 89 1
286 94 1
286 104 1
286 111 1
286 120 1
286 124 1
286 126 1
286 136 1
286 139 1
286 147 1
286 231 1
286 257 1
286 271 1
286 280 1
286 294 1
286 299 1
286 340 1
286 456 1
286 515 1
286 526 1
286 530 1
286 533 1
286 633 1
286 844 1
286 879 1
286 908 1
286 942 1
286 1172 1
286 1738 1
286 1955 1
286 2517 1
286 2609 1
286 2966 1
286 3552 1
286 6703 1
290 2 1
290 6 1
290 8 1
290 15 1
290 18 1
290 22 1
290 26 1
290 41 1
290 45 1
290 47 1
290 58 1
290 71 1
290 89 1
290 115 1
290 125 1
290 136 1
290 152 1
290 190 1
290 257 1
290 333 1
290 340 1
290 361 1
290 438 1
290 443 1
290 456 1
290 474 1
290 489 1
290 533 1
290 624 1
290 1063 1
290 1172 1
290 1289 1
290 1293 1
290 1376 1
290 2305 1
290 3607 1
290 4868 1
290 6226 1
294 15 1
294 18 1
294 45 1
294 71 1
294 94 1
294 104 1
294 111 1
294 120 1
294 136 1
294 231 1
294 312 1
294 320 1
294 371 1
294 438 1
294 474 1
294 530 1
294 704 1
294 844 1
294 1120 1
294 1167 1
294 1188 1
294 1295 1
294 1376 1
294 1561 1
294 2203 1
294 2467 1
294 3877 1
294 4714 1
299 6 1
299 12 1
299 18 1
299 22 1
299 34 1
299 37 1
299 41 1
299 45 1
299 68 1
299 69 1
299 89 1
299 119 1
299 123 1
299 126 1
299 147 1
299 152 1
299 231 1
299 236 1
299 315 1
299 340 1
299 358 1
299 443 1
299 582 1
299 624 1
299 1063 1
299 1510 1
299 2096 1
299 2299 1
299 6263 1
302 2 1
302 8 1
302 12 1
302 15 1
302 16 1
302 22 1
302 25 1
302 34 1
302 37 1
302 45 1
302 71 1
302 94 1
302 115 1
302 120 1
302 123 1
302 125 1
302 207 1
302 231 1
302 271 1
302 280 1
302 290 1
302 333 1
302 340 1
302 474 1
302 561 1
302 801 1
302 844 1
302 903 1
302 932 1
302 2467 1
302 2738 1
302 3166 1
302 5518 1
307 6 1
307 12 1
307 16 1
307 22 1
307 25 1
307 26 1
307 37 1
307 42 1
307 43 1
307 45 1
307 60 1
307 71 1
307 72 1
307 89 1
307 104 1
307 115 1
307 190 1
307 294 1
307 315 1
307 474 1
307 801 1
307 2517 1
307 3691 1
307 4714 1
312 2 1
312 6 1
312 8 1
312 12 1
312 15 1
312 22 1
312 26 1
312 28 1
312 30 1
312 41 1
312 45 1
312 46 1
312 72 1
312 89 1
312 92 1
312 123 1
312 136 1
312 191 1
312 207 1
312 333 1
312 526 1
312 624 1
312 733 1
312 844 1
312 1089 1
312 1120 1
312 1172 1
312 1341 1
312 1889 1
312 1955 1
315 2 1
315 12 1
315 15 1
315 16 1
315 18 1
315 22 1
315 26 1
315 34 1
315 69 1
315 72 1
315 123 1
315 124 1
315 125 1
315 236 1
315 271 1
315 286 1
315 299 1
315 369 1
315 474 1
315 522 1
315 530 1
315 533 1
315 548 1
315 1172 1
315 1289 1
315 1326 1
320 15 1
320 18 1
320 28 1
320 68 1
320 725 1
322 22 1
322 42 1
322 46 1
322 68 1
322 735 1
322 1188 1
333 2 1
333 12 1
333 15 1
333 16 1
333 26 1
333 37 1
333 42 1
333 46 1
333 71 1
333 94 1
333 104 1
333 111 1
333 119 1
333 123 1
333 125 1
333 190 1
333 236 1
333 286 1
333 299 1
333 438 1
333 456 1
333 735 1
333 1354 1
333 2308 1
337 18 1
337 45 1
337 125 1
337 474 1
337 3877 1
340 8 1
340 12 1
340 16 1
340 22 1
340 26 1
340 30 1
340 37 1
340 45 1
340 71 1
340 89 1
340 94 1
340 147 1
340 245 1
340 280 1
340 371 1
340 474 1
340 526 1
340 735 1
340 1131 1
340 1172 1
340 1554 1
340 4643 1
340 4827 1
342 18 1
342 22 1
342 58 1
342 245 1
342 704 1
342 1326 1
342 1341 1
348 2 1
348 15 1
348 16 1
348 18 1
348 25 1
348 26 1
348 45 1
348 58 1
348 111 1
348 212 1
348 257 1
348 290 1
348 312 1
348 515 1
348 526 1
348 1879 1
358 2 1
358 15 1
358 16 1
358 22 1
358 26 1
358 28 1
358 42 1
358 68 1
358 71 1
358 89 1
358 115 1
358 119 1
358 197 1
358 257 1
358 299 1
358 494 1
358 508 1
358 532 1
358 803 1
358 1647 1
361 16 1
361 18 1
361 22 1
361 43 1
361 115 1
369 18 1
369 26 1
369 474 1
369 489 1
369 879 1
371 9 1
371 15 1
371 16 1
371 22 1
371 26 1
371 30 1
371 37 1
371 45 1
371 58 1
371 71 1
371 94 1
371 123 1
371 240 1
371 294 1
371 312 1
371 315 1
371 322 1
371 337 1
371 1089 1
371 1659 1
371 2674 1
371 3607 1
398 6 1
398 9 1
398 45 1
398 46 1
398 71 1
398 72 1
398 111 1
398 125 1
398 152 1
398 207 1
398 290 1
398 1167 1
398 4065 1
398 4714 1
434 15 1
434 22 1
434 37 1
434 89 1
434 120 1
434 2866 1
435 15 1
435 16 1
435 22 1
435 26 1
435 30 1
435 68 1
435 69 1
435 94 1
435 299 1
438 2 1
438 6 1
438 9 1
438 15 1
438 18 1
438 19 1
438 26 1
438 37 1
438 41 1
438 58 1
438 69 1
438 71 1
438 89 1
438 115 1
438 120 1
438 126 1
438 227 1
438 245 1
438 286 1
438 290 1
438 294 1
438 312 1
438 340 1
438 474 1
438 561 1
438 932 1
438 1172 1
438 1376 1
438 2308 1
438 2966 1
438 3163 1
443 6 1
443 12 1
443 15 1
443 18 1
443 22 1
443 45 1
443 47 1
443 94 1
443 111 1
443 152 1
443 212 1
443 280 1
443 299 1
443 302 1
443 340 1
443 474 1
443 532 1
443 803 1
443 908 1
443 979 1
443 1131 1
443 2305 1
456 2 1
456 6 1
456 12 1
456 16 1
456 18 1
456 22 1
456 26 1
456 69 1
456 89 1
456 286 1
456 1285 1
474 2 1
474 6 1
474 8 1
474 15 1
474 22 1
474 28 1
474 37 1
474 41 1
474 46 1
474 47 1
474 60 1
474 68 1
474 69 1
474 71 1
474 89 1
474 99 1
474 124 1
474 125 1
474 139 1
474 152 1
474 197 1
474 257 1
474 286 1
474 299 1
474 302 1
474 315 1
474 342 1
474 371 1
474 435 1
474 506 1
474 526 1
474 529 1
474 561 1
474 624 1
474 725 1
474 765 1
474 803 1
474 854 1
474 886 1
474 932 1
474 1131 1
474 1345 1
474 1355 1
474 1592 1
474 1889 1
474 1955 1
474 2303 1
474 2738 1
474 3691 1
474 5024 1
474 5533 1
474 6226 1
478 12 1
478 18 1
478 68 1
478 72 1
478 258 1
478 489 1
478 508 1
478 653 1
489 6 1
489 8 1
489 18 1
489 71 1
489 124 1
489 286 1
489 294 1
489 307 1
489 312 1
489 561 1
489 1720 1
494 15 1
494 26 1
494 94 1
494 286 1
494 438 1
506 6 1
506 12 1
506 15 1
506 28 1
506 45 1
506 58 1
506 68 1
506 89 1
506 104 1
506 115 1
506 299 1
506 529 1
506 548 1
506 624 1
506 735 1
506 844 1
506 1063 1
506 1089 1
506 1131 1
506 1289 1
506 2517 1
508 6 1
508 15 1
508 19 1
508 22 1
508 28 1
508 34 1
508 71 1
508 358 1
508 489 1
508 1172 1
508 1738 1
514 6 1
514 8 1
514 12 1
514 16 1
514 25 1
514 26 1
514 42 1
514 46 1
514 71 1
514 72 1
514 104 1
514 115 1
514 123 1
514 125 1
514 207 1
514 286 1
514 1172 1
514 1889 1
515 16 1
515 26 1
515 280 1
522 15 1
522 22 1
522 26 1
522 28 1
522 34 1
522 89 1
522 115 1
522 245 1
522 932 1
522 3750 1
526 2 1
526 6 1
526 12 1
526 15 1
526 16 1
526 18 1
526 22 1
526 26 1
526 71 1
526 89 1
526 99 1
526 104 1
526 111 1
526 123 1
526 196 1
526 207 1
526 226 1
526 257 1
526 302 1
526 320 1
526 435 1
526 456 1
526 474 1
526 514 1
526 624 1
526 685 1
526 735 1
526 879 1
526 1182 1
526 1561 1
526 3815 1
529 2 1
529 18 1
529 22 1
529 26 1
529 28 1
529 45 1
529 46 1
529 125 1
529 197 1
529 207 1
529 280 1
529 526 1
529 2197 1
530 2 1
530 6 1
530 9 1
530 26 1
530 37 1
530 41 1
530 68 1
530 72 1
530 212 1
530 315 1
530 526 1
530 908 1
530 1063 1
530 2554 1
532 8 1
532 12 1
532 15 1
532 68 1
532 1561 1
532 2140 1
532 2308 1
533 15 1
533 89 1
533 257 1
540 15 1
540 16 1
540 18 1
540 19 1
540 42 1
540 58 1
540 89 1
540 1659 1
548 2 1
548 18 1
548 22 1
548 111 1
548 115 1
548 126 1
561 15 1
561 16 1
561 18 1
561 22 1
561 28 1
561 37 1
561 69 1
561 89 1
561 91 1
561 92 1
561 111 1
561 115 1
561 120 1
561 227 1
561 280 1
561 286 1
561 294 1
561 299 1
561 337 1
561 474 1
561 506 1
561 514 1
561 515 1
561 526 1
561 548 1
561 612 1
561 623 1
561 908 1
561 1120 1
561 1339 1
561 1659 1
561 3552 1
582 2 1
582 6 1
582 15 1
582 16 1
582 19 1
582 22 1
582 26 1
582 30 1
582 37 1
582 45 1
582 68 1
582 69 1
582 89 1
582 119 1
582 123 1
582 186 1
582 190 1
582 231 1
582 286 1
582 299 1
582 307 1
582 312 1
582 340 1
582 358 1
582 474 1
582 489 1
582 508 1
582 522 1
582 529 1
582 561 1
582 844 1
582 854 1
582 1052 1
582 1172 1
582 1293 1
582 1376 1
582 1554 1
582 1592 1
582 2299 1
582 2966 1
582 3952 1
582 5039 1
582 5518 1
612 22 1
612 26 1
612 30 1
612 443 1
612 733 1
612 854 1
623 111 1
623 2182 1
623 6263 1
624 2 1
624 8 1
624 15 1
624 16 1
624 18 1
624 22 1
624 28 1
624 34 1
624 37 1
624 45 1
624 115 1
624 123 1
624 125 1
624 207 1
624 294 1
624 299 1
624 312 1
624 532 1
624 735 1
624 1131 1
624 1192 1
631 2 1
631 18 1
633 15 1
633 89 1
633 120 1
633 123 1
633 231 1
633 844 1
653 16 1
653 30 1
653 34 1
653 115 1
653 125 1
653 212 1
653 290 1
653 312 1
653 489 1
653 506 1
653 561 1
653 733 1
653 1078 1
653 2609 1
653 4437 1
685 12 1
685 15 1
685 22 1
685 26 1
685 34 1
685 42 1
685 58 1
685 71 1
685 89 1
685 147 1
685 197 1
685 207 1
685 257 1
685 280 1
685 803 1
685 932 1
685 1052 1
695 15 1
695 92 1
695 369 1
695 561 1
695 1052 1
704 8 1
704 18 1
704 22 1
714 115 1
714 147 1
718 333 1
725 12 1
725 15 1
725 16 1
725 18 1
725 34 1
725 37 1
725 60 1
725 68 1
725 72 1
725 89 1
725 115 1
725 312 1
725 340 1
725 434 1
725 438 1
725 530 1
725 633 1
725 765 1
725 838 1
725 854 1
725 1063 1
725 3166 1
725 4330 1
733 2 1
733 15 1
733 120 1
733 123 1
733 456 1
733 561 1
733 1078 1
735 12 1
735 18 1
735 46 1
735 89 1
735 197 1
735 294 1
735 299 1
735 337 1
735 361 1
735 514 1
735 526 1
735 1182 1
735 3552 1
765 15 1
765 16 1
765 18 1
765 22 1
765 26 1
765 529 1
765 1285 1
765 1659 1
801 18 1
801 34 1
801 123 1
801 125 1
801 136 1
801 147 1
801 186 1
801 320 1
801 443 1
801 474 1
801 903 1
801 1339 1
801 1647 1
801 1889 1
803 12 1
803 15 1
803 18 1
803 22 1
803 28 1
803 34 1
803 111 1
803 838 1
803 7017 1
838 18 1
838 22 1
838 26 1
838 34 1
838 68 1
838 71 1
838 89 1
838 92 1
838 120 1
838 123 1
838 240 1
838 258 1
838 290 1
838 340 1
838 4269 1
844 2 1
844 6 1
844 18 1
844 25 1
844 26 1
844 28 1
844 37 1
844 45 1
844 68 1
844 72 1
844 74 1
844 89 1
844 125 1
844 136 1
844 307 1
844 358 1
844 371 1
844 474 1
844 532 1
844 735 1
844 881 1
844 1063 1
844 1172 1
844 1376 1
844 1955 1
844 2303 1
844 3552 1
854 18 1
854 22 1
854 26 1
854 123 1
854 125 1
854 879 1
854 1276 1
854 1339 1
879 2 1
879 15 1
879 16 1
879 22 1
879 94 1
879 124 1
879 299 1
879 307 1
879 322 1
879 340 1
879 371 1
879 438 1
879 443 1
879 456 1
879 474 1
879 489 1
879 718 1
879 1659 1
881 2 1
881 18 1
881 312 1
881 908 1
881 2467 1
886 16 1
886 71 1
888 8 1
888 15 1
888 18 1
888 26 1
888 30 1
888 45 1
888 197 1
888 302 1
892 26 1
892 28 1
892 37 1
892 290 1
903 15 1
903 19 1
903 26 1
903 46 1
903 126 1
903 474 1
903 932 1
903 1063 1
908 8 1
908 12 1
908 18 1
908 71 1
908 89 1
908 115 1
908 197 1
908 443 1
908 474 1
908 530 1
908 3731 1
922 26 1
932 2 1
932 6 1
932 12 1
932 15 1
932 16 1
932 22 1
932 115 1
932 123 1
932 290 1
932 1131 1
932 2674 1
932 4843 1
942 37 1
942 123 1
942 514 1
942 704 1
952 18 1
979 22 1
979 104 1
979 136 1
1030 16 1
1030 340 1
1052 6 1
1052 18 1
1052 22 1
1052 26 1
1052 71 1
1052 72 1
1052 120 1
1052 124 1
1052 212 1
1052 257 1
1052 280 1
1052 290 1
1052 312 1
1052 333 1
1052 371 1
1052 489 1
1052 624 1
1052 1720 1
1063 2 1
1063 6 1
1063 15 1
1063 18 1
1063 22 1
1063 28 1
1063 41 1
1063 46 1
1063 69 1
1063 94 1
1063 115 1
1063 123 1
1063 212 1
1063 257 1
1063 290 1
1063 438 1
1063 526 1
1063 844 1
1063 1314 1
1063 1336 1
1078 34 1
1078 398 1
1085 18 1
1085 123 1
1085 125 1
1085 236 1
1085 358 1
1085 514 1
1089 6 1
1089 16 1
1089 22 1
1089 26 1
1089 28 1
1089 104 1
1089 120 1
1089 125 1
1089 126 1
1089 257 1
1089 299 1
1089 371 1
1120 6 1
1120 15 1
1120 18 1
1120 89 1
1120 104 1
1120 271 1
1120 1172 1
1120 2303 1
1131 26 1
1131 37 1
1131 45 1
1131 46 1
1131 58 1
1131 72 1
1131 89 1
1131 94 1
1131 104 1
1131 125 1
1131 147 1
1131 190 1
1131 212 1
1131 245 1
1131 286 1
1131 294 1
1131 299 1
1131 307 1
1131 333 1
1131 506 1
1131 529 1
1131 624 1
1131 838 1
1131 1289 1
1131 1345 1
1131 1889 1
1166 18 1
1166 22 1
1166 45 1
1167 16 1
1167 28 1
1167 41 1
1167 72 1
1167 322 1
1167 801 1
1172 15 1
1172 16 1
1172 18 1
1172 69 1
1172 104 1
1172 111 1
1172 299 1
1172 342 1
1172 474 1
1172 508 1
1172 838 1
1182 2 1
1182 15 1
1182 18 1
1182 22 1
1182 89 1
1188 22 1
1188 58 1
1188 94 1
1188 104 1
1188 358 1
1192 15 1
1192 16 1
1192 26 1
1192 34 1
1192 42 1
1192 104 1
1192 115 1
1192 125 1
1192 333 1
1192 653 1
1192 3480 1
1228 18 1
1228 1339 1
1270 16 1
1276 15 1
1276 16 1
1276 18 1
1276 26 1
1276 45 1
1276 89 1
1276 236 1
1276 548 1
1276 1131 1
1276 2738 1
1276 4714 1
1285 15 1
1285 123 1
1285 257 1
1285 1339 1
1289 15 1
1289 16 1
1289 18 1
1289 22 1
1289 26 1
1289 41 1
1289 94 1
1289 123 1
1289 1063 1
1289 3750 1
1293 18 1
1293 22 1
1293 26 1
1293 631 1
1293 1659 1
1295 15 1
1295 18 1
1295 115 1
1314 26 1
1314 1166 1
1314 2462 1
1326 6 1
1326 12 1
1326 15 1
1326 16 1
1326 41 1
1326 231 1
1326 245 1
1326 371 1
1339 6 1
1339 15 1
1339 18 1
1339 22 1
1339 28 1
1339 37 1
1339 68 1
1339 89 1
1339 123 1
1339 147 1
1339 286 1
1339 307 1
1339 1469 1
1341 6 1
1341 15 1
1341 26 1
1341 45 1
1341 68 1
1341 227 1
1341 271 1
1341 286 1
1341 908 1
1341 1355 1
1345 15 1
1345 18 1
1345 42 1
1345 257 1
1354 22 1
1355 15 1
1355 26 1
1355 37 1
1355 89 1
1355 104 1
1355 115 1
1355 186 1
1355 438 1
1355 514 1
1355 1793 1
1355 2597 1
1376 6 1
1376 9 1
1376 15 1
1376 22 1
1376 34 1
1376 46 1
1376 94 1
1376 123 1
1376 125 1
1376 197 1
1376 236 1
1376 340 1
1376 624 1
1376 803 1
1398 22 1
1469 844 1
1510 12 1
1510 15 1
1510 18 1
1510 22 1
1510 42 1
1510 68 1
1510 115 1
1510 125 1
1510 312 1
1554 15 1
1554 18 1
1554 26 1
1554 34 1
1554 68 1
1554 89 1
1554 136 1
1554 227 1
1554 302 1
1554 2609 1
1559 2 1
1559 16 1
1559 45 1
1559 624 1
1561 15 1
1561 41 1
1561 68 1
1561 111 1
1561 286 1
1561 932 1
1592 12 1
1592 18 1
1592 37 1
1603 34 1
1603 104 1
1617 16 1
1617 18 1
1617 94 1
1617 443 1
1617 844 1
1617 1052 1
1647 18 1
1647 125 1
1659 12 1
1659 15 1
1659 18 1
1659 22 1
1659 47 1
1659 68 1
1659 294 1
1676 22 1
1720 2 1
1720 474 1
1738 22 1
1793 15 1
1793 125 1
1793 443 1
1793 526 1
1793 979 1
1816 18 1
1816 22 1
1816 280 1
1879 22 1
1879 41 1
1879 42 1
1879 371 1
1889 15 1
1889 18 1
1889 22 1
1889 26 1
1889 30 1
1889 58 1
1889 68 1
1889 115 1
1889 1063 1
1889 6376 1
1955 22 1
1955 115 1
1986 474 1
2040 74 1
2048 6 1
2048 18 1
2048 22 1
2048 26 1
2048 115 1
2048 245 1
2096 2 1
2096 245 1
2096 478 1
2096 1336 1
2140 16 1
2140 18 1
2140 22 1
2140 42 1
2140 115 1
2141 37 1
2182 6 1
2182 15 1
2197 94 1
2197 115 1
2197 290 1
2299 22 1
2299 28 1
2299 37 1
2299 42 1
2299 72 1
2299 89 1
2299 257 1
2299 286 1
2299 624 1
2303 41 1
2303 42 1
2303 245 1
2303 801 1
2303 1376 1
2303 1986 1
2305 104 1
2308 2 1
2308 12 1
2308 15 1
2308 18 1
2308 22 1
2308 26 1
2308 34 1
2308 37 1
2308 42 1
2308 190 1
2308 474 1
2343 89 1
2405 15 1
2405 18 1
2405 22 1
2405 26 1
2405 41 1
2405 111 1
2462 111 1
2467 18 1
2467 22 1
2467 26 1
2467 30 1
2467 286 1
2490 18 1
2490 26 1
2490 69 1
2490 115 1
2490 2467 1
2517 115 1
2554 12 1
2554 15 1
2554 22 1
2554 41 1
2554 68 1
2554 474 1
2554 478 1
2566 71 1
2573 15 1
2573 16 1
2573 22 1
2592 15 1
2592 26 1
2592 231 1
2592 371 1
2592 474 1
2597 714 1
2609 22 1
2609 190 1
2609 294 1
2609 340 1
2609 474 1
2612 15 1
2612 26 1
2653 69 1
2674 6 1
2674 12 1
2674 15 1
2674 26 1
2674 271 1
2674 443 1
2682 22 1
2682 26 1
2682 120 1
2738 15 1
2738 26 1
2738 68 1
2738 94 1
2763 22 1
2763 119 1
2763 903 1
2866 15 1
2866 26 1
2866 45 1
2966 2 1
2966 68 1
3108 89 1
3108 280 1
3163 26 1
3163 69 1
3163 456 1
3166 15 1
3166 18 1
3166 42 1
3261 22 1
3261 89 1
3261 290 1
3301 16 1
3480 26 1
3552 6 1
3552 22 1
3552 37 1
3552 45 1
3552 932 1
3596 26 1
3596 34 1
3596 68 1
3596 104 1
3596 561 1
3606 15 1
3606 286 1
3607 123 1
3607 903 1
3691 58 1
3691 435 1
3691 653 1
3731 2 1
3731 71 1
3731 1063 1
3731 1339 1
3750 2 1
3750 6 1
3750 18 1
3750 26 1
3750 71 1
3750 89 1
3750 104 1
3750 207 1
3815 18 1
3815 26 1
3829 1052 1
3857 15 1
3857 26 1
3857 37 1
3857 125 1
3877 280 1
3878 15 1
3878 45 1
3952 16 1
3963 16 1
3963 26 1
3963 89 1
3963 854 1
4065 15 1
4065 94 1
4094 115 1
4102 15 1
4102 16 1
4102 26 1
4102 89 1
4146 15 1
4146 47 1
4146 245 1
4146 1052 1
4146 1559 1
4166 16 1
4175 508 1
4176 26 1
4330 294 1
4402 22 1
4435 26 1
4437 18 1
4437 22 1
4549 22 1
4549 120 1
4549 312 1
4644 15 1
4644 286 1
4714 15 1
4714 16 1
4714 37 1
4714 58 1
4714 89 1
4714 3750 1
4818 6 1
4818 15 1
4820 6 1
4820 111 1
4827 22 1
4843 22 1
4843 71 1
4868 16 1
4868 22 1
4868 371 1
4877 15 1
5007 15 1
5039 1078 1
5101 286 1
5280 2 1
5280 258 1
5340 18 1
5406 6 1
5406 18 1
5406 26 1
5406 28 1
5406 45 1
5406 111 1
5406 197 1
5406 231 1
5406 340 1
5406 2343 1
5409 41 1
5449 312 1
5457 15 1
5480 125 1
5518 16 1
5518 111 1
5533 15 1
5533 45 1
5750 2554 1
5921 19 1
5921 22 1
5921 37 1
5921 42 1
5921 46 1
5921 104 1
5921 443 1
5921 530 1
5938 15 1
5938 197 1
5976 22 1
5987 22 1
6019 15 1
6068 30 1
6152 18 1
6152 26 1
6152 1341 1
6226 89 1
6263 15 1
6263 294 1
6263 358 1
6263 844 1
6263 1172 1
6362 89 1
6362 2517 1
6376 12 1
6376 37 1
6381 22 1
6598 18 1
6660 16 1
6673 2 1
6673 94 1
6673 1052 1
6703 26 1
7143 12 1
7143 18 1
7154 718 1
7294 16 1
7340 478 1
7419 12 1
7452 15 1
7469 37 1
7683 18 1
