2 6 1
2 12 1
2 15 1
2 16 1
2 19 1
2 22 1
2 28 1
2 41 1
2 42 1
2 46 1
2 68 1
2 71 1
2 94 1
2 104 1
2 111 1
2 197 1
2 227 1
2 286 1
2 294 1
2 299 1
2 315 1
2 337 1
2 342 1
2 358 1
2 438 1
2 508 1
2 533 1
2 624 1
2 844 1
2 886 1
2 903 1
2 932 1
2 1052 1
2 1078 1
2 1085 1
2 1089 1
2 1120 1
2 1131 1
2 1295 1
2 1659 1
2 1889 1
2 2203 1
2 2405 1
2 2517 1
2 3552 1
2 5866 1
6 2 1
6 8 1
6 9 1
6 12 1
6 15 1
6 18 1
6 25 1
6 26 1
6 28 1
6 34 1
6 42 1
6 43 1
6 46 1
6 60 1
6 68 1
6 69 1
6 71 1
6 74 1
6 89 1
6 92 1
6 111 1
6 115 1
6 125 1
6 147 1
6 197 1
6 207 1
6 212 1
6 227 1
6 236 1
6 257 1
6 280 1
6 286 1
6 290 1
6 299 1
6 312 1
6 315 1
6 320 1
6 358 1
6 371 1
6 438 1
6 443 1
6 456 1
6 474 1
6 489 1
6 514 1
6 529 1
6 548 1
6 561 1
6 623 1
6 624 1
6 685 1
6 714 1
6 733 1
6 765 1
6 838 1
6 903 1
6 932 1
6 1063 1
6 1131 1
6 1166 1
6 1554 1
6 2308 1
6 3163 1
6 3261 1
6 3691 1
6 3750 1
6 3815 1
6 3877 1
6 4714 1
6 7143 1
6 7452 1
8 22 1
8 28 1
8 34 1
8 37 1
8 41 1
8 43 1
8 111 1
8 115 1
8 120 1
8 123 1
8 125 1
8 147 1
8 212 1
8 257 1
8 280 1
8 290 1
8 456 1
8 474 1
8 508 1
8 725 1
8 765 1
8 1167 1
9 25 1
9 26 1
9 30 1
9 37 1
9 46 1
9 47 1
9 115 1
9 123 1
9 197 1
9 207 1
9 231 1
9 474 1
9 735 1
9 765 1
9 1063 1
9 1085 1
9 1341 1
9 2405 1
9 2573 1
12 8 1
12 16 1
12 18 1
12 26 1
12 28 1
12 30 1
12 34 1
12 42 1
12 58 1
12 60 1
12 92 1
12 94 1
12 115 1
12 125 1
12 126 1
12 136 1
12 197 1
12 240 1
12 245 1
12 257 1
12 290 1
12 299 1
12 302 1
12 307 1
12 333 1
12 371 1
12 435 1
12 474 1
12 478 1
12 514 1
12 526 1
12 582 1
12 623 1
12 733 1
12 932 1
12 1085 1
12 1192 1
12 1314 1
12 1339 1
12 1720 1
12 1793 1
12 2467 1
12 2609 1
12 2866 1
12 3261 1
12 3481 1
12 3750 1
15 6 1
15 18 1
15 25 1
15 28 1
15 34 1
15 37 1
15 43 1
15 46 1
15 47 1
15 68 1
15 72 1
15 92 1
15 94 1
15 104 1
15 115 1
15 147 1
15 212 1
15 227 1
15 231 1
15 236 1
15 241 1
15 245 1
15 290 1
15 294 1
15 299 1
15 302 1
15 312 1
15 315 1
15 320 1
15 333 1
15 358 1
15 438 1
15 456 1
15 526 1
15 530 1
15 532 1
15 624 1
15 653 1
15 695 1
15 704 1
15 733 1
15 801 1
15 838 1
15 854 1
15 908 1
15 1063 1
15 1167 1
15 1172 1
15 1289 1
15 1295 1
15 1339 1
15 1376 1
15 1554 1
15 1561 1
15 1659 1
15 1889 1
15 2096 1
15 2303 1
15 2405 1
15 2462 1
15 2554 1
15 3166 1
15 3731 1
15 4094 1
15 4102 1
15 4330 1
15 4435 1
15 4820 1
15 5921 1
16 6 1
16 8 1
16 9 1
16 15 1
16 18 1
16 24 1
16 25 1
16 26 1
16 28 1
16 33 1
16 34 1
16 37 1
16 41 1
16 42 1
16 45 1
16 58 1
16 68 1
16 69 1
16 71 1
16 89 1
16 94 1
16 111 1
16 115 1
16 120 1
16 126 1
16 136 1
16 139 1
16 147 1
16 152 1
16 186 1
16 190 1
16 191 1
16 197 1
16 212 1
16 227 1
16 231 1
16 236 1
16 240 1
16 258 1
16 271 1
16 280 1
16 286 1
16 294 1
16 302 1
16 315 1
16 320 1
16 322 1
16 337 1
16 340 1
16 342 1
16 361 1
16 371 1
16 435 1
16 443 1
16 456 1
16 506 1
16 508 1
16 526 1
16 530 1
16 532 1
16 533 1
16 561 1
16 623 1
16 624 1
16 631 1
16 718 1
16 735 1
16 765 1
16 801 1
16 803 1
16 844 1
16 854 1
16 881 1
16 892 1
16 903 1
16 922 1
16 932 1
16 952 1
16 1063 1
16 1085 1
16 1089 1
16 1120 1
16 1166 1
16 1172 1
16 1276 1
16 1293 1
16 1295 1
16 1326 1
16 1341 1
16 1354 1
16 1376 1
16 1469 1
16 1617 1
16 1647 1
16 1659 1
16 1676 1
16 1691 1
16 1720 1
16 1879 1
16 2048 1
16 2182 1
16 2299 1
16 2308 1
16 2405 1
16 2462 1
16 2467 1
16 2554 1
16 2609 1
16 2612 1
16 2738 1
16 2763 1
16 2866 1
16 2966 1
16 3480 1
16 3691 1
16 3750 1
16 3877 1
16 3950 1
16 3952 1
16 3963 1
16 4065 1
16 4094 1
16 4146 1
16 4175 1
16 4402 1
16 4435 1
16 4714 1
16 4843 1
16 5101 1
16 5280 1
16 5406 1
16 5449 1
16 5750 1
16 5938 1
16 6263 1
16 6376 1
16 6381 1
16 6598 1
16 7419 1
18 2 1
18 6 1
18 8 1
18 12 1
18 15 1
18 19 1
18 22 1
18 25 1
18 26 1
18 28 1
18 34 1
18 37 1
18 41 1
18 42 1
18 45 1
18 46 1
18 68 1
18 69 1
18 71 1
18 72 1
18 89 1
18 104 1
18 111 1
18 120 1
18 123 1
18 124 1
18 125 1
18 126 1
18 147 1
18 152 1
18 186 1
18 190 1
18 196 1
18 207 1
18 212 1
18 236 1
18 240 1
18 245 1
18 257 1
18 258 1
18 271 1
18 286 1
18 290 1
18 294 1
18 299 1
18 315 1
18 320 1
18 340 1
18 348 1
18 371 1
18 438 1
18 443 1
18 456 1
18 474 1
18 489 1
18 506 1
18 508 1
18 514 1
18 515 1
18 526 1
18 529 1
18 530 1
18 540 1
18 561 1
18 624 1
18 633 1
18 704 1
18 718 1
18 765 1
18 803 1
18 844 1
18 854 1
18 886 1
18 892 1
18 908 1
18 932 1
18 942 1
18 1052 1
18 1063 1
18 1120 1
18 1131 1
18 1172 1
18 1182 1
18 1188 1
18 1192 1
18 1289 1
18 1295 1
18 1345 1
18 1355 1
18 1376 1
18 1592 1
18 1659 1
18 2048 1
18 2141 1
18 2197 1
18 2405 1
18 2467 1
18 2490 1
18 2517 1
18 2609 1
18 2674 1
18 2738 1
18 2966 1
18 3552 1
18 3596 1
18 3857 1
18 3952 1
18 4549 1
18 4714 1
18 5406 1
18 5750 1
18 5938 1
18 6376 1
18 6703 1
18 7017 1
18 7419 1
19 16 1
19 18 1
19 22 1
19 41 1
19 68 1
19 125 1
22 2 1
22 6 1
22 12 1
22 15 1
22 16 1
22 18 1
22 25 1
22 26 1
22 30 1
22 34 1
22 37 1
22 42 1
22 43 1
22 45 1
22 46 1
22 60 1
22 69 1
22 72 1
22 74 1
22 89 1
22 92 1
22 104 1
22 111 1
22 115 1
22 119 1
22 120 1
22 123 1
22 124 1
22 125 1
22 147 1
22 190 1
22 196 1
22 197 1
22 207 1
22 212 1
22 226 1
22 231 1
22 236 1
22 245 1
22 257 1
22 258 1
22 271 1
22 290 1
22 294 1
22 299 1
22 302 1
22 312 1
22 315 1
22 320 1
22 322 1
22 337 1
22 340 1
22 348 1
22 358 1
22 371 1
22 443 1
22 456 1
22 474 1
22 478 1
22 506 1
22 508 1
22 514 1
22 515 1
22 522 1
22 530 1
22 532 1
22 533 1
22 540 1
22 561 1
22 612 1
22 624 1
22 631 1
22 633 1
22 653 1
22 695 1
22 704 1
22 733 1
22 735 1
22 801 1
22 838 1
22 844 1
22 854 1
22 879 1
22 888 1
22 903 1
22 1052 1
22 1063 1
22 1078 1
22 1131 1
22 1166 1
22 1167 1
22 1172 1
22 1182 1
22 1188 1
22 1276 1
22 1285 1
22 1289 1
22 1293 1
22 1295 1
22 1314 1
22 1326 1
22 1336 1
22 1339 1
22 1341 1
22 1355 1
22 1376 1
22 1398 1
22 1554 1
22 1592 1
22 1617 1
22 1647 1
22 1659 1
22 1738 1
22 1816 1
22 1879 1
22 1889 1
22 2048 1
22 2096 1
22 2305 1
22 2308 1
22 2405 1
22 2462 1
22 2467 1
22 2517 1
22 2554 1
22 2573 1
22 2609 1
22 2682 1
22 2738 1
22 3166 1
22 3261 1
22 3375 1
22 3552 1
22 3607 1
22 3691 1
22 3731 1
22 3750 1
22 3857 1
22 3952 1
22 4065 1
22 4094 1
22 4146 1
22 4269 1
22 4435 1
22 4714 1
22 4827 1
22 4868 1
22 5024 1
22 5406 1
22 5518 1
22 6068 1
22 7143 1
22 7154 1
22 7294 1
22 7419 1
24 8 1
24 18 1
24 22 1
24 71 1
24 125 1
24 152 1
24 1955 1
24 4843 1
25 6 1
25 16 1
25 18 1
25 30 1
25 34 1
25 68 1
25 71 1
25 89 1
25 104 1
25 299 1
25 315 1
25 348 1
25 548 1
25 844 1
25 1063 1
25 1172 1
25 1376 1
25 1955 1
26 2 1
26 12 1
26 15 1
26 24 1
26 25 1
26 28 1
26 30 1
26 34 1
26 37 1
26 41 1
26 45 1
26 46 1
26 47 1
26 68 1
26 69 1
26 71 1
26 89 1
26 111 1
26 120 1
26 123 1
26 124 1
26 125 1
26 152 1
26 191 1
26 197 1
26 231 1
26 236 1
26 257 1
26 258 1
26 280 1
26 286 1
26 294 1
26 299 1
26 302 1
26 312 1
26 315 1
26 340 1
26 348 1
26 358 1
26 371 1
26 443 1
26 456 1
26 489 1
26 514 1
26 515 1
26 526 1
26 529 1
26 530 1
26 533 1
26 540 1
26 548 1
26 561 1
26 624 1
26 695 1
26 803 1
26 844 1
26 908 1
26 922 1
26 932 1
26 1052 1
26 1063 1
26 1120 1
26 1167 1
26 1172 1
26 1182 1
26 1289 1
26 1293 1
26 1314 1
26 1339 1
26 1341 1
26 1469 1
26 1561 1
26 2040 1
26 2303 1
26 2674 1
26 2738 1
26 3166 1
26 3261 1
26 4065 1
26 4714 1
26 5039 1
28 2 1
28 6 1
28 8 1
28 15 1
28 18 1
28 22 1
28 25 1
28 30 1
28 37 1
28 41 1
28 45 1
28 46 1
28 58 1
28 71 1
28 72 1
28 89 1
28 91 1
28 94 1
28 104 1
28 115 1
28 120 1
28 124 1
28 125 1
28 152 1
28 186 1
28 190 1
28 207 1
28 212 1
28 227 1
28 231 1
28 236 1
28 245 1
28 257 1
28 286 1
28 299 1
28 307 1
28 312 1
28 340 1
28 369 1
28 371 1
28 434 1
28 435 1
28 438 1
28 443 1
28 474 1
28 478 1
28 561 1
28 582 1
28 624 1
28 633 1
28 704 1
28 735 1
28 765 1
28 801 1
28 803 1
28 854 1
28 888 1
28 1063 1
28 1078 1
28 1089 1
28 1131 1
28 1167 1
28 1172 1
28 1276 1
28 1354 1
28 1376 1
28 1720 1
28 1816 1
28 1889 1
28 2197 1
28 2308 1
28 2467 1
28 2612 1
28 2674 1
28 3108 1
28 3552 1
28 3750 1
28 3815 1
28 4065 1
28 4644 1
28 5406 1
28 5533 1
28 7469 1
30 2 1
30 6 1
30 8 1
30 15 1
30 16 1
30 22 1
30 26 1
30 34 1
30 42 1
30 45 1
30 46 1
30 47 1
30 68 1
30 69 1
30 71 1
30 72 1
30 115 1
30 124 1
30 186 1
30 212 1
30 227 1
30 236 1
30 245 1
30 257 1
30 280 1
30 286 1
30 299 1
30 438 1
30 443 1
30 474 1
30 508 1
30 515 1
30 529 1
30 561 1
30 653 1
30 695 1
30 801 1
30 838 1
30 844 1
30 903 1
30 932 1
30 1131 1
30 1182 1
30 1339 1
30 1659 1
30 2096 1
30 2462 1
30 3261 1
30 4843 1
30 5533 1
30 6381 1
33 22 1
33 45 1
34 2 1
34 6 1
34 9 1
34 12 1
34 15 1
34 22 1
34 26 1
34 37 1
34 41 1
34 42 1
34 68 1
34 72 1
34 89 1
34 92 1
34 104 1
34 123 1
34 125 1
34 152 1
34 190 1
34 231 1
34 236 1
34 245 1
34 257 1
34 258 1
34 299 1
34 371 1
34 443 1
34 489 1
34 515 1
34 526 1
34 530 1
34 801 1
34 922 1
34 1052 1
34 1120 1
34 1172 1
34 1376 1
34 2197 1
34 2308 1
34 2517 1
34 3750 1
34 4102 1
34 4714 1
37 2 1
37 6 1
37 8 1
37 9 1
37 12 1
37 15 1
37 16 1
37 18 1
37 22 1
37 26 1
37 28 1
37 30 1
37 34 1
37 41 1
37 45 1
37 46 1
37 47 1
37 58 1
37 68 1
37 69 1
37 74 1
37 89 1
37 94 1
37 111 1
37 125 1
37 147 1
37 152 1
37 190 1
37 280 1
37 290 1
37 299 1
37 358 1
37 369 1
37 435 1
37 514 1
37 526 1
37 704 1
37 735 1
37 844 1
37 881 1
37 932 1
37 1063 1
37 1376 1
37 1554 1
37 1592 1
37 1659 1
37 4714 1
37 4818 1
37 5457 1
41 12 1
41 15 1
41 16 1
41 19 1
41 22 1
41 25 1
41 26 1
41 30 1
41 45 1
41 46 1
41 58 1
41 71 1
41 89 1
41 94 1
41 124 1
41 125 1
41 191 1
41 197 1
41 299 1
41 302 1
41 337 1
41 529 1
41 530 1
41 532 1
41 548 1
41 561 1
41 1167 1
41 1376 1
41 1816 1
41 2299 1
41 5518 1
42 15 1
42 18 1
42 26 1
42 45 1
42 58 1
42 69 1
42 104 1
42 111 1
42 190 1
42 197 1
42 257 1
42 312 1
42 315 1
42 322 1
42 348 1
42 361 1
42 456 1
42 508 1
42 522 1
42 733 1
42 1052 1
42 1554 1
42 2096 1
42 2303 1
42 2554 1
42 7340 1
43 12 1
43 15 1
43 16 1
43 22 1
43 26 1
43 30 1
43 34 1
43 45 1
43 69 1
43 71 1
43 89 1
43 115 1
43 124 1
43 125 1
43 136 1
43 197 1
43 227 1
43 231 1
43 257 1
43 271 1
43 340 1
43 371 1
43 438 1
43 443 1
43 530 1
43 532 1
43 854 1
43 881 1
43 903 1
43 1063 1
43 1078 1
43 1659 1
43 4868 1
45 2 1
45 6 1
45 8 1
45 12 1
45 15 1
45 22 1
45 25 1
45 28 1
45 30 1
45 41 1
45 47 1
45 58 1
45 68 1
45 72 1
45 94 1
45 111 1
45 115 1
45 124 1
45 125 1
45 126 1
45 136 1
45 147 1
45 152 1
45 190 1
45 240 1
45 271 1
45 280 1
45 286 1
45 290 1
45 294 1
45 299 1
45 315 1
45 333 1
45 337 1
45 438 1
45 514 1
45 526 1
45 530 1
45 624 1
45 695 1
45 735 1
45 844 1
45 903 1
45 908 1
45 932 1
45 1289 1
45 1295 1
45 1345 1
45 1354 1
45 1355 1
45 1554 1
45 1659 1
45 2197 1
45 2405 1
45 2462 1
45 2554 1
45 2763 1
45 3552 1
45 3691 1
45 5024 1
45 6660 1
46 2 1
46 15 1
46 16 1
46 18 1
46 19 1
46 26 1
46 28 1
46 30 1
46 37 1
46 41 1
46 42 1
46 45 1
46 68 1
46 69 1
46 94 1
46 104 1
46 111 1
46 115 1
46 125 1
46 197 1
46 207 1
46 227 1
46 236 1
46 257 1
46 290 1
46 312 1
46 371 1
46 474 1
46 506 1
46 561 1
46 631 1
46 653 1
46 854 1
46 888 1
46 1052 1
46 1131 1
46 1276 1
46 1285 1
46 2517 1
46 2674 1
46 3301 1
46 3552 1
46 4330 1
47 22 1
47 68 1
47 72 1
47 196 1
47 236 1
47 245 1
47 280 1
47 299 1
47 312 1
47 333 1
47 1063 1
47 1078 1
47 3552 1
58 2 1
58 8 1
58 18 1
58 22 1
58 24 1
58 37 1
58 41 1
58 46 1
58 68 1
58 69 1
58 71 1
58 72 1
58 74 1
58 89 1
58 104 1
58 119 1
58 120 1
58 125 1
58 136 1
58 139 1
58 147 1
58 245 1
58 286 1
58 312 1
58 358 1
58 438 1
58 443 1
58 474 1
58 494 1
58 506 1
58 514 1
58 529 1
58 530 1
58 624 1
58 735 1
58 844 1
58 879 1
58 908 1
58 932 1
58 1052 1
58 1063 1
58 1089 1
58 1182 1
58 1285 1
58 1289 1
58 1293 1
58 1295 1
58 1341 1
58 1376 1
58 1659 1
58 1879 1
58 2197 1
58 2554 1
58 2653 1
58 2966 1
58 5987 1
58 7683 1
60 6 1
60 22 1
60 26 1
60 34 1
60 46 1
60 47 1
60 89 1
60 104 1
60 207 1
60 280 1
60 312 1
60 474 1
60 1339 1
68 2 1
68 6 1
68 12 1
68 15 1
68 18 1
68 22 1
68 26 1
68 28 1
68 34 1
68 37 1
68 69 1
68 71 1
68 72 1
68 74 1
68 89 1
68 92 1
68 94 1
68 99 1
68 104 1
68 125 1
68 147 1
68 231 1
68 236 1
68 240 1
68 257 1
68 280 1
68 286 1
68 290 1
68 294 1
68 299 1
68 302 1
68 371 1
68 434 1
68 443 1
68 478 1
68 494 1
68 508 1
68 522 1
68 526 1
68 529 1
68 530 1
68 561 1
68 685 1
68 714 1
68 725 1
68 735 1
68 803 1
68 844 1
68 879 1
68 908 1
68 979 1
68 1172 1
68 1289 1
68 1339 1
68 1345 1
68 1592 1
68 1659 1
68 2299 1
68 2303 1
68 2517 1
68 2554 1
68 3607 1
68 4269 1
68 5280 1
68 6376 1
68 7452 1
69 15 1
69 26 1
69 71 1
69 72 1
69 136 1
69 257 1
69 299 1
69 312 1
69 320 1
69 358 1
69 456 1
69 3552 1
71 6 1
71 9 1
71 12 1
71 18 1
71 22 1
71 26 1
71 33 1
71 34 1
71 37 1
71 41 1
71 42 1
71 45 1
71 46 1
71 72 1
71 89 1
71 91 1
71 94 1
71 104 1
71 111 1
71 115 1
71 119 1
71 120 1
71 124 1
71 152 1
71 231 1
71 257 1
71 271 1
71 280 1
71 312 1
71 320 1
71 340 1
71 398 1
71 474 1
71 529 1
71 714 1
71 735 1
71 879 1
71 1052 1
71 1078 1
71 1167 1
71 1188 1
71 1228 1
71 1293 1
71 1326 1
71 1355 1
71 1376 1
71 1592 1
71 1659 1
71 2203 1
71 2303 1
71 2490 1
71 2554 1
71 3301 1
71 4644 1
71 5976 1
71 6226 1
71 6263 1
72 2 1
72 6 1
72 9 1
72 12 1
72 15 1
72 16 1
72 37 1
72 42 1
72 45 1
72 69 1
72 115 1
72 125 1
72 126 1
72 197 1
72 207 1
72 315 1
72 348 1
72 443 1
72 456 1
72 474 1
72 478 1
72 530 1
72 844 1
72 932 1
72 1078 1
72 1089 1
72 2554 1
74 19 1
74 47 1
74 123 1
74 302 1
74 358 1
74 443 1
74 506 1
74 735 1
83 2 1
83 8 1
83 16 1
83 18 1
83 22 1
83 26 1
83 34 1
83 104 1
83 120 1
83 125 1
83 197 1
83 207 1
83 271 1
83 302 1
83 456 1
83 515 1
83 733 1
83 922 1
89 2 1
89 9 1
89 12 1
89 15 1
89 16 1
89 19 1
89 26 1
89 30 1
89 37 1
89 42 1
89 45 1
89 46 1
89 69 1
89 72 1
89 74 1
89 123 1
89 125 1
89 147 1
89 186 1
89 190 1
89 191 1
89 245 1
89 257 1
89 258 1
89 271 1
89 290 1
89 312 1
89 320 1
89 322 1
89 333 1
89 337 1
89 358 1
89 371 1
89 435 1
89 438 1
89 474 1
89 478 1
89 489 1
89 526 1
89 532 1
89 624 1
89 631 1
89 735 1
89 844 1
89 854 1
89 881 1
89 886 1
89 908 1
89 1188 1
89 1276 1
89 1326 1
89 1345 1
89 1561 1
89 1659 1
89 2299 1
89 2462 1
89 2467 1
89 2517 1
89 2674 1
89 4402 1
89 5533 1
91 16 1
91 41 1
91 115 1
91 125 1
92 12 1
92 15 1
92 16 1
92 18 1
92 26 1
92 30 1
92 42 1
92 45 1
92 47 1
92 68 1
92 71 1
92 72 1
92 120 1
92 123 1
92 280 1
92 286 1
92 312 1
92 358 1
92 526 1
92 838 1
92 942 1
92 1172 1
92 1341 1
92 3607 1
94 2 1
94 6 1
94 9 1
94 15 1
94 18 1
94 22 1
94 26 1
94 34 1
94 45 1
94 46 1
94 47 1
94 58 1
94 68 1
94 69 1
94 74 1
94 89 1
94 111 1
94 115 1
94 120 1
94 123 1
94 125 1
94 126 1
94 147 1
94 186 1
94 190 1
94 207 1
94 231 1
94 236 1
94 240 1
94 271 1
94 280 1
94 290 1
94 358 1
94 369 1
94 371 1
94 434 1
94 489 1
94 508 1
94 526 1
94 561 1
94 881 1
94 892 1
94 1172 1
94 1289 1
94 1339 1
94 1561 1
94 2517 1
94 5007 1
99 2 1
99 6 1
99 15 1
99 16 1
99 18 1
99 22 1
99 26 1
99 43 1
99 69 1
99 71 1
99 89 1
99 91 1
99 94 1
99 104 1
99 115 1
99 125 1
99 258 1
99 302 1
99 443 1
99 529 1
99 733 1
99 803 1
99 844 1
99 1052 1
99 1172 1
99 1289 1
99 1889 1
99 2866 1
104 6 1
104 9 1
104 15 1
104 16 1
104 18 1
104 19 1
104 22 1
104 26 1
104 28 1
104 37 1
104 42 1
104 43 1
104 45 1
104 58 1
104 69 1
104 72 1
104 111 1
104 120 1
104 123 1
104 136 1
104 139 1
104 147 1
104 152 1
104 191 1
104 197 1
104 231 1
104 258 1
104 290 1
104 294 1
104 320 1
104 348 1
104 443 1
104 456 1
104 474 1
104 530 1
104 548 1
104 561 1
104 725 1
104 765 1
104 879 1
104 932 1
104 1172 1
104 1192 1
104 1339 1
104 1659 1
104 1720 1
104 2303 1
104 2308 1
104 3731 1
104 4146 1
104 4714 1
104 6703 1
111 8 1
111 9 1
111 12 1
111 15 1
111 16 1
111 22 1
111 30 1
111 37 1
111 41 1
111 42 1
111 46 1
111 58 1
111 71 1
111 89 1
111 94 1
111 104 1
111 123 1
111 136 1
111 245 1
111 257 1
111 280 1
111 302 1
111 312 1
111 315 1
111 333 1
111 340 1
111 371 1
111 443 1
111 474 1
111 489 1
111 508 1
111 526 1
111 530 1
111 561 1
111 653 1
111 879 1
111 903 1
111 908 1
111 1078 1
111 1120 1
111 1131 1
111 1172 1
111 1326 1
111 1339 1
111 1879 1
111 1889 1
111 2299 1
111 2308 1
111 5518 1
115 2 1
115 18 1
115 26 1
115 28 1
115 34 1
115 37 1
115 41 1
115 45 1
115 46 1
115 58 1
115 60 1
115 74 1
115 89 1
115 92 1
115 120 1
115 123 1
115 124 1
115 147 1
115 207 1
115 240 1
115 280 1
115 290 1
115 299 1
115 302 1
115 342 1
115 434 1
115 456 1
115 514 1
115 526 1
115 530 1
115 532 1
115 548 1
115 561 1
115 653 1
115 725 1
115 765 1
115 803 1
115 879 1
115 903 1
115 942 1
115 1052 1
115 1063 1
115 1131 1
115 1166 1
115 1289 1
115 1559 1
115 2182 1
115 2554 1
115 2612 1
115 2763 1
115 3552 1
115 5406 1
115 7017 1
119 2 1
119 8 1
119 15 1
119 16 1
119 18 1
119 26 1
119 28 1
119 42 1
119 45 1
119 46 1
119 47 1
119 58 1
119 68 1
119 72 1
119 89 1
119 115 1
119 120 1
119 125 1
119 147 1
119 152 1
119 197 1
119 226 1
119 236 1
119 257 1
119 271 1
119 290 1
119 294 1
119 312 1
119 322 1
119 348 1
119 358 1
119 369 1
119 371 1
119 438 1
119 456 1
119 474 1
119 489 1
119 494 1
119 561 1
119 612 1
119 624 1
119 704 1
119 844 1
119 932 1
119 979 1
119 1089 1
119 1120 1
119 1131 1
119 1172 1
119 1345 1
119 1376 1
119 1510 1
119 1554 1
119 1793 1
119 2048 1
119 2299 1
119 3691 1
119 4644 1
119 4714 1
119 4820 1
119 6362 1
120 12 1
120 15 1
120 16 1
120 18 1
120 37 1
120 41 1
120 46 1
120 60 1
120 89 1
120 94 1
120 125 1
120 227 1
120 231 1
120 271 1
120 280 1
120 286 1
120 294 1
120 299 1
120 315 1
120 371 1
120 438 1
120 515 1
120 526 1
120 532 1
120 533 1
120 623 1
120 624 1
120 803 1
120 844 1
120 1089 1
120 1559 1
120 2462 1
120 3952 1
120 4714 1
120 5406 1
120 6376 1
123 2 1
123 6 1
123 8 1
123 9 1
123 15 1
123 16 1
123 22 1
123 26 1
123 28 1
123 30 1
123 33 1
123 37 1
123 41 1
123 42 1
123 43 1
123 45 1
123 46 1
123 58 1
123 68 1
123 71 1
123 89 1
123 92 1
123 94 1
123 104 1
123 115 1
123 119 1
123 120 1
123 125 1
123 126 1
123 136 1
123 147 1
123 152 1
123 186 1
123 190 1
123 197 1
123 212 1
123 227 1
123 231 1
123 236 1
123 271 1
123 286 1
123 290 1
123 299 1
123 312 1
123 315 1
123 333 1
123 340 1
123 348 1
123 358 1
123 369 1
123 489 1
123 506 1
123 514 1
123 522 1
123 530 1
123 624 1
123 685 1
123 704 1
123 733 1
123 838 1
123 844 1
123 979 1
123 1063 1
123 1089 1
123 1172 1
123 1188 1
123 1289 1
123 1341 1
123 1345 1
123 1510 1
123 1554 1
123 1617 1
123 1659 1
123 2609 1
123 2738 1
123 2763 1
123 3815 1
123 3963 1
123 4515 1
123 5406 1
123 6673 1
124 2 1
124 12 1
124 18 1
124 22 1
124 34 1
124 37 1
124 69 1
124 89 1
124 104 1
124 257 1
124 290 1
124 294 1
124 312 1
124 337 1
124 624 1
124 633 1
124 854 1
124 1293 1
124 1339 1
124 1592 1
124 3552 1
125 2 1
125 15 1
125 18 1
125 22 1
125 26 1
125 37 1
125 41 1
125 46 1
125 47 1
125 89 1
125 104 1
125 111 1
125 115 1
125 120 1
125 190 1
125 245 1
125 280 1
125 286 1
125 340 1
125 348 1
125 358 1
125 443 1
125 506 1
125 530 1
125 561 1
125 704 1
125 932 1
125 1120 1
125 1131 1
125 1192 1
125 1341 1
125 1554 1
125 1793 1
125 2738 1
125 3301 1
125 3552 1
126 15 1
126 16 1
126 18 1
126 22 1
126 26 1
126 47 1
126 58 1
126 123 1
126 540 1
126 725 1
126 932 1
126 3878 1
133 46 1
133 294 1
136 6 1
136 8 1
136 12 1
136 15 1
136 18 1
136 22 1
136 37 1
136 42 1
136 45 1
136 68 1
136 111 1
136 115 1
136 120 1
136 123 1
136 125 1
136 197 1
136 207 1
136 258 1
136 294 1
136 443 1
136 474 1
136 526 1
136 735 1
136 3606 1
139 2 1
139 6 1
139 15 1
139 18 1
139 25 1
139 26 1
139 30 1
139 94 1
139 115 1
139 136 1
139 257 1
139 280 1
139 286 1
139 435 1
139 4102 1
147 6 1
147 37 1
147 89 1
147 120 1
147 312 1
147 340 1
147 725 1
147 735 1
147 1063 1
152 12 1
152 15 1
152 18 1
152 26 1
152 47 1
152 68 1
152 69 1
152 94 1
152 125 1
152 236 1
152 526 1
152 725 1
152 2517 1
186 15 1
186 22 1
186 26 1
186 42 1
186 111 1
186 120 1
186 358 1
186 438 1
186 2305 1
190 2 1
190 12 1
190 15 1
190 16 1
190 18 1
190 25 1
190 26 1
190 41 1
190 71 1
190 74 1
190 104 1
190 120 1
190 126 1
190 231 1
190 245 1
190 271 1
190 299 1
190 434 1
190 474 1
190 624 1
190 633 1
190 854 1
190 1276 1
190 1339 1
190 1510 1
190 1879 1
190 3375 1
190 3691 1
190 5039 1
191 58 1
191 72 1
191 190 1
191 1659 1
196 18 1
196 136 1
197 15 1
197 37 1
197 45 1
197 124 1
197 186 1
197 257 1
197 299 1
197 312 1
197 371 1
197 474 1
197 881 1
197 942 1
197 2517 1
197 3108 1
207 2 1
207 6 1
207 12 1
207 15 1
207 18 1
207 22 1
207 26 1
207 30 1
207 69 1
207 92 1
207 94 1
207 120 1
207 125 1
207 197 1
207 561 1
207 735 1
207 1052 1
207 1314 1
207 5039 1
207 5750 1
212 2 1
212 15 1
212 18 1
212 26 1
212 68 1
212 71 1
212 94 1
212 119 1
212 123 1
212 125 1
212 126 1
212 147 1
212 197 1
212 231 1
212 258 1
212 322 1
212 358 1
212 438 1
212 443 1
212 474 1
212 844 1
212 1052 1
212 1078 1
212 1089 1
212 1276 1
212 1285 1
226 6 1
226 26 1
226 72 1
227 15 1
227 26 1
227 37 1
227 69 1
227 197 1
227 1376 1
231 2 1
231 8 1
231 15 1
231 18 1
231 22 1
231 26 1
231 71 1
231 89 1
231 111 1
231 123 1
231 190 1
231 207 1
231 258 1
231 307 1
231 489 1
231 530 1
231 942 1
231 1052 1
231 1172 1
231 1554 1
231 1889 1
231 2738 1
231 3750 1
231 4094 1
231 6673 1
236 2 1
236 6 1
236 12 1
236 15 1
236 16 1
236 18 1
236 19 1
236 26 1
236 34 1
236 43 1
236 45 1
236 72 1
236 89 1
236 94 1
236 115 1
236 136 1
236 197 1
236 294 1
236 312 1
236 358 1
236 438 1
236 508 1
236 582 1
236 624 1
236 733 1
236 801 1
236 838 1
236 1052 1
236 1063 1
236 1120 1
236 1182 1
240 15 1
240 18 1
240 22 1
240 72 1
240 340 1
240 342 1
240 4549 1
241 12 1
245 6 1
245 8 1
245 15 1
245 16 1
245 18 1
245 22 1
245 26 1
245 43 1
245 46 1
245 68 1
245 104 1
245 111 1
245 115 1
245 123 1
245 286 1
245 307 1
245 312 1
245 438 1
245 540 1
245 903 1
245 1052 1
245 1078 1
245 1192 1
245 1293 1
245 1889 1
245 2966 1
245 3481 1
257 2 1
257 6 1
257 18 1
257 22 1
257 26 1
257 28 1
257 45 1
257 58 1
257 71 1
257 94 1
257 111 1
257 147 1
257 190 1
257 231 1
257 271 1
257 280 1
257 315 1
257 322 1
257 340 1
257 342 1
257 434 1
257 474 1
257 506 1
257 526 1
257 561 1
257 633 1
257 765 1
257 844 1
257 888 1
257 903 1
257 979 1
257 1131 1
257 1167 1
257 1182 1
257 1188 1
257 1289 1
257 1510 1
257 1659 1
257 2308 1
257 2343 1
257 2597 1
257 3552 1
257 4176 1
257 5024 1
258 12 1
258 15 1
258 16 1
258 18 1
258 28 1
258 37 1
258 42 1
258 111 1
258 115 1
258 290 1
258 474 1
258 932 1
258 1172 1
258 1285 1
271 6 1
271 15 1
271 26 1
271 72 1
271 240 1
271 290 1
271 333 1
271 735 1
271 932 1
271 1167 1
271 1314 1
280 15 1
280 41 1
280 58 1
280 1089 1
286 12 1
286 15 1
286 16 1
286 22 1
286 34 1
286 41 1
286 42 1
286 46 1
286 69 1
286 71 1
286 72 1
286 83 1
286 89 1
286 104 1
286 115 1
286 136 1
286 147 1
286 190 1
286 197 1
286 207 1
286 212 1
286 231 1
286 294 1
286 302 1
286 337 1
286 340 1
286 348 1
286 434 1
286 474 1
286 522 1
286 801 1
286 886 1
286 932 1
286 1063 1
286 1085 1
286 1276 1
286 1293 1
286 1326 1
286 1339 1
286 1345 1
286 1955 1
286 1986 1
286 2467 1
286 2653 1
286 4094 1
286 4402 1
290 6 1
290 15 1
290 16 1
290 22 1
290 26 1
290 28 1
290 30 1
290 34 1
290 43 1
290 46 1
290 72 1
290 89 1
290 94 1
290 104 1
290 123 1
290 125 1
290 136 1
290 152 1
290 257 1
290 286 1
290 315 1
290 322 1
290 474 1
290 489 1
290 526 1
290 530 1
290 561 1
290 582 1
290 733 1
290 1052 1
290 1078 1
290 1289 1
290 1889 1
290 2140 1
290 2299 1
290 2517 1
290 2738 1
290 5921 1
294 12 1
294 26 1
294 28 1
294 37 1
294 42 1
294 45 1
294 68 1
294 69 1
294 94 1
294 104 1
294 115 1
294 126 1
294 207 1
294 245 1
294 258 1
294 340 1
294 456 1
294 474 1
294 506 1
294 508 1
294 522 1
294 735 1
294 888 1
294 932 1
294 2197 1
294 2343 1
294 2405 1
294 3857 1
299 6 1
299 15 1
299 16 1
299 18 1
299 26 1
299 34 1
299 37 1
299 41 1
299 45 1
299 89 1
299 111 1
299 125 1
299 190 1
299 271 1
299 280 1
299 294 1
299 438 1
299 443 1
299 474 1
299 506 1
299 508 1
299 532 1
299 1063 1
299 1172 1
299 1376 1
299 1955 1
299 2566 1
299 4843 1
299 6673 1
302 2 1
302 8 1
302 12 1
302 15 1
302 18 1
302 26 1
302 41 1
302 45 1
302 47 1
302 71 1
302 72 1
302 89 1
302 94 1
302 111 1
302 125 1
302 186 1
302 207 1
302 257 1
302 280 1
302 294 1
302 312 1
302 371 1
302 434 1
302 443 1
302 514 1
302 515 1
302 529 1
302 803 1
302 908 1
302 1085 1
302 1167 1
302 1172 1
302 1398 1
307 2 1
307 6 1
307 15 1
307 16 1
307 18 1
307 22 1
307 24 1
307 25 1
307 30 1
307 43 1
307 58 1
307 68 1
307 89 1
307 104 1
307 123 1
307 212 1
307 456 1
307 735 1
307 1172 1
307 1326 1
307 1339 1
307 1554 1
307 1561 1
307 2592 1
312 2 1
312 6 1
312 8 1
312 15 1
312 16 1
312 18 1
312 26 1
312 28 1
312 34 1
312 58 1
312 68 1
312 92 1
312 111 1
312 115 1
312 120 1
312 125 1
312 136 1
312 147 1
312 245 1
312 286 1
312 435 1
312 474 1
312 506 1
312 508 1
312 844 1
312 881 1
312 1052 1
312 1063 1
312 1131 1
312 1376 1
315 2 1
315 6 1
315 12 1
315 15 1
315 18 1
315 19 1
315 22 1
315 26 1
315 28 1
315 34 1
315 42 1
315 45 1
315 68 1
315 94 1
315 104 1
315 115 1
315 147 1
315 231 1
315 280 1
315 286 1
315 340 1
315 685 1
315 844 1
315 1089 1
315 1120 1
315 2096 1
320 6 1
320 15 1
320 26 1
320 41 1
320 104 1
322 6 1
322 12 1
322 18 1
322 22 1
322 123 1
322 1131 1
333 2 1
333 16 1
333 22 1
333 26 1
333 28 1
333 34 1
333 37 1
333 72 1
333 89 1
333 94 1
333 136 1
333 212 1
333 227 1
333 231 1
333 294 1
333 438 1
333 474 1
333 522 1
333 529 1
333 1192 1
333 1354 1
333 2303 1
333 3552 1
333 4643 1
337 15 1
337 18 1
337 68 1
337 111 1
337 125 1
340 2 1
340 6 1
340 15 1
340 30 1
340 34 1
340 37 1
340 42 1
340 68 1
340 120 1
340 124 1
340 236 1
340 280 1
340 312 1
340 369 1
340 529 1
340 685 1
340 942 1
340 1720 1
340 2299 1
340 3166 1
340 4146 1
340 4714 1
340 7141 1
342 2 1
342 18 1
342 22 1
342 312 1
342 371 1
342 506 1
342 2303 1
348 12 1
348 15 1
348 26 1
348 41 1
348 58 1
348 111 1
348 120 1
348 125 1
348 231 1
348 286 1
348 290 1
348 294 1
348 307 1
348 474 1
348 522 1
348 725 1
358 2 1
358 15 1
358 18 1
358 22 1
358 26 1
358 28 1
358 37 1
358 94 1
358 115 1
358 119 1
358 125 1
358 147 1
358 236 1
358 286 1
358 312 1
358 340 1
358 474 1
358 624 1
358 1326 1
358 3691 1
361 26 1
361 34 1
361 45 1
361 89 1
361 307 1
369 16 1
369 18 1
369 22 1
369 26 1
369 474 1
371 15 1
371 16 1
371 22 1
371 26 1
371 28 1
371 41 1
371 45 1
371 72 1
371 104 1
371 120 1
371 190 1
371 245 1
371 257 1
371 290 1
371 312 1
371 474 1
371 624 1
371 1052 1
371 1289 1
371 1339 1
371 1659 1
371 2554 1
398 6 1
398 15 1
398 16 1
398 18 1
398 22 1
398 41 1
398 45 1
398 72 1
398 104 1
398 119 1
398 294 1
398 348 1
398 2467 1
398 4437 1
434 15 1
434 26 1
434 28 1
434 43 1
434 286 1
434 879 1
435 16 1
435 22 1
435 37 1
435 89 1
435 126 1
435 474 1
435 881 1
435 3829 1
435 4146 1
438 6 1
438 12 1
438 15 1
438 18 1
438 22 1
438 26 1
438 28 1
438 45 1
438 46 1
438 58 1
438 68 1
438 71 1
438 72 1
438 111 1
438 126 1
438 136 1
438 139 1
438 286 1
438 299 1
438 307 1
438 333 1
438 348 1
438 443 1
438 561 1
438 582 1
438 624 1
438 695 1
438 1131 1
438 1341 1
438 1376 1
438 1676 1
443 2 1
443 6 1
443 15 1
443 18 1
443 28 1
443 30 1
443 41 1
443 45 1
443 68 1
443 104 1
443 111 1
443 120 1
443 190 1
443 207 1
443 315 1
443 371 1
443 489 1
443 548 1
443 733 1
443 1120 1
443 1167 1
443 6152 1
456 15 1
456 22 1
456 26 1
456 45 1
456 104 1
456 125 1
456 257 1
456 290 1
456 561 1
456 844 1
456 1131 1
474 2 1
474 6 1
474 15 1
474 16 1
474 19 1
474 26 1
474 37 1
474 41 1
474 42 1
474 45 1
474 46 1
474 58 1
474 60 1
474 69 1
474 71 1
474 89 1
474 92 1
474 99 1
474 115 1
474 120 1
474 123 1
474 147 1
474 207 1
474 245 1
474 257 1
474 294 1
474 312 1
474 340 1
474 342 1
474 348 1
474 371 1
474 434 1
474 438 1
474 456 1
474 529 1
474 533 1
474 612 1
474 695 1
474 803 1
474 844 1
474 854 1
474 1089 1
474 1172 1
474 1182 1
474 1293 1
474 1326 1
474 1339 1
474 1955 1
474 3963 1
474 4102 1
474 5227 1
474 5921 1
478 12 1
478 22 1
478 71 1
478 765 1
478 844 1
478 1336 1
478 2197 1
478 5227 1
489 9 1
489 16 1
489 18 1
489 45 1
489 68 1
489 123 1
489 124 1
489 207 1
489 653 1
489 1192 1
489 1816 1
494 15 1
494 18 1
494 71 1
494 72 1
494 1355 1
506 9 1
506 12 1
506 26 1
506 28 1
506 34 1
506 37 1
506 41 1
506 46 1
506 71 1
506 115 1
506 123 1
506 212 1
506 286 1
506 299 1
506 312 1
506 340 1
506 358 1
506 735 1
506 803 1
506 854 1
506 1339 1
508 6 1
508 22 1
508 45 1
508 68 1
508 89 1
508 94 1
508 236 1
508 299 1
508 340 1
508 733 1
508 932 1
514 15 1
514 16 1
514 37 1
514 71 1
514 89 1
514 104 1
514 123 1
514 125 1
514 136 1
514 152 1
514 207 1
514 231 1
514 371 1
514 561 1
514 838 1
514 854 1
514 1355 1
514 3815 1
515 15 1
515 18 1
515 438 1
522 6 1
522 16 1
522 18 1
522 22 1
522 37 1
522 89 1
522 123 1
522 196 1
522 456 1
522 489 1
526 2 1
526 6 1
526 12 1
526 15 1
526 16 1
526 18 1
526 19 1
526 22 1
526 37 1
526 45 1
526 71 1
526 92 1
526 104 1
526 111 1
526 125 1
526 197 1
526 212 1
526 294 1
526 320 1
526 529 1
526 623 1
526 653 1
526 838 1
526 908 1
526 1030 1
526 1052 1
526 1131 1
526 2674 1
526 4714 1
526 5280 1
526 5921 1
529 6 1
529 16 1
529 18 1
529 22 1
529 28 1
529 37 1
529 45 1
529 111 1
529 190 1
529 271 1
529 371 1
529 438 1
529 735 1
530 12 1
530 15 1
530 22 1
530 37 1
530 41 1
530 45 1
530 71 1
530 72 1
530 94 1
530 104 1
530 286 1
530 294 1
530 337 1
530 456 1
532 9 1
532 111 1
532 123 1
532 340 1
532 1341 1
532 3375 1
532 4714 1
533 9 1
533 26 1
533 1339 1
540 12 1
540 15 1
540 16 1
540 46 1
540 240 1
540 257 1
540 489 1
540 1078 1
548 16 1
548 18 1
548 94 1
548 147 1
548 299 1
548 631 1
561 2 1
561 15 1
561 22 1
561 26 1
561 34 1
561 41 1
561 42 1
561 45 1
561 58 1
561 71 1
561 72 1
561 89 1
561 104 1
561 123 1
561 124 1
561 240 1
561 271 1
561 286 1
561 294 1
561 340 1
561 474 1
561 548 1
561 735 1
561 888 1
561 932 1
561 1063 1
561 1167 1
561 1276 1
561 1289 1
561 1293 1
561 1955 1
561 3166 1
582 8 1
582 12 1
582 15 1
582 16 1
582 18 1
582 22 1
582 26 1
582 28 1
582 43 1
582 47 1
582 68 1
582 69 1
582 83 1
582 89 1
582 111 1
582 115 1
582 119 1
582 120 1
582 123 1
582 190 1
582 197 1
582 207 1
582 240 1
582 245 1
582 257 1
582 286 1
582 290 1
582 299 1
582 307 1
582 333 1
582 369 1
582 434 1
582 443 1
582 478 1
582 494 1
582 529 1
582 725 1
582 1078 1
582 1089 1
582 1182 1
582 1293 1
582 1376 1
582 5921 1
612 16 1
612 18 1
612 26 1
612 28 1
612 45 1
612 322 1
623 15 1
623 18 1
623 22 1
624 6 1
624 12 1
624 16 1
624 18 1
624 22 1
624 26 1
624 34 1
624 68 1
624 71 1
624 89 1
624 104 1
624 123 1
624 245 1
624 257 1
624 286 1
624 312 1
624 320 1
624 358 1
624 508 1
624 548 1
624 1289 1
631 45 1
631 735 1
633 18 1
633 26 1
633 71 1
633 136 1
633 489 1
633 4437 1
653 18 1
653 22 1
653 42 1
653 71 1
653 89 1
653 94 1
653 120 1
653 136 1
653 190 1
653 438 1
653 508 1
653 1052 1
653 1063 1
653 1131 1
653 1398 1
685 6 1
685 8 1
685 12 1
685 16 1
685 18 1
685 22 1
685 26 1
685 71 1
685 186 1
685 197 1
685 286 1
685 299 1
685 337 1
685 456 1
685 474 1
685 624 1
685 1120 1
695 6 1
695 16 1
695 18 1
695 42 1
695 68 1
704 15 1
704 28 1
704 3552 1
714 46 1
714 94 1
718 89 1
725 8 1
725 15 1
725 16 1
725 18 1
725 26 1
725 30 1
725 34 1
725 42 1
725 45 1
725 69 1
725 72 1
725 111 1
725 115 1
725 120 1
725 125 1
725 136 1
725 271 1
725 322 1
725 333 1
725 522 1
725 561 1
725 4330 1
725 6263 1
733 15 1
733 18 1
733 26 1
733 89 1
733 231 1
733 879 1
733 908 1
735 12 1
735 15 1
735 18 1
735 22 1
735 28 1
735 45 1
735 46 1
735 68 1
735 111 1
735 115 1
735 120 1
735 474 1
735 489 1
765 6 1
765 18 1
765 22 1
765 26 1
765 68 1
765 94 1
765 299 1
765 358 1
801 2 1
801 6 1
801 15 1
801 25 1
801 45 1
801 68 1
801 104 1
801 111 1
801 123 1
801 540 1
801 685 1
801 718 1
801 844 1
801 932 1
803 12 1
803 15 1
803 26 1
803 28 1
803 46 1
803 104 1
803 257 1
803 474 1
803 1172 1
838 6 1
838 16 1
838 22 1
838 42 1
838 71 1
838 94 1
838 115 1
838 231 1
838 236 1
838 286 1
838 443 1
838 456 1
838 533 1
838 653 1
838 903 1
844 6 1
844 8 1
844 12 1
844 16 1
844 18 1
844 26 1
844 28 1
844 45 1
844 58 1
844 69 1
844 71 1
844 74 1
844 92 1
844 119 1
844 123 1
844 190 1
844 299 1
844 307 1
844 438 1
844 530 1
844 725 1
844 735 1
844 903 1
844 1052 1
844 2462 1
844 3552 1
844 5406 1
854 22 1
854 41 1
854 104 1
854 123 1
854 257 1
854 340 1
854 1889 1
854 3691 1
879 2 1
879 16 1
879 18 1
879 19 1
879 26 1
879 45 1
879 136 1
879 147 1
879 207 1
879 333 1
879 474 1
879 704 1
879 1052 1
879 1592 1
879 2674 1
879 3166 1
879 3750 1
879 4827 1
881 12 1
881 16 1
881 18 1
881 26 1
881 1172 1
886 18 1
886 71 1
888 15 1
888 18 1
888 22 1
888 37 1
888 71 1
888 72 1
888 197 1
888 474 1
892 22 1
892 94 1
892 494 1
892 533 1
903 2 1
903 15 1
903 22 1
903 26 1
903 68 1
903 89 1
903 340 1
903 624 1
908 2 1
908 16 1
908 26 1
908 37 1
908 42 1
908 45 1
908 92 1
908 94 1
908 115 1
908 522 1
908 844 1
922 26 1
932 6 1
932 16 1
932 18 1
932 22 1
932 41 1
932 58 1
932 71 1
932 115 1
932 190 1
932 290 1
932 494 1
932 4330 1
942 2 1
942 18 1
942 803 1
942 1889 1
952 15 1
979 22 1
979 26 1
979 653 1
1030 16 1
1030 18 1
1052 6 1
1052 12 1
1052 16 1
1052 18 1
1052 22 1
1052 28 1
1052 41 1
1052 45 1
1052 71 1
1052 89 1
1052 115 1
1052 125 1
1052 286 1
1052 290 1
1052 514 1
1052 515 1
1052 932 1
1052 4102 1
1063 6 1
1063 15 1
1063 22 1
1063 24 1
1063 26 1
1063 37 1
1063 45 1
1063 72 1
1063 94 1
1063 104 1
1063 115 1
1063 123 1
1063 152 1
1063 236 1
1063 312 1
1063 438 1
1063 474 1
1063 624 1
1063 1339 1
1063 1345 1
1078 41 1
1078 257 1
1085 22 1
1085 28 1
1085 60 1
1085 125 1
1085 290 1
1085 1289 1
1089 15 1
1089 16 1
1089 22 1
1089 42 1
1089 58 1
1089 68 1
1089 94 1
1089 123 1
1089 226 1
1089 299 1
1089 302 1
1089 526 1
1120 18 1
1120 41 1
1120 120 1
1120 474 1
1120 932 1
1120 942 1
1120 1131 1
1120 1172 1
1131 15 1
1131 22 1
1131 26 1
1131 28 1
1131 46 1
1131 68 1
1131 71 1
1131 72 1
1131 89 1
1131 94 1
1131 111 1
1131 115 1
1131 124 1
1131 197 1
1131 398 1
1131 478 1
1131 514 1
1131 526 1
1131 530 1
1131 733 1
1131 854 1
1131 1063 1
1131 1192 1
1131 1355 1
1131 3750 1
1131 4818 1
1166 68 1
1166 147 1
1166 1355 1
1167 2 1
1167 18 1
1167 41 1
1167 94 1
1167 136 1
1167 474 1
1172 15 1
1172 16 1
1172 28 1
1172 46 1
1172 68 1
1172 89 1
1172 94 1
1172 115 1
1172 125 1
1172 147 1
1172 3607 1
1182 18 1
1182 94 1
1182 120 1
1182 348 1
1182 2299 1
1188 15 1
1188 37 1
1188 104 1
1188 120 1
1188 735 1
1192 6 1
1192 9 1
1192 15 1
1192 19 1
1192 22 1
1192 37 1
1192 115 1
1192 125 1
1192 508 1
1192 1052 1
1192 1603 1
1228 22 1
1228 1172 1
1270 26 1
1276 15 1
1276 16 1
1276 22 1
1276 26 1
1276 71 1
1276 72 1
1276 245 1
1276 290 1
1276 307 1
1276 474 1
1276 1131 1
1285 15 1
1285 16 1
1285 515 1
1285 844 1
1289 2 1
1289 15 1
1289 16 1
1289 18 1
1289 26 1
1289 68 1
1289 94 1
1289 120 1
1289 371 1
1289 1738 1
1293 15 1
1293 26 1
1293 41 1
1293 111 1
1293 526 1
1295 15 1
1295 18 1
1295 26 1
1314 22 1
1314 28 1
1314 37 1
1326 15 1
1326 45 1
1326 68 1
1326 104 1
1326 111 1
1326 120 1
1326 280 1
1326 881 1
1339 6 1
1339 12 1
1339 15 1
1339 18 1
1339 26 1
1339 37 1
1339 45 1
1339 58 1
1339 68 1
1339 111 1
1339 190 1
1339 294 1
1339 348 1
1341 6 1
1341 12 1
1341 15 1
1341 18 1
1341 111 1
1341 115 1
1341 120 1
1341 801 1
1341 1052 1
1341 1554 1
1345 22 1
1345 299 1
1345 506 1
1345 1089 1
1354 15 1
1355 6 1
1355 8 1
1355 26 1
1355 68 1
1355 89 1
1355 94 1
1355 115 1
1355 226 1
1355 258 1
1355 286 1
1355 474 1
1376 18 1
1376 28 1
1376 37 1
1376 41 1
1376 42 1
1376 46 1
1376 68 1
1376 71 1
1376 89 1
1376 286 1
1376 371 1
1376 526 1
1376 1052 1
1376 1339 1
1398 18 1
1469 1131 1
1510 6 1
1510 16 1
1510 26 1
1510 71 1
1510 123 1
1510 280 1
1510 312 1
1510 489 1
1510 725 1
1554 2 1
1554 16 1
1554 18 1
1554 26 1
1554 89 1
1554 115 1
1554 120 1
1554 123 1
1554 133 1
1554 526 1
1559 18 1
1559 26 1
1559 89 1
1559 94 1
1561 22 1
1561 26 1
1561 34 1
1561 120 1
1561 136 1
1561 695 1
1592 22 1
1592 315 1
1592 340 1
1603 15 1
1603 22 1
1617 2 1
1617 22 1
1617 26 1
1617 71 1
1617 139 1
1617 280 1
1647 45 1
1647 286 1
1659 6 1
1659 22 1
1659 26 1
1659 45 1
1659 71 1
1659 123 1
1659 286 1
1676 612 1
1720 22 1
1720 34 1
1738 474 1
1793 16 1
1793 22 1
1793 58 1
1793 489 1
1793 6376 1
1816 6 1
1816 18 1
1816 125 1
1879 26 1
1879 294 1
1879 844 1
1879 1314 1
1889 2 1
1889 6 1
1889 16 1
1889 22 1
1889 28 1
1889 58 1
1889 125 1
1889 280 1
1889 333 1
1889 1554 1
1955 22 1
1955 68 1
1986 22 1
2040 115 1
2048 6 1
2048 18 1
2048 22 1
2048 123 1
2048 371 1
2048 474 1
2096 2 1
2096 26 1
2096 1341 1
2096 6226 1
2140 15 1
2140 18 1
2140 22 1
2140 26 1
2140 89 1
2141 286 1
2182 22 1
2182 358 1
2197 22 1
2197 104 1
2197 474 1
2299 15 1
2299 34 1
2299 71 1
2299 89 1
2299 190 1
2299 227 1
2299 257 1
2299 294 1
2299 4714 1
2303 6 1
2303 22 1
2303 240 1
2303 1131 1
2303 1355 1
2303 4330 1
2305 42 1
2308 2 1
2308 18 1
2308 26 1
2308 89 1
2308 147 1
2308 245 1
2308 299 1
2308 695 1
2308 844 1
2308 1063 1
2308 1172 1
2343 280 1
2405 15 1
2405 18 1
2405 22 1
2405 69 1
2405 71 1
2405 111 1
2462 22 1
2467 15 1
2467 58 1
2467 94 1
2467 115 1
2467 312 1
2490 26 1
2490 37 1
2490 245 1
2490 333 1
2490 474 1
2517 18 1
2554 2 1
2554 15 1
2554 26 1
2554 30 1
2554 125 1
2554 240 1
2554 294 1
2566 16 1
2573 15 1
2573 16 1
2573 26 1
2592 15 1
2592 42 1
2592 89 1
2592 879 1
2592 1398 1
2597 22 1
2609 2 1
2609 8 1
2609 15 1
2609 125 1
2609 1285 1
2612 41 1
2612 115 1
2653 15 1
2674 12 1
2674 15 1
2674 26 1
2674 28 1
2674 186 1
2674 258 1
2682 16 1
2682 68 1
2682 290 1
2738 15 1
2738 45 1
2738 71 1
2738 236 1
2763 30 1
2763 89 1
2763 1172 1
2866 15 1
2866 340 1
2866 612 1
2966 8 1
2966 15 1
3108 18 1
3108 104 1
3163 22 1
3163 474 1
3163 526 1
3166 15 1
3166 22 1
3166 2299 1
3261 16 1
3261 18 1
3261 22 1
3301 37 1
3480 190 1
3552 12 1
3552 22 1
3552 26 1
3552 45 1
3552 125 1
3596 45 1
3596 120 1
3596 290 1
3596 299 1
3596 474 1
3606 15 1
3606 22 1
3607 26 1
3607 197 1
3691 37 1
3691 92 1
3691 312 1
3731 6 1
3731 16 1
3731 18 1
3731 340 1
3750 15 1
3750 18 1
3750 28 1
3750 45 1
3750 89 1
3750 119 1
3750 120 1
3750 932 1
3815 22 1
3815 474 1
3829 89 1
3857 2 1
3857 15 1
3857 139 1
3857 299 1
3877 18 1
3878 22 1
3878 1131 1
3952 15 1
3963 15 1
3963 26 1
3963 123 1
3963 438 1
4065 8 1
4065 15 1
4094 15 1
4102 16 1
4102 37 1
4102 115 1
4102 123 1
4146 18 1
4146 41 1
4146 42 1
4146 123 1
4146 2096 1
4166 12 1
4175 438 1
4176 16 1
4330 474 1
4402 89 1
4435 561 1
4437 2 1
4437 111 1
4549 22 1
4549 26 1
4549 68 1
4644 6 1
4644 15 1
4714 15 1
4714 115 1
4714 290 1
4714 294 1
4714 1172 1
4714 1339 1
4818 15 1
4818 340 1
4820 16 1
4820 45 1
4827 12 1
4843 6 1
4843 2674 1
4868 197 1
4868 271 1
4868 1355 1
4877 903 1
5007 15 1
5039 18 1
5101 18 1
5280 22 1
5280 37 1
5340 89 1
5406 18 1
5406 26 1
5406 28 1
5406 34 1
5406 111 1
5406 123 1
5406 196 1
5406 207 1
5406 358 1
5406 474 1
5409 89 1
5449 190 1
5457 26 1
5480 34 1
5518 37 1
5518 42 1
5533 15 1
5533 46 1
5750 26 1
5921 8 1
5921 12 1
5921 15 1
5921 16 1
5921 18 1
5921 22 1
5921 89 1
5921 474 1
5938 22 1
5938 123 1
5976 22 1
5987 18 1
6019 15 1
6068 15 1
6152 16 1
6152 22 1
6152 26 1
6226 2 1
6263 15 1
6263 22 1
6263 443 1
6263 854 1
6263 4402 1
6362 15 1
6362 22 1
6376 22 1
6376 125 1
6381 290 1
6598 94 1
6660 1131 1
6673 16 1
6673 115 1
6673 1339 1
6703 15 1
7143 16 1
7143 1131 1
7154 60 1
7294 2 1
7340 115 1
7419 1341 1
7452 15 1
7469 18 1
7683 16 1
