2 6 1
2 22 1
2 26 1
2 28 1
2 34 1
2 41 1
2 42 1
2 43 1
2 46 1
2 68 1
2 69 1
2 74 1
2 92 1
2 94 1
2 104 1
2 115 1
2 119 1
2 190 1
2 197 1
2 212 1
2 245 1
2 280 1
2 315 1
2 526 1
2 530 1
2 735 1
2 932 1
2 1052 1
2 1078 1
2 1182 1
2 1276 1
2 1289 1
2 1314 1
2 1326 1
2 1659 1
2 1738 1
2 1889 1
2 2462 1
2 2517 1
2 2554 1
2 3163 1
2 3261 1
2 3815 1
2 4714 1
2 5406 1
2 6362 1
6 2 1
6 8 1
6 12 1
6 15 1
6 18 1
6 22 1
6 26 1
6 28 1
6 30 1
6 37 1
6 41 1
6 43 1
6 45 1
6 46 1
6 72 1
6 89 1
6 92 1
6 111 1
6 115 1
6 123 1
6 125 1
6 126 1
6 147 1
6 152 1
6 190 1
6 197 1
6 207 1
6 212 1
6 231 1
6 257 1
6 258 1
6 286 1
6 294 1
6 299 1
6 358 1
6 371 1
6 438 1
6 456 1
6 474 1
6 506 1
6 522 1
6 529 1
6 530 1
6 548 1
6 624 1
6 633 1
6 653 1
6 718 1
6 844 1
6 888 1
6 892 1
6 932 1
6 1052 1
6 1089 1
6 1172 1
6 1276 1
6 1314 1
6 1355 1
6 1376 1
6 1554 1
6 1659 1
6 1889 1
6 2299 1
6 2517 1
6 2554 1
6 3166 1
6 3552 1
6 3857 1
6 4868 1
6 5280 1
6 5457 1
8 12 1
8 16 1
8 18 1
8 22 1
8 26 1
8 45 1
8 68 1
8 72 1
8 115 1
8 125 1
8 231 1
8 299 1
8 320 1
8 337 1
8 342 1
8 358 1
8 733 1
8 932 1
8 1089 1
8 1289 1
8 1295 1
8 2866 1
9 6 1
9 12 1
9 15 1
9 26 1
9 28 1
9 34 1
9 41 1
9 68 1
9 72 1
9 119 1
9 125 1
9 236 1
9 312 1
9 474 1
9 765 1
9 1326 1
9 1554 1
9 2299 1
9 7419 1
12 2 1
12 15 1
12 26 1
12 37 1
12 47 1
12 94 1
12 111 1
12 115 1
12 120 1
12 123 1
12 125 1
12 147 1
12 240 1
12 257 1
12 271 1
12 280 1
12 286 1
12 299 1
12 302 1
12 307 1
12 342 1
12 371 1
12 438 1
12 474 1
12 478 1
12 529 1
12 530 1
12 540 1
12 733 1
12 735 1
12 903 1
12 932 1
12 942 1
12 1052 1
12 1063 1
12 1089 1
12 1167 1
12 1172 1
12 1285 1
12 1339 1
12 2182 1
12 2467 1
12 2612 1
12 2653 1
12 5866 1
12 5921 1
12 6381 1
15 2 1
15 18 1
15 19 1
15 25 1
15 28 1
15 37 1
15 41 1
15 46 1
15 68 1
15 69 1
15 71 1
15 72 1
15 89 1
15 92 1
15 94 1
15 104 1
15 111 1
15 120 1
15 125 1
15 136 1
15 139 1
15 147 1
15 152 1
15 190 1
15 196 1
15 236 1
15 245 1
15 258 1
15 280 1
15 290 1
15 294 1
15 299 1
15 315 1
15 340 1
15 358 1
15 371 1
15 438 1
15 456 1
15 478 1
15 508 1
15 514 1
15 515 1
15 522 1
15 526 1
15 529 1
15 533 1
15 561 1
15 624 1
15 714 1
15 733 1
15 735 1
15 844 1
15 886 1
15 888 1
15 903 1
15 932 1
15 1052 1
15 1063 1
15 1172 1
15 1293 1
15 1314 1
15 1339 1
15 1355 1
15 1793 1
15 2305 1
15 3166 1
15 3375 1
15 3963 1
15 5406 1
16 2 1
16 6 1
16 12 1
16 15 1
16 19 1
16 24 1
16 25 1
16 26 1
16 34 1
16 37 1
16 41 1
16 42 1
16 45 1
16 46 1
16 47 1
16 68 1
16 69 1
16 74 1
16 89 1
16 91 1
16 92 1
16 104 1
16 111 1
16 115 1
16 120 1
16 126 1
16 136 1
16 147 1
16 152 1
16 186 1
16 191 1
16 197 1
16 212 1
16 227 1
16 231 1
16 236 1
16 245 1
16 290 1
16 302 1
16 322 1
16 333 1
16 340 1
16 348 1
16 358 1
16 371 1
16 434 1
16 443 1
16 456 1
16 474 1
16 478 1
16 489 1
16 494 1
16 506 1
16 508 1
16 515 1
16 526 1
16 530 1
16 532 1
16 533 1
16 548 1
16 561 1
16 612 1
16 623 1
16 624 1
16 631 1
16 695 1
16 718 1
16 733 1
16 735 1
16 844 1
16 881 1
16 903 1
16 908 1
16 942 1
16 979 1
16 1030 1
16 1052 1
16 1078 1
16 1089 1
16 1120 1
16 1131 1
16 1166 1
16 1167 1
16 1172 1
16 1182 1
16 1192 1
16 1228 1
16 1289 1
16 1293 1
16 1295 1
16 1326 1
16 1336 1
16 1341 1
16 1376 1
16 1398 1
16 1554 1
16 1559 1
16 1592 1
16 1617 1
16 1659 1
16 1676 1
16 1691 1
16 1879 1
16 1986 1
16 2096 1
16 2197 1
16 2303 1
16 2308 1
16 2462 1
16 2517 1
16 2554 1
16 2573 1
16 2597 1
16 2609 1
16 2653 1
16 2738 1
16 2763 1
16 2966 1
16 3481 1
16 3691 1
16 3731 1
16 3750 1
16 3815 1
16 3952 1
16 4094 1
16 4146 1
16 4175 1
16 4176 1
16 4330 1
16 4437 1
16 4644 1
16 4714 1
16 5024 1
16 5039 1
16 5533 1
16 5750 1
16 5938 1
16 7340 1
16 7469 1
18 2 1
18 6 1
18 9 1
18 12 1
18 15 1
18 16 1
18 19 1
18 22 1
18 25 1
18 26 1
18 28 1
18 30 1
18 34 1
18 37 1
18 42 1
18 45 1
18 46 1
18 60 1
18 68 1
18 69 1
18 71 1
18 72 1
18 89 1
18 94 1
18 104 1
18 111 1
18 115 1
18 120 1
18 124 1
18 125 1
18 126 1
18 152 1
18 190 1
18 207 1
18 212 1
18 236 1
18 245 1
18 257 1
18 258 1
18 271 1
18 280 1
18 290 1
18 294 1
18 299 1
18 302 1
18 312 1
18 333 1
18 340 1
18 342 1
18 358 1
18 371 1
18 434 1
18 435 1
18 438 1
18 443 1
18 456 1
18 489 1
18 494 1
18 514 1
18 522 1
18 526 1
18 529 1
18 530 1
18 561 1
18 623 1
18 624 1
18 653 1
18 725 1
18 838 1
18 854 1
18 879 1
18 881 1
18 886 1
18 903 1
18 908 1
18 922 1
18 932 1
18 952 1
18 1052 1
18 1063 1
18 1120 1
18 1167 1
18 1192 1
18 1293 1
18 1295 1
18 1326 1
18 1339 1
18 1354 1
18 1554 1
18 1720 1
18 1793 1
18 1955 1
18 2299 1
18 2308 1
18 2405 1
18 2462 1
18 2517 1
18 2609 1
18 2674 1
18 2682 1
18 2738 1
18 2763 1
18 2966 1
18 3552 1
18 3607 1
18 3857 1
18 4094 1
18 4269 1
18 4437 1
18 4714 1
18 4843 1
18 5280 1
18 5921 1
18 5987 1
18 7017 1
18 7683 1
19 6 1
19 72 1
19 257 1
19 322 1
19 533 1
19 1172 1
22 2 1
22 12 1
22 15 1
22 16 1
22 18 1
22 19 1
22 26 1
22 28 1
22 30 1
22 34 1
22 37 1
22 41 1
22 42 1
22 45 1
22 46 1
22 47 1
22 58 1
22 60 1
22 69 1
22 71 1
22 89 1
22 91 1
22 92 1
22 94 1
22 104 1
22 111 1
22 119 1
22 120 1
22 123 1
22 124 1
22 125 1
22 136 1
22 147 1
22 186 1
22 196 1
22 207 1
22 227 1
22 231 1
22 236 1
22 240 1
22 241 1
22 257 1
22 258 1
22 290 1
22 294 1
22 299 1
22 315 1
22 320 1
22 322 1
22 333 1
22 337 1
22 348 1
22 358 1
22 369 1
22 371 1
22 434 1
22 435 1
22 443 1
22 456 1
22 474 1
22 478 1
22 489 1
22 494 1
22 508 1
22 515 1
22 522 1
22 529 1
22 530 1
22 532 1
22 533 1
22 540 1
22 561 1
22 612 1
22 624 1
22 653 1
22 695 1
22 704 1
22 718 1
22 733 1
22 735 1
22 765 1
22 844 1
22 854 1
22 888 1
22 892 1
22 903 1
22 908 1
22 922 1
22 932 1
22 942 1
22 979 1
22 1052 1
22 1063 1
22 1085 1
22 1120 1
22 1131 1
22 1172 1
22 1182 1
22 1188 1
22 1192 1
22 1276 1
22 1285 1
22 1289 1
22 1293 1
22 1314 1
22 1326 1
22 1339 1
22 1345 1
22 1355 1
22 1510 1
22 1554 1
22 1559 1
22 1592 1
22 1603 1
22 1617 1
22 1647 1
22 1659 1
22 1816 1
22 1889 1
22 2040 1
22 2048 1
22 2096 1
22 2197 1
22 2305 1
22 2308 1
22 2405 1
22 2517 1
22 2738 1
22 2763 1
22 3108 1
22 3375 1
22 3552 1
22 3691 1
22 3731 1
22 3750 1
22 3815 1
22 3950 1
22 3952 1
22 4102 1
22 4402 1
22 4435 1
22 4549 1
22 4644 1
22 4827 1
22 4843 1
22 4868 1
22 5406 1
22 5533 1
22 5921 1
22 6152 1
22 6376 1
22 6703 1
22 7017 1
22 7141 1
22 7452 1
24 2 1
24 6 1
24 18 1
24 45 1
24 115 1
24 120 1
24 561 1
24 932 1
25 6 1
25 12 1
25 15 1
25 16 1
25 18 1
25 22 1
25 26 1
25 45 1
25 58 1
25 111 1
25 126 1
25 299 1
25 474 1
25 624 1
25 844 1
25 1167 1
25 1172 1
25 1376 1
26 9 1
26 15 1
26 28 1
26 34 1
26 37 1
26 41 1
26 43 1
26 46 1
26 58 1
26 60 1
26 68 1
26 71 1
26 72 1
26 74 1
26 89 1
26 119 1
26 123 1
26 125 1
26 133 1
26 147 1
26 152 1
26 197 1
26 207 1
26 212 1
26 240 1
26 271 1
26 299 1
26 302 1
26 315 1
26 340 1
26 348 1
26 358 1
26 371 1
26 435 1
26 438 1
26 456 1
26 506 1
26 508 1
26 515 1
26 526 1
26 530 1
26 624 1
26 631 1
26 633 1
26 733 1
26 735 1
26 803 1
26 838 1
26 844 1
26 854 1
26 879 1
26 903 1
26 932 1
26 979 1
26 1052 1
26 1089 1
26 1120 1
26 1131 1
26 1172 1
26 1182 1
26 1289 1
26 1295 1
26 1314 1
26 1339 1
26 1376 1
26 1561 1
26 1659 1
26 1889 1
26 2048 1
26 2197 1
26 2299 1
26 2308 1
26 2405 1
26 2674 1
26 2738 1
26 3261 1
26 3552 1
26 3815 1
26 4644 1
26 5101 1
26 6376 1
28 2 1
28 6 1
28 8 1
28 15 1
28 16 1
28 18 1
28 24 1
28 25 1
28 26 1
28 34 1
28 37 1
28 42 1
28 45 1
28 46 1
28 68 1
28 71 1
28 72 1
28 83 1
28 89 1
28 94 1
28 104 1
28 111 1
28 115 1
28 120 1
28 124 1
28 125 1
28 136 1
28 147 1
28 190 1
28 207 1
28 212 1
28 227 1
28 231 1
28 236 1
28 245 1
28 257 1
28 258 1
28 280 1
28 286 1
28 290 1
28 312 1
28 315 1
28 322 1
28 333 1
28 340 1
28 342 1
28 371 1
28 443 1
28 456 1
28 474 1
28 489 1
28 514 1
28 526 1
28 540 1
28 561 1
28 631 1
28 685 1
28 695 1
28 704 1
28 735 1
28 801 1
28 803 1
28 844 1
28 854 1
28 903 1
28 942 1
28 1052 1
28 1131 1
28 1172 1
28 1192 1
28 1289 1
28 1326 1
28 1341 1
28 1345 1
28 1469 1
28 1889 1
28 2303 1
28 2308 1
28 3108 1
28 3261 1
28 3375 1
28 4330 1
28 5227 1
30 2 1
30 12 1
30 15 1
30 16 1
30 22 1
30 26 1
30 34 1
30 37 1
30 41 1
30 68 1
30 72 1
30 89 1
30 94 1
30 104 1
30 111 1
30 115 1
30 120 1
30 124 1
30 197 1
30 227 1
30 231 1
30 257 1
30 271 1
30 286 1
30 290 1
30 294 1
30 320 1
30 340 1
30 443 1
30 526 1
30 530 1
30 533 1
30 561 1
30 725 1
30 733 1
30 844 1
30 854 1
30 942 1
30 1052 1
30 1192 1
30 1289 1
30 1341 1
30 1376 1
30 1469 1
30 1659 1
30 2308 1
30 4065 1
30 4402 1
30 4515 1
30 4714 1
30 5518 1
33 15 1
33 22 1
34 6 1
34 8 1
34 15 1
34 16 1
34 18 1
34 30 1
34 41 1
34 42 1
34 46 1
34 68 1
34 71 1
34 123 1
34 124 1
34 125 1
34 147 1
34 190 1
34 236 1
34 280 1
34 286 1
34 290 1
34 302 1
34 307 1
34 312 1
34 348 1
34 371 1
34 398 1
34 474 1
34 489 1
34 522 1
34 838 1
34 881 1
34 908 1
34 1052 1
34 1063 1
34 1131 1
34 1339 1
34 1341 1
34 1592 1
34 1659 1
34 1676 1
34 2866 1
34 3480 1
34 4065 1
37 6 1
37 15 1
37 16 1
37 18 1
37 22 1
37 25 1
37 26 1
37 28 1
37 34 1
37 45 1
37 58 1
37 68 1
37 69 1
37 71 1
37 72 1
37 123 1
37 136 1
37 197 1
37 227 1
37 245 1
37 257 1
37 271 1
37 286 1
37 299 1
37 333 1
37 371 1
37 438 1
37 474 1
37 582 1
37 623 1
37 624 1
37 725 1
37 733 1
37 735 1
37 765 1
37 844 1
37 888 1
37 932 1
37 1120 1
37 1167 1
37 1276 1
37 1289 1
37 2141 1
37 2554 1
37 3691 1
37 3750 1
37 4146 1
37 5921 1
37 7419 1
41 2 1
41 6 1
41 12 1
41 18 1
41 26 1
41 37 1
41 45 1
41 69 1
41 71 1
41 89 1
41 104 1
41 111 1
41 123 1
41 124 1
41 125 1
41 231 1
41 236 1
41 257 1
41 280 1
41 286 1
41 322 1
41 474 1
41 508 1
41 526 1
41 844 1
41 932 1
41 1063 1
41 1339 1
41 1376 1
41 2343 1
41 3607 1
42 9 1
42 18 1
42 25 1
42 26 1
42 28 1
42 41 1
42 74 1
42 94 1
42 104 1
42 115 1
42 120 1
42 190 1
42 227 1
42 245 1
42 294 1
42 443 1
42 474 1
42 685 1
42 735 1
42 854 1
42 879 1
42 908 1
42 1172 1
42 1289 1
42 3552 1
42 6226 1
43 2 1
43 8 1
43 12 1
43 15 1
43 18 1
43 22 1
43 28 1
43 42 1
43 47 1
43 60 1
43 68 1
43 71 1
43 72 1
43 94 1
43 104 1
43 120 1
43 123 1
43 136 1
43 197 1
43 231 1
43 271 1
43 294 1
43 312 1
43 337 1
43 438 1
43 530 1
43 532 1
43 733 1
43 844 1
43 881 1
43 1561 1
43 2609 1
43 3301 1
45 2 1
45 6 1
45 9 1
45 12 1
45 15 1
45 19 1
45 22 1
45 26 1
45 28 1
45 30 1
45 41 1
45 43 1
45 46 1
45 47 1
45 68 1
45 71 1
45 72 1
45 89 1
45 92 1
45 94 1
45 115 1
45 125 1
45 139 1
45 152 1
45 186 1
45 190 1
45 207 1
45 226 1
45 231 1
45 245 1
45 258 1
45 271 1
45 290 1
45 294 1
45 315 1
45 340 1
45 358 1
45 434 1
45 456 1
45 474 1
45 489 1
45 526 1
45 548 1
45 695 1
45 735 1
45 942 1
45 1063 1
45 1131 1
45 1167 1
45 1339 1
45 1376 1
45 1793 1
45 1889 1
45 2299 1
45 2462 1
45 3166 1
45 3301 1
45 3552 1
45 3877 1
45 5449 1
45 6376 1
46 2 1
46 6 1
46 12 1
46 15 1
46 18 1
46 26 1
46 30 1
46 37 1
46 47 1
46 58 1
46 71 1
46 89 1
46 111 1
46 120 1
46 123 1
46 125 1
46 186 1
46 197 1
46 231 1
46 257 1
46 271 1
46 286 1
46 294 1
46 312 1
46 315 1
46 340 1
46 348 1
46 371 1
46 438 1
46 474 1
46 526 1
46 561 1
46 735 1
46 838 1
46 844 1
46 922 1
46 1063 1
46 1131 1
46 1172 1
46 1355 1
46 2554 1
46 2674 1
46 2738 1
47 8 1
47 15 1
47 18 1
47 26 1
47 37 1
47 111 1
47 126 1
47 257 1
47 290 1
47 307 1
47 438 1
47 1554 1
47 2405 1
58 2 1
58 12 1
58 15 1
58 18 1
58 19 1
58 26 1
58 34 1
58 37 1
58 41 1
58 42 1
58 45 1
58 46 1
58 71 1
58 89 1
58 92 1
58 104 1
58 111 1
58 115 1
58 120 1
58 136 1
58 147 1
58 186 1
58 190 1
58 191 1
58 197 1
58 227 1
58 258 1
58 280 1
58 286 1
58 290 1
58 312 1
58 315 1
58 320 1
58 358 1
58 369 1
58 434 1
58 456 1
58 526 1
58 529 1
58 633 1
58 735 1
58 803 1
58 932 1
58 1078 1
58 1085 1
58 1120 1
58 1131 1
58 1172 1
58 1188 1
58 1554 1
58 2299 1
58 2303 1
58 2467 1
58 2554 1
58 2592 1
58 2674 1
58 5406 1
60 2 1
60 16 1
60 22 1
60 26 1
60 28 1
60 34 1
60 45 1
60 89 1
60 120 1
60 125 1
60 126 1
60 245 1
60 838 1
68 6 1
68 8 1
68 12 1
68 15 1
68 18 1
68 22 1
68 26 1
68 30 1
68 34 1
68 37 1
68 41 1
68 42 1
68 45 1
68 47 1
68 72 1
68 89 1
68 104 1
68 111 1
68 115 1
68 119 1
68 120 1
68 123 1
68 125 1
68 126 1
68 147 1
68 190 1
68 197 1
68 231 1
68 236 1
68 257 1
68 258 1
68 280 1
68 290 1
68 294 1
68 307 1
68 312 1
68 369 1
68 443 1
68 474 1
68 489 1
68 506 1
68 508 1
68 514 1
68 522 1
68 529 1
68 582 1
68 695 1
68 704 1
68 765 1
68 801 1
68 803 1
68 854 1
68 1063 1
68 1078 1
68 1131 1
68 1166 1
68 1167 1
68 1617 1
68 1816 1
68 1955 1
68 2566 1
68 2612 1
68 3750 1
68 4714 1
68 5280 1
68 5921 1
69 6 1
69 18 1
69 24 1
69 26 1
69 68 1
69 71 1
69 72 1
69 89 1
69 104 1
69 147 1
69 231 1
69 1078 1
71 2 1
71 6 1
71 12 1
71 15 1
71 16 1
71 19 1
71 26 1
71 30 1
71 37 1
71 42 1
71 68 1
71 72 1
71 89 1
71 94 1
71 104 1
71 111 1
71 115 1
71 120 1
71 125 1
71 136 1
71 139 1
71 186 1
71 191 1
71 197 1
71 227 1
71 245 1
71 257 1
71 280 1
71 286 1
71 290 1
71 302 1
71 312 1
71 320 1
71 358 1
71 361 1
71 371 1
71 443 1
71 489 1
71 515 1
71 526 1
71 561 1
71 624 1
71 733 1
71 735 1
71 801 1
71 1052 1
71 1376 1
71 1659 1
71 1955 1
71 2182 1
71 2303 1
71 2517 1
71 3750 1
71 3952 1
71 4146 1
71 4330 1
71 4818 1
72 12 1
72 15 1
72 19 1
72 22 1
72 46 1
72 68 1
72 94 1
72 124 1
72 126 1
72 152 1
72 197 1
72 227 1
72 240 1
72 258 1
72 286 1
72 294 1
72 358 1
72 438 1
72 530 1
72 854 1
72 888 1
72 1078 1
72 1089 1
72 1339 1
72 1345 1
72 3301 1
72 7154 1
74 6 1
74 8 1
74 15 1
74 58 1
74 68 1
74 115 1
74 299 1
74 443 1
83 2 1
83 15 1
83 16 1
83 22 1
83 25 1
83 26 1
83 34 1
83 37 1
83 45 1
83 46 1
83 71 1
83 72 1
83 190 1
83 231 1
83 312 1
83 315 1
83 337 1
83 3750 1
89 2 1
89 9 1
89 12 1
89 16 1
89 22 1
89 26 1
89 34 1
89 37 1
89 41 1
89 42 1
89 43 1
89 72 1
89 94 1
89 104 1
89 111 1
89 119 1
89 120 1
89 123 1
89 139 1
89 147 1
89 152 1
89 245 1
89 286 1
89 290 1
89 294 1
89 299 1
89 302 1
89 333 1
89 348 1
89 369 1
89 371 1
89 443 1
89 474 1
89 489 1
89 506 1
89 508 1
89 514 1
89 522 1
89 526 1
89 529 1
89 530 1
89 532 1
89 624 1
89 633 1
89 735 1
89 765 1
89 903 1
89 932 1
89 1131 1
89 1166 1
89 1289 1
89 1326 1
89 1339 1
89 1879 1
89 1955 1
89 2612 1
89 2674 1
89 3606 1
89 4435 1
89 4714 1
89 5039 1
91 9 1
91 15 1
91 111 1
91 526 1
92 2 1
92 6 1
92 8 1
92 18 1
92 26 1
92 37 1
92 42 1
92 58 1
92 111 1
92 115 1
92 197 1
92 290 1
92 320 1
92 340 1
92 443 1
92 474 1
92 506 1
92 685 1
92 908 1
92 1063 1
92 1172 1
92 1339 1
92 2096 1
92 2467 1
94 2 1
94 9 1
94 15 1
94 16 1
94 28 1
94 30 1
94 34 1
94 37 1
94 42 1
94 43 1
94 45 1
94 46 1
94 58 1
94 68 1
94 71 1
94 104 1
94 111 1
94 120 1
94 125 1
94 152 1
94 236 1
94 257 1
94 271 1
94 290 1
94 294 1
94 299 1
94 333 1
94 337 1
94 340 1
94 358 1
94 474 1
94 506 1
94 612 1
94 695 1
94 704 1
94 733 1
94 765 1
94 803 1
94 903 1
94 1078 1
94 1120 1
94 1131 1
94 1188 1
94 1289 1
94 1554 1
94 3166 1
94 4094 1
94 4330 1
99 2 1
99 8 1
99 16 1
99 18 1
99 22 1
99 26 1
99 34 1
99 45 1
99 68 1
99 71 1
99 89 1
99 115 1
99 125 1
99 190 1
99 245 1
99 294 1
99 299 1
99 443 1
99 478 1
99 489 1
99 624 1
99 725 1
99 844 1
99 854 1
99 879 1
99 932 1
99 2517 1
99 6598 1
104 2 1
104 6 1
104 8 1
104 12 1
104 15 1
104 18 1
104 22 1
104 26 1
104 28 1
104 34 1
104 37 1
104 42 1
104 45 1
104 46 1
104 47 1
104 69 1
104 74 1
104 94 1
104 115 1
104 120 1
104 123 1
104 147 1
104 212 1
104 227 1
104 240 1
104 245 1
104 257 1
104 271 1
104 280 1
104 294 1
104 299 1
104 307 1
104 340 1
104 348 1
104 369 1
104 438 1
104 456 1
104 474 1
104 508 1
104 529 1
104 695 1
104 844 1
104 881 1
104 1293 1
104 1376 1
104 1510 1
104 1955 1
104 2299 1
104 3552 1
104 3691 1
104 3829 1
104 6673 1
111 2 1
111 6 1
111 12 1
111 15 1
111 16 1
111 18 1
111 22 1
111 26 1
111 28 1
111 34 1
111 43 1
111 45 1
111 46 1
111 71 1
111 72 1
111 89 1
111 92 1
111 104 1
111 123 1
111 125 1
111 136 1
111 186 1
111 257 1
111 286 1
111 315 1
111 320 1
111 358 1
111 369 1
111 514 1
111 582 1
111 685 1
111 803 1
111 881 1
111 886 1
111 903 1
111 932 1
111 1052 1
111 1131 1
111 1172 1
111 1182 1
111 1276 1
111 1285 1
111 1293 1
111 1376 1
111 2738 1
111 3166 1
111 3552 1
111 5406 1
111 5976 1
115 6 1
115 12 1
115 15 1
115 22 1
115 26 1
115 28 1
115 37 1
115 41 1
115 45 1
115 46 1
115 47 1
115 58 1
115 69 1
115 71 1
115 94 1
115 120 1
115 125 1
115 126 1
115 136 1
115 147 1
115 190 1
115 245 1
115 257 1
115 320 1
115 322 1
115 342 1
115 369 1
115 438 1
115 443 1
115 474 1
115 478 1
115 508 1
115 514 1
115 515 1
115 530 1
115 533 1
115 725 1
115 735 1
115 803 1
115 1063 1
115 1172 1
115 1188 1
115 1276 1
115 1289 1
115 1336 1
115 1376 1
115 1554 1
115 1879 1
115 2467 1
115 2738 1
115 4146 1
115 5406 1
115 6376 1
119 2 1
119 6 1
119 8 1
119 16 1
119 18 1
119 22 1
119 28 1
119 41 1
119 46 1
119 58 1
119 69 1
119 71 1
119 72 1
119 94 1
119 104 1
119 111 1
119 115 1
119 120 1
119 125 1
119 139 1
119 186 1
119 197 1
119 207 1
119 236 1
119 257 1
119 271 1
119 294 1
119 307 1
119 312 1
119 340 1
119 348 1
119 438 1
119 474 1
119 514 1
119 515 1
119 522 1
119 548 1
119 633 1
119 653 1
119 695 1
119 725 1
119 733 1
119 735 1
119 801 1
119 879 1
119 881 1
119 903 1
119 1131 1
119 1285 1
119 1339 1
119 1341 1
119 1376 1
119 1398 1
119 1659 1
119 1720 1
119 1889 1
119 2674 1
119 3963 1
119 4094 1
119 4102 1
119 4714 1
120 6 1
120 16 1
120 26 1
120 28 1
120 41 1
120 46 1
120 69 1
120 72 1
120 207 1
120 315 1
120 337 1
120 348 1
120 438 1
120 456 1
120 474 1
120 478 1
120 489 1
120 494 1
120 508 1
120 529 1
120 548 1
120 561 1
120 624 1
120 735 1
120 803 1
120 903 1
120 922 1
120 932 1
120 1063 1
120 1078 1
120 1355 1
120 2048 1
120 2096 1
120 2467 1
120 3691 1
120 4102 1
123 6 1
123 9 1
123 12 1
123 15 1
123 18 1
123 19 1
123 22 1
123 25 1
123 26 1
123 28 1
123 30 1
123 37 1
123 41 1
123 46 1
123 47 1
123 58 1
123 69 1
123 89 1
123 92 1
123 104 1
123 111 1
123 115 1
123 119 1
123 120 1
123 125 1
123 126 1
123 136 1
123 147 1
123 196 1
123 207 1
123 236 1
123 258 1
123 280 1
123 290 1
123 294 1
123 299 1
123 302 1
123 312 1
123 315 1
123 340 1
123 342 1
123 358 1
123 371 1
123 434 1
123 443 1
123 474 1
123 489 1
123 506 1
123 515 1
123 612 1
123 624 1
123 653 1
123 725 1
123 735 1
123 765 1
123 801 1
123 803 1
123 844 1
123 879 1
123 1052 1
123 1063 1
123 1078 1
123 1131 1
123 1167 1
123 1188 1
123 1285 1
123 1295 1
123 1326 1
123 1339 1
123 1354 1
123 1554 1
123 1561 1
123 1816 1
123 2203 1
123 2517 1
123 2966 1
123 3552 1
123 3857 1
123 4714 1
123 5406 1
123 6068 1
124 6 1
124 16 1
124 19 1
124 28 1
124 30 1
124 37 1
124 68 1
124 74 1
124 89 1
124 94 1
124 115 1
124 190 1
124 196 1
124 294 1
124 299 1
124 312 1
124 315 1
124 653 1
124 844 1
124 3750 1
124 4843 1
125 6 1
125 8 1
125 15 1
125 16 1
125 18 1
125 26 1
125 42 1
125 43 1
125 60 1
125 89 1
125 115 1
125 123 1
125 147 1
125 197 1
125 207 1
125 294 1
125 312 1
125 348 1
125 371 1
125 456 1
125 474 1
125 508 1
125 522 1
125 529 1
125 540 1
125 801 1
125 886 1
125 1063 1
125 1131 1
125 1341 1
125 1345 1
125 2308 1
125 3552 1
125 3731 1
125 3750 1
125 3878 1
126 2 1
126 15 1
126 18 1
126 22 1
126 26 1
126 71 1
126 89 1
126 115 1
126 312 1
126 348 1
126 1089 1
126 1293 1
133 18 1
133 286 1
136 6 1
136 18 1
136 26 1
136 28 1
136 45 1
136 58 1
136 72 1
136 89 1
136 104 1
136 123 1
136 124 1
136 280 1
136 340 1
136 371 1
136 456 1
136 474 1
136 526 1
136 631 1
136 735 1
136 908 1
136 1120 1
136 1172 1
136 1182 1
136 2197 1
139 2 1
139 12 1
139 16 1
139 18 1
139 22 1
139 26 1
139 37 1
139 41 1
139 46 1
139 72 1
139 115 1
139 125 1
139 207 1
139 435 1
139 474 1
147 2 1
147 28 1
147 30 1
147 34 1
147 104 1
147 489 1
147 526 1
147 844 1
147 6263 1
152 2 1
152 15 1
152 16 1
152 22 1
152 34 1
152 104 1
152 294 1
152 358 1
152 474 1
152 533 1
152 1289 1
152 1376 1
152 1659 1
186 15 1
186 18 1
186 42 1
186 125 1
186 190 1
186 280 1
186 340 1
186 1341 1
186 2405 1
190 15 1
190 16 1
190 18 1
190 22 1
190 37 1
190 41 1
190 46 1
190 71 1
190 72 1
190 94 1
190 120 1
190 125 1
190 152 1
190 197 1
190 236 1
190 286 1
190 340 1
190 358 1
190 371 1
190 474 1
190 506 1
190 530 1
190 1052 1
190 1063 1
190 1355 1
190 2467 1
190 3952 1
190 4065 1
190 6376 1
191 15 1
191 22 1
191 197 1
191 312 1
196 15 1
196 125 1
197 12 1
197 15 1
197 18 1
197 22 1
197 28 1
197 104 1
197 236 1
197 438 1
197 474 1
197 908 1
197 1089 1
197 1341 1
197 1738 1
197 2467 1
207 6 1
207 8 1
207 12 1
207 18 1
207 26 1
207 43 1
207 71 1
207 89 1
207 104 1
207 115 1
207 123 1
207 136 1
207 190 1
207 340 1
207 1052 1
207 1326 1
207 1554 1
207 3261 1
207 3596 1
207 4714 1
212 6 1
212 16 1
212 18 1
212 41 1
212 58 1
212 68 1
212 69 1
212 72 1
212 89 1
212 271 1
212 286 1
212 290 1
212 299 1
212 333 1
212 340 1
212 443 1
212 474 1
212 508 1
212 765 1
212 1063 1
212 1120 1
212 1131 1
212 1172 1
212 1659 1
212 1720 1
212 7452 1
226 16 1
226 22 1
226 125 1
227 22 1
227 68 1
227 125 1
227 474 1
227 623 1
227 4820 1
231 2 1
231 15 1
231 18 1
231 22 1
231 26 1
231 28 1
231 45 1
231 46 1
231 68 1
231 74 1
231 89 1
231 94 1
231 115 1
231 125 1
231 212 1
231 226 1
231 245 1
231 299 1
231 438 1
231 561 1
231 624 1
231 1131 1
231 1172 1
231 1398 1
231 3552 1
236 8 1
236 9 1
236 15 1
236 16 1
236 18 1
236 24 1
236 26 1
236 41 1
236 68 1
236 72 1
236 89 1
236 94 1
236 104 1
236 111 1
236 147 1
236 190 1
236 286 1
236 307 1
236 312 1
236 443 1
236 456 1
236 561 1
236 765 1
236 1089 1
236 1172 1
236 1295 1
236 1659 1
236 2517 1
236 2573 1
236 2738 1
236 5227 1
240 16 1
240 18 1
240 22 1
240 45 1
240 115 1
240 280 1
240 1339 1
241 111 1
245 9 1
245 12 1
245 15 1
245 16 1
245 18 1
245 22 1
245 37 1
245 46 1
245 68 1
245 71 1
245 123 1
245 125 1
245 190 1
245 197 1
245 299 1
245 302 1
245 312 1
245 333 1
245 456 1
245 474 1
245 532 1
245 624 1
245 838 1
245 1131 1
245 1182 1
245 1659 1
245 4714 1
257 2 1
257 6 1
257 8 1
257 12 1
257 15 1
257 16 1
257 18 1
257 19 1
257 25 1
257 26 1
257 37 1
257 41 1
257 45 1
257 58 1
257 69 1
257 72 1
257 89 1
257 94 1
257 119 1
257 123 1
257 124 1
257 125 1
257 186 1
257 207 1
257 240 1
257 280 1
257 307 1
257 320 1
257 340 1
257 489 1
257 530 1
257 612 1
257 624 1
257 1172 1
257 1192 1
257 1314 1
257 1345 1
257 1354 1
257 2140 1
257 2462 1
257 3877 1
257 4402 1
257 5024 1
257 7294 1
258 6 1
258 16 1
258 18 1
258 26 1
258 41 1
258 42 1
258 120 1
258 136 1
258 231 1
258 257 1
258 529 1
258 1052 1
258 1561 1
258 6226 1
271 15 1
271 22 1
271 28 1
271 68 1
271 69 1
271 89 1
271 207 1
271 290 1
271 879 1
271 932 1
271 4714 1
280 22 1
280 26 1
280 1172 1
280 1192 1
286 12 1
286 15 1
286 22 1
286 26 1
286 41 1
286 45 1
286 47 1
286 69 1
286 89 1
286 92 1
286 115 1
286 119 1
286 120 1
286 123 1
286 125 1
286 136 1
286 197 1
286 207 1
286 257 1
286 258 1
286 280 1
286 299 1
286 315 1
286 333 1
286 340 1
286 358 1
286 514 1
286 526 1
286 704 1
286 735 1
286 844 1
286 1085 1
286 1131 1
286 1285 1
286 1293 1
286 1554 1
286 2462 1
286 2966 1
286 3166 1
286 3261 1
286 3552 1
286 3750 1
286 4820 1
286 5533 1
286 6263 1
286 6660 1
290 6 1
290 12 1
290 15 1
290 22 1
290 25 1
290 26 1
290 28 1
290 33 1
290 41 1
290 45 1
290 58 1
290 74 1
290 89 1
290 111 1
290 115 1
290 120 1
290 125 1
290 147 1
290 207 1
290 231 1
290 286 1
290 315 1
290 333 1
290 348 1
290 358 1
290 474 1
290 489 1
290 530 1
290 532 1
290 631 1
290 725 1
290 903 1
290 932 1
290 1339 1
290 2462 1
290 2554 1
290 4065 1
290 6263 1
294 2 1
294 9 1
294 18 1
294 26 1
294 28 1
294 45 1
294 71 1
294 74 1
294 94 1
294 115 1
294 120 1
294 123 1
294 147 1
294 190 1
294 197 1
294 257 1
294 371 1
294 443 1
294 456 1
294 530 1
294 624 1
294 704 1
294 1052 1
294 1085 1
294 1172 1
294 1889 1
294 3481 1
294 6673 1
299 2 1
299 6 1
299 8 1
299 15 1
299 16 1
299 18 1
299 22 1
299 26 1
299 37 1
299 42 1
299 45 1
299 58 1
299 68 1
299 69 1
299 71 1
299 94 1
299 111 1
299 115 1
299 123 1
299 207 1
299 227 1
299 257 1
299 294 1
299 312 1
299 348 1
299 474 1
299 582 1
299 1063 1
299 1078 1
302 2 1
302 6 1
302 12 1
302 15 1
302 22 1
302 25 1
302 26 1
302 28 1
302 37 1
302 68 1
302 69 1
302 71 1
302 74 1
302 89 1
302 115 1
302 120 1
302 125 1
302 147 1
302 197 1
302 212 1
302 240 1
302 286 1
302 299 1
302 337 1
302 438 1
302 489 1
302 529 1
302 532 1
302 979 1
302 1078 1
302 2299 1
302 2554 1
302 5024 1
307 2 1
307 15 1
307 16 1
307 18 1
307 19 1
307 22 1
307 26 1
307 45 1
307 89 1
307 94 1
307 120 1
307 124 1
307 125 1
307 197 1
307 286 1
307 515 1
307 624 1
307 838 1
307 844 1
307 932 1
307 1339 1
307 2517 1
307 2866 1
307 4818 1
312 6 1
312 15 1
312 18 1
312 22 1
312 26 1
312 28 1
312 34 1
312 37 1
312 45 1
312 46 1
312 89 1
312 94 1
312 115 1
312 125 1
312 126 1
312 136 1
312 207 1
312 236 1
312 294 1
312 299 1
312 322 1
312 506 1
312 526 1
312 633 1
312 903 1
312 1052 1
312 1089 1
312 1172 1
312 1339 1
312 2609 1
315 15 1
315 18 1
315 22 1
315 26 1
315 28 1
315 30 1
315 37 1
315 45 1
315 47 1
315 58 1
315 89 1
315 104 1
315 111 1
315 123 1
315 245 1
315 280 1
315 294 1
315 474 1
315 508 1
315 514 1
315 561 1
315 1293 1
315 1659 1
315 1889 1
315 3691 1
315 4714 1
320 22 1
320 26 1
320 89 1
320 111 1
320 844 1
322 15 1
322 18 1
322 22 1
322 119 1
322 120 1
322 1172 1
333 2 1
333 6 1
333 9 1
333 12 1
333 18 1
333 26 1
333 89 1
333 104 1
333 111 1
333 115 1
333 120 1
333 123 1
333 190 1
333 257 1
333 299 1
333 474 1
333 514 1
333 735 1
333 1345 1
333 1354 1
333 1592 1
333 1720 1
333 2554 1
333 4714 1
337 12 1
337 26 1
337 41 1
337 68 1
337 333 1
340 6 1
340 19 1
340 34 1
340 68 1
340 69 1
340 71 1
340 89 1
340 120 1
340 125 1
340 197 1
340 236 1
340 435 1
340 474 1
340 478 1
340 704 1
340 735 1
340 844 1
340 1063 1
340 1131 1
340 1289 1
340 1293 1
340 1341 1
340 2197 1
342 2 1
342 15 1
342 16 1
342 18 1
342 22 1
342 45 1
342 104 1
348 6 1
348 16 1
348 22 1
348 45 1
348 94 1
348 99 1
348 104 1
348 125 1
348 190 1
348 191 1
348 231 1
348 240 1
348 286 1
348 438 1
348 1295 1
348 1355 1
358 2 1
358 6 1
358 8 1
358 15 1
358 16 1
358 18 1
358 26 1
358 30 1
358 45 1
358 72 1
358 89 1
358 111 1
358 120 1
358 123 1
358 147 1
358 257 1
358 280 1
358 340 1
358 506 1
358 908 1
361 18 1
361 37 1
361 69 1
361 147 1
361 1276 1
369 15 1
369 125 1
369 290 1
369 1131 1
369 1345 1
371 2 1
371 9 1
371 12 1
371 16 1
371 22 1
371 28 1
371 37 1
371 42 1
371 45 1
371 69 1
371 104 1
371 125 1
371 190 1
371 280 1
371 358 1
371 508 1
371 514 1
371 526 1
371 530 1
371 1085 1
371 1339 1
371 3691 1
398 12 1
398 15 1
398 16 1
398 18 1
398 26 1
398 42 1
398 71 1
398 94 1
398 111 1
398 280 1
398 434 1
398 653 1
398 1182 1
398 4402 1
434 15 1
434 18 1
434 26 1
434 123 1
434 474 1
434 3607 1
435 2 1
435 6 1
435 18 1
435 26 1
435 34 1
435 92 1
435 207 1
435 290 1
435 1889 1
438 2 1
438 15 1
438 18 1
438 22 1
438 26 1
438 28 1
438 34 1
438 37 1
438 42 1
438 46 1
438 68 1
438 71 1
438 92 1
438 139 1
438 186 1
438 231 1
438 257 1
438 302 1
438 398 1
438 443 1
438 508 1
438 854 1
438 932 1
438 1063 1
438 1276 1
438 1289 1
438 1554 1
438 2674 1
438 4146 1
438 4269 1
438 4827 1
443 2 1
443 15 1
443 18 1
443 58 1
443 68 1
443 71 1
443 94 1
443 111 1
443 123 1
443 136 1
443 197 1
443 280 1
443 290 1
443 312 1
443 358 1
443 438 1
443 526 1
443 532 1
443 685 1
443 844 1
443 932 1
443 1341 1
456 15 1
456 22 1
456 71 1
456 89 1
456 104 1
456 231 1
456 286 1
456 294 1
456 561 1
456 932 1
456 1167 1
474 2 1
474 6 1
474 8 1
474 15 1
474 18 1
474 26 1
474 30 1
474 37 1
474 41 1
474 45 1
474 68 1
474 69 1
474 71 1
474 92 1
474 104 1
474 111 1
474 120 1
474 124 1
474 136 1
474 190 1
474 226 1
474 258 1
474 271 1
474 280 1
474 290 1
474 294 1
474 299 1
474 312 1
474 320 1
474 348 1
474 371 1
474 438 1
474 456 1
474 494 1
474 522 1
474 624 1
474 714 1
474 844 1
474 1078 1
474 1120 1
474 1355 1
474 1376 1
474 1816 1
474 1879 1
474 1889 1
474 1955 1
474 2308 1
474 2490 1
474 5750 1
474 5938 1
474 7143 1
474 7419 1
478 15 1
478 22 1
478 190 1
478 240 1
478 257 1
478 286 1
478 474 1
478 2299 1
489 12 1
489 15 1
489 18 1
489 26 1
489 104 1
489 123 1
489 190 1
489 286 1
489 348 1
489 474 1
489 533 1
494 34 1
494 45 1
494 123 1
494 704 1
494 881 1
506 6 1
506 8 1
506 9 1
506 18 1
506 22 1
506 26 1
506 30 1
506 37 1
506 41 1
506 46 1
506 58 1
506 94 1
506 104 1
506 115 1
506 123 1
506 361 1
506 582 1
506 1089 1
506 1131 1
506 1167 1
506 1172 1
508 8 1
508 15 1
508 22 1
508 26 1
508 42 1
508 68 1
508 89 1
508 123 1
508 312 1
508 456 1
508 1376 1
514 6 1
514 15 1
514 16 1
514 22 1
514 26 1
514 28 1
514 34 1
514 94 1
514 125 1
514 207 1
514 240 1
514 290 1
514 294 1
514 474 1
514 623 1
514 653 1
514 1172 1
514 1659 1
515 22 1
515 58 1
515 526 1
522 12 1
522 16 1
522 22 1
522 37 1
522 45 1
522 69 1
522 71 1
522 125 1
522 443 1
522 1078 1
526 6 1
526 15 1
526 16 1
526 18 1
526 22 1
526 24 1
526 25 1
526 26 1
526 33 1
526 37 1
526 41 1
526 46 1
526 58 1
526 68 1
526 69 1
526 72 1
526 89 1
526 115 1
526 147 1
526 212 1
526 315 1
526 322 1
526 337 1
526 506 1
526 514 1
526 532 1
526 561 1
526 685 1
526 1063 1
526 1341 1
526 2299 1
529 18 1
529 28 1
529 45 1
529 123 1
529 299 1
529 315 1
529 443 1
529 624 1
529 803 1
529 844 1
529 854 1
529 1131 1
529 4549 1
530 6 1
530 15 1
530 16 1
530 18 1
530 22 1
530 46 1
530 68 1
530 71 1
530 299 1
530 435 1
530 653 1
530 879 1
530 1063 1
530 1345 1
532 6 1
532 18 1
532 46 1
532 104 1
532 197 1
532 286 1
532 561 1
533 15 1
533 26 1
533 37 1
540 2 1
540 15 1
540 16 1
540 26 1
540 34 1
540 68 1
540 123 1
540 124 1
548 22 1
548 26 1
548 136 1
548 624 1
548 844 1
548 5406 1
561 2 1
561 6 1
561 12 1
561 15 1
561 18 1
561 22 1
561 42 1
561 60 1
561 68 1
561 69 1
561 72 1
561 89 1
561 120 1
561 196 1
561 197 1
561 226 1
561 271 1
561 307 1
561 312 1
561 322 1
561 340 1
561 474 1
561 489 1
561 529 1
561 838 1
561 908 1
561 932 1
561 1131 1
561 2517 1
561 3552 1
561 4102 1
561 5518 1
582 8 1
582 12 1
582 15 1
582 16 1
582 22 1
582 26 1
582 37 1
582 42 1
582 45 1
582 58 1
582 68 1
582 69 1
582 71 1
582 89 1
582 111 1
582 120 1
582 124 1
582 125 1
582 136 1
582 147 1
582 152 1
582 245 1
582 280 1
582 286 1
582 290 1
582 315 1
582 340 1
582 434 1
582 443 1
582 548 1
582 653 1
582 801 1
582 838 1
582 844 1
582 892 1
582 908 1
582 1052 1
582 1063 1
582 1339 1
582 1720 1
582 2763 1
582 4843 1
582 6673 1
612 2 1
612 18 1
612 37 1
612 45 1
612 245 1
612 1510 1
623 22 1
623 68 1
623 190 1
624 2 1
624 12 1
624 15 1
624 16 1
624 18 1
624 22 1
624 26 1
624 30 1
624 37 1
624 45 1
624 71 1
624 72 1
624 94 1
624 111 1
624 115 1
624 207 1
624 443 1
624 456 1
624 474 1
624 2609 1
624 5007 1
631 47 1
631 71 1
633 6 1
633 15 1
633 16 1
633 18 1
633 22 1
633 494 1
653 2 1
653 12 1
653 15 1
653 26 1
653 92 1
653 94 1
653 286 1
653 299 1
653 371 1
653 530 1
653 735 1
653 844 1
653 854 1
653 879 1
653 932 1
685 8 1
685 9 1
685 12 1
685 15 1
685 18 1
685 22 1
685 28 1
685 45 1
685 197 1
685 231 1
685 271 1
685 302 1
685 340 1
685 725 1
685 854 1
685 2303 1
685 6703 1
695 2 1
695 6 1
695 15 1
695 26 1
695 2405 1
704 22 1
704 26 1
704 68 1
714 22 1
714 104 1
718 2197 1
725 16 1
725 18 1
725 22 1
725 26 1
725 41 1
725 45 1
725 68 1
725 72 1
725 120 1
725 124 1
725 125 1
725 236 1
725 240 1
725 257 1
725 286 1
725 290 1
725 299 1
725 438 1
725 1052 1
725 1120 1
725 1355 1
725 1376 1
725 4102 1
733 2 1
733 18 1
733 22 1
733 45 1
733 83 1
733 89 1
733 515 1
735 18 1
735 22 1
735 34 1
735 45 1
735 46 1
735 68 1
735 71 1
735 94 1
735 147 1
735 371 1
735 854 1
735 2303 1
735 7143 1
765 12 1
765 16 1
765 37 1
765 104 1
765 123 1
765 125 1
765 371 1
765 803 1
801 18 1
801 22 1
801 26 1
801 45 1
801 58 1
801 94 1
801 120 1
801 123 1
801 197 1
801 240 1
801 245 1
801 340 1
801 530 1
801 1339 1
803 6 1
803 18 1
803 22 1
803 26 1
803 46 1
803 71 1
803 123 1
803 529 1
803 879 1
838 15 1
838 16 1
838 18 1
838 22 1
838 26 1
838 28 1
838 34 1
838 37 1
838 89 1
838 94 1
838 125 1
838 286 1
838 294 1
838 443 1
838 1355 1
844 6 1
844 26 1
844 28 1
844 34 1
844 41 1
844 42 1
844 46 1
844 68 1
844 72 1
844 89 1
844 94 1
844 136 1
844 190 1
844 212 1
844 271 1
844 280 1
844 294 1
844 299 1
844 320 1
844 337 1
844 358 1
844 443 1
844 530 1
844 540 1
844 881 1
844 1339 1
844 1659 1
854 15 1
854 26 1
854 37 1
854 111 1
854 123 1
854 207 1
854 257 1
854 280 1
879 8 1
879 15 1
879 16 1
879 22 1
879 25 1
879 41 1
879 43 1
879 45 1
879 94 1
879 115 1
879 125 1
879 231 1
879 302 1
879 438 1
879 474 1
879 801 1
879 1561 1
879 2405 1
881 15 1
881 18 1
881 22 1
881 42 1
881 2462 1
886 15 1
886 45 1
888 15 1
888 16 1
888 18 1
888 43 1
888 123 1
888 312 1
888 508 1
888 1172 1
892 16 1
892 22 1
892 26 1
892 30 1
903 15 1
903 58 1
903 290 1
903 337 1
903 474 1
903 526 1
903 1659 1
903 2554 1
908 2 1
908 6 1
908 18 1
908 22 1
908 37 1
908 45 1
908 71 1
908 245 1
908 257 1
908 290 1
908 733 1
922 22 1
932 16 1
932 18 1
932 42 1
932 71 1
932 94 1
932 111 1
932 125 1
932 290 1
932 443 1
932 1289 1
932 1376 1
932 1592 1
942 22 1
942 68 1
942 89 1
942 1131 1
952 438 1
979 2 1
979 15 1
979 257 1
1030 115 1
1030 312 1
1052 15 1
1052 22 1
1052 26 1
1052 28 1
1052 41 1
1052 68 1
1052 286 1
1052 299 1
1052 307 1
1052 312 1
1052 371 1
1052 526 1
1052 548 1
1052 561 1
1052 801 1
1052 1182 1
1052 2343 1
1052 2674 1
1063 2 1
1063 12 1
1063 15 1
1063 18 1
1063 34 1
1063 41 1
1063 45 1
1063 71 1
1063 72 1
1063 123 1
1063 236 1
1063 258 1
1063 294 1
1063 299 1
1063 312 1
1063 530 1
1063 1192 1
1063 1293 1
1063 2096 1
1063 3963 1
1078 22 1
1078 60 1
1085 12 1
1085 15 1
1085 16 1
1085 26 1
1085 136 1
1085 197 1
1089 2 1
1089 16 1
1089 22 1
1089 41 1
1089 71 1
1089 115 1
1089 120 1
1089 236 1
1089 302 1
1089 312 1
1089 438 1
1089 474 1
1120 18 1
1120 30 1
1120 71 1
1120 104 1
1120 125 1
1120 152 1
1120 340 1
1120 3691 1
1131 2 1
1131 18 1
1131 26 1
1131 28 1
1131 30 1
1131 34 1
1131 42 1
1131 43 1
1131 46 1
1131 47 1
1131 69 1
1131 71 1
1131 94 1
1131 104 1
1131 120 1
1131 123 1
1131 147 1
1131 312 1
1131 474 1
1131 704 1
1131 844 1
1131 1339 1
1131 2048 1
1131 2197 1
1131 2405 1
1131 5750 1
1166 22 1
1166 42 1
1166 58 1
1167 6 1
1167 8 1
1167 15 1
1167 18 1
1167 42 1
1167 104 1
1172 6 1
1172 15 1
1172 18 1
1172 22 1
1172 45 1
1172 58 1
1172 94 1
1172 123 1
1172 312 1
1172 1089 1
1172 1398 1
1182 12 1
1182 22 1
1182 30 1
1182 340 1
1182 508 1
1188 6 1
1188 15 1
1188 16 1
1188 34 1
1188 4435 1
1192 15 1
1192 16 1
1192 26 1
1192 42 1
1192 45 1
1192 115 1
1192 123 1
1192 147 1
1192 240 1
1192 286 1
1192 540 1
1228 15 1
1228 765 1
1270 16 1
1276 15 1
1276 18 1
1276 22 1
1276 30 1
1276 45 1
1276 72 1
1276 89 1
1276 115 1
1276 1089 1
1276 1341 1
1276 3552 1
1285 18 1
1285 30 1
1285 271 1
1285 1172 1
1289 2 1
1289 8 1
1289 22 1
1289 26 1
1289 28 1
1289 37 1
1289 68 1
1289 111 1
1289 624 1
1289 1052 1
1293 6 1
1293 22 1
1293 47 1
1293 89 1
1293 115 1
1295 18 1
1295 26 1
1295 1647 1
1314 15 1
1314 37 1
1314 294 1
1326 15 1
1326 22 1
1326 26 1
1326 41 1
1326 69 1
1326 104 1
1326 111 1
1326 290 1
1339 2 1
1339 12 1
1339 15 1
1339 22 1
1339 45 1
1339 71 1
1339 92 1
1339 115 1
1339 152 1
1339 212 1
1339 312 1
1339 474 1
1339 561 1
1341 15 1
1341 18 1
1341 71 1
1341 89 1
1341 115 1
1341 231 1
1341 271 1
1341 290 1
1341 506 1
1341 548 1
1345 16 1
1345 37 1
1345 115 1
1345 1052 1
1354 16 1
1355 37 1
1355 104 1
1355 111 1
1355 115 1
1355 136 1
1355 212 1
1355 302 1
1355 438 1
1355 1167 1
1355 1592 1
1355 1879 1
1376 6 1
1376 15 1
1376 18 1
1376 22 1
1376 26 1
1376 41 1
1376 42 1
1376 45 1
1376 46 1
1376 72 1
1376 104 1
1376 258 1
1376 1167 1
1376 2096 1
1398 18 1
1469 212 1
1510 18 1
1510 58 1
1510 104 1
1510 123 1
1510 136 1
1510 286 1
1510 474 1
1510 561 1
1510 695 1
1554 6 1
1554 26 1
1554 33 1
1554 37 1
1554 124 1
1554 245 1
1554 358 1
1554 526 1
1554 1166 1
1554 1276 1
1559 12 1
1559 41 1
1559 456 1
1559 474 1
1561 22 1
1561 26 1
1561 71 1
1561 115 1
1561 456 1
1561 474 1
1592 22 1
1592 71 1
1592 725 1
1603 28 1
1603 290 1
1617 16 1
1617 18 1
1617 28 1
1617 72 1
1617 207 1
1617 1089 1
1647 12 1
1647 15 1
1659 15 1
1659 16 1
1659 22 1
1659 26 1
1659 89 1
1659 236 1
1659 358 1
1676 1052 1
1720 22 1
1720 89 1
1738 299 1
1793 22 1
1793 26 1
1793 71 1
1793 286 1
1793 6381 1
1816 16 1
1816 26 1
1816 1510 1
1879 6 1
1879 34 1
1879 43 1
1879 231 1
1889 16 1
1889 22 1
1889 41 1
1889 45 1
1889 136 1
1889 257 1
1889 299 1
1889 435 1
1889 438 1
1889 526 1
1955 15 1
1955 94 1
1986 280 1
2040 26 1
2048 2 1
2048 22 1
2048 26 1
2048 34 1
2048 58 1
2048 1120 1
2096 15 1
2096 34 1
2096 89 1
2096 2203 1
2140 15 1
2140 22 1
2140 26 1
2140 42 1
2140 94 1
2141 15 1
2182 16 1
2182 22 1
2197 18 1
2197 115 1
2197 474 1
2299 2 1
2299 15 1
2299 22 1
2299 45 1
2299 46 1
2299 271 1
2299 348 1
2299 506 1
2299 932 1
2303 6 1
2303 15 1
2303 22 1
2303 26 1
2303 115 1
2303 286 1
2305 16 1
2308 6 1
2308 25 1
2308 68 1
2308 111 1
2308 123 1
2308 126 1
2308 333 1
2308 489 1
2308 548 1
2308 942 1
2308 1063 1
2343 15 1
2405 15 1
2405 16 1
2405 18 1
2405 22 1
2405 26 1
2405 115 1
2462 18 1
2467 15 1
2467 18 1
2467 22 1
2467 312 1
2467 561 1
2490 12 1
2490 26 1
2490 34 1
2490 236 1
2490 299 1
2517 18 1
2554 8 1
2554 16 1
2554 18 1
2554 22 1
2554 125 1
2554 474 1
2554 803 1
2566 624 1
2573 15 1
2573 94 1
2573 231 1
2592 8 1
2592 28 1
2592 71 1
2592 94 1
2592 4643 1
2597 561 1
2609 15 1
2609 474 1
2609 1052 1
2609 2303 1
2609 4330 1
2612 12 1
2612 15 1
2653 26 1
2674 15 1
2674 26 1
2674 42 1
2674 60 1
2674 89 1
2674 725 1
2682 16 1
2682 28 1
2682 47 1
2738 207 1
2738 231 1
2738 854 1
2738 1063 1
2763 8 1
2763 26 1
2763 115 1
2866 15 1
2866 41 1
2866 371 1
2966 71 1
2966 89 1
3108 6 1
3108 2554 1
3163 15 1
3163 42 1
3163 371 1
3166 6 1
3166 15 1
3166 16 1
3261 16 1
3261 26 1
3261 1289 1
3301 22 1
3480 286 1
3552 6 1
3552 15 1
3552 18 1
3552 68 1
3552 111 1
3596 15 1
3596 94 1
3596 191 1
3596 322 1
3596 3607 1
3606 18 1
3606 1085 1
3607 22 1
3607 26 1
3691 15 1
3691 18 1
3691 41 1
3731 12 1
3731 42 1
3731 45 1
3731 1592 1
3750 6 1
3750 9 1
3750 18 1
3750 26 1
3750 37 1
3750 99 1
3750 312 1
3750 5518 1
3815 37 1
3815 561 1
3829 4094 1
3857 2 1
3857 89 1
3857 152 1
3857 561 1
3877 18 1
3878 15 1
3878 245 1
3952 18 1
3963 15 1
3963 22 1
3963 45 1
3963 371 1
4065 15 1
4065 16 1
4094 94 1
4102 15 1
4102 16 1
4102 18 1
4102 89 1
4146 18 1
4146 22 1
4146 89 1
4146 474 1
4146 2490 1
4166 227 1
4175 474 1
4176 15 1
4330 22 1
4402 22 1
4435 16 1
4437 434 1
4437 1172 1
4549 89 1
4549 111 1
4549 186 1
4644 58 1
4644 89 1
4714 22 1
4714 115 1
4714 120 1
4714 888 1
4714 1188 1
4714 2467 1
4818 12 1
4818 28 1
4820 15 1
4820 26 1
4827 89 1
4843 16 1
4843 340 1
4868 15 1
4868 16 1
4868 1659 1
4877 6 1
5007 714 1
5039 434 1
5101 42 1
5280 15 1
5280 120 1
5340 16 1
5406 15 1
5406 16 1
5406 28 1
5406 68 1
5406 89 1
5406 111 1
5406 123 1
5406 333 1
5406 844 1
5406 5039 1
5409 22 1
5449 18 1
5457 257 1
5480 18 1
5518 26 1
5518 68 1
5533 41 1
5533 3552 1
5750 58 1
5921 6 1
5921 15 1
5921 18 1
5921 30 1
5921 37 1
5921 89 1
5921 190 1
5921 561 1
5938 22 1
5938 4714 1
5976 22 1
5987 15 1
6019 15 1
6068 125 1
6152 15 1
6152 16 1
6152 147 1
6226 18 1
6263 16 1
6263 26 1
6263 46 1
6263 94 1
6263 2303 1
6362 18 1
6362 45 1
6376 12 1
6376 91 1
6381 26 1
6598 16 1
6660 68 1
6673 15 1
6673 257 1
6673 280 1
6703 236 1
7143 286 1
7143 299 1
7154 45 1
7294 312 1
7340 26 1
7419 152 1
7452 16 1
7469 18 1
7683 1052 1
