2 8 1
2 12 1
2 15 1
2 22 1
2 26 1
2 28 1
2 37 1
2 41 1
2 45 1
2 60 1
2 68 1
2 89 1
2 104 1
2 115 1
2 123 1
2 125 1
2 126 1
2 139 1
2 207 1
2 212 1
2 227 1
2 271 1
2 290 1
2 320 1
2 358 1
2 438 1
2 526 1
2 530 1
2 561 1
2 704 1
2 838 1
2 844 1
2 881 1
2 932 1
2 1172 1
2 1289 1
2 1345 1
2 1398 1
2 1554 1
2 1659 1
2 2674 1
2 3952 1
2 4437 1
2 4714 1
2 4868 1
2 5866 1
6 2 1
6 12 1
6 15 1
6 18 1
6 24 1
6 28 1
6 34 1
6 45 1
6 46 1
6 58 1
6 68 1
6 69 1
6 71 1
6 72 1
6 92 1
6 94 1
6 111 1
6 115 1
6 120 1
6 123 1
6 124 1
6 125 1
6 136 1
6 147 1
6 190 1
6 207 1
6 227 1
6 231 1
6 280 1
6 290 1
6 299 1
6 302 1
6 312 1
6 315 1
6 333 1
6 340 1
6 358 1
6 361 1
6 434 1
6 474 1
6 514 1
6 515 1
6 530 1
6 532 1
6 548 1
6 561 1
6 623 1
6 725 1
6 735 1
6 765 1
6 803 1
6 844 1
6 903 1
6 908 1
6 1052 1
6 1089 1
6 1131 1
6 1167 1
6 1326 1
6 1339 1
6 1376 1
6 2096 1
6 2141 1
6 2203 1
6 2308 1
6 2573 1
6 3166 1
6 3552 1
6 3731 1
6 3815 1
6 5406 1
8 15 1
8 16 1
8 25 1
8 26 1
8 37 1
8 41 1
8 45 1
8 68 1
8 72 1
8 123 1
8 125 1
8 136 1
8 231 1
8 245 1
8 257 1
8 307 1
8 320 1
8 443 1
8 530 1
8 1063 1
8 1172 1
8 2096 1
9 15 1
9 16 1
9 34 1
9 58 1
9 68 1
9 89 1
9 104 1
9 120 1
9 190 1
9 231 1
9 271 1
9 286 1
9 299 1
9 489 1
9 1063 1
9 1078 1
9 2462 1
9 4102 1
9 6376 1
12 8 1
12 9 1
12 15 1
12 18 1
12 22 1
12 24 1
12 26 1
12 37 1
12 41 1
12 45 1
12 69 1
12 71 1
12 92 1
12 94 1
12 99 1
12 104 1
12 115 1
12 126 1
12 147 1
12 197 1
12 236 1
12 271 1
12 280 1
12 315 1
12 333 1
12 340 1
12 435 1
12 438 1
12 443 1
12 478 1
12 695 1
12 844 1
12 1063 1
12 1089 1
12 1131 1
12 1341 1
12 1376 1
12 1554 1
12 1647 1
12 1720 1
12 2299 1
12 2674 1
12 3261 1
12 3375 1
12 3691 1
12 4644 1
12 5533 1
15 6 1
15 18 1
15 28 1
15 37 1
15 45 1
15 46 1
15 58 1
15 68 1
15 71 1
15 89 1
15 94 1
15 111 1
15 125 1
15 126 1
15 152 1
15 190 1
15 207 1
15 236 1
15 240 1
15 245 1
15 280 1
15 294 1
15 299 1
15 307 1
15 312 1
15 315 1
15 320 1
15 322 1
15 337 1
15 348 1
15 358 1
15 371 1
15 443 1
15 456 1
15 478 1
15 506 1
15 515 1
15 631 1
15 685 1
15 695 1
15 704 1
15 714 1
15 735 1
15 765 1
15 801 1
15 838 1
15 881 1
15 903 1
15 932 1
15 1063 1
15 1120 1
15 1188 1
15 1192 1
15 1289 1
15 1314 1
15 1376 1
15 1561 1
15 1592 1
15 1659 1
15 2405 1
15 2462 1
15 2609 1
15 2674 1
15 3166 1
15 3552 1
15 3750 1
15 3857 1
15 4402 1
15 7017 1
16 2 1
16 6 1
16 8 1
16 15 1
16 18 1
16 19 1
16 30 1
16 37 1
16 41 1
16 45 1
16 46 1
16 47 1
16 58 1
16 69 1
16 71 1
16 72 1
16 89 1
16 91 1
16 111 1
16 115 1
16 119 1
16 120 1
16 123 1
16 124 1
16 126 1
16 136 1
16 147 1
16 152 1
16 190 1
16 191 1
16 197 1
16 226 1
16 227 1
16 240 1
16 245 1
16 258 1
16 271 1
16 280 1
16 286 1
16 299 1
16 312 1
16 315 1
16 320 1
16 322 1
16 333 1
16 337 1
16 342 1
16 358 1
16 371 1
16 438 1
16 443 1
16 456 1
16 474 1
16 478 1
16 489 1
16 494 1
16 508 1
16 514 1
16 522 1
16 529 1
16 530 1
16 533 1
16 548 1
16 561 1
16 612 1
16 623 1
16 704 1
16 718 1
16 733 1
16 765 1
16 803 1
16 844 1
16 854 1
16 879 1
16 881 1
16 886 1
16 888 1
16 892 1
16 932 1
16 1052 1
16 1063 1
16 1089 1
16 1131 1
16 1172 1
16 1182 1
16 1188 1
16 1192 1
16 1276 1
16 1285 1
16 1289 1
16 1293 1
16 1295 1
16 1326 1
16 1336 1
16 1339 1
16 1341 1
16 1354 1
16 1469 1
16 1554 1
16 1592 1
16 1659 1
16 1720 1
16 1889 1
16 1955 1
16 2040 1
16 2182 1
16 2197 1
16 2467 1
16 2517 1
16 2554 1
16 2609 1
16 2653 1
16 2682 1
16 2966 1
16 3108 1
16 3163 1
16 3301 1
16 3691 1
16 3750 1
16 3829 1
16 3857 1
16 3952 1
16 4102 1
16 4146 1
16 4330 1
16 4435 1
16 4644 1
16 4714 1
16 4820 1
16 4827 1
16 5007 1
16 5280 1
16 5518 1
16 5750 1
16 5921 1
16 6376 1
16 6660 1
16 7017 1
16 7452 1
18 2 1
18 6 1
18 8 1
18 9 1
18 12 1
18 15 1
18 19 1
18 22 1
18 25 1
18 26 1
18 28 1
18 34 1
18 37 1
18 41 1
18 42 1
18 43 1
18 45 1
18 46 1
18 60 1
18 68 1
18 69 1
18 72 1
18 89 1
18 92 1
18 94 1
18 104 1
18 111 1
18 120 1
18 125 1
18 139 1
18 152 1
18 190 1
18 196 1
18 197 1
18 212 1
18 227 1
18 236 1
18 240 1
18 241 1
18 245 1
18 257 1
18 271 1
18 286 1
18 294 1
18 299 1
18 315 1
18 333 1
18 340 1
18 342 1
18 348 1
18 358 1
18 369 1
18 434 1
18 435 1
18 443 1
18 456 1
18 489 1
18 508 1
18 529 1
18 530 1
18 548 1
18 561 1
18 623 1
18 624 1
18 631 1
18 653 1
18 718 1
18 725 1
18 735 1
18 803 1
18 838 1
18 844 1
18 854 1
18 892 1
18 903 1
18 908 1
18 932 1
18 942 1
18 1052 1
18 1063 1
18 1078 1
18 1131 1
18 1167 1
18 1172 1
18 1192 1
18 1276 1
18 1293 1
18 1295 1
18 1314 1
18 1345 1
18 1355 1
18 1376 1
18 1510 1
18 1559 1
18 1592 1
18 1879 1
18 1889 1
18 2048 1
18 2197 1
18 2299 1
18 2462 1
18 2554 1
18 2612 1
18 2738 1
18 2966 1
18 3261 1
18 3552 1
18 3691 1
18 4094 1
18 4175 1
18 4820 1
18 4843 1
18 5406 1
18 6703 1
18 7419 1
18 7452 1
19 2 1
19 15 1
19 22 1
19 45 1
19 89 1
19 474 1
22 2 1
22 6 1
22 8 1
22 9 1
22 15 1
22 16 1
22 18 1
22 19 1
22 33 1
22 34 1
22 37 1
22 42 1
22 43 1
22 45 1
22 47 1
22 60 1
22 68 1
22 71 1
22 72 1
22 74 1
22 89 1
22 92 1
22 94 1
22 104 1
22 111 1
22 119 1
22 123 1
22 124 1
22 125 1
22 147 1
22 186 1
22 196 1
22 197 1
22 207 1
22 212 1
22 227 1
22 231 1
22 240 1
22 245 1
22 257 1
22 258 1
22 271 1
22 280 1
22 286 1
22 290 1
22 299 1
22 312 1
22 315 1
22 320 1
22 322 1
22 340 1
22 342 1
22 348 1
22 358 1
22 371 1
22 435 1
22 443 1
22 456 1
22 474 1
22 489 1
22 494 1
22 506 1
22 508 1
22 515 1
22 522 1
22 529 1
22 530 1
22 532 1
22 533 1
22 540 1
22 561 1
22 582 1
22 624 1
22 631 1
22 685 1
22 695 1
22 718 1
22 733 1
22 735 1
22 765 1
22 854 1
22 879 1
22 881 1
22 908 1
22 922 1
22 932 1
22 942 1
22 952 1
22 1052 1
22 1063 1
22 1078 1
22 1089 1
22 1131 1
22 1167 1
22 1172 1
22 1182 1
22 1188 1
22 1192 1
22 1276 1
22 1285 1
22 1289 1
22 1293 1
22 1314 1
22 1326 1
22 1339 1
22 1341 1
22 1355 1
22 1510 1
22 1561 1
22 1592 1
22 1617 1
22 1659 1
22 1738 1
22 1793 1
22 1816 1
22 1889 1
22 1955 1
22 2048 1
22 2096 1
22 2197 1
22 2299 1
22 2305 1
22 2308 1
22 2343 1
22 2462 1
22 2467 1
22 2517 1
22 2554 1
22 2566 1
22 2592 1
22 3552 1
22 3596 1
22 3607 1
22 3731 1
22 3750 1
22 3877 1
22 3952 1
22 3963 1
22 4065 1
22 4094 1
22 4330 1
22 4435 1
22 4515 1
22 4827 1
22 5039 1
22 5280 1
22 5406 1
22 5457 1
22 5518 1
22 5750 1
22 5921 1
22 5976 1
22 6381 1
22 7419 1
22 7469 1
24 2 1
24 15 1
24 16 1
24 22 1
24 136 1
24 290 1
24 561 1
24 1314 1
25 2 1
25 9 1
25 15 1
25 16 1
25 18 1
25 26 1
25 34 1
25 47 1
25 257 1
25 290 1
25 312 1
25 526 1
25 685 1
25 844 1
25 932 1
25 1131 1
25 1341 1
25 2096 1
26 6 1
26 8 1
26 9 1
26 15 1
26 16 1
26 22 1
26 25 1
26 28 1
26 34 1
26 37 1
26 41 1
26 42 1
26 47 1
26 68 1
26 71 1
26 89 1
26 115 1
26 123 1
26 126 1
26 147 1
26 236 1
26 245 1
26 257 1
26 271 1
26 280 1
26 299 1
26 302 1
26 312 1
26 315 1
26 320 1
26 337 1
26 340 1
26 371 1
26 434 1
26 435 1
26 456 1
26 478 1
26 489 1
26 508 1
26 526 1
26 530 1
26 533 1
26 540 1
26 561 1
26 633 1
26 653 1
26 695 1
26 725 1
26 735 1
26 803 1
26 888 1
26 903 1
26 922 1
26 1052 1
26 1063 1
26 1085 1
26 1089 1
26 1192 1
26 1289 1
26 1293 1
26 1295 1
26 1339 1
26 1354 1
26 1355 1
26 1554 1
26 1617 1
26 1659 1
26 1676 1
26 1955 1
26 2197 1
26 2299 1
26 2405 1
26 2517 1
26 2554 1
26 3166 1
26 3552 1
26 3607 1
26 4269 1
26 4330 1
26 4714 1
26 6226 1
28 2 1
28 6 1
28 8 1
28 12 1
28 15 1
28 16 1
28 18 1
28 19 1
28 26 1
28 30 1
28 37 1
28 42 1
28 45 1
28 46 1
28 58 1
28 68 1
28 69 1
28 71 1
28 83 1
28 94 1
28 99 1
28 104 1
28 111 1
28 120 1
28 125 1
28 126 1
28 136 1
28 147 1
28 152 1
28 186 1
28 207 1
28 231 1
28 236 1
28 245 1
28 257 1
28 258 1
28 286 1
28 290 1
28 294 1
28 299 1
28 302 1
28 312 1
28 315 1
28 320 1
28 333 1
28 340 1
28 358 1
28 438 1
28 474 1
28 489 1
28 508 1
28 624 1
28 725 1
28 733 1
28 765 1
28 801 1
28 844 1
28 854 1
28 888 1
28 908 1
28 932 1
28 942 1
28 1052 1
28 1131 1
28 1172 1
28 1276 1
28 1289 1
28 1345 1
28 1355 1
28 1376 1
28 1659 1
28 1889 1
28 2308 1
28 2490 1
28 2554 1
28 2609 1
28 2738 1
28 3552 1
28 4065 1
28 4714 1
28 5406 1
28 5921 1
28 7141 1
30 6 1
30 16 1
30 19 1
30 22 1
30 26 1
30 37 1
30 41 1
30 42 1
30 46 1
30 68 1
30 69 1
30 71 1
30 72 1
30 91 1
30 94 1
30 111 1
30 115 1
30 120 1
30 125 1
30 152 1
30 190 1
30 197 1
30 212 1
30 231 1
30 236 1
30 286 1
30 294 1
30 302 1
30 369 1
30 371 1
30 506 1
30 529 1
30 561 1
30 653 1
30 714 1
30 838 1
30 888 1
30 1052 1
30 1078 1
30 1167 1
30 1289 1
30 1336 1
30 1339 1
30 1659 1
30 2182 1
30 2303 1
30 2462 1
30 3301 1
30 3815 1
30 4549 1
30 5533 1
33 15 1
33 881 1
34 2 1
34 6 1
34 8 1
34 12 1
34 16 1
34 18 1
34 26 1
34 28 1
34 41 1
34 42 1
34 45 1
34 58 1
34 94 1
34 111 1
34 115 1
34 123 1
34 190 1
34 197 1
34 226 1
34 236 1
34 240 1
34 245 1
34 257 1
34 299 1
34 315 1
34 340 1
34 371 1
34 438 1
34 474 1
34 489 1
34 561 1
34 704 1
34 735 1
34 854 1
34 879 1
34 888 1
34 1192 1
34 1285 1
34 1293 1
34 1341 1
34 1376 1
34 1592 1
34 3301 1
37 12 1
37 15 1
37 16 1
37 18 1
37 22 1
37 26 1
37 28 1
37 41 1
37 43 1
37 45 1
37 60 1
37 68 1
37 72 1
37 94 1
37 104 1
37 120 1
37 123 1
37 125 1
37 136 1
37 147 1
37 186 1
37 197 1
37 207 1
37 226 1
37 257 1
37 271 1
37 294 1
37 299 1
37 307 1
37 312 1
37 371 1
37 438 1
37 474 1
37 514 1
37 526 1
37 624 1
37 685 1
37 725 1
37 735 1
37 765 1
37 879 1
37 932 1
37 1030 1
37 1131 1
37 1182 1
37 1293 1
37 1376 1
37 2554 1
37 4065 1
41 2 1
41 9 1
41 15 1
41 16 1
41 22 1
41 26 1
41 28 1
41 30 1
41 34 1
41 37 1
41 42 1
41 43 1
41 46 1
41 47 1
41 72 1
41 111 1
41 115 1
41 133 1
41 147 1
41 231 1
41 290 1
41 299 1
41 312 1
41 348 1
41 532 1
41 624 1
41 844 1
41 1063 1
41 1172 1
41 1554 1
41 2299 1
42 2 1
42 6 1
42 12 1
42 15 1
42 18 1
42 19 1
42 68 1
42 71 1
42 123 1
42 125 1
42 240 1
42 358 1
42 371 1
42 398 1
42 489 1
42 540 1
42 624 1
42 1052 1
42 1172 1
42 1339 1
42 1376 1
42 1659 1
42 2405 1
42 2738 1
42 2763 1
42 4102 1
43 2 1
43 6 1
43 12 1
43 16 1
43 26 1
43 28 1
43 58 1
43 68 1
43 71 1
43 72 1
43 92 1
43 94 1
43 115 1
43 120 1
43 125 1
43 139 1
43 245 1
43 286 1
43 337 1
43 489 1
43 530 1
43 623 1
43 725 1
43 733 1
43 844 1
43 932 1
43 1131 1
43 1167 1
43 1188 1
43 1339 1
43 2966 1
43 3607 1
43 5227 1
45 6 1
45 9 1
45 12 1
45 19 1
45 22 1
45 25 1
45 26 1
45 28 1
45 30 1
45 34 1
45 37 1
45 41 1
45 42 1
45 46 1
45 71 1
45 94 1
45 104 1
45 111 1
45 115 1
45 124 1
45 125 1
45 126 1
45 147 1
45 190 1
45 191 1
45 197 1
45 236 1
45 240 1
45 258 1
45 280 1
45 290 1
45 294 1
45 299 1
45 302 1
45 358 1
45 443 1
45 474 1
45 508 1
45 515 1
45 530 1
45 532 1
45 540 1
45 561 1
45 695 1
45 733 1
45 879 1
45 1052 1
45 1120 1
45 1131 1
45 1166 1
45 1172 1
45 1285 1
45 1339 1
45 2405 1
45 2462 1
45 2597 1
45 3108 1
45 3731 1
45 3750 1
45 5406 1
45 6703 1
46 2 1
46 6 1
46 15 1
46 18 1
46 22 1
46 24 1
46 26 1
46 34 1
46 37 1
46 41 1
46 68 1
46 69 1
46 71 1
46 89 1
46 92 1
46 94 1
46 104 1
46 111 1
46 115 1
46 123 1
46 125 1
46 147 1
46 190 1
46 236 1
46 257 1
46 286 1
46 299 1
46 302 1
46 315 1
46 348 1
46 443 1
46 474 1
46 522 1
46 526 1
46 529 1
46 530 1
46 733 1
46 844 1
46 886 1
46 1345 1
46 1376 1
46 1561 1
46 1955 1
47 12 1
47 15 1
47 18 1
47 58 1
47 71 1
47 89 1
47 120 1
47 191 1
47 197 1
47 236 1
47 489 1
47 735 1
47 1131 1
58 8 1
58 12 1
58 18 1
58 22 1
58 25 1
58 26 1
58 30 1
58 37 1
58 42 1
58 43 1
58 68 1
58 72 1
58 92 1
58 94 1
58 111 1
58 115 1
58 120 1
58 125 1
58 136 1
58 226 1
58 231 1
58 236 1
58 257 1
58 258 1
58 271 1
58 286 1
58 290 1
58 294 1
58 302 1
58 333 1
58 358 1
58 369 1
58 371 1
58 435 1
58 438 1
58 443 1
58 456 1
58 489 1
58 506 1
58 508 1
58 514 1
58 530 1
58 733 1
58 735 1
58 854 1
58 881 1
58 892 1
58 932 1
58 1052 1
58 1192 1
58 1341 1
58 1398 1
58 2517 1
58 2763 1
58 3952 1
58 4330 1
58 7143 1
60 2 1
60 22 1
60 26 1
60 28 1
60 34 1
60 45 1
60 71 1
60 89 1
60 290 1
60 529 1
60 903 1
60 932 1
60 1889 1
68 2 1
68 12 1
68 15 1
68 16 1
68 18 1
68 19 1
68 26 1
68 30 1
68 33 1
68 34 1
68 37 1
68 41 1
68 45 1
68 58 1
68 71 1
68 72 1
68 92 1
68 94 1
68 104 1
68 111 1
68 115 1
68 119 1
68 123 1
68 152 1
68 190 1
68 197 1
68 207 1
68 212 1
68 257 1
68 271 1
68 290 1
68 322 1
68 358 1
68 371 1
68 434 1
68 438 1
68 456 1
68 474 1
68 489 1
68 508 1
68 526 1
68 533 1
68 548 1
68 624 1
68 631 1
68 633 1
68 695 1
68 733 1
68 765 1
68 801 1
68 844 1
68 903 1
68 1120 1
68 1172 1
68 1295 1
68 1326 1
68 1341 1
68 2048 1
68 2096 1
68 2405 1
68 3606 1
68 4094 1
68 4714 1
68 5280 1
68 5533 1
68 7143 1
69 15 1
69 18 1
69 22 1
69 26 1
69 46 1
69 47 1
69 89 1
69 139 1
69 286 1
69 489 1
69 1078 1
69 1172 1
71 2 1
71 6 1
71 8 1
71 18 1
71 26 1
71 41 1
71 42 1
71 58 1
71 72 1
71 89 1
71 92 1
71 94 1
71 125 1
71 136 1
71 197 1
71 207 1
71 231 1
71 240 1
71 245 1
71 271 1
71 280 1
71 290 1
71 299 1
71 312 1
71 315 1
71 322 1
71 337 1
71 340 1
71 348 1
71 358 1
71 361 1
71 371 1
71 434 1
71 443 1
71 508 1
71 530 1
71 624 1
71 653 1
71 735 1
71 979 1
71 1052 1
71 1063 1
71 1120 1
71 1172 1
71 1188 1
71 1192 1
71 1326 1
71 1592 1
71 1955 1
71 2299 1
71 2303 1
71 2467 1
71 3166 1
71 3950 1
71 4102 1
71 4146 1
71 4402 1
72 2 1
72 15 1
72 16 1
72 34 1
72 42 1
72 45 1
72 46 1
72 69 1
72 89 1
72 190 1
72 227 1
72 257 1
72 290 1
72 312 1
72 478 1
72 695 1
72 838 1
72 881 1
72 932 1
72 1063 1
72 1289 1
72 1889 1
72 2096 1
72 2738 1
72 2763 1
72 3552 1
72 5039 1
74 6 1
74 15 1
74 16 1
74 71 1
74 111 1
74 294 1
74 474 1
74 2203 1
83 2 1
83 15 1
83 18 1
83 22 1
83 26 1
83 43 1
83 71 1
83 111 1
83 120 1
83 125 1
83 136 1
83 207 1
83 312 1
83 561 1
83 854 1
83 1131 1
83 1559 1
83 7154 1
89 6 1
89 9 1
89 12 1
89 16 1
89 22 1
89 26 1
89 34 1
89 37 1
89 42 1
89 45 1
89 46 1
89 58 1
89 68 1
89 83 1
89 111 1
89 115 1
89 120 1
89 123 1
89 126 1
89 147 1
89 186 1
89 190 1
89 197 1
89 207 1
89 236 1
89 258 1
89 280 1
89 290 1
89 312 1
89 315 1
89 333 1
89 340 1
89 358 1
89 371 1
89 438 1
89 456 1
89 474 1
89 478 1
89 548 1
89 631 1
89 653 1
89 733 1
89 803 1
89 1052 1
89 1063 1
89 1120 1
89 1131 1
89 1167 1
89 1314 1
89 1339 1
89 1376 1
89 1720 1
89 1738 1
89 1879 1
89 1889 1
89 2467 1
89 3750 1
89 4269 1
89 4643 1
89 5101 1
89 6673 1
91 22 1
91 26 1
91 844 1
91 903 1
92 2 1
92 6 1
92 9 1
92 15 1
92 16 1
92 18 1
92 24 1
92 28 1
92 30 1
92 41 1
92 46 1
92 72 1
92 94 1
92 115 1
92 123 1
92 147 1
92 290 1
92 294 1
92 474 1
92 494 1
92 561 1
92 854 1
92 932 1
92 1659 1
94 12 1
94 15 1
94 16 1
94 25 1
94 28 1
94 37 1
94 42 1
94 43 1
94 45 1
94 46 1
94 47 1
94 68 1
94 71 1
94 72 1
94 74 1
94 89 1
94 104 1
94 111 1
94 115 1
94 120 1
94 124 1
94 186 1
94 190 1
94 196 1
94 207 1
94 280 1
94 299 1
94 320 1
94 337 1
94 348 1
94 371 1
94 443 1
94 478 1
94 508 1
94 522 1
94 526 1
94 561 1
94 725 1
94 801 1
94 932 1
94 979 1
94 1131 1
94 1172 1
94 1339 1
94 1355 1
94 1889 1
94 3481 1
94 3877 1
99 2 1
99 22 1
99 25 1
99 41 1
99 71 1
99 89 1
99 104 1
99 115 1
99 120 1
99 124 1
99 139 1
99 152 1
99 190 1
99 212 1
99 227 1
99 231 1
99 257 1
99 280 1
99 294 1
99 299 1
99 312 1
99 526 1
99 704 1
99 1120 1
99 1345 1
99 1554 1
99 2517 1
99 7419 1
104 2 1
104 9 1
104 12 1
104 15 1
104 16 1
104 18 1
104 22 1
104 26 1
104 28 1
104 30 1
104 37 1
104 42 1
104 46 1
104 58 1
104 69 1
104 72 1
104 115 1
104 119 1
104 124 1
104 197 1
104 227 1
104 231 1
104 236 1
104 286 1
104 290 1
104 294 1
104 312 1
104 320 1
104 322 1
104 340 1
104 438 1
104 456 1
104 494 1
104 514 1
104 540 1
104 548 1
104 561 1
104 653 1
104 733 1
104 803 1
104 903 1
104 1052 1
104 1131 1
104 1172 1
104 1289 1
104 1339 1
104 1345 1
104 1510 1
104 2308 1
104 3261 1
104 4146 1
104 5518 1
111 2 1
111 6 1
111 8 1
111 12 1
111 15 1
111 16 1
111 18 1
111 19 1
111 22 1
111 26 1
111 28 1
111 37 1
111 41 1
111 45 1
111 58 1
111 89 1
111 94 1
111 115 1
111 125 1
111 136 1
111 190 1
111 197 1
111 240 1
111 245 1
111 280 1
111 294 1
111 312 1
111 348 1
111 438 1
111 456 1
111 474 1
111 478 1
111 489 1
111 506 1
111 515 1
111 522 1
111 526 1
111 624 1
111 844 1
111 932 1
111 979 1
111 1089 1
111 1289 1
111 1659 1
111 2467 1
111 2554 1
111 3481 1
111 3552 1
111 3691 1
115 6 1
115 8 1
115 15 1
115 18 1
115 22 1
115 28 1
115 45 1
115 47 1
115 58 1
115 60 1
115 69 1
115 71 1
115 74 1
115 89 1
115 125 1
115 139 1
115 147 1
115 152 1
115 207 1
115 212 1
115 257 1
115 307 1
115 322 1
115 337 1
115 340 1
115 369 1
115 371 1
115 434 1
115 456 1
115 474 1
115 530 1
115 532 1
115 533 1
115 548 1
115 561 1
115 765 1
115 801 1
115 844 1
115 881 1
115 908 1
115 1063 1
115 1078 1
115 1120 1
115 1131 1
115 1172 1
115 1289 1
115 1339 1
115 1554 1
115 1879 1
115 1889 1
115 2462 1
115 2554 1
115 6673 1
119 2 1
119 6 1
119 8 1
119 12 1
119 15 1
119 18 1
119 22 1
119 25 1
119 28 1
119 30 1
119 34 1
119 37 1
119 42 1
119 45 1
119 47 1
119 69 1
119 71 1
119 72 1
119 74 1
119 89 1
119 91 1
119 94 1
119 104 1
119 115 1
119 120 1
119 125 1
119 147 1
119 152 1
119 197 1
119 245 1
119 257 1
119 271 1
119 286 1
119 290 1
119 299 1
119 302 1
119 333 1
119 434 1
119 438 1
119 443 1
119 508 1
119 561 1
119 633 1
119 735 1
119 803 1
119 844 1
119 854 1
119 1078 1
119 1166 1
119 1167 1
119 1172 1
119 1276 1
119 1341 1
119 1659 1
119 1889 1
119 2517 1
119 2674 1
119 4549 1
119 5750 1
119 6376 1
119 7294 1
120 8 1
120 15 1
120 16 1
120 22 1
120 26 1
120 34 1
120 41 1
120 45 1
120 46 1
120 69 1
120 71 1
120 111 1
120 115 1
120 191 1
120 245 1
120 257 1
120 258 1
120 286 1
120 294 1
120 337 1
120 456 1
120 474 1
120 508 1
120 624 1
120 735 1
120 879 1
120 1131 1
120 1172 1
120 1376 1
120 1659 1
120 1955 1
120 2467 1
120 3480 1
120 4868 1
120 5406 1
120 6673 1
123 2 1
123 6 1
123 8 1
123 9 1
123 12 1
123 15 1
123 18 1
123 22 1
123 28 1
123 34 1
123 37 1
123 41 1
123 43 1
123 45 1
123 46 1
123 58 1
123 69 1
123 71 1
123 89 1
123 92 1
123 115 1
123 119 1
123 120 1
123 125 1
123 147 1
123 152 1
123 191 1
123 207 1
123 212 1
123 227 1
123 231 1
123 245 1
123 257 1
123 258 1
123 290 1
123 294 1
123 299 1
123 333 1
123 337 1
123 340 1
123 348 1
123 358 1
123 371 1
123 434 1
123 438 1
123 443 1
123 474 1
123 506 1
123 514 1
123 526 1
123 530 1
123 582 1
123 624 1
123 704 1
123 735 1
123 801 1
123 838 1
123 844 1
123 881 1
123 932 1
123 1085 1
123 1089 1
123 1166 1
123 1276 1
123 1289 1
123 1295 1
123 1339 1
123 1355 1
123 1647 1
123 1691 1
123 2048 1
123 2197 1
123 2303 1
123 2405 1
123 2490 1
123 2609 1
123 3375 1
123 3552 1
123 5227 1
123 6376 1
123 7340 1
124 2 1
124 6 1
124 12 1
124 15 1
124 18 1
124 25 1
124 26 1
124 41 1
124 45 1
124 111 1
124 147 1
124 231 1
124 286 1
124 879 1
124 1052 1
124 1172 1
124 1285 1
124 1554 1
124 2140 1
124 4437 1
124 4714 1
125 6 1
125 8 1
125 15 1
125 16 1
125 18 1
125 19 1
125 22 1
125 25 1
125 28 1
125 34 1
125 42 1
125 69 1
125 72 1
125 89 1
125 94 1
125 115 1
125 123 1
125 197 1
125 257 1
125 307 1
125 342 1
125 348 1
125 456 1
125 508 1
125 526 1
125 532 1
125 582 1
125 612 1
125 733 1
125 801 1
125 844 1
125 903 1
125 1089 1
125 1293 1
125 1659 1
125 3815 1
126 2 1
126 6 1
126 16 1
126 18 1
126 22 1
126 26 1
126 33 1
126 58 1
126 68 1
126 94 1
126 286 1
126 1078 1
133 15 1
133 45 1
136 15 1
136 18 1
136 26 1
136 28 1
136 34 1
136 37 1
136 41 1
136 45 1
136 46 1
136 58 1
136 69 1
136 123 1
136 147 1
136 212 1
136 245 1
136 257 1
136 286 1
136 294 1
136 438 1
136 735 1
136 854 1
136 1182 1
136 3750 1
136 5039 1
139 22 1
139 26 1
139 41 1
139 71 1
139 94 1
139 104 1
139 111 1
139 125 1
139 227 1
139 231 1
139 286 1
139 340 1
139 438 1
139 1052 1
139 1341 1
147 15 1
147 18 1
147 37 1
147 92 1
147 123 1
147 286 1
147 290 1
147 299 1
147 932 1
152 15 1
152 22 1
152 42 1
152 104 1
152 123 1
152 147 1
152 197 1
152 280 1
152 286 1
152 456 1
152 506 1
152 522 1
152 561 1
186 16 1
186 18 1
186 26 1
186 41 1
186 45 1
186 290 1
186 315 1
186 2517 1
186 3963 1
190 2 1
190 8 1
190 15 1
190 18 1
190 26 1
190 37 1
190 71 1
190 94 1
190 111 1
190 124 1
190 186 1
190 207 1
190 231 1
190 294 1
190 312 1
190 315 1
190 358 1
190 474 1
190 532 1
190 548 1
190 704 1
190 803 1
190 844 1
190 1167 1
190 1228 1
190 1339 1
190 1561 1
190 1659 1
190 2966 1
191 22 1
191 94 1
191 286 1
191 506 1
196 22 1
196 89 1
197 2 1
197 15 1
197 26 1
197 42 1
197 115 1
197 190 1
197 294 1
197 312 1
197 434 1
197 435 1
197 530 1
197 624 1
197 725 1
197 2738 1
207 6 1
207 9 1
207 12 1
207 15 1
207 18 1
207 22 1
207 41 1
207 42 1
207 43 1
207 89 1
207 104 1
207 271 1
207 290 1
207 348 1
207 474 1
207 514 1
207 653 1
207 1172 1
207 1326 1
207 2405 1
212 15 1
212 16 1
212 18 1
212 26 1
212 58 1
212 69 1
212 92 1
212 94 1
212 104 1
212 115 1
212 120 1
212 123 1
212 245 1
212 290 1
212 299 1
212 312 1
212 371 1
212 443 1
212 526 1
212 714 1
212 942 1
212 1986 1
212 3552 1
212 3691 1
212 6226 1
212 6598 1
226 18 1
226 22 1
226 489 1
227 18 1
227 37 1
227 74 1
227 932 1
227 1345 1
227 7683 1
231 6 1
231 12 1
231 15 1
231 16 1
231 18 1
231 22 1
231 26 1
231 41 1
231 42 1
231 45 1
231 46 1
231 89 1
231 104 1
231 115 1
231 120 1
231 125 1
231 257 1
231 294 1
231 456 1
231 474 1
231 526 1
231 1172 1
231 2299 1
231 2517 1
231 2554 1
236 6 1
236 9 1
236 12 1
236 15 1
236 16 1
236 18 1
236 22 1
236 28 1
236 34 1
236 43 1
236 45 1
236 46 1
236 58 1
236 71 1
236 115 1
236 120 1
236 123 1
236 125 1
236 126 1
236 197 1
236 257 1
236 302 1
236 333 1
236 474 1
236 515 1
236 704 1
236 844 1
236 1063 1
236 1131 1
236 1554 1
236 2299 1
240 18 1
240 26 1
240 94 1
240 123 1
240 348 1
240 526 1
240 3857 1
241 22 1
245 2 1
245 12 1
245 15 1
245 16 1
245 18 1
245 22 1
245 30 1
245 37 1
245 68 1
245 72 1
245 74 1
245 89 1
245 123 1
245 126 1
245 196 1
245 231 1
245 299 1
245 312 1
245 348 1
245 506 1
245 526 1
245 801 1
245 879 1
245 1339 1
245 1554 1
245 3552 1
245 4818 1
257 6 1
257 8 1
257 15 1
257 16 1
257 18 1
257 30 1
257 45 1
257 46 1
257 69 1
257 71 1
257 74 1
257 89 1
257 92 1
257 111 1
257 115 1
257 120 1
257 123 1
257 190 1
257 197 1
257 212 1
257 258 1
257 271 1
257 280 1
257 307 1
257 312 1
257 371 1
257 474 1
257 514 1
257 540 1
257 624 1
257 803 1
257 844 1
257 886 1
257 1063 1
257 1078 1
257 1085 1
257 1293 1
257 1339 1
257 1341 1
257 1355 1
257 1376 1
257 1720 1
257 2674 1
257 3691 1
258 2 1
258 8 1
258 15 1
258 18 1
258 34 1
258 41 1
258 42 1
258 45 1
258 58 1
258 104 1
258 294 1
258 2866 1
258 4714 1
258 5024 1
271 15 1
271 42 1
271 69 1
271 72 1
271 104 1
271 111 1
271 371 1
271 1659 1
271 1816 1
271 2738 1
271 4714 1
280 2 1
280 18 1
280 41 1
280 653 1
286 15 1
286 16 1
286 26 1
286 34 1
286 37 1
286 42 1
286 45 1
286 47 1
286 68 1
286 89 1
286 94 1
286 111 1
286 125 1
286 196 1
286 212 1
286 240 1
286 245 1
286 258 1
286 280 1
286 294 1
286 312 1
286 315 1
286 322 1
286 340 1
286 358 1
286 456 1
286 508 1
286 533 1
286 612 1
286 653 1
286 803 1
286 932 1
286 942 1
286 1063 1
286 1131 1
286 1182 1
286 1293 1
286 1295 1
286 1793 1
286 1889 1
286 2197 1
286 2299 1
286 2303 1
286 2653 1
286 4094 1
286 4102 1
290 6 1
290 12 1
290 16 1
290 18 1
290 22 1
290 26 1
290 28 1
290 37 1
290 41 1
290 45 1
290 68 1
290 71 1
290 104 1
290 111 1
290 123 1
290 125 1
290 190 1
290 231 1
290 257 1
290 280 1
290 294 1
290 299 1
290 348 1
290 358 1
290 456 1
290 515 1
290 529 1
290 548 1
290 624 1
290 633 1
290 801 1
290 844 1
290 854 1
290 888 1
290 903 1
290 1293 1
290 1376 1
290 2866 1
294 2 1
294 6 1
294 18 1
294 22 1
294 26 1
294 47 1
294 68 1
294 72 1
294 89 1
294 94 1
294 104 1
294 115 1
294 123 1
294 125 1
294 136 1
294 280 1
294 312 1
294 337 1
294 340 1
294 371 1
294 443 1
294 886 1
294 908 1
294 932 1
294 1398 1
294 1720 1
294 2609 1
294 4714 1
299 12 1
299 15 1
299 16 1
299 18 1
299 22 1
299 26 1
299 28 1
299 34 1
299 41 1
299 42 1
299 45 1
299 46 1
299 68 1
299 71 1
299 115 1
299 120 1
299 147 1
299 190 1
299 197 1
299 257 1
299 280 1
299 294 1
299 474 1
299 494 1
299 561 1
299 1085 1
299 2308 1
299 3607 1
299 3815 1
302 2 1
302 6 1
302 9 1
302 15 1
302 16 1
302 22 1
302 26 1
302 28 1
302 34 1
302 41 1
302 58 1
302 68 1
302 71 1
302 115 1
302 119 1
302 124 1
302 125 1
302 152 1
302 186 1
302 207 1
302 307 1
302 340 1
302 369 1
302 474 1
302 533 1
302 942 1
302 1063 1
302 1089 1
302 1120 1
302 1167 1
302 1355 1
302 2343 1
302 2573 1
307 12 1
307 18 1
307 22 1
307 26 1
307 28 1
307 30 1
307 41 1
307 45 1
307 46 1
307 58 1
307 68 1
307 71 1
307 72 1
307 120 1
307 136 1
307 147 1
307 190 1
307 231 1
307 294 1
307 932 1
307 1816 1
307 2612 1
307 3750 1
307 5024 1
312 6 1
312 15 1
312 18 1
312 25 1
312 26 1
312 37 1
312 42 1
312 46 1
312 72 1
312 89 1
312 104 1
312 111 1
312 119 1
312 120 1
312 124 1
312 125 1
312 280 1
312 286 1
312 340 1
312 358 1
312 474 1
312 530 1
312 561 1
312 704 1
312 844 1
312 903 1
312 908 1
312 1172 1
312 4094 1
312 4146 1
315 6 1
315 8 1
315 15 1
315 16 1
315 18 1
315 22 1
315 26 1
315 37 1
315 42 1
315 46 1
315 68 1
315 72 1
315 115 1
315 120 1
315 147 1
315 197 1
315 340 1
315 443 1
315 515 1
315 526 1
315 530 1
315 561 1
315 612 1
315 1063 1
315 2303 1
315 5406 1
320 2 1
320 15 1
320 26 1
320 136 1
320 1063 1
322 26 1
322 30 1
322 41 1
322 68 1
322 294 1
322 2308 1
333 6 1
333 22 1
333 28 1
333 34 1
333 42 1
333 45 1
333 46 1
333 47 1
333 72 1
333 115 1
333 125 1
333 147 1
333 186 1
333 190 1
333 302 1
333 312 1
333 348 1
333 371 1
333 443 1
333 474 1
333 522 1
333 908 1
333 1172 1
333 3261 1
337 2 1
337 22 1
337 89 1
337 104 1
337 152 1
340 15 1
340 45 1
340 46 1
340 69 1
340 72 1
340 124 1
340 125 1
340 212 1
340 236 1
340 245 1
340 280 1
340 290 1
340 299 1
340 438 1
340 530 1
340 1052 1
340 1078 1
340 1085 1
340 1131 1
340 1172 1
340 1182 1
340 1879 1
340 4402 1
342 2 1
342 15 1
342 22 1
342 28 1
342 72 1
342 190 1
342 299 1
348 2 1
348 12 1
348 15 1
348 18 1
348 22 1
348 34 1
348 42 1
348 71 1
348 89 1
348 280 1
348 299 1
348 438 1
348 474 1
348 922 1
348 1172 1
348 1376 1
358 6 1
358 16 1
358 18 1
358 22 1
358 26 1
358 28 1
358 34 1
358 71 1
358 104 1
358 120 1
358 136 1
358 152 1
358 190 1
358 257 1
358 286 1
358 294 1
358 312 1
358 474 1
358 1172 1
358 1326 1
361 16 1
361 18 1
361 22 1
361 438 1
361 624 1
369 15 1
369 207 1
369 434 1
369 529 1
369 735 1
371 2 1
371 12 1
371 15 1
371 16 1
371 18 1
371 22 1
371 26 1
371 37 1
371 45 1
371 58 1
371 72 1
371 104 1
371 111 1
371 190 1
371 257 1
371 280 1
371 299 1
371 438 1
371 735 1
371 844 1
371 1326 1
371 4818 1
398 2 1
398 6 1
398 18 1
398 22 1
398 26 1
398 68 1
398 71 1
398 92 1
398 115 1
398 120 1
398 125 1
398 526 1
398 1188 1
398 3963 1
434 2 1
434 30 1
434 68 1
434 71 1
434 190 1
434 236 1
435 6 1
435 12 1
435 15 1
435 16 1
435 18 1
435 22 1
435 45 1
435 68 1
435 89 1
438 6 1
438 15 1
438 16 1
438 18 1
438 22 1
438 28 1
438 30 1
438 37 1
438 41 1
438 43 1
438 68 1
438 74 1
438 89 1
438 104 1
438 111 1
438 115 1
438 123 1
438 124 1
438 257 1
438 286 1
438 456 1
438 514 1
438 561 1
438 932 1
438 1167 1
438 1172 1
438 1276 1
438 2517 1
438 3375 1
438 3750 1
438 5938 1
443 12 1
443 15 1
443 18 1
443 30 1
443 37 1
443 45 1
443 58 1
443 68 1
443 89 1
443 104 1
443 115 1
443 120 1
443 123 1
443 294 1
443 358 1
443 371 1
443 844 1
443 1354 1
443 1554 1
443 1617 1
443 1659 1
443 4714 1
456 6 1
456 12 1
456 15 1
456 26 1
456 28 1
456 68 1
456 69 1
456 72 1
456 212 1
456 348 1
456 1339 1
474 2 1
474 8 1
474 12 1
474 15 1
474 18 1
474 25 1
474 26 1
474 30 1
474 34 1
474 37 1
474 42 1
474 43 1
474 45 1
474 47 1
474 58 1
474 68 1
474 69 1
474 71 1
474 89 1
474 104 1
474 126 1
474 136 1
474 147 1
474 231 1
474 236 1
474 245 1
474 286 1
474 290 1
474 443 1
474 494 1
474 526 1
474 582 1
474 624 1
474 633 1
474 803 1
474 922 1
474 1120 1
474 1314 1
474 1326 1
474 1355 1
474 1376 1
474 2308 1
474 2462 1
474 2763 1
474 3691 1
474 4176 1
474 4435 1
474 4644 1
474 4843 1
474 5921 1
474 5987 1
474 6263 1
478 18 1
478 22 1
478 26 1
478 45 1
478 94 1
478 136 1
478 286 1
478 4843 1
489 2 1
489 6 1
489 12 1
489 15 1
489 18 1
489 26 1
489 123 1
489 207 1
489 245 1
489 854 1
489 1339 1
494 6 1
494 18 1
494 258 1
494 333 1
494 340 1
506 6 1
506 16 1
506 26 1
506 28 1
506 30 1
506 37 1
506 45 1
506 89 1
506 104 1
506 115 1
506 120 1
506 123 1
506 299 1
506 371 1
506 438 1
506 522 1
506 526 1
506 529 1
506 624 1
506 1879 1
506 2197 1
508 2 1
508 15 1
508 22 1
508 26 1
508 28 1
508 71 1
508 89 1
508 120 1
508 280 1
508 526 1
508 1052 1
514 12 1
514 15 1
514 18 1
514 26 1
514 37 1
514 46 1
514 68 1
514 71 1
514 120 1
514 124 1
514 245 1
514 286 1
514 474 1
514 506 1
514 1131 1
514 1295 1
514 1554 1
514 3552 1
515 22 1
515 37 1
515 5024 1
522 12 1
522 22 1
522 26 1
522 45 1
522 60 1
522 71 1
522 89 1
522 111 1
522 123 1
522 4714 1
526 8 1
526 9 1
526 12 1
526 18 1
526 22 1
526 26 1
526 41 1
526 68 1
526 69 1
526 72 1
526 89 1
526 94 1
526 104 1
526 111 1
526 115 1
526 120 1
526 123 1
526 125 1
526 257 1
526 271 1
526 290 1
526 299 1
526 315 1
526 333 1
526 474 1
526 506 1
526 624 1
526 1089 1
526 1120 1
526 1339 1
526 1676 1
529 18 1
529 28 1
529 45 1
529 71 1
529 115 1
529 123 1
529 124 1
529 147 1
529 280 1
529 443 1
529 1089 1
529 1182 1
529 2674 1
530 6 1
530 12 1
530 15 1
530 16 1
530 18 1
530 22 1
530 26 1
530 89 1
530 94 1
530 207 1
530 312 1
530 844 1
530 1172 1
530 1345 1
532 16 1
532 18 1
532 68 1
532 240 1
532 271 1
532 286 1
532 307 1
533 18 1
533 22 1
533 456 1
540 16 1
540 28 1
540 37 1
540 69 1
540 231 1
540 908 1
540 1063 1
540 2866 1
548 2 1
548 15 1
548 28 1
548 474 1
548 624 1
548 1089 1
561 12 1
561 15 1
561 18 1
561 22 1
561 26 1
561 28 1
561 37 1
561 41 1
561 94 1
561 123 1
561 125 1
561 126 1
561 136 1
561 197 1
561 236 1
561 271 1
561 280 1
561 474 1
561 508 1
561 526 1
561 529 1
561 530 1
561 612 1
561 653 1
561 685 1
561 733 1
561 735 1
561 1063 1
561 1167 1
561 1510 1
561 1659 1
561 2308 1
582 2 1
582 6 1
582 8 1
582 12 1
582 15 1
582 16 1
582 18 1
582 41 1
582 42 1
582 47 1
582 68 1
582 72 1
582 74 1
582 89 1
582 119 1
582 120 1
582 123 1
582 124 1
582 125 1
582 136 1
582 197 1
582 231 1
582 258 1
582 286 1
582 299 1
582 312 1
582 369 1
582 474 1
582 695 1
582 735 1
582 844 1
582 908 1
582 979 1
582 1120 1
582 1131 1
582 1285 1
582 1341 1
582 1603 1
582 1659 1
582 2303 1
582 5938 1
582 6362 1
582 6381 1
612 15 1
612 26 1
612 37 1
612 123 1
612 508 1
612 3261 1
623 12 1
623 15 1
623 532 1
624 15 1
624 16 1
624 18 1
624 22 1
624 37 1
624 45 1
624 47 1
624 60 1
624 89 1
624 104 1
624 111 1
624 120 1
624 125 1
624 290 1
624 371 1
624 443 1
624 474 1
624 506 1
624 1063 1
624 2517 1
624 3166 1
631 37 1
631 45 1
633 6 1
633 15 1
633 16 1
633 26 1
633 342 1
633 903 1
653 15 1
653 16 1
653 22 1
653 25 1
653 34 1
653 71 1
653 111 1
653 120 1
653 197 1
653 299 1
653 358 1
653 529 1
653 633 1
653 725 1
653 854 1
685 2 1
685 15 1
685 16 1
685 18 1
685 26 1
685 111 1
685 115 1
685 125 1
685 197 1
685 371 1
685 582 1
685 879 1
685 1289 1
685 1398 1
685 1793 1
685 4843 1
685 6152 1
695 16 1
695 28 1
695 37 1
695 41 1
695 299 1
704 2 1
704 15 1
704 89 1
714 28 1
714 474 1
718 123 1
725 15 1
725 19 1
725 26 1
725 30 1
725 45 1
725 74 1
725 94 1
725 115 1
725 125 1
725 236 1
725 286 1
725 299 1
725 474 1
725 506 1
725 530 1
725 533 1
725 623 1
725 624 1
725 838 1
725 854 1
725 1339 1
725 2612 1
725 2738 1
733 8 1
733 18 1
733 22 1
733 26 1
733 290 1
733 526 1
733 879 1
735 15 1
735 16 1
735 22 1
735 37 1
735 89 1
735 94 1
735 104 1
735 115 1
735 120 1
735 147 1
735 1052 1
735 1816 1
735 4330 1
765 6 1
765 12 1
765 18 1
765 26 1
765 28 1
765 30 1
765 299 1
765 532 1
801 15 1
801 16 1
801 18 1
801 22 1
801 45 1
801 58 1
801 89 1
801 104 1
801 271 1
801 474 1
801 514 1
801 529 1
801 854 1
801 3552 1
803 15 1
803 22 1
803 26 1
803 30 1
803 257 1
803 398 1
803 474 1
803 561 1
803 903 1
838 15 1
838 16 1
838 18 1
838 22 1
838 26 1
838 30 1
838 34 1
838 58 1
838 104 1
838 207 1
838 438 1
838 474 1
838 735 1
838 765 1
838 1089 1
844 6 1
844 8 1
844 15 1
844 18 1
844 22 1
844 26 1
844 28 1
844 41 1
844 42 1
844 68 1
844 94 1
844 104 1
844 152 1
844 197 1
844 207 1
844 236 1
844 342 1
844 474 1
844 522 1
844 561 1
844 908 1
844 1052 1
844 1078 1
844 1289 1
844 1341 1
844 4146 1
844 4714 1
854 6 1
854 15 1
854 22 1
854 26 1
854 37 1
854 68 1
854 240 1
854 286 1
879 15 1
879 18 1
879 28 1
879 68 1
879 69 1
879 89 1
879 94 1
879 125 1
879 231 1
879 257 1
879 340 1
879 443 1
879 522 1
879 1120 1
879 1167 1
879 1182 1
879 1276 1
879 2303 1
881 16 1
881 45 1
881 46 1
881 136 1
881 147 1
886 22 1
886 46 1
888 6 1
888 26 1
888 41 1
888 71 1
888 312 1
888 685 1
888 725 1
888 3750 1
892 15 1
892 18 1
892 89 1
892 735 1
903 12 1
903 15 1
903 18 1
903 22 1
903 89 1
903 115 1
903 236 1
903 1085 1
908 15 1
908 18 1
908 22 1
908 26 1
908 34 1
908 89 1
908 104 1
908 322 1
908 474 1
908 1172 1
908 4714 1
922 22 1
932 6 1
932 15 1
932 26 1
932 34 1
932 45 1
932 92 1
932 111 1
932 123 1
932 125 1
932 136 1
932 695 1
932 1063 1
942 15 1
942 22 1
942 24 1
942 46 1
952 18 1
979 2 1
979 22 1
979 286 1
1030 16 1
1030 89 1
1052 12 1
1052 18 1
1052 22 1
1052 26 1
1052 46 1
1052 69 1
1052 190 1
1052 212 1
1052 294 1
1052 312 1
1052 371 1
1052 474 1
1052 844 1
1052 932 1
1052 1166 1
1052 1293 1
1052 1339 1
1052 1554 1
1063 12 1
1063 15 1
1063 18 1
1063 22 1
1063 26 1
1063 34 1
1063 41 1
1063 45 1
1063 68 1
1063 72 1
1063 104 1
1063 115 1
1063 125 1
1063 190 1
1063 227 1
1063 236 1
1063 271 1
1063 340 1
1063 474 1
1063 2305 1
1078 68 1
1078 104 1
1085 16 1
1085 18 1
1085 22 1
1085 71 1
1085 125 1
1085 1355 1
1089 15 1
1089 16 1
1089 18 1
1089 46 1
1089 89 1
1089 120 1
1089 123 1
1089 125 1
1089 456 1
1089 474 1
1089 1131 1
1089 1289 1
1120 6 1
1120 12 1
1120 15 1
1120 16 1
1120 18 1
1120 26 1
1120 46 1
1120 1276 1
1131 2 1
1131 6 1
1131 12 1
1131 15 1
1131 26 1
1131 28 1
1131 34 1
1131 45 1
1131 71 1
1131 89 1
1131 111 1
1131 136 1
1131 147 1
1131 240 1
1131 302 1
1131 307 1
1131 315 1
1131 438 1
1131 443 1
1131 514 1
1131 803 1
1131 844 1
1131 1078 1
1131 2517 1
1131 2554 1
1131 2674 1
1166 46 1
1166 257 1
1166 526 1
1167 6 1
1167 15 1
1167 68 1
1167 489 1
1167 526 1
1167 2299 1
1172 15 1
1172 16 1
1172 28 1
1172 46 1
1172 89 1
1172 94 1
1172 104 1
1172 125 1
1172 358 1
1172 1078 1
1172 2738 1
1182 26 1
1182 37 1
1182 71 1
1182 72 1
1182 438 1
1188 72 1
1188 115 1
1188 245 1
1188 529 1
1188 903 1
1192 6 1
1192 8 1
1192 26 1
1192 42 1
1192 68 1
1192 89 1
1192 299 1
1192 371 1
1192 474 1
1192 530 1
1192 1469 1
1228 16 1
1228 3552 1
1270 22 1
1276 2 1
1276 15 1
1276 18 1
1276 28 1
1276 42 1
1276 45 1
1276 71 1
1276 115 1
1276 515 1
1276 735 1
1276 1052 1
1285 26 1
1285 94 1
1285 312 1
1285 514 1
1289 12 1
1289 15 1
1289 22 1
1289 26 1
1289 68 1
1289 72 1
1289 115 1
1289 123 1
1289 443 1
1289 5449 1
1293 6 1
1293 12 1
1293 94 1
1293 624 1
1293 1052 1
1295 18 1
1295 26 1
1295 280 1
1314 22 1
1314 68 1
1314 6263 1
1326 2 1
1326 18 1
1326 22 1
1326 89 1
1326 115 1
1326 125 1
1326 136 1
1326 515 1
1339 15 1
1339 22 1
1339 26 1
1339 42 1
1339 45 1
1339 123 1
1339 125 1
1339 312 1
1339 340 1
1339 358 1
1339 456 1
1339 932 1
1339 2554 1
1341 2 1
1341 6 1
1341 15 1
1341 18 1
1341 26 1
1341 41 1
1341 104 1
1341 147 1
1341 286 1
1341 1289 1
1345 15 1
1345 22 1
1345 119 1
1345 1376 1
1354 30 1
1355 6 1
1355 15 1
1355 16 1
1355 37 1
1355 111 1
1355 115 1
1355 294 1
1355 529 1
1355 1131 1
1355 1354 1
1355 5921 1
1376 6 1
1376 9 1
1376 15 1
1376 18 1
1376 22 1
1376 26 1
1376 46 1
1376 71 1
1376 125 1
1376 136 1
1376 340 1
1376 474 1
1376 725 1
1376 5406 1
1398 16 1
1469 2467 1
1510 15 1
1510 18 1
1510 43 1
1510 58 1
1510 120 1
1510 123 1
1510 236 1
1510 340 1
1510 1376 1
1554 15 1
1554 22 1
1554 26 1
1554 94 1
1554 125 1
1554 207 1
1554 322 1
1554 438 1
1554 508 1
1554 4402 1
1559 111 1
1559 435 1
1559 443 1
1559 733 1
1561 2 1
1561 15 1
1561 16 1
1561 71 1
1561 104 1
1561 286 1
1592 22 1
1592 41 1
1592 94 1
1603 16 1
1603 333 1
1617 6 1
1617 18 1
1617 25 1
1617 26 1
1617 104 1
1617 207 1
1647 22 1
1647 302 1
1659 2 1
1659 15 1
1659 22 1
1659 37 1
1659 111 1
1659 258 1
1659 838 1
1676 8 1
1720 18 1
1720 94 1
1738 16 1
1793 15 1
1793 18 1
1793 207 1
1793 489 1
1793 624 1
1816 45 1
1816 68 1
1816 1052 1
1879 12 1
1879 474 1
1879 1063 1
1879 1339 1
1889 6 1
1889 15 1
1889 19 1
1889 22 1
1889 28 1
1889 60 1
1889 120 1
1889 123 1
1889 474 1
1889 1089 1
1955 37 1
1955 104 1
1986 22 1
2040 22 1
2048 16 1
2048 18 1
2048 22 1
2048 197 1
2048 231 1
2048 474 1
2096 18 1
2096 19 1
2096 94 1
2096 302 1
2140 16 1
2140 26 1
2140 302 1
2140 2405 1
2140 6068 1
2141 115 1
2182 69 1
2182 333 1
2197 6 1
2197 312 1
2197 369 1
2299 15 1
2299 16 1
2299 41 1
2299 42 1
2299 123 1
2299 125 1
2299 290 1
2299 312 1
2299 1131 1
2303 6 1
2303 22 1
2303 89 1
2303 197 1
2303 320 1
2303 4065 1
2305 3166 1
2308 18 1
2308 37 1
2308 45 1
2308 46 1
2308 111 1
2308 120 1
2308 197 1
2308 307 1
2308 340 1
2308 438 1
2308 1052 1
2343 1561 1
2405 15 1
2405 22 1
2405 26 1
2405 34 1
2405 72 1
2405 123 1
2462 15 1
2467 45 1
2467 94 1
2467 474 1
2467 1052 1
2467 2303 1
2490 12 1
2490 16 1
2490 22 1
2490 41 1
2490 290 1
2517 231 1
2554 6 1
2554 8 1
2554 15 1
2554 22 1
2554 45 1
2554 257 1
2554 474 1
2566 26 1
2573 12 1
2573 89 1
2573 125 1
2592 15 1
2592 16 1
2592 71 1
2592 115 1
2592 340 1
2597 26 1
2609 18 1
2609 22 1
2609 94 1
2609 290 1
2609 320 1
2612 18 1
2612 42 1
2653 443 1
2674 6 1
2674 15 1
2674 340 1
2674 529 1
2674 735 1
2674 3552 1
2682 26 1
2682 68 1
2682 69 1
2738 12 1
2738 16 1
2738 22 1
2738 561 1
2763 26 1
2763 115 1
2763 286 1
2866 16 1
2866 26 1
2866 474 1
2966 34 1
2966 290 1
3108 26 1
3108 58 1
3163 45 1
3163 111 1
3163 3691 1
3166 15 1
3166 22 1
3166 26 1
3261 18 1
3261 34 1
3261 2674 1
3301 942 1
3480 15 1
3552 15 1
3552 18 1
3552 26 1
3552 190 1
3552 286 1
3596 2 1
3596 15 1
3596 68 1
3596 89 1
3596 125 1
3606 2 1
3606 30 1
3607 71 1
3607 294 1
3691 22 1
3691 26 1
3691 438 1
3731 18 1
3731 47 1
3731 119 1
3731 526 1
3750 16 1
3750 18 1
3750 26 1
3750 258 1
3750 358 1
3750 735 1
3750 765 1
3750 844 1
3815 16 1
3815 489 1
3829 136 1
3857 22 1
3857 26 1
3857 120 1
3857 6263 1
3877 16 1
3878 16 1
3878 186 1
3952 111 1
3963 22 1
3963 37 1
3963 111 1
3963 294 1
4065 68 1
4065 1592 1
4094 18 1
4102 6 1
4102 115 1
4102 838 1
4102 2467 1
4146 22 1
4146 89 1
4146 299 1
4146 624 1
4146 1172 1
4166 15 1
4175 15 1
4176 37 1
4330 1052 1
4402 15 1
4435 58 1
4437 26 1
4437 120 1
4549 22 1
4549 26 1
4549 68 1
4644 22 1
4644 42 1
4714 15 1
4714 45 1
4714 89 1
4714 312 1
4714 474 1
4714 1182 1
4818 16 1
4818 286 1
4820 15 1
4820 474 1
4827 15 1
4843 2 1
4843 37 1
4868 26 1
4868 315 1
4868 4714 1
4877 26 1
5007 18 1
5039 26 1
5101 257 1
5280 71 1
5280 1052 1
5340 16 1
5406 6 1
5406 18 1
5406 26 1
5406 28 1
5406 69 1
5406 71 1
5406 89 1
5406 94 1
5406 340 1
5406 6376 1
5409 45 1
5449 26 1
5457 186 1
5480 125 1
5518 18 1
5518 1289 1
5533 15 1
5533 16 1
5750 6 1
5921 2 1
5921 6 1
5921 15 1
5921 22 1
5921 26 1
5921 123 1
5921 152 1
5921 474 1
5938 18 1
5938 89 1
5976 506 1
5987 22 1
6019 2 1
6068 22 1
6152 16 1
6152 18 1
6152 22 1
6226 280 1
6263 15 1
6263 18 1
6263 72 1
6263 94 1
6263 257 1
6362 34 1
6362 89 1
6376 22 1
6376 26 1
6381 186 1
6598 22 1
6660 3878 1
6673 15 1
6673 16 1
6673 932 1
6703 15 1
7143 22 1
7143 280 1
7154 89 1
7294 514 1
7340 94 1
7419 26 1
7452 227 1
7469 111 1
7683 37 1
