2 6 1
2 8 1
2 9 1
2 16 1
2 22 1
2 25 1
2 28 1
2 37 1
2 46 1
2 60 1
2 71 1
2 89 1
2 94 1
2 104 1
2 123 1
2 136 1
2 152 1
2 190 1
2 290 1
2 299 1
2 315 1
2 333 1
2 348 1
2 369 1
2 474 1
2 489 1
2 508 1
2 515 1
2 530 1
2 532 1
2 548 1
2 561 1
2 733 1
2 844 1
2 886 1
2 1285 1
2 1289 1
2 1720 1
2 2203 1
2 2405 1
2 2609 1
2 3552 1
2 3829 1
2 4330 1
2 4437 1
2 5533 1
6 2 1
6 9 1
6 15 1
6 16 1
6 18 1
6 19 1
6 25 1
6 26 1
6 28 1
6 34 1
6 41 1
6 45 1
6 46 1
6 69 1
6 71 1
6 94 1
6 104 1
6 111 1
6 115 1
6 120 1
6 123 1
6 124 1
6 136 1
6 139 1
6 190 1
6 212 1
6 227 1
6 245 1
6 257 1
6 271 1
6 280 1
6 290 1
6 294 1
6 299 1
6 312 1
6 315 1
6 348 1
6 369 1
6 474 1
6 533 1
6 561 1
6 624 1
6 653 1
6 685 1
6 725 1
6 735 1
6 803 1
6 879 1
6 881 1
6 888 1
6 903 1
6 932 1
6 1063 1
6 1089 1
6 1131 1
6 1167 1
6 1172 1
6 1192 1
6 1293 1
6 1341 1
6 1345 1
6 1592 1
6 1889 1
6 2197 1
6 2303 1
6 3261 1
6 3552 1
6 3731 1
6 3952 1
6 5406 1
6 5921 1
8 12 1
8 15 1
8 16 1
8 26 1
8 37 1
8 71 1
8 104 1
8 115 1
8 125 1
8 147 1
8 294 1
8 302 1
8 371 1
8 443 1
8 474 1
8 489 1
8 1089 1
8 1676 1
8 2096 1
8 3750 1
8 5921 1
8 7017 1
9 6 1
9 8 1
9 15 1
9 16 1
9 26 1
9 28 1
9 37 1
9 41 1
9 42 1
9 45 1
9 72 1
9 152 1
9 236 1
9 322 1
9 530 1
9 879 1
9 1078 1
9 2653 1
9 3552 1
12 2 1
12 15 1
12 18 1
12 30 1
12 33 1
12 37 1
12 41 1
12 42 1
12 45 1
12 46 1
12 69 1
12 72 1
12 74 1
12 147 1
12 190 1
12 197 1
12 227 1
12 245 1
12 257 1
12 286 1
12 294 1
12 299 1
12 302 1
12 312 1
12 315 1
12 322 1
12 371 1
12 435 1
12 456 1
12 474 1
12 561 1
12 624 1
12 735 1
12 932 1
12 1052 1
12 1131 1
12 1293 1
12 1314 1
12 1617 1
12 1659 1
12 1889 1
12 2299 1
12 2343 1
12 2554 1
12 3552 1
12 4820 1
12 7419 1
15 2 1
15 6 1
15 8 1
15 18 1
15 26 1
15 28 1
15 37 1
15 46 1
15 60 1
15 68 1
15 111 1
15 115 1
15 124 1
15 125 1
15 147 1
15 152 1
15 190 1
15 197 1
15 212 1
15 227 1
15 236 1
15 240 1
15 245 1
15 257 1
15 258 1
15 294 1
15 312 1
15 315 1
15 320 1
15 322 1
15 337 1
15 358 1
15 371 1
15 434 1
15 435 1
15 438 1
15 478 1
15 489 1
15 515 1
15 522 1
15 526 1
15 530 1
15 533 1
15 612 1
15 653 1
15 695 1
15 735 1
15 765 1
15 838 1
15 892 1
15 922 1
15 1052 1
15 1120 1
15 1172 1
15 1182 1
15 1276 1
15 1289 1
15 1326 1
15 1339 1
15 1554 1
15 1659 1
15 1889 1
15 2048 1
15 2303 1
15 2405 1
15 2517 1
15 2597 1
15 3552 1
15 7419 1
16 8 1
16 12 1
16 15 1
16 18 1
16 19 1
16 25 1
16 26 1
16 33 1
16 34 1
16 37 1
16 41 1
16 42 1
16 43 1
16 45 1
16 47 1
16 68 1
16 69 1
16 72 1
16 74 1
16 89 1
16 91 1
16 94 1
16 111 1
16 115 1
16 119 1
16 120 1
16 125 1
16 126 1
16 136 1
16 147 1
16 186 1
16 190 1
16 191 1
16 197 1
16 207 1
16 226 1
16 227 1
16 231 1
16 236 1
16 240 1
16 245 1
16 258 1
16 271 1
16 280 1
16 286 1
16 294 1
16 299 1
16 307 1
16 312 1
16 315 1
16 322 1
16 337 1
16 348 1
16 358 1
16 369 1
16 434 1
16 438 1
16 456 1
16 489 1
16 506 1
16 508 1
16 514 1
16 515 1
16 530 1
16 548 1
16 561 1
16 612 1
16 624 1
16 631 1
16 633 1
16 704 1
16 714 1
16 725 1
16 733 1
16 735 1
16 765 1
16 801 1
16 803 1
16 844 1
16 854 1
16 881 1
16 903 1
16 922 1
16 932 1
16 942 1
16 1052 1
16 1063 1
16 1078 1
16 1089 1
16 1120 1
16 1167 1
16 1172 1
16 1182 1
16 1228 1
16 1289 1
16 1293 1
16 1314 1
16 1339 1
16 1341 1
16 1354 1
16 1355 1
16 1398 1
16 1559 1
16 1659 1
16 1889 1
16 1955 1
16 2303 1
16 2554 1
16 2573 1
16 2609 1
16 2674 1
16 2763 1
16 3375 1
16 3481 1
16 3606 1
16 3750 1
16 3877 1
16 3950 1
16 3952 1
16 4065 1
16 4094 1
16 4102 1
16 4146 1
16 4175 1
16 4330 1
16 4402 1
16 4435 1
16 4515 1
16 4644 1
16 4714 1
16 4843 1
16 5024 1
16 5039 1
16 5227 1
16 5406 1
16 5921 1
16 6226 1
16 6376 1
16 6673 1
18 2 1
18 6 1
18 8 1
18 12 1
18 15 1
18 19 1
18 22 1
18 25 1
18 28 1
18 34 1
18 37 1
18 41 1
18 46 1
18 47 1
18 58 1
18 68 1
18 69 1
18 71 1
18 72 1
18 83 1
18 89 1
18 94 1
18 104 1
18 111 1
18 115 1
18 120 1
18 125 1
18 126 1
18 190 1
18 207 1
18 212 1
18 227 1
18 236 1
18 245 1
18 257 1
18 271 1
18 294 1
18 299 1
18 315 1
18 322 1
18 333 1
18 337 1
18 340 1
18 342 1
18 348 1
18 358 1
18 371 1
18 434 1
18 438 1
18 443 1
18 456 1
18 478 1
18 506 1
18 514 1
18 515 1
18 522 1
18 526 1
18 529 1
18 530 1
18 548 1
18 561 1
18 582 1
18 623 1
18 624 1
18 695 1
18 704 1
18 725 1
18 765 1
18 801 1
18 803 1
18 838 1
18 854 1
18 879 1
18 886 1
18 903 1
18 908 1
18 932 1
18 942 1
18 1052 1
18 1063 1
18 1078 1
18 1085 1
18 1131 1
18 1166 1
18 1167 1
18 1182 1
18 1192 1
18 1295 1
18 1326 1
18 1345 1
18 1398 1
18 1592 1
18 1659 1
18 1738 1
18 1793 1
18 2141 1
18 2299 1
18 2305 1
18 2405 1
18 2462 1
18 2467 1
18 2674 1
18 2966 1
18 3166 1
18 3301 1
18 3375 1
18 3691 1
18 3750 1
18 3857 1
18 4402 1
18 5280 1
18 5406 1
18 5750 1
18 6598 1
18 6703 1
18 7141 1
19 18 1
19 26 1
19 45 1
19 125 1
19 1063 1
19 3815 1
22 2 1
22 6 1
22 8 1
22 9 1
22 15 1
22 16 1
22 18 1
22 19 1
22 24 1
22 30 1
22 34 1
22 37 1
22 42 1
22 43 1
22 45 1
22 46 1
22 47 1
22 58 1
22 68 1
22 71 1
22 83 1
22 89 1
22 91 1
22 92 1
22 94 1
22 104 1
22 111 1
22 115 1
22 120 1
22 123 1
22 124 1
22 126 1
22 136 1
22 147 1
22 152 1
22 186 1
22 196 1
22 197 1
22 207 1
22 231 1
22 236 1
22 240 1
22 241 1
22 245 1
22 257 1
22 258 1
22 271 1
22 280 1
22 286 1
22 290 1
22 294 1
22 299 1
22 315 1
22 320 1
22 333 1
22 340 1
22 348 1
22 358 1
22 371 1
22 434 1
22 438 1
22 443 1
22 474 1
22 478 1
22 508 1
22 526 1
22 529 1
22 530 1
22 532 1
22 540 1
22 561 1
22 623 1
22 624 1
22 695 1
22 704 1
22 718 1
22 733 1
22 735 1
22 838 1
22 844 1
22 881 1
22 886 1
22 903 1
22 908 1
22 922 1
22 932 1
22 952 1
22 979 1
22 1052 1
22 1063 1
22 1085 1
22 1131 1
22 1166 1
22 1182 1
22 1276 1
22 1285 1
22 1289 1
22 1293 1
22 1295 1
22 1314 1
22 1326 1
22 1336 1
22 1339 1
22 1355 1
22 1376 1
22 1469 1
22 1510 1
22 1592 1
22 1647 1
22 1659 1
22 1738 1
22 1793 1
22 1879 1
22 1955 1
22 2197 1
22 2203 1
22 2405 1
22 2462 1
22 2467 1
22 2517 1
22 2554 1
22 2573 1
22 2592 1
22 2612 1
22 2674 1
22 2738 1
22 2966 1
22 3166 1
22 3261 1
22 3301 1
22 3552 1
22 3596 1
22 3607 1
22 3750 1
22 3815 1
22 3952 1
22 4094 1
22 4102 1
22 4269 1
22 4330 1
22 4402 1
22 4435 1
22 4549 1
22 4714 1
22 4818 1
22 4843 1
22 5024 1
22 5280 1
22 5406 1
22 5449 1
22 5987 1
22 6226 1
22 6381 1
22 7340 1
22 7683 1
24 15 1
24 16 1
24 18 1
24 30 1
24 71 1
24 111 1
24 290 1
24 908 1
25 16 1
25 18 1
25 19 1
25 26 1
25 30 1
25 34 1
25 71 1
25 99 1
25 125 1
25 474 1
25 526 1
25 530 1
25 801 1
25 932 1
25 1879 1
25 2612 1
25 2674 1
25 4818 1
26 2 1
26 9 1
26 12 1
26 16 1
26 18 1
26 19 1
26 22 1
26 28 1
26 34 1
26 41 1
26 46 1
26 58 1
26 69 1
26 74 1
26 89 1
26 92 1
26 94 1
26 111 1
26 115 1
26 120 1
26 123 1
26 125 1
26 139 1
26 152 1
26 190 1
26 207 1
26 227 1
26 236 1
26 240 1
26 258 1
26 271 1
26 286 1
26 299 1
26 302 1
26 312 1
26 333 1
26 348 1
26 358 1
26 371 1
26 438 1
26 443 1
26 456 1
26 494 1
26 526 1
26 530 1
26 561 1
26 624 1
26 653 1
26 725 1
26 844 1
26 854 1
26 881 1
26 903 1
26 1078 1
26 1182 1
26 1192 1
26 1276 1
26 1289 1
26 1295 1
26 1314 1
26 1326 1
26 1339 1
26 1376 1
26 1510 1
26 1554 1
26 1676 1
26 2182 1
26 2299 1
26 2308 1
26 2490 1
26 2554 1
26 3261 1
26 3301 1
26 3552 1
26 3750 1
26 3963 1
26 5406 1
26 5750 1
26 5921 1
26 5976 1
26 6263 1
28 2 1
28 6 1
28 15 1
28 16 1
28 18 1
28 22 1
28 26 1
28 30 1
28 37 1
28 41 1
28 42 1
28 43 1
28 45 1
28 46 1
28 58 1
28 71 1
28 74 1
28 89 1
28 92 1
28 94 1
28 104 1
28 111 1
28 115 1
28 119 1
28 120 1
28 125 1
28 126 1
28 186 1
28 190 1
28 196 1
28 197 1
28 231 1
28 236 1
28 257 1
28 271 1
28 280 1
28 286 1
28 294 1
28 302 1
28 312 1
28 315 1
28 342 1
28 361 1
28 371 1
28 434 1
28 438 1
28 474 1
28 508 1
28 522 1
28 526 1
28 561 1
28 685 1
28 718 1
28 733 1
28 801 1
28 844 1
28 886 1
28 932 1
28 1052 1
28 1063 1
28 1167 1
28 1172 1
28 1285 1
28 1354 1
28 1355 1
28 1376 1
28 1398 1
28 1720 1
28 2197 1
28 2299 1
28 2462 1
28 2738 1
28 2866 1
28 3261 1
28 3857 1
28 4643 1
28 4868 1
28 5007 1
28 5406 1
28 5518 1
28 6263 1
28 6362 1
28 7294 1
30 2 1
30 6 1
30 12 1
30 15 1
30 16 1
30 22 1
30 26 1
30 34 1
30 37 1
30 68 1
30 69 1
30 72 1
30 111 1
30 115 1
30 120 1
30 190 1
30 197 1
30 227 1
30 245 1
30 258 1
30 290 1
30 320 1
30 337 1
30 340 1
30 361 1
30 369 1
30 371 1
30 435 1
30 438 1
30 456 1
30 506 1
30 514 1
30 718 1
30 725 1
30 733 1
30 735 1
30 801 1
30 844 1
30 854 1
30 942 1
30 1078 1
30 1559 1
30 1659 1
30 1720 1
30 1986 1
30 2299 1
30 3552 1
30 4176 1
30 4714 1
30 5533 1
30 6376 1
33 72 1
33 115 1
34 2 1
34 8 1
34 12 1
34 15 1
34 16 1
34 18 1
34 26 1
34 28 1
34 30 1
34 68 1
34 72 1
34 74 1
34 89 1
34 115 1
34 125 1
34 190 1
34 231 1
34 257 1
34 271 1
34 286 1
34 294 1
34 299 1
34 302 1
34 340 1
34 348 1
34 434 1
34 456 1
34 514 1
34 529 1
34 844 1
34 932 1
34 1063 1
34 1131 1
34 1172 1
34 1192 1
34 1339 1
34 1554 1
34 1659 1
34 2517 1
34 3166 1
34 3691 1
34 3815 1
34 4714 1
37 8 1
37 12 1
37 15 1
37 16 1
37 18 1
37 22 1
37 26 1
37 33 1
37 34 1
37 41 1
37 45 1
37 46 1
37 68 1
37 69 1
37 71 1
37 89 1
37 94 1
37 111 1
37 120 1
37 123 1
37 125 1
37 136 1
37 147 1
37 186 1
37 207 1
37 231 1
37 240 1
37 257 1
37 271 1
37 280 1
37 286 1
37 290 1
37 337 1
37 474 1
37 506 1
37 508 1
37 624 1
37 685 1
37 704 1
37 881 1
37 932 1
37 1172 1
37 1659 1
37 2467 1
37 2517 1
37 2612 1
37 3166 1
37 4094 1
37 6660 1
41 2 1
41 6 1
41 15 1
41 16 1
41 22 1
41 26 1
41 30 1
41 45 1
41 46 1
41 111 1
41 115 1
41 124 1
41 125 1
41 147 1
41 190 1
41 197 1
41 299 1
41 315 1
41 320 1
41 340 1
41 443 1
41 456 1
41 624 1
41 1172 1
41 1276 1
41 1355 1
41 1592 1
41 2299 1
41 2303 1
41 2467 1
41 7017 1
42 15 1
42 18 1
42 26 1
42 37 1
42 47 1
42 68 1
42 89 1
42 94 1
42 115 1
42 125 1
42 136 1
42 302 1
42 320 1
42 333 1
42 434 1
42 515 1
42 526 1
42 695 1
42 733 1
42 735 1
42 932 1
42 1354 1
42 2609 1
42 3481 1
42 5406 1
42 6381 1
43 18 1
43 28 1
43 41 1
43 42 1
43 45 1
43 68 1
43 69 1
43 89 1
43 92 1
43 104 1
43 111 1
43 147 1
43 190 1
43 191 1
43 231 1
43 245 1
43 257 1
43 299 1
43 312 1
43 348 1
43 474 1
43 508 1
43 530 1
43 561 1
43 633 1
43 1172 1
43 1510 1
43 1554 1
43 1561 1
43 1955 1
43 4102 1
43 5039 1
43 7419 1
45 2 1
45 6 1
45 8 1
45 12 1
45 15 1
45 18 1
45 22 1
45 26 1
45 28 1
45 37 1
45 41 1
45 42 1
45 46 1
45 60 1
45 69 1
45 71 1
45 89 1
45 94 1
45 115 1
45 120 1
45 126 1
45 136 1
45 186 1
45 207 1
45 227 1
45 231 1
45 236 1
45 271 1
45 280 1
45 290 1
45 294 1
45 299 1
45 320 1
45 333 1
45 340 1
45 358 1
45 443 1
45 474 1
45 478 1
45 494 1
45 515 1
45 526 1
45 529 1
45 533 1
45 612 1
45 735 1
45 765 1
45 838 1
45 844 1
45 888 1
45 903 1
45 1052 1
45 1120 1
45 1167 1
45 1172 1
45 1339 1
45 2490 1
45 2609 1
45 2674 1
45 6376 1
45 7469 1
46 8 1
46 12 1
46 15 1
46 16 1
46 18 1
46 22 1
46 26 1
46 28 1
46 30 1
46 37 1
46 41 1
46 42 1
46 58 1
46 94 1
46 111 1
46 115 1
46 120 1
46 123 1
46 147 1
46 190 1
46 207 1
46 280 1
46 290 1
46 302 1
46 312 1
46 340 1
46 358 1
46 456 1
46 474 1
46 624 1
46 725 1
46 735 1
46 879 1
46 942 1
46 1052 1
46 1172 1
46 1289 1
46 1326 1
46 2405 1
46 2763 1
46 4714 1
46 6152 1
46 6376 1
47 6 1
47 45 1
47 68 1
47 104 1
47 120 1
47 125 1
47 197 1
47 561 1
47 844 1
47 908 1
47 1052 1
47 1879 1
47 6673 1
58 2 1
58 6 1
58 12 1
58 15 1
58 16 1
58 19 1
58 26 1
58 34 1
58 41 1
58 42 1
58 43 1
58 45 1
58 46 1
58 68 1
58 69 1
58 71 1
58 72 1
58 89 1
58 92 1
58 104 1
58 111 1
58 115 1
58 125 1
58 190 1
58 207 1
58 227 1
58 245 1
58 257 1
58 280 1
58 286 1
58 312 1
58 337 1
58 340 1
58 358 1
58 435 1
58 474 1
58 508 1
58 522 1
58 526 1
58 533 1
58 714 1
58 844 1
58 854 1
58 903 1
58 908 1
58 1063 1
58 1131 1
58 2343 1
58 2517 1
58 2554 1
58 2682 1
58 2763 1
58 2866 1
58 4146 1
58 4330 1
58 4644 1
58 5750 1
60 15 1
60 16 1
60 22 1
60 26 1
60 45 1
60 74 1
60 89 1
60 94 1
60 104 1
60 126 1
60 231 1
60 340 1
60 474 1
68 2 1
68 6 1
68 8 1
68 9 1
68 16 1
68 18 1
68 26 1
68 28 1
68 34 1
68 37 1
68 42 1
68 45 1
68 46 1
68 58 1
68 71 1
68 72 1
68 89 1
68 91 1
68 94 1
68 99 1
68 104 1
68 120 1
68 124 1
68 147 1
68 197 1
68 212 1
68 299 1
68 312 1
68 322 1
68 333 1
68 340 1
68 358 1
68 443 1
68 456 1
68 474 1
68 515 1
68 526 1
68 530 1
68 548 1
68 624 1
68 704 1
68 844 1
68 903 1
68 1063 1
68 1078 1
68 1085 1
68 1089 1
68 1131 1
68 1167 1
68 1172 1
68 1188 1
68 1289 1
68 1336 1
68 1339 1
68 1341 1
68 1355 1
68 1376 1
68 1469 1
68 1889 1
68 3166 1
68 3552 1
68 3607 1
68 3691 1
68 3877 1
68 4146 1
68 5406 1
69 2 1
69 18 1
69 22 1
69 26 1
69 68 1
69 89 1
69 111 1
69 290 1
69 489 1
69 844 1
69 1052 1
69 1089 1
71 8 1
71 9 1
71 12 1
71 15 1
71 16 1
71 18 1
71 19 1
71 22 1
71 26 1
71 30 1
71 37 1
71 41 1
71 42 1
71 46 1
71 47 1
71 58 1
71 69 1
71 72 1
71 74 1
71 89 1
71 92 1
71 115 1
71 139 1
71 147 1
71 191 1
71 197 1
71 245 1
71 257 1
71 271 1
71 280 1
71 286 1
71 290 1
71 294 1
71 299 1
71 371 1
71 438 1
71 456 1
71 474 1
71 506 1
71 508 1
71 529 1
71 540 1
71 624 1
71 733 1
71 879 1
71 888 1
71 932 1
71 979 1
71 1131 1
71 1339 1
71 1341 1
71 1554 1
71 1617 1
71 2308 1
71 3552 1
71 4094 1
71 6673 1
72 6 1
72 15 1
72 16 1
72 18 1
72 22 1
72 26 1
72 28 1
72 30 1
72 37 1
72 42 1
72 69 1
72 111 1
72 120 1
72 271 1
72 280 1
72 348 1
72 443 1
72 474 1
72 529 1
72 548 1
72 695 1
72 735 1
72 844 1
72 932 1
72 1188 1
72 1293 1
72 2299 1
74 6 1
74 18 1
74 22 1
74 125 1
74 136 1
74 197 1
74 1078 1
74 1172 1
83 2 1
83 6 1
83 16 1
83 58 1
83 71 1
83 94 1
83 115 1
83 152 1
83 245 1
83 271 1
83 294 1
83 333 1
83 358 1
83 529 1
83 530 1
83 624 1
83 735 1
83 7143 1
89 6 1
89 8 1
89 12 1
89 15 1
89 16 1
89 22 1
89 26 1
89 30 1
89 37 1
89 41 1
89 47 1
89 60 1
89 104 1
89 123 1
89 124 1
89 125 1
89 147 1
89 227 1
89 231 1
89 236 1
89 257 1
89 286 1
89 299 1
89 312 1
89 315 1
89 322 1
89 340 1
89 434 1
89 443 1
89 478 1
89 506 1
89 508 1
89 514 1
89 695 1
89 725 1
89 733 1
89 801 1
89 844 1
89 1052 1
89 1063 1
89 1078 1
89 1089 1
89 1120 1
89 1172 1
89 1188 1
89 1192 1
89 1289 1
89 1293 1
89 1339 1
89 1345 1
89 1376 1
89 2197 1
89 2299 1
89 2308 1
89 2467 1
89 3607 1
89 3691 1
89 3878 1
89 4714 1
89 5921 1
89 6263 1
91 26 1
91 45 1
91 280 1
91 844 1
92 6 1
92 15 1
92 18 1
92 26 1
92 28 1
92 34 1
92 37 1
92 89 1
92 120 1
92 123 1
92 152 1
92 207 1
92 236 1
92 240 1
92 257 1
92 299 1
92 438 1
92 474 1
92 508 1
92 803 1
92 1120 1
92 1341 1
92 1592 1
92 3857 1
94 2 1
94 9 1
94 15 1
94 28 1
94 34 1
94 45 1
94 46 1
94 47 1
94 68 1
94 69 1
94 71 1
94 72 1
94 89 1
94 104 1
94 111 1
94 115 1
94 120 1
94 125 1
94 136 1
94 257 1
94 280 1
94 286 1
94 294 1
94 299 1
94 322 1
94 340 1
94 358 1
94 435 1
94 438 1
94 443 1
94 489 1
94 506 1
94 522 1
94 530 1
94 532 1
94 623 1
94 714 1
94 765 1
94 838 1
94 1052 1
94 1063 1
94 1120 1
94 1131 1
94 1172 1
94 1188 1
94 1289 1
94 1659 1
94 2554 1
99 8 1
99 15 1
99 16 1
99 18 1
99 22 1
99 30 1
99 34 1
99 45 1
99 46 1
99 58 1
99 71 1
99 72 1
99 89 1
99 115 1
99 197 1
99 231 1
99 240 1
99 257 1
99 286 1
99 474 1
99 631 1
99 653 1
99 1085 1
99 1341 1
99 2140 1
99 2303 1
99 2554 1
99 2609 1
104 2 1
104 6 1
104 12 1
104 15 1
104 16 1
104 18 1
104 25 1
104 26 1
104 28 1
104 37 1
104 41 1
104 42 1
104 71 1
104 72 1
104 94 1
104 111 1
104 120 1
104 123 1
104 126 1
104 231 1
104 236 1
104 271 1
104 280 1
104 299 1
104 340 1
104 358 1
104 371 1
104 443 1
104 456 1
104 526 1
104 582 1
104 653 1
104 735 1
104 803 1
104 844 1
104 854 1
104 903 1
104 908 1
104 932 1
104 942 1
104 1063 1
104 1078 1
104 1089 1
104 1172 1
104 1314 1
104 1339 1
104 1341 1
104 1376 1
104 4435 1
104 4714 1
104 4827 1
104 4868 1
111 2 1
111 6 1
111 12 1
111 15 1
111 16 1
111 18 1
111 22 1
111 25 1
111 28 1
111 37 1
111 41 1
111 42 1
111 45 1
111 58 1
111 68 1
111 71 1
111 92 1
111 115 1
111 120 1
111 123 1
111 124 1
111 126 1
111 136 1
111 147 1
111 190 1
111 231 1
111 245 1
111 257 1
111 271 1
111 290 1
111 294 1
111 312 1
111 438 1
111 474 1
111 489 1
111 494 1
111 548 1
111 561 1
111 624 1
111 695 1
111 733 1
111 844 1
111 908 1
111 932 1
111 1089 1
111 1120 1
111 2299 1
111 2405 1
111 4094 1
115 6 1
115 12 1
115 24 1
115 28 1
115 37 1
115 41 1
115 42 1
115 45 1
115 47 1
115 58 1
115 68 1
115 89 1
115 104 1
115 119 1
115 123 1
115 125 1
115 133 1
115 139 1
115 186 1
115 207 1
115 257 1
115 290 1
115 299 1
115 358 1
115 371 1
115 438 1
115 489 1
115 506 1
115 526 1
115 530 1
115 624 1
115 704 1
115 838 1
115 888 1
115 908 1
115 1030 1
115 1052 1
115 1131 1
115 1167 1
115 1172 1
115 1285 1
115 1289 1
115 1295 1
115 1376 1
115 1554 1
115 1592 1
115 1647 1
115 1889 1
115 2517 1
115 2966 1
115 3750 1
115 5101 1
115 5533 1
119 2 1
119 8 1
119 15 1
119 18 1
119 22 1
119 24 1
119 34 1
119 41 1
119 43 1
119 68 1
119 71 1
119 89 1
119 94 1
119 104 1
119 111 1
119 126 1
119 136 1
119 190 1
119 231 1
119 240 1
119 258 1
119 271 1
119 286 1
119 294 1
119 312 1
119 322 1
119 337 1
119 342 1
119 358 1
119 371 1
119 435 1
119 438 1
119 474 1
119 489 1
119 508 1
119 514 1
119 515 1
119 526 1
119 530 1
119 548 1
119 561 1
119 612 1
119 633 1
119 725 1
119 801 1
119 888 1
119 1052 1
119 1063 1
119 1078 1
119 1120 1
119 1285 1
119 1376 1
119 1955 1
119 2182 1
119 2197 1
119 2308 1
119 3166 1
119 4437 1
119 5457 1
119 5866 1
119 6703 1
120 8 1
120 12 1
120 15 1
120 18 1
120 19 1
120 25 1
120 30 1
120 34 1
120 72 1
120 89 1
120 124 1
120 207 1
120 257 1
120 286 1
120 299 1
120 312 1
120 474 1
120 478 1
120 506 1
120 529 1
120 532 1
120 653 1
120 733 1
120 735 1
120 892 1
120 1089 1
120 1120 1
120 1172 1
120 1192 1
120 1889 1
120 2197 1
120 2308 1
120 2462 1
120 2738 1
120 3163 1
120 3552 1
123 2 1
123 8 1
123 12 1
123 15 1
123 16 1
123 22 1
123 26 1
123 28 1
123 34 1
123 41 1
123 42 1
123 45 1
123 46 1
123 58 1
123 68 1
123 71 1
123 89 1
123 92 1
123 94 1
123 111 1
123 119 1
123 120 1
123 124 1
123 125 1
123 136 1
123 147 1
123 152 1
123 186 1
123 190 1
123 197 1
123 212 1
123 231 1
123 258 1
123 290 1
123 294 1
123 302 1
123 312 1
123 333 1
123 340 1
123 342 1
123 358 1
123 371 1
123 434 1
123 474 1
123 489 1
123 506 1
123 508 1
123 514 1
123 515 1
123 522 1
123 530 1
123 540 1
123 561 1
123 582 1
123 653 1
123 695 1
123 733 1
123 735 1
123 844 1
123 879 1
123 888 1
123 892 1
123 903 1
123 1052 1
123 1063 1
123 1131 1
123 1172 1
123 1285 1
123 1295 1
123 1355 1
123 1376 1
123 1561 1
123 1659 1
123 1691 1
123 2048 1
123 2305 1
123 2405 1
123 2467 1
123 3691 1
123 4102 1
123 5280 1
124 2 1
124 12 1
124 15 1
124 16 1
124 18 1
124 22 1
124 26 1
124 58 1
124 104 1
124 231 1
124 286 1
124 290 1
124 294 1
124 299 1
124 307 1
124 438 1
124 533 1
124 612 1
124 1052 1
124 1376 1
124 3108 1
125 6 1
125 12 1
125 15 1
125 18 1
125 26 1
125 37 1
125 42 1
125 60 1
125 72 1
125 89 1
125 120 1
125 123 1
125 124 1
125 136 1
125 190 1
125 197 1
125 236 1
125 240 1
125 299 1
125 302 1
125 320 1
125 443 1
125 508 1
125 624 1
125 633 1
125 653 1
125 1063 1
125 1078 1
125 1276 1
125 1289 1
125 1339 1
125 1720 1
125 2462 1
125 4102 1
125 5938 1
125 6376 1
126 15 1
126 16 1
126 18 1
126 26 1
126 28 1
126 37 1
126 71 1
126 94 1
126 191 1
126 494 1
126 1345 1
126 4065 1
133 68 1
133 530 1
136 6 1
136 12 1
136 15 1
136 18 1
136 26 1
136 30 1
136 37 1
136 41 1
136 46 1
136 89 1
136 104 1
136 115 1
136 123 1
136 152 1
136 280 1
136 290 1
136 294 1
136 340 1
136 358 1
136 369 1
136 456 1
136 879 1
136 3552 1
136 3750 1
139 2 1
139 18 1
139 22 1
139 45 1
139 46 1
139 58 1
139 69 1
139 72 1
139 89 1
139 104 1
139 212 1
139 290 1
139 474 1
139 1192 1
139 1603 1
147 18 1
147 37 1
147 41 1
147 94 1
147 111 1
147 125 1
147 240 1
147 526 1
147 1554 1
152 6 1
152 16 1
152 22 1
152 25 1
152 26 1
152 58 1
152 71 1
152 94 1
152 207 1
152 456 1
152 526 1
152 1120 1
152 1376 1
186 6 1
186 26 1
186 71 1
186 125 1
186 312 1
186 494 1
186 838 1
186 1276 1
186 1341 1
190 12 1
190 15 1
190 18 1
190 22 1
190 41 1
190 42 1
190 68 1
190 69 1
190 71 1
190 89 1
190 94 1
190 104 1
190 111 1
190 115 1
190 120 1
190 207 1
190 286 1
190 294 1
190 333 1
190 489 1
190 653 1
190 854 1
190 942 1
190 1089 1
190 1289 1
190 1659 1
190 2299 1
190 2303 1
190 5518 1
191 22 1
191 34 1
191 197 1
191 3731 1
196 15 1
196 22 1
197 2 1
197 9 1
197 18 1
197 26 1
197 37 1
197 46 1
197 89 1
197 120 1
197 126 1
197 286 1
197 348 1
197 1172 1
197 1354 1
197 4843 1
207 6 1
207 8 1
207 12 1
207 18 1
207 22 1
207 26 1
207 28 1
207 34 1
207 58 1
207 94 1
207 286 1
207 307 1
207 312 1
207 371 1
207 474 1
207 854 1
207 932 1
207 1326 1
207 2517 1
207 3691 1
212 2 1
212 9 1
212 15 1
212 16 1
212 18 1
212 22 1
212 26 1
212 45 1
212 72 1
212 89 1
212 111 1
212 115 1
212 120 1
212 207 1
212 231 1
212 286 1
212 340 1
212 371 1
212 526 1
212 540 1
212 561 1
212 879 1
212 932 1
212 1131 1
212 1339 1
212 2966 1
226 12 1
226 120 1
226 2566 1
227 8 1
227 15 1
227 22 1
227 68 1
227 94 1
227 903 1
231 2 1
231 15 1
231 22 1
231 26 1
231 28 1
231 42 1
231 45 1
231 69 1
231 71 1
231 104 1
231 111 1
231 115 1
231 236 1
231 286 1
231 290 1
231 333 1
231 532 1
231 765 1
231 854 1
231 932 1
231 942 1
231 1063 1
231 1089 1
231 1276 1
231 2674 1
236 6 1
236 12 1
236 15 1
236 16 1
236 18 1
236 26 1
236 34 1
236 45 1
236 58 1
236 72 1
236 89 1
236 92 1
236 104 1
236 123 1
236 136 1
236 231 1
236 257 1
236 280 1
236 312 1
236 320 1
236 474 1
236 633 1
236 932 1
236 979 1
236 1131 1
236 1376 1
236 1561 1
236 2096 1
236 2303 1
236 2517 1
236 5518 1
240 12 1
240 15 1
240 18 1
240 111 1
240 186 1
240 196 1
240 838 1
241 16 1
245 2 1
245 8 1
245 12 1
245 15 1
245 18 1
245 22 1
245 26 1
245 34 1
245 41 1
245 42 1
245 45 1
245 58 1
245 69 1
245 94 1
245 120 1
245 126 1
245 271 1
245 294 1
245 358 1
245 474 1
245 508 1
245 561 1
245 881 1
245 932 1
245 1276 1
245 1339 1
245 2738 1
257 2 1
257 6 1
257 22 1
257 25 1
257 26 1
257 30 1
257 34 1
257 37 1
257 41 1
257 43 1
257 45 1
257 68 1
257 69 1
257 71 1
257 72 1
257 104 1
257 115 1
257 119 1
257 136 1
257 152 1
257 190 1
257 197 1
257 226 1
257 240 1
257 245 1
257 294 1
257 299 1
257 358 1
257 548 1
257 765 1
257 844 1
257 932 1
257 1052 1
257 1167 1
257 1345 1
257 1376 1
257 1510 1
257 1793 1
257 2462 1
257 2554 1
257 2738 1
257 3963 1
257 4644 1
257 7143 1
258 6 1
258 28 1
258 37 1
258 68 1
258 71 1
258 89 1
258 92 1
258 104 1
258 123 1
258 294 1
258 358 1
258 398 1
258 474 1
258 1182 1
271 8 1
271 12 1
271 58 1
271 89 1
271 115 1
271 197 1
271 337 1
271 474 1
271 704 1
271 1554 1
271 3552 1
280 26 1
280 89 1
280 530 1
280 725 1
286 9 1
286 15 1
286 16 1
286 18 1
286 43 1
286 45 1
286 46 1
286 60 1
286 68 1
286 71 1
286 94 1
286 104 1
286 111 1
286 115 1
286 136 1
286 147 1
286 236 1
286 257 1
286 258 1
286 280 1
286 294 1
286 312 1
286 315 1
286 340 1
286 398 1
286 443 1
286 474 1
286 506 1
286 526 1
286 532 1
286 533 1
286 561 1
286 623 1
286 653 1
286 803 1
286 844 1
286 854 1
286 1293 1
286 1339 1
286 2467 1
286 2554 1
286 3108 1
286 4714 1
286 4843 1
286 5024 1
286 5938 1
290 2 1
290 6 1
290 9 1
290 12 1
290 16 1
290 18 1
290 22 1
290 26 1
290 37 1
290 41 1
290 42 1
290 46 1
290 72 1
290 89 1
290 104 1
290 111 1
290 123 1
290 125 1
290 147 1
290 245 1
290 302 1
290 312 1
290 340 1
290 342 1
290 489 1
290 526 1
290 725 1
290 854 1
290 1131 1
290 1167 1
290 1182 1
290 1293 1
290 1314 1
290 1592 1
290 1816 1
290 1879 1
290 2653 1
290 3552 1
294 2 1
294 6 1
294 18 1
294 26 1
294 37 1
294 45 1
294 69 1
294 111 1
294 123 1
294 125 1
294 147 1
294 186 1
294 212 1
294 280 1
294 290 1
294 333 1
294 340 1
294 456 1
294 489 1
294 685 1
294 803 1
294 854 1
294 903 1
294 1167 1
294 1172 1
294 1561 1
294 1659 1
294 2096 1
299 6 1
299 15 1
299 18 1
299 22 1
299 34 1
299 37 1
299 41 1
299 42 1
299 45 1
299 46 1
299 72 1
299 92 1
299 120 1
299 123 1
299 231 1
299 236 1
299 245 1
299 258 1
299 286 1
299 371 1
299 438 1
299 514 1
299 526 1
299 529 1
299 879 1
299 1166 1
299 1355 1
299 1376 1
299 1816 1
302 15 1
302 16 1
302 22 1
302 26 1
302 28 1
302 42 1
302 43 1
302 45 1
302 68 1
302 69 1
302 89 1
302 104 1
302 115 1
302 120 1
302 125 1
302 147 1
302 190 1
302 197 1
302 231 1
302 257 1
302 474 1
302 530 1
302 532 1
302 533 1
302 801 1
302 1063 1
302 1085 1
302 1339 1
302 1554 1
302 1889 1
302 3261 1
302 4146 1
302 4330 1
307 2 1
307 9 1
307 12 1
307 18 1
307 22 1
307 26 1
307 37 1
307 42 1
307 68 1
307 89 1
307 94 1
307 120 1
307 125 1
307 136 1
307 257 1
307 280 1
307 312 1
307 685 1
307 1172 1
307 1289 1
307 1295 1
307 1345 1
307 2554 1
307 6068 1
312 2 1
312 6 1
312 15 1
312 18 1
312 22 1
312 24 1
312 26 1
312 28 1
312 34 1
312 37 1
312 46 1
312 58 1
312 68 1
312 69 1
312 115 1
312 119 1
312 123 1
312 231 1
312 236 1
312 315 1
312 456 1
312 624 1
312 735 1
312 1063 1
312 1085 1
312 1293 1
312 1345 1
312 1355 1
312 1561 1
312 1955 1
315 12 1
315 15 1
315 16 1
315 18 1
315 22 1
315 26 1
315 28 1
315 34 1
315 41 1
315 45 1
315 47 1
315 71 1
315 123 1
315 125 1
315 126 1
315 197 1
315 240 1
315 258 1
315 529 1
315 1052 1
315 1131 1
315 1289 1
315 1326 1
315 1341 1
315 1376 1
315 1554 1
320 2 1
320 15 1
320 22 1
320 41 1
320 72 1
322 15 1
322 41 1
322 123 1
322 212 1
322 348 1
322 1659 1
333 6 1
333 15 1
333 18 1
333 25 1
333 43 1
333 47 1
333 72 1
333 89 1
333 120 1
333 123 1
333 125 1
333 136 1
333 197 1
333 236 1
333 257 1
333 286 1
333 312 1
333 474 1
333 526 1
333 540 1
333 561 1
333 735 1
333 844 1
333 2462 1
337 41 1
337 46 1
337 68 1
337 348 1
337 1052 1
340 6 1
340 8 1
340 12 1
340 15 1
340 16 1
340 26 1
340 42 1
340 72 1
340 120 1
340 124 1
340 245 1
340 312 1
340 474 1
340 506 1
340 514 1
340 561 1
340 1078 1
340 1089 1
340 1339 1
340 1341 1
340 3952 1
340 4269 1
340 5039 1
342 16 1
342 18 1
342 43 1
342 45 1
342 71 1
342 245 1
342 1131 1
348 2 1
348 18 1
348 22 1
348 26 1
348 37 1
348 45 1
348 89 1
348 190 1
348 280 1
348 286 1
348 312 1
348 529 1
348 624 1
348 881 1
348 932 1
348 1341 1
358 12 1
358 15 1
358 16 1
358 18 1
358 22 1
358 28 1
358 41 1
358 45 1
358 58 1
358 94 1
358 123 1
358 136 1
358 236 1
358 258 1
358 290 1
358 299 1
358 456 1
358 624 1
358 733 1
358 2738 1
361 8 1
361 18 1
361 22 1
361 26 1
361 854 1
369 18 1
369 68 1
369 124 1
369 725 1
369 735 1
371 6 1
371 15 1
371 22 1
371 26 1
371 28 1
371 41 1
371 46 1
371 72 1
371 74 1
371 92 1
371 123 1
371 125 1
371 299 1
371 315 1
371 320 1
371 358 1
371 438 1
371 456 1
371 474 1
371 932 1
371 1131 1
371 4714 1
398 12 1
398 15 1
398 16 1
398 19 1
398 22 1
398 24 1
398 28 1
398 41 1
398 71 1
398 147 1
398 290 1
398 294 1
398 340 1
398 1816 1
434 26 1
434 34 1
434 71 1
434 123 1
434 540 1
434 1659 1
435 15 1
435 16 1
435 94 1
435 120 1
435 369 1
435 474 1
435 1166 1
435 1293 1
435 1339 1
438 2 1
438 12 1
438 15 1
438 18 1
438 19 1
438 34 1
438 42 1
438 45 1
438 68 1
438 71 1
438 89 1
438 94 1
438 119 1
438 147 1
438 226 1
438 299 1
438 307 1
438 312 1
438 322 1
438 340 1
438 443 1
438 514 1
438 526 1
438 530 1
438 765 1
438 881 1
438 1089 1
438 1172 1
438 1879 1
438 2096 1
438 2467 1
443 8 1
443 18 1
443 30 1
443 34 1
443 37 1
443 45 1
443 68 1
443 104 1
443 115 1
443 125 1
443 190 1
443 231 1
443 257 1
443 271 1
443 294 1
443 299 1
443 312 1
443 489 1
443 514 1
443 854 1
443 1131 1
443 2763 1
456 6 1
456 41 1
456 46 1
456 68 1
456 72 1
456 94 1
456 104 1
456 197 1
456 508 1
456 624 1
456 1131 1
474 6 1
474 9 1
474 12 1
474 15 1
474 16 1
474 18 1
474 19 1
474 26 1
474 28 1
474 34 1
474 37 1
474 42 1
474 45 1
474 68 1
474 69 1
474 71 1
474 92 1
474 94 1
474 104 1
474 115 1
474 123 1
474 136 1
474 147 1
474 186 1
474 190 1
474 197 1
474 227 1
474 257 1
474 280 1
474 290 1
474 315 1
474 435 1
474 515 1
474 529 1
474 532 1
474 582 1
474 685 1
474 704 1
474 735 1
474 803 1
474 879 1
474 1052 1
474 1172 1
474 1188 1
474 1339 1
474 1617 1
474 1659 1
474 1889 1
474 2096 1
474 2554 1
474 3375 1
474 3750 1
478 2 1
478 16 1
478 18 1
478 22 1
478 28 1
478 34 1
478 147 1
478 190 1
489 6 1
489 15 1
489 22 1
489 30 1
489 71 1
489 115 1
489 196 1
489 286 1
489 624 1
489 1052 1
489 3750 1
494 15 1
494 89 1
494 120 1
494 438 1
494 474 1
506 6 1
506 8 1
506 12 1
506 15 1
506 22 1
506 37 1
506 45 1
506 58 1
506 68 1
506 72 1
506 94 1
506 120 1
506 231 1
506 236 1
506 245 1
506 257 1
506 474 1
506 561 1
506 844 1
506 1063 1
506 1120 1
508 2 1
508 18 1
508 22 1
508 28 1
508 68 1
508 115 1
508 123 1
508 125 1
508 236 1
508 337 1
508 474 1
514 15 1
514 25 1
514 26 1
514 45 1
514 68 1
514 69 1
514 115 1
514 123 1
514 207 1
514 226 1
514 290 1
514 299 1
514 302 1
514 371 1
514 434 1
514 474 1
514 526 1
514 932 1
515 2 1
515 280 1
515 4402 1
522 15 1
522 18 1
522 22 1
522 34 1
522 42 1
522 71 1
522 72 1
522 286 1
522 1052 1
522 1554 1
526 6 1
526 12 1
526 18 1
526 26 1
526 28 1
526 30 1
526 37 1
526 47 1
526 71 1
526 72 1
526 94 1
526 104 1
526 111 1
526 123 1
526 124 1
526 136 1
526 147 1
526 212 1
526 290 1
526 299 1
526 340 1
526 371 1
526 438 1
526 474 1
526 529 1
526 979 1
526 1131 1
526 1192 1
526 1289 1
526 1339 1
526 7452 1
529 2 1
529 15 1
529 16 1
529 18 1
529 28 1
529 58 1
529 89 1
529 212 1
529 333 1
529 474 1
529 735 1
529 932 1
529 2303 1
530 15 1
530 16 1
530 22 1
530 25 1
530 26 1
530 34 1
530 42 1
530 46 1
530 94 1
530 358 1
530 844 1
530 1063 1
530 2040 1
530 4065 1
532 16 1
532 89 1
532 104 1
532 197 1
532 299 1
532 312 1
532 514 1
533 9 1
533 15 1
533 280 1
540 6 1
540 15 1
540 16 1
540 18 1
540 37 1
540 45 1
540 286 1
540 1172 1
548 15 1
548 22 1
548 30 1
548 41 1
548 58 1
548 508 1
561 2 1
561 15 1
561 18 1
561 22 1
561 34 1
561 42 1
561 45 1
561 46 1
561 58 1
561 72 1
561 92 1
561 115 1
561 120 1
561 123 1
561 125 1
561 136 1
561 207 1
561 299 1
561 302 1
561 312 1
561 315 1
561 342 1
561 371 1
561 478 1
561 489 1
561 522 1
561 908 1
561 1052 1
561 1339 1
561 1554 1
561 4714 1
561 7452 1
582 2 1
582 12 1
582 15 1
582 16 1
582 18 1
582 19 1
582 22 1
582 25 1
582 34 1
582 45 1
582 46 1
582 60 1
582 71 1
582 94 1
582 104 1
582 111 1
582 115 1
582 119 1
582 120 1
582 123 1
582 125 1
582 147 1
582 186 1
582 190 1
582 207 1
582 212 1
582 231 1
582 236 1
582 240 1
582 245 1
582 280 1
582 307 1
582 312 1
582 315 1
582 320 1
582 443 1
582 526 1
582 908 1
582 1063 1
582 1172 1
582 1182 1
582 1276 1
582 4714 1
612 12 1
612 18 1
612 26 1
612 71 1
612 123 1
612 125 1
623 15 1
623 45 1
623 561 1
624 18 1
624 22 1
624 26 1
624 28 1
624 41 1
624 46 1
624 58 1
624 71 1
624 89 1
624 111 1
624 115 1
624 190 1
624 191 1
624 212 1
624 258 1
624 286 1
624 443 1
624 474 1
624 529 1
624 1659 1
624 2405 1
631 72 1
631 74 1
633 2 1
633 16 1
633 22 1
633 26 1
633 104 1
633 881 1
653 2 1
653 9 1
653 16 1
653 18 1
653 22 1
653 30 1
653 45 1
653 68 1
653 115 1
653 125 1
653 302 1
653 733 1
653 1131 1
653 1172 1
653 1659 1
685 2 1
685 12 1
685 15 1
685 22 1
685 28 1
685 45 1
685 58 1
685 68 1
685 72 1
685 94 1
685 120 1
685 207 1
685 348 1
685 358 1
685 456 1
685 478 1
685 1376 1
695 2 1
695 26 1
695 30 1
695 119 1
695 443 1
704 22 1
704 37 1
704 45 1
714 22 1
714 111 1
718 358 1
725 2 1
725 15 1
725 26 1
725 41 1
725 46 1
725 68 1
725 94 1
725 104 1
725 115 1
725 125 1
725 231 1
725 257 1
725 271 1
725 508 1
725 548 1
725 631 1
725 803 1
725 854 1
725 1341 1
725 1345 1
725 1554 1
725 1720 1
725 2866 1
733 18 1
733 26 1
733 111 1
733 258 1
733 489 1
733 1131 1
733 1167 1
735 6 1
735 15 1
735 18 1
735 22 1
735 26 1
735 71 1
735 89 1
735 136 1
735 147 1
735 312 1
735 337 1
735 532 1
735 844 1
765 22 1
765 60 1
765 94 1
765 197 1
765 257 1
765 294 1
765 801 1
765 1131 1
801 2 1
801 12 1
801 18 1
801 22 1
801 45 1
801 94 1
801 299 1
801 340 1
801 438 1
801 443 1
801 624 1
801 1063 1
801 1289 1
801 4827 1
803 6 1
803 18 1
803 26 1
803 58 1
803 71 1
803 104 1
803 139 1
803 443 1
803 695 1
838 12 1
838 15 1
838 16 1
838 22 1
838 26 1
838 28 1
838 68 1
838 94 1
838 371 1
838 456 1
838 489 1
838 506 1
838 522 1
838 561 1
838 1889 1
844 6 1
844 8 1
844 15 1
844 18 1
844 26 1
844 34 1
844 45 1
844 71 1
844 74 1
844 104 1
844 111 1
844 115 1
844 123 1
844 125 1
844 139 1
844 152 1
844 197 1
844 207 1
844 245 1
844 290 1
844 315 1
844 371 1
844 438 1
844 1052 1
844 1078 1
844 1295 1
844 1376 1
854 15 1
854 16 1
854 22 1
854 37 1
854 71 1
854 89 1
854 120 1
854 4146 1
879 12 1
879 15 1
879 22 1
879 26 1
879 34 1
879 37 1
879 42 1
879 68 1
879 115 1
879 120 1
879 227 1
879 286 1
879 294 1
879 443 1
879 514 1
879 2197 1
879 2674 1
879 3815 1
881 6 1
881 42 1
881 94 1
881 474 1
881 4714 1
886 18 1
886 438 1
888 2 1
888 6 1
888 18 1
888 22 1
888 89 1
888 197 1
888 286 1
888 1131 1
892 15 1
892 22 1
892 147 1
892 530 1
903 2 1
903 15 1
903 22 1
903 26 1
903 286 1
903 474 1
903 844 1
903 2048 1
908 16 1
908 18 1
908 22 1
908 41 1
908 72 1
908 190 1
908 197 1
908 257 1
908 526 1
908 1063 1
908 2308 1
922 22 1
932 6 1
932 15 1
932 26 1
932 28 1
932 37 1
932 68 1
932 147 1
932 299 1
932 371 1
932 474 1
932 1326 1
932 2738 1
942 18 1
942 22 1
942 37 1
942 212 1
952 522 1
979 15 1
979 43 1
979 68 1
1030 18 1
1030 844 1
1052 15 1
1052 18 1
1052 22 1
1052 26 1
1052 28 1
1052 34 1
1052 71 1
1052 89 1
1052 125 1
1052 196 1
1052 258 1
1052 443 1
1052 456 1
1052 803 1
1052 903 1
1052 932 1
1052 3691 1
1052 5227 1
1063 2 1
1063 6 1
1063 16 1
1063 18 1
1063 22 1
1063 45 1
1063 47 1
1063 68 1
1063 71 1
1063 89 1
1063 111 1
1063 119 1
1063 120 1
1063 123 1
1063 280 1
1063 286 1
1063 340 1
1063 506 1
1063 3607 1
1063 3691 1
1078 22 1
1078 474 1
1085 15 1
1085 42 1
1085 72 1
1085 340 1
1085 474 1
1085 1172 1
1089 6 1
1089 18 1
1089 22 1
1089 28 1
1089 42 1
1089 68 1
1089 89 1
1089 1131 1
1089 1339 1
1089 2308 1
1089 2674 1
1089 4549 1
1120 22 1
1120 45 1
1120 115 1
1120 286 1
1120 290 1
1120 474 1
1120 765 1
1120 838 1
1131 2 1
1131 6 1
1131 15 1
1131 25 1
1131 26 1
1131 41 1
1131 45 1
1131 47 1
1131 68 1
1131 89 1
1131 94 1
1131 120 1
1131 125 1
1131 236 1
1131 286 1
1131 290 1
1131 307 1
1131 320 1
1131 348 1
1131 443 1
1131 735 1
1131 908 1
1131 1326 1
1131 1355 1
1131 1659 1
1131 2517 1
1166 6 1
1166 15 1
1166 104 1
1167 15 1
1167 18 1
1167 22 1
1167 26 1
1167 125 1
1167 735 1
1172 6 1
1172 15 1
1172 16 1
1172 18 1
1172 22 1
1172 26 1
1172 438 1
1172 474 1
1172 561 1
1172 704 1
1172 4714 1
1182 26 1
1182 46 1
1182 68 1
1182 340 1
1182 1172 1
1188 15 1
1188 22 1
1188 47 1
1188 69 1
1188 280 1
1192 16 1
1192 22 1
1192 26 1
1192 37 1
1192 47 1
1192 72 1
1192 123 1
1192 245 1
1192 280 1
1192 299 1
1192 312 1
1228 104 1
1228 1293 1
1270 6 1
1276 6 1
1276 12 1
1276 15 1
1276 22 1
1276 47 1
1276 58 1
1276 69 1
1276 89 1
1276 92 1
1276 115 1
1276 631 1
1285 15 1
1285 16 1
1285 89 1
1285 152 1
1289 15 1
1289 18 1
1289 22 1
1289 58 1
1289 89 1
1289 94 1
1289 125 1
1289 315 1
1289 340 1
1289 371 1
1293 15 1
1293 18 1
1293 22 1
1293 68 1
1293 844 1
1295 15 1
1295 26 1
1295 123 1
1314 2 1
1314 26 1
1314 37 1
1326 16 1
1326 22 1
1326 69 1
1326 71 1
1326 438 1
1326 443 1
1326 735 1
1326 2308 1
1339 6 1
1339 15 1
1339 18 1
1339 22 1
1339 26 1
1339 41 1
1339 45 1
1339 104 1
1339 124 1
1339 302 1
1339 371 1
1339 494 1
1339 3480 1
1341 2 1
1341 12 1
1341 15 1
1341 18 1
1341 22 1
1341 26 1
1341 45 1
1341 89 1
1341 147 1
1341 312 1
1345 16 1
1345 22 1
1345 26 1
1345 286 1
1354 6 1
1355 8 1
1355 15 1
1355 45 1
1355 71 1
1355 111 1
1355 115 1
1355 125 1
1355 245 1
1355 340 1
1355 474 1
1355 765 1
1376 12 1
1376 16 1
1376 18 1
1376 26 1
1376 37 1
1376 43 1
1376 45 1
1376 68 1
1376 89 1
1376 104 1
1376 125 1
1376 280 1
1376 312 1
1376 844 1
1398 22 1
1469 1955 1
1510 12 1
1510 15 1
1510 16 1
1510 18 1
1510 22 1
1510 69 1
1510 125 1
1510 526 1
1510 623 1
1554 15 1
1554 16 1
1554 28 1
1554 89 1
1554 104 1
1554 123 1
1554 207 1
1554 212 1
1554 438 1
1554 2096 1
1559 15 1
1559 22 1
1559 45 1
1559 152 1
1561 6 1
1561 16 1
1561 18 1
1561 104 1
1561 312 1
1561 369 1
1592 15 1
1592 197 1
1592 290 1
1603 16 1
1603 197 1
1617 2 1
1617 15 1
1617 26 1
1617 71 1
1617 115 1
1617 152 1
1647 26 1
1647 294 1
1659 12 1
1659 15 1
1659 22 1
1659 41 1
1659 123 1
1659 582 1
1659 922 1
1676 30 1
1720 115 1
1720 2738 1
1738 111 1
1793 15 1
1793 26 1
1793 43 1
1793 290 1
1793 348 1
1816 15 1
1816 120 1
1816 2048 1
1879 111 1
1879 115 1
1879 1052 1
1879 1120 1
1889 6 1
1889 15 1
1889 26 1
1889 89 1
1889 94 1
1889 333 1
1889 474 1
1889 735 1
1889 903 1
1889 2517 1
1955 12 1
1955 190 1
1986 71 1
2040 15 1
2048 15 1
2048 68 1
2048 123 1
2048 271 1
2048 474 1
2048 522 1
2096 15 1
2096 16 1
2096 18 1
2096 69 1
2140 16 1
2140 18 1
2140 22 1
2140 111 1
2140 474 1
2141 631 1
2182 15 1
2182 4820 1
2197 123 1
2197 207 1
2197 307 1
2299 6 1
2299 15 1
2299 16 1
2299 22 1
2299 28 1
2299 42 1
2299 286 1
2299 844 1
2299 1355 1
2303 2 1
2303 18 1
2303 22 1
2303 26 1
2303 46 1
2303 803 1
2305 438 1
2308 18 1
2308 22 1
2308 124 1
2308 125 1
2308 257 1
2308 307 1
2308 474 1
2308 530 1
2308 633 1
2308 1889 1
2308 3731 1
2343 37 1
2405 16 1
2405 18 1
2405 22 1
2405 26 1
2405 111 1
2405 371 1
2462 28 1
2467 15 1
2467 16 1
2467 26 1
2467 294 1
2467 489 1
2490 18 1
2490 22 1
2490 34 1
2490 115 1
2490 123 1
2517 22 1
2554 22 1
2554 30 1
2554 37 1
2554 42 1
2554 115 1
2554 299 1
2554 1398 1
2566 6 1
2573 2 1
2573 18 1
2573 89 1
2592 15 1
2592 18 1
2592 26 1
2592 1063 1
2592 3963 1
2597 6 1
2609 6 1
2609 15 1
2609 26 1
2609 104 1
2609 125 1
2612 37 1
2612 71 1
2653 125 1
2674 12 1
2674 16 1
2674 22 1
2674 89 1
2674 115 1
2674 123 1
2682 6 1
2682 22 1
2682 26 1
2738 18 1
2738 26 1
2738 45 1
2738 371 1
2763 6 1
2763 71 1
2763 290 1
2866 16 1
2866 120 1
2866 1172 1
2966 37 1
2966 45 1
3108 8 1
3108 18 1
3163 6 1
3163 18 1
3163 115 1
3166 18 1
3166 22 1
3166 26 1
3261 15 1
3261 18 1
3261 26 1
3301 1052 1
3480 561 1
3552 15 1
3552 18 1
3552 22 1
3552 26 1
3552 280 1
3596 12 1
3596 94 1
3596 123 1
3596 4065 1
3596 7154 1
3606 22 1
3606 26 1
3607 9 1
3607 16 1
3691 15 1
3691 45 1
3691 3552 1
3731 16 1
3731 207 1
3731 299 1
3731 2517 1
3750 6 1
3750 26 1
3750 68 1
3750 104 1
3750 257 1
3750 529 1
3750 561 1
3750 2462 1
3815 15 1
3815 4714 1
3829 18 1
3857 15 1
3857 22 1
3857 26 1
3857 257 1
3877 22 1
3878 15 1
3878 41 1
3952 28 1
3963 2 1
3963 26 1
3963 89 1
3963 125 1
4065 15 1
4065 1289 1
4094 37 1
4102 15 1
4102 42 1
4102 257 1
4102 533 1
4146 15 1
4146 22 1
4146 111 1
4146 136 1
4146 207 1
4166 89 1
4175 12 1
4176 46 1
4330 26 1
4402 18 1
4435 2 1
4437 26 1
4437 1089 1
4549 26 1
4549 41 1
4549 111 1
4644 125 1
4644 1816 1
4714 26 1
4714 28 1
4714 37 1
4714 443 1
4714 456 1
4714 1182 1
4818 438 1
4818 1188 1
4820 15 1
4820 16 1
4827 15 1
4843 72 1
4843 89 1
4868 15 1
4868 16 1
4868 22 1
4877 16 1
5007 71 1
5039 15 1
5101 22 1
5280 115 1
5280 624 1
5340 26 1
5406 15 1
5406 18 1
5406 26 1
5406 68 1
5406 89 1
5406 94 1
5406 286 1
5406 290 1
5406 443 1
5406 1339 1
5409 2 1
5449 28 1
5457 28 1
5480 30 1
5518 22 1
5518 1167 1
5533 18 1
5533 474 1
5750 45 1
5921 6 1
5921 15 1
5921 22 1
5921 26 1
5921 46 1
5921 68 1
5921 125 1
5921 803 1
5938 2 1
5938 16 1
5976 15 1
5987 294 1
6019 624 1
6068 26 1
6152 22 1
6152 26 1
6152 125 1
6226 307 1
6263 16 1
6263 22 1
6263 46 1
6263 111 1
6263 290 1
6362 16 1
6362 125 1
6376 123 1
6376 152 1
6381 18 1
6598 15 1
6660 307 1
6673 15 1
6673 22 1
6673 26 1
6703 89 1
7143 16 1
7143 18 1
7154 348 1
7294 474 1
7340 45 1
7419 94 1
7452 16 1
7469 15 1
7683 37 1
