2 6 1
2 8 1
2 12 1
2 15 1
2 22 1
2 28 1
2 34 1
2 37 1
2 42 1
2 47 1
2 68 1
2 74 1
2 111 1
2 115 1
2 120 1
2 123 1
2 124 1
2 125 1
2 136 1
2 190 1
2 191 1
2 245 1
2 257 1
2 258 1
2 280 1
2 290 1
2 299 1
2 302 1
2 322 1
2 333 1
2 371 1
2 494 1
2 533 1
2 704 1
2 725 1
2 888 1
2 979 1
2 1089 1
2 1131 1
2 1276 1
2 1339 1
2 1554 1
2 1793 1
2 4094 1
2 4714 1
2 5750 1
6 2 1
6 8 1
6 9 1
6 15 1
6 18 1
6 24 1
6 25 1
6 28 1
6 34 1
6 37 1
6 45 1
6 46 1
6 58 1
6 60 1
6 68 1
6 71 1
6 72 1
6 89 1
6 92 1
6 104 1
6 111 1
6 115 1
6 124 1
6 126 1
6 147 1
6 197 1
6 212 1
6 236 1
6 240 1
6 245 1
6 271 1
6 280 1
6 286 1
6 299 1
6 312 1
6 315 1
6 340 1
6 342 1
6 358 1
6 371 1
6 438 1
6 443 1
6 456 1
6 474 1
6 514 1
6 526 1
6 530 1
6 532 1
6 582 1
6 624 1
6 733 1
6 844 1
6 903 1
6 908 1
6 922 1
6 932 1
6 1063 1
6 1089 1
6 1172 1
6 1285 1
6 1293 1
6 1339 1
6 1345 1
6 1398 1
6 1659 1
6 2517 1
6 2554 1
6 3552 1
6 5406 1
6 5750 1
6 5921 1
8 15 1
8 16 1
8 22 1
8 37 1
8 46 1
8 104 1
8 111 1
8 115 1
8 126 1
8 186 1
8 280 1
8 290 1
8 299 1
8 312 1
8 434 1
8 474 1
8 612 1
8 631 1
8 725 1
8 854 1
8 1063 1
8 4146 1
9 2 1
9 6 1
9 12 1
9 16 1
9 18 1
9 45 1
9 89 1
9 104 1
9 196 1
9 231 1
9 271 1
9 299 1
9 358 1
9 371 1
9 474 1
9 704 1
9 844 1
9 1063 1
9 1172 1
12 6 1
12 15 1
12 18 1
12 26 1
12 28 1
12 30 1
12 37 1
12 42 1
12 46 1
12 47 1
12 71 1
12 89 1
12 92 1
12 197 1
12 226 1
12 231 1
12 236 1
12 257 1
12 258 1
12 271 1
12 280 1
12 299 1
12 307 1
12 333 1
12 348 1
12 438 1
12 474 1
12 548 1
12 725 1
12 854 1
12 881 1
12 908 1
12 1131 1
12 1167 1
12 1172 1
12 1182 1
12 1295 1
12 1339 1
12 1561 1
12 1720 1
12 2609 1
12 3166 1
12 3691 1
12 3750 1
12 4549 1
12 4643 1
12 5406 1
15 6 1
15 8 1
15 18 1
15 22 1
15 26 1
15 28 1
15 37 1
15 41 1
15 45 1
15 68 1
15 69 1
15 71 1
15 94 1
15 104 1
15 111 1
15 125 1
15 190 1
15 196 1
15 257 1
15 258 1
15 290 1
15 312 1
15 315 1
15 320 1
15 337 1
15 340 1
15 358 1
15 434 1
15 438 1
15 443 1
15 478 1
15 489 1
15 508 1
15 514 1
15 522 1
15 529 1
15 624 1
15 735 1
15 844 1
15 903 1
15 932 1
15 1063 1
15 1089 1
15 1120 1
15 1172 1
15 1276 1
15 1289 1
15 1293 1
15 1295 1
15 1314 1
15 1326 1
15 1339 1
15 1376 1
15 1561 1
15 1592 1
15 2048 1
15 2197 1
15 2203 1
15 2462 1
15 2517 1
15 3166 1
15 3261 1
15 3552 1
15 3607 1
15 4065 1
15 4818 1
15 5227 1
15 5406 1
15 6376 1
16 2 1
16 6 1
16 8 1
16 12 1
16 15 1
16 18 1
16 19 1
16 22 1
16 25 1
16 34 1
16 37 1
16 41 1
16 42 1
16 43 1
16 45 1
16 47 1
16 58 1
16 60 1
16 68 1
16 71 1
16 72 1
16 74 1
16 89 1
16 94 1
16 111 1
16 120 1
16 124 1
16 125 1
16 126 1
16 147 1
16 152 1
16 186 1
16 196 1
16 207 1
16 212 1
16 227 1
16 231 1
16 236 1
16 240 1
16 257 1
16 280 1
16 286 1
16 294 1
16 299 1
16 302 1
16 315 1
16 320 1
16 333 1
16 340 1
16 342 1
16 358 1
16 434 1
16 438 1
16 508 1
16 515 1
16 526 1
16 529 1
16 530 1
16 533 1
16 540 1
16 561 1
16 612 1
16 623 1
16 624 1
16 631 1
16 633 1
16 653 1
16 685 1
16 695 1
16 714 1
16 718 1
16 733 1
16 803 1
16 838 1
16 844 1
16 854 1
16 886 1
16 892 1
16 932 1
16 942 1
16 952 1
16 1052 1
16 1085 1
16 1089 1
16 1120 1
16 1131 1
16 1166 1
16 1167 1
16 1172 1
16 1182 1
16 1192 1
16 1289 1
16 1293 1
16 1326 1
16 1339 1
16 1345 1
16 1355 1
16 1469 1
16 1510 1
16 1554 1
16 1559 1
16 1647 1
16 1659 1
16 1720 1
16 1889 1
16 2308 1
16 2343 1
16 2462 1
16 2467 1
16 2554 1
16 2566 1
16 2612 1
16 2653 1
16 2674 1
16 2866 1
16 3166 1
16 3261 1
16 3375 1
16 3552 1
16 3607 1
16 3691 1
16 3750 1
16 3952 1
16 4065 1
16 4146 1
16 4435 1
16 4515 1
16 4714 1
16 4818 1
16 5039 1
16 5227 1
16 5449 1
16 5533 1
16 5976 1
16 6226 1
16 6263 1
16 6598 1
16 6673 1
16 7154 1
18 2 1
18 6 1
18 8 1
18 12 1
18 15 1
18 22 1
18 28 1
18 34 1
18 37 1
18 42 1
18 45 1
18 46 1
18 47 1
18 68 1
18 69 1
18 71 1
18 72 1
18 74 1
18 89 1
18 92 1
18 94 1
18 99 1
18 104 1
18 111 1
18 120 1
18 124 1
18 125 1
18 126 1
18 136 1
18 139 1
18 152 1
18 190 1
18 191 1
18 207 1
18 227 1
18 231 1
18 236 1
18 240 1
18 257 1
18 258 1
18 290 1
18 294 1
18 299 1
18 307 1
18 312 1
18 315 1
18 340 1
18 348 1
18 358 1
18 398 1
18 434 1
18 435 1
18 438 1
18 443 1
18 474 1
18 478 1
18 489 1
18 494 1
18 508 1
18 514 1
18 522 1
18 529 1
18 548 1
18 561 1
18 624 1
18 633 1
18 695 1
18 718 1
18 725 1
18 733 1
18 735 1
18 803 1
18 838 1
18 844 1
18 879 1
18 881 1
18 932 1
18 1052 1
18 1063 1
18 1078 1
18 1172 1
18 1192 1
18 1276 1
18 1289 1
18 1376 1
18 1510 1
18 1592 1
18 1617 1
18 1659 1
18 1720 1
18 2299 1
18 2303 1
18 2343 1
18 2405 1
18 2467 1
18 2554 1
18 2573 1
18 2612 1
18 2674 1
18 2966 1
18 3261 1
18 3552 1
18 3596 1
18 3731 1
18 4065 1
18 4094 1
18 4102 1
18 4146 1
18 4330 1
18 4714 1
18 5280 1
18 5406 1
18 6068 1
18 6376 1
18 6660 1
18 6673 1
19 18 1
19 28 1
19 45 1
19 903 1
19 979 1
19 2609 1
22 2 1
22 6 1
22 9 1
22 12 1
22 18 1
22 26 1
22 30 1
22 37 1
22 41 1
22 42 1
22 43 1
22 45 1
22 47 1
22 60 1
22 68 1
22 69 1
22 71 1
22 72 1
22 89 1
22 104 1
22 111 1
22 115 1
22 119 1
22 123 1
22 124 1
22 125 1
22 126 1
22 136 1
22 139 1
22 152 1
22 186 1
22 190 1
22 191 1
22 197 1
22 231 1
22 240 1
22 241 1
22 245 1
22 257 1
22 258 1
22 271 1
22 280 1
22 286 1
22 290 1
22 294 1
22 299 1
22 302 1
22 307 1
22 315 1
22 322 1
22 333 1
22 340 1
22 342 1
22 358 1
22 361 1
22 369 1
22 371 1
22 438 1
22 443 1
22 456 1
22 506 1
22 508 1
22 514 1
22 515 1
22 529 1
22 530 1
22 533 1
22 540 1
22 561 1
22 612 1
22 623 1
22 624 1
22 704 1
22 733 1
22 735 1
22 765 1
22 801 1
22 803 1
22 838 1
22 854 1
22 879 1
22 888 1
22 892 1
22 903 1
22 908 1
22 942 1
22 1052 1
22 1063 1
22 1089 1
22 1120 1
22 1166 1
22 1172 1
22 1182 1
22 1228 1
22 1276 1
22 1285 1
22 1289 1
22 1293 1
22 1326 1
22 1339 1
22 1341 1
22 1354 1
22 1355 1
22 1398 1
22 1510 1
22 1592 1
22 1647 1
22 1659 1
22 1816 1
22 1889 1
22 1955 1
22 1986 1
22 2040 1
22 2048 1
22 2182 1
22 2197 1
22 2305 1
22 2405 1
22 2462 1
22 2467 1
22 2517 1
22 2554 1
22 2573 1
22 2866 1
22 2966 1
22 3166 1
22 3261 1
22 3301 1
22 3375 1
22 3552 1
22 3731 1
22 3750 1
22 3815 1
22 3857 1
22 3952 1
22 3963 1
22 4094 1
22 4102 1
22 4176 1
22 4269 1
22 4402 1
22 4437 1
22 4714 1
22 5024 1
22 5518 1
22 5921 1
22 5987 1
22 6152 1
22 6376 1
22 6381 1
22 6703 1
22 7017 1
22 7143 1
22 7340 1
22 7469 1
24 2 1
24 15 1
24 22 1
24 68 1
24 123 1
24 125 1
24 333 1
24 2738 1
25 15 1
25 16 1
25 18 1
25 22 1
25 26 1
25 28 1
25 41 1
25 94 1
25 115 1
25 120 1
25 257 1
25 337 1
25 443 1
25 474 1
25 506 1
25 582 1
25 1052 1
25 1078 1
26 2 1
26 8 1
26 9 1
26 12 1
26 16 1
26 18 1
26 28 1
26 30 1
26 34 1
26 37 1
26 41 1
26 58 1
26 60 1
26 68 1
26 69 1
26 71 1
26 89 1
26 92 1
26 104 1
26 115 1
26 120 1
26 123 1
26 125 1
26 147 1
26 197 1
26 207 1
26 226 1
26 236 1
26 240 1
26 245 1
26 290 1
26 302 1
26 307 1
26 312 1
26 320 1
26 322 1
26 337 1
26 348 1
26 358 1
26 435 1
26 443 1
26 456 1
26 515 1
26 526 1
26 529 1
26 530 1
26 533 1
26 624 1
26 704 1
26 801 1
26 803 1
26 854 1
26 922 1
26 932 1
26 1030 1
26 1063 1
26 1078 1
26 1085 1
26 1089 1
26 1172 1
26 1295 1
26 1339 1
26 1376 1
26 1559 1
26 1691 1
26 1793 1
26 1879 1
26 2096 1
26 2197 1
26 2305 1
26 2517 1
26 2609 1
26 2674 1
26 3607 1
26 3691 1
26 3857 1
26 4402 1
26 4437 1
26 5921 1
26 6226 1
26 7017 1
28 2 1
28 6 1
28 9 1
28 12 1
28 15 1
28 16 1
28 18 1
28 19 1
28 25 1
28 26 1
28 34 1
28 37 1
28 41 1
28 42 1
28 45 1
28 46 1
28 60 1
28 71 1
28 72 1
28 89 1
28 91 1
28 92 1
28 94 1
28 104 1
28 111 1
28 115 1
28 120 1
28 123 1
28 125 1
28 136 1
28 139 1
28 152 1
28 186 1
28 212 1
28 245 1
28 271 1
28 280 1
28 286 1
28 290 1
28 302 1
28 312 1
28 315 1
28 333 1
28 337 1
28 358 1
28 434 1
28 443 1
28 456 1
28 474 1
28 508 1
28 515 1
28 530 1
28 532 1
28 548 1
28 624 1
28 631 1
28 685 1
28 704 1
28 735 1
28 801 1
28 844 1
28 854 1
28 879 1
28 903 1
28 932 1
28 1052 1
28 1078 1
28 1120 1
28 1131 1
28 1172 1
28 1295 1
28 1326 1
28 1339 1
28 1341 1
28 1376 1
28 1554 1
28 1889 1
28 1955 1
28 2405 1
28 2609 1
28 2674 1
28 3950 1
28 4827 1
30 2 1
30 9 1
30 12 1
30 15 1
30 16 1
30 18 1
30 22 1
30 26 1
30 41 1
30 42 1
30 68 1
30 71 1
30 72 1
30 89 1
30 94 1
30 111 1
30 124 1
30 125 1
30 136 1
30 147 1
30 190 1
30 207 1
30 231 1
30 271 1
30 286 1
30 299 1
30 348 1
30 371 1
30 398 1
30 434 1
30 474 1
30 508 1
30 526 1
30 561 1
30 633 1
30 725 1
30 801 1
30 803 1
30 844 1
30 854 1
30 903 1
30 908 1
30 942 1
30 1052 1
30 1120 1
30 1182 1
30 1276 1
30 1376 1
30 1720 1
30 1889 1
30 5280 1
33 16 1
33 22 1
34 6 1
34 15 1
34 18 1
34 22 1
34 26 1
34 30 1
34 37 1
34 42 1
34 45 1
34 58 1
34 71 1
34 92 1
34 94 1
34 125 1
34 126 1
34 152 1
34 186 1
34 231 1
34 236 1
34 245 1
34 294 1
34 302 1
34 307 1
34 340 1
34 371 1
34 443 1
34 489 1
34 526 1
34 624 1
34 1052 1
34 1078 1
34 1089 1
34 1131 1
34 1172 1
34 1339 1
34 1659 1
34 1955 1
34 3481 1
34 3691 1
34 3750 1
34 3877 1
34 4714 1
34 7294 1
37 8 1
37 12 1
37 15 1
37 16 1
37 18 1
37 19 1
37 22 1
37 24 1
37 28 1
37 30 1
37 43 1
37 45 1
37 58 1
37 68 1
37 69 1
37 72 1
37 89 1
37 92 1
37 94 1
37 111 1
37 119 1
37 123 1
37 125 1
37 147 1
37 197 1
37 227 1
37 231 1
37 236 1
37 257 1
37 280 1
37 294 1
37 299 1
37 337 1
37 340 1
37 358 1
37 456 1
37 530 1
37 548 1
37 735 1
37 801 1
37 844 1
37 886 1
37 1063 1
37 1617 1
37 1889 1
37 2299 1
37 3815 1
37 3952 1
37 5406 1
41 2 1
41 6 1
41 16 1
41 18 1
41 26 1
41 37 1
41 42 1
41 45 1
41 72 1
41 94 1
41 111 1
41 115 1
41 120 1
41 257 1
41 258 1
41 294 1
41 299 1
41 358 1
41 443 1
41 474 1
41 478 1
41 508 1
41 530 1
41 735 1
41 879 1
41 881 1
41 903 1
41 1289 1
41 1659 1
41 2405 1
41 3480 1
42 8 1
42 15 1
42 18 1
42 34 1
42 45 1
42 68 1
42 125 1
42 207 1
42 212 1
42 271 1
42 286 1
42 302 1
42 315 1
42 371 1
42 443 1
42 529 1
42 704 1
42 838 1
42 844 1
42 932 1
42 1052 1
42 1188 1
42 1339 1
42 2517 1
42 2554 1
42 2966 1
43 12 1
43 18 1
43 22 1
43 37 1
43 42 1
43 58 1
43 68 1
43 69 1
43 72 1
43 89 1
43 92 1
43 120 1
43 126 1
43 147 1
43 207 1
43 212 1
43 231 1
43 236 1
43 257 1
43 294 1
43 312 1
43 320 1
43 443 1
43 456 1
43 489 1
43 506 1
43 526 1
43 704 1
43 765 1
43 886 1
43 1089 1
43 2140 1
43 2597 1
45 2 1
45 6 1
45 8 1
45 9 1
45 12 1
45 19 1
45 22 1
45 25 1
45 26 1
45 28 1
45 30 1
45 37 1
45 41 1
45 42 1
45 43 1
45 58 1
45 68 1
45 89 1
45 94 1
45 104 1
45 115 1
45 136 1
45 191 1
45 197 1
45 207 1
45 236 1
45 245 1
45 257 1
45 280 1
45 286 1
45 290 1
45 294 1
45 315 1
45 320 1
45 322 1
45 348 1
45 371 1
45 438 1
45 474 1
45 506 1
45 515 1
45 529 1
45 532 1
45 533 1
45 548 1
45 561 1
45 624 1
45 735 1
45 1052 1
45 1120 1
45 1314 1
45 1339 1
45 1341 1
45 1554 1
45 1889 1
45 3301 1
45 4714 1
45 4843 1
45 7419 1
45 7452 1
45 7683 1
46 2 1
46 6 1
46 8 1
46 12 1
46 15 1
46 16 1
46 18 1
46 22 1
46 28 1
46 34 1
46 45 1
46 47 1
46 89 1
46 94 1
46 115 1
46 123 1
46 124 1
46 125 1
46 136 1
46 147 1
46 196 1
46 227 1
46 286 1
46 294 1
46 299 1
46 302 1
46 348 1
46 456 1
46 489 1
46 508 1
46 540 1
46 548 1
46 733 1
46 735 1
46 801 1
46 838 1
46 932 1
46 1289 1
46 1295 1
46 1355 1
46 1554 1
46 1561 1
46 2592 1
47 9 1
47 15 1
47 26 1
47 30 1
47 37 1
47 45 1
47 290 1
47 312 1
47 438 1
47 526 1
47 561 1
47 1192 1
47 2299 1
58 2 1
58 8 1
58 15 1
58 18 1
58 22 1
58 24 1
58 26 1
58 28 1
58 30 1
58 34 1
58 41 1
58 68 1
58 69 1
58 71 1
58 72 1
58 89 1
58 115 1
58 120 1
58 124 1
58 136 1
58 231 1
58 245 1
58 257 1
58 286 1
58 290 1
58 312 1
58 340 1
58 371 1
58 456 1
58 474 1
58 522 1
58 526 1
58 623 1
58 765 1
58 803 1
58 844 1
58 888 1
58 1052 1
58 1131 1
58 1166 1
58 1172 1
58 1188 1
58 1192 1
58 1276 1
58 1289 1
58 1293 1
58 1339 1
58 1341 1
58 1354 1
58 1816 1
58 1889 1
58 2197 1
58 2462 1
58 2738 1
58 3877 1
58 4644 1
58 6263 1
60 6 1
60 12 1
60 15 1
60 22 1
60 28 1
60 41 1
60 104 1
60 115 1
60 299 1
60 540 1
60 624 1
60 803 1
60 1063 1
68 2 1
68 9 1
68 12 1
68 15 1
68 18 1
68 22 1
68 25 1
68 26 1
68 28 1
68 34 1
68 37 1
68 41 1
68 45 1
68 46 1
68 47 1
68 58 1
68 74 1
68 94 1
68 120 1
68 125 1
68 126 1
68 147 1
68 197 1
68 212 1
68 236 1
68 258 1
68 271 1
68 290 1
68 320 1
68 371 1
68 438 1
68 443 1
68 456 1
68 474 1
68 506 1
68 522 1
68 526 1
68 530 1
68 561 1
68 612 1
68 624 1
68 695 1
68 733 1
68 735 1
68 765 1
68 881 1
68 922 1
68 1052 1
68 1120 1
68 1131 1
68 1192 1
68 1314 1
68 1339 1
68 1355 1
68 1376 1
68 1554 1
68 1676 1
68 1955 1
68 2197 1
68 2517 1
68 2738 1
68 2763 1
68 3750 1
68 4714 1
68 5750 1
68 6263 1
69 16 1
69 26 1
69 45 1
69 68 1
69 227 1
69 231 1
69 312 1
69 434 1
69 438 1
69 506 1
69 879 1
69 4714 1
71 2 1
71 6 1
71 8 1
71 9 1
71 18 1
71 19 1
71 37 1
71 41 1
71 42 1
71 43 1
71 45 1
71 46 1
71 89 1
71 94 1
71 104 1
71 115 1
71 120 1
71 125 1
71 190 1
71 197 1
71 207 1
71 212 1
71 236 1
71 257 1
71 271 1
71 294 1
71 299 1
71 348 1
71 358 1
71 371 1
71 443 1
71 456 1
71 474 1
71 508 1
71 561 1
71 623 1
71 733 1
71 735 1
71 903 1
71 932 1
71 1131 1
71 1167 1
71 1182 1
71 1289 1
71 1314 1
71 1339 1
71 1355 1
71 1879 1
71 2096 1
71 2517 1
71 2682 1
71 2866 1
71 4269 1
71 4714 1
71 5024 1
71 5039 1
71 5457 1
72 9 1
72 16 1
72 18 1
72 25 1
72 26 1
72 42 1
72 46 1
72 115 1
72 186 1
72 197 1
72 227 1
72 286 1
72 290 1
72 299 1
72 315 1
72 322 1
72 371 1
72 489 1
72 530 1
72 633 1
72 733 1
72 908 1
72 1289 1
72 1339 1
72 2096 1
72 3552 1
72 4330 1
74 15 1
74 22 1
74 26 1
74 30 1
74 46 1
74 72 1
74 561 1
74 1120 1
83 2 1
83 12 1
83 15 1
83 18 1
83 22 1
83 26 1
83 34 1
83 41 1
83 71 1
83 94 1
83 104 1
83 115 1
83 120 1
83 136 1
83 197 1
83 286 1
83 371 1
83 3691 1
89 2 1
89 8 1
89 15 1
89 22 1
89 26 1
89 34 1
89 37 1
89 41 1
89 46 1
89 68 1
89 69 1
89 72 1
89 94 1
89 111 1
89 120 1
89 123 1
89 125 1
89 139 1
89 147 1
89 190 1
89 197 1
89 207 1
89 227 1
89 245 1
89 258 1
89 286 1
89 290 1
89 294 1
89 299 1
89 307 1
89 312 1
89 340 1
89 348 1
89 369 1
89 371 1
89 474 1
89 478 1
89 489 1
89 530 1
89 624 1
89 633 1
89 695 1
89 844 1
89 854 1
89 942 1
89 1167 1
89 1182 1
89 1326 1
89 1592 1
89 1720 1
89 1955 1
89 2554 1
89 2763 1
89 2966 1
89 3552 1
89 3815 1
89 4330 1
89 4435 1
89 4714 1
89 5406 1
89 7419 1
91 6 1
91 115 1
91 478 1
91 1816 1
92 6 1
92 15 1
92 16 1
92 22 1
92 26 1
92 34 1
92 37 1
92 69 1
92 89 1
92 94 1
92 111 1
92 115 1
92 227 1
92 231 1
92 280 1
92 474 1
92 494 1
92 844 1
92 932 1
92 1188 1
92 1276 1
92 1341 1
92 1376 1
92 4094 1
94 6 1
94 8 1
94 12 1
94 15 1
94 19 1
94 22 1
94 26 1
94 33 1
94 37 1
94 45 1
94 46 1
94 68 1
94 71 1
94 72 1
94 104 1
94 111 1
94 120 1
94 136 1
94 147 1
94 197 1
94 236 1
94 245 1
94 290 1
94 299 1
94 322 1
94 358 1
94 438 1
94 456 1
94 474 1
94 508 1
94 582 1
94 624 1
94 695 1
94 735 1
94 844 1
94 879 1
94 881 1
94 1052 1
94 1167 1
94 1172 1
94 1289 1
94 1339 1
94 1341 1
94 1345 1
94 1676 1
94 2197 1
94 4644 1
94 5406 1
99 15 1
99 16 1
99 26 1
99 34 1
99 45 1
99 46 1
99 58 1
99 71 1
99 72 1
99 74 1
99 115 1
99 120 1
99 124 1
99 125 1
99 186 1
99 190 1
99 257 1
99 290 1
99 340 1
99 443 1
99 456 1
99 765 1
99 854 1
99 908 1
99 1131 1
99 1617 1
99 4175 1
99 5039 1
104 2 1
104 8 1
104 12 1
104 15 1
104 16 1
104 18 1
104 22 1
104 25 1
104 28 1
104 41 1
104 68 1
104 69 1
104 72 1
104 92 1
104 94 1
104 125 1
104 136 1
104 147 1
104 190 1
104 207 1
104 231 1
104 236 1
104 240 1
104 257 1
104 258 1
104 271 1
104 299 1
104 340 1
104 358 1
104 369 1
104 474 1
104 489 1
104 506 1
104 522 1
104 529 1
104 530 1
104 888 1
104 1052 1
104 1063 1
104 1120 1
104 1131 1
104 1289 1
104 1339 1
104 1341 1
104 1354 1
104 1376 1
104 3166 1
104 4065 1
104 4330 1
104 4714 1
104 4868 1
104 5921 1
111 6 1
111 12 1
111 15 1
111 16 1
111 18 1
111 22 1
111 25 1
111 26 1
111 28 1
111 41 1
111 42 1
111 45 1
111 58 1
111 68 1
111 71 1
111 72 1
111 89 1
111 92 1
111 115 1
111 123 1
111 125 1
111 147 1
111 207 1
111 231 1
111 236 1
111 245 1
111 280 1
111 286 1
111 294 1
111 302 1
111 348 1
111 371 1
111 508 1
111 514 1
111 522 1
111 624 1
111 653 1
111 695 1
111 765 1
111 844 1
111 908 1
111 1052 1
111 1089 1
111 1131 1
111 1188 1
111 1285 1
111 2609 1
111 3607 1
111 4330 1
115 6 1
115 12 1
115 15 1
115 16 1
115 18 1
115 22 1
115 28 1
115 42 1
115 45 1
115 46 1
115 89 1
115 92 1
115 94 1
115 104 1
115 119 1
115 120 1
115 125 1
115 136 1
115 147 1
115 197 1
115 231 1
115 307 1
115 312 1
115 320 1
115 348 1
115 358 1
115 456 1
115 508 1
115 530 1
115 533 1
115 623 1
115 803 1
115 854 1
115 886 1
115 932 1
115 1078 1
115 1089 1
115 1182 1
115 1295 1
115 1345 1
115 1398 1
115 1659 1
115 1793 1
115 2299 1
115 2303 1
115 2308 1
115 2462 1
115 2517 1
115 2554 1
115 2763 1
115 3108 1
115 3750 1
115 4094 1
119 2 1
119 8 1
119 9 1
119 15 1
119 16 1
119 18 1
119 26 1
119 28 1
119 30 1
119 34 1
119 42 1
119 45 1
119 58 1
119 69 1
119 72 1
119 89 1
119 104 1
119 120 1
119 125 1
119 147 1
119 190 1
119 212 1
119 236 1
119 245 1
119 257 1
119 286 1
119 290 1
119 294 1
119 299 1
119 322 1
119 333 1
119 337 1
119 348 1
119 369 1
119 435 1
119 456 1
119 474 1
119 506 1
119 529 1
119 530 1
119 532 1
119 561 1
119 624 1
119 653 1
119 695 1
119 844 1
119 888 1
119 903 1
119 979 1
119 1052 1
119 1063 1
119 1089 1
119 1131 1
119 1167 1
119 1289 1
119 1293 1
119 1355 1
119 1398 1
119 1659 1
119 1889 1
119 3815 1
120 6 1
120 8 1
120 12 1
120 15 1
120 16 1
120 18 1
120 22 1
120 24 1
120 26 1
120 28 1
120 41 1
120 42 1
120 69 1
120 72 1
120 74 1
120 104 1
120 124 1
120 125 1
120 197 1
120 236 1
120 322 1
120 371 1
120 489 1
120 530 1
120 653 1
120 695 1
120 838 1
120 879 1
120 1052 1
120 1063 1
120 1085 1
120 1167 1
120 1355 1
120 3952 1
120 4714 1
120 5938 1
123 2 1
123 12 1
123 15 1
123 16 1
123 18 1
123 19 1
123 22 1
123 26 1
123 30 1
123 37 1
123 42 1
123 45 1
123 47 1
123 69 1
123 71 1
123 74 1
123 89 1
123 94 1
123 111 1
123 115 1
123 120 1
123 124 1
123 125 1
123 136 1
123 212 1
123 231 1
123 236 1
123 240 1
123 245 1
123 257 1
123 258 1
123 271 1
123 290 1
123 299 1
123 312 1
123 315 1
123 333 1
123 340 1
123 348 1
123 358 1
123 369 1
123 371 1
123 438 1
123 443 1
123 474 1
123 508 1
123 522 1
123 526 1
123 530 1
123 533 1
123 582 1
123 624 1
123 653 1
123 714 1
123 765 1
123 803 1
123 844 1
123 854 1
123 892 1
123 903 1
123 932 1
123 1052 1
123 1085 1
123 1131 1
123 1167 1
123 1172 1
123 1188 1
123 1289 1
123 1293 1
123 1295 1
123 1339 1
123 1355 1
123 1376 1
123 1659 1
123 2303 1
123 2554 1
123 2738 1
123 5101 1
123 5280 1
123 5866 1
123 7143 1
124 15 1
124 18 1
124 22 1
124 34 1
124 41 1
124 71 1
124 119 1
124 294 1
124 312 1
124 361 1
124 371 1
124 434 1
124 725 1
124 735 1
124 844 1
124 908 1
124 1120 1
124 1285 1
124 1339 1
124 1554 1
124 1561 1
125 6 1
125 15 1
125 22 1
125 25 1
125 26 1
125 33 1
125 46 1
125 72 1
125 89 1
125 94 1
125 111 1
125 123 1
125 190 1
125 258 1
125 280 1
125 312 1
125 315 1
125 438 1
125 489 1
125 506 1
125 561 1
125 735 1
125 942 1
125 1131 1
125 1166 1
125 1172 1
125 1276 1
125 1285 1
125 1603 1
125 1659 1
125 2048 1
125 2303 1
125 3552 1
125 3691 1
125 3829 1
125 6376 1
126 6 1
126 15 1
126 16 1
126 18 1
126 25 1
126 69 1
126 71 1
126 104 1
126 115 1
126 120 1
126 299 1
126 371 1
133 15 1
133 16 1
136 12 1
136 16 1
136 30 1
136 37 1
136 42 1
136 45 1
136 71 1
136 72 1
136 89 1
136 104 1
136 147 1
136 197 1
136 231 1
136 245 1
136 257 1
136 290 1
136 312 1
136 443 1
136 506 1
136 704 1
136 801 1
136 1341 1
136 1469 1
136 3552 1
139 12 1
139 15 1
139 16 1
139 26 1
139 46 1
139 68 1
139 71 1
139 115 1
139 152 1
139 489 1
139 725 1
139 844 1
139 903 1
139 1376 1
139 4146 1
147 18 1
147 37 1
147 46 1
147 71 1
147 111 1
147 299 1
147 358 1
147 474 1
147 1376 1
152 16 1
152 18 1
152 26 1
152 71 1
152 72 1
152 147 1
152 435 1
152 735 1
152 803 1
152 1289 1
152 1339 1
152 2405 1
152 4843 1
186 12 1
186 15 1
186 18 1
186 26 1
186 120 1
186 340 1
186 438 1
186 903 1
186 1052 1
190 6 1
190 15 1
190 16 1
190 18 1
190 25 1
190 26 1
190 41 1
190 42 1
190 46 1
190 68 1
190 71 1
190 115 1
190 120 1
190 123 1
190 136 1
190 245 1
190 257 1
190 322 1
190 438 1
190 529 1
190 532 1
190 725 1
190 844 1
190 908 1
190 1172 1
190 1293 1
190 1879 1
190 3108 1
190 7141 1
191 15 1
191 123 1
191 340 1
191 1659 1
196 15 1
196 26 1
197 2 1
197 16 1
197 28 1
197 58 1
197 74 1
197 337 1
197 529 1
197 530 1
197 561 1
197 624 1
197 1326 1
197 1341 1
197 2738 1
197 4714 1
207 2 1
207 6 1
207 15 1
207 18 1
207 24 1
207 41 1
207 46 1
207 91 1
207 92 1
207 104 1
207 120 1
207 126 1
207 286 1
207 290 1
207 474 1
207 514 1
207 529 1
207 653 1
207 1078 1
207 3301 1
212 2 1
212 12 1
212 15 1
212 16 1
212 18 1
212 34 1
212 47 1
212 69 1
212 71 1
212 104 1
212 111 1
212 115 1
212 139 1
212 257 1
212 290 1
212 342 1
212 474 1
212 526 1
212 540 1
212 624 1
212 735 1
212 881 1
212 1063 1
212 1182 1
212 2303 1
212 2554 1
226 18 1
226 22 1
226 28 1
227 15 1
227 18 1
227 26 1
227 71 1
227 735 1
227 1285 1
231 2 1
231 15 1
231 26 1
231 30 1
231 37 1
231 71 1
231 94 1
231 104 1
231 111 1
231 123 1
231 186 1
231 257 1
231 258 1
231 286 1
231 294 1
231 299 1
231 312 1
231 320 1
231 340 1
231 371 1
231 474 1
231 530 1
231 932 1
231 1172 1
231 1345 1
236 8 1
236 15 1
236 16 1
236 18 1
236 26 1
236 28 1
236 34 1
236 37 1
236 45 1
236 71 1
236 72 1
236 94 1
236 111 1
236 123 1
236 125 1
236 147 1
236 190 1
236 231 1
236 258 1
236 280 1
236 290 1
236 312 1
236 315 1
236 320 1
236 348 1
236 526 1
236 530 1
236 653 1
236 932 1
236 1131 1
236 1554 1
240 42 1
240 71 1
240 89 1
240 104 1
240 115 1
240 299 1
240 735 1
241 26 1
245 2 1
245 9 1
245 12 1
245 18 1
245 22 1
245 26 1
245 42 1
245 68 1
245 69 1
245 92 1
245 94 1
245 104 1
245 125 1
245 197 1
245 207 1
245 227 1
245 257 1
245 340 1
245 474 1
245 514 1
245 653 1
245 765 1
245 932 1
245 1078 1
245 1345 1
245 2308 1
245 4402 1
257 8 1
257 18 1
257 22 1
257 25 1
257 28 1
257 30 1
257 34 1
257 41 1
257 42 1
257 46 1
257 47 1
257 58 1
257 68 1
257 69 1
257 94 1
257 120 1
257 125 1
257 190 1
257 207 1
257 245 1
257 271 1
257 286 1
257 294 1
257 322 1
257 340 1
257 348 1
257 435 1
257 474 1
257 489 1
257 514 1
257 515 1
257 624 1
257 733 1
257 854 1
257 1052 1
257 1063 1
257 1131 1
257 1172 1
257 1192 1
257 1354 1
257 2308 1
257 2612 1
257 3552 1
257 4402 1
258 2 1
258 16 1
258 18 1
258 45 1
258 46 1
258 72 1
258 245 1
258 286 1
258 358 1
258 371 1
258 438 1
258 474 1
258 624 1
258 3857 1
271 15 1
271 18 1
271 37 1
271 45 1
271 115 1
271 125 1
271 280 1
271 474 1
271 1172 1
271 1659 1
271 3750 1
280 15 1
280 18 1
280 46 1
280 89 1
286 2 1
286 8 1
286 15 1
286 16 1
286 18 1
286 19 1
286 34 1
286 37 1
286 41 1
286 43 1
286 58 1
286 68 1
286 71 1
286 92 1
286 104 1
286 123 1
286 125 1
286 136 1
286 147 1
286 197 1
286 271 1
286 299 1
286 348 1
286 369 1
286 515 1
286 522 1
286 526 1
286 685 1
286 733 1
286 844 1
286 879 1
286 932 1
286 1052 1
286 1089 1
286 1192 1
286 1376 1
286 1510 1
286 1592 1
286 1659 1
286 2203 1
286 2738 1
286 2763 1
286 3606 1
286 3691 1
286 6376 1
286 7452 1
290 6 1
290 12 1
290 15 1
290 16 1
290 22 1
290 28 1
290 34 1
290 37 1
290 45 1
290 58 1
290 89 1
290 94 1
290 120 1
290 123 1
290 125 1
290 133 1
290 147 1
290 152 1
290 197 1
290 207 1
290 212 1
290 280 1
290 294 1
290 312 1
290 340 1
290 443 1
290 474 1
290 529 1
290 561 1
290 631 1
290 653 1
290 735 1
290 1078 1
290 2299 1
290 2405 1
290 2467 1
290 3552 1
290 4644 1
294 2 1
294 9 1
294 15 1
294 18 1
294 26 1
294 28 1
294 30 1
294 41 1
294 42 1
294 45 1
294 46 1
294 68 1
294 126 1
294 190 1
294 191 1
294 286 1
294 299 1
294 474 1
294 735 1
294 844 1
294 979 1
294 1063 1
294 1131 1
294 1293 1
294 2182 1
294 2299 1
294 3481 1
294 4827 1
299 12 1
299 15 1
299 18 1
299 22 1
299 26 1
299 28 1
299 34 1
299 37 1
299 41 1
299 43 1
299 45 1
299 46 1
299 58 1
299 68 1
299 72 1
299 89 1
299 104 1
299 119 1
299 120 1
299 123 1
299 147 1
299 245 1
299 280 1
299 302 1
299 348 1
299 506 1
299 561 1
299 1089 1
299 3552 1
302 2 1
302 6 1
302 12 1
302 16 1
302 18 1
302 26 1
302 45 1
302 68 1
302 69 1
302 71 1
302 89 1
302 94 1
302 111 1
302 125 1
302 136 1
302 190 1
302 257 1
302 280 1
302 286 1
302 290 1
302 294 1
302 320 1
302 369 1
302 514 1
302 526 1
302 685 1
302 903 1
302 1172 1
302 1376 1
302 1554 1
302 2462 1
302 2554 1
302 3552 1
307 15 1
307 16 1
307 19 1
307 28 1
307 30 1
307 37 1
307 42 1
307 43 1
307 68 1
307 69 1
307 71 1
307 111 1
307 286 1
307 294 1
307 340 1
307 514 1
307 561 1
307 1131 1
307 1326 1
307 1738 1
307 2096 1
307 2467 1
307 3731 1
307 4868 1
312 6 1
312 15 1
312 16 1
312 22 1
312 26 1
312 28 1
312 34 1
312 37 1
312 45 1
312 46 1
312 58 1
312 68 1
312 89 1
312 111 1
312 119 1
312 120 1
312 123 1
312 125 1
312 197 1
312 236 1
312 294 1
312 307 1
312 438 1
312 514 1
312 526 1
312 532 1
312 561 1
312 1167 1
312 1554 1
312 5921 1
315 6 1
315 12 1
315 15 1
315 16 1
315 22 1
315 26 1
315 41 1
315 43 1
315 45 1
315 58 1
315 68 1
315 72 1
315 104 1
315 120 1
315 123 1
315 125 1
315 186 1
315 280 1
315 286 1
315 299 1
315 307 1
315 801 1
315 1063 1
315 1188 1
315 1955 1
315 2308 1
320 15 1
320 16 1
320 26 1
320 186 1
320 803 1
322 9 1
322 18 1
322 26 1
322 37 1
322 197 1
322 1052 1
333 2 1
333 6 1
333 8 1
333 15 1
333 26 1
333 28 1
333 37 1
333 60 1
333 72 1
333 104 1
333 120 1
333 124 1
333 152 1
333 197 1
333 231 1
333 286 1
333 290 1
333 294 1
333 434 1
333 438 1
333 456 1
333 506 1
333 561 1
333 725 1
337 18 1
337 22 1
337 42 1
337 89 1
337 526 1
340 8 1
340 12 1
340 26 1
340 42 1
340 45 1
340 47 1
340 72 1
340 94 1
340 111 1
340 120 1
340 190 1
340 196 1
340 240 1
340 294 1
340 438 1
340 456 1
340 489 1
340 530 1
340 1052 1
340 1172 1
340 1554 1
340 1816 1
340 3963 1
342 15 1
342 22 1
342 26 1
342 30 1
342 72 1
342 115 1
342 290 1
348 15 1
348 16 1
348 22 1
348 26 1
348 34 1
348 72 1
348 89 1
348 111 1
348 119 1
348 207 1
348 240 1
348 312 1
348 932 1
348 1341 1
348 2517 1
348 4820 1
358 12 1
358 15 1
358 16 1
358 18 1
358 26 1
358 28 1
358 41 1
358 58 1
358 71 1
358 104 1
358 111 1
358 115 1
358 123 1
358 136 1
358 207 1
358 245 1
358 443 1
358 478 1
358 489 1
358 1172 1
361 2 1
361 94 1
361 125 1
361 735 1
361 881 1
369 15 1
369 45 1
369 46 1
369 294 1
369 320 1
371 15 1
371 16 1
371 22 1
371 41 1
371 43 1
371 45 1
371 58 1
371 68 1
371 111 1
371 115 1
371 125 1
371 226 1
371 231 1
371 358 1
371 474 1
371 514 1
371 1085 1
371 1131 1
371 1192 1
371 2405 1
371 3166 1
371 4435 1
398 6 1
398 15 1
398 22 1
398 26 1
398 34 1
398 37 1
398 69 1
398 124 1
398 152 1
398 508 1
398 532 1
398 765 1
398 854 1
398 1131 1
434 15 1
434 22 1
434 26 1
434 28 1
434 45 1
434 5406 1
435 15 1
435 18 1
435 22 1
435 26 1
435 45 1
435 111 1
435 474 1
435 515 1
435 932 1
438 8 1
438 15 1
438 16 1
438 18 1
438 37 1
438 58 1
438 71 1
438 94 1
438 115 1
438 120 1
438 123 1
438 190 1
438 197 1
438 207 1
438 212 1
438 257 1
438 280 1
438 286 1
438 294 1
438 315 1
438 474 1
438 526 1
438 529 1
438 530 1
438 532 1
438 733 1
438 844 1
438 908 1
438 1889 1
438 2738 1
438 4102 1
443 6 1
443 12 1
443 15 1
443 16 1
443 18 1
443 26 1
443 42 1
443 71 1
443 89 1
443 94 1
443 104 1
443 111 1
443 125 1
443 280 1
443 474 1
443 695 1
443 932 1
443 1085 1
443 1131 1
443 1314 1
443 1592 1
443 2405 1
456 2 1
456 6 1
456 18 1
456 22 1
456 26 1
456 30 1
456 45 1
456 68 1
456 89 1
456 1879 1
456 2462 1
474 2 1
474 6 1
474 15 1
474 16 1
474 19 1
474 22 1
474 26 1
474 37 1
474 41 1
474 42 1
474 46 1
474 68 1
474 69 1
474 71 1
474 74 1
474 94 1
474 111 1
474 119 1
474 120 1
474 123 1
474 126 1
474 152 1
474 207 1
474 280 1
474 286 1
474 299 1
474 302 1
474 312 1
474 333 1
474 358 1
474 435 1
474 561 1
474 685 1
474 844 1
474 888 1
474 932 1
474 1052 1
474 1063 1
474 1078 1
474 1167 1
474 1172 1
474 1289 1
474 1336 1
474 1355 1
474 1376 1
474 2141 1
474 2303 1
474 2653 1
474 3691 1
474 3963 1
474 4843 1
474 6703 1
478 15 1
478 18 1
478 37 1
478 120 1
478 123 1
478 1289 1
478 1889 1
478 2467 1
489 6 1
489 12 1
489 15 1
489 16 1
489 22 1
489 26 1
489 45 1
489 125 1
489 299 1
489 435 1
489 1063 1
494 12 1
494 15 1
494 68 1
494 315 1
494 561 1
506 8 1
506 16 1
506 18 1
506 26 1
506 41 1
506 45 1
506 68 1
506 69 1
506 72 1
506 83 1
506 89 1
506 104 1
506 111 1
506 115 1
506 123 1
506 126 1
506 190 1
506 286 1
506 508 1
506 908 1
506 932 1
508 18 1
508 26 1
508 28 1
508 42 1
508 45 1
508 46 1
508 123 1
508 152 1
508 197 1
508 685 1
508 5007 1
514 2 1
514 6 1
514 12 1
514 15 1
514 16 1
514 26 1
514 71 1
514 72 1
514 94 1
514 120 1
514 123 1
514 136 1
514 190 1
514 286 1
514 358 1
514 506 1
514 932 1
514 2517 1
515 2 1
515 12 1
515 28 1
522 15 1
522 18 1
522 22 1
522 26 1
522 42 1
522 45 1
522 71 1
522 125 1
522 190 1
522 932 1
526 6 1
526 8 1
526 15 1
526 16 1
526 18 1
526 22 1
526 26 1
526 33 1
526 37 1
526 45 1
526 46 1
526 68 1
526 71 1
526 89 1
526 94 1
526 119 1
526 123 1
526 125 1
526 139 1
526 197 1
526 286 1
526 333 1
526 438 1
526 582 1
526 624 1
526 714 1
526 838 1
526 1063 1
526 1182 1
526 2674 1
526 2738 1
529 2 1
529 18 1
529 26 1
529 89 1
529 115 1
529 136 1
529 186 1
529 245 1
529 286 1
529 312 1
529 456 1
529 735 1
529 5533 1
530 6 1
530 9 1
530 16 1
530 18 1
530 22 1
530 37 1
530 41 1
530 45 1
530 69 1
530 123 1
530 125 1
530 1131 1
530 1172 1
530 1336 1
532 16 1
532 18 1
532 22 1
532 89 1
532 286 1
532 1063 1
532 1089 1
533 18 1
533 26 1
533 71 1
540 15 1
540 18 1
540 71 1
540 104 1
540 136 1
540 236 1
540 294 1
540 733 1
548 15 1
548 16 1
548 69 1
548 94 1
548 115 1
548 2197 1
561 2 1
561 6 1
561 9 1
561 15 1
561 18 1
561 26 1
561 72 1
561 89 1
561 104 1
561 111 1
561 120 1
561 123 1
561 240 1
561 294 1
561 312 1
561 340 1
561 358 1
561 371 1
561 438 1
561 474 1
561 489 1
561 508 1
561 631 1
561 735 1
561 854 1
561 932 1
561 1326 1
561 1339 1
561 1738 1
561 3750 1
561 4102 1
561 4820 1
582 2 1
582 6 1
582 15 1
582 19 1
582 22 1
582 26 1
582 30 1
582 34 1
582 37 1
582 45 1
582 46 1
582 47 1
582 60 1
582 68 1
582 71 1
582 89 1
582 91 1
582 94 1
582 111 1
582 115 1
582 120 1
582 123 1
582 147 1
582 152 1
582 207 1
582 231 1
582 271 1
582 280 1
582 290 1
582 299 1
582 312 1
582 443 1
582 474 1
582 529 1
582 879 1
582 1063 1
582 1172 1
582 1276 1
582 1293 1
582 1376 1
582 2308 1
582 2467 1
582 2490 1
612 15 1
612 18 1
612 115 1
612 123 1
612 474 1
612 533 1
623 6 1
623 18 1
623 147 1
624 6 1
624 12 1
624 15 1
624 16 1
624 18 1
624 22 1
624 26 1
624 42 1
624 43 1
624 58 1
624 89 1
624 94 1
624 286 1
624 340 1
624 456 1
624 494 1
624 540 1
624 548 1
624 704 1
624 5938 1
624 6362 1
631 15 1
631 197 1
633 18 1
633 22 1
633 26 1
633 280 1
633 494 1
633 1172 1
653 2 1
653 6 1
653 15 1
653 18 1
653 22 1
653 28 1
653 58 1
653 68 1
653 111 1
653 115 1
653 257 1
653 280 1
653 474 1
653 494 1
653 526 1
685 2 1
685 6 1
685 12 1
685 18 1
685 26 1
685 30 1
685 47 1
685 104 1
685 115 1
685 124 1
685 125 1
685 280 1
685 312 1
685 508 1
685 803 1
685 1078 1
685 1345 1
695 6 1
695 22 1
695 333 1
695 358 1
695 438 1
704 22 1
704 26 1
704 561 1
714 136 1
714 1554 1
718 41 1
725 2 1
725 15 1
725 16 1
725 18 1
725 22 1
725 26 1
725 41 1
725 42 1
725 71 1
725 89 1
725 94 1
725 120 1
725 197 1
725 207 1
725 245 1
725 312 1
725 530 1
725 653 1
725 1052 1
725 1120 1
725 1341 1
725 1659 1
725 2299 1
733 26 1
733 45 1
733 46 1
733 60 1
733 89 1
733 125 1
733 240 1
735 6 1
735 15 1
735 22 1
735 26 1
735 34 1
735 104 1
735 294 1
735 438 1
735 561 1
735 881 1
735 2303 1
735 2467 1
735 4102 1
765 12 1
765 42 1
765 68 1
765 89 1
765 123 1
765 212 1
765 312 1
765 1293 1
801 16 1
801 18 1
801 19 1
801 58 1
801 71 1
801 89 1
801 104 1
801 115 1
801 136 1
801 337 1
801 474 1
801 612 1
801 2299 1
801 5533 1
803 12 1
803 15 1
803 18 1
803 22 1
803 26 1
803 37 1
803 315 1
803 515 1
803 765 1
838 2 1
838 16 1
838 22 1
838 25 1
838 41 1
838 68 1
838 69 1
838 94 1
838 302 1
838 312 1
838 456 1
838 478 1
838 526 1
838 2674 1
838 7419 1
844 2 1
844 6 1
844 18 1
844 22 1
844 26 1
844 34 1
844 45 1
844 58 1
844 68 1
844 69 1
844 89 1
844 94 1
844 111 1
844 120 1
844 147 1
844 271 1
844 312 1
844 340 1
844 438 1
844 443 1
844 561 1
844 1339 1
844 1659 1
844 2303 1
844 2462 1
844 3552 1
844 3750 1
854 15 1
854 26 1
854 104 1
854 125 1
854 236 1
854 240 1
854 371 1
854 489 1
879 15 1
879 26 1
879 30 1
879 34 1
879 37 1
879 42 1
879 43 1
879 45 1
879 68 1
879 104 1
879 111 1
879 115 1
879 271 1
879 290 1
879 474 1
879 561 1
879 903 1
879 2048 1
881 16 1
881 18 1
881 22 1
881 58 1
881 83 1
886 15 1
886 115 1
888 15 1
888 16 1
888 18 1
888 22 1
888 30 1
888 190 1
888 271 1
888 294 1
892 22 1
892 89 1
892 227 1
892 838 1
903 15 1
903 16 1
903 18 1
903 26 1
903 41 1
903 45 1
903 115 1
903 342 1
908 2 1
908 12 1
908 15 1
908 16 1
908 18 1
908 22 1
908 71 1
908 104 1
908 474 1
908 526 1
908 1355 1
922 26 1
932 18 1
932 22 1
932 37 1
932 46 1
932 47 1
932 72 1
932 104 1
932 123 1
932 147 1
932 290 1
932 312 1
932 443 1
942 2 1
942 123 1
942 125 1
942 438 1
952 333 1
979 22 1
979 299 1
979 333 1
1030 22 1
1030 3375 1
1052 2 1
1052 12 1
1052 18 1
1052 22 1
1052 26 1
1052 34 1
1052 89 1
1052 226 1
1052 240 1
1052 257 1
1052 271 1
1052 315 1
1052 489 1
1052 1172 1
1052 1341 1
1052 1376 1
1052 1554 1
1052 4843 1
1063 15 1
1063 18 1
1063 22 1
1063 26 1
1063 37 1
1063 45 1
1063 46 1
1063 71 1
1063 94 1
1063 104 1
1063 125 1
1063 190 1
1063 227 1
1063 286 1
1063 474 1
1063 526 1
1063 844 1
1063 1131 1
1063 1889 1
1063 2674 1
1078 16 1
1078 22 1
1085 6 1
1085 22 1
1085 71 1
1085 152 1
1085 801 1
1085 1078 1
1089 12 1
1089 15 1
1089 18 1
1089 22 1
1089 26 1
1089 41 1
1089 89 1
1089 125 1
1089 152 1
1089 633 1
1089 1131 1
1089 2554 1
1120 15 1
1120 89 1
1120 115 1
1120 125 1
1120 312 1
1120 443 1
1120 2299 1
1120 4714 1
1131 15 1
1131 22 1
1131 26 1
1131 28 1
1131 34 1
1131 37 1
1131 45 1
1131 68 1
1131 71 1
1131 89 1
1131 94 1
1131 152 1
1131 190 1
1131 231 1
1131 290 1
1131 299 1
1131 371 1
1131 474 1
1131 725 1
1131 922 1
1131 1063 1
1131 1167 1
1131 1172 1
1131 1659 1
1131 2299 1
1131 4146 1
1166 89 1
1166 92 1
1166 257 1
1167 15 1
1167 26 1
1167 58 1
1167 123 1
1167 1120 1
1167 3878 1
1172 15 1
1172 26 1
1172 28 1
1172 45 1
1172 58 1
1172 68 1
1172 89 1
1172 299 1
1172 337 1
1172 522 1
1172 1052 1
1182 6 1
1182 18 1
1182 22 1
1182 68 1
1182 120 1
1188 2 1
1188 68 1
1188 147 1
1188 942 1
1188 2490 1
1192 18 1
1192 22 1
1192 26 1
1192 34 1
1192 111 1
1192 190 1
1192 456 1
1192 474 1
1192 526 1
1192 548 1
1192 881 1
1228 6 1
1228 15 1
1270 1345 1
1276 6 1
1276 15 1
1276 16 1
1276 22 1
1276 26 1
1276 68 1
1276 94 1
1276 123 1
1276 478 1
1276 1659 1
1276 2096 1
1285 46 1
1285 71 1
1285 280 1
1285 844 1
1289 2 1
1289 15 1
1289 22 1
1289 46 1
1289 104 1
1289 115 1
1289 123 1
1289 474 1
1289 1376 1
1289 2674 1
1293 6 1
1293 74 1
1293 120 1
1293 286 1
1293 3163 1
1295 12 1
1295 26 1
1295 526 1
1314 15 1
1314 26 1
1314 104 1
1326 2 1
1326 6 1
1326 15 1
1326 26 1
1326 45 1
1326 72 1
1326 123 1
1326 371 1
1339 2 1
1339 12 1
1339 15 1
1339 18 1
1339 22 1
1339 26 1
1339 89 1
1339 123 1
1339 207 1
1339 257 1
1339 315 1
1339 337 1
1339 1561 1
1341 16 1
1341 18 1
1341 25 1
1341 26 1
1341 30 1
1341 41 1
1341 43 1
1341 68 1
1341 735 1
1341 1659 1
1345 18 1
1345 942 1
1345 1592 1
1345 1879 1
1354 46 1
1355 26 1
1355 28 1
1355 41 1
1355 58 1
1355 69 1
1355 111 1
1355 207 1
1355 271 1
1355 294 1
1355 624 1
1355 733 1
1376 15 1
1376 18 1
1376 22 1
1376 28 1
1376 37 1
1376 89 1
1376 94 1
1376 111 1
1376 115 1
1376 123 1
1376 136 1
1376 474 1
1376 725 1
1376 6381 1
1398 16 1
1469 290 1
1510 6 1
1510 8 1
1510 15 1
1510 22 1
1510 37 1
1510 68 1
1510 120 1
1510 190 1
1510 844 1
1554 15 1
1554 22 1
1554 26 1
1554 104 1
1554 257 1
1554 258 1
1554 312 1
1554 443 1
1554 514 1
1554 5024 1
1559 2 1
1559 15 1
1559 37 1
1559 333 1
1561 15 1
1561 18 1
1561 111 1
1561 231 1
1561 474 1
1561 838 1
1592 22 1
1592 561 1
1592 879 1
1603 34 1
1603 474 1
1617 15 1
1617 16 1
1617 26 1
1617 37 1
1617 71 1
1617 257 1
1647 2 1
1647 72 1
1659 2 1
1659 12 1
1659 18 1
1659 22 1
1659 41 1
1659 46 1
1659 125 1
1676 16 1
1720 280 1
1720 371 1
1738 28 1
1793 16 1
1793 22 1
1793 69 1
1793 340 1
1793 844 1
1816 26 1
1816 286 1
1816 2308 1
1879 22 1
1879 89 1
1879 307 1
1879 5518 1
1889 15 1
1889 22 1
1889 26 1
1889 37 1
1889 41 1
1889 45 1
1889 71 1
1889 89 1
1889 111 1
1889 257 1
1955 18 1
1955 1172 1
1986 30 1
2040 15 1
2048 15 1
2048 16 1
2048 22 1
2048 123 1
2048 245 1
2048 2308 1
2096 6 1
2096 22 1
2096 231 1
2096 1063 1
2140 6 1
2140 26 1
2140 42 1
2140 89 1
2140 474 1
2141 312 1
2182 6 1
2182 18 1
2197 104 1
2197 124 1
2197 212 1
2299 2 1
2299 22 1
2299 26 1
2299 37 1
2299 94 1
2299 147 1
2299 197 1
2299 340 1
2299 474 1
2303 15 1
2303 22 1
2303 45 1
2303 47 1
2303 89 1
2303 111 1
2305 115 1
2308 2 1
2308 12 1
2308 26 1
2308 41 1
2308 45 1
2308 68 1
2308 94 1
2308 120 1
2308 443 1
2308 532 1
2308 718 1
2343 68 1
2405 18 1
2405 28 1
2405 41 1
2405 89 1
2405 115 1
2405 294 1
2462 22 1
2467 2 1
2467 6 1
2467 8 1
2467 111 1
2467 434 1
2490 12 1
2490 16 1
2490 18 1
2490 115 1
2490 515 1
2517 71 1
2554 15 1
2554 45 1
2554 46 1
2554 123 1
2554 147 1
2554 227 1
2554 844 1
2566 299 1
2573 6 1
2573 15 1
2573 1063 1
2592 18 1
2592 22 1
2592 342 1
2592 456 1
2592 548 1
2597 474 1
2609 15 1
2609 16 1
2609 115 1
2609 119 1
2609 190 1
2612 18 1
2612 489 1
2653 290 1
2674 12 1
2674 18 1
2674 22 1
2674 26 1
2674 474 1
2674 1314 1
2682 6 1
2682 18 1
2682 22 1
2738 16 1
2738 47 1
2738 94 1
2738 2517 1
2763 15 1
2763 22 1
2763 443 1
2866 89 1
2866 257 1
2866 932 1
2966 315 1
2966 1289 1
3108 28 1
3108 37 1
3163 15 1
3163 16 1
3163 18 1
3166 15 1
3166 22 1
3166 115 1
3261 19 1
3261 22 1
3261 207 1
3301 2 1
3480 125 1
3552 8 1
3552 15 1
3552 22 1
3552 41 1
3552 302 1
3596 12 1
3596 16 1
3596 474 1
3596 854 1
3596 3552 1
3606 18 1
3606 26 1
3607 123 1
3607 340 1
3691 22 1
3691 89 1
3691 236 1
3731 26 1
3731 45 1
3731 58 1
3731 474 1
3750 6 1
3750 26 1
3750 37 1
3750 89 1
3750 115 1
3750 197 1
3750 257 1
3750 4549 1
3815 6 1
3815 12 1
3829 15 1
3857 15 1
3857 16 1
3857 89 1
3857 197 1
3877 22 1
3878 15 1
3878 624 1
3952 34 1
3963 2 1
3963 16 1
3963 18 1
3963 22 1
4065 22 1
4065 1078 1
4094 18 1
4102 16 1
4102 68 1
4102 115 1
4102 123 1
4146 15 1
4146 28 1
4146 115 1
4146 340 1
4146 438 1
4166 15 1
4175 6 1
4176 1172 1
4330 844 1
4402 22 1
4435 286 1
4437 15 1
4437 34 1
4549 15 1
4549 16 1
4549 71 1
4644 15 1
4644 115 1
4714 6 1
4714 28 1
4714 42 1
4714 125 1
4714 286 1
4714 6673 1
4818 22 1
4818 28 1
4820 2 1
4820 125 1
4827 37 1
4843 340 1
4843 2096 1
4868 22 1
4868 28 1
4868 72 1
4877 89 1
5007 526 1
5039 15 1
5101 6 1
5280 26 1
5280 474 1
5340 302 1
5406 6 1
5406 18 1
5406 34 1
5406 41 1
5406 45 1
5406 94 1
5406 125 1
5406 522 1
5406 1052 1
5406 5518 1
5409 18 1
5449 26 1
5457 18 1
5480 16 1
5518 26 1
5518 212 1
5533 28 1
5533 1326 1
5750 26 1
5921 6 1
5921 15 1
5921 99 1
5921 312 1
5921 340 1
5921 506 1
5921 1131 1
5921 3261 1
5938 16 1
5938 26 1
5976 26 1
5987 16 1
6019 18 1
6068 147 1
6152 15 1
6152 34 1
6152 136 1
6226 22 1
6263 6 1
6263 26 1
6263 358 1
6263 526 1
6263 1167 1
6362 16 1
6362 18 1
6376 236 1
6376 299 1
6381 15 1
6598 22 1
6660 190 1
6673 22 1
6673 45 1
6673 474 1
6703 280 1
7143 89 1
7143 190 1
7154 22 1
7294 22 1
7340 16 1
7419 22 1
7452 22 1
7469 290 1
7683 15 1
