2 6 1
2 12 1
2 15 1
2 22 1
2 30 1
2 34 1
2 37 1
2 45 1
2 68 1
2 69 1
2 89 1
2 104 1
2 123 1
2 125 1
2 136 1
2 147 1
2 190 1
2 197 1
2 212 1
2 290 1
2 312 1
2 358 1
2 489 1
2 508 1
2 530 1
2 624 1
2 633 1
2 695 1
2 735 1
2 838 1
2 854 1
2 908 1
2 1052 1
2 1089 1
2 1276 1
2 1561 1
2 1659 1
2 2140 1
2 2303 1
2 2343 1
2 2738 1
2 4065 1
2 4094 1
2 4102 1
2 4146 1
2 5533 1
6 2 1
6 8 1
6 12 1
6 15 1
6 16 1
6 18 1
6 25 1
6 26 1
6 28 1
6 30 1
6 34 1
6 37 1
6 41 1
6 42 1
6 43 1
6 45 1
6 46 1
6 69 1
6 71 1
6 72 1
6 111 1
6 120 1
6 136 1
6 147 1
6 190 1
6 196 1
6 207 1
6 227 1
6 236 1
6 322 1
6 340 1
6 358 1
6 369 1
6 371 1
6 443 1
6 474 1
6 508 1
6 515 1
6 526 1
6 529 1
6 530 1
6 532 1
6 533 1
6 548 1
6 561 1
6 623 1
6 624 1
6 725 1
6 735 1
6 844 1
6 879 1
6 903 1
6 908 1
6 932 1
6 942 1
6 1052 1
6 1063 1
6 1089 1
6 1276 1
6 1289 1
6 1355 1
6 1554 1
6 1720 1
6 1738 1
6 1793 1
6 2299 1
6 2517 1
6 2554 1
6 3691 1
6 4330 1
6 4714 1
8 2 1
8 6 1
8 12 1
8 15 1
8 16 1
8 26 1
8 28 1
8 45 1
8 104 1
8 120 1
8 123 1
8 197 1
8 257 1
8 337 1
8 735 1
8 844 1
8 1172 1
8 1192 1
8 1339 1
8 1341 1
8 2966 1
8 3691 1
9 6 1
9 16 1
9 18 1
9 22 1
9 26 1
9 37 1
9 41 1
9 58 1
9 68 1
9 94 1
9 147 1
9 186 1
9 290 1
9 299 1
9 456 1
9 1063 1
9 1167 1
9 4714 1
9 5406 1
12 2 1
12 18 1
12 25 1
12 26 1
12 28 1
12 37 1
12 42 1
12 43 1
12 89 1
12 92 1
12 94 1
12 104 1
12 136 1
12 186 1
12 190 1
12 196 1
12 197 1
12 240 1
12 286 1
12 294 1
12 299 1
12 333 1
12 348 1
12 358 1
12 371 1
12 443 1
12 478 1
12 489 1
12 508 1
12 529 1
12 530 1
12 561 1
12 624 1
12 653 1
12 718 1
12 735 1
12 803 1
12 1089 1
12 1167 1
12 1172 1
12 1289 1
12 1295 1
12 1341 1
12 1376 1
12 2554 1
12 4437 1
12 4714 1
15 6 1
15 9 1
15 12 1
15 18 1
15 22 1
15 28 1
15 30 1
15 43 1
15 46 1
15 68 1
15 71 1
15 72 1
15 94 1
15 111 1
15 125 1
15 136 1
15 147 1
15 152 1
15 190 1
15 196 1
15 236 1
15 245 1
15 280 1
15 290 1
15 299 1
15 307 1
15 312 1
15 315 1
15 369 1
15 371 1
15 434 1
15 435 1
15 438 1
15 443 1
15 478 1
15 489 1
15 506 1
15 522 1
15 526 1
15 530 1
15 704 1
15 725 1
15 735 1
15 838 1
15 892 1
15 903 1
15 1063 1
15 1085 1
15 1166 1
15 1167 1
15 1172 1
15 1182 1
15 1228 1
15 1285 1
15 1289 1
15 1293 1
15 1295 1
15 1354 1
15 1398 1
15 2343 1
15 2405 1
15 2566 1
15 3261 1
15 3480 1
15 3750 1
15 3857 1
15 5280 1
15 5921 1
15 7419 1
16 2 1
16 8 1
16 12 1
16 15 1
16 18 1
16 22 1
16 26 1
16 30 1
16 33 1
16 34 1
16 37 1
16 41 1
16 42 1
16 45 1
16 47 1
16 58 1
16 60 1
16 69 1
16 71 1
16 72 1
16 74 1
16 89 1
16 94 1
16 111 1
16 120 1
16 123 1
16 124 1
16 125 1
16 126 1
16 136 1
16 139 1
16 147 1
16 152 1
16 186 1
16 231 1
16 236 1
16 240 1
16 245 1
16 258 1
16 271 1
16 286 1
16 299 1
16 307 1
16 315 1
16 320 1
16 322 1
16 333 1
16 340 1
16 342 1
16 348 1
16 369 1
16 371 1
16 398 1
16 434 1
16 435 1
16 438 1
16 443 1
16 456 1
16 474 1
16 478 1
16 508 1
16 514 1
16 515 1
16 526 1
16 529 1
16 530 1
16 561 1
16 612 1
16 624 1
16 631 1
16 695 1
16 704 1
16 714 1
16 733 1
16 854 1
16 881 1
16 886 1
16 903 1
16 908 1
16 942 1
16 979 1
16 1052 1
16 1078 1
16 1085 1
16 1089 1
16 1120 1
16 1131 1
16 1166 1
16 1167 1
16 1172 1
16 1188 1
16 1192 1
16 1285 1
16 1314 1
16 1336 1
16 1339 1
16 1355 1
16 1561 1
16 1659 1
16 1676 1
16 1720 1
16 1738 1
16 1889 1
16 2096 1
16 2141 1
16 2197 1
16 2299 1
16 2305 1
16 2308 1
16 2405 1
16 2517 1
16 2573 1
16 2674 1
16 2763 1
16 2966 1
16 3108 1
16 3261 1
16 3375 1
16 3481 1
16 3552 1
16 3607 1
16 3750 1
16 3815 1
16 3878 1
16 4094 1
16 4515 1
16 4644 1
16 4820 1
16 4868 1
16 5024 1
16 5039 1
16 5227 1
16 5457 1
16 5518 1
16 5938 1
16 6362 1
16 6381 1
16 6598 1
16 6703 1
18 6 1
18 8 1
18 9 1
18 12 1
18 15 1
18 22 1
18 24 1
18 26 1
18 28 1
18 34 1
18 37 1
18 41 1
18 42 1
18 43 1
18 46 1
18 60 1
18 68 1
18 69 1
18 71 1
18 72 1
18 91 1
18 92 1
18 94 1
18 104 1
18 111 1
18 120 1
18 124 1
18 125 1
18 126 1
18 147 1
18 152 1
18 190 1
18 212 1
18 226 1
18 231 1
18 236 1
18 240 1
18 245 1
18 257 1
18 258 1
18 271 1
18 280 1
18 286 1
18 294 1
18 299 1
18 307 1
18 315 1
18 320 1
18 322 1
18 333 1
18 358 1
18 371 1
18 438 1
18 443 1
18 489 1
18 506 1
18 508 1
18 514 1
18 515 1
18 526 1
18 529 1
18 533 1
18 540 1
18 561 1
18 582 1
18 624 1
18 704 1
18 725 1
18 765 1
18 803 1
18 844 1
18 879 1
18 888 1
18 922 1
18 932 1
18 979 1
18 1052 1
18 1063 1
18 1089 1
18 1120 1
18 1295 1
18 1339 1
18 1341 1
18 1376 1
18 1554 1
18 1603 1
18 1617 1
18 1647 1
18 1659 1
18 1720 1
18 1816 1
18 1889 1
18 1955 1
18 2048 1
18 2096 1
18 2197 1
18 2303 1
18 2308 1
18 2405 1
18 2517 1
18 2609 1
18 2674 1
18 2738 1
18 3166 1
18 3481 1
18 4094 1
18 4102 1
18 4146 1
18 4644 1
18 4843 1
18 5024 1
18 5039 1
18 5406 1
18 6703 1
18 7294 1
18 7419 1
19 6 1
19 15 1
19 16 1
19 22 1
19 37 1
19 844 1
22 2 1
22 6 1
22 8 1
22 12 1
22 18 1
22 24 1
22 25 1
22 26 1
22 30 1
22 34 1
22 37 1
22 43 1
22 45 1
22 46 1
22 47 1
22 58 1
22 60 1
22 69 1
22 72 1
22 83 1
22 89 1
22 94 1
22 104 1
22 111 1
22 119 1
22 123 1
22 124 1
22 125 1
22 147 1
22 152 1
22 186 1
22 190 1
22 191 1
22 196 1
22 197 1
22 207 1
22 212 1
22 227 1
22 231 1
22 245 1
22 257 1
22 280 1
22 290 1
22 299 1
22 315 1
22 320 1
22 322 1
22 333 1
22 337 1
22 340 1
22 348 1
22 358 1
22 434 1
22 435 1
22 438 1
22 456 1
22 474 1
22 478 1
22 489 1
22 494 1
22 506 1
22 514 1
22 522 1
22 529 1
22 530 1
22 533 1
22 540 1
22 561 1
22 623 1
22 624 1
22 631 1
22 653 1
22 695 1
22 704 1
22 714 1
22 725 1
22 733 1
22 735 1
22 765 1
22 801 1
22 838 1
22 844 1
22 854 1
22 879 1
22 881 1
22 888 1
22 903 1
22 908 1
22 932 1
22 942 1
22 1052 1
22 1063 1
22 1078 1
22 1131 1
22 1166 1
22 1167 1
22 1172 1
22 1182 1
22 1192 1
22 1276 1
22 1285 1
22 1289 1
22 1293 1
22 1295 1
22 1339 1
22 1376 1
22 1398 1
22 1469 1
22 1510 1
22 1554 1
22 1592 1
22 1659 1
22 1676 1
22 1889 1
22 2048 1
22 2096 1
22 2182 1
22 2197 1
22 2303 1
22 2308 1
22 2405 1
22 2467 1
22 2490 1
22 2517 1
22 2597 1
22 2682 1
22 2738 1
22 3166 1
22 3301 1
22 3552 1
22 3596 1
22 3691 1
22 3750 1
22 3950 1
22 3963 1
22 4065 1
22 4094 1
22 4269 1
22 4330 1
22 4402 1
22 4714 1
22 4818 1
22 4820 1
22 4827 1
22 4843 1
22 4868 1
22 5101 1
22 5921 1
22 6152 1
22 6226 1
22 6376 1
22 6673 1
22 7017 1
22 7340 1
22 7452 1
24 2 1
24 12 1
24 15 1
24 34 1
24 71 1
24 89 1
24 147 1
24 844 1
25 16 1
25 26 1
25 30 1
25 37 1
25 68 1
25 69 1
25 71 1
25 72 1
25 115 1
25 435 1
25 438 1
25 474 1
25 612 1
25 844 1
25 932 1
25 1131 1
25 1172 1
25 3261 1
26 2 1
26 8 1
26 12 1
26 15 1
26 25 1
26 28 1
26 34 1
26 41 1
26 42 1
26 46 1
26 47 1
26 58 1
26 60 1
26 68 1
26 69 1
26 71 1
26 89 1
26 92 1
26 104 1
26 111 1
26 115 1
26 123 1
26 125 1
26 126 1
26 147 1
26 190 1
26 197 1
26 207 1
26 212 1
26 227 1
26 231 1
26 236 1
26 241 1
26 245 1
26 257 1
26 258 1
26 280 1
26 299 1
26 302 1
26 312 1
26 320 1
26 322 1
26 340 1
26 348 1
26 358 1
26 371 1
26 434 1
26 435 1
26 438 1
26 456 1
26 478 1
26 506 1
26 515 1
26 526 1
26 530 1
26 624 1
26 633 1
26 685 1
26 695 1
26 733 1
26 803 1
26 838 1
26 844 1
26 854 1
26 1052 1
26 1063 1
26 1078 1
26 1089 1
26 1289 1
26 1314 1
26 1339 1
26 1341 1
26 1376 1
26 1554 1
26 2303 1
26 2462 1
26 3552 1
26 3691 1
26 4269 1
26 4435 1
26 5866 1
28 2 1
28 6 1
28 8 1
28 9 1
28 12 1
28 15 1
28 16 1
28 18 1
28 22 1
28 26 1
28 34 1
28 37 1
28 41 1
28 42 1
28 43 1
28 45 1
28 47 1
28 60 1
28 68 1
28 71 1
28 91 1
28 94 1
28 104 1
28 111 1
28 115 1
28 120 1
28 125 1
28 126 1
28 139 1
28 147 1
28 190 1
28 227 1
28 231 1
28 236 1
28 245 1
28 280 1
28 302 1
28 312 1
28 315 1
28 348 1
28 371 1
28 438 1
28 443 1
28 456 1
28 474 1
28 506 1
28 508 1
28 514 1
28 526 1
28 561 1
28 612 1
28 624 1
28 704 1
28 733 1
28 765 1
28 801 1
28 844 1
28 932 1
28 1052 1
28 1063 1
28 1078 1
28 1120 1
28 1131 1
28 1172 1
28 1182 1
28 1276 1
28 1293 1
28 1295 1
28 1341 1
28 1561 1
28 1720 1
28 1793 1
28 2462 1
28 2674 1
28 2763 1
28 3375 1
28 3552 1
28 3607 1
28 3731 1
28 4330 1
28 4714 1
28 5406 1
28 5533 1
30 8 1
30 16 1
30 18 1
30 22 1
30 26 1
30 34 1
30 37 1
30 42 1
30 72 1
30 94 1
30 99 1
30 119 1
30 147 1
30 152 1
30 226 1
30 258 1
30 271 1
30 280 1
30 286 1
30 290 1
30 302 1
30 315 1
30 320 1
30 371 1
30 434 1
30 474 1
30 489 1
30 529 1
30 561 1
30 612 1
30 624 1
30 633 1
30 695 1
30 844 1
30 886 1
30 892 1
30 932 1
30 1078 1
30 1167 1
30 1172 1
30 1295 1
30 1354 1
30 1376 1
30 1659 1
30 2096 1
30 2738 1
30 2866 1
30 3163 1
30 3952 1
30 4714 1
30 5750 1
33 15 1
33 26 1
34 6 1
34 8 1
34 12 1
34 15 1
34 16 1
34 18 1
34 26 1
34 30 1
34 37 1
34 45 1
34 58 1
34 68 1
34 69 1
34 72 1
34 115 1
34 119 1
34 123 1
34 125 1
34 197 1
34 212 1
34 231 1
34 257 1
34 280 1
34 290 1
34 294 1
34 322 1
34 337 1
34 340 1
34 438 1
34 443 1
34 489 1
34 526 1
34 540 1
34 653 1
34 695 1
34 725 1
34 932 1
34 1052 1
34 1289 1
34 1341 1
34 1955 1
34 3691 1
34 4402 1
37 6 1
37 12 1
37 15 1
37 16 1
37 19 1
37 22 1
37 26 1
37 28 1
37 33 1
37 41 1
37 42 1
37 43 1
37 45 1
37 46 1
37 58 1
37 68 1
37 71 1
37 89 1
37 92 1
37 104 1
37 115 1
37 123 1
37 125 1
37 136 1
37 152 1
37 190 1
37 236 1
37 245 1
37 257 1
37 280 1
37 290 1
37 294 1
37 312 1
37 514 1
37 522 1
37 526 1
37 733 1
37 892 1
37 903 1
37 908 1
37 1089 1
37 1131 1
37 1314 1
37 1326 1
37 1554 1
37 1659 1
37 2517 1
37 3750 1
37 7154 1
41 2 1
41 6 1
41 8 1
41 15 1
41 16 1
41 26 1
41 28 1
41 37 1
41 58 1
41 89 1
41 125 1
41 190 1
41 231 1
41 271 1
41 286 1
41 294 1
41 302 1
41 371 1
41 456 1
41 548 1
41 561 1
41 624 1
41 801 1
41 803 1
41 1131 1
41 1276 1
41 1376 1
41 1554 1
41 1659 1
41 3815 1
41 4435 1
42 6 1
42 15 1
42 18 1
42 22 1
42 28 1
42 45 1
42 89 1
42 104 1
42 207 1
42 227 1
42 245 1
42 257 1
42 258 1
42 271 1
42 299 1
42 307 1
42 320 1
42 474 1
42 526 1
42 561 1
42 725 1
42 844 1
42 932 1
42 1120 1
42 2609 1
42 3952 1
43 6 1
43 9 1
43 16 1
43 22 1
43 26 1
43 33 1
43 34 1
43 42 1
43 68 1
43 72 1
43 89 1
43 94 1
43 104 1
43 115 1
43 119 1
43 124 1
43 126 1
43 139 1
43 236 1
43 294 1
43 307 1
43 333 1
43 474 1
43 526 1
43 532 1
43 623 1
43 844 1
43 1063 1
43 1182 1
43 1559 1
43 2305 1
43 2308 1
43 7419 1
45 6 1
45 9 1
45 15 1
45 18 1
45 22 1
45 26 1
45 37 1
45 46 1
45 47 1
45 68 1
45 69 1
45 71 1
45 92 1
45 94 1
45 111 1
45 115 1
45 125 1
45 136 1
45 139 1
45 147 1
45 190 1
45 197 1
45 236 1
45 271 1
45 280 1
45 312 1
45 333 1
45 340 1
45 348 1
45 358 1
45 371 1
45 438 1
45 443 1
45 456 1
45 514 1
45 529 1
45 561 1
45 653 1
45 685 1
45 801 1
45 803 1
45 838 1
45 854 1
45 881 1
45 922 1
45 932 1
45 1052 1
45 1131 1
45 1188 1
45 1289 1
45 1295 1
45 1326 1
45 1339 1
45 2197 1
45 2303 1
45 2467 1
45 2517 1
45 2738 1
45 3166 1
45 6226 1
45 6376 1
46 6 1
46 9 1
46 15 1
46 16 1
46 18 1
46 19 1
46 25 1
46 26 1
46 30 1
46 34 1
46 37 1
46 71 1
46 74 1
46 83 1
46 89 1
46 94 1
46 104 1
46 111 1
46 115 1
46 119 1
46 120 1
46 123 1
46 124 1
46 125 1
46 227 1
46 231 1
46 257 1
46 271 1
46 294 1
46 312 1
46 443 1
46 456 1
46 474 1
46 530 1
46 735 1
46 844 1
46 1052 1
46 1131 1
46 1276 1
46 1354 1
46 1355 1
46 2299 1
46 2303 1
47 6 1
47 8 1
47 12 1
47 15 1
47 41 1
47 125 1
47 286 1
47 299 1
47 474 1
47 529 1
47 1131 1
47 1376 1
47 4065 1
58 9 1
58 12 1
58 15 1
58 26 1
58 30 1
58 37 1
58 42 1
58 43 1
58 45 1
58 46 1
58 68 1
58 69 1
58 71 1
58 89 1
58 99 1
58 111 1
58 115 1
58 120 1
58 123 1
58 190 1
58 212 1
58 227 1
58 257 1
58 280 1
58 286 1
58 290 1
58 294 1
58 312 1
58 315 1
58 322 1
58 358 1
58 438 1
58 456 1
58 474 1
58 489 1
58 533 1
58 561 1
58 704 1
58 844 1
58 879 1
58 932 1
58 1030 1
58 1063 1
58 1289 1
58 1339 1
58 1376 1
58 1510 1
58 1659 1
58 1986 1
58 2299 1
58 2308 1
58 2554 1
58 3552 1
58 4065 1
58 5227 1
58 5750 1
58 6673 1
60 15 1
60 18 1
60 22 1
60 26 1
60 42 1
60 45 1
60 89 1
60 115 1
60 312 1
60 315 1
60 514 1
60 653 1
60 685 1
68 2 1
68 6 1
68 8 1
68 12 1
68 15 1
68 16 1
68 18 1
68 19 1
68 22 1
68 25 1
68 26 1
68 34 1
68 37 1
68 41 1
68 42 1
68 45 1
68 46 1
68 58 1
68 69 1
68 89 1
68 94 1
68 104 1
68 111 1
68 115 1
68 120 1
68 124 1
68 125 1
68 147 1
68 186 1
68 197 1
68 231 1
68 258 1
68 286 1
68 302 1
68 312 1
68 333 1
68 342 1
68 348 1
68 361 1
68 371 1
68 443 1
68 474 1
68 478 1
68 508 1
68 526 1
68 530 1
68 582 1
68 735 1
68 844 1
68 922 1
68 932 1
68 1078 1
68 1120 1
68 1172 1
68 1182 1
68 1192 1
68 1293 1
68 1339 1
68 1341 1
68 1376 1
68 1816 1
68 1889 1
68 2612 1
68 3552 1
68 3815 1
68 6376 1
69 18 1
69 37 1
69 41 1
69 42 1
69 43 1
69 89 1
69 111 1
69 231 1
69 844 1
69 932 1
69 1052 1
69 3952 1
71 2 1
71 6 1
71 12 1
71 18 1
71 19 1
71 22 1
71 28 1
71 41 1
71 42 1
71 58 1
71 68 1
71 89 1
71 115 1
71 123 1
71 125 1
71 126 1
71 136 1
71 240 1
71 245 1
71 280 1
71 290 1
71 299 1
71 312 1
71 340 1
71 342 1
71 348 1
71 371 1
71 443 1
71 474 1
71 478 1
71 515 1
71 522 1
71 530 1
71 733 1
71 803 1
71 838 1
71 881 1
71 908 1
71 1120 1
71 1131 1
71 1167 1
71 1172 1
71 1289 1
71 1341 1
71 1345 1
71 1398 1
71 1592 1
71 1879 1
71 1889 1
71 2197 1
71 2554 1
71 3301 1
71 3375 1
71 3607 1
71 3877 1
71 4330 1
71 5280 1
72 2 1
72 12 1
72 15 1
72 18 1
72 25 1
72 26 1
72 28 1
72 34 1
72 41 1
72 45 1
72 46 1
72 68 1
72 69 1
72 226 1
72 290 1
72 312 1
72 474 1
72 735 1
72 801 1
72 903 1
72 932 1
72 1089 1
72 1131 1
72 1172 1
72 2674 1
72 3166 1
72 4714 1
74 2 1
74 6 1
74 42 1
74 152 1
74 207 1
74 245 1
74 489 1
74 514 1
83 6 1
83 9 1
83 12 1
83 16 1
83 69 1
83 71 1
83 72 1
83 111 1
83 124 1
83 231 1
83 286 1
83 302 1
83 530 1
83 888 1
83 932 1
83 1089 1
83 4094 1
83 5518 1
89 2 1
89 6 1
89 15 1
89 16 1
89 18 1
89 19 1
89 22 1
89 26 1
89 28 1
89 30 1
89 34 1
89 37 1
89 41 1
89 45 1
89 46 1
89 92 1
89 94 1
89 111 1
89 115 1
89 123 1
89 152 1
89 190 1
89 236 1
89 240 1
89 290 1
89 299 1
89 302 1
89 312 1
89 337 1
89 340 1
89 342 1
89 348 1
89 369 1
89 443 1
89 456 1
89 474 1
89 489 1
89 508 1
89 514 1
89 532 1
89 548 1
89 624 1
89 733 1
89 735 1
89 765 1
89 838 1
89 844 1
89 854 1
89 879 1
89 908 1
89 942 1
89 1172 1
89 1293 1
89 1793 1
89 2197 1
89 2462 1
89 2738 1
89 3108 1
89 3877 1
89 5007 1
89 6381 1
91 16 1
91 45 1
91 286 1
91 1376 1
92 2 1
92 12 1
92 15 1
92 16 1
92 22 1
92 26 1
92 42 1
92 45 1
92 58 1
92 68 1
92 72 1
92 89 1
92 104 1
92 120 1
92 197 1
92 212 1
92 340 1
92 474 1
92 508 1
92 1131 1
92 1326 1
92 2203 1
92 2592 1
92 2866 1
94 2 1
94 8 1
94 15 1
94 19 1
94 26 1
94 28 1
94 34 1
94 37 1
94 45 1
94 46 1
94 47 1
94 60 1
94 68 1
94 69 1
94 111 1
94 115 1
94 147 1
94 207 1
94 212 1
94 231 1
94 294 1
94 299 1
94 302 1
94 315 1
94 358 1
94 474 1
94 489 1
94 506 1
94 508 1
94 526 1
94 561 1
94 624 1
94 714 1
94 733 1
94 735 1
94 844 1
94 979 1
94 1052 1
94 1063 1
94 1131 1
94 1188 1
94 1285 1
94 1592 1
94 2612 1
94 3166 1
94 3750 1
94 4176 1
94 6376 1
99 15 1
99 16 1
99 18 1
99 25 1
99 26 1
99 28 1
99 34 1
99 43 1
99 45 1
99 47 1
99 72 1
99 74 1
99 89 1
99 123 1
99 124 1
99 227 1
99 290 1
99 337 1
99 340 1
99 348 1
99 474 1
99 530 1
99 532 1
99 624 1
99 733 1
99 1052 1
99 1339 1
99 6673 1
104 2 1
104 12 1
104 15 1
104 16 1
104 18 1
104 22 1
104 28 1
104 34 1
104 37 1
104 41 1
104 71 1
104 89 1
104 94 1
104 111 1
104 115 1
104 123 1
104 125 1
104 147 1
104 152 1
104 197 1
104 207 1
104 212 1
104 231 1
104 257 1
104 280 1
104 286 1
104 290 1
104 294 1
104 312 1
104 315 1
104 340 1
104 358 1
104 361 1
104 438 1
104 474 1
104 514 1
104 526 1
104 533 1
104 718 1
104 844 1
104 1052 1
104 1063 1
104 1131 1
104 1376 1
104 2554 1
104 3552 1
104 4402 1
104 4827 1
104 5750 1
104 5976 1
104 6068 1
104 7141 1
111 2 1
111 6 1
111 12 1
111 15 1
111 18 1
111 22 1
111 28 1
111 30 1
111 42 1
111 45 1
111 58 1
111 68 1
111 74 1
111 94 1
111 125 1
111 126 1
111 147 1
111 191 1
111 197 1
111 231 1
111 257 1
111 290 1
111 294 1
111 320 1
111 340 1
111 438 1
111 443 1
111 506 1
111 704 1
111 801 1
111 803 1
111 838 1
111 881 1
111 932 1
111 1052 1
111 1063 1
111 1085 1
111 1172 1
111 1355 1
111 1554 1
111 2490 1
111 2609 1
111 3261 1
111 3552 1
111 4175 1
111 5039 1
111 5280 1
111 5449 1
111 5533 1
115 6 1
115 12 1
115 16 1
115 18 1
115 22 1
115 41 1
115 42 1
115 45 1
115 92 1
115 94 1
115 104 1
115 120 1
115 125 1
115 186 1
115 190 1
115 207 1
115 245 1
115 257 1
115 280 1
115 290 1
115 294 1
115 322 1
115 333 1
115 337 1
115 340 1
115 369 1
115 434 1
115 438 1
115 456 1
115 489 1
115 506 1
115 515 1
115 529 1
115 532 1
115 561 1
115 631 1
115 801 1
115 803 1
115 903 1
115 1052 1
115 1063 1
115 1085 1
115 1131 1
115 1172 1
115 1339 1
115 1355 1
115 1398 1
115 1592 1
115 2303 1
115 2462 1
115 2866 1
115 3691 1
115 7143 1
119 2 1
119 6 1
119 8 1
119 16 1
119 18 1
119 22 1
119 26 1
119 28 1
119 41 1
119 45 1
119 46 1
119 58 1
119 69 1
119 71 1
119 74 1
119 89 1
119 94 1
119 104 1
119 120 1
119 125 1
119 186 1
119 191 1
119 207 1
119 227 1
119 231 1
119 245 1
119 257 1
119 280 1
119 286 1
119 294 1
119 299 1
119 302 1
119 307 1
119 312 1
119 369 1
119 371 1
119 438 1
119 474 1
119 489 1
119 530 1
119 548 1
119 561 1
119 624 1
119 633 1
119 685 1
119 695 1
119 704 1
119 735 1
119 801 1
119 903 1
119 1063 1
119 1192 1
119 1510 1
119 1592 1
119 2299 1
119 2674 1
119 3552 1
119 3857 1
119 4330 1
119 5024 1
119 6376 1
120 12 1
120 15 1
120 16 1
120 18 1
120 22 1
120 26 1
120 37 1
120 45 1
120 46 1
120 47 1
120 60 1
120 71 1
120 72 1
120 89 1
120 94 1
120 125 1
120 136 1
120 197 1
120 207 1
120 245 1
120 294 1
120 299 1
120 320 1
120 358 1
120 371 1
120 474 1
120 494 1
120 733 1
120 932 1
120 1172 1
120 1289 1
120 1355 1
120 2467 1
120 2554 1
120 5406 1
120 7683 1
123 2 1
123 8 1
123 12 1
123 15 1
123 18 1
123 22 1
123 24 1
123 26 1
123 28 1
123 37 1
123 41 1
123 45 1
123 46 1
123 47 1
123 60 1
123 68 1
123 72 1
123 89 1
123 115 1
123 120 1
123 124 1
123 125 1
123 126 1
123 136 1
123 147 1
123 227 1
123 231 1
123 257 1
123 271 1
123 280 1
123 290 1
123 294 1
123 302 1
123 307 1
123 315 1
123 320 1
123 337 1
123 340 1
123 348 1
123 371 1
123 443 1
123 456 1
123 474 1
123 489 1
123 508 1
123 526 1
123 529 1
123 530 1
123 532 1
123 548 1
123 623 1
123 653 1
123 695 1
123 765 1
123 903 1
123 922 1
123 932 1
123 1052 1
123 1063 1
123 1089 1
123 1131 1
123 1172 1
123 1182 1
123 1314 1
123 1339 1
123 1376 1
123 1592 1
123 1659 1
123 1691 1
123 1816 1
123 1889 1
123 2299 1
123 2303 1
123 2467 1
123 2517 1
123 2738 1
123 2763 1
123 3552 1
123 4437 1
123 4714 1
123 5921 1
124 26 1
124 41 1
124 68 1
124 115 1
124 119 1
124 136 1
124 152 1
124 245 1
124 286 1
124 299 1
124 348 1
124 474 1
124 530 1
124 533 1
124 735 1
124 765 1
124 1052 1
124 1063 1
124 1085 1
124 1285 1
124 1339 1
125 6 1
125 8 1
125 12 1
125 15 1
125 18 1
125 22 1
125 30 1
125 41 1
125 42 1
125 89 1
125 91 1
125 94 1
125 104 1
125 115 1
125 147 1
125 190 1
125 227 1
125 245 1
125 286 1
125 294 1
125 302 1
125 340 1
125 342 1
125 358 1
125 435 1
125 438 1
125 443 1
125 456 1
125 725 1
125 903 1
125 932 1
125 1052 1
125 1089 1
125 1376 1
125 2462 1
125 3952 1
126 2 1
126 6 1
126 12 1
126 18 1
126 22 1
126 45 1
126 89 1
126 111 1
126 120 1
126 123 1
126 801 1
126 1345 1
133 26 1
133 89 1
136 6 1
136 15 1
136 18 1
136 22 1
136 24 1
136 26 1
136 28 1
136 41 1
136 68 1
136 69 1
136 72 1
136 104 1
136 115 1
136 123 1
136 236 1
136 258 1
136 315 1
136 695 1
136 942 1
136 1052 1
136 1172 1
136 1345 1
136 1355 1
136 2096 1
139 6 1
139 15 1
139 22 1
139 26 1
139 92 1
139 111 1
139 286 1
139 561 1
139 735 1
139 1131 1
139 1341 1
139 1354 1
139 3963 1
139 5987 1
139 7452 1
147 45 1
147 71 1
147 72 1
147 89 1
147 123 1
147 125 1
147 438 1
147 443 1
147 7017 1
152 2 1
152 15 1
152 16 1
152 26 1
152 28 1
152 34 1
152 46 1
152 69 1
152 71 1
152 120 1
152 123 1
152 561 1
152 4714 1
186 18 1
186 26 1
186 30 1
186 45 1
186 71 1
186 226 1
186 257 1
186 299 1
186 4643 1
190 8 1
190 16 1
190 18 1
190 41 1
190 46 1
190 47 1
190 68 1
190 111 1
190 115 1
190 120 1
190 147 1
190 236 1
190 258 1
190 290 1
190 333 1
190 456 1
190 474 1
190 522 1
190 530 1
190 624 1
190 653 1
190 1078 1
190 1131 1
190 1326 1
190 1889 1
190 1955 1
190 2405 1
190 2517 1
190 3750 1
191 6 1
191 15 1
191 37 1
191 1345 1
196 22 1
196 47 1
197 15 1
197 16 1
197 18 1
197 30 1
197 41 1
197 69 1
197 71 1
197 89 1
197 94 1
197 456 1
197 526 1
197 624 1
197 2517 1
197 3552 1
207 2 1
207 8 1
207 15 1
207 18 1
207 22 1
207 45 1
207 68 1
207 89 1
207 94 1
207 104 1
207 136 1
207 190 1
207 280 1
207 290 1
207 348 1
207 529 1
207 530 1
207 1276 1
207 1659 1
207 7469 1
212 2 1
212 6 1
212 12 1
212 15 1
212 18 1
212 26 1
212 45 1
212 68 1
212 71 1
212 74 1
212 111 1
212 119 1
212 120 1
212 123 1
212 125 1
212 186 1
212 207 1
212 257 1
212 280 1
212 286 1
212 474 1
212 561 1
212 1052 1
212 1355 1
212 1879 1
212 3750 1
226 12 1
226 22 1
226 286 1
227 2 1
227 43 1
227 46 1
227 89 1
227 257 1
227 3750 1
231 12 1
231 15 1
231 22 1
231 28 1
231 37 1
231 41 1
231 71 1
231 72 1
231 89 1
231 104 1
231 124 1
231 207 1
231 257 1
231 286 1
231 294 1
231 299 1
231 474 1
231 623 1
231 633 1
231 932 1
231 942 1
231 1120 1
231 1376 1
231 3301 1
231 4843 1
236 6 1
236 15 1
236 16 1
236 18 1
236 22 1
236 24 1
236 26 1
236 42 1
236 45 1
236 58 1
236 68 1
236 71 1
236 89 1
236 115 1
236 126 1
236 136 1
236 147 1
236 207 1
236 212 1
236 307 1
236 315 1
236 371 1
236 474 1
236 653 1
236 854 1
236 879 1
236 1172 1
236 1339 1
236 1659 1
236 1879 1
236 2609 1
240 6 1
240 22 1
240 26 1
240 71 1
240 94 1
240 115 1
240 315 1
241 2 1
245 2 1
245 8 1
245 15 1
245 16 1
245 18 1
245 22 1
245 26 1
245 46 1
245 47 1
245 68 1
245 72 1
245 89 1
245 190 1
245 191 1
245 197 1
245 307 1
245 340 1
245 371 1
245 435 1
245 526 1
245 548 1
245 561 1
245 735 1
245 803 1
245 908 1
245 1172 1
245 2096 1
257 2 1
257 6 1
257 12 1
257 15 1
257 18 1
257 22 1
257 34 1
257 37 1
257 46 1
257 58 1
257 68 1
257 71 1
257 72 1
257 89 1
257 94 1
257 111 1
257 120 1
257 125 1
257 136 1
257 190 1
257 231 1
257 236 1
257 245 1
257 271 1
257 286 1
257 294 1
257 299 1
257 302 1
257 342 1
257 358 1
257 474 1
257 506 1
257 522 1
257 526 1
257 529 1
257 548 1
257 582 1
257 735 1
257 803 1
257 932 1
257 1561 1
257 2467 1
257 2763 1
257 3857 1
258 2 1
258 8 1
258 9 1
258 15 1
258 18 1
258 26 1
258 46 1
258 58 1
258 71 1
258 94 1
258 115 1
258 123 1
258 1085 1
258 1339 1
271 6 1
271 22 1
271 26 1
271 94 1
271 136 1
271 207 1
271 529 1
271 879 1
271 903 1
271 1617 1
271 1955 1
280 16 1
280 47 1
280 89 1
280 125 1
286 2 1
286 6 1
286 16 1
286 22 1
286 25 1
286 26 1
286 28 1
286 89 1
286 92 1
286 94 1
286 111 1
286 115 1
286 120 1
286 197 1
286 207 1
286 240 1
286 245 1
286 258 1
286 280 1
286 290 1
286 294 1
286 333 1
286 358 1
286 369 1
286 371 1
286 434 1
286 438 1
286 456 1
286 506 1
286 522 1
286 526 1
286 561 1
286 624 1
286 881 1
286 903 1
286 1078 1
286 1167 1
286 1172 1
286 1293 1
286 1314 1
286 1469 1
286 2040 1
286 2517 1
286 2674 1
286 3963 1
286 5406 1
290 6 1
290 12 1
290 15 1
290 16 1
290 19 1
290 22 1
290 26 1
290 41 1
290 58 1
290 71 1
290 94 1
290 104 1
290 111 1
290 120 1
290 123 1
290 125 1
290 190 1
290 212 1
290 240 1
290 257 1
290 271 1
290 299 1
290 312 1
290 348 1
290 456 1
290 474 1
290 494 1
290 540 1
290 561 1
290 733 1
290 854 1
290 1182 1
290 1326 1
290 1341 1
290 1659 1
290 2299 1
290 2554 1
290 4102 1
294 2 1
294 12 1
294 15 1
294 16 1
294 18 1
294 22 1
294 26 1
294 42 1
294 46 1
294 72 1
294 89 1
294 111 1
294 126 1
294 197 1
294 299 1
294 312 1
294 348 1
294 371 1
294 489 1
294 526 1
294 533 1
294 653 1
294 735 1
294 1326 1
294 2203 1
294 2299 1
294 2554 1
294 3731 1
299 2 1
299 15 1
299 18 1
299 22 1
299 26 1
299 28 1
299 34 1
299 45 1
299 46 1
299 89 1
299 94 1
299 120 1
299 136 1
299 286 1
299 290 1
299 312 1
299 371 1
299 438 1
299 489 1
299 526 1
299 530 1
299 844 1
299 932 1
299 1052 1
299 1089 1
299 1172 1
299 1276 1
299 4714 1
299 5921 1
302 6 1
302 15 1
302 16 1
302 19 1
302 22 1
302 26 1
302 28 1
302 30 1
302 34 1
302 37 1
302 41 1
302 71 1
302 72 1
302 74 1
302 104 1
302 120 1
302 136 1
302 197 1
302 236 1
302 240 1
302 271 1
302 290 1
302 299 1
302 340 1
302 438 1
302 456 1
302 474 1
302 633 1
302 844 1
302 1131 1
302 1816 1
302 3261 1
302 5921 1
307 19 1
307 22 1
307 25 1
307 34 1
307 45 1
307 58 1
307 68 1
307 71 1
307 89 1
307 94 1
307 190 1
307 271 1
307 299 1
307 474 1
307 478 1
307 515 1
307 529 1
307 540 1
307 908 1
307 1554 1
307 2182 1
307 2299 1
307 2554 1
307 3552 1
312 15 1
312 16 1
312 18 1
312 22 1
312 26 1
312 28 1
312 37 1
312 43 1
312 71 1
312 104 1
312 123 1
312 136 1
312 207 1
312 240 1
312 257 1
312 280 1
312 290 1
312 294 1
312 358 1
312 443 1
312 474 1
312 529 1
312 624 1
312 886 1
312 1167 1
312 1172 1
312 1554 1
312 1659 1
312 2197 1
312 2517 1
315 6 1
315 15 1
315 16 1
315 18 1
315 22 1
315 26 1
315 30 1
315 42 1
315 45 1
315 68 1
315 92 1
315 104 1
315 115 1
315 119 1
315 123 1
315 236 1
315 257 1
315 299 1
315 358 1
315 371 1
315 443 1
315 1063 1
315 1131 1
315 1293 1
315 4714 1
315 6263 1
320 22 1
320 26 1
320 71 1
320 111 1
320 333 1
322 2 1
322 18 1
322 69 1
322 94 1
322 197 1
322 1289 1
333 2 1
333 15 1
333 18 1
333 26 1
333 34 1
333 42 1
333 45 1
333 46 1
333 71 1
333 72 1
333 89 1
333 104 1
333 125 1
333 231 1
333 280 1
333 294 1
333 474 1
333 494 1
333 508 1
333 548 1
333 844 1
333 1120 1
333 2612 1
333 3750 1
337 16 1
337 45 1
337 125 1
337 1131 1
337 1293 1
340 2 1
340 8 1
340 12 1
340 15 1
340 25 1
340 30 1
340 37 1
340 41 1
340 46 1
340 69 1
340 72 1
340 94 1
340 120 1
340 286 1
340 299 1
340 456 1
340 474 1
340 624 1
340 1078 1
340 1172 1
340 1339 1
340 1376 1
340 2405 1
342 22 1
342 45 1
342 68 1
342 115 1
342 120 1
342 315 1
342 506 1
348 2 1
348 8 1
348 18 1
348 22 1
348 26 1
348 41 1
348 42 1
348 45 1
348 111 1
348 207 1
348 438 1
348 653 1
348 1120 1
348 1289 1
348 1326 1
348 1339 1
358 2 1
358 6 1
358 15 1
358 16 1
358 18 1
358 22 1
358 26 1
358 45 1
358 94 1
358 120 1
358 123 1
358 125 1
358 207 1
358 258 1
358 271 1
358 294 1
358 312 1
358 765 1
358 1120 1
358 1659 1
361 2 1
361 16 1
361 46 1
361 196 1
361 474 1
369 18 1
369 22 1
369 26 1
369 28 1
369 526 1
371 6 1
371 15 1
371 16 1
371 19 1
371 22 1
371 28 1
371 34 1
371 111 1
371 123 1
371 125 1
371 147 1
371 190 1
371 236 1
371 337 1
371 438 1
371 474 1
371 725 1
371 765 1
371 854 1
371 1326 1
371 1345 1
371 2609 1
398 2 1
398 15 1
398 22 1
398 26 1
398 34 1
398 45 1
398 71 1
398 92 1
398 120 1
398 236 1
398 280 1
398 312 1
398 881 1
398 1345 1
434 12 1
434 15 1
434 18 1
434 26 1
434 104 1
434 312 1
435 15 1
435 18 1
435 22 1
435 26 1
435 41 1
435 115 1
435 506 1
435 522 1
435 561 1
438 2 1
438 15 1
438 16 1
438 34 1
438 45 1
438 68 1
438 72 1
438 89 1
438 104 1
438 115 1
438 120 1
438 125 1
438 136 1
438 190 1
438 207 1
438 271 1
438 280 1
438 286 1
438 312 1
438 333 1
438 443 1
438 515 1
438 522 1
438 526 1
438 838 1
438 1078 1
438 1289 1
438 1376 1
438 1559 1
438 2653 1
438 3552 1
443 6 1
443 15 1
443 16 1
443 22 1
443 30 1
443 37 1
443 42 1
443 71 1
443 72 1
443 111 1
443 124 1
443 125 1
443 147 1
443 333 1
443 340 1
443 358 1
443 434 1
443 1131 1
443 2462 1
443 2674 1
443 4146 1
443 4549 1
456 6 1
456 16 1
456 18 1
456 22 1
456 26 1
456 111 1
456 212 1
456 312 1
456 530 1
456 540 1
456 844 1
474 2 1
474 6 1
474 12 1
474 15 1
474 18 1
474 26 1
474 34 1
474 37 1
474 41 1
474 58 1
474 74 1
474 89 1
474 92 1
474 94 1
474 111 1
474 115 1
474 123 1
474 124 1
474 125 1
474 136 1
474 186 1
474 190 1
474 197 1
474 231 1
474 240 1
474 245 1
474 286 1
474 294 1
474 302 1
474 312 1
474 582 1
474 685 1
474 733 1
474 765 1
474 854 1
474 908 1
474 932 1
474 942 1
474 1052 1
474 1078 1
474 1089 1
474 1120 1
474 1167 1
474 1172 1
474 1289 1
474 1339 1
474 2405 1
474 2738 1
474 5406 1
474 5938 1
474 6263 1
474 6660 1
478 2 1
478 6 1
478 15 1
478 26 1
478 120 1
478 123 1
478 245 1
478 438 1
489 8 1
489 15 1
489 16 1
489 18 1
489 26 1
489 46 1
489 68 1
489 111 1
489 257 1
489 443 1
489 474 1
494 28 1
494 42 1
494 302 1
494 474 1
494 1339 1
506 12 1
506 15 1
506 25 1
506 28 1
506 41 1
506 45 1
506 68 1
506 71 1
506 89 1
506 94 1
506 111 1
506 125 1
506 147 1
506 186 1
506 197 1
506 212 1
506 312 1
506 474 1
506 508 1
506 1063 1
506 1510 1
508 6 1
508 26 1
508 28 1
508 94 1
508 104 1
508 123 1
508 147 1
508 190 1
508 197 1
508 290 1
508 1339 1
514 6 1
514 9 1
514 12 1
514 18 1
514 26 1
514 37 1
514 72 1
514 152 1
514 257 1
514 271 1
514 280 1
514 286 1
514 348 1
514 515 1
514 735 1
514 844 1
514 1063 1
514 1339 1
515 12 1
515 18 1
515 22 1
522 6 1
522 15 1
522 18 1
522 26 1
522 37 1
522 89 1
522 197 1
522 207 1
522 258 1
522 1314 1
526 2 1
526 9 1
526 16 1
526 18 1
526 22 1
526 26 1
526 37 1
526 42 1
526 46 1
526 68 1
526 94 1
526 111 1
526 120 1
526 123 1
526 125 1
526 186 1
526 299 1
526 312 1
526 371 1
526 474 1
526 514 1
526 1052 1
526 1063 1
526 1192 1
526 1285 1
526 1289 1
526 1561 1
526 2554 1
526 3815 1
526 4843 1
526 6263 1
529 2 1
529 8 1
529 26 1
529 68 1
529 69 1
529 72 1
529 111 1
529 123 1
529 286 1
529 312 1
529 1659 1
529 1889 1
529 1955 1
530 12 1
530 15 1
530 18 1
530 22 1
530 34 1
530 42 1
530 58 1
530 71 1
530 312 1
530 358 1
530 456 1
530 526 1
530 561 1
530 803 1
532 46 1
532 71 1
532 120 1
532 245 1
532 1131 1
532 3731 1
532 4146 1
533 6 1
533 26 1
533 152 1
540 16 1
540 26 1
540 30 1
540 37 1
540 69 1
540 271 1
540 286 1
540 506 1
548 8 1
548 16 1
548 18 1
548 104 1
548 125 1
548 290 1
561 8 1
561 15 1
561 18 1
561 22 1
561 25 1
561 26 1
561 34 1
561 41 1
561 46 1
561 47 1
561 72 1
561 89 1
561 92 1
561 104 1
561 136 1
561 147 1
561 231 1
561 236 1
561 240 1
561 280 1
561 312 1
561 438 1
561 530 1
561 725 1
561 735 1
561 888 1
561 952 1
561 1166 1
561 1592 1
561 2308 1
561 2462 1
561 3166 1
582 2 1
582 6 1
582 8 1
582 12 1
582 15 1
582 16 1
582 22 1
582 26 1
582 30 1
582 37 1
582 41 1
582 45 1
582 68 1
582 71 1
582 72 1
582 89 1
582 94 1
582 115 1
582 124 1
582 190 1
582 236 1
582 340 1
582 443 1
582 474 1
582 508 1
582 515 1
582 704 1
582 735 1
582 854 1
582 879 1
582 888 1
582 932 1
582 979 1
582 1131 1
582 1167 1
582 1172 1
582 1192 1
582 1336 1
582 1355 1
582 1554 1
582 2308 1
582 3607 1
582 4102 1
612 22 1
612 26 1
612 45 1
612 46 1
612 115 1
612 120 1
623 72 1
623 312 1
623 1182 1
624 6 1
624 15 1
624 18 1
624 22 1
624 26 1
624 37 1
624 41 1
624 68 1
624 71 1
624 89 1
624 115 1
624 119 1
624 286 1
624 371 1
624 854 1
624 903 1
624 1172 1
624 1289 1
624 1293 1
624 1341 1
624 1659 1
631 18 1
631 4435 1
633 2 1
633 15 1
633 16 1
633 18 1
633 489 1
633 1345 1
653 8 1
653 15 1
653 18 1
653 26 1
653 37 1
653 45 1
653 125 1
653 286 1
653 290 1
653 315 1
653 474 1
653 908 1
653 1078 1
653 1131 1
653 2405 1
685 15 1
685 18 1
685 41 1
685 120 1
685 123 1
685 231 1
685 257 1
685 286 1
685 299 1
685 307 1
685 337 1
685 340 1
685 474 1
685 508 1
685 526 1
685 624 1
685 1955 1
695 42 1
695 115 1
695 474 1
695 844 1
695 2308 1
704 15 1
704 26 1
704 28 1
714 15 1
714 197 1
718 15 1
725 2 1
725 12 1
725 15 1
725 16 1
725 26 1
725 41 1
725 71 1
725 89 1
725 94 1
725 115 1
725 124 1
725 152 1
725 240 1
725 257 1
725 286 1
725 371 1
725 474 1
725 532 1
725 1078 1
725 1172 1
725 1659 1
725 1889 1
725 3606 1
733 15 1
733 28 1
733 45 1
733 104 1
733 257 1
733 322 1
733 735 1
735 6 1
735 15 1
735 16 1
735 18 1
735 22 1
735 26 1
735 42 1
735 71 1
735 104 1
735 115 1
735 271 1
735 358 1
735 582 1
765 6 1
765 15 1
765 28 1
765 58 1
765 123 1
765 231 1
765 257 1
765 508 1
801 15 1
801 16 1
801 18 1
801 26 1
801 34 1
801 43 1
801 94 1
801 104 1
801 115 1
801 125 1
801 474 1
801 932 1
801 2462 1
801 5518 1
803 15 1
803 16 1
803 25 1
803 41 1
803 58 1
803 104 1
803 111 1
803 115 1
803 120 1
838 6 1
838 9 1
838 15 1
838 16 1
838 22 1
838 26 1
838 42 1
838 68 1
838 72 1
838 120 1
838 125 1
838 257 1
838 340 1
838 456 1
838 1188 1
844 2 1
844 15 1
844 16 1
844 18 1
844 19 1
844 22 1
844 26 1
844 37 1
844 45 1
844 46 1
844 69 1
844 72 1
844 125 1
844 136 1
844 245 1
844 294 1
844 337 1
844 474 1
844 631 1
844 725 1
844 932 1
844 1063 1
844 1276 1
844 1345 1
844 1879 1
844 2573 1
844 4102 1
854 6 1
854 15 1
854 71 1
854 231 1
854 299 1
854 443 1
854 494 1
854 1376 1
879 12 1
879 15 1
879 19 1
879 26 1
879 37 1
879 68 1
879 69 1
879 72 1
879 294 1
879 315 1
879 322 1
879 631 1
879 803 1
879 844 1
879 1889 1
879 2048 1
879 2299 1
879 4146 1
881 15 1
881 22 1
881 89 1
881 115 1
881 1052 1
886 15 1
886 16 1
888 15 1
888 16 1
888 26 1
888 94 1
888 125 1
888 139 1
888 1063 1
888 4818 1
892 26 1
892 37 1
892 115 1
892 494 1
903 9 1
903 15 1
903 26 1
903 28 1
903 37 1
903 45 1
903 69 1
903 290 1
908 2 1
908 15 1
908 22 1
908 68 1
908 111 1
908 123 1
908 294 1
908 358 1
908 506 1
908 3552 1
908 4402 1
922 18 1
932 6 1
932 12 1
932 15 1
932 18 1
932 37 1
932 41 1
932 89 1
932 104 1
932 123 1
932 125 1
932 1089 1
932 1188 1
942 6 1
942 18 1
942 30 1
942 152 1
952 16 1
979 15 1
979 120 1
979 299 1
1030 16 1
1030 22 1
1052 9 1
1052 15 1
1052 18 1
1052 22 1
1052 28 1
1052 37 1
1052 42 1
1052 45 1
1052 46 1
1052 68 1
1052 257 1
1052 280 1
1052 286 1
1052 294 1
1052 340 1
1052 533 1
1052 548 1
1052 1617 1
1063 12 1
1063 15 1
1063 16 1
1063 18 1
1063 22 1
1063 26 1
1063 42 1
1063 94 1
1063 111 1
1063 123 1
1063 125 1
1063 126 1
1063 257 1
1063 271 1
1063 294 1
1063 474 1
1063 685 1
1063 844 1
1063 888 1
1063 1554 1
1078 120 1
1078 312 1
1085 34 1
1085 41 1
1085 120 1
1085 1293 1
1085 1659 1
1085 2966 1
1089 6 1
1089 15 1
1089 16 1
1089 26 1
1089 41 1
1089 68 1
1089 71 1
1089 89 1
1089 115 1
1089 231 1
1089 340 1
1089 358 1
1120 15 1
1120 22 1
1120 28 1
1120 34 1
1120 45 1
1120 119 1
1120 286 1
1120 4644 1
1131 2 1
1131 19 1
1131 22 1
1131 26 1
1131 30 1
1131 34 1
1131 41 1
1131 42 1
1131 46 1
1131 68 1
1131 92 1
1131 104 1
1131 115 1
1131 125 1
1131 197 1
1131 236 1
1131 258 1
1131 286 1
1131 522 1
1131 881 1
1131 2467 1
1131 2554 1
1131 3691 1
1131 4549 1
1131 4714 1
1131 5406 1
1166 71 1
1166 315 1
1166 474 1
1167 15 1
1167 18 1
1167 26 1
1167 136 1
1167 879 1
1167 2966 1
1172 15 1
1172 18 1
1172 26 1
1172 28 1
1172 42 1
1172 47 1
1172 74 1
1172 104 1
1172 111 1
1172 123 1
1172 299 1
1182 6 1
1182 16 1
1182 115 1
1182 123 1
1182 312 1
1188 2 1
1188 6 1
1188 15 1
1188 280 1
1188 1355 1
1192 2 1
1192 18 1
1192 22 1
1192 26 1
1192 30 1
1192 45 1
1192 71 1
1192 89 1
1192 271 1
1192 286 1
1192 474 1
1228 18 1
1228 1192 1
1270 22 1
1276 15 1
1276 18 1
1276 22 1
1276 26 1
1276 45 1
1276 69 1
1276 120 1
1276 147 1
1276 190 1
1276 286 1
1276 299 1
1285 37 1
1285 89 1
1285 125 1
1285 624 1
1289 6 1
1289 12 1
1289 15 1
1289 22 1
1289 26 1
1289 41 1
1289 68 1
1289 71 1
1289 94 1
1289 280 1
1293 15 1
1293 16 1
1293 115 1
1293 290 1
1293 2653 1
1295 8 1
1295 18 1
1295 45 1
1314 15 1
1314 22 1
1314 26 1
1326 9 1
1326 15 1
1326 16 1
1326 18 1
1326 22 1
1326 45 1
1326 58 1
1326 89 1
1339 2 1
1339 15 1
1339 18 1
1339 22 1
1339 26 1
1339 34 1
1339 41 1
1339 45 1
1339 123 1
1339 147 1
1339 190 1
1339 290 1
1339 508 1
1341 15 1
1341 16 1
1341 22 1
1341 58 1
1341 74 1
1341 89 1
1341 94 1
1341 358 1
1341 1554 1
1341 3829 1
1345 15 1
1345 125 1
1345 333 1
1345 474 1
1354 120 1
1355 2 1
1355 12 1
1355 18 1
1355 22 1
1355 37 1
1355 58 1
1355 104 1
1355 190 1
1355 197 1
1355 207 1
1355 371 1
1376 9 1
1376 15 1
1376 18 1
1376 26 1
1376 89 1
1376 123 1
1376 125 1
1376 299 1
1376 765 1
1376 854 1
1376 1720 1
1376 2674 1
1376 3691 1
1376 4714 1
1398 18 1
1469 28 1
1510 2 1
1510 6 1
1510 15 1
1510 18 1
1510 22 1
1510 45 1
1510 120 1
1510 854 1
1510 1063 1
1554 12 1
1554 15 1
1554 16 1
1554 18 1
1554 104 1
1554 115 1
1554 126 1
1554 290 1
1554 320 1
1554 886 1
1559 26 1
1559 89 1
1559 245 1
1559 854 1
1561 16 1
1561 22 1
1561 68 1
1561 358 1
1561 438 1
1561 1289 1
1592 22 1
1592 371 1
1592 443 1
1603 16 1
1603 28 1
1617 15 1
1617 18 1
1617 111 1
1617 434 1
1617 474 1
1617 532 1
1647 15 1
1647 68 1
1659 12 1
1659 22 1
1659 26 1
1659 37 1
1659 236 1
1659 312 1
1659 1063 1
1676 438 1
1720 26 1
1720 286 1
1738 30 1
1793 2 1
1793 15 1
1793 26 1
1793 624 1
1793 733 1
1816 12 1
1816 115 1
1816 532 1
1879 28 1
1879 34 1
1879 89 1
1879 111 1
1889 15 1
1889 22 1
1889 26 1
1889 45 1
1889 71 1
1889 115 1
1889 123 1
1889 125 1
1889 139 1
1889 1167 1
1955 16 1
1955 4714 1
1986 115 1
2040 37 1
2048 12 1
2048 15 1
2048 18 1
2048 115 1
2048 1341 1
2048 5406 1
2096 28 1
2096 257 1
2096 299 1
2096 443 1
2140 104 1
2140 123 1
2140 844 1
2140 1172 1
2140 1889 1
2141 22 1
2182 18 1
2182 58 1
2197 104 1
2197 718 1
2197 1120 1
2299 22 1
2299 42 1
2299 45 1
2299 94 1
2299 123 1
2299 258 1
2299 340 1
2299 530 1
2299 7143 1
2303 58 1
2303 191 1
2303 258 1
2303 340 1
2303 879 1
2303 1052 1
2305 6 1
2308 12 1
2308 26 1
2308 45 1
2308 69 1
2308 71 1
2308 94 1
2308 104 1
2308 124 1
2308 340 1
2308 526 1
2308 725 1
2343 22 1
2405 15 1
2405 18 1
2405 22 1
2405 37 1
2405 68 1
2405 115 1
2462 28 1
2467 15 1
2467 18 1
2467 41 1
2467 197 1
2467 1879 1
2490 26 1
2490 125 1
2490 133 1
2490 290 1
2490 1647 1
2517 37 1
2554 16 1
2554 18 1
2554 58 1
2554 69 1
2554 236 1
2554 561 1
2554 735 1
2566 45 1
2573 22 1
2573 280 1
2573 612 1
2592 18 1
2592 22 1
2592 26 1
2592 197 1
2592 340 1
2597 1339 1
2609 22 1
2609 89 1
2609 299 1
2609 624 1
2609 1339 1
2612 18 1
2612 68 1
2653 18 1
2674 16 1
2674 18 1
2674 22 1
2674 37 1
2674 111 1
2674 1172 1
2682 18 1
2682 340 1
2682 398 1
2738 15 1
2738 16 1
2738 26 1
2738 443 1
2763 15 1
2763 18 1
2763 22 1
2866 89 1
2866 123 1
2866 125 1
2966 104 1
2966 197 1
3108 120 1
3108 438 1
3163 46 1
3163 89 1
3163 1326 1
3166 22 1
3166 71 1
3166 94 1
3261 15 1
3261 18 1
3261 46 1
3301 15 1
3480 299 1
3552 18 1
3552 22 1
3552 26 1
3552 37 1
3552 123 1
3596 26 1
3596 58 1
3596 89 1
3596 115 1
3596 312 1
3606 22 1
3606 92 1
3607 18 1
3607 1293 1
3691 37 1
3691 71 1
3691 240 1
3731 16 1
3731 22 1
3731 26 1
3731 45 1
3750 15 1
3750 26 1
3750 42 1
3750 115 1
3750 123 1
3750 294 1
3750 320 1
3750 844 1
3815 18 1
3815 71 1
3829 22 1
3857 16 1
3857 22 1
3857 115 1
3857 1182 1
3877 18 1
3878 22 1
3878 47 1
3952 18 1
3963 22 1
3963 89 1
3963 125 1
3963 514 1
4065 15 1
4065 18 1
4094 18 1
4102 12 1
4102 22 1
4102 28 1
4102 197 1
4146 26 1
4146 197 1
4146 227 1
4146 434 1
4146 903 1
4166 22 1
4175 104 1
4176 15 1
4330 474 1
4402 22 1
4435 45 1
4437 22 1
4437 68 1
4549 15 1
4549 16 1
4549 514 1
4644 72 1
4644 2467 1
4714 2 1
4714 15 1
4714 16 1
4714 37 1
4714 207 1
4714 290 1
4818 15 1
4818 68 1
4820 46 1
4820 68 1
4827 2 1
4843 16 1
4843 257 1
4868 18 1
4868 28 1
4868 2467 1
4877 15 1
5007 22 1
5039 22 1
5101 15 1
5280 16 1
5280 18 1
5340 22 1
5406 16 1
5406 18 1
5406 26 1
5406 28 1
5406 34 1
5406 71 1
5406 94 1
5406 257 1
5406 735 1
5406 2048 1
5409 89 1
5449 212 1
5457 6 1
5480 28 1
5518 6 1
5518 474 1
5533 16 1
5533 22 1
5750 2 1
5921 15 1
5921 34 1
5921 89 1
5921 111 1
5921 120 1
5921 294 1
5921 299 1
5921 3552 1
5938 72 1
5938 1188 1
5976 111 1
5987 72 1
6019 22 1
6068 6 1
6152 16 1
6152 68 1
6152 115 1
6226 147 1
6263 18 1
6263 22 1
6263 26 1
6263 45 1
6263 1554 1
6362 15 1
6362 489 1
6376 474 1
6376 881 1
6381 58 1
6598 15 1
6660 207 1
6673 18 1
6673 104 1
6673 561 1
6703 6 1
7143 58 1
7143 136 1
7154 15 1
7294 15 1
7340 152 1
7419 22 1
7452 16 1
7469 6 1
7683 68 1
