2 6 1
2 12 1
2 15 1
2 22 1
2 37 1
2 45 1
2 46 1
2 58 1
2 60 1
2 68 1
2 69 1
2 89 1
2 92 1
2 115 1
2 123 1
2 125 1
2 186 1
2 197 1
2 207 1
2 294 1
2 307 1
2 322 1
2 340 1
2 371 1
2 508 1
2 532 1
2 561 1
2 695 1
2 733 1
2 844 1
2 903 1
2 1063 1
2 1131 1
2 1172 1
2 1293 1
2 1354 1
2 1355 1
2 1554 1
2 1592 1
2 1738 1
2 2299 1
2 2343 1
2 2405 1
2 4714 1
2 4868 1
2 6376 1
6 2 1
6 9 1
6 12 1
6 15 1
6 18 1
6 26 1
6 28 1
6 34 1
6 37 1
6 41 1
6 43 1
6 45 1
6 68 1
6 69 1
6 71 1
6 111 1
6 120 1
6 123 1
6 125 1
6 147 1
6 190 1
6 197 1
6 207 1
6 227 1
6 236 1
6 240 1
6 245 1
6 257 1
6 271 1
6 290 1
6 299 1
6 312 1
6 333 1
6 337 1
6 371 1
6 434 1
6 438 1
6 443 1
6 514 1
6 548 1
6 624 1
6 653 1
6 685 1
6 725 1
6 735 1
6 801 1
6 838 1
6 844 1
6 881 1
6 908 1
6 932 1
6 1063 1
6 1188 1
6 1289 1
6 1314 1
6 1355 1
6 1376 1
6 1510 1
6 1659 1
6 2096 1
6 2197 1
6 2299 1
6 2303 1
6 2682 1
6 2763 1
6 3261 1
6 3552 1
6 3731 1
6 3952 1
6 4065 1
6 5921 1
8 2 1
8 6 1
8 12 1
8 15 1
8 16 1
8 19 1
8 26 1
8 37 1
8 68 1
8 120 1
8 125 1
8 197 1
8 212 1
8 231 1
8 257 1
8 369 1
8 371 1
8 540 1
8 854 1
8 881 1
8 1131 1
8 1293 1
9 12 1
9 15 1
9 18 1
9 26 1
9 41 1
9 47 1
9 207 1
9 280 1
9 340 1
9 438 1
9 474 1
9 526 1
9 624 1
9 735 1
9 801 1
9 844 1
9 1172 1
9 1289 1
9 3750 1
12 2 1
12 15 1
12 18 1
12 26 1
12 28 1
12 41 1
12 42 1
12 45 1
12 69 1
12 89 1
12 92 1
12 104 1
12 111 1
12 115 1
12 120 1
12 125 1
12 190 1
12 280 1
12 315 1
12 358 1
12 434 1
12 474 1
12 489 1
12 508 1
12 526 1
12 533 1
12 623 1
12 733 1
12 735 1
12 765 1
12 838 1
12 1052 1
12 1289 1
12 1314 1
12 1354 1
12 1659 1
12 1879 1
12 2048 1
12 2303 1
12 2517 1
12 2554 1
12 3750 1
12 3815 1
12 4094 1
12 4146 1
12 5406 1
12 6263 1
15 6 1
15 9 1
15 18 1
15 19 1
15 28 1
15 30 1
15 34 1
15 37 1
15 45 1
15 58 1
15 68 1
15 69 1
15 71 1
15 72 1
15 94 1
15 104 1
15 111 1
15 125 1
15 136 1
15 147 1
15 152 1
15 190 1
15 236 1
15 240 1
15 258 1
15 280 1
15 290 1
15 299 1
15 315 1
15 322 1
15 337 1
15 358 1
15 434 1
15 435 1
15 438 1
15 443 1
15 474 1
15 489 1
15 514 1
15 529 1
15 530 1
15 624 1
15 704 1
15 718 1
15 725 1
15 735 1
15 765 1
15 881 1
15 903 1
15 942 1
15 1063 1
15 1078 1
15 1120 1
15 1289 1
15 1295 1
15 1339 1
15 1355 1
15 1659 1
15 2299 1
15 2405 1
15 2554 1
15 2609 1
15 2612 1
15 3261 1
15 3552 1
15 4330 1
15 4549 1
15 6226 1
15 6376 1
16 2 1
16 6 1
16 8 1
16 12 1
16 15 1
16 25 1
16 26 1
16 30 1
16 33 1
16 34 1
16 37 1
16 41 1
16 42 1
16 45 1
16 47 1
16 68 1
16 69 1
16 72 1
16 89 1
16 94 1
16 104 1
16 111 1
16 115 1
16 120 1
16 124 1
16 125 1
16 126 1
16 147 1
16 152 1
16 191 1
16 196 1
16 197 1
16 207 1
16 212 1
16 226 1
16 227 1
16 240 1
16 241 1
16 245 1
16 280 1
16 286 1
16 294 1
16 315 1
16 320 1
16 322 1
16 333 1
16 340 1
16 342 1
16 348 1
16 358 1
16 369 1
16 371 1
16 398 1
16 434 1
16 435 1
16 456 1
16 474 1
16 478 1
16 489 1
16 494 1
16 506 1
16 508 1
16 515 1
16 526 1
16 529 1
16 530 1
16 532 1
16 548 1
16 561 1
16 612 1
16 623 1
16 624 1
16 631 1
16 633 1
16 653 1
16 685 1
16 704 1
16 718 1
16 735 1
16 765 1
16 838 1
16 844 1
16 854 1
16 892 1
16 908 1
16 932 1
16 979 1
16 1052 1
16 1078 1
16 1085 1
16 1089 1
16 1120 1
16 1131 1
16 1166 1
16 1172 1
16 1192 1
16 1276 1
16 1285 1
16 1293 1
16 1326 1
16 1355 1
16 1398 1
16 1554 1
16 1592 1
16 1720 1
16 1879 1
16 1889 1
16 2197 1
16 2299 1
16 2303 1
16 2305 1
16 2467 1
16 2517 1
16 2554 1
16 2573 1
16 2653 1
16 3108 1
16 3261 1
16 3301 1
16 3480 1
16 3552 1
16 3950 1
16 4094 1
16 4102 1
16 4402 1
16 4437 1
16 4714 1
16 4827 1
16 4843 1
16 5024 1
16 5101 1
16 5227 1
16 5750 1
16 5921 1
16 5976 1
16 5987 1
16 6226 1
16 7419 1
16 7469 1
18 6 1
18 12 1
18 15 1
18 16 1
18 19 1
18 22 1
18 24 1
18 25 1
18 26 1
18 28 1
18 30 1
18 33 1
18 34 1
18 37 1
18 42 1
18 45 1
18 46 1
18 47 1
18 60 1
18 68 1
18 69 1
18 71 1
18 72 1
18 74 1
18 89 1
18 99 1
18 104 1
18 120 1
18 124 1
18 125 1
18 126 1
18 136 1
18 147 1
18 186 1
18 190 1
18 197 1
18 227 1
18 231 1
18 236 1
18 245 1
18 257 1
18 271 1
18 280 1
18 290 1
18 294 1
18 299 1
18 312 1
18 315 1
18 322 1
18 348 1
18 358 1
18 398 1
18 435 1
18 438 1
18 443 1
18 456 1
18 474 1
18 489 1
18 506 1
18 526 1
18 530 1
18 532 1
18 548 1
18 561 1
18 612 1
18 624 1
18 653 1
18 735 1
18 803 1
18 844 1
18 854 1
18 888 1
18 922 1
18 932 1
18 1052 1
18 1063 1
18 1089 1
18 1120 1
18 1167 1
18 1182 1
18 1188 1
18 1192 1
18 1285 1
18 1295 1
18 1326 1
18 1339 1
18 1376 1
18 1398 1
18 1554 1
18 1561 1
18 1592 1
18 1659 1
18 1738 1
18 1889 1
18 2048 1
18 2140 1
18 2299 1
18 2303 1
18 2462 1
18 2467 1
18 2674 1
18 2738 1
18 2966 1
18 3166 1
18 3606 1
18 3731 1
18 3878 1
18 4065 1
18 4094 1
18 4402 1
18 4437 1
18 4549 1
18 4714 1
18 4843 1
18 5024 1
18 6703 1
19 2 1
19 15 1
19 22 1
19 94 1
19 123 1
19 5921 1
22 2 1
22 6 1
22 8 1
22 9 1
22 12 1
22 15 1
22 16 1
22 18 1
22 19 1
22 24 1
22 25 1
22 26 1
22 28 1
22 30 1
22 33 1
22 34 1
22 37 1
22 41 1
22 42 1
22 43 1
22 45 1
22 46 1
22 47 1
22 58 1
22 60 1
22 69 1
22 71 1
22 72 1
22 74 1
22 89 1
22 92 1
22 94 1
22 104 1
22 111 1
22 123 1
22 124 1
22 125 1
22 133 1
22 136 1
22 152 1
22 186 1
22 191 1
22 207 1
22 212 1
22 227 1
22 231 1
22 240 1
22 245 1
22 257 1
22 258 1
22 271 1
22 280 1
22 290 1
22 299 1
22 302 1
22 320 1
22 322 1
22 340 1
22 342 1
22 369 1
22 371 1
22 434 1
22 435 1
22 438 1
22 443 1
22 456 1
22 478 1
22 489 1
22 508 1
22 515 1
22 526 1
22 530 1
22 533 1
22 548 1
22 561 1
22 582 1
22 623 1
22 624 1
22 631 1
22 633 1
22 685 1
22 704 1
22 718 1
22 725 1
22 733 1
22 765 1
22 838 1
22 854 1
22 879 1
22 888 1
22 892 1
22 908 1
22 932 1
22 942 1
22 952 1
22 979 1
22 1052 1
22 1063 1
22 1078 1
22 1089 1
22 1131 1
22 1167 1
22 1172 1
22 1188 1
22 1289 1
22 1293 1
22 1295 1
22 1326 1
22 1339 1
22 1341 1
22 1376 1
22 1398 1
22 1561 1
22 1592 1
22 1647 1
22 1659 1
22 1816 1
22 1889 1
22 2048 1
22 2303 1
22 2305 1
22 2405 1
22 2462 1
22 2490 1
22 2517 1
22 2609 1
22 2612 1
22 2674 1
22 2866 1
22 3166 1
22 3301 1
22 3375 1
22 3481 1
22 3552 1
22 3691 1
22 3829 1
22 3857 1
22 3877 1
22 3952 1
22 4102 1
22 4269 1
22 4330 1
22 4402 1
22 4435 1
22 4644 1
22 4714 1
22 5039 1
22 5406 1
22 5457 1
22 5518 1
22 5533 1
22 6068 1
22 7017 1
22 7294 1
22 7340 1
24 6 1
24 12 1
24 28 1
24 68 1
24 508 1
24 522 1
24 530 1
24 3750 1
25 2 1
25 8 1
25 12 1
25 15 1
25 16 1
25 18 1
25 19 1
25 26 1
25 58 1
25 69 1
25 71 1
25 74 1
25 115 1
25 257 1
25 299 1
25 515 1
25 844 1
25 879 1
26 2 1
26 8 1
26 12 1
26 15 1
26 28 1
26 30 1
26 34 1
26 37 1
26 41 1
26 46 1
26 68 1
26 71 1
26 89 1
26 94 1
26 111 1
26 115 1
26 120 1
26 123 1
26 124 1
26 125 1
26 126 1
26 196 1
26 197 1
26 207 1
26 212 1
26 226 1
26 245 1
26 257 1
26 280 1
26 286 1
26 294 1
26 299 1
26 302 1
26 315 1
26 320 1
26 333 1
26 337 1
26 340 1
26 348 1
26 358 1
26 438 1
26 443 1
26 456 1
26 506 1
26 522 1
26 526 1
26 624 1
26 633 1
26 653 1
26 704 1
26 733 1
26 735 1
26 844 1
26 942 1
26 1052 1
26 1063 1
26 1089 1
26 1167 1
26 1172 1
26 1289 1
26 1295 1
26 1339 1
26 1354 1
26 1510 1
26 1617 1
26 1659 1
26 1889 1
26 1955 1
26 2141 1
26 2405 1
26 2462 1
26 2517 1
26 2866 1
26 2966 1
26 3552 1
26 3731 1
26 4820 1
26 5280 1
26 6376 1
26 6660 1
26 7452 1
28 2 1
28 6 1
28 9 1
28 12 1
28 15 1
28 16 1
28 18 1
28 19 1
28 26 1
28 34 1
28 37 1
28 43 1
28 45 1
28 46 1
28 69 1
28 72 1
28 74 1
28 91 1
28 92 1
28 104 1
28 111 1
28 115 1
28 120 1
28 136 1
28 147 1
28 152 1
28 190 1
28 197 1
28 207 1
28 212 1
28 236 1
28 240 1
28 257 1
28 271 1
28 286 1
28 290 1
28 294 1
28 312 1
28 320 1
28 348 1
28 371 1
28 438 1
28 443 1
28 474 1
28 478 1
28 506 1
28 508 1
28 526 1
28 530 1
28 540 1
28 561 1
28 624 1
28 653 1
28 735 1
28 765 1
28 801 1
28 803 1
28 838 1
28 844 1
28 854 1
28 886 1
28 903 1
28 908 1
28 932 1
28 1052 1
28 1063 1
28 1120 1
28 1289 1
28 1293 1
28 1314 1
28 1339 1
28 1355 1
28 1659 1
28 1955 1
28 2308 1
28 2405 1
28 2609 1
28 2738 1
28 3108 1
28 3750 1
28 4330 1
28 4644 1
28 5518 1
30 2 1
30 12 1
30 15 1
30 16 1
30 19 1
30 22 1
30 26 1
30 37 1
30 46 1
30 71 1
30 72 1
30 94 1
30 104 1
30 115 1
30 120 1
30 139 1
30 152 1
30 197 1
30 212 1
30 240 1
30 245 1
30 257 1
30 258 1
30 271 1
30 286 1
30 294 1
30 312 1
30 456 1
30 474 1
30 514 1
30 612 1
30 725 1
30 803 1
30 844 1
30 903 1
30 1120 1
30 1131 1
30 1172 1
30 1228 1
30 1339 1
30 1345 1
30 1676 1
30 1816 1
30 2299 1
30 2490 1
30 2592 1
30 2738 1
30 3301 1
30 3552 1
30 4402 1
30 5533 1
33 115 1
33 125 1
34 2 1
34 6 1
34 8 1
34 12 1
34 16 1
34 18 1
34 26 1
34 30 1
34 42 1
34 45 1
34 47 1
34 71 1
34 89 1
34 92 1
34 94 1
34 111 1
34 125 1
34 152 1
34 190 1
34 257 1
34 271 1
34 299 1
34 302 1
34 322 1
34 434 1
34 438 1
34 474 1
34 489 1
34 508 1
34 526 1
34 530 1
34 725 1
34 735 1
34 903 1
34 908 1
34 922 1
34 1078 1
34 1131 1
34 1376 1
34 1659 1
34 1889 1
34 2566 1
34 3691 1
37 6 1
37 8 1
37 12 1
37 15 1
37 16 1
37 18 1
37 19 1
37 22 1
37 26 1
37 28 1
37 34 1
37 41 1
37 42 1
37 43 1
37 46 1
37 58 1
37 68 1
37 92 1
37 94 1
37 119 1
37 123 1
37 125 1
37 136 1
37 147 1
37 152 1
37 207 1
37 257 1
37 286 1
37 294 1
37 312 1
37 315 1
37 333 1
37 340 1
37 348 1
37 456 1
37 474 1
37 506 1
37 515 1
37 530 1
37 704 1
37 735 1
37 801 1
37 838 1
37 844 1
37 908 1
37 1285 1
37 1561 1
37 1889 1
37 3552 1
41 6 1
41 15 1
41 18 1
41 26 1
41 37 1
41 42 1
41 45 1
41 58 1
41 68 1
41 69 1
41 89 1
41 104 1
41 111 1
41 125 1
41 257 1
41 286 1
41 299 1
41 371 1
41 438 1
41 506 1
41 540 1
41 886 1
41 932 1
41 1052 1
41 1182 1
41 1276 1
41 1326 1
41 1554 1
41 1889 1
41 2763 1
41 4330 1
42 2 1
42 9 1
42 15 1
42 18 1
42 45 1
42 68 1
42 69 1
42 94 1
42 104 1
42 111 1
42 124 1
42 125 1
42 236 1
42 245 1
42 312 1
42 371 1
42 438 1
42 443 1
42 515 1
42 633 1
42 1131 1
42 2609 1
42 2738 1
42 3552 1
42 3691 1
42 5406 1
43 2 1
43 15 1
43 18 1
43 22 1
43 26 1
43 37 1
43 42 1
43 45 1
43 46 1
43 58 1
43 69 1
43 72 1
43 94 1
43 104 1
43 111 1
43 147 1
43 186 1
43 191 1
43 290 1
43 340 1
43 342 1
43 474 1
43 508 1
43 561 1
43 886 1
43 1078 1
43 1131 1
43 1167 1
43 2405 1
43 3261 1
43 3857 1
43 4714 1
43 4827 1
45 6 1
45 8 1
45 9 1
45 12 1
45 22 1
45 26 1
45 28 1
45 34 1
45 41 1
45 46 1
45 47 1
45 58 1
45 68 1
45 69 1
45 71 1
45 104 1
45 111 1
45 115 1
45 136 1
45 190 1
45 231 1
45 236 1
45 286 1
45 290 1
45 299 1
45 302 1
45 307 1
45 312 1
45 320 1
45 337 1
45 438 1
45 443 1
45 474 1
45 530 1
45 623 1
45 624 1
45 653 1
45 765 1
45 888 1
45 932 1
45 1052 1
45 1078 1
45 1085 1
45 1166 1
45 1172 1
45 1276 1
45 1339 1
45 1376 1
45 1889 1
45 1955 1
45 2096 1
45 2197 1
45 2299 1
45 2308 1
45 2405 1
45 2462 1
45 2738 1
45 3691 1
45 4175 1
45 4714 1
45 5406 1
46 2 1
46 6 1
46 12 1
46 15 1
46 18 1
46 26 1
46 28 1
46 30 1
46 34 1
46 37 1
46 41 1
46 58 1
46 68 1
46 71 1
46 89 1
46 120 1
46 123 1
46 125 1
46 152 1
46 191 1
46 197 1
46 231 1
46 236 1
46 245 1
46 257 1
46 286 1
46 307 1
46 320 1
46 340 1
46 443 1
46 526 1
46 533 1
46 714 1
46 803 1
46 844 1
46 922 1
46 1063 1
46 1120 1
46 1554 1
46 1889 1
46 3166 1
46 6263 1
46 7419 1
47 2 1
47 15 1
47 26 1
47 43 1
47 68 1
47 89 1
47 139 1
47 231 1
47 280 1
47 456 1
47 532 1
47 631 1
47 1376 1
58 6 1
58 12 1
58 15 1
58 16 1
58 18 1
58 24 1
58 26 1
58 28 1
58 41 1
58 68 1
58 69 1
58 71 1
58 72 1
58 94 1
58 104 1
58 111 1
58 115 1
58 190 1
58 231 1
58 245 1
58 257 1
58 258 1
58 280 1
58 294 1
58 299 1
58 302 1
58 312 1
58 337 1
58 369 1
58 434 1
58 456 1
58 474 1
58 489 1
58 508 1
58 733 1
58 735 1
58 765 1
58 844 1
58 879 1
58 932 1
58 1063 1
58 1089 1
58 1131 1
58 1172 1
58 1188 1
58 1276 1
58 1285 1
58 1339 1
58 1341 1
58 1354 1
58 1592 1
58 1816 1
58 1889 1
58 2096 1
58 2554 1
58 4102 1
58 4714 1
60 2 1
60 15 1
60 16 1
60 18 1
60 22 1
60 26 1
60 45 1
60 120 1
60 294 1
60 371 1
60 443 1
60 1561 1
60 2467 1
68 2 1
68 8 1
68 12 1
68 15 1
68 22 1
68 26 1
68 30 1
68 37 1
68 41 1
68 45 1
68 46 1
68 58 1
68 60 1
68 72 1
68 74 1
68 89 1
68 94 1
68 104 1
68 115 1
68 123 1
68 125 1
68 139 1
68 147 1
68 186 1
68 212 1
68 257 1
68 271 1
68 299 1
68 302 1
68 315 1
68 322 1
68 333 1
68 340 1
68 348 1
68 358 1
68 371 1
68 435 1
68 443 1
68 494 1
68 526 1
68 529 1
68 532 1
68 540 1
68 582 1
68 695 1
68 803 1
68 908 1
68 942 1
68 1052 1
68 1078 1
68 1167 1
68 1172 1
68 1285 1
68 1289 1
68 1339 1
68 1376 1
68 1554 1
68 2182 1
68 2308 1
68 2517 1
68 2554 1
68 3375 1
68 3857 1
68 4146 1
68 4714 1
68 6152 1
69 18 1
69 26 1
69 94 1
69 111 1
69 120 1
69 123 1
69 125 1
69 348 1
69 474 1
69 489 1
69 530 1
69 1341 1
71 2 1
71 12 1
71 16 1
71 18 1
71 26 1
71 28 1
71 42 1
71 43 1
71 45 1
71 68 1
71 72 1
71 89 1
71 104 1
71 111 1
71 115 1
71 124 1
71 147 1
71 226 1
71 227 1
71 280 1
71 286 1
71 290 1
71 312 1
71 315 1
71 320 1
71 333 1
71 340 1
71 348 1
71 438 1
71 489 1
71 529 1
71 530 1
71 624 1
71 685 1
71 704 1
71 725 1
71 801 1
71 879 1
71 932 1
71 942 1
71 1030 1
71 1131 1
71 1172 1
71 1182 1
71 1289 1
71 1554 1
71 1592 1
71 1659 1
71 2612 1
71 2674 1
71 3163 1
71 3552 1
71 4330 1
71 4435 1
71 4818 1
71 7141 1
71 7683 1
72 6 1
72 12 1
72 15 1
72 16 1
72 18 1
72 26 1
72 41 1
72 42 1
72 46 1
72 69 1
72 71 1
72 94 1
72 111 1
72 115 1
72 119 1
72 152 1
72 236 1
72 294 1
72 358 1
72 435 1
72 478 1
72 506 1
72 903 1
72 908 1
72 1120 1
72 1339 1
72 2299 1
74 16 1
74 26 1
74 125 1
74 136 1
74 236 1
74 271 1
74 290 1
74 438 1
83 15 1
83 16 1
83 22 1
83 37 1
83 46 1
83 68 1
83 89 1
83 94 1
83 115 1
83 123 1
83 299 1
83 312 1
83 443 1
83 879 1
83 1131 1
83 1293 1
83 3166 1
83 4820 1
89 6 1
89 8 1
89 15 1
89 16 1
89 19 1
89 22 1
89 25 1
89 26 1
89 30 1
89 37 1
89 42 1
89 43 1
89 45 1
89 58 1
89 71 1
89 72 1
89 92 1
89 119 1
89 120 1
89 123 1
89 125 1
89 147 1
89 190 1
89 197 1
89 207 1
89 227 1
89 231 1
89 236 1
89 294 1
89 299 1
89 312 1
89 322 1
89 342 1
89 371 1
89 438 1
89 474 1
89 514 1
89 529 1
89 548 1
89 631 1
89 735 1
89 854 1
89 886 1
89 932 1
89 1052 1
89 1063 1
89 1167 1
89 1182 1
89 1293 1
89 1341 1
89 1345 1
89 1659 1
89 1879 1
89 1955 1
89 2467 1
89 2517 1
89 3691 1
89 3750 1
89 5921 1
89 6263 1
89 6703 1
91 15 1
91 286 1
91 456 1
91 844 1
92 2 1
92 6 1
92 16 1
92 18 1
92 34 1
92 37 1
92 41 1
92 43 1
92 72 1
92 104 1
92 111 1
92 123 1
92 125 1
92 197 1
92 280 1
92 286 1
92 299 1
92 844 1
92 1052 1
92 1172 1
92 1336 1
92 1339 1
92 2467 1
92 3552 1
94 2 1
94 12 1
94 15 1
94 18 1
94 25 1
94 37 1
94 41 1
94 45 1
94 47 1
94 68 1
94 89 1
94 111 1
94 115 1
94 120 1
94 125 1
94 186 1
94 231 1
94 236 1
94 257 1
94 271 1
94 286 1
94 299 1
94 302 1
94 348 1
94 358 1
94 371 1
94 443 1
94 522 1
94 526 1
94 530 1
94 624 1
94 653 1
94 733 1
94 735 1
94 854 1
94 881 1
94 1052 1
94 1063 1
94 1120 1
94 1293 1
94 1314 1
94 1339 1
94 1341 1
94 1376 1
94 1561 1
94 1691 1
94 2303 1
94 2738 1
99 6 1
99 12 1
99 15 1
99 16 1
99 19 1
99 22 1
99 34 1
99 37 1
99 42 1
99 68 1
99 69 1
99 71 1
99 89 1
99 104 1
99 190 1
99 197 1
99 207 1
99 257 1
99 299 1
99 371 1
99 474 1
99 526 1
99 561 1
99 844 1
99 932 1
99 1131 1
99 1955 1
99 4515 1
104 6 1
104 12 1
104 15 1
104 18 1
104 22 1
104 26 1
104 28 1
104 37 1
104 41 1
104 42 1
104 46 1
104 47 1
104 58 1
104 72 1
104 94 1
104 115 1
104 120 1
104 123 1
104 126 1
104 147 1
104 196 1
104 197 1
104 207 1
104 257 1
104 286 1
104 302 1
104 315 1
104 340 1
104 348 1
104 369 1
104 371 1
104 474 1
104 506 1
104 514 1
104 526 1
104 533 1
104 695 1
104 803 1
104 838 1
104 854 1
104 1052 1
104 1078 1
104 1089 1
104 1192 1
104 1617 1
104 2203 1
104 2517 1
104 3963 1
104 5039 1
104 5750 1
104 5938 1
104 6673 1
111 6 1
111 8 1
111 12 1
111 15 1
111 16 1
111 18 1
111 22 1
111 25 1
111 26 1
111 28 1
111 41 1
111 42 1
111 47 1
111 58 1
111 68 1
111 71 1
111 74 1
111 94 1
111 104 1
111 123 1
111 212 1
111 271 1
111 286 1
111 299 1
111 315 1
111 340 1
111 371 1
111 478 1
111 506 1
111 529 1
111 735 1
111 844 1
111 903 1
111 908 1
111 1063 1
111 1089 1
111 1131 1
111 1188 1
111 1276 1
111 1339 1
111 1554 1
111 1659 1
111 2203 1
111 2303 1
111 2405 1
111 2462 1
111 2517 1
111 4176 1
111 4714 1
115 2 1
115 8 1
115 15 1
115 18 1
115 22 1
115 25 1
115 34 1
115 37 1
115 41 1
115 42 1
115 45 1
115 46 1
115 69 1
115 71 1
115 89 1
115 111 1
115 120 1
115 124 1
115 125 1
115 126 1
115 186 1
115 240 1
115 280 1
115 286 1
115 299 1
115 302 1
115 312 1
115 348 1
115 358 1
115 443 1
115 456 1
115 474 1
115 508 1
115 529 1
115 561 1
115 695 1
115 735 1
115 854 1
115 888 1
115 922 1
115 932 1
115 942 1
115 1063 1
115 1085 1
115 1120 1
115 1172 1
115 1341 1
115 1355 1
115 1617 1
115 1793 1
115 2048 1
115 4102 1
115 7154 1
119 2 1
119 6 1
119 8 1
119 9 1
119 12 1
119 15 1
119 16 1
119 18 1
119 22 1
119 34 1
119 42 1
119 43 1
119 60 1
119 68 1
119 71 1
119 91 1
119 92 1
119 94 1
119 104 1
119 111 1
119 115 1
119 123 1
119 139 1
119 147 1
119 190 1
119 207 1
119 227 1
119 231 1
119 236 1
119 257 1
119 258 1
119 271 1
119 280 1
119 286 1
119 299 1
119 302 1
119 315 1
119 320 1
119 337 1
119 371 1
119 474 1
119 530 1
119 532 1
119 561 1
119 612 1
119 624 1
119 633 1
119 653 1
119 704 1
119 735 1
119 803 1
119 844 1
119 854 1
119 932 1
119 1276 1
119 1285 1
119 1339 1
119 1659 1
119 2467 1
119 3481 1
119 4644 1
120 2 1
120 12 1
120 15 1
120 16 1
120 18 1
120 22 1
120 34 1
120 37 1
120 41 1
120 45 1
120 47 1
120 58 1
120 71 1
120 94 1
120 111 1
120 257 1
120 290 1
120 294 1
120 302 1
120 315 1
120 456 1
120 474 1
120 478 1
120 526 1
120 695 1
120 932 1
120 979 1
120 1063 1
120 1131 1
120 1172 1
120 1182 1
120 1314 1
120 1339 1
120 1376 1
120 4094 1
120 5280 1
123 2 1
123 9 1
123 15 1
123 16 1
123 18 1
123 22 1
123 25 1
123 26 1
123 28 1
123 30 1
123 34 1
123 37 1
123 41 1
123 45 1
123 46 1
123 69 1
123 71 1
123 72 1
123 89 1
123 91 1
123 92 1
123 120 1
123 124 1
123 125 1
123 126 1
123 136 1
123 190 1
123 197 1
123 231 1
123 236 1
123 271 1
123 280 1
123 286 1
123 290 1
123 299 1
123 307 1
123 312 1
123 315 1
123 333 1
123 340 1
123 434 1
123 435 1
123 438 1
123 443 1
123 456 1
123 489 1
123 494 1
123 506 1
123 514 1
123 522 1
123 526 1
123 529 1
123 533 1
123 548 1
123 561 1
123 624 1
123 685 1
123 801 1
123 838 1
123 903 1
123 932 1
123 1052 1
123 1063 1
123 1085 1
123 1167 1
123 1182 1
123 1289 1
123 1339 1
123 1341 1
123 1345 1
123 1376 1
123 1554 1
123 1659 1
123 2197 1
123 2554 1
123 2674 1
123 3552 1
123 3691 1
123 3963 1
123 4146 1
123 5406 1
124 2 1
124 6 1
124 8 1
124 12 1
124 15 1
124 18 1
124 30 1
124 46 1
124 68 1
124 74 1
124 89 1
124 125 1
124 197 1
124 290 1
124 294 1
124 333 1
124 474 1
124 494 1
124 522 1
124 1554 1
124 5024 1
125 6 1
125 15 1
125 18 1
125 26 1
125 41 1
125 45 1
125 46 1
125 58 1
125 72 1
125 89 1
125 94 1
125 115 1
125 120 1
125 123 1
125 147 1
125 152 1
125 186 1
125 212 1
125 258 1
125 271 1
125 286 1
125 290 1
125 294 1
125 302 1
125 307 1
125 474 1
125 526 1
125 725 1
125 932 1
125 1052 1
125 1192 1
125 1289 1
125 1326 1
125 1355 1
125 1720 1
125 2308 1
126 15 1
126 18 1
126 22 1
126 37 1
126 42 1
126 104 1
126 115 1
126 147 1
126 197 1
126 371 1
126 903 1
126 1052 1
133 15 1
133 16 1
136 9 1
136 30 1
136 34 1
136 37 1
136 42 1
136 43 1
136 68 1
136 69 1
136 72 1
136 89 1
136 104 1
136 111 1
136 115 1
136 123 1
136 231 1
136 294 1
136 333 1
136 474 1
136 489 1
136 624 1
136 765 1
136 1167 1
136 2197 1
136 4714 1
139 15 1
139 18 1
139 22 1
139 26 1
139 41 1
139 43 1
139 58 1
139 115 1
139 240 1
139 257 1
139 286 1
139 290 1
139 506 1
139 561 1
139 1793 1
147 22 1
147 28 1
147 89 1
147 111 1
147 290 1
147 294 1
147 456 1
147 582 1
147 3607 1
152 15 1
152 37 1
152 42 1
152 94 1
152 120 1
152 207 1
152 227 1
152 231 1
152 612 1
152 631 1
152 942 1
152 3815 1
152 5518 1
186 6 1
186 26 1
186 71 1
186 104 1
186 111 1
186 733 1
186 844 1
186 1131 1
186 1339 1
190 15 1
190 16 1
190 18 1
190 26 1
190 37 1
190 68 1
190 71 1
190 72 1
190 125 1
190 197 1
190 258 1
190 280 1
190 312 1
190 315 1
190 337 1
190 340 1
190 358 1
190 474 1
190 489 1
190 506 1
190 765 1
190 932 1
190 1289 1
190 1293 1
190 1341 1
190 1559 1
190 2609 1
190 3596 1
190 5921 1
191 6 1
191 42 1
191 89 1
191 5406 1
196 89 1
196 104 1
197 12 1
197 15 1
197 22 1
197 34 1
197 37 1
197 42 1
197 72 1
197 245 1
197 290 1
197 294 1
197 312 1
197 530 1
197 1659 1
197 4269 1
207 6 1
207 15 1
207 18 1
207 22 1
207 25 1
207 28 1
207 30 1
207 41 1
207 45 1
207 71 1
207 147 1
207 190 1
207 231 1
207 286 1
207 474 1
207 530 1
207 561 1
207 1289 1
207 3750 1
207 7452 1
212 2 1
212 15 1
212 16 1
212 18 1
212 22 1
212 26 1
212 37 1
212 41 1
212 42 1
212 47 1
212 69 1
212 99 1
212 123 1
212 147 1
212 152 1
212 226 1
212 245 1
212 443 1
212 474 1
212 522 1
212 653 1
212 903 1
212 979 1
212 1510 1
212 1676 1
212 6362 1
226 68 1
226 89 1
226 1063 1
227 22 1
227 26 1
227 37 1
227 45 1
227 115 1
227 908 1
231 6 1
231 8 1
231 12 1
231 16 1
231 22 1
231 26 1
231 41 1
231 46 1
231 71 1
231 83 1
231 123 1
231 125 1
231 136 1
231 299 1
231 340 1
231 348 1
231 443 1
231 522 1
231 526 1
231 1089 1
231 1131 1
231 1341 1
231 1345 1
231 2462 1
231 2866 1
236 6 1
236 8 1
236 12 1
236 15 1
236 16 1
236 18 1
236 26 1
236 28 1
236 34 1
236 37 1
236 45 1
236 46 1
236 60 1
236 71 1
236 89 1
236 94 1
236 115 1
236 119 1
236 207 1
236 240 1
236 257 1
236 299 1
236 333 1
236 358 1
236 474 1
236 489 1
236 1131 1
236 1172 1
236 2597 1
236 3607 1
236 3691 1
240 15 1
240 18 1
240 68 1
240 71 1
240 72 1
240 147 1
240 190 1
241 89 1
245 12 1
245 15 1
245 16 1
245 18 1
245 22 1
245 26 1
245 37 1
245 41 1
245 46 1
245 123 1
245 125 1
245 190 1
245 207 1
245 257 1
245 258 1
245 271 1
245 371 1
245 443 1
245 515 1
245 532 1
245 561 1
245 582 1
245 1172 1
245 2343 1
245 2674 1
245 4094 1
245 6673 1
257 2 1
257 6 1
257 12 1
257 15 1
257 16 1
257 18 1
257 22 1
257 41 1
257 42 1
257 45 1
257 46 1
257 47 1
257 60 1
257 71 1
257 72 1
257 74 1
257 104 1
257 111 1
257 115 1
257 136 1
257 197 1
257 258 1
257 294 1
257 312 1
257 340 1
257 348 1
257 358 1
257 474 1
257 515 1
257 529 1
257 530 1
257 561 1
257 844 1
257 854 1
257 1063 1
257 1131 1
257 1172 1
257 1339 1
257 1376 1
257 2573 1
257 2674 1
257 2763 1
257 6376 1
257 6381 1
258 6 1
258 16 1
258 26 1
258 45 1
258 68 1
258 69 1
258 89 1
258 94 1
258 190 1
258 299 1
258 342 1
258 358 1
258 1398 1
258 1879 1
271 15 1
271 16 1
271 26 1
271 71 1
271 120 1
271 286 1
271 299 1
271 1052 1
271 1289 1
271 1339 1
271 5449 1
280 6 1
280 28 1
280 290 1
280 526 1
286 2 1
286 6 1
286 12 1
286 15 1
286 16 1
286 18 1
286 19 1
286 22 1
286 24 1
286 34 1
286 69 1
286 72 1
286 89 1
286 120 1
286 190 1
286 197 1
286 231 1
286 236 1
286 240 1
286 257 1
286 280 1
286 307 1
286 312 1
286 340 1
286 514 1
286 526 1
286 561 1
286 624 1
286 704 1
286 733 1
286 735 1
286 844 1
286 854 1
286 1089 1
286 1172 1
286 1182 1
286 1376 1
286 2299 1
286 2308 1
286 2738 1
286 3552 1
286 3877 1
286 4868 1
286 6376 1
286 6381 1
286 7143 1
290 2 1
290 6 1
290 9 1
290 15 1
290 16 1
290 22 1
290 25 1
290 26 1
290 28 1
290 37 1
290 42 1
290 45 1
290 46 1
290 71 1
290 94 1
290 104 1
290 111 1
290 115 1
290 119 1
290 123 1
290 125 1
290 147 1
290 245 1
290 258 1
290 322 1
290 333 1
290 358 1
290 438 1
290 456 1
290 506 1
290 529 1
290 844 1
290 881 1
290 1295 1
290 1345 1
290 1720 1
290 2554 1
290 2966 1
294 15 1
294 18 1
294 22 1
294 26 1
294 34 1
294 37 1
294 41 1
294 42 1
294 68 1
294 104 1
294 111 1
294 115 1
294 126 1
294 136 1
294 236 1
294 312 1
294 340 1
294 348 1
294 474 1
294 561 1
294 881 1
294 1120 1
294 1172 1
294 1720 1
294 2096 1
294 4065 1
294 5227 1
294 5533 1
299 2 1
299 6 1
299 15 1
299 16 1
299 18 1
299 22 1
299 26 1
299 45 1
299 47 1
299 69 1
299 89 1
299 92 1
299 94 1
299 104 1
299 120 1
299 123 1
299 136 1
299 245 1
299 280 1
299 312 1
299 333 1
299 337 1
299 438 1
299 561 1
299 685 1
299 695 1
299 844 1
299 854 1
299 932 1
302 2 1
302 15 1
302 16 1
302 18 1
302 26 1
302 28 1
302 30 1
302 41 1
302 45 1
302 89 1
302 94 1
302 104 1
302 115 1
302 126 1
302 136 1
302 190 1
302 286 1
302 342 1
302 443 1
302 456 1
302 478 1
302 515 1
302 735 1
302 879 1
302 881 1
302 1120 1
302 1172 1
302 1659 1
302 2303 1
302 2653 1
302 3261 1
302 3952 1
302 4102 1
307 6 1
307 12 1
307 16 1
307 18 1
307 22 1
307 43 1
307 68 1
307 71 1
307 89 1
307 104 1
307 190 1
307 191 1
307 197 1
307 207 1
307 294 1
307 320 1
307 733 1
307 838 1
307 854 1
307 1167 1
307 1295 1
307 1341 1
307 2096 1
307 2674 1
312 6 1
312 8 1
312 12 1
312 15 1
312 22 1
312 37 1
312 41 1
312 46 1
312 58 1
312 69 1
312 72 1
312 89 1
312 115 1
312 120 1
312 124 1
312 125 1
312 271 1
312 286 1
312 299 1
312 307 1
312 438 1
312 443 1
312 474 1
312 526 1
312 803 1
312 879 1
312 1326 1
312 2467 1
312 3963 1
312 4843 1
315 2 1
315 6 1
315 9 1
315 15 1
315 16 1
315 18 1
315 26 1
315 34 1
315 45 1
315 46 1
315 58 1
315 71 1
315 89 1
315 104 1
315 111 1
315 115 1
315 125 1
315 236 1
315 294 1
315 312 1
315 333 1
315 371 1
315 474 1
315 624 1
315 1376 1
315 6673 1
320 18 1
320 22 1
320 26 1
320 119 1
320 286 1
322 18 1
322 45 1
322 46 1
322 240 1
322 443 1
322 714 1
333 8 1
333 12 1
333 22 1
333 26 1
333 46 1
333 69 1
333 71 1
333 72 1
333 89 1
333 111 1
333 120 1
333 125 1
333 147 1
333 186 1
333 240 1
333 245 1
333 280 1
333 307 1
333 474 1
333 801 1
333 844 1
333 1131 1
333 1345 1
333 1554 1
337 18 1
337 312 1
337 474 1
337 803 1
337 1089 1
340 12 1
340 15 1
340 18 1
340 28 1
340 34 1
340 41 1
340 72 1
340 89 1
340 94 1
340 115 1
340 197 1
340 312 1
340 371 1
340 653 1
340 695 1
340 714 1
340 879 1
340 881 1
340 932 1
340 1085 1
340 1172 1
340 3375 1
340 4146 1
342 15 1
342 18 1
342 58 1
342 227 1
342 258 1
342 474 1
342 533 1
348 2 1
348 18 1
348 22 1
348 26 1
348 28 1
348 37 1
348 45 1
348 119 1
348 125 1
348 147 1
348 207 1
348 271 1
348 548 1
348 561 1
348 735 1
348 1172 1
358 8 1
358 15 1
358 16 1
358 18 1
358 22 1
358 26 1
358 37 1
358 68 1
358 89 1
358 111 1
358 119 1
358 123 1
358 124 1
358 190 1
358 236 1
358 257 1
358 514 1
358 530 1
358 1078 1
358 1172 1
361 15 1
361 16 1
361 26 1
361 115 1
361 1341 1
369 2 1
369 18 1
369 26 1
369 115 1
369 506 1
371 6 1
371 15 1
371 16 1
371 18 1
371 22 1
371 26 1
371 41 1
371 45 1
371 46 1
371 68 1
371 111 1
371 212 1
371 280 1
371 286 1
371 294 1
371 361 1
371 561 1
371 1052 1
371 1089 1
371 1131 1
371 1720 1
371 7017 1
398 2 1
398 6 1
398 15 1
398 22 1
398 26 1
398 34 1
398 69 1
398 71 1
398 89 1
398 94 1
398 147 1
398 152 1
398 340 1
398 633 1
434 6 1
434 18 1
434 22 1
434 26 1
434 136 1
434 212 1
435 15 1
435 18 1
435 28 1
435 45 1
435 111 1
435 123 1
435 231 1
435 474 1
435 532 1
438 12 1
438 15 1
438 16 1
438 18 1
438 26 1
438 42 1
438 89 1
438 126 1
438 190 1
438 231 1
438 271 1
438 280 1
438 286 1
438 294 1
438 312 1
438 474 1
438 508 1
438 515 1
438 522 1
438 529 1
438 623 1
438 695 1
438 735 1
438 801 1
438 1063 1
438 1172 1
438 1276 1
438 1295 1
438 1659 1
438 2308 1
438 4843 1
443 6 1
443 9 1
443 15 1
443 16 1
443 18 1
443 30 1
443 34 1
443 41 1
443 46 1
443 68 1
443 71 1
443 89 1
443 104 1
443 115 1
443 120 1
443 125 1
443 147 1
443 231 1
443 340 1
443 358 1
443 438 1
443 5406 1
456 2 1
456 15 1
456 18 1
456 22 1
456 26 1
456 34 1
456 89 1
456 136 1
456 443 1
456 508 1
456 1078 1
474 8 1
474 12 1
474 26 1
474 34 1
474 42 1
474 45 1
474 68 1
474 72 1
474 74 1
474 94 1
474 104 1
474 111 1
474 124 1
474 139 1
474 147 1
474 197 1
474 227 1
474 231 1
474 245 1
474 280 1
474 299 1
474 307 1
474 312 1
474 315 1
474 348 1
474 358 1
474 438 1
474 443 1
474 478 1
474 508 1
474 515 1
474 529 1
474 530 1
474 733 1
474 765 1
474 803 1
474 879 1
474 903 1
474 908 1
474 1063 1
474 1089 1
474 1167 1
474 1326 1
474 1345 1
474 1376 1
474 1469 1
474 2462 1
474 2517 1
474 3166 1
474 3552 1
474 4435 1
474 4714 1
478 18 1
478 22 1
478 28 1
478 41 1
478 89 1
478 125 1
478 245 1
478 508 1
489 2 1
489 15 1
489 26 1
489 37 1
489 120 1
489 123 1
489 231 1
489 286 1
489 529 1
489 932 1
489 1889 1
494 15 1
494 22 1
494 42 1
494 115 1
494 530 1
506 6 1
506 15 1
506 22 1
506 26 1
506 28 1
506 30 1
506 34 1
506 42 1
506 71 1
506 89 1
506 94 1
506 120 1
506 123 1
506 124 1
506 125 1
506 126 1
506 147 1
506 190 1
506 624 1
506 888 1
506 1345 1
508 15 1
508 18 1
508 22 1
508 28 1
508 34 1
508 45 1
508 89 1
508 120 1
508 456 1
508 474 1
508 4146 1
514 15 1
514 18 1
514 26 1
514 28 1
514 34 1
514 58 1
514 68 1
514 71 1
514 115 1
514 125 1
514 126 1
514 197 1
514 257 1
514 294 1
514 358 1
514 725 1
514 735 1
514 1339 1
515 18 1
515 22 1
515 733 1
522 22 1
522 26 1
522 28 1
522 68 1
522 115 1
522 257 1
522 474 1
522 803 1
522 1131 1
522 1659 1
526 6 1
526 8 1
526 9 1
526 15 1
526 16 1
526 25 1
526 26 1
526 28 1
526 41 1
526 58 1
526 68 1
526 71 1
526 83 1
526 89 1
526 92 1
526 94 1
526 104 1
526 115 1
526 123 1
526 124 1
526 190 1
526 197 1
526 207 1
526 290 1
526 312 1
526 474 1
526 624 1
526 1089 1
526 1339 1
526 2308 1
526 3607 1
529 2 1
529 6 1
529 15 1
529 22 1
529 26 1
529 41 1
529 58 1
529 94 1
529 286 1
529 438 1
529 530 1
529 1052 1
529 1314 1
530 6 1
530 16 1
530 22 1
530 26 1
530 37 1
530 45 1
530 111 1
530 115 1
530 190 1
530 207 1
530 456 1
530 474 1
530 932 1
530 3166 1
532 15 1
532 22 1
532 45 1
532 136 1
532 197 1
532 240 1
532 257 1
533 22 1
533 115 1
533 474 1
540 2 1
540 6 1
540 15 1
540 16 1
540 18 1
540 26 1
540 136 1
540 290 1
548 2 1
548 37 1
548 71 1
548 120 1
548 245 1
548 561 1
561 8 1
561 12 1
561 18 1
561 22 1
561 37 1
561 45 1
561 46 1
561 47 1
561 58 1
561 89 1
561 124 1
561 125 1
561 147 1
561 236 1
561 299 1
561 315 1
561 320 1
561 371 1
561 434 1
561 438 1
561 508 1
561 530 1
561 533 1
561 624 1
561 844 1
561 892 1
561 932 1
561 1052 1
561 1182 1
561 1376 1
561 1510 1
561 2966 1
582 6 1
582 12 1
582 16 1
582 18 1
582 19 1
582 26 1
582 37 1
582 42 1
582 47 1
582 58 1
582 68 1
582 71 1
582 72 1
582 115 1
582 119 1
582 120 1
582 123 1
582 147 1
582 152 1
582 197 1
582 207 1
582 212 1
582 231 1
582 236 1
582 280 1
582 286 1
582 294 1
582 307 1
582 340 1
582 369 1
582 371 1
582 526 1
582 561 1
582 903 1
582 1172 1
582 1192 1
582 1289 1
582 1326 1
582 1336 1
582 1592 1
582 1986 1
582 5039 1
582 5406 1
612 28 1
612 68 1
612 104 1
612 196 1
612 299 1
612 508 1
623 68 1
623 474 1
623 1376 1
624 12 1
624 15 1
624 16 1
624 18 1
624 28 1
624 46 1
624 72 1
624 94 1
624 115 1
624 119 1
624 123 1
624 280 1
624 340 1
624 932 1
624 1052 1
624 1078 1
624 1172 1
624 1192 1
624 1293 1
624 2738 1
624 4714 1
631 71 1
631 115 1
633 15 1
633 26 1
633 115 1
633 190 1
633 299 1
633 5750 1
653 2 1
653 6 1
653 12 1
653 22 1
653 37 1
653 71 1
653 104 1
653 280 1
653 548 1
653 888 1
653 1167 1
653 1816 1
653 2197 1
653 2517 1
653 2554 1
685 2 1
685 6 1
685 15 1
685 26 1
685 37 1
685 45 1
685 58 1
685 89 1
685 104 1
685 120 1
685 340 1
685 561 1
685 704 1
685 844 1
685 1089 1
685 1955 1
685 3691 1
695 6 1
695 71 1
695 74 1
695 1052 1
695 1376 1
704 22 1
704 26 1
704 932 1
714 37 1
714 104 1
718 26 1
725 2 1
725 6 1
725 9 1
725 12 1
725 15 1
725 16 1
725 18 1
725 26 1
725 42 1
725 46 1
725 89 1
725 92 1
725 94 1
725 104 1
725 290 1
725 294 1
725 322 1
725 358 1
725 1085 1
725 1172 1
725 2182 1
725 2308 1
725 3750 1
733 2 1
733 15 1
733 16 1
733 18 1
733 37 1
733 236 1
733 290 1
735 2 1
735 6 1
735 15 1
735 22 1
735 37 1
735 42 1
735 58 1
735 120 1
735 125 1
735 337 1
735 371 1
735 489 1
735 1063 1
765 15 1
765 18 1
765 30 1
765 152 1
765 371 1
765 474 1
765 801 1
765 1355 1
801 2 1
801 6 1
801 18 1
801 22 1
801 26 1
801 42 1
801 125 1
801 312 1
801 456 1
801 494 1
801 526 1
801 735 1
801 1052 1
801 3815 1
803 18 1
803 26 1
803 28 1
803 45 1
803 111 1
803 136 1
803 245 1
803 312 1
803 3552 1
838 12 1
838 15 1
838 18 1
838 28 1
838 45 1
838 58 1
838 89 1
838 123 1
838 125 1
838 186 1
838 358 1
838 474 1
838 1172 1
838 1559 1
838 2554 1
844 8 1
844 15 1
844 18 1
844 22 1
844 26 1
844 37 1
844 42 1
844 46 1
844 58 1
844 68 1
844 89 1
844 94 1
844 111 1
844 115 1
844 120 1
844 123 1
844 197 1
844 290 1
844 294 1
844 302 1
844 340 1
844 358 1
844 371 1
844 474 1
844 532 1
844 1172 1
844 2763 1
854 6 1
854 9 1
854 30 1
854 68 1
854 94 1
854 624 1
854 1166 1
854 1276 1
879 2 1
879 8 1
879 15 1
879 18 1
879 24 1
879 28 1
879 45 1
879 89 1
879 111 1
879 115 1
879 120 1
879 123 1
879 258 1
879 299 1
879 369 1
879 489 1
879 1793 1
879 2554 1
881 15 1
881 26 1
881 136 1
881 212 1
881 443 1
886 28 1
886 4065 1
888 6 1
888 15 1
888 22 1
888 68 1
888 89 1
888 123 1
888 1355 1
888 6598 1
892 12 1
892 22 1
892 438 1
892 522 1
903 6 1
903 15 1
903 45 1
903 68 1
903 89 1
903 120 1
903 123 1
903 4818 1
908 8 1
908 12 1
908 15 1
908 22 1
908 26 1
908 41 1
908 136 1
908 474 1
908 1131 1
908 5866 1
908 5938 1
922 18 1
932 15 1
932 41 1
932 46 1
932 89 1
932 123 1
932 125 1
932 258 1
932 290 1
932 312 1
932 361 1
932 526 1
932 803 1
942 15 1
942 286 1
942 474 1
942 1326 1
952 15 1
979 18 1
979 37 1
979 508 1
1030 47 1
1030 1289 1
1052 2 1
1052 6 1
1052 15 1
1052 22 1
1052 28 1
1052 41 1
1052 68 1
1052 72 1
1052 123 1
1052 227 1
1052 231 1
1052 236 1
1052 286 1
1052 312 1
1052 340 1
1052 2517 1
1052 4714 1
1052 5007 1
1063 12 1
1063 15 1
1063 16 1
1063 18 1
1063 22 1
1063 28 1
1063 46 1
1063 58 1
1063 72 1
1063 94 1
1063 123 1
1063 125 1
1063 136 1
1063 286 1
1063 294 1
1063 299 1
1063 315 1
1063 337 1
1063 456 1
1063 1289 1
1078 18 1
1078 46 1
1085 2 1
1085 15 1
1085 18 1
1085 125 1
1085 280 1
1085 456 1
1089 2 1
1089 15 1
1089 18 1
1089 22 1
1089 26 1
1089 28 1
1089 42 1
1089 45 1
1089 72 1
1089 514 1
1089 1131 1
1089 1339 1
1120 22 1
1120 26 1
1120 41 1
1120 94 1
1120 529 1
1120 879 1
1120 1192 1
1120 3607 1
1131 2 1
1131 25 1
1131 26 1
1131 28 1
1131 34 1
1131 58 1
1131 89 1
1131 115 1
1131 120 1
1131 136 1
1131 190 1
1131 236 1
1131 271 1
1131 280 1
1131 290 1
1131 358 1
1131 443 1
1131 474 1
1131 522 1
1131 526 1
1131 529 1
1131 1603 1
1131 2040 1
1131 3552 1
1131 3750 1
1131 7143 1
1166 18 1
1166 68 1
1166 115 1
1167 15 1
1167 18 1
1167 28 1
1167 30 1
1167 333 1
1167 514 1
1172 8 1
1172 15 1
1172 18 1
1172 34 1
1172 45 1
1172 89 1
1172 92 1
1172 294 1
1172 358 1
1172 624 1
1172 2299 1
1182 16 1
1182 22 1
1182 45 1
1182 89 1
1182 624 1
1188 37 1
1188 45 1
1188 125 1
1188 245 1
1188 474 1
1192 18 1
1192 45 1
1192 68 1
1192 72 1
1192 89 1
1192 124 1
1192 258 1
1192 456 1
1192 725 1
1192 844 1
1192 1659 1
1228 18 1
1228 932 1
1270 45 1
1276 2 1
1276 6 1
1276 15 1
1276 22 1
1276 25 1
1276 26 1
1276 41 1
1276 94 1
1276 111 1
1276 290 1
1276 1879 1
1285 8 1
1285 26 1
1285 1078 1
1285 2197 1
1289 6 1
1289 18 1
1289 22 1
1289 28 1
1289 71 1
1289 94 1
1289 290 1
1289 582 1
1289 903 1
1289 1063 1
1293 15 1
1293 22 1
1293 72 1
1293 290 1
1293 1063 1
1295 15 1
1295 26 1
1295 474 1
1314 18 1
1314 94 1
1314 115 1
1326 2 1
1326 12 1
1326 18 1
1326 37 1
1326 46 1
1326 207 1
1326 212 1
1326 1188 1
1339 8 1
1339 16 1
1339 18 1
1339 19 1
1339 22 1
1339 26 1
1339 45 1
1339 111 1
1339 123 1
1339 125 1
1339 294 1
1339 434 1
1339 2674 1
1341 18 1
1341 28 1
1341 30 1
1341 71 1
1341 245 1
1341 257 1
1341 514 1
1341 533 1
1341 881 1
1341 1167 1
1345 16 1
1345 22 1
1345 41 1
1345 125 1
1354 89 1
1355 26 1
1355 37 1
1355 46 1
1355 92 1
1355 120 1
1355 152 1
1355 197 1
1355 245 1
1355 299 1
1355 624 1
1355 725 1
1376 15 1
1376 18 1
1376 30 1
1376 71 1
1376 89 1
1376 94 1
1376 123 1
1376 286 1
1376 312 1
1376 358 1
1376 474 1
1376 540 1
1376 1469 1
1376 5280 1
1398 123 1
1469 18 1
1510 6 1
1510 15 1
1510 16 1
1510 22 1
1510 104 1
1510 120 1
1510 286 1
1510 474 1
1510 695 1
1554 18 1
1554 22 1
1554 25 1
1554 26 1
1554 37 1
1554 60 1
1554 125 1
1554 231 1
1554 271 1
1554 1052 1
1559 15 1
1559 22 1
1559 34 1
1559 115 1
1561 2 1
1561 6 1
1561 22 1
1561 68 1
1561 72 1
1561 489 1
1592 22 1
1592 104 1
1592 126 1
1603 15 1
1603 45 1
1617 18 1
1617 22 1
1617 26 1
1617 34 1
1617 312 1
1617 1166 1
1647 37 1
1647 115 1
1659 6 1
1659 16 1
1659 22 1
1659 45 1
1659 111 1
1659 123 1
1659 489 1
1676 18 1
1720 18 1
1720 190 1
1738 26 1
1793 6 1
1793 22 1
1793 26 1
1793 290 1
1793 1078 1
1816 26 1
1816 290 1
1816 540 1
1879 15 1
1879 26 1
1879 71 1
1879 735 1
1889 2 1
1889 18 1
1889 22 1
1889 45 1
1889 71 1
1889 94 1
1889 115 1
1889 231 1
1889 371 1
1889 526 1
1955 15 1
1955 16 1
1986 18 1
2040 1293 1
2048 18 1
2048 22 1
2048 34 1
2048 71 1
2048 123 1
2048 561 1
2096 16 1
2096 22 1
2096 340 1
2096 474 1
2140 16 1
2140 42 1
2140 45 1
2140 474 1
2140 3815 1
2141 489 1
2182 45 1
2182 290 1
2197 28 1
2197 111 1
2197 438 1
2299 15 1
2299 22 1
2299 26 1
2299 89 1
2299 104 1
2299 438 1
2299 514 1
2299 725 1
2299 1052 1
2303 15 1
2303 26 1
2303 68 1
2303 257 1
2303 312 1
2303 2467 1
2305 2 1
2308 6 1
2308 15 1
2308 26 1
2308 94 1
2308 104 1
2308 123 1
2308 197 1
2308 207 1
2308 227 1
2308 1131 1
2308 2554 1
2343 22 1
2405 15 1
2405 26 1
2405 72 1
2405 111 1
2405 1131 1
2405 1647 1
2462 22 1
2467 22 1
2467 30 1
2467 42 1
2467 72 1
2467 1172 1
2490 16 1
2490 26 1
2490 320 1
2490 438 1
2490 1276 1
2517 16 1
2554 16 1
2554 18 1
2554 26 1
2554 45 1
2554 71 1
2554 294 1
2554 302 1
2566 22 1
2573 2 1
2573 22 1
2573 41 1
2592 16 1
2592 18 1
2592 68 1
2592 71 1
2592 72 1
2597 474 1
2609 2 1
2609 43 1
2609 89 1
2609 1052 1
2609 2462 1
2612 9 1
2612 22 1
2653 22 1
2674 15 1
2674 16 1
2674 18 1
2674 92 1
2674 104 1
2674 257 1
2682 16 1
2682 22 1
2682 561 1
2738 15 1
2738 26 1
2738 34 1
2738 2096 1
2763 16 1
2763 26 1
2763 147 1
2866 15 1
2866 16 1
2866 68 1
2966 22 1
2966 903 1
3108 190 1
3108 514 1
3163 15 1
3163 34 1
3163 280 1
3166 16 1
3166 18 1
3166 22 1
3261 15 1
3261 474 1
3261 494 1
3301 348 1
3480 15 1
3552 12 1
3552 15 1
3552 22 1
3552 26 1
3552 120 1
3596 16 1
3596 22 1
3596 45 1
3596 120 1
3596 286 1
3606 15 1
3606 22 1
3607 94 1
3607 1341 1
3691 68 1
3691 94 1
3691 1192 1
3731 16 1
3731 22 1
3731 115 1
3731 733 1
3750 15 1
3750 16 1
3750 22 1
3750 28 1
3750 71 1
3750 104 1
3750 196 1
3750 4714 1
3815 18 1
3815 22 1
3829 1063 1
3857 2 1
3857 16 1
3857 89 1
3857 120 1
3877 89 1
3878 12 1
3878 15 1
3952 15 1
3963 16 1
3963 299 1
3963 312 1
3963 733 1
4065 22 1
4065 26 1
4094 18 1
4102 15 1
4102 26 1
4102 315 1
4102 548 1
4146 30 1
4146 89 1
4146 111 1
4146 1120 1
4146 3750 1
4166 22 1
4175 257 1
4176 26 1
4330 139 1
4402 18 1
4435 16 1
4437 15 1
4437 45 1
4549 6 1
4549 22 1
4549 69 1
4644 26 1
4644 120 1
4714 26 1
4714 94 1
4714 290 1
4714 299 1
4714 340 1
4714 3952 1
4818 22 1
4818 147 1
4820 186 1
4820 245 1
4827 7419 1
4843 125 1
4843 844 1
4868 16 1
4868 22 1
4868 30 1
4877 26 1
5007 104 1
5039 18 1
5101 257 1
5280 15 1
5280 125 1
5340 15 1
5406 15 1
5406 16 1
5406 18 1
5406 22 1
5406 26 1
5406 28 1
5406 45 1
5406 69 1
5406 123 1
5406 125 1
5409 15 1
5449 1182 1
5457 16 1
5480 16 1
5518 854 1
5518 1554 1
5533 8 1
5533 286 1
5750 1063 1
5921 6 1
5921 16 1
5921 18 1
5921 45 1
5921 71 1
5921 115 1
5921 280 1
5921 340 1
5938 22 1
5938 207 1
5976 12 1
5987 136 1
6019 22 1
6068 312 1
6152 26 1
6152 257 1
6152 1554 1
6226 22 1
6263 16 1
6263 18 1
6263 68 1
6263 136 1
6263 844 1
6362 6 1
6362 844 1
6376 22 1
6376 4643 1
6381 15 1
6598 26 1
6660 22 1
6673 16 1
6673 22 1
6673 26 1
6703 22 1
7143 15 1
7143 16 1
7154 1355 1
7294 299 1
7340 41 1
7419 125 1
7452 71 1
7469 22 1
7683 15 1
