2 8 1
2 16 1
2 18 1
2 22 1
2 26 1
2 28 1
2 41 1
2 45 1
2 68 1
2 69 1
2 71 1
2 72 1
2 89 1
2 94 1
2 104 1
2 115 1
2 124 1
2 125 1
2 147 1
2 190 1
2 196 1
2 231 1
2 245 1
2 294 1
2 320 1
2 337 1
2 340 1
2 438 1
2 443 1
2 456 1
2 514 1
2 526 1
2 533 1
2 624 1
2 735 1
2 801 1
2 908 1
2 1089 1
2 1167 1
2 1172 1
2 1354 1
2 3108 1
2 3552 1
2 3963 1
2 4102 1
2 5227 1
6 2 1
6 15 1
6 16 1
6 18 1
6 25 1
6 28 1
6 34 1
6 41 1
6 42 1
6 46 1
6 68 1
6 71 1
6 72 1
6 89 1
6 92 1
6 94 1
6 104 1
6 115 1
6 125 1
6 126 1
6 136 1
6 190 1
6 197 1
6 207 1
6 240 1
6 245 1
6 257 1
6 271 1
6 286 1
6 294 1
6 302 1
6 312 1
6 320 1
6 322 1
6 333 1
6 340 1
6 348 1
6 358 1
6 443 1
6 456 1
6 474 1
6 489 1
6 506 1
6 508 1
6 515 1
6 530 1
6 561 1
6 624 1
6 733 1
6 844 1
6 854 1
6 888 1
6 922 1
6 1052 1
6 1167 1
6 1172 1
6 1192 1
6 1276 1
6 1285 1
6 1326 1
6 1339 1
6 1376 1
6 1879 1
6 1889 1
6 1986 1
6 2405 1
6 2566 1
6 2612 1
6 3596 1
6 4102 1
6 4714 1
8 6 1
8 9 1
8 15 1
8 16 1
8 18 1
8 22 1
8 28 1
8 45 1
8 46 1
8 89 1
8 125 1
8 190 1
8 207 1
8 240 1
8 271 1
8 294 1
8 474 1
8 494 1
8 526 1
8 3731 1
8 3952 1
8 4714 1
9 12 1
9 15 1
9 18 1
9 26 1
9 41 1
9 42 1
9 46 1
9 68 1
9 111 1
9 115 1
9 126 1
9 136 1
9 257 1
9 271 1
9 280 1
9 358 1
9 765 1
9 1889 1
9 3731 1
12 2 1
12 6 1
12 18 1
12 26 1
12 28 1
12 30 1
12 37 1
12 68 1
12 69 1
12 71 1
12 74 1
12 83 1
12 89 1
12 94 1
12 104 1
12 115 1
12 125 1
12 207 1
12 212 1
12 227 1
12 245 1
12 271 1
12 280 1
12 290 1
12 307 1
12 315 1
12 322 1
12 337 1
12 371 1
12 443 1
12 456 1
12 474 1
12 478 1
12 506 1
12 522 1
12 529 1
12 561 1
12 624 1
12 704 1
12 888 1
12 908 1
12 932 1
12 1078 1
12 1289 1
12 3166 1
12 4102 1
12 5024 1
15 2 1
15 6 1
15 8 1
15 12 1
15 18 1
15 19 1
15 22 1
15 26 1
15 28 1
15 37 1
15 41 1
15 58 1
15 72 1
15 94 1
15 104 1
15 125 1
15 136 1
15 186 1
15 190 1
15 231 1
15 236 1
15 257 1
15 271 1
15 286 1
15 290 1
15 299 1
15 312 1
15 315 1
15 358 1
15 371 1
15 434 1
15 435 1
15 438 1
15 443 1
15 456 1
15 489 1
15 506 1
15 508 1
15 514 1
15 529 1
15 548 1
15 624 1
15 633 1
15 765 1
15 886 1
15 932 1
15 1052 1
15 1172 1
15 1289 1
15 1295 1
15 1314 1
15 1336 1
15 1339 1
15 1345 1
15 1354 1
15 1355 1
15 1398 1
15 1561 1
15 1659 1
15 1955 1
15 2048 1
15 2197 1
15 2299 1
15 2517 1
15 2866 1
15 3552 1
15 3952 1
15 4102 1
15 5406 1
16 9 1
16 12 1
16 15 1
16 18 1
16 19 1
16 22 1
16 24 1
16 25 1
16 26 1
16 30 1
16 34 1
16 37 1
16 41 1
16 42 1
16 45 1
16 58 1
16 60 1
16 68 1
16 71 1
16 74 1
16 89 1
16 92 1
16 111 1
16 115 1
16 120 1
16 124 1
16 125 1
16 126 1
16 136 1
16 147 1
16 190 1
16 226 1
16 227 1
16 231 1
16 236 1
16 257 1
16 258 1
16 271 1
16 280 1
16 286 1
16 294 1
16 299 1
16 312 1
16 320 1
16 337 1
16 340 1
16 342 1
16 369 1
16 371 1
16 398 1
16 438 1
16 478 1
16 489 1
16 494 1
16 508 1
16 515 1
16 522 1
16 526 1
16 530 1
16 532 1
16 533 1
16 540 1
16 561 1
16 612 1
16 623 1
16 624 1
16 633 1
16 653 1
16 704 1
16 718 1
16 765 1
16 801 1
16 838 1
16 844 1
16 854 1
16 879 1
16 903 1
16 932 1
16 1052 1
16 1085 1
16 1120 1
16 1131 1
16 1166 1
16 1172 1
16 1182 1
16 1188 1
16 1192 1
16 1276 1
16 1289 1
16 1293 1
16 1341 1
16 1376 1
16 1510 1
16 1554 1
16 1592 1
16 1603 1
16 1617 1
16 1659 1
16 1889 1
16 1955 1
16 2040 1
16 2048 1
16 2197 1
16 2299 1
16 2303 1
16 2305 1
16 2343 1
16 2490 1
16 2517 1
16 2554 1
16 2674 1
16 2682 1
16 2738 1
16 2966 1
16 3166 1
16 3301 1
16 3375 1
16 3481 1
16 3691 1
16 3750 1
16 3815 1
16 3829 1
16 3857 1
16 3877 1
16 3952 1
16 4146 1
16 4402 1
16 4643 1
16 4644 1
16 4714 1
16 4868 1
16 5024 1
16 5039 1
16 5750 1
16 5866 1
16 6263 1
16 6376 1
16 6381 1
16 7017 1
18 2 1
18 6 1
18 12 1
18 15 1
18 19 1
18 22 1
18 25 1
18 28 1
18 30 1
18 34 1
18 37 1
18 41 1
18 42 1
18 46 1
18 58 1
18 68 1
18 69 1
18 71 1
18 72 1
18 92 1
18 104 1
18 111 1
18 124 1
18 125 1
18 126 1
18 147 1
18 152 1
18 186 1
18 190 1
18 196 1
18 212 1
18 226 1
18 227 1
18 231 1
18 236 1
18 245 1
18 257 1
18 271 1
18 280 1
18 286 1
18 290 1
18 299 1
18 315 1
18 337 1
18 340 1
18 358 1
18 369 1
18 435 1
18 438 1
18 443 1
18 456 1
18 474 1
18 515 1
18 522 1
18 526 1
18 529 1
18 530 1
18 533 1
18 548 1
18 561 1
18 612 1
18 653 1
18 695 1
18 733 1
18 801 1
18 803 1
18 844 1
18 854 1
18 879 1
18 881 1
18 886 1
18 888 1
18 892 1
18 908 1
18 932 1
18 942 1
18 1052 1
18 1063 1
18 1078 1
18 1089 1
18 1120 1
18 1131 1
18 1172 1
18 1182 1
18 1285 1
18 1295 1
18 1339 1
18 1376 1
18 1554 1
18 1617 1
18 1659 1
18 1720 1
18 2096 1
18 2182 1
18 2197 1
18 2299 1
18 2308 1
18 2462 1
18 2467 1
18 2517 1
18 2612 1
18 2738 1
18 3552 1
18 3691 1
18 3750 1
18 3963 1
18 4094 1
18 4402 1
18 4714 1
18 4827 1
18 4843 1
18 5406 1
18 5921 1
18 6703 1
18 7469 1
18 7683 1
19 12 1
19 26 1
19 69 1
19 104 1
19 123 1
19 1659 1
22 2 1
22 6 1
22 9 1
22 12 1
22 18 1
22 19 1
22 26 1
22 30 1
22 33 1
22 34 1
22 37 1
22 41 1
22 43 1
22 45 1
22 47 1
22 58 1
22 60 1
22 74 1
22 83 1
22 89 1
22 94 1
22 104 1
22 111 1
22 115 1
22 119 1
22 120 1
22 123 1
22 124 1
22 125 1
22 126 1
22 136 1
22 139 1
22 147 1
22 190 1
22 197 1
22 207 1
22 212 1
22 227 1
22 231 1
22 236 1
22 240 1
22 245 1
22 257 1
22 258 1
22 271 1
22 280 1
22 290 1
22 294 1
22 312 1
22 315 1
22 320 1
22 333 1
22 337 1
22 348 1
22 358 1
22 371 1
22 434 1
22 435 1
22 443 1
22 456 1
22 478 1
22 489 1
22 508 1
22 514 1
22 515 1
22 522 1
22 529 1
22 530 1
22 540 1
22 561 1
22 612 1
22 623 1
22 624 1
22 633 1
22 653 1
22 695 1
22 714 1
22 735 1
22 765 1
22 803 1
22 838 1
22 844 1
22 854 1
22 881 1
22 888 1
22 908 1
22 1052 1
22 1063 1
22 1085 1
22 1089 1
22 1131 1
22 1166 1
22 1167 1
22 1172 1
22 1228 1
22 1276 1
22 1289 1
22 1293 1
22 1295 1
22 1336 1
22 1339 1
22 1341 1
22 1355 1
22 1398 1
22 1469 1
22 1510 1
22 1659 1
22 1720 1
22 1889 1
22 1955 1
22 2048 1
22 2140 1
22 2405 1
22 2462 1
22 2490 1
22 2517 1
22 2573 1
22 2597 1
22 2612 1
22 2674 1
22 2738 1
22 2763 1
22 2866 1
22 2966 1
22 3166 1
22 3261 1
22 3480 1
22 3552 1
22 3606 1
22 3607 1
22 3691 1
22 3857 1
22 3877 1
22 3878 1
22 4094 1
22 4146 1
22 4175 1
22 4269 1
22 4330 1
22 4549 1
22 4644 1
22 4818 1
22 4843 1
22 5007 1
22 5101 1
22 5406 1
22 5518 1
22 5938 1
22 6226 1
22 6263 1
22 6703 1
22 7017 1
22 7143 1
22 7154 1
22 7452 1
24 15 1
24 22 1
24 26 1
24 258 1
24 371 1
24 633 1
24 735 1
24 3952 1
25 6 1
25 15 1
25 18 1
25 26 1
25 41 1
25 46 1
25 89 1
25 104 1
25 111 1
25 207 1
25 258 1
25 286 1
25 299 1
25 474 1
25 653 1
25 879 1
25 2308 1
25 3166 1
26 6 1
26 9 1
26 12 1
26 18 1
26 25 1
26 28 1
26 30 1
26 34 1
26 37 1
26 41 1
26 42 1
26 43 1
26 46 1
26 58 1
26 68 1
26 71 1
26 89 1
26 92 1
26 94 1
26 104 1
26 111 1
26 120 1
26 123 1
26 124 1
26 125 1
26 133 1
26 147 1
26 152 1
26 196 1
26 236 1
26 258 1
26 271 1
26 290 1
26 294 1
26 302 1
26 307 1
26 312 1
26 315 1
26 333 1
26 348 1
26 358 1
26 361 1
26 435 1
26 438 1
26 494 1
26 514 1
26 515 1
26 526 1
26 529 1
26 530 1
26 612 1
26 624 1
26 704 1
26 735 1
26 838 1
26 844 1
26 854 1
26 903 1
26 932 1
26 1078 1
26 1085 1
26 1131 1
26 1293 1
26 1295 1
26 1314 1
26 1355 1
26 1592 1
26 1676 1
26 1816 1
26 1889 1
26 2141 1
26 2182 1
26 2197 1
26 2303 1
26 2405 1
26 2467 1
26 2517 1
26 3166 1
26 3261 1
26 3552 1
26 6226 1
28 2 1
28 6 1
28 8 1
28 12 1
28 15 1
28 16 1
28 18 1
28 22 1
28 24 1
28 26 1
28 30 1
28 34 1
28 37 1
28 41 1
28 42 1
28 43 1
28 45 1
28 47 1
28 58 1
28 60 1
28 71 1
28 72 1
28 89 1
28 94 1
28 104 1
28 111 1
28 115 1
28 119 1
28 123 1
28 147 1
28 197 1
28 207 1
28 236 1
28 257 1
28 258 1
28 280 1
28 286 1
28 294 1
28 302 1
28 312 1
28 315 1
28 333 1
28 348 1
28 358 1
28 438 1
28 474 1
28 494 1
28 508 1
28 514 1
28 515 1
28 522 1
28 526 1
28 530 1
28 533 1
28 561 1
28 653 1
28 685 1
28 725 1
28 733 1
28 765 1
28 844 1
28 854 1
28 903 1
28 1131 1
28 1172 1
28 1285 1
28 1326 1
28 1339 1
28 1554 1
28 1592 1
28 1816 1
28 2197 1
28 2303 1
28 2462 1
28 2554 1
28 3301 1
28 3552 1
28 3607 1
28 4435 1
28 4820 1
28 5750 1
28 6673 1
28 7143 1
30 2 1
30 8 1
30 15 1
30 16 1
30 19 1
30 22 1
30 25 1
30 26 1
30 34 1
30 45 1
30 46 1
30 58 1
30 68 1
30 71 1
30 74 1
30 89 1
30 104 1
30 115 1
30 120 1
30 123 1
30 125 1
30 152 1
30 190 1
30 196 1
30 197 1
30 207 1
30 236 1
30 271 1
30 290 1
30 299 1
30 348 1
30 358 1
30 434 1
30 443 1
30 456 1
30 474 1
30 522 1
30 803 1
30 879 1
30 979 1
30 1172 1
30 1276 1
30 1354 1
30 1355 1
30 1510 1
30 2303 1
30 2966 1
30 4269 1
30 4515 1
30 5518 1
30 5533 1
33 2 1
33 89 1
34 2 1
34 6 1
34 8 1
34 12 1
34 15 1
34 16 1
34 18 1
34 26 1
34 41 1
34 45 1
34 71 1
34 115 1
34 120 1
34 125 1
34 147 1
34 152 1
34 191 1
34 197 1
34 231 1
34 236 1
34 240 1
34 290 1
34 294 1
34 299 1
34 358 1
34 443 1
34 474 1
34 489 1
34 533 1
34 561 1
34 725 1
34 801 1
34 844 1
34 854 1
34 881 1
34 932 1
34 1120 1
34 1314 1
34 1561 1
34 2554 1
34 3691 1
34 3750 1
34 4714 1
37 6 1
37 12 1
37 15 1
37 16 1
37 18 1
37 22 1
37 26 1
37 28 1
37 46 1
37 58 1
37 71 1
37 89 1
37 92 1
37 94 1
37 104 1
37 111 1
37 115 1
37 120 1
37 125 1
37 139 1
37 147 1
37 186 1
37 197 1
37 240 1
37 280 1
37 294 1
37 299 1
37 302 1
37 320 1
37 342 1
37 348 1
37 456 1
37 474 1
37 489 1
37 526 1
37 624 1
37 704 1
37 765 1
37 803 1
37 844 1
37 892 1
37 1052 1
37 1063 1
37 1285 1
37 1289 1
37 1326 1
37 1659 1
37 2203 1
37 3163 1
41 2 1
41 6 1
41 8 1
41 12 1
41 15 1
41 16 1
41 26 1
41 28 1
41 34 1
41 69 1
41 89 1
41 125 1
41 186 1
41 190 1
41 227 1
41 245 1
41 290 1
41 307 1
41 340 1
41 474 1
41 506 1
41 582 1
41 1052 1
41 1063 1
41 1089 1
41 1131 1
41 1289 1
41 2305 1
41 2763 1
41 3375 1
41 4714 1
42 2 1
42 12 1
42 15 1
42 19 1
42 22 1
42 28 1
42 34 1
42 58 1
42 71 1
42 104 1
42 136 1
42 147 1
42 258 1
42 312 1
42 443 1
42 474 1
42 478 1
42 515 1
42 733 1
42 803 1
42 1089 1
42 1182 1
42 1398 1
42 2554 1
42 5449 1
42 6376 1
43 2 1
43 9 1
43 12 1
43 15 1
43 16 1
43 18 1
43 22 1
43 26 1
43 34 1
43 42 1
43 46 1
43 68 1
43 69 1
43 72 1
43 104 1
43 115 1
43 119 1
43 197 1
43 286 1
43 340 1
43 348 1
43 369 1
43 438 1
43 548 1
43 624 1
43 908 1
43 932 1
43 1052 1
43 1192 1
43 1326 1
43 1376 1
43 1659 1
43 2405 1
45 6 1
45 12 1
45 15 1
45 22 1
45 26 1
45 28 1
45 34 1
45 69 1
45 72 1
45 89 1
45 94 1
45 111 1
45 120 1
45 126 1
45 190 1
45 191 1
45 197 1
45 207 1
45 212 1
45 226 1
45 236 1
45 257 1
45 280 1
45 290 1
45 294 1
45 299 1
45 302 1
45 307 1
45 315 1
45 333 1
45 340 1
45 438 1
45 443 1
45 508 1
45 522 1
45 526 1
45 532 1
45 561 1
45 582 1
45 725 1
45 735 1
45 844 1
45 854 1
45 886 1
45 1030 1
45 1063 1
45 1078 1
45 1131 1
45 1172 1
45 1289 1
45 1339 1
45 1469 1
45 1554 1
45 1559 1
45 1647 1
45 1659 1
45 1955 1
45 2303 1
45 2308 1
45 4065 1
45 5406 1
46 2 1
46 6 1
46 8 1
46 12 1
46 16 1
46 18 1
46 22 1
46 37 1
46 41 1
46 42 1
46 45 1
46 72 1
46 89 1
46 92 1
46 111 1
46 120 1
46 123 1
46 124 1
46 125 1
46 136 1
46 152 1
46 197 1
46 227 1
46 236 1
46 280 1
46 294 1
46 299 1
46 312 1
46 315 1
46 340 1
46 438 1
46 443 1
46 514 1
46 561 1
46 623 1
46 903 1
46 1052 1
46 1172 1
46 1955 1
46 2303 1
46 2763 1
46 3261 1
46 4714 1
47 6 1
47 16 1
47 18 1
47 45 1
47 89 1
47 231 1
47 240 1
47 299 1
47 434 1
47 1052 1
47 1120 1
47 1592 1
47 2674 1
58 2 1
58 6 1
58 8 1
58 12 1
58 26 1
58 37 1
58 42 1
58 43 1
58 45 1
58 60 1
58 69 1
58 72 1
58 94 1
58 104 1
58 115 1
58 120 1
58 124 1
58 147 1
58 186 1
58 190 1
58 197 1
58 207 1
58 231 1
58 236 1
58 257 1
58 280 1
58 286 1
58 290 1
58 299 1
58 320 1
58 333 1
58 371 1
58 474 1
58 526 1
58 529 1
58 530 1
58 548 1
58 624 1
58 725 1
58 844 1
58 932 1
58 1052 1
58 1131 1
58 1167 1
58 1172 1
58 1182 1
58 1289 1
58 1339 1
58 1345 1
58 1720 1
58 2554 1
58 2674 1
58 2738 1
58 3552 1
58 3750 1
58 4065 1
58 4714 1
60 2 1
60 15 1
60 16 1
60 18 1
60 22 1
60 42 1
60 43 1
60 45 1
60 46 1
60 115 1
60 548 1
60 624 1
60 3691 1
68 2 1
68 8 1
68 15 1
68 18 1
68 22 1
68 25 1
68 26 1
68 34 1
68 37 1
68 41 1
68 42 1
68 45 1
68 71 1
68 72 1
68 89 1
68 94 1
68 120 1
68 123 1
68 125 1
68 147 1
68 190 1
68 207 1
68 212 1
68 280 1
68 290 1
68 302 1
68 312 1
68 322 1
68 348 1
68 371 1
68 438 1
68 443 1
68 489 1
68 506 1
68 514 1
68 515 1
68 526 1
68 532 1
68 561 1
68 624 1
68 633 1
68 725 1
68 735 1
68 838 1
68 844 1
68 903 1
68 1052 1
68 1063 1
68 1131 1
68 1172 1
68 1188 1
68 1314 1
68 1339 1
68 1341 1
68 1345 1
68 1355 1
68 1554 1
68 1793 1
68 1879 1
68 2554 1
68 2738 1
68 2866 1
68 3750 1
68 4146 1
68 4644 1
68 7419 1
69 6 1
69 16 1
69 18 1
69 22 1
69 28 1
69 94 1
69 123 1
69 340 1
69 443 1
69 704 1
69 1289 1
69 2517 1
71 6 1
71 12 1
71 15 1
71 18 1
71 22 1
71 24 1
71 26 1
71 37 1
71 41 1
71 47 1
71 58 1
71 69 1
71 72 1
71 89 1
71 91 1
71 123 1
71 147 1
71 190 1
71 231 1
71 240 1
71 271 1
71 280 1
71 286 1
71 290 1
71 299 1
71 312 1
71 348 1
71 434 1
71 435 1
71 456 1
71 474 1
71 508 1
71 540 1
71 631 1
71 854 1
71 888 1
71 932 1
71 1078 1
71 1089 1
71 1120 1
71 1172 1
71 1293 1
71 1339 1
71 1341 1
71 1691 1
71 1816 1
71 1879 1
71 1889 1
71 2299 1
71 2609 1
71 2738 1
71 2966 1
71 3166 1
71 3691 1
71 5039 1
71 5938 1
71 7141 1
72 8 1
72 9 1
72 15 1
72 22 1
72 26 1
72 34 1
72 41 1
72 46 1
72 68 1
72 69 1
72 115 1
72 125 1
72 136 1
72 186 1
72 294 1
72 299 1
72 302 1
72 506 1
72 514 1
72 653 1
72 844 1
72 908 1
72 932 1
72 1089 1
72 1172 1
72 1285 1
72 2462 1
74 6 1
74 15 1
74 18 1
74 28 1
74 89 1
74 120 1
74 245 1
74 1063 1
83 2 1
83 9 1
83 15 1
83 41 1
83 42 1
83 43 1
83 45 1
83 68 1
83 115 1
83 212 1
83 245 1
83 337 1
83 489 1
83 508 1
83 735 1
83 881 1
83 1063 1
83 2467 1
89 15 1
89 16 1
89 18 1
89 22 1
89 26 1
89 41 1
89 42 1
89 46 1
89 60 1
89 68 1
89 69 1
89 72 1
89 115 1
89 123 1
89 125 1
89 126 1
89 147 1
89 186 1
89 197 1
89 207 1
89 231 1
89 240 1
89 245 1
89 257 1
89 258 1
89 299 1
89 312 1
89 315 1
89 322 1
89 337 1
89 340 1
89 358 1
89 443 1
89 506 1
89 530 1
89 561 1
89 623 1
89 718 1
89 765 1
89 844 1
89 854 1
89 879 1
89 888 1
89 1052 1
89 1063 1
89 1078 1
89 1089 1
89 1167 1
89 1172 1
89 1276 1
89 1339 1
89 1345 1
89 1676 1
89 2308 1
89 3301 1
89 3481 1
89 3552 1
89 3731 1
89 4094 1
89 4435 1
89 4820 1
91 15 1
91 22 1
91 125 1
91 302 1
92 15 1
92 22 1
92 28 1
92 34 1
92 37 1
92 46 1
92 47 1
92 68 1
92 89 1
92 94 1
92 123 1
92 147 1
92 196 1
92 197 1
92 236 1
92 286 1
92 299 1
92 322 1
92 371 1
92 474 1
92 489 1
92 735 1
92 1276 1
92 1889 1
94 2 1
94 15 1
94 16 1
94 18 1
94 25 1
94 28 1
94 30 1
94 34 1
94 45 1
94 47 1
94 68 1
94 71 1
94 92 1
94 104 1
94 111 1
94 115 1
94 120 1
94 125 1
94 147 1
94 152 1
94 212 1
94 286 1
94 294 1
94 299 1
94 312 1
94 348 1
94 358 1
94 371 1
94 438 1
94 474 1
94 489 1
94 526 1
94 529 1
94 530 1
94 561 1
94 582 1
94 631 1
94 685 1
94 803 1
94 838 1
94 844 1
94 922 1
94 1089 1
94 1167 1
94 1188 1
94 1341 1
94 2405 1
94 2467 1
99 6 1
99 15 1
99 16 1
99 18 1
99 19 1
99 22 1
99 26 1
99 45 1
99 71 1
99 89 1
99 94 1
99 115 1
99 124 1
99 212 1
99 231 1
99 280 1
99 299 1
99 320 1
99 474 1
99 478 1
99 532 1
99 561 1
99 735 1
99 881 1
99 1376 1
99 1889 1
99 2517 1
99 7419 1
104 8 1
104 12 1
104 15 1
104 16 1
104 18 1
104 22 1
104 28 1
104 34 1
104 45 1
104 47 1
104 71 1
104 72 1
104 89 1
104 91 1
104 92 1
104 94 1
104 111 1
104 125 1
104 136 1
104 191 1
104 231 1
104 240 1
104 245 1
104 257 1
104 258 1
104 294 1
104 299 1
104 312 1
104 315 1
104 320 1
104 340 1
104 348 1
104 434 1
104 506 1
104 529 1
104 548 1
104 624 1
104 725 1
104 733 1
104 735 1
104 803 1
104 903 1
104 908 1
104 932 1
104 1078 1
104 1120 1
104 1276 1
104 1289 1
104 1659 1
104 2308 1
104 2554 1
104 3963 1
111 2 1
111 12 1
111 15 1
111 22 1
111 28 1
111 41 1
111 42 1
111 43 1
111 45 1
111 46 1
111 47 1
111 58 1
111 69 1
111 72 1
111 74 1
111 94 1
111 120 1
111 123 1
111 125 1
111 126 1
111 147 1
111 197 1
111 207 1
111 227 1
111 286 1
111 299 1
111 315 1
111 435 1
111 438 1
111 443 1
111 494 1
111 522 1
111 526 1
111 533 1
111 624 1
111 631 1
111 685 1
111 733 1
111 844 1
111 932 1
111 1120 1
111 1131 1
111 1167 1
111 1172 1
111 1345 1
111 2405 1
111 3552 1
111 4102 1
111 6068 1
115 2 1
115 6 1
115 15 1
115 26 1
115 28 1
115 33 1
115 42 1
115 45 1
115 71 1
115 72 1
115 104 1
115 120 1
115 125 1
115 136 1
115 147 1
115 152 1
115 257 1
115 271 1
115 280 1
115 286 1
115 312 1
115 340 1
115 358 1
115 371 1
115 438 1
115 456 1
115 474 1
115 489 1
115 548 1
115 803 1
115 844 1
115 903 1
115 942 1
115 1052 1
115 1078 1
115 1089 1
115 1120 1
115 1172 1
115 1188 1
115 1289 1
115 1293 1
115 1326 1
115 1345 1
115 1376 1
115 1720 1
115 2299 1
115 2462 1
115 2674 1
115 3552 1
115 4402 1
115 6362 1
115 6376 1
115 7340 1
119 2 1
119 6 1
119 9 1
119 12 1
119 18 1
119 22 1
119 28 1
119 30 1
119 34 1
119 37 1
119 41 1
119 42 1
119 68 1
119 69 1
119 72 1
119 104 1
119 111 1
119 115 1
119 120 1
119 186 1
119 197 1
119 212 1
119 227 1
119 231 1
119 236 1
119 240 1
119 245 1
119 286 1
119 290 1
119 307 1
119 312 1
119 315 1
119 333 1
119 340 1
119 342 1
119 438 1
119 443 1
119 474 1
119 478 1
119 526 1
119 530 1
119 540 1
119 561 1
119 633 1
119 735 1
119 844 1
119 932 1
119 1314 1
119 1339 1
119 1341 1
119 1355 1
119 1554 1
119 2096 1
119 2517 1
119 2573 1
119 2653 1
119 3691 1
119 3815 1
119 4065 1
119 5406 1
119 5518 1
120 6 1
120 12 1
120 15 1
120 16 1
120 18 1
120 42 1
120 46 1
120 47 1
120 71 1
120 89 1
120 92 1
120 115 1
120 123 1
120 197 1
120 212 1
120 236 1
120 241 1
120 280 1
120 312 1
120 358 1
120 361 1
120 371 1
120 456 1
120 514 1
120 530 1
120 735 1
120 838 1
120 908 1
120 1089 1
120 1166 1
120 1182 1
120 1339 1
120 1647 1
120 2308 1
120 3552 1
120 5024 1
123 2 1
123 6 1
123 8 1
123 15 1
123 16 1
123 18 1
123 19 1
123 22 1
123 25 1
123 26 1
123 33 1
123 34 1
123 37 1
123 42 1
123 43 1
123 45 1
123 46 1
123 68 1
123 69 1
123 72 1
123 89 1
123 92 1
123 94 1
123 104 1
123 111 1
123 115 1
123 125 1
123 126 1
123 139 1
123 152 1
123 227 1
123 231 1
123 257 1
123 280 1
123 290 1
123 294 1
123 299 1
123 307 1
123 312 1
123 340 1
123 371 1
123 398 1
123 434 1
123 443 1
123 474 1
123 489 1
123 506 1
123 508 1
123 526 1
123 623 1
123 624 1
123 685 1
123 733 1
123 735 1
123 803 1
123 854 1
123 879 1
123 886 1
123 932 1
123 979 1
123 1063 1
123 1089 1
123 1131 1
123 1167 1
123 1172 1
123 1293 1
123 1326 1
123 1339 1
123 1355 1
123 1376 1
123 1659 1
123 1879 1
123 1889 1
123 2096 1
123 2308 1
123 2405 1
123 2517 1
123 2674 1
123 3750 1
123 4065 1
123 5921 1
124 2 1
124 6 1
124 15 1
124 42 1
124 45 1
124 46 1
124 47 1
124 60 1
124 94 1
124 125 1
124 126 1
124 257 1
124 294 1
124 320 1
124 348 1
124 1052 1
124 1131 1
124 1341 1
124 1889 1
124 2609 1
124 3108 1
125 15 1
125 16 1
125 18 1
125 22 1
125 26 1
125 28 1
125 37 1
125 69 1
125 74 1
125 89 1
125 115 1
125 123 1
125 147 1
125 190 1
125 207 1
125 226 1
125 245 1
125 312 1
125 322 1
125 337 1
125 358 1
125 474 1
125 533 1
125 685 1
125 844 1
125 903 1
125 908 1
125 1052 1
125 1089 1
125 1131 1
125 1326 1
125 1376 1
125 1554 1
125 2096 1
125 2554 1
125 6376 1
126 2 1
126 6 1
126 15 1
126 16 1
126 18 1
126 28 1
126 30 1
126 58 1
126 68 1
126 94 1
126 190 1
126 1182 1
133 2 1
133 16 1
136 2 1
136 6 1
136 26 1
136 37 1
136 41 1
136 45 1
136 68 1
136 69 1
136 120 1
136 125 1
136 299 1
136 322 1
136 340 1
136 371 1
136 474 1
136 489 1
136 540 1
136 801 1
136 844 1
136 879 1
136 1052 1
136 1293 1
136 2467 1
136 2517 1
139 12 1
139 15 1
139 16 1
139 18 1
139 42 1
139 71 1
139 115 1
139 474 1
139 1289 1
139 1314 1
139 1554 1
139 2405 1
139 2609 1
139 4714 1
139 6376 1
147 6 1
147 25 1
147 26 1
147 89 1
147 94 1
147 111 1
147 123 1
147 474 1
147 1063 1
152 18 1
152 22 1
152 26 1
152 41 1
152 43 1
152 104 1
152 125 1
152 286 1
152 290 1
152 342 1
152 704 1
152 733 1
152 2674 1
186 6 1
186 22 1
186 26 1
186 46 1
186 123 1
186 190 1
186 438 1
186 474 1
186 4094 1
190 8 1
190 9 1
190 12 1
190 15 1
190 18 1
190 26 1
190 47 1
190 72 1
190 89 1
190 92 1
190 94 1
190 115 1
190 197 1
190 290 1
190 315 1
190 320 1
190 322 1
190 340 1
190 438 1
190 508 1
190 624 1
190 733 1
190 735 1
190 881 1
190 908 1
190 922 1
190 1341 1
190 1617 1
190 4330 1
191 18 1
191 22 1
191 68 1
191 438 1
196 22 1
196 26 1
197 2 1
197 12 1
197 15 1
197 16 1
197 18 1
197 26 1
197 47 1
197 115 1
197 125 1
197 358 1
197 371 1
197 456 1
197 508 1
197 1063 1
207 16 1
207 18 1
207 22 1
207 26 1
207 34 1
207 41 1
207 45 1
207 89 1
207 111 1
207 136 1
207 152 1
207 231 1
207 236 1
207 312 1
207 435 1
207 456 1
207 526 1
207 653 1
207 704 1
207 879 1
212 2 1
212 6 1
212 15 1
212 16 1
212 18 1
212 28 1
212 30 1
212 43 1
212 46 1
212 58 1
212 68 1
212 71 1
212 72 1
212 115 1
212 123 1
212 258 1
212 312 1
212 514 1
212 530 1
212 714 1
212 765 1
212 844 1
212 1345 1
212 1720 1
212 2554 1
212 4714 1
226 89 1
226 115 1
226 340 1
227 6 1
227 37 1
227 45 1
227 94 1
227 111 1
227 240 1
231 6 1
231 12 1
231 15 1
231 22 1
231 26 1
231 30 1
231 41 1
231 45 1
231 71 1
231 94 1
231 104 1
231 111 1
231 115 1
231 120 1
231 123 1
231 271 1
231 312 1
231 369 1
231 474 1
231 561 1
231 718 1
231 844 1
231 1052 1
231 1063 1
231 6381 1
236 2 1
236 6 1
236 8 1
236 12 1
236 15 1
236 16 1
236 18 1
236 22 1
236 26 1
236 28 1
236 34 1
236 45 1
236 71 1
236 89 1
236 94 1
236 104 1
236 111 1
236 119 1
236 120 1
236 197 1
236 245 1
236 257 1
236 340 1
236 358 1
236 443 1
236 529 1
236 844 1
236 932 1
236 1326 1
236 2203 1
236 7452 1
240 16 1
240 18 1
240 26 1
240 37 1
240 94 1
240 735 1
240 2738 1
241 22 1
245 6 1
245 8 1
245 9 1
245 15 1
245 18 1
245 22 1
245 26 1
245 28 1
245 37 1
245 43 1
245 46 1
245 58 1
245 71 1
245 72 1
245 91 1
245 94 1
245 115 1
245 231 1
245 257 1
245 258 1
245 312 1
245 371 1
245 438 1
245 489 1
245 548 1
245 735 1
245 1376 1
257 6 1
257 18 1
257 22 1
257 37 1
257 41 1
257 46 1
257 58 1
257 71 1
257 72 1
257 115 1
257 119 1
257 125 1
257 190 1
257 197 1
257 227 1
257 231 1
257 236 1
257 245 1
257 280 1
257 294 1
257 299 1
257 312 1
257 315 1
257 333 1
257 438 1
257 478 1
257 526 1
257 530 1
257 532 1
257 561 1
257 624 1
257 725 1
257 881 1
257 1172 1
257 1182 1
257 1192 1
257 1289 1
257 1293 1
257 1341 1
257 2096 1
257 2308 1
257 2343 1
257 3607 1
257 4549 1
258 2 1
258 18 1
258 26 1
258 42 1
258 47 1
258 68 1
258 123 1
258 231 1
258 340 1
258 348 1
258 526 1
258 695 1
258 725 1
258 3750 1
271 34 1
271 45 1
271 120 1
271 125 1
271 152 1
271 358 1
271 903 1
271 1052 1
271 1554 1
271 2303 1
271 5533 1
280 2 1
280 26 1
280 89 1
280 312 1
286 2 1
286 12 1
286 16 1
286 19 1
286 22 1
286 24 1
286 26 1
286 30 1
286 37 1
286 45 1
286 68 1
286 69 1
286 104 1
286 147 1
286 207 1
286 245 1
286 294 1
286 312 1
286 322 1
286 340 1
286 342 1
286 358 1
286 456 1
286 478 1
286 508 1
286 530 1
286 532 1
286 540 1
286 561 1
286 612 1
286 624 1
286 631 1
286 879 1
286 892 1
286 932 1
286 1063 1
286 1085 1
286 1182 1
286 1561 1
286 1659 1
286 2462 1
286 3261 1
286 3691 1
286 4402 1
286 4827 1
286 5406 1
290 2 1
290 6 1
290 8 1
290 12 1
290 15 1
290 16 1
290 22 1
290 25 1
290 28 1
290 34 1
290 37 1
290 41 1
290 69 1
290 72 1
290 89 1
290 104 1
290 115 1
290 120 1
290 123 1
290 136 1
290 231 1
290 258 1
290 271 1
290 333 1
290 340 1
290 371 1
290 456 1
290 474 1
290 508 1
290 881 1
290 1052 1
290 1078 1
290 1172 1
290 1182 1
290 1554 1
290 1561 1
290 1659 1
290 4868 1
294 6 1
294 12 1
294 15 1
294 19 1
294 41 1
294 42 1
294 58 1
294 71 1
294 74 1
294 104 1
294 111 1
294 123 1
294 186 1
294 190 1
294 207 1
294 236 1
294 290 1
294 315 1
294 320 1
294 438 1
294 474 1
294 506 1
294 704 1
294 735 1
294 879 1
294 1166 1
294 1376 1
294 2674 1
299 2 1
299 15 1
299 18 1
299 22 1
299 26 1
299 28 1
299 30 1
299 37 1
299 42 1
299 45 1
299 46 1
299 68 1
299 89 1
299 94 1
299 104 1
299 111 1
299 115 1
299 120 1
299 123 1
299 290 1
299 333 1
299 474 1
299 932 1
299 1063 1
299 1289 1
299 1554 1
299 5280 1
299 5987 1
299 6673 1
302 2 1
302 6 1
302 15 1
302 22 1
302 24 1
302 26 1
302 28 1
302 45 1
302 68 1
302 69 1
302 104 1
302 115 1
302 125 1
302 136 1
302 139 1
302 147 1
302 186 1
302 207 1
302 257 1
302 294 1
302 299 1
302 315 1
302 340 1
302 342 1
302 358 1
302 474 1
302 530 1
302 653 1
302 1131 1
302 1295 1
302 1659 1
302 2299 1
302 2554 1
307 6 1
307 22 1
307 30 1
307 68 1
307 69 1
307 71 1
307 72 1
307 89 1
307 92 1
307 152 1
307 186 1
307 197 1
307 207 1
307 257 1
307 286 1
307 299 1
307 340 1
307 474 1
307 529 1
307 695 1
307 733 1
307 765 1
307 2303 1
307 3815 1
312 6 1
312 12 1
312 15 1
312 18 1
312 26 1
312 28 1
312 34 1
312 37 1
312 46 1
312 68 1
312 71 1
312 89 1
312 111 1
312 125 1
312 245 1
312 271 1
312 299 1
312 307 1
312 371 1
312 474 1
312 530 1
312 932 1
312 1052 1
312 1063 1
312 1192 1
312 1289 1
312 1341 1
312 1355 1
312 2197 1
312 5280 1
315 6 1
315 15 1
315 16 1
315 18 1
315 22 1
315 25 1
315 26 1
315 28 1
315 37 1
315 41 1
315 42 1
315 45 1
315 68 1
315 104 1
315 111 1
315 207 1
315 280 1
315 290 1
315 340 1
315 561 1
315 903 1
315 1172 1
315 1339 1
315 1559 1
315 2462 1
315 5921 1
320 16 1
320 22 1
320 37 1
320 71 1
320 695 1
322 16 1
322 26 1
322 45 1
322 136 1
322 191 1
322 942 1
333 2 1
333 6 1
333 15 1
333 16 1
333 18 1
333 28 1
333 30 1
333 47 1
333 68 1
333 69 1
333 74 1
333 89 1
333 115 1
333 240 1
333 286 1
333 294 1
333 371 1
333 526 1
333 844 1
333 1078 1
333 1172 1
333 1341 1
333 3552 1
333 4330 1
337 286 1
337 474 1
337 508 1
337 1188 1
337 3552 1
340 12 1
340 15 1
340 22 1
340 28 1
340 30 1
340 42 1
340 72 1
340 120 1
340 257 1
340 456 1
340 526 1
340 561 1
340 582 1
340 624 1
340 685 1
340 695 1
340 725 1
340 801 1
340 932 1
340 1376 1
340 1793 1
340 4818 1
340 5406 1
342 6 1
342 18 1
342 30 1
342 37 1
342 89 1
342 456 1
342 1339 1
348 6 1
348 8 1
348 15 1
348 18 1
348 22 1
348 26 1
348 34 1
348 94 1
348 115 1
348 280 1
348 286 1
348 434 1
348 508 1
348 526 1
348 624 1
348 3815 1
358 2 1
358 6 1
358 9 1
358 15 1
358 18 1
358 22 1
358 30 1
358 37 1
358 71 1
358 89 1
358 115 1
358 207 1
358 245 1
358 1052 1
358 1063 1
358 1131 1
358 1293 1
358 1339 1
358 4843 1
358 5533 1
361 18 1
361 45 1
361 58 1
361 280 1
361 1345 1
369 22 1
369 94 1
369 257 1
369 530 1
369 2096 1
371 2 1
371 12 1
371 15 1
371 16 1
371 19 1
371 22 1
371 28 1
371 30 1
371 34 1
371 58 1
371 68 1
371 89 1
371 104 1
371 125 1
371 152 1
371 286 1
371 290 1
371 315 1
371 474 1
371 735 1
371 1078 1
371 3375 1
398 18 1
398 22 1
398 26 1
398 28 1
398 46 1
398 89 1
398 111 1
398 115 1
398 474 1
398 489 1
398 529 1
398 1295 1
398 2763 1
398 4437 1
434 15 1
434 16 1
434 123 1
434 125 1
434 312 1
434 371 1
435 15 1
435 26 1
435 28 1
435 45 1
435 111 1
435 115 1
435 139 1
435 903 1
435 1592 1
438 2 1
438 8 1
438 15 1
438 16 1
438 19 1
438 22 1
438 26 1
438 30 1
438 34 1
438 37 1
438 41 1
438 46 1
438 47 1
438 89 1
438 126 1
438 147 1
438 190 1
438 271 1
438 294 1
438 302 1
438 307 1
438 371 1
438 529 1
438 725 1
438 1052 1
438 1063 1
438 1085 1
438 1172 1
438 1293 1
438 4176 1
438 5750 1
443 6 1
443 15 1
443 16 1
443 18 1
443 26 1
443 28 1
443 34 1
443 37 1
443 42 1
443 45 1
443 58 1
443 71 1
443 120 1
443 123 1
443 147 1
443 257 1
443 290 1
443 302 1
443 1063 1
443 1326 1
443 1816 1
443 2467 1
456 6 1
456 22 1
456 37 1
456 58 1
456 94 1
456 104 1
456 125 1
456 290 1
456 903 1
456 932 1
456 1339 1
474 2 1
474 8 1
474 15 1
474 16 1
474 22 1
474 26 1
474 37 1
474 41 1
474 45 1
474 46 1
474 58 1
474 68 1
474 69 1
474 71 1
474 72 1
474 74 1
474 92 1
474 94 1
474 136 1
474 152 1
474 190 1
474 197 1
474 212 1
474 227 1
474 236 1
474 257 1
474 286 1
474 290 1
474 294 1
474 322 1
474 434 1
474 443 1
474 456 1
474 494 1
474 526 1
474 624 1
474 801 1
474 838 1
474 942 1
474 1052 1
474 1085 1
474 1120 1
474 1167 1
474 1172 1
474 1376 1
474 1554 1
474 1659 1
474 2592 1
474 3552 1
474 4146 1
474 4714 1
474 7419 1
478 15 1
478 16 1
478 18 1
478 22 1
478 26 1
478 45 1
478 526 1
478 7294 1
489 2 1
489 6 1
489 15 1
489 26 1
489 45 1
489 89 1
489 104 1
489 286 1
489 312 1
489 456 1
489 514 1
494 15 1
494 22 1
494 371 1
494 532 1
494 3261 1
506 2 1
506 8 1
506 9 1
506 12 1
506 16 1
506 22 1
506 28 1
506 34 1
506 37 1
506 41 1
506 71 1
506 104 1
506 119 1
506 123 1
506 286 1
506 340 1
506 443 1
506 474 1
506 561 1
506 695 1
506 1339 1
508 6 1
508 15 1
508 22 1
508 26 1
508 45 1
508 71 1
508 120 1
508 280 1
508 456 1
508 474 1
508 735 1
514 8 1
514 12 1
514 15 1
514 16 1
514 18 1
514 111 1
514 123 1
514 147 1
514 212 1
514 227 1
514 258 1
514 286 1
514 290 1
514 631 1
514 695 1
514 733 1
514 1879 1
514 4437 1
515 15 1
515 18 1
515 290 1
522 18 1
522 22 1
522 46 1
522 71 1
522 72 1
522 115 1
522 120 1
522 257 1
522 299 1
522 908 1
526 6 1
526 12 1
526 15 1
526 16 1
526 18 1
526 22 1
526 26 1
526 28 1
526 37 1
526 58 1
526 68 1
526 71 1
526 89 1
526 111 1
526 120 1
526 123 1
526 124 1
526 125 1
526 280 1
526 286 1
526 299 1
526 489 1
526 932 1
526 979 1
526 1131 1
526 1167 1
526 1188 1
526 1289 1
526 2299 1
526 3950 1
526 4330 1
529 9 1
529 16 1
529 18 1
529 22 1
529 28 1
529 34 1
529 46 1
529 89 1
529 207 1
529 522 1
529 561 1
529 1339 1
529 6152 1
530 2 1
530 16 1
530 18 1
530 22 1
530 26 1
530 28 1
530 104 1
530 125 1
530 190 1
530 358 1
530 526 1
530 1120 1
530 1172 1
530 1376 1
532 6 1
532 15 1
532 22 1
532 47 1
532 120 1
532 438 1
532 4714 1
533 8 1
533 18 1
533 474 1
540 15 1
540 18 1
540 34 1
540 94 1
540 123 1
540 371 1
540 474 1
540 2467 1
548 16 1
548 22 1
548 37 1
548 69 1
548 844 1
548 1131 1
561 2 1
561 8 1
561 9 1
561 18 1
561 26 1
561 28 1
561 37 1
561 41 1
561 45 1
561 46 1
561 71 1
561 72 1
561 74 1
561 115 1
561 123 1
561 125 1
561 136 1
561 190 1
561 197 1
561 280 1
561 312 1
561 443 1
561 474 1
561 515 1
561 526 1
561 803 1
561 854 1
561 942 1
561 979 1
561 1355 1
561 2653 1
561 5280 1
582 2 1
582 6 1
582 12 1
582 15 1
582 16 1
582 22 1
582 26 1
582 28 1
582 34 1
582 41 1
582 42 1
582 45 1
582 60 1
582 68 1
582 71 1
582 72 1
582 89 1
582 94 1
582 120 1
582 123 1
582 125 1
582 147 1
582 197 1
582 257 1
582 271 1
582 286 1
582 299 1
582 358 1
582 369 1
582 474 1
582 489 1
582 533 1
582 653 1
582 725 1
582 765 1
582 1052 1
582 1172 1
582 1376 1
582 1554 1
582 1659 1
582 4094 1
582 4330 1
582 4714 1
612 12 1
612 15 1
612 42 1
612 68 1
612 71 1
612 125 1
623 6 1
623 207 1
623 1089 1
624 6 1
624 15 1
624 18 1
624 26 1
624 37 1
624 60 1
624 89 1
624 99 1
624 115 1
624 123 1
624 124 1
624 125 1
624 257 1
624 290 1
624 369 1
624 443 1
624 474 1
624 922 1
624 2609 1
624 2738 1
624 4843 1
631 16 1
631 37 1
633 15 1
633 25 1
633 37 1
633 104 1
633 120 1
633 125 1
653 2 1
653 8 1
653 12 1
653 15 1
653 18 1
653 26 1
653 89 1
653 120 1
653 125 1
653 271 1
653 434 1
653 474 1
653 1376 1
653 3750 1
653 3857 1
685 6 1
685 15 1
685 34 1
685 45 1
685 68 1
685 111 1
685 115 1
685 124 1
685 139 1
685 257 1
685 280 1
685 506 1
685 844 1
685 942 1
685 1295 1
685 1955 1
685 2554 1
695 16 1
695 25 1
695 43 1
695 89 1
695 5039 1
704 26 1
704 37 1
704 111 1
714 18 1
714 245 1
718 72 1
725 12 1
725 16 1
725 18 1
725 22 1
725 28 1
725 42 1
725 46 1
725 68 1
725 89 1
725 111 1
725 125 1
725 147 1
725 190 1
725 231 1
725 245 1
725 286 1
725 294 1
725 312 1
725 474 1
725 522 1
725 529 1
725 844 1
725 1131 1
733 15 1
733 18 1
733 22 1
733 89 1
733 236 1
733 474 1
733 1192 1
735 8 1
735 15 1
735 16 1
735 18 1
735 22 1
735 92 1
735 104 1
735 115 1
735 120 1
735 280 1
735 286 1
735 456 1
735 1063 1
765 15 1
765 18 1
765 28 1
765 42 1
765 71 1
765 94 1
765 111 1
765 236 1
801 26 1
801 43 1
801 45 1
801 68 1
801 69 1
801 104 1
801 115 1
801 120 1
801 280 1
801 294 1
801 474 1
801 532 1
801 624 1
801 2197 1
803 6 1
803 16 1
803 18 1
803 45 1
803 71 1
803 94 1
803 120 1
803 123 1
803 854 1
838 2 1
838 15 1
838 16 1
838 18 1
838 22 1
838 45 1
838 46 1
838 94 1
838 115 1
838 147 1
838 257 1
838 337 1
838 348 1
838 1078 1
838 1889 1
844 6 1
844 15 1
844 18 1
844 26 1
844 58 1
844 104 1
844 111 1
844 115 1
844 120 1
844 136 1
844 147 1
844 280 1
844 290 1
844 340 1
844 506 1
844 530 1
844 653 1
844 801 1
844 854 1
844 903 1
844 1063 1
844 1131 1
844 1276 1
844 1376 1
844 1738 1
844 2467 1
844 4146 1
854 15 1
854 22 1
854 41 1
854 42 1
854 58 1
854 111 1
854 124 1
854 508 1
879 12 1
879 22 1
879 41 1
879 58 1
879 69 1
879 92 1
879 111 1
879 191 1
879 197 1
879 257 1
879 302 1
879 348 1
879 474 1
879 506 1
879 932 1
879 1120 1
879 3552 1
879 3750 1
881 12 1
881 18 1
881 26 1
881 312 1
881 1339 1
886 42 1
886 45 1
888 16 1
888 22 1
888 26 1
888 45 1
888 197 1
888 474 1
888 508 1
888 6673 1
892 15 1
892 18 1
892 28 1
892 115 1
903 18 1
903 22 1
903 26 1
903 28 1
903 34 1
903 257 1
903 438 1
903 506 1
908 8 1
908 12 1
908 15 1
908 22 1
908 26 1
908 46 1
908 115 1
908 333 1
908 443 1
908 695 1
908 942 1
922 190 1
932 15 1
932 18 1
932 22 1
932 89 1
932 104 1
932 115 1
932 120 1
932 123 1
932 136 1
932 307 1
932 733 1
932 6660 1
942 15 1
942 16 1
942 18 1
942 26 1
952 532 1
979 26 1
979 474 1
979 735 1
1030 26 1
1030 299 1
1052 15 1
1052 18 1
1052 22 1
1052 41 1
1052 45 1
1052 46 1
1052 120 1
1052 197 1
1052 207 1
1052 299 1
1052 302 1
1052 337 1
1052 489 1
1052 529 1
1052 803 1
1052 932 1
1052 1276 1
1052 1339 1
1063 15 1
1063 16 1
1063 18 1
1063 22 1
1063 26 1
1063 30 1
1063 37 1
1063 94 1
1063 119 1
1063 123 1
1063 190 1
1063 212 1
1063 231 1
1063 286 1
1063 312 1
1063 358 1
1063 438 1
1063 474 1
1063 530 1
1063 714 1
1078 15 1
1078 22 1
1085 15 1
1085 41 1
1085 58 1
1085 69 1
1085 136 1
1085 1172 1
1089 12 1
1089 15 1
1089 16 1
1089 18 1
1089 22 1
1089 94 1
1089 104 1
1089 124 1
1089 231 1
1089 704 1
1089 735 1
1089 2609 1
1120 15 1
1120 22 1
1120 26 1
1120 45 1
1120 58 1
1120 111 1
1120 136 1
1120 529 1
1131 6 1
1131 15 1
1131 30 1
1131 34 1
1131 37 1
1131 41 1
1131 45 1
1131 58 1
1131 68 1
1131 71 1
1131 72 1
1131 89 1
1131 111 1
1131 125 1
1131 136 1
1131 231 1
1131 257 1
1131 286 1
1131 315 1
1131 443 1
1131 514 1
1131 903 1
1131 932 1
1131 1120 1
1131 1592 1
1131 1659 1
1166 26 1
1166 257 1
1166 286 1
1167 15 1
1167 22 1
1167 37 1
1167 115 1
1167 515 1
1167 548 1
1172 6 1
1172 15 1
1172 18 1
1172 26 1
1172 41 1
1172 111 1
1172 530 1
1172 733 1
1172 735 1
1172 844 1
1172 881 1
1182 15 1
1182 89 1
1182 94 1
1182 290 1
1182 5457 1
1188 9 1
1188 22 1
1188 197 1
1188 1131 1
1188 1659 1
1192 2 1
1192 6 1
1192 18 1
1192 22 1
1192 26 1
1192 68 1
1192 120 1
1192 561 1
1192 803 1
1192 1376 1
1192 5406 1
1228 18 1
1228 190 1
1270 16 1
1276 15 1
1276 22 1
1276 26 1
1276 34 1
1276 104 1
1276 115 1
1276 119 1
1276 257 1
1276 348 1
1276 371 1
1276 1592 1
1285 2 1
1285 16 1
1285 26 1
1285 104 1
1289 6 1
1289 15 1
1289 22 1
1289 26 1
1289 45 1
1289 72 1
1289 94 1
1289 104 1
1289 299 1
1289 312 1
1293 18 1
1293 22 1
1293 45 1
1293 94 1
1293 1289 1
1295 15 1
1295 26 1
1295 37 1
1314 16 1
1314 26 1
1314 71 1
1326 15 1
1326 16 1
1326 18 1
1326 37 1
1326 45 1
1326 68 1
1326 290 1
1326 333 1
1339 15 1
1339 22 1
1339 41 1
1339 45 1
1339 71 1
1339 104 1
1339 123 1
1339 258 1
1339 358 1
1339 1063 1
1339 1131 1
1339 2517 1
1339 5227 1
1341 8 1
1341 15 1
1341 18 1
1341 37 1
1341 89 1
1341 111 1
1341 290 1
1341 340 1
1341 1293 1
1341 1339 1
1345 18 1
1345 22 1
1345 42 1
1345 5976 1
1354 240 1
1355 2 1
1355 12 1
1355 16 1
1355 37 1
1355 42 1
1355 45 1
1355 89 1
1355 115 1
1355 125 1
1355 136 1
1355 952 1
1376 15 1
1376 16 1
1376 18 1
1376 47 1
1376 68 1
1376 69 1
1376 71 1
1376 89 1
1376 123 1
1376 125 1
1376 190 1
1376 257 1
1376 474 1
1376 1052 1
1398 18 1
1469 16 1
1510 2 1
1510 22 1
1510 34 1
1510 37 1
1510 71 1
1510 89 1
1510 271 1
1510 302 1
1510 582 1
1554 8 1
1554 18 1
1554 22 1
1554 72 1
1554 94 1
1554 136 1
1554 371 1
1554 844 1
1554 1167 1
1554 2462 1
1559 12 1
1559 26 1
1559 37 1
1559 561 1
1561 6 1
1561 15 1
1561 22 1
1561 119 1
1561 371 1
1561 2299 1
1592 22 1
1592 26 1
1592 526 1
1603 22 1
1603 26 1
1617 18 1
1617 25 1
1617 26 1
1617 41 1
1617 68 1
1617 5921 1
1647 16 1
1647 41 1
1659 15 1
1659 19 1
1659 45 1
1659 94 1
1659 123 1
1659 294 1
1659 1192 1
1676 15 1
1720 16 1
1720 94 1
1738 16 1
1793 22 1
1793 30 1
1793 474 1
1793 838 1
1793 6598 1
1816 22 1
1816 290 1
1816 294 1
1879 15 1
1879 18 1
1879 22 1
1879 72 1
1889 6 1
1889 18 1
1889 22 1
1889 30 1
1889 42 1
1889 111 1
1889 123 1
1889 152 1
1889 294 1
1889 1355 1
1955 28 1
1955 89 1
1986 2 1
2040 514 1
2048 15 1
2048 22 1
2048 26 1
2048 190 1
2048 280 1
2048 286 1
2096 22 1
2096 115 1
2096 438 1
2096 6263 1
2140 15 1
2140 26 1
2140 89 1
2140 119 1
2140 236 1
2141 152 1
2182 286 1
2182 1063 1
2197 22 1
2197 72 1
2197 245 1
2299 6 1
2299 22 1
2299 26 1
2299 71 1
2299 307 1
2299 340 1
2299 530 1
2299 624 1
2299 1167 1
2303 15 1
2303 37 1
2303 41 1
2303 94 1
2303 302 1
2303 844 1
2305 45 1
2308 2 1
2308 15 1
2308 16 1
2308 22 1
2308 26 1
2308 42 1
2308 68 1
2308 71 1
2308 125 1
2308 299 1
2308 1341 1
2343 71 1
2405 15 1
2405 16 1
2405 22 1
2405 26 1
2405 111 1
2405 1063 1
2462 22 1
2467 15 1
2467 22 1
2467 45 1
2467 286 1
2467 838 1
2490 2 1
2490 15 1
2490 18 1
2490 71 1
2490 2048 1
2517 15 1
2554 2 1
2554 15 1
2554 18 1
2554 22 1
2554 26 1
2554 68 1
2554 312 1
2566 22 1
2573 9 1
2573 16 1
2573 94 1
2592 12 1
2592 15 1
2592 26 1
2592 299 1
2592 312 1
2597 1510 1
2609 46 1
2609 68 1
2609 136 1
2609 212 1
2609 369 1
2612 18 1
2612 68 1
2653 15 1
2674 16 1
2674 58 1
2674 68 1
2674 72 1
2674 125 1
2674 2299 1
2682 18 1
2682 26 1
2682 294 1
2738 15 1
2738 26 1
2738 197 1
2738 1131 1
2763 15 1
2763 34 1
2763 1398 1
2866 18 1
2866 147 1
2866 474 1
2966 15 1
2966 45 1
3108 18 1
3108 126 1
3163 15 1
3163 18 1
3163 22 1
3166 22 1
3166 26 1
3166 120 1
3261 6 1
3261 26 1
3261 438 1
3301 123 1
3480 26 1
3552 2 1
3552 6 1
3552 12 1
3552 15 1
3552 22 1
3596 15 1
3596 26 1
3596 854 1
3596 1285 1
3596 1793 1
3606 18 1
3606 5921 1
3607 6 1
3607 45 1
3691 15 1
3691 89 1
3691 333 1
3731 26 1
3731 46 1
3731 94 1
3731 2299 1
3750 26 1
3750 68 1
3750 124 1
3750 125 1
3750 207 1
3750 231 1
3750 236 1
3750 561 1
3815 68 1
3815 299 1
3829 294 1
3857 2 1
3857 89 1
3857 111 1
3857 1738 1
3877 89 1
3878 16 1
3878 89 1
3952 111 1
3963 2 1
3963 15 1
3963 37 1
3963 474 1
4065 18 1
4065 26 1
4094 18 1
4102 16 1
4102 22 1
4102 1354 1
4102 4435 1
4146 18 1
4146 26 1
4146 125 1
4146 1078 1
4146 1131 1
4166 474 1
4175 16 1
4176 111 1
4330 71 1
4402 16 1
4435 58 1
4437 26 1
4437 42 1
4549 15 1
4549 16 1
4549 123 1
4644 12 1
4644 15 1
4714 12 1
4714 37 1
4714 69 1
4714 104 1
4714 286 1
4714 1192 1
4818 41 1
4818 123 1
4820 37 1
4820 68 1
4827 71 1
4843 68 1
4843 120 1
4868 12 1
4868 18 1
4868 3607 1
4877 15 1
5007 120 1
5039 22 1
5101 2 1
5280 120 1
5280 197 1
5340 45 1
5406 15 1
5406 18 1
5406 26 1
5406 37 1
5406 124 1
5406 286 1
5406 294 1
5406 932 1
5406 1131 1
5406 1561 1
5409 71 1
5449 6 1
5457 4714 1
5480 15 1
5518 26 1
5518 1172 1
5533 46 1
5533 443 1
5750 26 1
5921 15 1
5921 16 1
5921 18 1
5921 26 1
5921 45 1
5921 123 1
5921 474 1
5921 1131 1
5938 46 1
5938 68 1
5976 15 1
5987 15 1
6019 16 1
6068 22 1
6152 15 1
6152 68 1
6152 123 1
6226 125 1
6263 12 1
6263 245 1
6263 299 1
6263 371 1
6263 438 1
6362 18 1
6362 89 1
6376 22 1
6376 197 1
6381 12 1
6598 123 1
6660 72 1
6673 18 1
6673 99 1
6673 735 1
6703 245 1
7143 71 1
7143 1659 1
7154 1172 1
7294 333 1
7340 16 1
7419 801 1
7452 26 1
7469 26 1
7683 16 1
