2 6 1
2 12 1
2 15 1
2 16 1
2 18 1
2 22 1
2 26 1
2 41 1
2 43 1
2 46 1
2 68 1
2 69 1
2 94 1
2 104 1
2 111 1
2 115 1
2 120 1
2 139 1
2 231 1
2 236 1
2 257 1
2 280 1
2 312 1
2 315 1
2 348 1
2 371 1
2 443 1
2 474 1
2 506 1
2 514 1
2 530 1
2 801 1
2 838 1
2 854 1
2 881 1
2 1063 1
2 1131 1
2 1192 1
2 1376 1
2 1510 1
2 2566 1
2 2966 1
2 3552 1
2 4868 1
2 5406 1
2 6226 1
6 2 1
6 8 1
6 9 1
6 12 1
6 15 1
6 18 1
6 19 1
6 28 1
6 37 1
6 41 1
6 42 1
6 45 1
6 58 1
6 68 1
6 72 1
6 89 1
6 104 1
6 111 1
6 115 1
6 125 1
6 136 1
6 152 1
6 197 1
6 236 1
6 245 1
6 257 1
6 280 1
6 286 1
6 290 1
6 299 1
6 302 1
6 312 1
6 315 1
6 340 1
6 348 1
6 358 1
6 456 1
6 474 1
6 478 1
6 508 1
6 515 1
6 522 1
6 532 1
6 533 1
6 561 1
6 624 1
6 631 1
6 733 1
6 735 1
6 765 1
6 803 1
6 881 1
6 908 1
6 1052 1
6 1078 1
6 1166 1
6 1172 1
6 1289 1
6 1293 1
6 1617 1
6 1659 1
6 1816 1
6 1955 1
6 2096 1
6 2299 1
6 2405 1
6 2467 1
6 2674 1
6 3552 1
6 3691 1
6 5406 1
8 2 1
8 15 1
8 16 1
8 18 1
8 22 1
8 25 1
8 34 1
8 37 1
8 45 1
8 58 1
8 72 1
8 89 1
8 94 1
8 120 1
8 123 1
8 197 1
8 286 1
8 340 1
8 506 1
8 624 1
8 633 1
8 4714 1
9 2 1
9 16 1
9 22 1
9 26 1
9 28 1
9 42 1
9 45 1
9 94 1
9 120 1
9 125 1
9 312 1
9 315 1
9 474 1
9 530 1
9 561 1
9 725 1
9 735 1
9 1120 1
9 3815 1
12 8 1
12 15 1
12 18 1
12 22 1
12 25 1
12 26 1
12 34 1
12 37 1
12 41 1
12 46 1
12 89 1
12 94 1
12 104 1
12 111 1
12 120 1
12 125 1
12 136 1
12 197 1
12 212 1
12 231 1
12 257 1
12 294 1
12 312 1
12 340 1
12 369 1
12 438 1
12 489 1
12 515 1
12 561 1
12 582 1
12 725 1
12 735 1
12 844 1
12 1030 1
12 1063 1
12 1339 1
12 1355 1
12 1592 1
12 1889 1
12 2140 1
12 2308 1
12 2573 1
12 2592 1
12 3166 1
12 3750 1
12 3815 1
12 5457 1
15 6 1
15 16 1
15 18 1
15 28 1
15 33 1
15 37 1
15 46 1
15 68 1
15 69 1
15 72 1
15 91 1
15 104 1
15 111 1
15 119 1
15 125 1
15 212 1
15 231 1
15 236 1
15 245 1
15 271 1
15 280 1
15 290 1
15 299 1
15 312 1
15 315 1
15 322 1
15 337 1
15 342 1
15 358 1
15 435 1
15 438 1
15 443 1
15 456 1
15 489 1
15 522 1
15 529 1
15 533 1
15 624 1
15 631 1
15 653 1
15 704 1
15 765 1
15 838 1
15 879 1
15 881 1
15 932 1
15 1063 1
15 1089 1
15 1131 1
15 1167 1
15 1188 1
15 1326 1
15 1561 1
15 1659 1
15 1720 1
15 1889 1
15 2517 1
15 2612 1
15 2674 1
15 3166 1
15 3750 1
15 3963 1
15 4102 1
15 4402 1
15 5750 1
15 5921 1
15 6152 1
15 6376 1
15 7017 1
16 6 1
16 8 1
16 12 1
16 18 1
16 24 1
16 25 1
16 26 1
16 30 1
16 34 1
16 37 1
16 41 1
16 42 1
16 43 1
16 60 1
16 68 1
16 69 1
16 71 1
16 72 1
16 74 1
16 83 1
16 89 1
16 104 1
16 111 1
16 115 1
16 119 1
16 120 1
16 126 1
16 139 1
16 147 1
16 152 1
16 186 1
16 191 1
16 207 1
16 212 1
16 227 1
16 236 1
16 240 1
16 271 1
16 280 1
16 286 1
16 299 1
16 312 1
16 315 1
16 320 1
16 333 1
16 337 1
16 358 1
16 361 1
16 371 1
16 438 1
16 443 1
16 456 1
16 474 1
16 478 1
16 489 1
16 494 1
16 508 1
16 515 1
16 526 1
16 530 1
16 548 1
16 561 1
16 623 1
16 624 1
16 631 1
16 695 1
16 725 1
16 733 1
16 735 1
16 765 1
16 801 1
16 838 1
16 844 1
16 908 1
16 922 1
16 932 1
16 942 1
16 1052 1
16 1078 1
16 1089 1
16 1131 1
16 1167 1
16 1172 1
16 1182 1
16 1188 1
16 1192 1
16 1228 1
16 1276 1
16 1285 1
16 1289 1
16 1314 1
16 1326 1
16 1339 1
16 1355 1
16 1554 1
16 1559 1
16 1561 1
16 1617 1
16 1676 1
16 1720 1
16 1793 1
16 1889 1
16 1955 1
16 2096 1
16 2299 1
16 2303 1
16 2462 1
16 2467 1
16 2490 1
16 2517 1
16 2554 1
16 2597 1
16 2674 1
16 2738 1
16 3166 1
16 3301 1
16 3375 1
16 3552 1
16 3607 1
16 3750 1
16 3829 1
16 4065 1
16 4175 1
16 4435 1
16 4643 1
16 4714 1
16 5024 1
16 5227 1
16 5280 1
16 5518 1
16 5533 1
16 5976 1
16 6376 1
16 6598 1
16 6660 1
16 6703 1
16 7340 1
16 7419 1
16 7683 1
18 6 1
18 8 1
18 9 1
18 12 1
18 15 1
18 19 1
18 22 1
18 25 1
18 28 1
18 34 1
18 37 1
18 41 1
18 42 1
18 46 1
18 47 1
18 58 1
18 68 1
18 71 1
18 72 1
18 89 1
18 94 1
18 104 1
18 111 1
18 115 1
18 120 1
18 124 1
18 125 1
18 126 1
18 147 1
18 190 1
18 196 1
18 207 1
18 212 1
18 227 1
18 231 1
18 236 1
18 240 1
18 245 1
18 257 1
18 258 1
18 271 1
18 280 1
18 286 1
18 290 1
18 299 1
18 302 1
18 307 1
18 315 1
18 333 1
18 337 1
18 342 1
18 358 1
18 371 1
18 434 1
18 435 1
18 438 1
18 443 1
18 474 1
18 489 1
18 508 1
18 515 1
18 522 1
18 526 1
18 529 1
18 530 1
18 548 1
18 624 1
18 633 1
18 653 1
18 685 1
18 733 1
18 735 1
18 765 1
18 803 1
18 838 1
18 844 1
18 854 1
18 879 1
18 908 1
18 932 1
18 942 1
18 979 1
18 1052 1
18 1078 1
18 1120 1
18 1172 1
18 1192 1
18 1295 1
18 1314 1
18 1339 1
18 1469 1
18 1554 1
18 1647 1
18 1659 1
18 2197 1
18 2299 1
18 2305 1
18 2308 1
18 2405 1
18 2462 1
18 2467 1
18 2517 1
18 2674 1
18 2866 1
18 3108 1
18 3166 1
18 3607 1
18 3691 1
18 3815 1
18 4094 1
18 4102 1
18 4437 1
18 4549 1
18 5280 1
18 5449 1
18 6376 1
19 18 1
19 22 1
19 71 1
19 236 1
19 438 1
19 1120 1
22 2 1
22 6 1
22 9 1
22 15 1
22 16 1
22 18 1
22 19 1
22 24 1
22 26 1
22 30 1
22 37 1
22 41 1
22 43 1
22 45 1
22 46 1
22 69 1
22 71 1
22 72 1
22 74 1
22 89 1
22 92 1
22 104 1
22 111 1
22 119 1
22 123 1
22 124 1
22 125 1
22 126 1
22 147 1
22 186 1
22 190 1
22 191 1
22 196 1
22 197 1
22 212 1
22 226 1
22 227 1
22 231 1
22 241 1
22 245 1
22 257 1
22 271 1
22 280 1
22 286 1
22 290 1
22 294 1
22 299 1
22 302 1
22 312 1
22 315 1
22 320 1
22 333 1
22 337 1
22 340 1
22 348 1
22 358 1
22 371 1
22 434 1
22 435 1
22 438 1
22 443 1
22 456 1
22 494 1
22 508 1
22 522 1
22 526 1
22 529 1
22 530 1
22 532 1
22 540 1
22 561 1
22 582 1
22 612 1
22 624 1
22 631 1
22 633 1
22 685 1
22 695 1
22 704 1
22 733 1
22 735 1
22 765 1
22 801 1
22 838 1
22 844 1
22 854 1
22 879 1
22 881 1
22 886 1
22 888 1
22 903 1
22 908 1
22 922 1
22 932 1
22 1052 1
22 1063 1
22 1089 1
22 1120 1
22 1166 1
22 1167 1
22 1172 1
22 1182 1
22 1192 1
22 1276 1
22 1289 1
22 1293 1
22 1295 1
22 1336 1
22 1339 1
22 1354 1
22 1355 1
22 1376 1
22 1510 1
22 1592 1
22 1647 1
22 1659 1
22 1676 1
22 1816 1
22 1889 1
22 1955 1
22 1986 1
22 2141 1
22 2197 1
22 2299 1
22 2305 1
22 2308 1
22 2405 1
22 2462 1
22 2517 1
22 2554 1
22 2653 1
22 2966 1
22 3261 1
22 3375 1
22 3481 1
22 3552 1
22 3731 1
22 3877 1
22 4065 1
22 4094 1
22 4102 1
22 4269 1
22 4330 1
22 4402 1
22 4820 1
22 4843 1
22 4868 1
22 5039 1
22 5227 1
22 5533 1
22 5921 1
22 5938 1
22 5987 1
22 6381 1
22 6703 1
24 15 1
24 26 1
24 30 1
24 45 1
24 111 1
24 126 1
24 888 1
24 932 1
25 2 1
25 12 1
25 15 1
25 18 1
25 22 1
25 26 1
25 45 1
25 68 1
25 69 1
25 89 1
25 104 1
25 280 1
25 474 1
25 489 1
25 508 1
25 624 1
25 854 1
25 1089 1
26 8 1
26 15 1
26 25 1
26 28 1
26 34 1
26 37 1
26 41 1
26 46 1
26 47 1
26 58 1
26 68 1
26 71 1
26 89 1
26 115 1
26 120 1
26 123 1
26 124 1
26 125 1
26 126 1
26 136 1
26 147 1
26 152 1
26 196 1
26 197 1
26 212 1
26 245 1
26 257 1
26 271 1
26 294 1
26 299 1
26 302 1
26 312 1
26 315 1
26 320 1
26 333 1
26 337 1
26 340 1
26 348 1
26 358 1
26 438 1
26 456 1
26 478 1
26 489 1
26 515 1
26 526 1
26 530 1
26 532 1
26 533 1
26 540 1
26 548 1
26 561 1
26 623 1
26 704 1
26 725 1
26 803 1
26 844 1
26 854 1
26 879 1
26 886 1
26 903 1
26 942 1
26 1052 1
26 1085 1
26 1089 1
26 1166 1
26 1167 1
26 1172 1
26 1276 1
26 1289 1
26 1295 1
26 1345 1
26 1376 1
26 2048 1
26 2096 1
26 2299 1
26 2405 1
26 3552 1
26 3607 1
26 3877 1
26 4094 1
26 5406 1
28 6 1
28 8 1
28 12 1
28 15 1
28 16 1
28 18 1
28 26 1
28 30 1
28 34 1
28 37 1
28 41 1
28 45 1
28 46 1
28 60 1
28 68 1
28 69 1
28 71 1
28 89 1
28 92 1
28 94 1
28 104 1
28 115 1
28 120 1
28 123 1
28 124 1
28 152 1
28 191 1
28 197 1
28 207 1
28 231 1
28 236 1
28 240 1
28 271 1
28 290 1
28 294 1
28 299 1
28 302 1
28 312 1
28 320 1
28 322 1
28 337 1
28 340 1
28 348 1
28 371 1
28 456 1
28 489 1
28 508 1
28 514 1
28 515 1
28 522 1
28 529 1
28 530 1
28 548 1
28 612 1
28 624 1
28 735 1
28 803 1
28 881 1
28 932 1
28 979 1
28 1052 1
28 1063 1
28 1078 1
28 1089 1
28 1131 1
28 1172 1
28 1314 1
28 1341 1
28 1469 1
28 1510 1
28 1561 1
28 1816 1
28 1889 1
28 2048 1
28 2096 1
28 2490 1
28 2517 1
28 2554 1
28 2674 1
28 3552 1
28 3750 1
28 5750 1
28 5938 1
30 2 1
30 6 1
30 12 1
30 15 1
30 16 1
30 18 1
30 22 1
30 26 1
30 37 1
30 46 1
30 68 1
30 71 1
30 72 1
30 94 1
30 104 1
30 115 1
30 120 1
30 123 1
30 124 1
30 125 1
30 136 1
30 147 1
30 207 1
30 231 1
30 245 1
30 286 1
30 312 1
30 320 1
30 340 1
30 348 1
30 371 1
30 478 1
30 515 1
30 533 1
30 561 1
30 624 1
30 695 1
30 735 1
30 801 1
30 844 1
30 854 1
30 942 1
30 1182 1
30 1345 1
30 1554 1
30 1738 1
30 2203 1
30 2299 1
30 3750 1
30 5518 1
30 6381 1
33 9 1
33 886 1
34 2 1
34 9 1
34 16 1
34 18 1
34 26 1
34 28 1
34 30 1
34 41 1
34 46 1
34 60 1
34 68 1
34 69 1
34 71 1
34 72 1
34 104 1
34 111 1
34 207 1
34 231 1
34 257 1
34 312 1
34 315 1
34 333 1
34 348 1
34 358 1
34 434 1
34 443 1
34 456 1
34 474 1
34 514 1
34 633 1
34 735 1
34 844 1
34 1120 1
34 1131 1
34 1293 1
34 1345 1
34 1398 1
34 1554 1
34 1659 1
34 1955 1
34 2609 1
34 3261 1
34 6263 1
37 2 1
37 6 1
37 9 1
37 12 1
37 15 1
37 16 1
37 18 1
37 22 1
37 26 1
37 28 1
37 30 1
37 42 1
37 45 1
37 46 1
37 58 1
37 68 1
37 71 1
37 72 1
37 89 1
37 104 1
37 111 1
37 123 1
37 124 1
37 126 1
37 191 1
37 197 1
37 227 1
37 294 1
37 299 1
37 340 1
37 443 1
37 514 1
37 624 1
37 653 1
37 685 1
37 704 1
37 844 1
37 854 1
37 932 1
37 1052 1
37 1063 1
37 1276 1
37 1376 1
37 2343 1
37 2554 1
37 2763 1
37 3480 1
37 5039 1
37 5921 1
41 6 1
41 12 1
41 15 1
41 16 1
41 26 1
41 28 1
41 42 1
41 58 1
41 71 1
41 72 1
41 92 1
41 94 1
41 115 1
41 120 1
41 124 1
41 125 1
41 236 1
41 280 1
41 286 1
41 290 1
41 294 1
41 333 1
41 358 1
41 478 1
41 733 1
41 879 1
41 932 1
41 1172 1
41 1341 1
41 5406 1
41 6068 1
42 2 1
42 12 1
42 15 1
42 18 1
42 22 1
42 41 1
42 43 1
42 58 1
42 68 1
42 69 1
42 91 1
42 111 1
42 125 1
42 245 1
42 271 1
42 340 1
42 358 1
42 508 1
42 514 1
42 561 1
42 1345 1
42 1355 1
42 1659 1
42 4146 1
42 5007 1
42 6376 1
43 12 1
43 15 1
43 18 1
43 19 1
43 34 1
43 37 1
43 45 1
43 58 1
43 68 1
43 71 1
43 72 1
43 89 1
43 94 1
43 240 1
43 258 1
43 340 1
43 443 1
43 474 1
43 506 1
43 526 1
43 529 1
43 532 1
43 844 1
43 881 1
43 903 1
43 1172 1
43 1314 1
43 1326 1
43 1376 1
43 2517 1
43 4714 1
43 4818 1
43 5866 1
45 2 1
45 12 1
45 15 1
45 16 1
45 18 1
45 22 1
45 26 1
45 28 1
45 30 1
45 37 1
45 42 1
45 43 1
45 72 1
45 94 1
45 111 1
45 136 1
45 139 1
45 147 1
45 186 1
45 207 1
45 227 1
45 231 1
45 236 1
45 286 1
45 290 1
45 294 1
45 299 1
45 302 1
45 340 1
45 348 1
45 438 1
45 474 1
45 489 1
45 508 1
45 514 1
45 526 1
45 530 1
45 548 1
45 624 1
45 685 1
45 733 1
45 765 1
45 1063 1
45 1078 1
45 1085 1
45 1188 1
45 1192 1
45 1339 1
45 1341 1
45 1376 1
45 1720 1
45 2467 1
45 2554 1
45 2609 1
45 2612 1
45 3301 1
45 3552 1
45 3750 1
45 4146 1
45 5533 1
45 6263 1
46 2 1
46 12 1
46 15 1
46 16 1
46 18 1
46 28 1
46 34 1
46 37 1
46 42 1
46 69 1
46 71 1
46 72 1
46 89 1
46 104 1
46 111 1
46 120 1
46 125 1
46 136 1
46 147 1
46 240 1
46 245 1
46 299 1
46 315 1
46 322 1
46 333 1
46 348 1
46 434 1
46 438 1
46 474 1
46 530 1
46 623 1
46 631 1
46 685 1
46 1052 1
46 1167 1
46 1326 1
46 1339 1
46 1376 1
46 2048 1
46 2197 1
46 4094 1
46 4714 1
46 7143 1
47 12 1
47 15 1
47 19 1
47 22 1
47 28 1
47 37 1
47 42 1
47 68 1
47 257 1
47 474 1
47 624 1
47 653 1
47 932 1
58 2 1
58 8 1
58 12 1
58 15 1
58 16 1
58 22 1
58 24 1
58 26 1
58 37 1
58 45 1
58 46 1
58 68 1
58 69 1
58 71 1
58 74 1
58 89 1
58 115 1
58 120 1
58 136 1
58 147 1
58 190 1
58 196 1
58 197 1
58 207 1
58 227 1
58 236 1
58 245 1
58 257 1
58 307 1
58 312 1
58 434 1
58 474 1
58 489 1
58 526 1
58 532 1
58 624 1
58 892 1
58 932 1
58 1052 1
58 1085 1
58 1131 1
58 1167 1
58 1172 1
58 1293 1
58 1295 1
58 1339 1
58 1341 1
58 1376 1
58 1554 1
58 1659 1
58 2048 1
58 2554 1
58 3691 1
58 4402 1
58 4435 1
58 4714 1
58 4827 1
60 18 1
60 22 1
60 26 1
60 28 1
60 30 1
60 37 1
60 68 1
60 104 1
60 299 1
60 302 1
60 526 1
60 1172 1
60 1188 1
68 2 1
68 8 1
68 9 1
68 12 1
68 15 1
68 18 1
68 22 1
68 24 1
68 26 1
68 30 1
68 34 1
68 37 1
68 41 1
68 42 1
68 45 1
68 60 1
68 71 1
68 89 1
68 92 1
68 94 1
68 104 1
68 111 1
68 126 1
68 136 1
68 139 1
68 147 1
68 197 1
68 207 1
68 212 1
68 258 1
68 280 1
68 286 1
68 290 1
68 294 1
68 307 1
68 342 1
68 371 1
68 438 1
68 443 1
68 456 1
68 478 1
68 494 1
68 506 1
68 514 1
68 522 1
68 526 1
68 533 1
68 624 1
68 735 1
68 803 1
68 879 1
68 903 1
68 1052 1
68 1063 1
68 1172 1
68 1289 1
68 1314 1
68 1339 1
68 1341 1
68 1355 1
68 1398 1
68 1554 1
68 1559 1
68 3301 1
68 3815 1
68 3857 1
69 6 1
69 15 1
69 22 1
69 26 1
69 68 1
69 89 1
69 104 1
69 257 1
69 854 1
69 1078 1
69 1339 1
69 3552 1
71 6 1
71 8 1
71 12 1
71 15 1
71 18 1
71 26 1
71 42 1
71 45 1
71 58 1
71 69 1
71 72 1
71 89 1
71 92 1
71 111 1
71 115 1
71 125 1
71 147 1
71 152 1
71 207 1
71 245 1
71 258 1
71 286 1
71 290 1
71 299 1
71 307 1
71 358 1
71 371 1
71 443 1
71 474 1
71 489 1
71 508 1
71 526 1
71 529 1
71 530 1
71 532 1
71 533 1
71 561 1
71 725 1
71 735 1
71 801 1
71 838 1
71 854 1
71 932 1
71 1063 1
71 1085 1
71 1089 1
71 1167 1
71 1172 1
71 1188 1
71 1285 1
71 1339 1
71 1341 1
71 1691 1
71 2182 1
71 2966 1
71 4644 1
71 7469 1
72 2 1
72 15 1
72 18 1
72 26 1
72 41 1
72 42 1
72 60 1
72 89 1
72 94 1
72 104 1
72 120 1
72 125 1
72 197 1
72 280 1
72 340 1
72 358 1
72 443 1
72 456 1
72 489 1
72 540 1
72 612 1
72 908 1
72 932 1
72 1078 1
72 1089 1
72 1314 1
72 1376 1
74 6 1
74 12 1
74 26 1
74 71 1
74 89 1
74 207 1
74 302 1
74 1659 1
83 2 1
83 15 1
83 18 1
83 22 1
83 26 1
83 37 1
83 45 1
83 72 1
83 89 1
83 104 1
83 125 1
83 257 1
83 290 1
83 307 1
83 434 1
83 522 1
83 633 1
83 2738 1
89 6 1
89 15 1
89 16 1
89 19 1
89 22 1
89 26 1
89 30 1
89 34 1
89 41 1
89 42 1
89 45 1
89 46 1
89 47 1
89 94 1
89 119 1
89 123 1
89 125 1
89 152 1
89 186 1
89 190 1
89 197 1
89 231 1
89 236 1
89 257 1
89 280 1
89 290 1
89 294 1
89 299 1
89 302 1
89 312 1
89 322 1
89 333 1
89 348 1
89 434 1
89 435 1
89 474 1
89 506 1
89 526 1
89 529 1
89 695 1
89 714 1
89 801 1
89 803 1
89 854 1
89 1078 1
89 1120 1
89 1172 1
89 1188 1
89 1192 1
89 1285 1
89 1554 1
89 2040 1
89 2303 1
89 2462 1
89 2517 1
89 2866 1
89 3481 1
89 3552 1
89 4330 1
89 4644 1
89 5101 1
91 16 1
91 22 1
91 26 1
91 74 1
92 2 1
92 15 1
92 18 1
92 28 1
92 30 1
92 34 1
92 41 1
92 42 1
92 46 1
92 58 1
92 68 1
92 71 1
92 89 1
92 115 1
92 123 1
92 125 1
92 136 1
92 147 1
92 290 1
92 340 1
92 735 1
92 838 1
92 1172 1
92 4330 1
94 15 1
94 16 1
94 18 1
94 22 1
94 25 1
94 26 1
94 28 1
94 37 1
94 45 1
94 58 1
94 68 1
94 71 1
94 99 1
94 104 1
94 111 1
94 120 1
94 125 1
94 186 1
94 190 1
94 227 1
94 280 1
94 286 1
94 294 1
94 312 1
94 315 1
94 340 1
94 443 1
94 474 1
94 506 1
94 522 1
94 685 1
94 735 1
94 765 1
94 892 1
94 1131 1
94 1167 1
94 1289 1
94 1326 1
94 1561 1
94 1592 1
94 1603 1
94 1659 1
94 2096 1
94 2299 1
94 3691 1
94 3750 1
94 4094 1
94 6376 1
99 15 1
99 16 1
99 18 1
99 22 1
99 28 1
99 47 1
99 68 1
99 69 1
99 71 1
99 72 1
99 89 1
99 104 1
99 115 1
99 123 1
99 147 1
99 197 1
99 257 1
99 280 1
99 286 1
99 358 1
99 434 1
99 443 1
99 561 1
99 725 1
99 801 1
99 844 1
99 1172 1
99 2554 1
104 2 1
104 6 1
104 12 1
104 15 1
104 18 1
104 19 1
104 22 1
104 26 1
104 37 1
104 42 1
104 43 1
104 45 1
104 46 1
104 47 1
104 58 1
104 71 1
104 89 1
104 92 1
104 94 1
104 111 1
104 119 1
104 120 1
104 136 1
104 186 1
104 197 1
104 212 1
104 231 1
104 236 1
104 257 1
104 294 1
104 299 1
104 307 1
104 320 1
104 371 1
104 438 1
104 474 1
104 526 1
104 530 1
104 561 1
104 725 1
104 733 1
104 888 1
104 1089 1
104 1131 1
104 1166 1
104 1172 1
104 1289 1
104 1720 1
104 2467 1
104 2573 1
104 2682 1
104 3952 1
111 6 1
111 8 1
111 9 1
111 12 1
111 15 1
111 16 1
111 18 1
111 22 1
111 26 1
111 37 1
111 41 1
111 45 1
111 47 1
111 94 1
111 115 1
111 123 1
111 139 1
111 147 1
111 190 1
111 207 1
111 227 1
111 231 1
111 245 1
111 258 1
111 290 1
111 299 1
111 312 1
111 333 1
111 456 1
111 474 1
111 494 1
111 653 1
111 704 1
111 714 1
111 801 1
111 803 1
111 908 1
111 1052 1
111 1078 1
111 1131 1
111 1293 1
111 1561 1
111 1659 1
111 1879 1
111 2203 1
111 2674 1
111 3261 1
111 3552 1
111 5024 1
115 6 1
115 15 1
115 22 1
115 28 1
115 34 1
115 37 1
115 42 1
115 68 1
115 69 1
115 71 1
115 72 1
115 74 1
115 89 1
115 104 1
115 123 1
115 125 1
115 136 1
115 152 1
115 190 1
115 257 1
115 286 1
115 299 1
115 320 1
115 342 1
115 358 1
115 371 1
115 443 1
115 532 1
115 561 1
115 582 1
115 624 1
115 653 1
115 695 1
115 844 1
115 881 1
115 888 1
115 892 1
115 903 1
115 932 1
115 1052 1
115 1167 1
115 1172 1
115 1276 1
115 1295 1
115 1339 1
115 1345 1
115 1376 1
115 1592 1
115 1889 1
115 2462 1
115 2738 1
115 3731 1
115 4146 1
119 2 1
119 6 1
119 8 1
119 18 1
119 22 1
119 25 1
119 26 1
119 28 1
119 30 1
119 34 1
119 37 1
119 45 1
119 46 1
119 47 1
119 71 1
119 72 1
119 111 1
119 115 1
119 120 1
119 123 1
119 125 1
119 136 1
119 147 1
119 152 1
119 197 1
119 212 1
119 231 1
119 240 1
119 271 1
119 290 1
119 294 1
119 307 1
119 312 1
119 340 1
119 358 1
119 398 1
119 443 1
119 456 1
119 474 1
119 526 1
119 612 1
119 624 1
119 695 1
119 725 1
119 903 1
119 922 1
119 1052 1
119 1063 1
119 1192 1
119 1285 1
119 1289 1
119 1293 1
119 1345 1
119 1355 1
119 1879 1
119 2467 1
119 2653 1
119 3552 1
119 3691 1
119 4102 1
119 4644 1
120 15 1
120 16 1
120 22 1
120 28 1
120 34 1
120 42 1
120 43 1
120 71 1
120 89 1
120 99 1
120 111 1
120 125 1
120 147 1
120 186 1
120 207 1
120 258 1
120 280 1
120 290 1
120 312 1
120 348 1
120 532 1
120 704 1
120 733 1
120 803 1
120 844 1
120 903 1
120 908 1
120 1131 1
120 1172 1
120 1326 1
120 1659 1
120 1816 1
120 2763 1
120 3691 1
120 3952 1
120 4843 1
123 6 1
123 8 1
123 12 1
123 15 1
123 16 1
123 19 1
123 22 1
123 25 1
123 26 1
123 33 1
123 34 1
123 37 1
123 42 1
123 46 1
123 58 1
123 60 1
123 68 1
123 71 1
123 72 1
123 83 1
123 89 1
123 92 1
123 94 1
123 104 1
123 111 1
123 115 1
123 120 1
123 125 1
123 126 1
123 186 1
123 190 1
123 207 1
123 231 1
123 236 1
123 271 1
123 280 1
123 286 1
123 290 1
123 299 1
123 340 1
123 348 1
123 358 1
123 371 1
123 434 1
123 474 1
123 506 1
123 508 1
123 515 1
123 526 1
123 529 1
123 530 1
123 533 1
123 582 1
123 624 1
123 704 1
123 733 1
123 735 1
123 765 1
123 838 1
123 903 1
123 908 1
123 932 1
123 942 1
123 1052 1
123 1085 1
123 1089 1
123 1131 1
123 1276 1
123 1326 1
123 1336 1
123 1339 1
123 1354 1
123 1355 1
123 1376 1
123 1554 1
123 1720 1
123 3166 1
123 3375 1
123 4330 1
123 4437 1
123 7143 1
124 6 1
124 15 1
124 37 1
124 45 1
124 69 1
124 71 1
124 89 1
124 190 1
124 207 1
124 257 1
124 506 1
124 529 1
124 714 1
124 733 1
124 1276 1
124 1341 1
124 1738 1
124 3552 1
124 4065 1
124 4714 1
124 4818 1
125 2 1
125 9 1
125 15 1
125 16 1
125 18 1
125 26 1
125 30 1
125 34 1
125 43 1
125 45 1
125 46 1
125 58 1
125 68 1
125 89 1
125 104 1
125 115 1
125 124 1
125 152 1
125 207 1
125 258 1
125 280 1
125 312 1
125 358 1
125 369 1
125 371 1
125 508 1
125 529 1
125 561 1
125 624 1
125 932 1
125 1052 1
125 1167 1
125 1172 1
125 1554 1
125 2303 1
125 4102 1
126 2 1
126 12 1
126 18 1
126 71 1
126 89 1
126 123 1
126 312 1
126 438 1
126 443 1
126 478 1
126 624 1
126 1131 1
133 34 1
133 245 1
136 6 1
136 16 1
136 18 1
136 22 1
136 34 1
136 42 1
136 47 1
136 71 1
136 89 1
136 111 1
136 115 1
136 119 1
136 123 1
136 152 1
136 258 1
136 299 1
136 307 1
136 312 1
136 438 1
136 526 1
136 530 1
136 1289 1
136 1376 1
136 2308 1
139 6 1
139 9 1
139 15 1
139 18 1
139 22 1
139 26 1
139 136 1
139 147 1
139 197 1
139 231 1
139 286 1
139 299 1
139 371 1
139 932 1
139 2554 1
147 26 1
147 58 1
147 72 1
147 111 1
147 123 1
147 474 1
147 888 1
147 1063 1
147 1078 1
152 12 1
152 18 1
152 22 1
152 26 1
152 28 1
152 46 1
152 68 1
152 190 1
152 371 1
152 434 1
152 438 1
152 1339 1
152 2467 1
186 15 1
186 18 1
186 42 1
186 115 1
186 294 1
186 358 1
186 474 1
186 506 1
186 2738 1
190 2 1
190 6 1
190 9 1
190 15 1
190 16 1
190 18 1
190 26 1
190 68 1
190 69 1
190 72 1
190 89 1
190 92 1
190 94 1
190 111 1
190 120 1
190 136 1
190 207 1
190 236 1
190 348 1
190 489 1
190 508 1
190 526 1
190 695 1
190 803 1
190 1172 1
190 1339 1
190 2182 1
190 3552 1
190 4714 1
191 18 1
191 26 1
191 231 1
191 240 1
196 16 1
196 26 1
197 2 1
197 15 1
197 16 1
197 45 1
197 46 1
197 47 1
197 94 1
197 123 1
197 435 1
197 526 1
197 903 1
197 1172 1
197 1339 1
197 2467 1
207 2 1
207 6 1
207 15 1
207 18 1
207 22 1
207 26 1
207 42 1
207 89 1
207 115 1
207 123 1
207 125 1
207 147 1
207 152 1
207 226 1
207 294 1
207 369 1
207 456 1
207 1120 1
207 1293 1
207 1889 1
212 8 1
212 9 1
212 15 1
212 16 1
212 28 1
212 34 1
212 41 1
212 45 1
212 71 1
212 89 1
212 94 1
212 120 1
212 123 1
212 124 1
212 197 1
212 280 1
212 286 1
212 315 1
212 320 1
212 514 1
212 529 1
212 844 1
212 1085 1
212 1289 1
212 6673 1
212 7017 1
226 18 1
226 290 1
226 299 1
227 6 1
227 15 1
227 16 1
227 115 1
227 530 1
227 3691 1
231 2 1
231 6 1
231 16 1
231 18 1
231 22 1
231 26 1
231 28 1
231 45 1
231 68 1
231 71 1
231 111 1
231 120 1
231 125 1
231 271 1
231 286 1
231 294 1
231 340 1
231 369 1
231 438 1
231 540 1
231 561 1
231 633 1
231 1052 1
231 1289 1
231 2554 1
236 6 1
236 8 1
236 18 1
236 22 1
236 26 1
236 28 1
236 41 1
236 42 1
236 45 1
236 46 1
236 89 1
236 92 1
236 115 1
236 123 1
236 125 1
236 147 1
236 190 1
236 257 1
236 312 1
236 315 1
236 322 1
236 333 1
236 369 1
236 371 1
236 474 1
236 548 1
236 879 1
236 932 1
236 1289 1
236 1326 1
236 3606 1
240 12 1
240 15 1
240 22 1
240 41 1
240 46 1
240 115 1
240 1131 1
241 18 1
245 2 1
245 12 1
245 15 1
245 16 1
245 22 1
245 26 1
245 28 1
245 68 1
245 72 1
245 89 1
245 94 1
245 115 1
245 120 1
245 125 1
245 147 1
245 197 1
245 227 1
245 257 1
245 271 1
245 294 1
245 299 1
245 322 1
245 438 1
245 844 1
245 932 1
245 1120 1
245 5280 1
257 2 1
257 6 1
257 8 1
257 12 1
257 15 1
257 16 1
257 18 1
257 30 1
257 42 1
257 45 1
257 46 1
257 68 1
257 71 1
257 72 1
257 94 1
257 115 1
257 136 1
257 147 1
257 152 1
257 186 1
257 190 1
257 245 1
257 258 1
257 280 1
257 290 1
257 302 1
257 312 1
257 315 1
257 340 1
257 489 1
257 506 1
257 508 1
257 844 1
257 854 1
257 942 1
257 1063 1
257 1167 1
257 1293 1
257 1879 1
257 2303 1
257 2609 1
257 4714 1
257 5406 1
257 5750 1
258 6 1
258 9 1
258 15 1
258 16 1
258 18 1
258 22 1
258 42 1
258 104 1
258 120 1
258 124 1
258 286 1
258 299 1
258 474 1
258 7452 1
271 2 1
271 6 1
271 8 1
271 37 1
271 69 1
271 111 1
271 125 1
271 358 1
271 530 1
271 704 1
271 1295 1
280 26 1
280 45 1
280 111 1
280 226 1
286 2 1
286 15 1
286 16 1
286 22 1
286 26 1
286 34 1
286 37 1
286 46 1
286 47 1
286 69 1
286 89 1
286 104 1
286 120 1
286 190 1
286 257 1
286 315 1
286 320 1
286 340 1
286 342 1
286 371 1
286 443 1
286 456 1
286 474 1
286 508 1
286 514 1
286 526 1
286 530 1
286 548 1
286 623 1
286 718 1
286 803 1
286 908 1
286 932 1
286 1078 1
286 1089 1
286 1172 1
286 1326 1
286 1398 1
286 1592 1
286 1659 1
286 1889 1
286 1955 1
286 2197 1
286 3607 1
286 3878 1
286 4714 1
290 2 1
290 6 1
290 8 1
290 12 1
290 15 1
290 16 1
290 19 1
290 22 1
290 28 1
290 37 1
290 45 1
290 71 1
290 89 1
290 104 1
290 115 1
290 120 1
290 123 1
290 125 1
290 190 1
290 245 1
290 280 1
290 299 1
290 307 1
290 312 1
290 340 1
290 438 1
290 474 1
290 735 1
290 803 1
290 903 1
290 908 1
290 1063 1
290 1339 1
290 1376 1
290 2299 1
290 2517 1
290 4176 1
290 4330 1
294 2 1
294 9 1
294 15 1
294 16 1
294 18 1
294 25 1
294 41 1
294 45 1
294 46 1
294 68 1
294 92 1
294 120 1
294 125 1
294 133 1
294 197 1
294 286 1
294 369 1
294 435 1
294 456 1
294 514 1
294 530 1
294 561 1
294 735 1
294 844 1
294 2517 1
294 2612 1
294 4402 1
294 5024 1
299 6 1
299 12 1
299 15 1
299 18 1
299 22 1
299 34 1
299 41 1
299 45 1
299 46 1
299 60 1
299 72 1
299 74 1
299 94 1
299 111 1
299 115 1
299 120 1
299 123 1
299 190 1
299 231 1
299 286 1
299 371 1
299 443 1
299 456 1
299 1063 1
299 1289 1
299 1398 1
299 1659 1
299 2096 1
299 2197 1
302 2 1
302 6 1
302 9 1
302 15 1
302 16 1
302 22 1
302 26 1
302 28 1
302 37 1
302 41 1
302 42 1
302 71 1
302 123 1
302 190 1
302 207 1
302 227 1
302 245 1
302 271 1
302 286 1
302 294 1
302 299 1
302 337 1
302 358 1
302 371 1
302 474 1
302 548 1
302 844 1
302 1052 1
302 1295 1
302 1554 1
302 1955 1
302 2674 1
302 6263 1
307 2 1
307 6 1
307 8 1
307 12 1
307 15 1
307 16 1
307 22 1
307 26 1
307 46 1
307 89 1
307 120 1
307 125 1
307 147 1
307 190 1
307 191 1
307 207 1
307 231 1
307 286 1
307 582 1
307 1131 1
307 1659 1
307 1879 1
307 3261 1
307 5039 1
312 2 1
312 15 1
312 28 1
312 34 1
312 37 1
312 41 1
312 45 1
312 58 1
312 71 1
312 89 1
312 94 1
312 120 1
312 123 1
312 125 1
312 126 1
312 136 1
312 152 1
312 190 1
312 197 1
312 240 1
312 299 1
312 315 1
312 361 1
312 371 1
312 438 1
312 474 1
312 489 1
312 695 1
312 1659 1
312 2674 1
315 6 1
315 8 1
315 16 1
315 18 1
315 22 1
315 26 1
315 34 1
315 37 1
315 41 1
315 42 1
315 47 1
315 72 1
315 94 1
315 104 1
315 126 1
315 236 1
315 290 1
315 340 1
315 443 1
315 474 1
315 733 1
315 932 1
315 1089 1
315 1182 1
315 1554 1
315 2303 1
320 15 1
320 16 1
320 22 1
320 26 1
320 37 1
322 15 1
322 16 1
322 18 1
322 22 1
322 26 1
322 72 1
333 2 1
333 12 1
333 18 1
333 19 1
333 26 1
333 37 1
333 42 1
333 45 1
333 91 1
333 94 1
333 115 1
333 123 1
333 226 1
333 240 1
333 257 1
333 438 1
333 474 1
333 879 1
333 1052 1
333 1120 1
333 1172 1
333 1354 1
333 2308 1
333 3750 1
337 8 1
337 43 1
337 46 1
337 119 1
337 257 1
340 15 1
340 16 1
340 18 1
340 46 1
340 47 1
340 115 1
340 125 1
340 126 1
340 136 1
340 190 1
340 196 1
340 294 1
340 456 1
340 478 1
340 624 1
340 932 1
340 1052 1
340 1131 1
340 1172 1
340 1659 1
340 2405 1
340 2609 1
340 6226 1
342 15 1
342 16 1
342 25 1
342 26 1
342 89 1
342 280 1
342 844 1
348 8 1
348 15 1
348 18 1
348 22 1
348 26 1
348 37 1
348 58 1
348 115 1
348 123 1
348 280 1
348 290 1
348 1052 1
348 1063 1
348 1182 1
348 1659 1
348 3963 1
358 15 1
358 16 1
358 18 1
358 22 1
358 25 1
358 26 1
358 28 1
358 30 1
358 41 1
358 42 1
358 71 1
358 123 1
358 197 1
358 294 1
358 561 1
358 733 1
358 879 1
358 1172 1
358 1793 1
358 2763 1
361 2 1
361 18 1
361 22 1
361 653 1
361 4820 1
369 16 1
369 18 1
369 197 1
369 340 1
369 474 1
371 15 1
371 18 1
371 22 1
371 28 1
371 37 1
371 124 1
371 136 1
371 245 1
371 280 1
371 312 1
371 438 1
371 474 1
371 765 1
371 1120 1
371 1592 1
371 1889 1
371 2462 1
371 2517 1
371 2966 1
371 4714 1
371 6362 1
371 7452 1
398 15 1
398 18 1
398 22 1
398 45 1
398 68 1
398 69 1
398 111 1
398 115 1
398 120 1
398 136 1
398 489 1
398 522 1
398 540 1
398 4843 1
434 15 1
434 26 1
434 89 1
434 94 1
434 123 1
434 1131 1
435 15 1
435 18 1
435 22 1
435 26 1
435 30 1
435 115 1
435 474 1
435 612 1
435 908 1
438 2 1
438 8 1
438 9 1
438 15 1
438 16 1
438 18 1
438 24 1
438 26 1
438 30 1
438 34 1
438 37 1
438 45 1
438 46 1
438 69 1
438 71 1
438 72 1
438 89 1
438 104 1
438 115 1
438 125 1
438 147 1
438 227 1
438 240 1
438 286 1
438 371 1
438 435 1
438 844 1
438 881 1
438 1052 1
438 1131 1
438 1345 1
443 2 1
443 15 1
443 18 1
443 26 1
443 45 1
443 68 1
443 74 1
443 89 1
443 94 1
443 104 1
443 111 1
443 186 1
443 236 1
443 299 1
443 312 1
443 474 1
443 508 1
443 844 1
443 886 1
443 1063 1
443 1376 1
443 2197 1
456 12 1
456 18 1
456 22 1
456 28 1
456 41 1
456 111 1
456 119 1
456 123 1
456 257 1
456 438 1
456 932 1
474 2 1
474 6 1
474 12 1
474 15 1
474 22 1
474 26 1
474 37 1
474 42 1
474 43 1
474 46 1
474 58 1
474 68 1
474 71 1
474 72 1
474 89 1
474 94 1
474 115 1
474 123 1
474 124 1
474 125 1
474 152 1
474 190 1
474 197 1
474 212 1
474 236 1
474 245 1
474 271 1
474 299 1
474 322 1
474 340 1
474 348 1
474 398 1
474 443 1
474 506 1
474 515 1
474 530 1
474 695 1
474 735 1
474 932 1
474 1063 1
474 1078 1
474 1089 1
474 1131 1
474 1293 1
474 1341 1
474 2738 1
474 3731 1
474 3950 1
474 4146 1
474 4435 1
474 6673 1
474 7419 1
478 15 1
478 18 1
478 26 1
478 37 1
478 41 1
478 45 1
478 271 1
478 312 1
489 15 1
489 16 1
489 22 1
489 34 1
489 41 1
489 68 1
489 236 1
489 307 1
489 340 1
489 653 1
489 1063 1
494 2 1
494 15 1
494 34 1
494 94 1
494 104 1
506 8 1
506 15 1
506 16 1
506 26 1
506 41 1
506 45 1
506 68 1
506 71 1
506 115 1
506 123 1
506 286 1
506 290 1
506 320 1
506 340 1
506 371 1
506 438 1
506 474 1
506 522 1
506 1293 1
506 2738 1
506 5518 1
508 2 1
508 6 1
508 34 1
508 45 1
508 71 1
508 74 1
508 104 1
508 123 1
508 286 1
508 290 1
508 474 1
514 12 1
514 16 1
514 22 1
514 26 1
514 37 1
514 45 1
514 71 1
514 89 1
514 120 1
514 271 1
514 280 1
514 333 1
514 529 1
514 530 1
514 903 1
514 1339 1
514 3261 1
514 3963 1
515 18 1
515 45 1
515 58 1
522 15 1
522 18 1
522 19 1
522 115 1
522 120 1
522 124 1
522 299 1
522 474 1
522 1052 1
522 1182 1
526 2 1
526 6 1
526 12 1
526 16 1
526 18 1
526 25 1
526 26 1
526 28 1
526 30 1
526 34 1
526 45 1
526 58 1
526 68 1
526 72 1
526 94 1
526 104 1
526 115 1
526 125 1
526 290 1
526 294 1
526 333 1
526 340 1
526 456 1
526 474 1
526 514 1
526 624 1
526 725 1
526 735 1
526 1131 1
526 1339 1
526 4714 1
529 16 1
529 18 1
529 22 1
529 26 1
529 45 1
529 46 1
529 115 1
529 136 1
529 147 1
529 197 1
529 474 1
529 1063 1
529 1172 1
530 6 1
530 15 1
530 22 1
530 25 1
530 26 1
530 45 1
530 46 1
530 68 1
530 72 1
530 89 1
530 94 1
530 104 1
530 294 1
530 624 1
532 2 1
532 15 1
532 18 1
532 41 1
532 68 1
532 89 1
532 1276 1
533 37 1
533 68 1
533 322 1
540 2 1
540 12 1
540 15 1
540 18 1
540 58 1
540 126 1
540 312 1
540 2303 1
548 6 1
548 15 1
548 22 1
548 111 1
548 489 1
548 2299 1
561 15 1
561 22 1
561 26 1
561 33 1
561 34 1
561 41 1
561 58 1
561 68 1
561 72 1
561 92 1
561 104 1
561 125 1
561 147 1
561 197 1
561 207 1
561 245 1
561 258 1
561 280 1
561 286 1
561 474 1
561 529 1
561 530 1
561 533 1
561 653 1
561 881 1
561 1063 1
561 1339 1
561 1345 1
561 1617 1
561 2554 1
561 3857 1
561 7419 1
582 2 1
582 6 1
582 15 1
582 18 1
582 22 1
582 28 1
582 30 1
582 37 1
582 41 1
582 47 1
582 71 1
582 89 1
582 115 1
582 120 1
582 123 1
582 125 1
582 190 1
582 207 1
582 212 1
582 231 1
582 240 1
582 245 1
582 257 1
582 258 1
582 286 1
582 299 1
582 315 1
582 322 1
582 526 1
582 561 1
582 801 1
582 844 1
582 854 1
582 932 1
582 1192 1
582 1289 1
582 1339 1
582 1341 1
582 1376 1
582 1659 1
582 4146 1
582 4843 1
582 5921 1
612 2 1
612 15 1
612 16 1
612 69 1
612 190 1
612 548 1
623 15 1
623 299 1
623 494 1
624 6 1
624 15 1
624 16 1
624 18 1
624 22 1
624 26 1
624 120 1
624 123 1
624 125 1
624 240 1
624 257 1
624 286 1
624 312 1
624 474 1
624 489 1
624 526 1
624 561 1
624 838 1
624 1339 1
624 1879 1
624 2738 1
631 104 1
631 1289 1
633 2 1
633 18 1
633 37 1
633 72 1
633 474 1
633 1120 1
653 6 1
653 15 1
653 22 1
653 26 1
653 45 1
653 68 1
653 94 1
653 120 1
653 123 1
653 139 1
653 312 1
653 854 1
653 903 1
653 2405 1
653 7294 1
685 6 1
685 12 1
685 22 1
685 26 1
685 68 1
685 71 1
685 89 1
685 115 1
685 120 1
685 286 1
685 312 1
685 561 1
685 733 1
685 854 1
685 922 1
685 2308 1
685 4827 1
695 12 1
695 18 1
695 125 1
695 212 1
695 456 1
704 18 1
704 22 1
704 123 1
714 16 1
714 68 1
718 1131 1
725 2 1
725 8 1
725 15 1
725 19 1
725 22 1
725 26 1
725 28 1
725 43 1
725 45 1
725 68 1
725 89 1
725 104 1
725 186 1
725 212 1
725 227 1
725 257 1
725 294 1
725 438 1
725 456 1
725 474 1
725 561 1
725 735 1
725 942 1
733 15 1
733 123 1
733 312 1
733 333 1
733 443 1
733 1063 1
733 1089 1
735 6 1
735 22 1
735 26 1
735 45 1
735 46 1
735 72 1
735 89 1
735 94 1
735 124 1
735 294 1
735 302 1
735 1376 1
735 1554 1
765 6 1
765 15 1
765 28 1
765 89 1
765 104 1
765 115 1
765 190 1
765 197 1
801 15 1
801 18 1
801 47 1
801 68 1
801 69 1
801 111 1
801 207 1
801 286 1
801 294 1
801 1078 1
801 1131 1
801 1592 1
801 2517 1
801 3552 1
803 6 1
803 15 1
803 16 1
803 18 1
803 28 1
803 69 1
803 294 1
803 725 1
803 3952 1
838 6 1
838 15 1
838 16 1
838 18 1
838 26 1
838 30 1
838 45 1
838 68 1
838 197 1
838 245 1
838 286 1
838 294 1
838 438 1
838 735 1
838 1554 1
844 8 1
844 12 1
844 15 1
844 18 1
844 26 1
844 28 1
844 42 1
844 58 1
844 68 1
844 71 1
844 89 1
844 104 1
844 152 1
844 197 1
844 236 1
844 245 1
844 299 1
844 302 1
844 474 1
844 623 1
844 718 1
844 1120 1
844 1131 1
844 1355 1
844 2299 1
844 2554 1
844 5921 1
854 15 1
854 28 1
854 37 1
854 41 1
854 58 1
854 123 1
854 125 1
854 197 1
879 2 1
879 12 1
879 16 1
879 28 1
879 42 1
879 72 1
879 92 1
879 115 1
879 119 1
879 257 1
879 315 1
879 474 1
879 529 1
879 765 1
879 979 1
879 1052 1
879 1172 1
879 1376 1
881 16 1
881 22 1
881 26 1
881 68 1
881 371 1
886 22 1
886 30 1
888 12 1
888 22 1
888 26 1
888 30 1
888 348 1
888 358 1
888 371 1
888 653 1
892 16 1
892 45 1
892 94 1
892 104 1
903 18 1
903 22 1
903 26 1
903 28 1
903 71 1
903 111 1
903 1354 1
903 2405 1
908 22 1
908 26 1
908 41 1
908 47 1
908 71 1
908 72 1
908 257 1
908 299 1
908 515 1
908 540 1
908 7141 1
922 22 1
932 2 1
932 15 1
932 18 1
932 41 1
932 71 1
932 258 1
932 508 1
932 561 1
932 803 1
932 1052 1
932 1276 1
932 5406 1
942 22 1
942 45 1
942 123 1
942 903 1
952 22 1
979 45 1
979 286 1
979 2462 1
1030 18 1
1030 45 1
1052 12 1
1052 15 1
1052 18 1
1052 22 1
1052 26 1
1052 28 1
1052 41 1
1052 58 1
1052 71 1
1052 94 1
1052 271 1
1052 369 1
1052 561 1
1052 844 1
1052 2343 1
1052 2763 1
1052 3691 1
1052 3750 1
1063 6 1
1063 15 1
1063 18 1
1063 30 1
1063 37 1
1063 89 1
1063 115 1
1063 120 1
1063 147 1
1063 257 1
1063 290 1
1063 299 1
1063 348 1
1063 371 1
1063 474 1
1063 508 1
1063 735 1
1063 854 1
1063 1131 1
1063 1293 1
1078 2 1
1078 15 1
1085 16 1
1085 19 1
1085 22 1
1085 147 1
1085 231 1
1085 1289 1
1089 15 1
1089 18 1
1089 22 1
1089 41 1
1089 58 1
1089 115 1
1089 123 1
1089 190 1
1089 257 1
1089 438 1
1089 561 1
1089 3163 1
1120 6 1
1120 12 1
1120 16 1
1120 22 1
1120 115 1
1120 125 1
1120 147 1
1120 190 1
1131 6 1
1131 12 1
1131 18 1
1131 26 1
1131 34 1
1131 43 1
1131 71 1
1131 94 1
1131 111 1
1131 119 1
1131 125 1
1131 136 1
1131 190 1
1131 207 1
1131 280 1
1131 286 1
1131 299 1
1131 337 1
1131 456 1
1131 526 1
1131 532 1
1131 735 1
1131 844 1
1131 1063 1
1131 1182 1
1131 2303 1
1166 37 1
1166 58 1
1166 879 1
1167 22 1
1167 41 1
1167 111 1
1167 190 1
1167 286 1
1167 5406 1
1172 6 1
1172 16 1
1172 26 1
1172 34 1
1172 92 1
1172 290 1
1172 294 1
1172 358 1
1172 514 1
1172 735 1
1172 1285 1
1182 18 1
1182 22 1
1182 68 1
1182 844 1
1182 1341 1
1188 2 1
1188 6 1
1188 18 1
1188 22 1
1188 94 1
1192 15 1
1192 18 1
1192 28 1
1192 42 1
1192 111 1
1192 290 1
1192 1182 1
1192 1355 1
1192 2303 1
1192 3552 1
1192 3596 1
1228 18 1
1228 1052 1
1270 34 1
1276 2 1
1276 37 1
1276 68 1
1276 124 1
1276 125 1
1276 257 1
1276 271 1
1276 312 1
1276 456 1
1276 4065 1
1276 5406 1
1285 26 1
1285 125 1
1285 231 1
1285 258 1
1289 22 1
1289 26 1
1289 69 1
1289 89 1
1289 94 1
1289 104 1
1289 212 1
1289 236 1
1289 286 1
1289 342 1
1293 6 1
1293 25 1
1293 115 1
1293 340 1
1293 7154 1
1295 18 1
1295 26 1
1295 286 1
1314 18 1
1314 22 1
1314 932 1
1326 12 1
1326 15 1
1326 71 1
1326 197 1
1326 257 1
1326 474 1
1326 1341 1
1326 3166 1
1339 15 1
1339 18 1
1339 22 1
1339 42 1
1339 45 1
1339 58 1
1339 71 1
1339 120 1
1339 123 1
1339 236 1
1339 294 1
1339 358 1
1339 844 1
1341 6 1
1341 15 1
1341 18 1
1341 26 1
1341 74 1
1341 111 1
1341 115 1
1341 312 1
1341 1131 1
1341 6673 1
1345 6 1
1345 12 1
1345 69 1
1345 125 1
1354 16 1
1355 2 1
1355 8 1
1355 15 1
1355 26 1
1355 45 1
1355 111 1
1355 125 1
1355 1052 1
1355 1285 1
1355 1889 1
1355 2462 1
1376 15 1
1376 16 1
1376 26 1
1376 37 1
1376 45 1
1376 46 1
1376 94 1
1376 123 1
1376 257 1
1376 258 1
1376 474 1
1376 1063 1
1376 1510 1
1376 1793 1
1398 37 1
1469 474 1
1510 2 1
1510 16 1
1510 26 1
1510 45 1
1510 69 1
1510 71 1
1510 89 1
1510 231 1
1510 844 1
1554 2 1
1554 15 1
1554 18 1
1554 26 1
1554 104 1
1554 190 1
1554 294 1
1554 333 1
1554 718 1
1554 4269 1
1559 12 1
1559 45 1
1559 104 1
1559 704 1
1561 15 1
1561 18 1
1561 26 1
1561 42 1
1561 120 1
1561 125 1
1592 6 1
1592 371 1
1592 526 1
1603 22 1
1603 115 1
1617 15 1
1617 16 1
1617 26 1
1617 71 1
1617 89 1
1617 120 1
1647 489 1
1647 1182 1
1659 6 1
1659 15 1
1659 16 1
1659 22 1
1659 94 1
1659 125 1
1659 474 1
1676 18 1
1720 30 1
1720 290 1
1738 15 1
1793 18 1
1793 22 1
1793 26 1
1793 43 1
1793 94 1
1816 8 1
1816 46 1
1816 1889 1
1879 6 1
1879 22 1
1879 26 1
1879 125 1
1889 2 1
1889 6 1
1889 12 1
1889 28 1
1889 37 1
1889 71 1
1889 207 1
1889 979 1
1889 3952 1
1889 4714 1
1955 15 1
1955 514 1
1986 18 1
2040 16 1
2048 15 1
2048 18 1
2048 22 1
2048 26 1
2048 28 1
2048 474 1
2096 89 1
2096 104 1
2096 231 1
2096 240 1
2140 15 1
2140 18 1
2140 42 1
2140 72 1
2140 443 1
2141 6 1
2182 16 1
2182 69 1
2197 89 1
2197 111 1
2197 320 1
2299 15 1
2299 26 1
2299 37 1
2299 47 1
2299 68 1
2299 115 1
2299 231 1
2299 245 1
2299 4714 1
2303 6 1
2303 18 1
2303 115 1
2303 474 1
2303 1172 1
2303 1341 1
2305 888 1
2308 15 1
2308 26 1
2308 60 1
2308 89 1
2308 290 1
2308 294 1
2308 474 1
2308 725 1
2308 952 1
2308 1339 1
2308 4549 1
2343 22 1
2405 6 1
2405 16 1
2405 22 1
2405 26 1
2405 123 1
2405 136 1
2462 371 1
2467 22 1
2467 34 1
2467 37 1
2467 94 1
2467 443 1
2490 12 1
2490 18 1
2490 26 1
2490 271 1
2490 526 1
2517 15 1
2554 2 1
2554 6 1
2554 22 1
2554 26 1
2554 125 1
2554 358 1
2554 1131 1
2566 3108 1
2573 28 1
2573 71 1
2573 340 1
2592 16 1
2592 69 1
2592 123 1
2592 290 1
2592 299 1
2597 89 1
2609 8 1
2609 15 1
2609 41 1
2609 69 1
2609 1167 1
2612 15 1
2612 22 1
2653 18 1
2674 15 1
2674 18 1
2674 34 1
2674 37 1
2674 94 1
2674 506 1
2682 22 1
2682 26 1
2682 34 1
2738 41 1
2738 94 1
2738 125 1
2738 290 1
2763 12 1
2763 16 1
2763 22 1
2866 16 1
2866 22 1
2866 280 1
2966 290 1
2966 443 1
3108 120 1
3108 4714 1
3163 16 1
3163 26 1
3163 115 1
3166 15 1
3166 18 1
3166 22 1
3261 15 1
3261 26 1
3261 111 1
3301 6 1
3480 2 1
3552 28 1
3552 45 1
3552 68 1
3552 111 1
3552 280 1
3596 26 1
3596 58 1
3596 561 1
3596 624 1
3596 3857 1
3606 22 1
3606 111 1
3607 41 1
3607 474 1
3691 16 1
3691 22 1
3691 280 1
3731 12 1
3731 18 1
3731 28 1
3731 94 1
3750 2 1
3750 6 1
3750 15 1
3750 22 1
3750 37 1
3750 58 1
3750 530 1
3750 2738 1
3815 337 1
3815 474 1
3829 45 1
3857 16 1
3857 18 1
3857 120 1
3857 506 1
3877 16 1
3878 22 1
3878 26 1
3952 89 1
3963 15 1
3963 26 1
3963 94 1
3963 123 1
4065 45 1
4065 46 1
4094 26 1
4102 26 1
4102 45 1
4102 136 1
4102 438 1
4146 15 1
4146 18 1
4146 22 1
4146 89 1
4146 322 1
4166 26 1
4175 34 1
4176 26 1
4330 16 1
4402 15 1
4435 15 1
4437 15 1
4437 22 1
4549 68 1
4549 92 1
4549 4515 1
4644 6 1
4644 1063 1
4714 15 1
4714 22 1
4714 104 1
4714 494 1
4714 1289 1
4714 1355 1
4818 22 1
4818 2308 1
4820 15 1
4820 26 1
4827 22 1
4843 26 1
4843 506 1
4868 12 1
4868 92 1
4868 526 1
4877 15 1
5007 22 1
5039 147 1
5101 45 1
5280 22 1
5280 844 1
5340 22 1
5406 6 1
5406 15 1
5406 16 1
5406 34 1
5406 41 1
5406 74 1
5406 257 1
5406 312 1
5406 844 1
5406 2866 1
5409 89 1
5449 15 1
5457 15 1
5480 337 1
5518 41 1
5518 474 1
5533 18 1
5533 136 1
5750 18 1
5921 16 1
5921 18 1
5921 37 1
5921 46 1
5921 844 1
5921 903 1
5921 2197 1
5921 2405 1
5938 42 1
5938 443 1
5976 22 1
5987 271 1
6019 22 1
6068 16 1
6152 18 1
6152 115 1
6152 526 1
6226 236 1
6263 12 1
6263 22 1
6263 42 1
6263 94 1
6263 2609 1
6362 15 1
6362 41 1
6376 115 1
6376 1172 1
6381 26 1
6598 28 1
6660 115 1
6673 45 1
6673 302 1
6673 529 1
6703 2308 1
7143 89 1
7143 111 1
7154 125 1
7294 302 1
7340 15 1
7419 26 1
7452 22 1
7469 16 1
7683 15 1
